0 -55 -952 181 2422 -2321 1723
1 -58 -950 181 2423 -2320 1727
2 -58 -953 181 2426 -2319 1726
3 -57 -950 184 2424 -2321 1728
4 -60 -954 182 2424 -2320 1724
5 -59 -955 181 2425 -2320 1724
6 -56 -951 182 2424 -2318 1725
7 -61 -949 184 2425 -2323 1725
8 -58 -951 183 2422 -2319 1724
9 -60 -952 180 2424 -2318 1721
10 -60 -950 179 2425 -2319 1726
11 -61 -949 181 2423 -2320 1724
12 -61 -951 183 2427 -2319 1723
13 -58 -953 184 2426 -2320 1726
14 -60 -952 181 2426 -2318 1724
15 -59 -952 183 2425 -2319 1726
16 -61 -952 182 2426 -2319 1725
17 -62 -951 180 2427 -2318 1726
18 -60 -952 181 2423 -2322 1723
19 -61 -951 182 2426 -2318 1723
20 -61 -954 181 2421 -2323 1725
21 -56 -952 178 2423 -2321 1722
22 -59 -950 184 2426 -2321 1724
23 -59 -950 181 2424 -2316 1727
24 -57 -951 179 2426 -2322 1726
25 -60 -951 183 2422 -2319 1726
26 -60 -952 181 2421 -2318 1723
27 -56 -951 182 2423 -2318 1725
28 -59 -953 181 2424 -2317 1724
29 -59 -951 184 2424 -2320 1726
30 -59 -951 181 2428 -2318 1726
31 -57 -951 181 2426 -2319 1724
32 -56 -951 183 2423 -2319 1728
33 -55 -951 180 2426 -2322 1724
34 -59 -953 180 2426 -2318 1725
35 -55 -951 180 2426 -2320 1726
36 -57 -950 180 2425 -2320 1721
37 -59 -950 179 2424 -2318 1724
38 -56 -952 180 2428 -2319 1727
39 -57 -953 180 2423 -2322 1726
40 -57 -952 182 2422 -2320 1725
41 -56 -953 181 2424 -2320 1727
42 -59 -948 181 2423 -2318 1723
43 -57 -952 182 2424 -2320 1728
44 -57 -950 181 2423 -2318 1725
45 -57 -951 181 2424 -2320 1727
46 -58 -949 182 2423 -2318 1726
47 -57 -949 183 2425 -2319 1724
48 -58 -953 182 2424 -2320 1725
49 -58 -952 183 2427 -2320 1724
50 -59 -950 183 2425 -2318 1725
51 -58 -953 179 2421 -2321 1722
52 -60 -954 185 2423 -2318 1725
53 -58 -955 181 2425 -2317 1725
54 -58 -952 183 2424 -2318 1725
55 -57 -951 179 2425 -2319 1726
56 -61 -954 182 2426 -2318 1721
57 -58 -954 181 2424 -2319 1723
58 -60 -953 181 2426 -2318 1725
59 -60 -950 181 2427 -2320 1727
60 -59 -950 183 2425 -2318 1723
61 -57 -948 182 2426 -2319 1724
62 -54 -952 183 2425 -2319 1721
63 -54 -950 182 2424 -2318 1727
64 -55 -948 185 2425 -2319 1725
65 -59 -953 181 2425 -2318 1725
66 -60 -953 181 2422 -2322 1726
67 -58 -953 182 2424 -2318 1728
68 -58 -954 182 2423 -2322 1726
69 -57 -954 178 2421 -2323 1722
70 -58 -954 181 2423 -2320 1726
71 -56 -954 181 2425 -2321 1722
72 -59 -953 183 2425 -2320 1722
73 -58 -953 182 2420 -2321 1722
74 -58 -954 180 2425 -2318 1722
75 -59 -954 178 2419 -2321 1724
76 -56 -950 182 2422 -2321 1728
77 -60 -954 177 2423 -2320 1723
78 -57 -955 177 2424 -2322 1722
79 -58 -952 180 2424 -2320 1724
80 -55 -951 181 2424 -2320 1725
81 -59 -951 181 2424 -2318 1723
82 -57 -949 180 2424 -2321 1726
83 -57 -951 179 2426 -2321 1725
84 -57 -950 181 2424 -2321 1727
85 -56 -951 178 2422 -2322 1726
86 -58 -954 180 2423 -2318 1721
87 -57 -952 179 2424 -2322 1726
88 -59 -950 182 2424 -2319 1723
89 -56 -949 184 2423 -2321 1725
90 -54 -952 182 2424 -2316 1724
91 -60 -953 180 2421 -2321 1725
92 -60 -952 181 2423 -2322 1724
93 -60 -950 182 2423 -2319 1723
94 -58 -950 181 2424 -2318 1719
95 -60 -954 180 2422 -2316 1725
96 -62 -952 181 2423 -2322 1724
97 -59 -950 179 2423 -2318 1724
98 -61 -953 185 2423 -2319 1721
99 -58 -953 179 2423 -2318 1722
100 -58 -956 180 2426 -2317 1724
101 -59 -951 180 2429 -2317 1727
102 -61 -953 182 2425 -2318 1723
103 -58 -951 180 2424 -2319 1721
104 -55 -949 181 2424 -2317 1725
105 -56 -950 182 2424 -2320 1724
106 -59 -951 180 2424 -2318 1724
107 -58 -954 180 2423 -2320 1726
108 -60 -955 179 2427 -2318 1724
109 -58 -950 183 2422 -2320 1723
110 -59 -951 181 2425 -2321 1725
111 -58 -953 180 2422 -2322 1726
112 -58 -950 179 2423 -2320 1726
113 -61 -951 180 2422 -2322 1723
114 -60 -952 181 2423 -2319 1724
115 -60 -953 180 2423 -2320 1726
116 -59 -955 183 2422 -2322 1721
117 -55 -955 181 2426 -2320 1724
118 -59 -952 175 2421 -2322 1727
119 -58 -952 181 2424 -2319 1724
120 -58 -953 179 2423 -2322 1725
121 -58 -951 181 2425 -2321 1725
122 -58 -953 180 2422 -2319 1725
123 -57 -954 179 2422 -2320 1724
124 -61 -954 182 2422 -2322 1724
125 -55 -951 182 2424 -2316 1726
126 -58 -950 181 2424 -2323 1724
127 -56 -951 184 2422 -2321 1727
128 -59 -948 179 2425 -2320 1725
129 -60 -953 183 2425 -2321 1722
130 -60 -951 181 2422 -2320 1725
131 -57 -951 184 2423 -2321 1722
132 -56 -953 184 2425 -2322 1722
133 -63 -952 180 2424 -2322 1722
134 -59 -951 180 2425 -2319 1722
135 -60 -951 182 2422 -2319 1726
136 -59 -951 181 2424 -2318 1725
137 -59 -954 183 2421 -2321 1723
138 -57 -952 181 2423 -2318 1725
139 -59 -954 182 2422 -2319 1725
140 -60 -954 183 2424 -2319 1723
141 -57 -953 181 2424 -2320 1723
142 -64 -953 179 2425 -2319 1726
143 -59 -951 182 2425 -2318 1726
144 -61 -948 185 2425 -2319 1726
145 -58 -954 182 2425 -2318 1724
146 -58 -954 179 2426 -2317 1728
147 -56 -951 184 2428 -2318 1726
148 -59 -951 180 2425 -2317 1723
149 -57 -952 180 2426 -2316 1723
150 -59 -953 182 2423 -2322 1726
151 -57 -949 183 2424 -2320 1723
152 -59 -952 182 2425 -2318 1725
153 -60 -953 181 2424 -2321 1723
154 -61 -950 182 2424 -2319 1725
155 -56 -951 181 2424 -2320 1724
156 -59 -951 181 2423 -2319 1725
157 -58 -951 182 2422 -2322 1723
158 -59 -953 181 2422 -2321 1726
159 -58 -955 186 2421 -2322 1725
160 -60 -954 178 2424 -2319 1723
161 -61 -953 180 2423 -2321 1723
162 -57 -952 178 2424 -2319 1724
163 -57 -954 178 2425 -2319 1725
164 -56 -952 179 2425 -2318 1724
165 -58 -953 179 2425 -2319 1723
166 -57 -953 180 2426 -2320 1726
167 -56 -953 181 2423 -2322 1726
168 -56 -949 182 2426 -2319 1722
169 -57 -952 182 2424 -2318 1726
170 -58 -953 180 2425 -2321 1724
171 -55 -951 182 2425 -2321 1724
172 -60 -955 181 2423 -2322 1729
173 -58 -953 180 2422 -2321 1724
174 -54 -953 181 2426 -2320 1725
175 -60 -951 182 2425 -2318 1727
176 -58 -951 184 2424 -2321 1726
177 -60 -953 182 2427 -2321 1728
178 -55 -950 183 2425 -2320 1725
179 -59 -953 184 2425 -2322 1725
180 -58 -954 179 2423 -2319 1726
181 -58 -954 183 2424 -2318 1723
182 -58 -953 182 2423 -2320 1724
183 -61 -952 181 2424 -2321 1725
184 -58 -953 179 2423 -2319 1725
185 -57 -950 178 2423 -2323 1720
186 -59 -951 182 2425 -2320 1723
187 -58 -954 181 2423 -2320 1726
188 -59 -953 183 2424 -2318 1722
189 -58 -953 180 2419 -2317 1725
190 -59 -952 182 2426 -2321 1724
191 -58 -950 184 2424 -2317 1726
192 -58 -951 182 2423 -2319 1721
193 -60 -953 180 2423 -2320 1725
194 -61 -952 182 2423 -2321 1727
195 -58 -950 183 2424 -2318 1724
196 -58 -952 182 2423 -2319 1725
197 -58 -950 181 2422 -2322 1723
198 -57 -953 183 2424 -2321 1722
199 -60 -952 182 2425 -2321 1725
200 -59 -948 181 2422 -2322 1726
201 -56 -953 182 2421 -2320 1722
202 -59 -952 181 2424 -2322 1724
203 -60 -952 182 2424 -2321 1726
204 -60 -952 180 2422 -2321 1723
205 -59 -956 178 2422 -2322 1724
206 -60 -952 180 2424 -2321 1723
207 -59 -953 179 2423 -2322 1726
208 -58 -953 180 2423 -2321 1725
209 -61 -951 181 2424 -2319 1724
210 -59 -954 179 2424 -2322 1724
211 -60 -953 180 2422 -2319 1725
212 -59 -951 182 2421 -2323 1724
213 -59 -950 179 2423 -2319 1727
214 -59 -954 181 2424 -2321 1725
215 -55 -952 181 2424 -2320 1724
216 -59 -950 180 2426 -2320 1725
217 -59 -950 181 2419 -2319 1726
218 -55 -951 182 2421 -2321 1725
219 -54 -952 184 2420 -2318 1724
220 -58 -952 181 2424 -2321 1729
221 -58 -953 181 2424 -2318 1727
222 -56 -953 182 2422 -2323 1725
223 -59 -951 182 2426 -2320 1724
224 -60 -952 181 2425 -2319 1725
225 -62 -951 179 2420 -2321 1726
226 -60 -951 184 2422 -2322 1724
227 -59 -955 179 2422 -2319 1725
228 -62 -951 184 2424 -2319 1726
229 -58 -952 183 2422 -2320 1723
230 -57 -953 181 2425 -2320 1723
231 -61 -950 181 2424 -2317 1726
232 -58 -950 182 2423 -2322 1723
233 -54 -951 182 2425 -2318 1724
234 -58 -950 181 2425 -2321 1725
235 -58 -952 182 2426 -2315 1722
236 -59 -954 180 2424 -2321 1723
237 -58 -951 183 2424 -2317 1724
238 -59 -953 182 2424 -2320 1722
239 -58 -954 180 2424 -2319 1725
240 -58 -951 182 2423 -2321 1726
241 -60 -950 181 2419 -2323 1724
242 -56 -952 182 2425 -2320 1724
243 -58 -950 181 2422 -2321 1726
244 -58 -952 179 2423 -2323 1721
245 -55 -952 181 2424 -2321 1729
246 -60 -955 179 2423 -2318 1724
247 -58 -954 179 2425 -2320 1722
248 -58 -953 179 2426 -2318 1726
249 -58 -954 179 2424 -2320 1728
250 -62 -951 180 2424 -2320 1724
251 -56 -950 179 2423 -2321 1722
252 -59 -954 178 2424 -2318 1728
253 -58 -949 179 2425 -2320 1723
254 -56 -951 181 2427 -2317 1725
255 -59 -952 179 2426 -2319 1725
256 -56 -951 178 2422 -2320 1725
257 -58 -951 178 2424 -2321 1725
258 -58 -952 180 2423 -2324 1721
259 -60 -953 182 2424 -2322 1724
260 -62 -953 178 2425 -2319 1727
261 -56 -950 185 2423 -2318 1724
262 -57 -949 182 2428 -2318 1725
263 -57 -953 181 2426 -2320 1724
264 -56 -954 181 2423 -2319 1725
265 -58 -952 183 2423 -2319 1725
266 -57 -952 182 2426 -2320 1723
267 -58 -952 182 2421 -2321 1724
268 -60 -953 180 2424 -2319 1726
269 -59 -953 180 2423 -2316 1724
270 -60 -952 183 2426 -2317 1725
271 -59 -952 181 2426 -2322 1723
272 -61 -951 178 2423 -2319 1727
273 -58 -952 183 2425 -2318 1727
274 -59 -952 179 2427 -2320 1726
275 -60 -950 184 2426 -2319 1727
276 -59 -949 182 2426 -2318 1726
277 -60 -951 182 2426 -2318 1724
278 -55 -948 185 2424 -2320 1725
279 -59 -951 180 2425 -2320 1723
280 -59 -954 181 2425 -2321 1723
281 -58 -952 180 2425 -2317 1724
282 -58 -952 183 2424 -2318 1726
283 -62 -952 184 2423 -2319 1724
284 -59 -951 180 2424 -2319 1725
285 -57 -953 181 2423 -2320 1725
286 -57 -950 182 2421 -2322 1725
287 -59 -951 182 2423 -2318 1724
288 -59 -952 182 2426 -2317 1729
289 -59 -953 182 2420 -2319 1725
290 -60 -956 179 2423 -2319 1726
291 -59 -953 181 2424 -2318 1726
292 -62 -955 180 2424 -2321 1724
293 -58 -954 178 2426 -2322 1724
294 -60 -953 179 2425 -2320 1725
295 -59 -951 181 2423 -2324 1726
296 -58 -953 182 2425 -2322 1724
297 -58 -951 183 2426 -2322 1726
298 -56 -951 179 2426 -2321 1725
299 -58 -951 181 2425 -2319 1725
300 -58 -951 182 2422 -2319 1724
301 -56 -953 184 2422 -2320 1721
302 -59 -951 182 2421 -2318 1725
303 -60 -952 180 2422 -2319 1724
304 -59 -952 182 2424 -2319 1725
305 -58 -954 180 2424 -2319 1724
306 -59 -950 181 2424 -2320 1726
307 -58 -955 181 2422 -2320 1723
308 -59 -950 181 2421 -2321 1724
309 -57 -952 181 2424 -2321 1723
310 -57 -955 182 2423 -2318 1726
311 -59 -952 183 2422 -2319 1726
312 -58 -950 181 2423 -2318 1728
313 -58 -952 181 2422 -2320 1724
314 -62 -957 179 2421 -2317 1722
315 -61 -953 181 2424 -2321 1724
316 -58 -955 182 2425 -2319 1725
317 -59 -952 181 2426 -2320 1725
318 -61 -951 179 2426 -2320 1724
319 -56 -952 181 2425 -2320 1724
320 -58 -950 185 2423 -2319 1727
321 -55 -953 183 2424 -2317 1723
322 -59 -953 181 2422 -2317 1723
323 -55 -953 182 2423 -2322 1724
324 -59 -952 183 2421 -2320 1726
325 -59 -949 183 2425 -2318 1725
326 -60 -951 181 2422 -2322 1722
327 -57 -952 180 2425 -2321 1724
328 -58 -951 184 2424 -2319 1724
329 -58 -951 180 2423 -2320 1723
330 -59 -957 180 2423 -2321 1722
331 -57 -954 179 2425 -2317 1727
332 -58 -952 185 2422 -2323 1725
333 -61 -949 180 2424 -2322 1726
334 -58 -952 183 2424 -2320 1727
335 -57 -954 180 2425 -2318 1725
336 -57 -952 180 2426 -2318 1724
337 -56 -950 182 2421 -2318 1726
338 -57 -952 180 2426 -2321 1724
339 -59 -950 180 2425 -2318 1727
340 -59 -951 177 2423 -2318 1726
341 -59 -949 180 2424 -2319 1724
342 -58 -950 183 2425 -2322 1723
343 -54 -952 182 2424 -2320 1723
344 -58 -953 181 2423 -2320 1725
345 -55 -949 182 2422 -2318 1725
346 -56 -953 182 2424 -2318 1724
347 -58 -951 181 2425 -2319 1727
348 -54 -950 181 2426 -2320 1726
349 -59 -949 179 2421 -2317 1723
350 -57 -952 184 2424 -2318 1723
351 -58 -952 180 2426 -2321 1725
352 -57 -951 184 2426 -2322 1727
353 -58 -949 185 2426 -2318 1726
354 -61 -951 184 2422 -2317 1724
355 -58 -955 182 2424 -2321 1723
356 -56 -950 181 2424 -2317 1728
357 -59 -949 184 2425 -2318 1729
358 -58 -953 181 2425 -2322 1726
359 -58 -952 182 2426 -2317 1727
360 -61 -949 181 2423 -2320 1724
361 -58 -953 181 2426 -2318 1725
362 -57 -951 185 2424 -2320 1726
363 -60 -953 182 2422 -2320 1725
364 -57 -950 184 2428 -2320 1726
365 -57 -951 185 2425 -2317 1726
366 -53 -949 183 2422 -2320 1723
367 -57 -949 184 2426 -2317 1723
368 -56 -952 184 2425 -2320 1724
369 -57 -954 184 2423 -2318 1728
370 -58 -948 183 2424 -2322 1726
371 -58 -954 180 2428 -2316 1724
372 -58 -955 182 2422 -2320 1724
373 -58 -951 182 2425 -2319 1724
374 -60 -952 180 2425 -2321 1725
375 -60 -950 183 2426 -2318 1725
376 -58 -952 180 2421 -2317 1725
377 -61 -951 180 2422 -2320 1725
378 -58 -954 180 2424 -2318 1726
379 -61 -951 183 2426 -2317 1725
380 -57 -953 181 2424 -2318 1724
381 -59 -954 180 2425 -2319 1725
382 -58 -949 178 2425 -2317 1724
383 -55 -948 181 2426 -2318 1727
384 -55 -952 181 2425 -2317 1725
385 -58 -949 180 2425 -2319 1723
386 -58 -951 183 2427 -2319 1729
387 -56 -952 181 2422 -2318 1727
388 -58 -951 181 2423 -2318 1724
389 -59 -949 180 2426 -2321 1725
390 -57 -950 182 2421 -2318 1726
391 -60 -949 182 2421 -2316 1724
392 -58 -953 182 2423 -2319 1728
393 -57 -953 180 2420 -2320 1726
394 -58 -951 180 2425 -2320 1725
395 -55 -951 182 2425 -2317 1726
396 -58 -954 183 2423 -2320 1726
397 -58 -951 180 2424 -2317 1724
398 -60 -951 182 2424 -2321 1726
399 -58 -952 183 2421 -2320 1727
400 -61 -951 182 2426 -2320 1724
401 -57 -953 182 2426 -2319 1722
402 -59 -953 181 2428 -2318 1725
403 -61 -953 182 2423 -2320 1724
404 -58 -951 180 2425 -2319 1725
405 -60 -950 181 2425 -2320 1726
406 -61 -953 178 2427 -2319 1724
407 -55 -949 179 2424 -2319 1724
408 -58 -952 183 2422 -2319 1722
409 -55 -951 182 2424 -2319 1725
410 -57 -951 183 2424 -2320 1725
411 -58 -955 180 2427 -2318 1723
412 -61 -953 184 2423 -2319 1726
413 -55 -954 182 2426 -2322 1725
414 -58 -951 182 2426 -2318 1723
415 -57 -951 183 2425 -2322 1723
416 -57 -951 182 2424 -2318 1724
417 -57 -952 182 2423 -2322 1724
418 -59 -953 183 2426 -2318 1722
419 -58 -952 187 2423 -2322 1724
420 -60 -953 179 2422 -2320 1727
421 -58 -954 180 2423 -2320 1725
422 -59 -957 181 2422 -2320 1725
423 -58 -954 180 2424 -2321 1724
424 -60 -952 180 2423 -2319 1724
425 -59 -952 182 2422 -2320 1725
426 -58 -954 180 2426 -2317 1724
427 -57 -953 183 2427 -2322 1724
428 -58 -950 184 2424 -2320 1724
429 -57 -951 183 2425 -2319 1724
430 -56 -951 183 2426 -2319 1725
431 -57 -951 184 2421 -2318 1723
432 -60 -952 184 2425 -2320 1726
433 -59 -952 179 2427 -2317 1724
434 -58 -955 182 2423 -2321 1726
435 -56 -951 181 2421 -2319 1727
436 -56 -952 180 2422 -2319 1726
437 -57 -950 183 2424 -2320 1724
438 -57 -952 180 2425 -2320 1726
439 -54 -951 182 2424 -2318 1724
440 -58 -951 182 2428 -2320 1724
441 -57 -951 180 2421 -2320 1720
442 -57 -954 178 2423 -2318 1723
443 -60 -953 178 2425 -2319 1725
444 -57 -950 184 2426 -2319 1725
445 -56 -952 181 2424 -2318 1724
446 -60 -952 180 2429 -2321 1724
447 -58 -951 181 2427 -2317 1727
448 -60 -953 179 2425 -2319 1723
449 -56 -952 181 2424 -2318 1724
450 -55 -953 180 2425 -2318 1724
451 -58 -951 182 2427 -2320 1726
452 -58 -952 185 2430 -2317 1723
453 -59 -948 181 2424 -2320 1725
454 -59 -951 181 2425 -2317 1726
455 -57 -951 182 2424 -2321 1725
456 -60 -949 183 2423 -2320 1724
457 -59 -955 183 2427 -2318 1722
458 -59 -954 182 2424 -2319 1720
459 -58 -953 182 2424 -2320 1723
460 -59 -950 183 2424 -2320 1727
461 -60 -950 184 2424 -2319 1721
462 -55 -951 179 2425 -2320 1727
463 -59 -952 182 2422 -2319 1724
464 -60 -953 179 2425 -2320 1723
465 -59 -954 179 2422 -2319 1723
466 -58 -953 179 2424 -2319 1725
467 -56 -955 178 2425 -2319 1724
468 -59 -952 179 2426 -2319 1725
469 -56 -950 180 2424 -2318 1724
470 -59 -953 180 2425 -2319 1723
471 -55 -953 179 2424 -2319 1725
472 -57 -949 180 2423 -2320 1727
473 -57 -952 183 2424 -2318 1727
474 -54 -949 181 2424 -2318 1726
475 -57 -954 179 2424 -2321 1727
476 -56 -954 181 2422 -2319 1727
477 -59 -950 181 2423 -2320 1727
478 -58 -952 182 2425 -2323 1726
479 -58 -949 178 2421 -2323 1727
480 -55 -951 182 2423 -2318 1724
481 -58 -952 184 2425 -2319 1725
482 -59 -951 181 2424 -2318 1725
483 -58 -951 182 2424 -2323 1725
484 -59 -951 179 2421 -2322 1724
485 -59 -951 181 2424 -2321 1724
486 -58 -952 183 2424 -2320 1724
487 -57 -953 182 2424 -2317 1724
488 -59 -952 181 2424 -2318 1727
489 -57 -952 182 2424 -2315 1726
490 -58 -948 177 2425 -2318 1725
491 -58 -952 182 2424 -2321 1726
492 -57 -947 182 2424 -2316 1723
493 -59 -953 182 2428 -2318 1725
494 -61 -952 179 2426 -2319 1726
495 -62 -953 184 2426 -2316 1725
496 -62 -951 180 2422 -2319 1723
497 -62 -953 184 2423 -2319 1726
498 -58 -952 186 2426 -2318 1725
499 -58 -954 181 2426 -2319 1722
500 -60 -951 181 2425 -2319 1724
501 -58 -950 182 2425 -2318 1726
502 -57 -953 184 2427 -2318 1724
503 -58 -953 183 2425 -2318 1723
504 -59 -952 182 2424 -2317 1724
505 -55 -951 182 2423 -2319 1724
506 -58 -953 180 2423 -2321 1724
507 -58 -954 181 2425 -2320 1724
508 -60 -952 180 2423 -2320 1723
509 -59 -952 182 2425 -2317 1726
510 -59 -953 184 2425 -2319 1725
511 -57 -953 182 2426 -2318 1724
512 -55 -950 182 2426 -2322 1722
513 -58 -952 181 2428 -2320 1723
514 -58 -947 181 2425 -2321 1727
515 -54 -950 181 2424 -2321 1725
516 -60 -950 182 2425 -2318 1724
517 -60 -951 182 2426 -2320 1725
518 -57 -948 184 2423 -2322 1724
519 -56 -951 184 2425 -2320 1729
520 -57 -952 182 2426 -2319 1725
521 -58 -951 182 2424 -2319 1726
522 -54 -953 181 2427 -2320 1726
523 -58 -950 182 2425 -2320 1724
524 -57 -951 182 2422 -2321 1723
525 -57 -950 183 2421 -2316 1726
526 -57 -952 182 2424 -2318 1725
527 -55 -952 180 2426 -2322 1727
528 -59 -953 182 2424 -2318 1726
529 -57 -951 181 2423 -2320 1726
530 -59 -954 181 2422 -2319 1724
531 -60 -953 182 2428 -2319 1725
532 -59 -952 182 2421 -2318 1727
533 -59 -952 181 2427 -2317 1726
534 -56 -955 179 2425 -2317 1727
535 -53 -949 181 2427 -2320 1726
536 -61 -953 181 2426 -2317 1722
537 -58 -952 180 2426 -2318 1725
538 -59 -948 181 2428 -2314 1723
539 -58 -951 183 2425 -2318 1727
540 -59 -950 184 2427 -2317 1727
541 -59 -953 185 2426 -2320 1724
542 -54 -951 184 2428 -2318 1726
543 -57 -947 181 2424 -2321 1725
544 -56 -953 183 2425 -2316 1721
545 -59 -950 183 2425 -2321 1724
546 -57 -952 184 2425 -2318 1727
547 -59 -950 185 2426 -2316 1726
548 -58 -950 186 2425 -2320 1725
549 -58 -947 181 2424 -2317 1727
550 -56 -952 182 2424 -2320 1725
551 -57 -952 181 2426 -2318 1725
552 -60 -952 181 2422 -2318 1724
553 -60 -952 182 2423 -2321 1723
554 -59 -952 180 2425 -2320 1726
555 -56 -949 181 2424 -2318 1727
556 -58 -950 180 2425 -2317 1728
557 -58 -950 183 2423 -2319 1726
558 -55 -951 180 2427 -2318 1726
559 -54 -952 181 2426 -2318 1726
560 -59 -951 185 2423 -2317 1727
561 -57 -951 185 2425 -2317 1726
562 -56 -949 180 2424 -2319 1727
563 -54 -949 183 2426 -2319 1726
564 -56 -952 182 2425 -2321 1729
565 -55 -949 181 2427 -2319 1725
566 -55 -951 185 2423 -2321 1725
567 -56 -953 182 2426 -2320 1726
568 -59 -952 183 2425 -2316 1726
569 -56 -952 185 2425 -2320 1726
570 -57 -952 180 2425 -2318 1723
571 -57 -954 182 2426 -2319 1729
572 -56 -950 184 2423 -2321 1728
573 -60 -950 182 2423 -2322 1727
574 -62 -953 182 2424 -2319 1726
575 -61 -953 179 2422 -2315 1726
576 -58 -948 182 2426 -2318 1730
577 -62 -951 184 2427 -2317 1724
578 -59 -953 182 2428 -2318 1729
579 -58 -953 182 2428 -2318 1724
580 -58 -949 186 2424 -2319 1724
581 -61 -953 180 2426 -2317 1726
582 -59 -950 178 2424 -2318 1727
583 -58 -951 180 2422 -2320 1725
584 -61 -949 181 2424 -2322 1725
585 -58 -948 183 2423 -2319 1727
586 -58 -953 183 2423 -2321 1725
587 -61 -953 180 2422 -2318 1724
588 -58 -954 181 2425 -2321 1726
589 -58 -949 182 2422 -2318 1723
590 -58 -949 182 2424 -2322 1723
591 -59 -953 183 2426 -2320 1725
592 -57 -949 182 2423 -2318 1724
593 -58 -949 183 2422 -2323 1726
594 -57 -953 180 2424 -2317 1721
595 -55 -954 180 2428 -2318 1723
596 -58 -952 182 2427 -2320 1726
597 -60 -950 181 2425 -2322 1726
598 -58 -953 183 2423 -2320 1729
599 -56 -951 183 2425 -2318 1727
600 -55 -951 182 2427 -2319 1726
601 -58 -952 182 2427 -2318 1725
602 -58 -951 181 2428 -2321 1724
603 -56 -951 181 2424 -2317 1728
604 -57 -949 182 2426 -2319 1728
605 -55 -952 183 2428 -2318 1727
606 -56 -951 180 2423 -2322 1726
607 -59 -951 180 2421 -2318 1725
608 -58 -954 182 2421 -2316 1724
609 -57 -950 183 2423 -2319 1725
610 -54 -949 181 2425 -2316 1727
611 -56 -950 184 2425 -2320 1725
612 -58 -949 181 2423 -2318 1725
613 -55 -953 184 2424 -2318 1726
614 -56 -952 182 2424 -2316 1726
615 -60 -953 181 2424 -2320 1725
616 -55 -952 182 2425 -2320 1726
617 -58 -954 184 2424 -2321 1725
618 -53 -951 183 2424 -2319 1726
619 -57 -951 181 2427 -2318 1727
620 -59 -952 182 2425 -2322 1725
621 -59 -950 181 2424 -2318 1724
622 -60 -951 179 2425 -2320 1725
623 -56 -953 180 2426 -2320 1723
624 -58 -948 182 2425 -2317 1728
625 -56 -950 183 2428 -2318 1725
626 -57 -949 184 2426 -2317 1722
627 -57 -951 181 2424 -2319 1724
628 -55 -948 180 2428 -2319 1726
629 -60 -949 182 2426 -2317 1724
630 -57 -951 185 2426 -2320 1726
631 -60 -947 183 2427 -2320 1727
632 -58 -950 183 2423 -2318 1725
633 -57 -951 180 2427 -2319 1726
634 -61 -952 182 2427 -2321 1726
635 -57 -952 183 2424 -2316 1723
636 -58 -951 181 2423 -2320 1726
637 -57 -953 184 2426 -2318 1725
638 -56 -953 181 2425 -2316 1725
639 -56 -949 182 2424 -2318 1726
640 -60 -951 180 2425 -2318 1727
641 -59 -953 180 2424 -2319 1725
642 -58 -950 183 2425 -2319 1722
643 -59 -952 183 2427 -2316 1726
644 -59 -949 180 2426 -2320 1726
645 -55 -951 181 2428 -2319 1727
646 -57 -949 182 2425 -2320 1726
647 -58 -952 182 2426 -2319 1728
648 -56 -952 181 2426 -2320 1728
649 -55 -950 181 2425 -2318 1727
650 -55 -954 180 2425 -2321 1726
651 -56 -956 181 2426 -2320 1725
652 -55 -950 182 2424 -2320 1724
653 -59 -951 182 2424 -2322 1725
654 -58 -951 182 2424 -2322 1725
655 -59 -954 181 2425 -2320 1724
656 -59 -949 181 2424 -2317 1727
657 -60 -952 183 2425 -2319 1726
658 -60 -953 182 2422 -2319 1725
659 -61 -953 179 2425 -2319 1725
660 -59 -950 179 2424 -2320 1725
661 -58 -953 178 2426 -2318 1722
662 -59 -951 181 2421 -2321 1724
663 -58 -951 181 2427 -2319 1726
664 -57 -953 179 2425 -2321 1724
665 -58 -951 180 2427 -2322 1726
666 -61 -951 181 2423 -2320 1725
667 -60 -951 182 2428 -2318 1726
668 -59 -951 183 2425 -2318 1724
669 -56 -953 183 2427 -2318 1730
670 -56 -950 182 2425 -2320 1724
671 -55 -951 183 2426 -2318 1723
672 -57 -950 184 2425 -2318 1724
673 -56 -948 185 2425 -2320 1727
674 -58 -954 184 2423 -2318 1725
675 -60 -950 183 2424 -2317 1725
676 -59 -952 181 2423 -2319 1724
677 -57 -953 184 2424 -2316 1728
678 -58 -951 180 2423 -2319 1724
679 -59 -950 186 2424 -2319 1727
680 -60 -953 183 2423 -2322 1724
681 -60 -950 181 2426 -2319 1724
682 -60 -953 183 2424 -2318 1726
683 -55 -951 184 2427 -2321 1725
684 -56 -950 180 2422 -2318 1724
685 -56 -953 181 2427 -2320 1725
686 -59 -952 181 2427 -2317 1726
687 -59 -949 182 2426 -2320 1723
688 -53 -951 181 2426 -2318 1724
689 -57 -952 180 2421 -2319 1726
690 -59 -954 177 2425 -2320 1728
691 -58 -953 180 2423 -2325 1726
692 -59 -952 180 2421 -2319 1726
693 -62 -951 181 2424 -2320 1724
694 -59 -952 181 2425 -2322 1724
695 -58 -949 179 2427 -2321 1726
696 -57 -954 182 2424 -2320 1723
697 -58 -951 180 2425 -2319 1727
698 -61 -956 183 2421 -2317 1724
699 -59 -953 182 2427 -2319 1724
700 -58 -953 182 2426 -2320 1723
701 -59 -953 179 2424 -2321 1724
702 -60 -953 177 2420 -2320 1724
703 -60 -953 180 2422 -2318 1724
704 -57 -954 179 2424 -2322 1721
705 -60 -951 178 2428 -2321 1725
706 -57 -951 179 2425 -2319 1726
707 -59 -951 183 2425 -2319 1726
708 -60 -951 181 2426 -2319 1725
709 -54 -953 182 2426 -2321 1725
710 -58 -952 181 2425 -2317 1727
711 -58 -951 181 2424 -2321 1723
712 -58 -950 181 2424 -2319 1726
713 -58 -952 182 2425 -2318 1725
714 -56 -951 182 2424 -2320 1726
715 -59 -949 185 2425 -2320 1727
716 -59 -953 184 2425 -2316 1724
717 -59 -953 182 2421 -2319 1722
718 -59 -951 181 2424 -2320 1724
719 -58 -951 179 2423 -2320 1723
720 -62 -950 184 2424 -2319 1724
721 -60 -951 182 2425 -2321 1724
722 -57 -952 181 2423 -2317 1724
723 -64 -951 181 2423 -2320 1724
724 -60 -953 184 2424 -2317 1723
725 -60 -954 180 2425 -2319 1724
726 -55 -953 182 2426 -2321 1726
727 -58 -950 183 2429 -2319 1724
728 -58 -953 180 2424 -2317 1725
729 -56 -950 182 2426 -2320 1723
730 -59 -951 180 2426 -2316 1725
731 -57 -953 181 2423 -2319 1726
732 -57 -950 182 2424 -2319 1723
733 -58 -949 182 2427 -2319 1725
734 -56 -950 181 2427 -2319 1726
735 -57 -952 182 2421 -2320 1726
736 -55 -954 182 2421 -2319 1724
737 -57 -949 182 2426 -2319 1724
738 -56 -953 181 2425 -2318 1725
739 -56 -951 183 2424 -2318 1728
740 -57 -952 181 2422 -2320 1724
741 -56 -953 181 2420 -2319 1725
742 -57 -949 182 2424 -2320 1726
743 -58 -951 182 2428 -2321 1726
744 -58 -951 180 2425 -2321 1726
745 -60 -952 182 2425 -2319 1727
746 -57 -949 184 2421 -2316 1726
747 -59 -952 181 2424 -2319 1723
748 -59 -949 181 2424 -2319 1726
749 -58 -953 181 2425 -2318 1721
750 -59 -953 179 2426 -2319 1725
751 -57 -951 181 2425 -2316 1725
752 -55 -951 183 2427 -2317 1727
753 -58 -949 184 2424 -2318 1725
754 -59 -949 183 2424 -2318 1724
755 -57 -950 183 2424 -2317 1727
756 -58 -952 181 2424 -2318 1727
757 -59 -950 184 2426 -2320 1722
758 -55 -951 181 2423 -2321 1725
759 -57 -952 182 2425 -2317 1724
760 -58 -950 184 2423 -2317 1724
761 -59 -948 182 2425 -2320 1724
762 -56 -950 182 2427 -2319 1726
763 -56 -951 182 2427 -2319 1726
764 -58 -950 184 2421 -2316 1725
765 -58 -951 182 2424 -2321 1726
766 -60 -953 181 2426 -2319 1726
767 -60 -953 181 2426 -2320 1725
768 -61 -953 179 2426 -2319 1724
769 -61 -950 184 2422 -2319 1723
770 -59 -954 179 2424 -2319 1726
771 -59 -950 181 2428 -2322 1723
772 -54 -949 185 2422 -2320 1727
773 -61 -950 181 2426 -2318 1727
774 -55 -950 182 2425 -2318 1726
775 -56 -951 183 2427 -2317 1725
776 -58 -954 183 2423 -2321 1724
777 -57 -947 182 2424 -2320 1728
778 -57 -949 183 2422 -2318 1726
779 -56 -951 180 2424 -2320 1723
780 -57 -952 180 2426 -2320 1724
781 -54 -948 183 2428 -2320 1727
782 -56 -952 182 2424 -2319 1728
783 -60 -949 181 2426 -2319 1729
784 -54 -951 185 2423 -2320 1725
785 -58 -950 182 2427 -2320 1725
786 -58 -950 184 2426 -2320 1724
787 -58 -949 184 2426 -2317 1726
788 -58 -953 183 2423 -2320 1726
789 -58 -953 181 2427 -2319 1725
790 -58 -951 184 2426 -2323 1725
791 -55 -950 183 2424 -2320 1724
792 -58 -953 181 2424 -2321 1724
793 -61 -951 178 2424 -2319 1722
794 -57 -950 182 2423 -2318 1722
795 -60 -951 180 2429 -2318 1725
796 -58 -950 184 2428 -2318 1728
797 -58 -950 185 2425 -2317 1728
798 -56 -949 181 2423 -2316 1724
799 -59 -951 180 2426 -2320 1725
800 -58 -950 182 2426 -2321 1725
801 -59 -948 180 2422 -2318 1723
802 -58 -949 184 2424 -2318 1724
803 -57 -951 182 2423 -2318 1724
804 -58 -951 186 2426 -2318 1725
805 -54 -949 185 2426 -2319 1724
806 -55 -950 184 2421 -2319 1723
807 -59 -952 181 2425 -2314 1726
808 -58 -949 183 2427 -2317 1727
809 -59 -952 183 2426 -2321 1727
810 -59 -951 182 2425 -2319 1724
811 -58 -952 178 2427 -2319 1723
812 -57 -951 182 2424 -2317 1724
813 -58 -949 183 2424 -2319 1724
814 -58 -951 180 2427 -2319 1723
815 -59 -954 182 2424 -2319 1726
816 -58 -951 183 2426 -2318 1726
817 -56 -951 180 2424 -2320 1722
818 -57 -951 180 2426 -2320 1724
819 -56 -951 181 2427 -2320 1724
820 -56 -953 182 2424 -2318 1729
821 -55 -949 182 2424 -2317 1726
822 -56 -952 181 2425 -2319 1723
823 -54 -954 182 2427 -2321 1726
824 -58 -949 182 2423 -2320 1727
825 -58 -950 182 2425 -2321 1724
826 -58 -949 180 2422 -2321 1724
827 -56 -953 181 2424 -2320 1722
828 -55 -952 183 2423 -2321 1726
829 -58 -952 182 2426 -2317 1724
830 -59 -953 183 2423 -2317 1723
831 -57 -952 182 2423 -2317 1723
832 -59 -954 183 2426 -2322 1724
833 -59 -954 182 2426 -2322 1724
834 -61 -954 179 2423 -2320 1724
835 -58 -953 178 2421 -2319 1725
836 -54 -950 181 2424 -2318 1724
837 -58 -951 180 2426 -2316 1728
838 -61 -952 181 2427 -2322 1725
839 -59 -951 181 2426 -2318 1724
840 -61 -952 178 2423 -2318 1726
841 -58 -951 182 2426 -2318 1727
842 -58 -951 184 2425 -2322 1724
843 -59 -952 180 2423 -2320 1725
844 -61 -953 183 2426 -2320 1726
845 -57 -954 183 2421 -2318 1724
846 -61 -949 179 2422 -2318 1723
847 -58 -952 182 2427 -2322 1724
848 -58 -953 181 2422 -2323 1724
849 -60 -951 183 2420 -2319 1725
850 -58 -952 182 2422 -2317 1725
851 -58 -951 180 2428 -2322 1723
852 -61 -955 178 2424 -2323 1723
853 -58 -953 181 2421 -2321 1726
854 -62 -953 179 2420 -2319 1724
855 -60 -953 181 2424 -2319 1723
856 -60 -954 178 2425 -2322 1726
857 -58 -951 184 2424 -2321 1726
858 -55 -949 185 2424 -2319 1723
859 -62 -952 179 2424 -2316 1721
860 -60 -954 179 2427 -2322 1723
861 -55 -954 179 2426 -2321 1727
862 -54 -949 184 2425 -2321 1728
863 -61 -949 185 2426 -2318 1724
864 -59 -953 180 2423 -2317 1719
865 -56 -954 178 2424 -2320 1725
866 -58 -954 185 2423 -2321 1726
867 -59 -950 180 2423 -2316 1725
868 -58 -952 179 2421 -2320 1722
869 -55 -952 181 2421 -2319 1729
870 -58 -950 185 2425 -2319 1727
871 -60 -952 183 2424 -2320 1722
872 -59 -951 181 2423 -2321 1722
873 -59 -953 179 2424 -2319 1730
874 -58 -949 184 2422 -2318 1727
875 -59 -949 182 2423 -2322 1725
876 -58 -952 180 2424 -2321 1724
877 -54 -956 180 2425 -2320 1727
878 -58 -953 179 2422 -2319 1726
879 -60 -952 180 2426 -2321 1726
880 -60 -951 181 2428 -2320 1719
881 -58 -952 181 2426 -2322 1724
882 -57 -950 182 2422 -2318 1727
883 -58 -952 180 2424 -2317 1726
884 -58 -951 178 2426 -2322 1724
885 -60 -956 179 2426 -2320 1720
886 -61 -951 181 2425 -2318 1724
887 -60 -951 183 2422 -2318 1724
888 -58 -951 184 2424 -2318 1723
889 -61 -952 177 2426 -2323 1721
890 -58 -952 184 2428 -2320 1719
891 -57 -952 182 2423 -2321 1722
892 -62 -954 182 2421 -2317 1721
893 -58 -954 181 2421 -2323 1723
894 -59 -954 182 2425 -2322 1723
895 -60 -950 181 2421 -2322 1725
896 -59 -951 182 2425 -2319 1725
897 -59 -953 182 2421 -2320 1722
898 -61 -952 180 2426 -2320 1725
899 -59 -953 178 2422 -2322 1722
900 -59 -953 181 2425 -2320 1726
901 -62 -952 180 2426 -2318 1722
902 -61 -956 178 2425 -2320 1722
903 -60 -954 182 2422 -2322 1727
904 -58 -949 181 2427 -2321 1723
905 -59 -952 180 2427 -2320 1723
906 -59 -953 182 2424 -2319 1724
907 -58 -952 182 2425 -2317 1725
908 -56 -951 182 2423 -2321 1723
909 -60 -951 183 2426 -2321 1724
910 -59 -953 184 2423 -2318 1727
911 -57 -950 183 2422 -2320 1723
912 -54 -950 182 2424 -2320 1726
913 -58 -952 181 2424 -2320 1724
914 -58 -952 182 2422 -2321 1728
915 -59 -951 183 2424 -2321 1722
916 -60 -954 178 2421 -2322 1722
917 -60 -956 182 2428 -2320 1723
918 -60 -955 180 2422 -2323 1722
919 -57 -954 180 2421 -2320 1726
920 -57 -953 178 2423 -2318 1725
921 -60 -954 180 2422 -2319 1724
922 -62 -954 179 2423 -2318 1722
923 -59 -953 177 2426 -2321 1726
924 -62 -950 182 2424 -2320 1726
925 -63 -956 180 2422 -2320 1719
926 -60 -953 179 2421 -2324 1722
927 -57 -951 182 2423 -2320 1727
928 -58 -949 183 2427 -2319 1725
929 -58 -954 181 2422 -2318 1720
930 -60 -957 178 2422 -2320 1722
931 -58 -949 182 2425 -2322 1724
932 -61 -949 181 2423 -2324 1723
933 -63 -956 178 2425 -2322 1722
934 -56 -953 180 2424 -2318 1725
935 -58 -950 182 2422 -2317 1724
936 -57 -949 185 2425 -2320 1724
937 -58 -954 181 2424 -2321 1722
938 -59 -955 182 2424 -2321 1722
939 -59 -952 180 2424 -2319 1726
940 -56 -947 184 2420 -2323 1724
941 -59 -955 182 2424 -2320 1723
942 -59 -955 180 2425 -2323 1720
943 -58 -954 178 2423 -2316 1724
944 -57 -951 184 2423 -2317 1727
945 -61 -952 180 2426 -2316 1720
946 -64 -955 179 2425 -2322 1724
947 -61 -951 184 2425 -2320 1725
948 -58 -950 181 2425 -2318 1722
949 -58 -952 181 2420 -2317 1725
950 -61 -953 177 2425 -2318 1723
951 -63 -952 178 2426 -2322 1723
952 -56 -953 181 2422 -2322 1725
953 -59 -952 186 2423 -2319 1723
954 -61 -952 182 2423 -2317 1723
955 -63 -951 180 2422 -2322 1722
956 -61 -952 180 2423 -2324 1720
957 -58 -952 182 2422 -2319 1721
958 -60 -954 180 2421 -2319 1722
959 -56 -954 178 2422 -2320 1724
960 -58 -952 182 2424 -2322 1726
961 -59 -952 182 2423 -2321 1726
962 -58 -952 183 2424 -2322 1722
963 -59 -955 177 2420 -2320 1722
964 -58 -956 178 2423 -2321 1723
965 -62 -957 180 2424 -2318 1719
966 -61 -954 180 2423 -2322 1720
967 -61 -955 181 2421 -2321 1725
968 -62 -951 180 2426 -2319 1725
969 -58 -953 180 2425 -2320 1721
970 -60 -954 178 2425 -2319 1722
971 -60 -952 180 2425 -2320 1723
972 -61 -950 183 2424 -2317 1725
973 -54 -950 184 2420 -2324 1722
974 -56 -952 181 2422 -2326 1723
975 -57 -951 180 2425 -2321 1726
976 -64 -953 180 2422 -2320 1723
977 -62 -955 180 2420 -2323 1722
978 -61 -953 178 2424 -2321 1723
979 -59 -951 181 2421 -2323 1724
980 -59 -953 180 2421 -2322 1723
981 -58 -949 184 2424 -2322 1723
982 -59 -953 179 2426 -2318 1723
983 -58 -954 178 2424 -2320 1724
984 -61 -954 181 2422 -2321 1723
985 -60 -954 178 2426 -2320 1724
986 -59 -956 181 2424 -2317 1723
987 -59 -951 183 2420 -2323 1725
988 -57 -953 179 2424 -2323 1723
989 -61 -953 180 2427 -2320 1720
990 -58 -955 179 2425 -2319 1719
991 -58 -952 181 2425 -2318 1725
992 -58 -952 180 2424 -2321 1724
993 -59 -952 182 2426 -2320 1723
994 -63 -950 185 2426 -2318 1722
995 -59 -952 181 2425 -2323 1725
996 -58 -949 179 2422 -2319 1724
997 -60 -952 183 2426 -2319 1723
998 -59 -954 177 2424 -2319 1721
999 -57 -951 178 2423 -2319 1725
0 5818 -441 -5370 -336 -5526 8533
1 5819 -443 -5372 -336 -5526 8534
2 5821 -443 -5371 -334 -5528 8535
3 5821 -443 -5371 -336 -5527 8536
4 5819 -442 -5373 -331 -5524 8537
5 5821 -442 -5371 -335 -5525 8536
6 5824 -440 -5371 -336 -5531 8536
7 5820 -442 -5372 -334 -5528 8536
8 5819 -445 -5370 -336 -5530 8537
9 5822 -446 -5371 -336 -5528 8538
10 5822 -442 -5371 -336 -5529 8541
11 5820 -441 -5369 -336 -5529 8539
12 5823 -440 -5371 -336 -5533 8537
13 5823 -443 -5372 -338 -5529 8537
14 5823 -442 -5371 -340 -5529 8539
15 5821 -442 -5372 -337 -5527 8537
16 5824 -440 -5369 -334 -5528 8540
17 5824 -441 -5368 -334 -5527 8541
18 5821 -439 -5369 -336 -5524 8541
19 5824 -438 -5368 -335 -5527 8541
20 5823 -440 -5366 -337 -5528 8539
21 5824 -439 -5368 -336 -5529 8541
22 5825 -438 -5372 -333 -5528 8542
23 5822 -440 -5367 -334 -5526 8541
24 5823 -440 -5368 -334 -5527 8542
25 5821 -440 -5367 -336 -5529 8542
26 5824 -439 -5368 -335 -5526 8540
27 5827 -436 -5366 -336 -5528 8543
28 5825 -439 -5364 -336 -5528 8542
29 5826 -436 -5370 -336 -5529 8543
30 5826 -440 -5366 -338 -5528 8542
31 5825 -438 -5368 -339 -5529 8540
32 5823 -436 -5366 -337 -5530 8543
33 5823 -438 -5366 -337 -5531 8542
34 5823 -438 -5364 -336 -5528 8542
35 5822 -439 -5367 -337 -5530 8543
36 5825 -438 -5367 -338 -5535 8543
37 5822 -437 -5366 -338 -5529 8544
38 5825 -439 -5368 -337 -5528 8544
39 5825 -437 -5366 -336 -5525 8543
40 5824 -437 -5366 -338 -5530 8545
41 5825 -437 -5365 -336 -5529 8547
42 5824 -437 -5366 -336 -5529 8543
43 5823 -435 -5364 -336 -5528 8543
44 5822 -439 -5366 -335 -5527 8540
45 5822 -438 -5365 -340 -5529 8545
46 5818 -439 -5364 -340 -5526 8543
47 5820 -438 -5365 -339 -5527 8542
48 5820 -438 -5362 -339 -5530 8548
49 5823 -435 -5362 -337 -5529 8542
50 5819 -438 -5365 -335 -5527 8543
51 5819 -435 -5360 -333 -5528 8545
52 5821 -437 -5362 -338 -5527 8543
53 5818 -437 -5361 -336 -5526 8544
54 5817 -435 -5363 -337 -5527 8547
55 5818 -436 -5361 -336 -5524 8548
56 5815 -431 -5362 -338 -5526 8542
57 5813 -437 -5359 -336 -5523 8543
58 5814 -434 -5360 -336 -5526 8542
59 5814 -438 -5358 -330 -5523 8546
60 5812 -433 -5360 -334 -5523 8548
61 5816 -434 -5357 -334 -5524 8545
62 5815 -433 -5358 -333 -5521 8543
63 5813 -433 -5356 -330 -5522 8546
64 5811 -433 -5360 -329 -5522 8546
65 5811 -434 -5355 -331 -5521 8544
66 5813 -432 -5354 -331 -5519 8546
67 5812 -429 -5352 -331 -5523 8546
68 5814 -432 -5354 -328 -5521 8544
69 5808 -431 -5353 -332 -5520 8544
70 5808 -432 -5353 -331 -5522 8547
71 5808 -432 -5351 -329 -5522 8544
72 5808 -430 -5353 -329 -5517 8545
73 5808 -431 -5354 -329 -5520 8545
74 5809 -434 -5352 -329 -5520 8550
75 5809 -432 -5354 -334 -5518 8547
76 5805 -429 -5351 -328 -5520 8547
77 5804 -434 -5354 -329 -5518 8547
78 5806 -431 -5352 -328 -5519 8546
79 5805 -430 -5351 -328 -5520 8550
80 5804 -427 -5349 -328 -5517 8550
81 5807 -432 -5352 -330 -5519 8548
82 5806 -430 -5353 -329 -5518 8552
83 5809 -429 -5353 -327 -5518 8551
84 5806 -430 -5350 -326 -5514 8551
85 5805 -431 -5353 -326 -5515 8551
86 5806 -429 -5352 -329 -5516 8553
87 5807 -428 -5356 -326 -5515 8553
88 5807 -428 -5351 -325 -5516 8556
89 5807 -424 -5351 -325 -5515 8555
90 5804 -430 -5351 -330 -5515 8554
91 5806 -427 -5353 -328 -5516 8554
92 5802 -428 -5352 -326 -5517 8555
93 5802 -429 -5349 -328 -5517 8556
94 5803 -428 -5349 -327 -5516 8556
95 5801 -425 -5353 -329 -5517 8557
96 5803 -424 -5352 -326 -5514 8557
97 5801 -428 -5351 -326 -5514 8555
98 5803 -427 -5352 -325 -5515 8557
99 5801 -425 -5351 -326 -5513 8554
100 5796 -428 -5352 -322 -5511 8555
101 5800 -429 -5349 -325 -5514 8557
102 5799 -427 -5350 -324 -5512 8555
103 5798 -423 -5351 -321 -5512 8557
104 5802 -425 -5347 -323 -5513 8557
105 5800 -425 -5348 -323 -5512 8559
106 5799 -423 -5348 -321 -5513 8556
107 5798 -423 -5347 -324 -5512 8556
108 5798 -421 -5350 -319 -5512 8559
109 5797 -423 -5350 -323 -5511 8560
110 5796 -422 -5348 -323 -5510 8559
111 5797 -423 -5350 -323 -5515 8558
112 5796 -421 -5347 -320 -5513 8560
113 5794 -425 -5346 -323 -5512 8561
114 5794 -425 -5347 -323 -5508 8561
115 5794 -423 -5347 -324 -5510 8560
116 5793 -425 -5351 -325 -5512 8560
117 5796 -424 -5351 -323 -5509 8562
118 5792 -424 -5349 -322 -5510 8558
119 5793 -425 -5348 -321 -5510 8561
120 5794 -427 -5348 -321 -5510 8561
121 5793 -422 -5347 -322 -5511 8561
122 5794 -421 -5346 -321 -5511 8561
123 5793 -424 -5348 -320 -5507 8560
124 5794 -423 -5346 -321 -5509 8562
125 5794 -421 -5346 -319 -5507 8563
126 5792 -422 -5347 -321 -5504 8564
127 5792 -421 -5348 -319 -5509 8562
128 5792 -423 -5348 -322 -5509 8563
129 5793 -421 -5345 -320 -5508 8561
130 5794 -422 -5344 -319 -5509 8562
131 5792 -419 -5345 -317 -5509 8564
132 5793 -424 -5342 -318 -5505 8565
133 5794 -422 -5344 -316 -5508 8562
134 5793 -418 -5344 -317 -5506 8564
135 5788 -421 -5343 -316 -5505 8562
136 5790 -419 -5342 -320 -5505 8560
137 5788 -421 -5341 -319 -5504 8566
138 5789 -422 -5345 -316 -5504 8560
139 5788 -419 -5341 -318 -5505 8563
140 5786 -420 -5340 -320 -5502 8564
141 5787 -420 -5342 -317 -5502 8562
142 5786 -418 -5339 -314 -5505 8562
143 5786 -421 -5339 -320 -5506 8562
144 5786 -421 -5340 -317 -5504 8562
145 5783 -419 -5338 -318 -5504 8562
146 5785 -420 -5339 -316 -5503 8558
147 5786 -425 -5339 -315 -5505 8559
148 5783 -421 -5338 -315 -5503 8562
149 5784 -421 -5340 -314 -5503 8559
150 5784 -418 -5338 -315 -5503 8562
151 5784 -419 -5339 -316 -5503 8561
152 5784 -422 -5339 -313 -5501 8559
153 5784 -418 -5337 -315 -5502 8562
154 5785 -416 -5335 -315 -5504 8561
155 5785 -420 -5336 -314 -5503 8562
156 5783 -418 -5338 -317 -5501 8559
157 5786 -419 -5339 -316 -5505 8560
158 5782 -418 -5340 -313 -5504 8560
159 5781 -422 -5336 -316 -5502 8563
160 5781 -418 -5337 -317 -5506 8563
161 5786 -416 -5338 -313 -5501 8566
162 5782 -417 -5337 -316 -5503 8565
163 5787 -417 -5340 -316 -5504 8564
164 5786 -417 -5338 -318 -5504 8564
165 5786 -418 -5337 -317 -5504 8563
166 5785 -419 -5339 -317 -5503 8569
167 5788 -420 -5337 -319 -5504 8567
168 5788 -414 -5337 -315 -5504 8568
169 5787 -417 -5339 -317 -5505 8568
170 5785 -417 -5339 -317 -5507 8567
171 5787 -415 -5339 -318 -5505 8570
172 5789 -415 -5338 -318 -5504 8572
173 5789 -417 -5339 -315 -5504 8572
174 5788 -415 -5339 -319 -5507 8570
175 5789 -416 -5338 -316 -5507 8572
176 5791 -416 -5337 -317 -5505 8570
177 5788 -417 -5337 -318 -5508 8571
178 5788 -415 -5338 -317 -5506 8570
179 5793 -415 -5339 -320 -5507 8570
180 5793 -418 -5337 -323 -5508 8570
181 5792 -415 -5339 -316 -5509 8570
182 5789 -417 -5337 -317 -5507 8571
183 5789 -415 -5339 -317 -5504 8569
184 5792 -417 -5336 -321 -5508 8570
185 5791 -417 -5339 -319 -5506 8572
186 5794 -413 -5334 -320 -5504 8573
187 5790 -414 -5339 -321 -5507 8572
188 5790 -416 -5337 -323 -5507 8573
189 5794 -415 -5337 -321 -5507 8572
190 5793 -416 -5337 -320 -5510 8570
191 5793 -417 -5339 -320 -5508 8571
192 5797 -415 -5336 -322 -5510 8570
193 5792 -415 -5338 -319 -5510 8571
194 5794 -416 -5338 -321 -5508 8571
195 5796 -414 -5338 -324 -5512 8571
196 5794 -414 -5334 -321 -5511 8573
197 5798 -414 -5336 -321 -5511 8573
198 5797 -416 -5334 -322 -5508 8570
199 5800 -415 -5336 -323 -5511 8572
200 5798 -414 -5336 -327 -5514 8570
201 5797 -414 -5337 -322 -5511 8573
202 5799 -413 -5337 -326 -5514 8576
203 5793 -415 -5334 -326 -5514 8574
204 5796 -415 -5336 -324 -5512 8571
205 5800 -417 -5336 -327 -5515 8573
206 5802 -415 -5338 -326 -5511 8569
207 5799 -415 -5337 -324 -5512 8574
208 5802 -417 -5335 -326 -5514 8573
209 5800 -415 -5335 -324 -5510 8575
210 5800 -413 -5337 -326 -5514 8574
211 5805 -411 -5334 -326 -5514 8572
212 5804 -412 -5336 -328 -5518 8577
213 5802 -414 -5337 -327 -5515 8574
214 5804 -411 -5338 -329 -5513 8576
215 5804 -411 -5336 -326 -5513 8574
216 5806 -410 -5333 -326 -5515 8574
217 5805 -412 -5332 -327 -5514 8576
218 5807 -411 -5335 -327 -5515 8574
219 5805 -410 -5335 -326 -5516 8576
220 5805 -413 -5330 -328 -5514 8574
221 5805 -411 -5331 -329 -5516 8575
222 5806 -411 -5334 -329 -5518 8575
223 5803 -412 -5331 -327 -5515 8575
224 5807 -410 -5330 -329 -5517 8574
225 5808 -411 -5328 -330 -5517 8574
226 5804 -410 -5330 -328 -5518 8574
227 5807 -412 -5330 -330 -5515 8571
228 5804 -411 -5327 -332 -5518 8570
229 5804 -413 -5329 -330 -5516 8571
230 5804 -414 -5328 -328 -5516 8573
231 5808 -409 -5330 -327 -5518 8573
232 5807 -408 -5329 -332 -5514 8573
233 5806 -409 -5327 -329 -5515 8571
234 5804 -411 -5327 -329 -5515 8573
235 5805 -406 -5326 -329 -5515 8573
236 5808 -408 -5325 -328 -5516 8574
237 5806 -408 -5327 -326 -5519 8575
238 5808 -409 -5327 -333 -5515 8574
239 5810 -408 -5322 -329 -5515 8572
240 5809 -410 -5324 -330 -5518 8577
241 5808 -406 -5324 -332 -5517 8573
242 5808 -408 -5324 -329 -5516 8578
243 5809 -406 -5324 -332 -5521 8578
244 5814 -407 -5323 -330 -5518 8578
245 5812 -403 -5324 -333 -5519 8578
246 5815 -408 -5325 -332 -5518 8578
247 5812 -408 -5320 -332 -5518 8578
248 5814 -404 -5322 -334 -5521 8579
249 5813 -405 -5323 -337 -5520 8580
250 5816 -405 -5324 -336 -5521 8580
251 5817 -405 -5323 -332 -5521 8581
252 5816 -407 -5323 -337 -5523 8582
253 5816 -406 -5325 -335 -5520 8580
254 5816 -406 -5323 -339 -5518 8584
255 5818 -402 -5326 -337 -5519 8582
256 5818 -406 -5326 -338 -5525 8583
257 5818 -402 -5326 -339 -5522 8585
258 5818 -406 -5325 -338 -5522 8584
259 5818 -403 -5323 -338 -5525 8586
260 5816 -405 -5326 -336 -5522 8586
261 5820 -404 -5323 -336 -5522 8587
262 5820 -402 -5323 -338 -5522 8586
263 5821 -399 -5325 -339 -5523 8587
264 5820 -404 -5323 -338 -5522 8590
265 5822 -399 -5320 -338 -5520 8589
266 5821 -401 -5322 -339 -5524 8587
267 5821 -401 -5324 -338 -5523 8590
268 5821 -402 -5324 -337 -5521 8588
269 5817 -402 -5320 -338 -5521 8591
270 5822 -402 -5319 -339 -5522 8585
271 5821 -403 -5324 -340 -5524 8588
272 5817 -398 -5320 -342 -5522 8586
273 5820 -402 -5320 -341 -5524 8588
274 5820 -400 -5320 -338 -5525 8593
275 5820 -403 -5320 -338 -5522 8587
276 5821 -402 -5318 -340 -5525 8587
277 5817 -400 -5316 -339 -5522 8593
278 5817 -401 -5316 -340 -5524 8590
279 5820 -402 -5318 -341 -5524 8592
280 5824 -400 -5315 -341 -5526 8591
281 5820 -396 -5317 -342 -5524 8590
282 5820 -395 -5317 -343 -5522 8595
283 5820 -401 -5319 -340 -5524 8593
284 5820 -397 -5316 -339 -5523 8594
285 5820 -396 -5315 -337 -5522 8596
286 5820 -398 -5315 -344 -5524 8595
287 5820 -396 -5318 -342 -5524 8596
288 5821 -396 -5314 -342 -5524 8598
289 5823 -393 -5315 -342 -5522 8597
290 5822 -396 -5313 -340 -5527 8597
291 5820 -396 -5312 -340 -5526 8598
292 5819 -396 -5314 -340 -5526 8596
293 5824 -393 -5316 -343 -5527 8598
294 5823 -392 -5312 -342 -5525 8604
295 5826 -393 -5310 -340 -5525 8600
296 5823 -393 -5312 -340 -5524 8603
297 5826 -394 -5311 -338 -5520 8604
298 5821 -392 -5310 -341 -5525 8601
299 5824 -389 -5310 -341 -5523 8600
300 5820 -391 -5309 -338 -5525 8602
301 5821 -392 -5309 -342 -5523 8601
302 5824 -391 -5308 -338 -5523 8601
303 5820 -390 -5309 -340 -5522 8602
304 5821 -388 -5305 -339 -5521 8600
305 5822 -389 -5308 -338 -5520 8601
306 5818 -388 -5307 -337 -5520 8601
307 5818 -389 -5306 -339 -5520 8606
308 5820 -388 -5303 -341 -5522 8603
309 5817 -389 -5302 -338 -5520 8603
310 5814 -388 -5302 -336 -5524 8606
311 5819 -391 -5300 -336 -5522 8606
312 5818 -387 -5303 -338 -5518 8604
313 5812 -388 -5299 -342 -5518 8602
314 5812 -387 -5298 -336 -5519 8602
315 5812 -387 -5298 -337 -5517 8601
316 5815 -388 -5301 -337 -5520 8602
317 5812 -385 -5297 -338 -5518 8603
318 5816 -386 -5295 -337 -5518 8600
319 5811 -385 -5297 -340 -5519 8604
320 5811 -385 -5296 -338 -5516 8605
321 5814 -386 -5300 -336 -5517 8604
322 5811 -382 -5297 -334 -5516 8606
323 5810 -386 -5298 -337 -5515 8606
324 5810 -386 -5295 -334 -5514 8605
325 5807 -384 -5293 -334 -5515 8604
326 5809 -381 -5294 -336 -5517 8608
327 5812 -380 -5294 -334 -5518 8611
328 5807 -383 -5293 -335 -5512 8609
329 5809 -381 -5296 -336 -5516 8609
330 5810 -384 -5292 -338 -5517 8611
331 5809 -381 -5294 -337 -5516 8612
332 5809 -378 -5293 -336 -5516 8613
333 5808 -382 -5292 -335 -5516 8614
334 5808 -379 -5290 -336 -5513 8615
335 5807 -382 -5291 -334 -5515 8617
336 5805 -378 -5291 -336 -5511 8616
337 5809 -378 -5291 -334 -5512 8617
338 5809 -378 -5292 -337 -5513 8620
339 5808 -379 -5289 -336 -5516 8616
340 5806 -380 -5288 -334 -5516 8619
341 5809 -379 -5291 -335 -5514 8618
342 5808 -377 -5294 -333 -5513 8619
343 5806 -377 -5290 -334 -5513 8620
344 5806 -373 -5288 -329 -5512 8621
345 5809 -375 -5289 -334 -5513 8625
346 5808 -376 -5292 -330 -5515 8621
347 5805 -374 -5288 -334 -5514 8622
348 5804 -372 -5284 -330 -5511 8623
349 5802 -373 -5290 -329 -5510 8626
350 5802 -372 -5286 -332 -5512 8624
351 5803 -372 -5285 -330 -5510 8622
352 5801 -374 -5285 -329 -5511 8624
353 5800 -373 -5284 -332 -5510 8622
354 5798 -373 -5284 -332 -5508 8626
355 5802 -372 -5281 -333 -5511 8629
356 5801 -371 -5284 -330 -5510 8627
357 5798 -371 -5283 -332 -5510 8626
358 5802 -373 -5282 -329 -5510 8627
359 5801 -371 -5280 -330 -5511 8629
360 5799 -369 -5282 -333 -5508 8628
361 5798 -373 -5283 -330 -5510 8625
362 5796 -371 -5282 -331 -5508 8626
363 5798 -369 -5279 -334 -5510 8626
364 5796 -370 -5281 -334 -5510 8630
365 5797 -369 -5279 -328 -5507 8628
366 5799 -369 -5280 -328 -5509 8628
367 5798 -368 -5279 -332 -5507 8630
368 5794 -367 -5280 -333 -5506 8632
369 5799 -366 -5277 -331 -5508 8630
370 5798 -366 -5278 -331 -5510 8631
371 5795 -366 -5278 -330 -5507 8629
372 5797 -365 -5277 -331 -5507 8631
373 5797 -365 -5278 -330 -5507 8629
374 5796 -366 -5273 -331 -5507 8633
375 5796 -366 -5276 -331 -5507 8634
376 5796 -363 -5275 -331 -5507 8635
377 5798 -364 -5274 -331 -5509 8633
378 5796 -365 -5273 -331 -5509 8636
379 5795 -366 -5272 -330 -5507 8636
380 5793 -366 -5272 -329 -5511 8637
381 5795 -367 -5272 -330 -5508 8636
382 5796 -363 -5274 -330 -5507 8634
383 5793 -361 -5274 -330 -5506 8636
384 5795 -366 -5274 -329 -5510 8634
385 5795 -361 -5272 -330 -5508 8637
386 5791 -363 -5273 -332 -5507 8635
387 5794 -363 -5273 -331 -5506 8637
388 5794 -362 -5271 -332 -5507 8638
389 5795 -361 -5269 -329 -5504 8641
390 5793 -363 -5268 -329 -5505 8637
391 5795 -361 -5268 -328 -5507 8638
392 5794 -359 -5268 -327 -5502 8634
393 5795 -360 -5269 -334 -5506 8638
394 5795 -359 -5267 -329 -5508 8636
395 5793 -361 -5265 -330 -5503 8634
396 5790 -359 -5264 -330 -5505 8635
397 5791 -360 -5267 -331 -5506 8638
398 5791 -361 -5263 -331 -5506 8635
399 5792 -357 -5264 -332 -5504 8638
400 5791 -357 -5261 -328 -5506 8636
401 5793 -357 -5264 -326 -5506 8640
402 5792 -357 -5261 -329 -5504 8639
403 5790 -362 -5261 -331 -5505 8636
404 5790 -359 -5259 -328 -5504 8636
405 5793 -357 -5261 -334 -5503 8641
406 5789 -361 -5263 -331 -5506 8638
407 5791 -361 -5259 -332 -5506 8641
408 5793 -359 -5264 -331 -5507 8639
409 5795 -358 -5263 -330 -5506 8641
410 5796 -359 -5260 -334 -5506 8641
411 5791 -357 -5259 -331 -5507 8637
412 5798 -355 -5263 -331 -5505 8642
413 5791 -355 -5261 -329 -5506 8644
414 5793 -354 -5263 -333 -5506 8643
415 5793 -355 -5261 -335 -5510 8645
416 5795 -358 -5262 -333 -5509 8644
417 5794 -357 -5264 -336 -5507 8645
418 5794 -356 -5259 -334 -5510 8644
419 5795 -353 -5262 -331 -5507 8647
420 5800 -353 -5266 -336 -5512 8649
421 5797 -354 -5260 -335 -5509 8649
422 5797 -354 -5260 -337 -5510 8646
423 5800 -353 -5260 -335 -5509 8650
424 5799 -354 -5263 -341 -5510 8647
425 5799 -355 -5260 -336 -5511 8649
426 5798 -353 -5264 -340 -5513 8651
427 5800 -355 -5263 -337 -5510 8649
428 5800 -353 -5263 -338 -5514 8651
429 5801 -355 -5264 -339 -5509 8651
430 5799 -353 -5262 -338 -5510 8651
431 5802 -351 -5260 -338 -5509 8652
432 5803 -355 -5263 -337 -5511 8651
433 5800 -351 -5264 -337 -5512 8652
434 5802 -353 -5263 -337 -5512 8652
435 5803 -351 -5262 -338 -5514 8652
436 5803 -349 -5261 -335 -5511 8653
437 5805 -354 -5257 -338 -5514 8653
438 5806 -350 -5260 -342 -5512 8653
439 5804 -351 -5259 -338 -5514 8652
440 5804 -352 -5260 -340 -5513 8652
441 5807 -351 -5261 -340 -5513 8653
442 5807 -349 -5259 -338 -5515 8654
443 5804 -352 -5259 -339 -5515 8657
444 5806 -349 -5258 -339 -5514 8653
445 5806 -350 -5259 -340 -5514 8653
446 5809 -351 -5260 -344 -5514 8653
447 5806 -352 -5257 -341 -5514 8650
448 5809 -349 -5257 -342 -5516 8655
449 5810 -348 -5258 -344 -5518 8655
450 5810 -352 -5259 -342 -5516 8653
451 5814 -351 -5258 -343 -5520 8654
452 5811 -347 -5256 -342 -5519 8654
453 5811 -353 -5258 -341 -5518 8654
454 5811 -351 -5259 -342 -5517 8654
455 5813 -348 -5259 -343 -5516 8656
456 5812 -349 -5256 -341 -5518 8655
457 5817 -348 -5258 -343 -5518 8654
458 5814 -350 -5258 -342 -5518 8655
459 5813 -349 -5254 -344 -5521 8654
460 5815 -350 -5257 -346 -5519 8654
461 5814 -350 -5257 -345 -5520 8651
462 5815 -350 -5258 -345 -5522 8650
463 5814 -350 -5258 -346 -5522 8656
464 5816 -348 -5256 -347 -5523 8649
465 5820 -351 -5255 -345 -5519 8654
466 5815 -351 -5253 -347 -5519 8652
467 5819 -351 -5256 -347 -5522 8652
468 5819 -351 -5254 -352 -5523 8651
469 5820 -349 -5254 -346 -5521 8651
470 5820 -348 -5257 -350 -5522 8648
471 5820 -351 -5254 -349 -5524 8649
472 5818 -350 -5254 -346 -5524 8652
473 5819 -347 -5253 -348 -5521 8650
474 5819 -352 -5253 -350 -5520 8652
475 5823 -347 -5253 -350 -5522 8650
476 5820 -346 -5253 -347 -5523 8652
477 5824 -349 -5254 -349 -5524 8650
478 5822 -348 -5252 -351 -5523 8648
479 5822 -350 -5254 -349 -5522 8651
480 5825 -350 -5252 -350 -5527 8646
481 5821 -353 -5250 -351 -5528 8649
482 5822 -350 -5252 -351 -5525 8650
483 5825 -350 -5252 -354 -5528 8647
484 5822 -350 -5252 -354 -5527 8646
485 5824 -353 -5253 -352 -5523 8645
486 5826 -350 -5252 -352 -5524 8649
487 5825 -353 -5249 -350 -5526 8646
488 5823 -349 -5251 -353 -5525 8648
489 5824 -351 -5250 -353 -5524 8648
490 5825 -351 -5252 -354 -5526 8646
491 5828 -352 -5254 -355 -5528 8649
492 5829 -353 -5253 -354 -5526 8649
493 5828 -353 -5252 -353 -5530 8646
494 5830 -349 -5251 -353 -5530 8646
495 5830 -351 -5252 -353 -5529 8648
496 5829 -349 -5252 -354 -5525 8651
497 5830 -349 -5254 -353 -5528 8651
498 5830 -350 -5254 -352 -5526 8650
499 5832 -350 -5253 -355 -5527 8649
500 5833 -350 -5254 -354 -5532 8651
501 5834 -348 -5253 -354 -5527 8652
502 5834 -349 -5254 -356 -5530 8650
503 5835 -348 -5253 -356 -5530 8653
504 5836 -352 -5254 -355 -5528 8653
505 5833 -349 -5256 -355 -5530 8651
506 5836 -351 -5255 -357 -5529 8652
507 5835 -349 -5257 -357 -5530 8655
508 5838 -351 -5257 -357 -5531 8651
509 5839 -352 -5257 -358 -5530 8652
510 5835 -349 -5256 -357 -5529 8653
511 5838 -352 -5256 -357 -5532 8657
512 5841 -349 -5254 -357 -5532 8656
513 5838 -351 -5258 -358 -5532 8656
514 5839 -351 -5256 -356 -5532 8655
515 5839 -349 -5261 -358 -5532 8654
516 5839 -351 -5260 -358 -5532 8656
517 5840 -349 -5258 -355 -5531 8656
518 5837 -348 -5261 -358 -5534 8655
519 5841 -351 -5260 -358 -5531 8655
520 5842 -349 -5262 -358 -5533 8658
521 5844 -349 -5260 -358 -5532 8655
522 5838 -350 -5260 -357 -5531 8657
523 5839 -351 -5262 -359 -5535 8656
524 5840 -349 -5258 -359 -5532 8655
525 5843 -350 -5260 -358 -5535 8654
526 5839 -350 -5263 -360 -5534 8656
527 5840 -351 -5259 -357 -5532 8658
528 5838 -349 -5262 -362 -5535 8658
529 5843 -350 -5264 -357 -5535 8658
530 5841 -350 -5260 -360 -5537 8655
531 5843 -353 -5260 -359 -5534 8654
532 5841 -349 -5260 -362 -5537 8655
533 5842 -349 -5259 -358 -5536 8654
534 5842 -353 -5262 -362 -5535 8654
535 5839 -356 -5261 -361 -5534 8655
536 5839 -350 -5258 -360 -5531 8657
537 5842 -347 -5260 -355 -5534 8655
538 5841 -352 -5262 -360 -5535 8654
539 5841 -349 -5263 -359 -5535 8657
540 5843 -352 -5263 -358 -5530 8654
541 5843 -350 -5263 -353 -5533 8657
542 5843 -351 -5262 -354 -5533 8657
543 5838 -350 -5258 -359 -5532 8655
544 5840 -348 -5259 -357 -5533 8654
545 5840 -352 -5261 -359 -5534 8654
546 5841 -351 -5262 -356 -5533 8655
547 5841 -351 -5258 -359 -5534 8655
548 5841 -351 -5261 -358 -5530 8653
549 5842 -352 -5260 -358 -5533 8652
550 5840 -352 -5261 -357 -5534 8654
551 5841 -350 -5262 -356 -5534 8655
552 5838 -350 -5259 -357 -5532 8652
553 5839 -351 -5258 -356 -5534 8654
554 5838 -352 -5262 -358 -5530 8651
555 5840 -353 -5259 -357 -5531 8650
556 5837 -355 -5258 -358 -5532 8648
557 5838 -350 -5258 -354 -5530 8651
558 5835 -351 -5257 -356 -5533 8649
559 5834 -351 -5257 -355 -5529 8650
560 5835 -352 -5258 -358 -5530 8649
561 5837 -353 -5260 -355 -5530 8648
562 5834 -353 -5261 -353 -5526 8649
563 5836 -353 -5259 -352 -5528 8644
564 5833 -351 -5259 -353 -5528 8648
565 5832 -353 -5259 -353 -5528 8648
566 5832 -356 -5256 -350 -5526 8648
567 5833 -353 -5257 -349 -5528 8645
568 5832 -354 -5258 -353 -5528 8646
569 5830 -352 -5255 -355 -5526 8645
570 5830 -355 -5256 -353 -5526 8643
571 5828 -351 -5259 -351 -5527 8642
572 5830 -355 -5257 -352 -5527 8645
573 5832 -351 -5255 -351 -5526 8645
574 5828 -353 -5256 -353 -5525 8642
575 5826 -358 -5255 -353 -5526 8645
576 5826 -357 -5257 -354 -5528 8642
577 5828 -354 -5259 -352 -5527 8644
578 5821 -355 -5259 -354 -5526 8639
579 5827 -353 -5259 -354 -5525 8642
580 5825 -354 -5256 -352 -5524 8646
581 5824 -357 -5258 -353 -5524 8645
582 5824 -356 -5258 -351 -5522 8644
583 5824 -354 -5258 -350 -5524 8644
584 5824 -357 -5259 -350 -5523 8643
585 5824 -355 -5256 -349 -5524 8643
586 5824 -353 -5258 -350 -5526 8642
587 5826 -352 -5262 -350 -5524 8643
588 5823 -356 -5259 -350 -5524 8641
589 5820 -355 -5258 -348 -5523 8644
590 5820 -352 -5260 -350 -5523 8643
591 5821 -353 -5259 -349 -5525 8643
592 5821 -352 -5259 -345 -5522 8644
593 5822 -359 -5258 -349 -5523 8644
594 5821 -353 -5258 -346 -5522 8646
595 5820 -357 -5262 -347 -5521 8645
596 5818 -352 -5259 -346 -5523 8645
597 5817 -358 -5260 -343 -5524 8645
598 5817 -355 -5262 -348 -5521 8644
599 5817 -355 -5263 -349 -5524 8644
600 5818 -357 -5262 -346 -5522 8644
601 5817 -357 -5260 -347 -5523 8645
602 5814 -357 -5265 -343 -5524 8647
603 5818 -355 -5262 -349 -5523 8646
604 5814 -357 -5265 -346 -5521 8648
605 5815 -355 -5261 -346 -5520 8646
606 5817 -352 -5263 -345 -5521 8646
607 5817 -355 -5262 -344 -5521 8649
608 5817 -355 -5261 -344 -5519 8648
609 5815 -354 -5262 -342 -5520 8648
610 5818 -354 -5261 -346 -5519 8647
611 5815 -354 -5261 -344 -5522 8647
612 5814 -352 -5261 -345 -5516 8646
613 5816 -355 -5262 -346 -5521 8650
614 5816 -354 -5263 -345 -5519 8649
615 5817 -354 -5261 -345 -5520 8645
616 5816 -354 -5263 -345 -5523 8650
617 5813 -353 -5265 -346 -5518 8649
618 5812 -353 -5262 -344 -5519 8649
619 5815 -354 -5263 -343 -5519 8647
620 5814 -356 -5264 -344 -5521 8648
621 5810 -358 -5265 -344 -5515 8650
622 5813 -357 -5266 -345 -5522 8649
623 5813 -356 -5262 -344 -5518 8651
624 5810 -354 -5266 -343 -5523 8650
625 5811 -356 -5264 -342 -5520 8649
626 5815 -354 -5264 -342 -5515 8649
627 5813 -354 -5263 -343 -5520 8651
628 5813 -354 -5264 -341 -5522 8649
629 5813 -353 -5265 -343 -5517 8649
630 5812 -353 -5264 -343 -5515 8648
631 5816 -352 -5266 -341 -5516 8648
632 5812 -354 -5263 -343 -5517 8649
633 5813 -353 -5265 -339 -5517 8651
634 5810 -357 -5263 -343 -5516 8651
635 5812 -355 -5262 -343 -5519 8648
636 5810 -355 -5264 -342 -5518 8648
637 5809 -354 -5262 -341 -5516 8647
638 5811 -356 -5265 -342 -5518 8648
639 5810 -356 -5264 -343 -5516 8648
640 5810 -355 -5263 -340 -5517 8647
641 5813 -357 -5262 -341 -5518 8650
642 5811 -353 -5262 -346 -5518 8648
643 5810 -355 -5262 -340 -5516 8646
644 5812 -355 -5261 -339 -5517 8648
645 5807 -356 -5263 -341 -5516 8646
646 5810 -354 -5260 -339 -5520 8647
647 5809 -358 -5262 -340 -5515 8644
648 5810 -354 -5264 -341 -5518 8647
649 5811 -353 -5262 -340 -5515 8646
650 5811 -355 -5262 -342 -5515 8644
651 5812 -354 -5259 -342 -5516 8645
652 5810 -354 -5263 -342 -5518 8644
653 5809 -356 -5261 -342 -5515 8646
654 5810 -356 -5259 -341 -5514 8646
655 5808 -352 -5259 -341 -5514 8646
656 5808 -354 -5258 -342 -5516 8646
657 5809 -356 -5261 -342 -5520 8642
658 5810 -357 -5262 -344 -5517 8640
659 5807 -357 -5261 -343 -5515 8644
660 5811 -356 -5259 -341 -5517 8643
661 5809 -351 -5260 -342 -5518 8644
662 5811 -353 -5260 -343 -5519 8645
663 5811 -357 -5256 -343 -5518 8646
664 5810 -358 -5261 -342 -5520 8642
665 5810 -357 -5262 -342 -5517 8644
666 5809 -357 -5263 -344 -5518 8644
667 5810 -355 -5263 -343 -5519 8645
668 5810 -355 -5264 -345 -5519 8644
669 5813 -353 -5262 -344 -5519 8643
670 5813 -357 -5261 -343 -5517 8646
671 5812 -357 -5265 -342 -5518 8645
672 5815 -353 -5262 -342 -5520 8647
673 5815 -355 -5263 -341 -5520 8643
674 5813 -356 -5264 -345 -5518 8645
675 5816 -357 -5263 -343 -5519 8644
676 5817 -354 -5264 -347 -5522 8647
677 5814 -358 -5262 -343 -5519 8648
678 5816 -356 -5263 -347 -5521 8642
679 5812 -357 -5264 -344 -5520 8644
680 5814 -359 -5263 -342 -5520 8644
681 5814 -355 -5262 -345 -5522 8641
682 5816 -363 -5263 -346 -5523 8642
683 5816 -356 -5263 -345 -5520 8643
684 5814 -359 -5266 -346 -5522 8642
685 5819 -357 -5265 -350 -5523 8645
686 5817 -358 -5264 -349 -5522 8643
687 5817 -353 -5262 -348 -5525 8644
688 5818 -357 -5267 -348 -5523 8644
689 5817 -359 -5266 -346 -5521 8644
690 5823 -354 -5264 -344 -5525 8644
691 5818 -359 -5266 -344 -5524 8643
692 5821 -359 -5264 -346 -5520 8643
693 5824 -355 -5265 -348 -5527 8641
694 5823 -355 -5266 -347 -5525 8645
695 5824 -357 -5265 -346 -5521 8644
696 5823 -357 -5267 -349 -5524 8646
697 5825 -356 -5266 -350 -5526 8647
698 5825 -356 -5267 -345 -5524 8647
699 5827 -355 -5268 -347 -5523 8646
700 5826 -357 -5267 -351 -5527 8643
701 5824 -360 -5265 -351 -5526 8645
702 5827 -355 -5268 -350 -5524 8645
703 5828 -357 -5268 -350 -5526 8647
704 5827 -361 -5266 -352 -5529 8644
705 5829 -359 -5266 -350 -5527 8646
706 5829 -360 -5265 -352 -5527 8644
707 5829 -361 -5265 -349 -5528 8641
708 5826 -361 -5267 -353 -5529 8643
709 5829 -359 -5267 -352 -5530 8643
710 5828 -360 -5270 -355 -5528 8642
711 5830 -362 -5267 -353 -5529 8640
712 5831 -360 -5267 -352 -5526 8642
713 5831 -359 -5268 -354 -5528 8639
714 5830 -359 -5268 -352 -5532 8641
715 5831 -359 -5271 -353 -5530 8640
716 5835 -357 -5269 -354 -5531 8639
717 5831 -360 -5272 -353 -5533 8640
718 5834 -361 -5267 -354 -5529 8642
719 5832 -359 -5267 -356 -5529 8639
720 5836 -360 -5268 -354 -5531 8639
721 5835 -360 -5266 -356 -5531 8636
722 5834 -358 -5264 -356 -5534 8637
723 5834 -360 -5267 -356 -5534 8636
724 5835 -364 -5268 -355 -5532 8639
725 5835 -361 -5268 -353 -5533 8638
726 5836 -361 -5268 -354 -5530 8637
727 5836 -359 -5266 -355 -5529 8635
728 5837 -360 -5269 -356 -5531 8641
729 5837 -362 -5268 -357 -5529 8635
730 5837 -363 -5271 -358 -5534 8635
731 5842 -363 -5269 -356 -5530 8638
732 5836 -363 -5268 -355 -5533 8633
733 5837 -363 -5269 -356 -5533 8634
734 5839 -361 -5272 -358 -5534 8633
735 5841 -361 -5269 -358 -5536 8634
736 5839 -362 -5270 -358 -5534 8629
737 5842 -359 -5270 -357 -5536 8634
738 5842 -363 -5272 -356 -5536 8631
739 5839 -362 -5275 -359 -5535 8632
740 5838 -361 -5270 -359 -5535 8630
741 5842 -366 -5272 -360 -5538 8631
742 5841 -362 -5273 -358 -5540 8630
743 5844 -365 -5275 -358 -5536 8632
744 5843 -365 -5273 -360 -5538 8631
745 5842 -364 -5274 -359 -5538 8632
746 5846 -365 -5274 -359 -5536 8632
747 5847 -366 -5275 -359 -5542 8632
748 5846 -365 -5275 -361 -5540 8626
749 5843 -367 -5274 -361 -5538 8632
750 5849 -368 -5275 -362 -5538 8628
751 5846 -365 -5277 -362 -5537 8632
752 5845 -367 -5278 -362 -5538 8630
753 5845 -369 -5278 -364 -5541 8629
754 5846 -367 -5279 -361 -5540 8629
755 5848 -371 -5278 -359 -5540 8628
756 5847 -367 -5281 -360 -5544 8630
757 5849 -369 -5279 -364 -5542 8629
758 5847 -367 -5280 -360 -5542 8628
759 5850 -370 -5278 -361 -5542 8629
760 5848 -365 -5282 -362 -5537 8624
761 5847 -367 -5281 -360 -5541 8628
762 5850 -371 -5281 -361 -5541 8626
763 5851 -370 -5279 -362 -5541 8624
764 5849 -371 -5281 -362 -5541 8625
765 5849 -371 -5282 -362 -5541 8624
766 5850 -371 -5282 -363 -5542 8626
767 5849 -369 -5283 -363 -5542 8627
768 5847 -372 -5282 -362 -5541 8624
769 5851 -372 -5282 -363 -5542 8625
770 5848 -373 -5287 -362 -5541 8628
771 5849 -375 -5285 -362 -5543 8625
772 5849 -375 -5288 -362 -5545 8626
773 5852 -374 -5286 -363 -5539 8625
774 5849 -374 -5289 -362 -5542 8623
775 5848 -375 -5287 -366 -5539 8626
776 5849 -374 -5288 -359 -5541 8625
777 5850 -376 -5290 -362 -5539 8624
778 5852 -375 -5290 -363 -5543 8626
779 5853 -373 -5290 -363 -5542 8623
780 5851 -374 -5292 -359 -5545 8624
781 5851 -375 -5292 -359 -5543 8626
782 5848 -371 -5294 -359 -5542 8624
783 5857 -375 -5293 -361 -5538 8626
784 5850 -376 -5294 -364 -5541 8624
785 5851 -374 -5297 -360 -5541 8624
786 5847 -374 -5294 -360 -5543 8623
787 5853 -374 -5290 -361 -5543 8622
788 5850 -374 -5294 -361 -5543 8624
789 5850 -377 -5296 -360 -5540 8621
790 5851 -378 -5295 -359 -5540 8623
791 5848 -379 -5296 -361 -5542 8621
792 5846 -381 -5296 -360 -5541 8621
793 5848 -381 -5295 -360 -5539 8623
794 5850 -378 -5296 -361 -5541 8620
795 5847 -380 -5297 -361 -5540 8620
796 5845 -381 -5299 -358 -5540 8618
797 5847 -380 -5297 -357 -5540 8616
798 5848 -380 -5298 -359 -5540 8615
799 5841 -385 -5300 -357 -5542 8616
800 5844 -381 -5299 -351 -5540 8616
801 5844 -381 -5300 -354 -5538 8616
802 5847 -381 -5294 -356 -5538 8615
803 5844 -384 -5296 -354 -5537 8613
804 5842 -381 -5299 -354 -5537 8612
805 5846 -380 -5299 -354 -5537 8607
806 5845 -383 -5298 -354 -5536 8609
807 5841 -382 -5299 -355 -5535 8610
808 5843 -383 -5300 -355 -5536 8608
809 5840 -387 -5299 -356 -5536 8606
810 5839 -384 -5300 -354 -5538 8607
811 5837 -386 -5298 -352 -5535 8606
812 5839 -387 -5298 -355 -5531 8605
813 5838 -387 -5298 -354 -5532 8604
814 5838 -388 -5301 -352 -5533 8602
815 5836 -389 -5303 -352 -5533 8604
816 5835 -388 -5302 -348 -5533 8602
817 5838 -392 -5302 -351 -5530 8601
818 5835 -389 -5305 -350 -5535 8598
819 5833 -391 -5303 -350 -5534 8598
820 5834 -388 -5303 -350 -5533 8600
821 5832 -391 -5306 -351 -5534 8601
822 5834 -393 -5304 -346 -5532 8600
823 5832 -390 -5303 -348 -5531 8598
824 5831 -391 -5306 -351 -5533 8597
825 5833 -388 -5306 -344 -5532 8600
826 5833 -392 -5306 -346 -5532 8596
827 5832 -392 -5305 -346 -5532 8594
828 5830 -390 -5307 -347 -5534 8596
829 5835 -391 -5309 -348 -5531 8596
830 5829 -393 -5307 -345 -5532 8592
831 5828 -394 -5309 -346 -5531 8593
832 5829 -391 -5308 -347 -5530 8595
833 5828 -393 -5308 -346 -5531 8594
834 5827 -397 -5310 -341 -5529 8590
835 5827 -396 -5309 -344 -5529 8593
836 5826 -395 -5309 -344 -5527 8592
837 5828 -397 -5311 -341 -5529 8590
838 5825 -398 -5309 -344 -5527 8591
839 5824 -395 -5310 -343 -5528 8589
840 5825 -399 -5312 -341 -5530 8591
841 5822 -399 -5314 -340 -5528 8588
842 5825 -399 -5315 -343 -5529 8588
843 5822 -396 -5315 -341 -5526 8589
844 5823 -399 -5314 -342 -5526 8587
845 5820 -400 -5316 -338 -5529 8586
846 5820 -399 -5315 -339 -5528 8586
847 5820 -401 -5317 -338 -5525 8587
848 5820 -399 -5315 -339 -5524 8587
849 5820 -401 -5315 -337 -5526 8581
850 5819 -402 -5314 -339 -5522 8586
851 5820 -402 -5315 -338 -5525 8585
852 5819 -401 -5314 -337 -5522 8582
853 5814 -404 -5318 -338 -5524 8584
854 5818 -406 -5320 -339 -5526 8586
855 5813 -403 -5318 -337 -5526 8584
856 5812 -404 -5320 -337 -5524 8582
857 5815 -404 -5322 -337 -5524 8582
858 5814 -404 -5320 -339 -5524 8582
859 5816 -405 -5323 -337 -5523 8582
860 5815 -408 -5322 -335 -5524 8582
861 5816 -406 -5323 -333 -5523 8584
862 5817 -407 -5324 -332 -5522 8583
863 5814 -405 -5327 -333 -5522 8581
864 5815 -408 -5323 -335 -5521 8584
865 5814 -405 -5326 -334 -5523 8582
866 5813 -407 -5329 -335 -5524 8585
867 5816 -406 -5328 -330 -5518 8583
868 5814 -405 -5326 -334 -5521 8583
869 5813 -407 -5329 -330 -5521 8582
870 5814 -405 -5329 -332 -5520 8583
871 5813 -408 -5331 -333 -5521 8581
872 5813 -411 -5330 -334 -5522 8583
873 5814 -409 -5329 -334 -5522 8583
874 5811 -407 -5332 -334 -5523 8581
875 5813 -408 -5332 -331 -5521 8582
876 5813 -407 -5333 -333 -5522 8580
877 5812 -412 -5336 -332 -5522 8578
878 5809 -412 -5332 -332 -5522 8581
879 5810 -410 -5334 -331 -5523 8580
880 5808 -411 -5333 -331 -5518 8577
881 5806 -411 -5334 -332 -5518 8578
882 5810 -412 -5334 -331 -5519 8576
883 5808 -412 -5334 -329 -5518 8576
884 5806 -411 -5337 -329 -5518 8575
885 5807 -411 -5334 -329 -5517 8576
886 5806 -410 -5334 -327 -5520 8576
887 5805 -413 -5336 -327 -5519 8575
888 5804 -415 -5335 -330 -5517 8572
889 5805 -411 -5337 -325 -5515 8574
890 5805 -411 -5338 -324 -5518 8574
891 5804 -416 -5334 -328 -5518 8572
892 5808 -414 -5335 -328 -5517 8574
893 5805 -413 -5336 -327 -5520 8567
894 5804 -415 -5337 -327 -5518 8574
895 5807 -414 -5338 -328 -5515 8572
896 5804 -417 -5334 -327 -5517 8569
897 5804 -414 -5338 -326 -5514 8570
898 5803 -417 -5337 -328 -5518 8569
899 5805 -415 -5339 -323 -5517 8572
900 5804 -417 -5338 -329 -5517 8567
901 5806 -419 -5340 -326 -5521 8567
902 5804 -417 -5338 -326 -5517 8567
903 5802 -420 -5339 -330 -5519 8567
904 5802 -417 -5338 -328 -5519 8568
905 5806 -417 -5338 -328 -5520 8567
906 5805 -419 -5342 -326 -5516 8567
907 5803 -418 -5338 -326 -5518 8568
908 5805 -421 -5338 -325 -5520 8568
909 5807 -415 -5341 -327 -5519 8566
910 5805 -418 -5342 -329 -5518 8570
911 5803 -420 -5342 -325 -5518 8567
912 5807 -415 -5341 -329 -5518 8565
913 5808 -419 -5341 -327 -5519 8567
914 5810 -418 -5340 -329 -5519 8567
915 5805 -420 -5343 -330 -5518 8567
916 5805 -418 -5343 -329 -5519 8566
917 5806 -419 -5341 -325 -5519 8565
918 5806 -419 -5344 -330 -5519 8567
919 5807 -418 -5344 -329 -5520 8565
920 5808 -420 -5347 -327 -5519 8565
921 5808 -420 -5344 -329 -5521 8565
922 5810 -422 -5345 -331 -5519 8560
923 5810 -423 -5350 -329 -5518 8561
924 5808 -420 -5343 -327 -5522 8562
925 5807 -424 -5347 -330 -5519 8559
926 5808 -423 -5347 -331 -5522 8558
927 5808 -425 -5344 -331 -5523 8562
928 5805 -421 -5346 -329 -5522 8562
929 5807 -423 -5344 -328 -5521 8560
930 5807 -423 -5348 -334 -5519 8558
931 5808 -422 -5345 -332 -5520 8556
932 5808 -423 -5344 -328 -5520 8561
933 5812 -423 -5344 -328 -5521 8560
934 5812 -423 -5345 -327 -5522 8557
935 5810 -423 -5342 -325 -5519 8556
936 5807 -423 -5346 -329 -5521 8554
937 5811 -421 -5345 -331 -5521 8556
938 5810 -424 -5346 -329 -5520 8554
939 5807 -424 -5345 -333 -5519 8551
940 5810 -425 -5346 -332 -5520 8556
941 5809 -424 -5344 -330 -5522 8554
942 5811 -425 -5345 -330 -5523 8555
943 5815 -425 -5344 -331 -5524 8556
944 5812 -427 -5348 -332 -5525 8554
945 5813 -426 -5346 -334 -5526 8558
946 5814 -427 -5346 -334 -5523 8557
947 5812 -425 -5351 -333 -5525 8555
948 5813 -425 -5348 -334 -5524 8557
949 5815 -426 -5349 -333 -5525 8558
950 5819 -429 -5351 -335 -5524 8558
951 5818 -425 -5350 -333 -5527 8558
952 5817 -426 -5352 -335 -5529 8558
953 5820 -426 -5352 -336 -5526 8558
954 5814 -425 -5350 -335 -5526 8559
955 5821 -425 -5350 -333 -5526 8561
956 5819 -423 -5350 -336 -5526 8558
957 5819 -423 -5352 -334 -5528 8558
958 5821 -427 -5350 -334 -5527 8559
959 5821 -428 -5355 -335 -5530 8559
960 5825 -426 -5353 -336 -5526 8558
961 5821 -425 -5350 -335 -5533 8556
962 5821 -428 -5352 -337 -5528 8557
963 5822 -428 -5352 -338 -5531 8555
964 5819 -427 -5354 -338 -5530 8558
965 5821 -427 -5352 -335 -5526 8558
966 5821 -426 -5349 -339 -5528 8557
967 5824 -426 -5351 -336 -5529 8556
968 5820 -428 -5353 -338 -5530 8554
969 5821 -426 -5352 -338 -5529 8557
970 5826 -425 -5351 -338 -5531 8554
971 5822 -428 -5351 -335 -5529 8554
972 5823 -432 -5352 -338 -5531 8557
973 5823 -427 -5352 -340 -5530 8554
974 5824 -427 -5355 -339 -5529 8554
975 5824 -431 -5352 -338 -5528 8555
976 5825 -428 -5353 -337 -5528 8552
977 5823 -426 -5353 -339 -5528 8554
978 5828 -426 -5351 -338 -5532 8555
979 5823 -425 -5349 -339 -5528 8552
980 5826 -429 -5350 -340 -5531 8552
981 5827 -426 -5352 -340 -5532 8551
982 5828 -429 -5350 -342 -5534 8552
983 5828 -430 -5351 -341 -5530 8552
984 5828 -429 -5351 -338 -5533 8552
985 5828 -429 -5350 -343 -5536 8552
986 5827 -428 -5352 -341 -5535 8552
987 5832 -427 -5350 -339 -5532 8551
988 5829 -428 -5352 -341 -5533 8555
989 5829 -430 -5352 -344 -5532 8555
990 5829 -429 -5356 -338 -5535 8554
991 5834 -428 -5349 -343 -5534 8556
992 5832 -429 -5353 -343 -5535 8557
993 5834 -426 -5352 -343 -5535 8556
994 5835 -427 -5355 -345 -5536 8554
995 5832 -429 -5354 -341 -5537 8555
996 5833 -427 -5355 -344 -5533 8558
997 5836 -425 -5356 -342 -5535 8557
998 5837 -427 -5354 -343 -5534 8553
999 5838 -426 -5356 -342 -5536 8557
