0 -365 -611 -59 2664 -2266 1680
1 -364 -613 -59 2662 -2267 1681
2 -364 -611 -60 2663 -2267 1683
3 -361 -610 -60 2664 -2268 1679
4 -363 -616 -57 2664 -2267 1681
5 -365 -615 -57 2663 -2266 1676
6 -364 -614 -59 2665 -2266 1676
7 -361 -612 -57 2666 -2268 1680
8 -365 -610 -56 2660 -2266 1680
9 -363 -614 -58 2668 -2265 1681
10 -364 -613 -54 2663 -2266 1677
11 -361 -613 -57 2665 -2266 1682
12 -360 -614 -58 2662 -2265 1681
13 -362 -612 -57 2662 -2265 1681
14 -365 -613 -57 2663 -2267 1680
15 -363 -615 -55 2665 -2265 1678
16 -365 -612 -58 2664 -2268 1682
17 -362 -614 -57 2662 -2264 1681
18 -365 -614 -53 2665 -2265 1678
19 -365 -613 -59 2660 -2266 1681
20 -364 -613 -56 2665 -2265 1680
21 -361 -613 -60 2664 -2266 1679
22 -363 -615 -58 2665 -2264 1679
23 -361 -613 -54 2661 -2266 1682
24 -363 -614 -54 2664 -2265 1681
25 -364 -618 -59 2664 -2267 1680
26 -365 -615 -56 2662 -2266 1681
27 -362 -616 -58 2659 -2266 1678
28 -366 -614 -58 2661 -2267 1677
29 -363 -614 -59 2660 -2265 1678
30 -363 -613 -61 2663 -2267 1680
31 -364 -613 -59 2663 -2268 1677
32 -364 -613 -58 2665 -2268 1681
33 -364 -613 -58 2662 -2265 1682
34 -365 -613 -60 2664 -2265 1680
35 -363 -615 -57 2663 -2266 1678
36 -364 -615 -57 2665 -2267 1681
37 -366 -614 -56 2662 -2266 1677
38 -364 -614 -58 2663 -2264 1677
39 -363 -614 -61 2661 -2264 1681
40 -364 -614 -58 2662 -2267 1681
41 -365 -611 -54 2662 -2265 1681
42 -364 -613 -56 2664 -2265 1683
43 -363 -615 -57 2661 -2266 1682
44 -363 -612 -55 2664 -2267 1682
45 -364 -616 -59 2665 -2267 1681
46 -364 -616 -60 2663 -2266 1681
47 -362 -613 -60 2662 -2267 1678
48 -364 -612 -59 2665 -2267 1679
49 -364 -615 -59 2662 -2267 1681
50 -363 -615 -58 2660 -2267 1683
51 -366 -616 -62 2663 -2266 1679
52 -366 -613 -60 2661 -2269 1679
53 -367 -614 -60 2662 -2266 1680
54 -366 -612 -58 2663 -2266 1680
55 -363 -616 -57 2663 -2266 1679
56 -366 -615 -60 2663 -2267 1679
57 -362 -610 -58 2664 -2265 1679
58 -363 -615 -57 2660 -2264 1677
59 -364 -614 -57 2663 -2264 1678
60 -364 -617 -56 2660 -2263 1683
61 -361 -615 -56 2663 -2265 1680
62 -364 -615 -55 2664 -2268 1679
63 -363 -616 -55 2663 -2264 1681
64 -363 -613 -57 2665 -2264 1680
65 -366 -614 -56 2663 -2265 1683
66 -362 -615 -56 2662 -2264 1680
67 -362 -616 -57 2658 -2265 1681
68 -362 -617 -59 2662 -2263 1678
69 -367 -614 -56 2662 -2265 1679
70 -362 -614 -57 2659 -2267 1681
71 -364 -615 -59 2663 -2269 1679
72 -363 -616 -60 2662 -2268 1678
73 -365 -614 -60 2662 -2266 1680
74 -364 -613 -56 2659 -2266 1680
75 -364 -615 -57 2665 -2263 1685
76 -364 -611 -56 2665 -2265 1680
77 -364 -613 -57 2666 -2266 1679
78 -363 -615 -56 2662 -2265 1681
79 -366 -611 -54 2662 -2264 1680
80 -362 -613 -59 2664 -2265 1680
81 -362 -611 -57 2664 -2267 1678
82 -363 -613 -54 2664 -2266 1680
83 -360 -616 -55 2661 -2265 1680
84 -362 -615 -60 2665 -2266 1680
85 -360 -615 -56 2664 -2270 1681
86 -365 -613 -57 2663 -2267 1680
87 -366 -611 -56 2662 -2264 1681
88 -366 -614 -58 2662 -2268 1675
89 -365 -613 -58 2661 -2265 1683
90 -362 -614 -56 2665 -2266 1681
91 -366 -615 -60 2664 -2266 1679
92 -364 -616 -57 2663 -2265 1680
93 -364 -614 -56 2661 -2266 1681
94 -360 -613 -58 2662 -2269 1679
95 -364 -615 -58 2664 -2266 1680
96 -362 -615 -58 2662 -2269 1678
97 -364 -614 -62 2664 -2267 1680
98 -360 -611 -57 2664 -2267 1684
99 -363 -609 -57 2661 -2268 1680
100 -365 -613 -59 2664 -2266 1676
101 -363 -614 -59 2664 -2265 1678
102 -363 -616 -56 2662 -2267 1677
103 -364 -614 -58 2662 -2266 1682
104 -363 -616 -57 2664 -2266 1681
105 -364 -615 -59 2661 -2267 1681
106 -363 -613 -56 2663 -2266 1675
107 -367 -614 -58 2664 -2268 1680
108 -363 -612 -54 2665 -2267 1679
109 -363 -617 -60 2662 -2266 1679
110 -364 -612 -57 2665 -2261 1679
111 -365 -616 -55 2663 -2266 1680
112 -366 -613 -59 2663 -2266 1680
113 -364 -614 -61 2664 -2262 1678
114 -363 -614 -56 2664 -2269 1679
115 -362 -612 -57 2664 -2265 1682
116 -362 -614 -57 2664 -2263 1684
117 -362 -614 -58 2662 -2267 1680
118 -362 -612 -58 2665 -2267 1681
119 -358 -614 -59 2662 -2266 1685
120 -366 -617 -54 2663 -2262 1681
121 -364 -613 -58 2661 -2265 1680
122 -361 -615 -58 2663 -2262 1680
123 -363 -613 -57 2663 -2264 1684
124 -363 -612 -56 2664 -2266 1679
125 -363 -614 -58 2665 -2262 1679
126 -365 -617 -56 2662 -2267 1681
127 -363 -613 -58 2664 -2267 1680
128 -364 -614 -55 2662 -2266 1680
129 -363 -613 -57 2661 -2268 1677
130 -364 -615 -56 2663 -2268 1682
131 -365 -613 -59 2664 -2266 1680
132 -364 -614 -56 2663 -2267 1678
133 -365 -613 -58 2664 -2266 1682
134 -361 -615 -61 2664 -2265 1680
135 -361 -613 -57 2663 -2265 1681
136 -362 -613 -58 2664 -2267 1679
137 -362 -615 -61 2663 -2265 1679
138 -363 -613 -58 2666 -2266 1681
139 -361 -613 -59 2662 -2265 1683
140 -367 -612 -56 2664 -2265 1680
141 -365 -614 -61 2663 -2267 1683
142 -365 -617 -58 2663 -2268 1680
143 -363 -612 -58 2660 -2266 1681
144 -364 -615 -59 2663 -2267 1681
145 -363 -614 -56 2662 -2264 1682
146 -362 -614 -58 2660 -2267 1678
147 -367 -614 -54 2661 -2267 1680
148 -365 -615 -60 2663 -2264 1682
149 -362 -613 -56 2666 -2266 1680
150 -364 -613 -55 2661 -2266 1680
151 -360 -614 -55 2662 -2265 1681
152 -362 -612 -57 2664 -2264 1683
153 -364 -612 -56 2663 -2267 1678
154 -366 -616 -58 2664 -2267 1679
155 -363 -617 -60 2661 -2266 1679
156 -364 -614 -57 2661 -2268 1677
157 -363 -613 -57 2664 -2265 1678
158 -360 -615 -59 2661 -2268 1680
159 -366 -616 -58 2663 -2268 1680
160 -365 -612 -58 2661 -2268 1679
161 -365 -615 -62 2665 -2265 1678
162 -363 -617 -56 2662 -2267 1680
163 -364 -613 -56 2663 -2265 1682
164 -366 -613 -59 2663 -2268 1678
165 -360 -615 -56 2661 -2264 1678
166 -363 -614 -56 2662 -2265 1678
167 -361 -615 -58 2661 -2268 1679
168 -366 -613 -58 2665 -2266 1683
169 -365 -615 -55 2662 -2267 1678
170 -365 -614 -59 2662 -2264 1680
171 -366 -617 -60 2661 -2264 1680
172 -365 -615 -58 2663 -2268 1680
173 -365 -612 -55 2661 -2267 1678
174 -363 -614 -57 2664 -2267 1681
175 -366 -617 -58 2664 -2268 1680
176 -364 -616 -59 2661 -2267 1679
177 -365 -614 -55 2661 -2271 1677
178 -366 -614 -61 2661 -2266 1681
179 -362 -616 -58 2662 -2267 1678
180 -367 -615 -60 2659 -2268 1676
181 -366 -616 -60 2662 -2267 1679
182 -364 -616 -64 2662 -2266 1677
183 -365 -617 -59 2661 -2267 1678
184 -364 -615 -58 2664 -2266 1679
185 -365 -617 -59 2663 -2265 1680
186 -363 -614 -59 2665 -2266 1681
187 -365 -613 -59 2664 -2267 1682
188 -364 -613 -59 2664 -2268 1682
189 -365 -617 -59 2663 -2266 1678
190 -362 -611 -54 2663 -2266 1677
191 -364 -613 -60 2661 -2267 1680
192 -366 -617 -59 2662 -2265 1680
193 -362 -615 -58 2663 -2263 1678
194 -364 -610 -59 2661 -2266 1681
195 -365 -618 -57 2660 -2267 1678
196 -365 -615 -59 2661 -2266 1679
197 -365 -616 -57 2663 -2269 1679
198 -366 -615 -57 2664 -2265 1681
199 -368 -614 -56 2662 -2267 1681
200 -366 -617 -56 2663 -2265 1681
201 -366 -617 -57 2663 -2266 1681
202 -363 -616 -54 2662 -2268 1678
203 -365 -611 -57 2662 -2268 1680
204 -365 -615 -59 2661 -2265 1680
205 -365 -616 -59 2665 -2266 1678
206 -364 -614 -57 2661 -2263 1678
207 -362 -613 -58 2662 -2267 1683
208 -362 -616 -59 2662 -2266 1681
209 -363 -618 -56 2662 -2268 1681
210 -365 -615 -56 2664 -2266 1680
211 -364 -615 -57 2662 -2265 1682
212 -363 -613 -58 2662 -2266 1683
213 -366 -615 -57 2662 -2266 1682
214 -362 -611 -59 2662 -2265 1683
215 -365 -612 -60 2664 -2267 1681
216 -361 -610 -57 2663 -2268 1679
217 -363 -614 -60 2661 -2267 1680
218 -368 -616 -59 2661 -2267 1679
219 -362 -612 -57 2663 -2267 1681
220 -365 -614 -60 2662 -2265 1681
221 -365 -612 -58 2665 -2269 1681
222 -363 -613 -57 2663 -2270 1681
223 -366 -616 -58 2663 -2268 1680
224 -363 -615 -60 2660 -2267 1679
225 -367 -617 -57 2664 -2267 1679
226 -362 -615 -59 2662 -2266 1678
227 -366 -612 -62 2661 -2269 1679
228 -367 -612 -58 2662 -2266 1680
229 -366 -615 -57 2661 -2265 1680
230 -364 -612 -53 2664 -2267 1681
231 -363 -613 -57 2662 -2266 1682
232 -364 -611 -57 2664 -2267 1681
233 -362 -610 -59 2661 -2266 1681
234 -361 -614 -54 2662 -2267 1682
235 -364 -612 -58 2662 -2263 1682
236 -363 -612 -58 2666 -2266 1682
237 -365 -612 -59 2663 -2268 1678
238 -360 -615 -60 2660 -2265 1678
239 -365 -612 -57 2662 -2264 1679
240 -364 -617 -60 2664 -2266 1679
241 -364 -614 -55 2661 -2269 1680
242 -366 -615 -56 2661 -2268 1676
243 -365 -616 -58 2660 -2271 1680
244 -365 -617 -59 2659 -2265 1678
245 -366 -617 -60 2665 -2264 1678
246 -368 -616 -56 2662 -2266 1678
247 -367 -614 -58 2663 -2268 1679
248 -365 -615 -60 2660 -2266 1678
249 -366 -617 -58 2662 -2266 1679
250 -364 -615 -59 2660 -2265 1680
251 -365 -615 -60 2660 -2266 1680
252 -365 -613 -60 2664 -2266 1680
253 -365 -613 -59 2662 -2267 1678
254 -365 -613 -60 2663 -2268 1678
255 -363 -614 -58 2664 -2266 1681
256 -367 -616 -58 2664 -2269 1681
257 -364 -612 -62 2658 -2267 1678
258 -362 -616 -58 2662 -2269 1678
259 -364 -614 -58 2662 -2267 1680
260 -367 -612 -57 2662 -2268 1676
261 -364 -615 -62 2661 -2267 1682
262 -365 -616 -56 2660 -2264 1681
263 -364 -614 -55 2661 -2266 1680
264 -366 -616 -58 2660 -2269 1677
265 -364 -615 -57 2662 -2270 1678
266 -367 -615 -60 2660 -2267 1679
267 -363 -615 -59 2660 -2267 1680
268 -364 -618 -62 2662 -2269 1678
269 -366 -615 -59 2664 -2267 1678
270 -363 -615 -58 2661 -2268 1678
271 -365 -614 -61 2666 -2267 1678
272 -364 -614 -61 2665 -2267 1677
273 -365 -615 -60 2664 -2266 1680
274 -365 -615 -61 2664 -2265 1678
275 -362 -613 -57 2664 -2264 1683
276 -364 -611 -56 2664 -2265 1678
277 -357 -612 -57 2663 -2265 1684
278 -360 -613 -58 2663 -2265 1678
279 -363 -614 -59 2663 -2266 1681
280 -360 -613 -58 2665 -2265 1683
281 -365 -616 -58 2665 -2267 1681
282 -364 -613 -58 2663 -2264 1677
283 -363 -613 -56 2664 -2266 1680
284 -364 -614 -55 2664 -2265 1683
285 -364 -612 -55 2664 -2264 1679
286 -362 -615 -56 2660 -2264 1680
287 -366 -615 -54 2662 -2266 1679
288 -364 -613 -57 2662 -2262 1682
289 -365 -615 -57 2664 -2266 1679
290 -362 -614 -56 2664 -2265 1682
291 -364 -617 -60 2662 -2266 1680
292 -366 -612 -55 2661 -2265 1684
293 -362 -613 -57 2665 -2264 1679
294 -363 -614 -54 2666 -2264 1681
295 -365 -614 -59 2664 -2266 1682
296 -359 -616 -57 2663 -2264 1681
297 -364 -608 -55 2663 -2264 1682
298 -363 -614 -57 2665 -2266 1680
299 -364 -613 -58 2662 -2266 1682
300 -361 -615 -60 2661 -2266 1679
301 -363 -615 -57 2663 -2266 1683
302 -364 -612 -56 2664 -2264 1680
303 -363 -611 -55 2664 -2266 1684
304 -360 -613 -58 2665 -2269 1683
305 -360 -613 -57 2666 -2267 1684
306 -360 -615 -57 2666 -2268 1682
307 -363 -614 -57 2661 -2266 1681
308 -362 -613 -57 2661 -2264 1678
309 -366 -614 -59 2661 -2266 1679
310 -360 -615 -57 2660 -2268 1678
311 -363 -611 -58 2664 -2268 1680
312 -363 -613 -58 2663 -2268 1681
313 -364 -614 -58 2661 -2265 1684
314 -362 -615 -56 2664 -2263 1681
315 -362 -614 -58 2660 -2267 1678
316 -364 -615 -59 2664 -2266 1680
317 -365 -614 -58 2665 -2267 1681
318 -364 -613 -58 2666 -2267 1680
319 -364 -613 -55 2665 -2266 1681
320 -366 -614 -56 2661 -2265 1682
321 -361 -610 -59 2664 -2266 1678
322 -363 -614 -57 2661 -2268 1679
323 -366 -613 -55 2663 -2266 1677
324 -365 -614 -58 2662 -2267 1678
325 -362 -614 -58 2662 -2266 1681
326 -364 -613 -59 2664 -2266 1681
327 -366 -616 -55 2662 -2265 1682
328 -366 -614 -57 2662 -2266 1679
329 -366 -615 -56 2664 -2265 1679
330 -365 -615 -56 2664 -2264 1680
331 -366 -612 -57 2662 -2264 1682
332 -365 -616 -60 2662 -2266 1681
333 -364 -615 -56 2662 -2265 1681
334 -364 -617 -57 2662 -2266 1679
335 -363 -613 -57 2662 -2266 1680
336 -366 -614 -55 2662 -2266 1679
337 -366 -617 -58 2660 -2268 1677
338 -365 -616 -57 2661 -2263 1678
339 -364 -614 -52 2666 -2264 1683
340 -364 -610 -57 2665 -2266 1678
341 -364 -614 -57 2662 -2265 1683
342 -364 -614 -58 2665 -2268 1678
343 -365 -616 -60 2662 -2266 1678
344 -364 -617 -57 2661 -2267 1679
345 -363 -611 -58 2664 -2266 1681
346 -363 -617 -60 2662 -2270 1682
347 -363 -615 -60 2661 -2264 1679
348 -363 -613 -58 2662 -2266 1680
349 -364 -613 -58 2663 -2268 1676
350 -366 -617 -58 2663 -2268 1681
351 -364 -613 -59 2663 -2267 1676
352 -364 -613 -60 2662 -2267 1682
353 -367 -615 -61 2662 -2268 1678
354 -361 -615 -59 2662 -2265 1676
355 -368 -615 -58 2662 -2269 1680
356 -363 -617 -60 2663 -2269 1677
357 -365 -616 -60 2660 -2268 1678
358 -367 -615 -60 2661 -2269 1679
359 -366 -614 -57 2662 -2268 1676
360 -364 -616 -61 2665 -2267 1679
361 -364 -613 -59 2662 -2268 1678
362 -364 -615 -57 2662 -2264 1678
363 -364 -614 -59 2667 -2265 1682
364 -363 -611 -60 2662 -2267 1679
365 -365 -617 -61 2662 -2267 1680
366 -365 -615 -56 2662 -2269 1678
367 -361 -614 -59 2662 -2266 1682
368 -363 -615 -59 2660 -2266 1678
369 -364 -615 -59 2664 -2269 1678
370 -364 -618 -59 2660 -2267 1679
371 -363 -613 -58 2660 -2268 1681
372 -366 -616 -57 2661 -2263 1678
373 -365 -615 -55 2662 -2266 1681
374 -367 -615 -56 2662 -2266 1681
375 -363 -617 -57 2662 -2268 1680
376 -363 -615 -59 2665 -2269 1681
377 -366 -616 -60 2661 -2267 1683
378 -362 -613 -60 2662 -2268 1681
379 -361 -616 -60 2664 -2266 1680
380 -362 -615 -58 2664 -2266 1679
381 -364 -613 -57 2665 -2264 1681
382 -362 -613 -58 2663 -2266 1682
383 -361 -612 -57 2662 -2268 1680
384 -364 -613 -59 2664 -2266 1679
385 -362 -614 -57 2665 -2264 1676
386 -365 -613 -57 2663 -2264 1680
387 -365 -616 -59 2662 -2266 1677
388 -364 -615 -60 2663 -2266 1680
389 -363 -617 -58 2664 -2267 1682
390 -362 -615 -59 2664 -2266 1678
391 -365 -617 -60 2663 -2267 1680
392 -366 -616 -59 2663 -2265 1682
393 -363 -613 -58 2663 -2265 1683
394 -364 -616 -58 2663 -2268 1681
395 -366 -614 -58 2663 -2264 1681
396 -365 -614 -57 2663 -2268 1681
397 -360 -610 -58 2665 -2268 1683
398 -362 -612 -61 2664 -2266 1681
399 -360 -614 -58 2666 -2265 1680
400 -365 -616 -60 2662 -2266 1678
401 -364 -614 -61 2663 -2267 1681
402 -362 -614 -56 2665 -2267 1677
403 -365 -614 -61 2662 -2268 1677
404 -363 -613 -60 2666 -2266 1683
405 -361 -614 -58 2666 -2266 1677
406 -364 -614 -58 2665 -2269 1679
407 -366 -614 -58 2663 -2268 1678
408 -363 -614 -59 2661 -2265 1680
409 -363 -614 -59 2663 -2266 1680
410 -365 -612 -54 2663 -2265 1681
411 -364 -610 -57 2662 -2266 1680
412 -362 -615 -57 2664 -2266 1678
413 -364 -614 -58 2662 -2267 1680
414 -365 -617 -56 2664 -2261 1680
415 -367 -615 -60 2662 -2264 1681
416 -364 -613 -58 2662 -2268 1680
417 -366 -615 -56 2663 -2263 1680
418 -367 -614 -56 2658 -2267 1682
419 -365 -614 -60 2662 -2267 1680
420 -363 -615 -57 2664 -2263 1677
421 -363 -617 -56 2659 -2267 1678
422 -365 -615 -59 2662 -2267 1678
423 -364 -617 -58 2663 -2266 1680
424 -365 -615 -58 2664 -2267 1680
425 -366 -616 -60 2662 -2267 1678
426 -365 -615 -56 2665 -2265 1680
427 -365 -615 -57 2663 -2264 1679
428 -363 -613 -58 2664 -2265 1680
429 -364 -616 -57 2662 -2268 1679
430 -363 -618 -58 2659 -2267 1676
431 -365 -616 -59 2662 -2268 1680
432 -363 -616 -60 2662 -2267 1679
433 -365 -613 -60 2662 -2268 1682
434 -362 -614 -58 2664 -2266 1681
435 -364 -616 -58 2662 -2267 1680
436 -362 -615 -60 2660 -2267 1678
437 -364 -616 -60 2663 -2265 1681
438 -367 -612 -57 2663 -2265 1677
439 -363 -613 -59 2660 -2267 1679
440 -364 -613 -59 2662 -2269 1680
441 -366 -615 -60 2661 -2267 1680
442 -364 -613 -59 2664 -2269 1677
443 -366 -616 -59 2658 -2266 1678
444 -363 -613 -60 2663 -2266 1677
445 -364 -615 -59 2664 -2265 1678
446 -366 -613 -60 2662 -2266 1680
447 -363 -614 -62 2660 -2265 1678
448 -364 -613 -58 2660 -2268 1681
449 -364 -614 -58 2659 -2265 1680
450 -365 -613 -57 2664 -2267 1678
451 -365 -615 -59 2665 -2266 1678
452 -364 -612 -59 2660 -2266 1679
453 -363 -615 -59 2664 -2267 1680
454 -363 -614 -55 2664 -2266 1683
455 -366 -612 -58 2661 -2267 1678
456 -364 -614 -55 2664 -2267 1679
457 -365 -616 -58 2661 -2267 1678
458 -366 -617 -60 2662 -2264 1679
459 -363 -613 -58 2662 -2267 1680
460 -365 -616 -58 2662 -2267 1681
461 -366 -616 -58 2662 -2267 1677
462 -367 -618 -57 2665 -2264 1682
463 -365 -614 -57 2663 -2267 1679
464 -364 -616 -58 2663 -2264 1681
465 -364 -614 -59 2660 -2265 1678
466 -364 -618 -58 2664 -2267 1679
467 -362 -616 -58 2661 -2268 1682
468 -365 -614 -60 2666 -2265 1681
469 -363 -615 -59 2662 -2267 1680
470 -363 -614 -59 2663 -2268 1679
471 -367 -615 -59 2663 -2268 1680
472 -365 -614 -56 2662 -2264 1681
473 -365 -614 -57 2659 -2267 1680
474 -365 -615 -56 2664 -2266 1684
475 -364 -612 -58 2663 -2268 1680
476 -365 -614 -59 2664 -2271 1680
477 -364 -615 -54 2662 -2267 1678
478 -362 -614 -58 2662 -2268 1678
479 -362 -615 -60 2663 -2268 1681
480 -360 -614 -60 2660 -2268 1679
481 -366 -613 -60 2662 -2266 1681
482 -364 -615 -58 2664 -2266 1679
483 -363 -617 -57 2662 -2267 1677
484 -364 -616 -54 2659 -2267 1680
485 -366 -616 -61 2663 -2266 1679
486 -362 -616 -60 2663 -2267 1676
487 -362 -611 -58 2665 -2268 1679
488 -362 -614 -60 2664 -2266 1679
489 -363 -612 -56 2664 -2265 1681
490 -362 -613 -61 2663 -2270 1681
491 -364 -614 -59 2664 -2268 1681
492 -363 -615 -58 2665 -2266 1678
493 -365 -610 -57 2661 -2265 1679
494 -363 -611 -58 2664 -2264 1679
495 -365 -615 -56 2664 -2267 1680
496 -362 -613 -56 2660 -2265 1680
497 -366 -615 -58 2663 -2263 1680
498 -365 -612 -55 2663 -2262 1682
499 -363 -613 -58 2663 -2265 1682
500 -361 -612 -56 2664 -2266 1678
501 -363 -616 -57 2660 -2266 1677
502 -363 -616 -59 2662 -2267 1681
503 -361 -613 -55 2665 -2269 1683
504 -362 -612 -56 2662 -2267 1681
505 -364 -616 -58 2666 -2268 1682
506 -362 -613 -53 2663 -2265 1680
507 -365 -615 -55 2663 -2262 1682
508 -365 -616 -60 2660 -2264 1682
509 -364 -615 -58 2661 -2263 1680
510 -363 -613 -58 2662 -2266 1683
511 -364 -615 -56 2661 -2266 1680
512 -363 -615 -56 2663 -2267 1681
513 -364 -614 -56 2663 -2264 1680
514 -363 -613 -58 2665 -2267 1678
515 -360 -614 -56 2662 -2264 1683
516 -363 -612 -58 2661 -2264 1681
517 -360 -616 -56 2665 -2266 1683
518 -364 -612 -58 2665 -2267 1680
519 -362 -613 -58 2665 -2270 1680
520 -362 -614 -57 2665 -2266 1682
521 -362 -613 -58 2664 -2266 1680
522 -362 -614 -58 2661 -2264 1680
523 -362 -613 -60 2662 -2266 1680
524 -363 -614 -58 2661 -2267 1679
525 -361 -614 -57 2667 -2266 1684
526 -365 -613 -59 2662 -2266 1683
527 -364 -612 -59 2663 -2266 1682
528 -360 -613 -59 2664 -2267 1681
529 -366 -612 -58 2664 -2267 1682
530 -361 -613 -59 2662 -2266 1679
531 -365 -614 -59 2666 -2267 1679
532 -366 -614 -59 2665 -2266 1680
533 -363 -613 -61 2664 -2264 1681
534 -361 -613 -56 2664 -2267 1680
535 -363 -611 -60 2663 -2267 1683
536 -362 -616 -55 2664 -2265 1679
537 -366 -610 -53 2664 -2267 1681
538 -365 -614 -59 2660 -2263 1679
539 -364 -613 -59 2663 -2266 1679
540 -361 -614 -56 2664 -2267 1683
541 -365 -614 -58 2665 -2267 1680
542 -361 -614 -59 2666 -2267 1678
543 -362 -611 -54 2666 -2262 1682
544 -363 -614 -59 2662 -2266 1680
545 -364 -615 -57 2663 -2264 1683
546 -363 -611 -56 2665 -2267 1682
547 -363 -617 -57 2664 -2262 1680
548 -363 -615 -53 2662 -2264 1681
549 -364 -616 -58 2664 -2264 1680
550 -363 -615 -57 2665 -2266 1682
551 -362 -614 -57 2663 -2266 1678
552 -366 -615 -60 2662 -2265 1678
553 -361 -613 -57 2662 -2266 1678
554 -367 -614 -55 2662 -2265 1679
555 -364 -615 -57 2664 -2264 1681
556 -362 -613 -59 2663 -2264 1681
557 -364 -615 -58 2663 -2264 1679
558 -364 -614 -60 2664 -2264 1679
559 -365 -615 -59 2660 -2265 1678
560 -365 -617 -54 2664 -2264 1679
561 -363 -615 -57 2661 -2264 1682
562 -365 -611 -58 2662 -2269 1680
563 -365 -611 -56 2663 -2264 1681
564 -362 -613 -57 2664 -2266 1682
565 -364 -614 -58 2662 -2269 1679
566 -367 -615 -61 2663 -2267 1679
567 -361 -614 -57 2662 -2267 1681
568 -364 -613 -61 2663 -2268 1676
569 -364 -615 -59 2664 -2266 1678
570 -364 -617 -59 2662 -2268 1678
571 -365 -615 -61 2664 -2268 1678
572 -364 -615 -58 2663 -2269 1681
573 -364 -613 -60 2661 -2266 1676
574 -366 -616 -59 2664 -2269 1677
575 -362 -617 -62 2658 -2267 1676
576 -366 -616 -60 2660 -2270 1676
577 -369 -617 -60 2663 -2269 1675
578 -366 -617 -63 2662 -2268 1676
579 -367 -615 -62 2664 -2266 1678
580 -362 -615 -61 2661 -2266 1677
581 -365 -613 -58 2660 -2268 1678
582 -364 -619 -59 2661 -2269 1679
583 -366 -615 -61 2660 -2267 1678
584 -365 -617 -62 2661 -2271 1677
585 -367 -615 -60 2658 -2266 1678
586 -366 -616 -61 2662 -2268 1678
587 -368 -615 -60 2661 -2265 1679
588 -364 -618 -57 2661 -2264 1676
589 -367 -615 -58 2659 -2268 1679
590 -366 -618 -62 2660 -2266 1678
591 -367 -616 -61 2657 -2268 1677
592 -369 -619 -59 2660 -2267 1679
593 -366 -617 -60 2658 -2269 1681
594 -365 -615 -58 2662 -2268 1677
595 -364 -617 -59 2660 -2271 1674
596 -370 -617 -58 2663 -2268 1680
597 -367 -615 -59 2661 -2269 1681
598 -366 -617 -60 2660 -2269 1680
599 -367 -618 -62 2660 -2269 1678
600 -365 -614 -58 2663 -2264 1676
601 -365 -615 -59 2660 -2269 1678
602 -366 -618 -58 2661 -2270 1679
603 -365 -615 -59 2661 -2269 1679
604 -368 -617 -61 2660 -2270 1678
605 -369 -614 -62 2659 -2269 1677
606 -367 -617 -61 2660 -2270 1677
607 -369 -617 -61 2660 -2271 1676
608 -367 -618 -61 2659 -2272 1677
609 -366 -615 -57 2662 -2270 1676
610 -367 -614 -59 2662 -2270 1678
611 -366 -615 -60 2660 -2269 1676
612 -369 -615 -60 2661 -2271 1681
613 -365 -616 -60 2663 -2268 1682
614 -365 -615 -59 2660 -2268 1674
615 -367 -615 -61 2662 -2268 1678
616 -369 -617 -60 2657 -2268 1674
617 -366 -618 -61 2661 -2269 1677
618 -366 -617 -63 2662 -2268 1680
619 -367 -618 -62 2664 -2268 1678
620 -364 -616 -59 2662 -2269 1678
621 -365 -614 -60 2659 -2270 1677
622 -367 -615 -59 2660 -2266 1680
623 -365 -613 -60 2658 -2269 1678
624 -364 -615 -62 2662 -2267 1678
625 -365 -618 -62 2660 -2266 1678
626 -364 -617 -59 2658 -2269 1679
627 -366 -618 -59 2662 -2267 1676
628 -367 -616 -62 2659 -2268 1680
629 -367 -617 -56 2660 -2268 1678
630 -367 -617 -62 2658 -2270 1677
631 -367 -617 -62 2662 -2271 1677
632 -368 -616 -59 2661 -2267 1679
633 -367 -618 -58 2663 -2268 1676
634 -363 -613 -61 2660 -2265 1677
635 -368 -616 -61 2658 -2266 1680
636 -366 -619 -59 2660 -2268 1676
637 -366 -617 -57 2660 -2269 1678
638 -366 -617 -59 2658 -2264 1680
639 -369 -616 -60 2658 -2266 1679
640 -365 -615 -59 2661 -2267 1674
641 -370 -617 -62 2661 -2264 1676
642 -368 -615 -61 2661 -2269 1678
643 -364 -619 -62 2658 -2270 1679
644 -368 -616 -59 2660 -2266 1680
645 -365 -614 -58 2662 -2267 1678
646 -364 -617 -60 2661 -2266 1680
647 -366 -615 -60 2659 -2266 1679
648 -366 -618 -58 2662 -2267 1680
649 -365 -617 -59 2658 -2269 1680
650 -366 -617 -60 2663 -2269 1681
651 -366 -616 -60 2661 -2268 1679
652 -363 -616 -60 2660 -2269 1679
653 -365 -615 -60 2661 -2268 1681
654 -365 -616 -60 2662 -2267 1678
655 -365 -613 -60 2660 -2268 1677
656 -364 -616 -60 2661 -2269 1679
657 -364 -614 -58 2662 -2269 1677
658 -366 -614 -62 2662 -2268 1675
659 -366 -615 -60 2661 -2267 1679
660 -365 -617 -57 2661 -2268 1680
661 -365 -617 -62 2664 -2268 1679
662 -364 -612 -62 2664 -2267 1676
663 -367 -613 -61 2661 -2267 1678
664 -366 -616 -60 2662 -2266 1676
665 -363 -616 -60 2662 -2269 1677
666 -363 -618 -61 2662 -2268 1679
667 -367 -616 -61 2664 -2266 1678
668 -367 -618 -63 2658 -2269 1677
669 -364 -616 -61 2663 -2271 1678
670 -367 -620 -59 2659 -2268 1678
671 -367 -619 -63 2659 -2267 1676
672 -366 -617 -57 2659 -2268 1675
673 -365 -615 -59 2661 -2268 1678
674 -364 -616 -61 2658 -2269 1679
675 -366 -617 -58 2658 -2267 1674
676 -365 -619 -60 2658 -2269 1677
677 -369 -620 -59 2659 -2267 1677
678 -364 -615 -59 2662 -2268 1678
679 -370 -617 -60 2658 -2268 1679
680 -367 -619 -57 2659 -2268 1678
681 -367 -617 -62 2658 -2267 1677
682 -366 -617 -62 2660 -2270 1679
683 -366 -620 -58 2662 -2268 1678
684 -365 -617 -61 2660 -2269 1675
685 -366 -615 -62 2660 -2269 1681
686 -366 -614 -59 2662 -2267 1678
687 -365 -613 -58 2664 -2266 1680
688 -366 -615 -62 2661 -2267 1677
689 -364 -616 -57 2662 -2266 1681
690 -366 -616 -60 2662 -2268 1678
691 -366 -615 -58 2665 -2269 1677
692 -362 -618 -60 2661 -2266 1674
693 -366 -617 -60 2658 -2268 1678
694 -366 -616 -62 2660 -2268 1676
695 -367 -616 -58 2661 -2270 1678
696 -367 -621 -62 2662 -2270 1676
697 -368 -615 -60 2662 -2270 1677
698 -366 -615 -60 2658 -2271 1676
699 -367 -615 -59 2658 -2269 1678
700 -367 -618 -58 2658 -2271 1677
701 -368 -617 -63 2662 -2270 1678
702 -366 -619 -60 2659 -2270 1678
703 -366 -618 -63 2660 -2269 1676
704 -368 -617 -66 2661 -2269 1676
705 -365 -616 -62 2662 -2269 1678
706 -366 -617 -61 2661 -2269 1679
707 -368 -616 -59 2662 -2270 1678
708 -367 -614 -61 2663 -2267 1679
709 -365 -617 -59 2664 -2270 1677
710 -365 -617 -59 2662 -2268 1678
711 -363 -617 -62 2659 -2265 1676
712 -366 -617 -62 2660 -2269 1677
713 -366 -617 -60 2661 -2270 1677
714 -368 -616 -60 2660 -2268 1678
715 -367 -615 -63 2660 -2269 1678
716 -367 -617 -62 2659 -2268 1676
717 -367 -614 -59 2659 -2266 1678
718 -367 -615 -61 2660 -2267 1677
719 -367 -615 -59 2660 -2266 1675
720 -364 -617 -58 2661 -2266 1677
721 -368 -619 -61 2662 -2266 1678
722 -368 -618 -60 2659 -2270 1676
723 -367 -613 -60 2659 -2268 1677
724 -365 -615 -61 2662 -2268 1678
725 -367 -618 -58 2661 -2267 1679
726 -367 -616 -60 2662 -2267 1681
727 -364 -615 -60 2665 -2268 1676
728 -366 -616 -62 2661 -2268 1678
729 -364 -616 -59 2659 -2269 1679
730 -365 -615 -60 2662 -2265 1680
731 -368 -616 -60 2658 -2268 1680
732 -366 -615 -58 2660 -2270 1678
733 -362 -613 -61 2660 -2268 1681
734 -366 -617 -61 2662 -2270 1676
735 -370 -618 -62 2660 -2271 1678
736 -367 -614 -60 2660 -2269 1677
737 -365 -615 -64 2661 -2269 1674
738 -364 -616 -59 2662 -2270 1679
739 -366 -611 -63 2663 -2270 1679
740 -366 -616 -60 2660 -2268 1679
741 -368 -619 -61 2664 -2269 1680
742 -365 -617 -60 2663 -2268 1677
743 -365 -616 -62 2662 -2272 1678
744 -366 -616 -60 2659 -2268 1676
745 -368 -615 -61 2660 -2266 1677
746 -367 -616 -62 2661 -2267 1674
747 -366 -616 -60 2661 -2269 1677
748 -368 -618 -62 2661 -2267 1677
749 -364 -616 -62 2664 -2269 1676
750 -364 -615 -58 2663 -2268 1675
751 -367 -617 -60 2661 -2269 1678
752 -365 -614 -59 2660 -2266 1678
753 -367 -614 -62 2662 -2268 1678
754 -363 -617 -61 2661 -2268 1676
755 -364 -614 -59 2665 -2265 1681
756 -366 -616 -59 2663 -2267 1676
757 -369 -616 -59 2662 -2268 1679
758 -363 -618 -59 2661 -2268 1677
759 -367 -617 -59 2659 -2267 1677
760 -368 -617 -61 2659 -2265 1676
761 -366 -617 -61 2661 -2267 1675
762 -368 -617 -61 2660 -2267 1675
763 -365 -615 -63 2657 -2270 1678
764 -363 -614 -60 2661 -2269 1678
765 -368 -619 -62 2660 -2268 1677
766 -368 -618 -62 2657 -2270 1675
767 -365 -615 -61 2660 -2267 1680
768 -367 -617 -62 2660 -2268 1678
769 -369 -615 -57 2661 -2269 1676
770 -367 -618 -60 2662 -2265 1677
771 -367 -617 -59 2662 -2271 1678
772 -366 -616 -60 2660 -2269 1675
773 -364 -616 -59 2664 -2267 1681
774 -369 -614 -57 2660 -2266 1676
775 -364 -617 -59 2661 -2266 1676
776 -367 -617 -61 2663 -2268 1679
777 -368 -613 -61 2659 -2268 1681
778 -366 -615 -56 2662 -2268 1676
779 -370 -619 -61 2661 -2270 1678
780 -365 -616 -60 2660 -2269 1680
781 -361 -615 -56 2662 -2265 1679
782 -368 -613 -56 2660 -2269 1680
783 -366 -617 -59 2661 -2270 1675
784 -364 -618 -59 2662 -2269 1678
785 -369 -617 -59 2661 -2270 1680
786 -363 -613 -59 2660 -2265 1680
787 -365 -619 -62 2663 -2269 1674
788 -366 -619 -65 2660 -2270 1678
789 -365 -617 -59 2660 -2269 1681
790 -366 -615 -59 2656 -2268 1677
791 -365 -617 -63 2661 -2269 1677
792 -368 -617 -61 2663 -2270 1678
793 -364 -617 -62 2664 -2268 1681
794 -362 -613 -60 2663 -2267 1678
795 -365 -613 -59 2664 -2268 1677
796 -368 -614 -58 2662 -2270 1676
797 -365 -615 -57 2662 -2268 1680
798 -365 -614 -59 2661 -2268 1681
799 -364 -613 -60 2662 -2266 1677
800 -364 -612 -57 2663 -2267 1680
801 -363 -615 -56 2657 -2267 1680
802 -365 -613 -60 2661 -2266 1680
803 -366 -615 -57 2662 -2266 1678
804 -364 -616 -58 2664 -2267 1683
805 -363 -614 -57 2663 -2266 1681
806 -364 -618 -58 2660 -2266 1678
807 -366 -617 -58 2660 -2266 1678
808 -364 -615 -58 2660 -2268 1679
809 -365 -615 -61 2661 -2268 1679
810 -362 -613 -58 2665 -2267 1677
811 -365 -615 -60 2662 -2263 1680
812 -365 -617 -60 2661 -2266 1680
813 -364 -615 -60 2660 -2266 1678
814 -363 -616 -56 2665 -2266 1677
815 -365 -614 -58 2661 -2267 1681
816 -363 -615 -59 2662 -2267 1679
817 -362 -615 -60 2664 -2264 1681
818 -365 -613 -61 2662 -2266 1680
819 -365 -615 -61 2664 -2262 1678
820 -365 -615 -58 2664 -2268 1677
821 -364 -614 -57 2661 -2267 1680
822 -365 -615 -57 2664 -2266 1679
823 -362 -612 -59 2663 -2268 1683
824 -363 -614 -59 2665 -2267 1679
825 -364 -613 -58 2662 -2264 1681
826 -366 -614 -58 2662 -2266 1680
827 -362 -613 -60 2663 -2264 1677
828 -367 -616 -61 2662 -2267 1680
829 -363 -616 -61 2663 -2268 1678
830 -364 -614 -57 2662 -2270 1679
831 -366 -615 -57 2664 -2268 1681
832 -364 -612 -58 2662 -2269 1679
833 -363 -615 -59 2663 -2269 1677
834 -363 -613 -59 2663 -2263 1682
835 -366 -614 -57 2663 -2266 1681
836 -364 -616 -58 2663 -2267 1680
837 -364 -613 -58 2664 -2267 1677
838 -364 -617 -59 2662 -2267 1680
839 -364 -616 -60 2663 -2266 1682
840 -361 -611 -59 2664 -2267 1680
841 -364 -617 -58 2662 -2264 1677
842 -366 -616 -59 2662 -2267 1679
843 -362 -616 -61 2664 -2270 1680
844 -367 -612 -57 2661 -2264 1680
845 -364 -615 -56 2664 -2268 1681
846 -365 -615 -59 2664 -2268 1682
847 -366 -616 -60 2662 -2268 1680
848 -365 -613 -58 2662 -2265 1681
849 -366 -614 -57 2663 -2267 1678
850 -364 -612 -59 2663 -2266 1679
851 -367 -613 -59 2664 -2266 1680
852 -365 -614 -54 2663 -2267 1680
853 -365 -616 -58 2662 -2266 1680
854 -364 -610 -56 2666 -2265 1679
855 -364 -615 -59 2663 -2265 1681
856 -365 -615 -56 2665 -2264 1681
857 -365 -610 -59 2662 -2266 1681
858 -366 -616 -60 2665 -2267 1678
859 -365 -611 -60 2665 -2266 1680
860 -363 -611 -58 2665 -2265 1679
861 -362 -614 -58 2661 -2266 1680
862 -365 -617 -59 2663 -2267 1678
863 -366 -616 -59 2659 -2267 1681
864 -364 -616 -56 2662 -2267 1683
865 -366 -613 -58 2660 -2264 1678
866 -366 -613 -57 2660 -2270 1678
867 -366 -617 -57 2662 -2270 1680
868 -363 -616 -57 2662 -2265 1678
869 -368 -616 -59 2662 -2269 1681
870 -366 -614 -57 2661 -2267 1681
871 -365 -616 -58 2663 -2268 1676
872 -364 -613 -59 2662 -2269 1678
873 -367 -615 -58 2659 -2268 1680
874 -365 -616 -62 2660 -2269 1680
875 -366 -615 -58 2663 -2270 1681
876 -363 -617 -60 2664 -2269 1679
877 -364 -615 -61 2659 -2267 1679
878 -367 -615 -58 2659 -2270 1678
879 -366 -618 -57 2661 -2269 1675
880 -365 -616 -59 2661 -2269 1676
881 -366 -616 -60 2662 -2266 1676
882 -365 -615 -60 2663 -2266 1679
883 -367 -619 -57 2658 -2266 1680
884 -366 -616 -57 2661 -2266 1678
885 -365 -614 -60 2664 -2266 1678
886 -364 -615 -57 2659 -2268 1677
887 -364 -617 -61 2664 -2268 1678
888 -364 -615 -60 2662 -2265 1676
889 -366 -617 -58 2659 -2266 1679
890 -366 -613 -56 2660 -2268 1679
891 -366 -616 -63 2662 -2265 1678
892 -366 -615 -57 2660 -2266 1677
893 -366 -618 -57 2662 -2266 1681
894 -364 -616 -61 2662 -2268 1679
895 -365 -614 -59 2661 -2266 1678
896 -366 -617 -61 2661 -2267 1677
897 -365 -615 -60 2661 -2269 1680
898 -366 -615 -62 2662 -2270 1678
899 -368 -613 -60 2661 -2267 1680
900 -364 -616 -60 2663 -2266 1678
901 -367 -618 -59 2661 -2266 1676
902 -365 -616 -60 2659 -2266 1678
903 -362 -614 -60 2661 -2265 1680
904 -366 -617 -60 2662 -2263 1677
905 -366 -617 -60 2662 -2264 1676
906 -364 -615 -60 2661 -2264 1677
907 -366 -616 -60 2662 -2265 1679
908 -364 -617 -60 2658 -2270 1680
909 -367 -617 -59 2663 -2267 1678
910 -367 -616 -58 2665 -2268 1677
911 -368 -616 -60 2660 -2268 1679
912 -370 -619 -63 2660 -2268 1680
913 -365 -617 -58 2661 -2268 1677
914 -366 -615 -60 2661 -2267 1676
915 -363 -616 -62 2662 -2267 1677
916 -363 -615 -58 2662 -2270 1677
917 -367 -617 -59 2660 -2270 1682
918 -367 -618 -62 2662 -2267 1676
919 -367 -618 -57 2663 -2267 1679
920 -364 -615 -59 2660 -2270 1677
921 -367 -615 -62 2663 -2270 1677
922 -365 -617 -61 2660 -2268 1677
923 -365 -615 -61 2665 -2269 1678
924 -367 -616 -62 2663 -2270 1678
925 -365 -613 -60 2662 -2266 1677
926 -363 -615 -60 2660 -2266 1678
927 -365 -615 -61 2661 -2269 1678
928 -366 -618 -60 2663 -2267 1677
929 -365 -617 -61 2663 -2267 1679
930 -369 -617 -60 2661 -2268 1677
931 -366 -614 -60 2660 -2269 1679
932 -363 -615 -56 2659 -2267 1680
933 -368 -618 -62 2663 -2267 1678
934 -366 -616 -58 2659 -2267 1677
935 -366 -616 -60 2660 -2265 1677
936 -367 -616 -60 2662 -2268 1680
937 -366 -619 -59 2660 -2269 1679
938 -366 -619 -58 2662 -2268 1676
939 -368 -617 -59 2660 -2266 1678
940 -366 -616 -62 2660 -2268 1683
941 -367 -615 -63 2664 -2269 1678
942 -366 -613 -61 2660 -2266 1679
943 -365 -614 -61 2659 -2269 1679
944 -364 -617 -60 2660 -2270 1676
945 -366 -617 -58 2662 -2268 1678
946 -366 -620 -61 2662 -2270 1677
947 -367 -615 -61 2658 -2266 1677
948 -365 -615 -58 2662 -2269 1677
949 -367 -618 -56 2661 -2268 1679
950 -366 -619 -57 2659 -2269 1678
951 -370 -616 -60 2659 -2267 1678
952 -364 -615 -56 2661 -2266 1678
953 -365 -614 -60 2666 -2269 1677
954 -365 -617 -59 2663 -2267 1678
955 -365 -616 -61 2660 -2270 1680
956 -365 -616 -57 2660 -2267 1678
957 -365 -614 -57 2662 -2264 1678
958 -364 -613 -60 2663 -2266 1679
959 -370 -611 -58 2663 -2268 1678
960 -367 -617 -59 2658 -2266 1677
961 -366 -617 -59 2661 -2269 1678
962 -367 -617 -59 2661 -2268 1682
963 -365 -616 -58 2661 -2269 1677
964 -364 -617 -61 2661 -2268 1682
965 -366 -614 -60 2665 -2268 1682
966 -365 -614 -58 2663 -2270 1677
967 -365 -615 -58 2660 -2267 1676
968 -363 -612 -61 2662 -2266 1678
969 -364 -613 -60 2664 -2264 1678
970 -364 -615 -59 2665 -2268 1676
971 -367 -616 -59 2660 -2269 1678
972 -367 -613 -60 2661 -2267 1678
973 -365 -618 -63 2660 -2267 1679
974 -366 -616 -60 2660 -2267 1677
975 -365 -616 -59 2663 -2267 1677
976 -368 -617 -58 2660 -2273 1679
977 -369 -616 -59 2660 -2271 1678
978 -364 -613 -59 2661 -2268 1675
979 -364 -615 -62 2662 -2268 1678
980 -366 -616 -61 2661 -2268 1680
981 -364 -613 -62 2663 -2266 1676
982 -363 -615 -60 2663 -2267 1681
983 -368 -614 -59 2659 -2270 1678
984 -365 -617 -60 2662 -2267 1678
985 -364 -616 -57 2661 -2269 1677
986 -366 -619 -61 2661 -2267 1678
987 -365 -615 -59 2663 -2268 1679
988 -367 -614 -60 2661 -2266 1678
989 -367 -617 -59 2660 -2266 1682
990 -366 -615 -59 2661 -2267 1676
991 -366 -618 -60 2662 -2267 1678
992 -370 -614 -61 2663 -2268 1676
993 -368 -616 -59 2662 -2268 1680
994 -368 -616 -60 2660 -2266 1679
995 -365 -615 -60 2661 -2266 1676
996 -368 -618 -59 2661 -2270 1678
997 -367 -615 -57 2659 -2265 1681
998 -368 -616 -63 2661 -2264 1678
999 -366 -615 -58 2662 -2266 1678
0 2864 5267 -5727 5888 -8511 1696
1 2864 5269 -5729 5885 -8514 1697
2 2864 5267 -5730 5888 -8515 1697
3 2863 5267 -5725 5888 -8513 1694
4 2866 5269 -5729 5887 -8512 1695
5 2866 5269 -5730 5890 -8512 1696
6 2865 5269 -5728 5890 -8514 1696
7 2864 5271 -5728 5888 -8513 1694
8 2864 5269 -5727 5889 -8512 1698
9 2866 5270 -5728 5890 -8515 1695
10 2866 5273 -5724 5888 -8515 1699
11 2865 5271 -5727 5889 -8513 1699
12 2866 5268 -5729 5887 -8514 1693
13 2865 5270 -5729 5888 -8514 1695
14 2864 5271 -5731 5888 -8515 1696
15 2865 5267 -5726 5888 -8512 1696
16 2864 5268 -5729 5889 -8512 1697
17 2864 5270 -5724 5890 -8513 1699
18 2865 5268 -5728 5890 -8512 1696
19 2862 5270 -5726 5888 -8513 1695
20 2863 5269 -5728 5889 -8511 1696
21 2863 5267 -5727 5888 -8512 1694
22 2864 5269 -5727 5886 -8513 1696
23 2862 5268 -5728 5889 -8512 1697
24 2862 5270 -5727 5890 -8512 1693
25 2865 5268 -5727 5890 -8514 1697
26 2866 5268 -5726 5889 -8512 1693
27 2863 5267 -5728 5885 -8513 1694
28 2865 5266 -5727 5887 -8512 1696
29 2863 5266 -5728 5888 -8512 1695
30 2863 5272 -5725 5888 -8512 1698
31 2862 5268 -5727 5889 -8511 1698
32 2862 5270 -5726 5888 -8514 1696
33 2864 5268 -5728 5889 -8514 1697
34 2864 5271 -5726 5887 -8513 1697
35 2861 5269 -5727 5888 -8512 1695
36 2865 5269 -5723 5886 -8513 1699
37 2865 5268 -5727 5888 -8513 1694
38 2863 5267 -5727 5887 -8512 1698
39 2864 5267 -5730 5888 -8513 1693
40 2862 5267 -5727 5887 -8512 1698
41 2862 5271 -5726 5889 -8513 1694
42 2862 5266 -5729 5885 -8510 1694
43 2861 5268 -5728 5884 -8511 1696
44 2864 5265 -5731 5889 -8513 1695
45 2865 5265 -5726 5886 -8516 1694
46 2864 5266 -5730 5888 -8513 1698
47 2864 5267 -5728 5885 -8515 1694
48 2864 5269 -5727 5891 -8512 1695
49 2866 5269 -5729 5889 -8514 1698
50 2864 5270 -5725 5888 -8514 1698
51 2866 5268 -5724 5891 -8512 1697
52 2863 5272 -5728 5891 -8510 1701
53 2863 5272 -5723 5893 -8512 1701
54 2864 5270 -5727 5891 -8512 1695
55 2865 5272 -5727 5888 -8513 1696
56 2861 5269 -5729 5890 -8512 1697
57 2864 5268 -5725 5890 -8512 1697
58 2864 5270 -5727 5891 -8515 1696
59 2863 5267 -5725 5889 -8510 1694
60 2866 5273 -5726 5889 -8513 1698
61 2866 5270 -5723 5893 -8512 1694
62 2866 5272 -5725 5888 -8512 1696
63 2862 5270 -5725 5891 -8512 1697
64 2864 5270 -5727 5888 -8511 1697
65 2867 5270 -5724 5888 -8512 1695
66 2866 5268 -5724 5887 -8515 1698
67 2865 5267 -5724 5887 -8514 1698
68 2865 5267 -5727 5888 -8514 1696
69 2864 5269 -5724 5890 -8514 1696
70 2866 5272 -5726 5893 -8510 1696
71 2864 5267 -5727 5888 -8511 1699
72 2866 5269 -5728 5890 -8513 1698
73 2866 5272 -5727 5890 -8511 1696
74 2864 5268 -5724 5890 -8510 1695
75 2863 5270 -5723 5891 -8512 1697
76 2864 5270 -5724 5892 -8511 1696
77 2866 5269 -5723 5889 -8511 1696
78 2867 5269 -5725 5891 -8511 1698
79 2868 5271 -5724 5890 -8516 1698
80 2866 5270 -5726 5891 -8512 1694
81 2867 5269 -5726 5890 -8514 1694
82 2865 5270 -5728 5890 -8514 1697
83 2866 5267 -5726 5892 -8513 1695
84 2868 5269 -5724 5889 -8514 1697
85 2865 5271 -5728 5889 -8515 1697
86 2866 5270 -5728 5886 -8513 1698
87 2864 5269 -5724 5890 -8514 1700
88 2868 5269 -5729 5890 -8517 1697
89 2867 5272 -5728 5891 -8514 1695
90 2867 5269 -5730 5891 -8514 1696
91 2865 5272 -5727 5890 -8517 1696
92 2869 5271 -5728 5890 -8519 1697
93 2866 5269 -5728 5892 -8518 1696
94 2867 5272 -5729 5887 -8517 1697
95 2868 5271 -5727 5893 -8514 1698
96 2866 5272 -5728 5892 -8515 1696
97 2864 5271 -5728 5890 -8515 1699
98 2866 5272 -5727 5891 -8514 1698
99 2866 5272 -5726 5891 -8517 1697
100 2867 5268 -5728 5889 -8516 1697
101 2866 5269 -5729 5888 -8517 1696
102 2863 5270 -5728 5892 -8513 1700
103 2865 5273 -5730 5892 -8513 1693
104 2866 5272 -5728 5890 -8514 1694
105 2864 5269 -5726 5889 -8517 1697
106 2863 5269 -5726 5891 -8513 1695
107 2865 5269 -5726 5890 -8518 1699
108 2861 5270 -5724 5890 -8517 1695
109 2863 5270 -5727 5887 -8514 1696
110 2865 5266 -5727 5889 -8517 1694
111 2866 5269 -5729 5887 -8516 1699
112 2864 5271 -5726 5888 -8518 1695
113 2865 5268 -5726 5887 -8516 1697
114 2864 5268 -5726 5889 -8516 1698
115 2864 5271 -5728 5892 -8515 1695
116 2865 5270 -5726 5890 -8515 1699
117 2866 5269 -5727 5893 -8514 1696
118 2868 5269 -5726 5887 -8513 1699
119 2866 5269 -5725 5888 -8512 1697
120 2865 5268 -5730 5894 -8514 1699
121 2866 5267 -5724 5887 -8512 1699
122 2863 5269 -5725 5890 -8516 1696
123 2866 5271 -5728 5889 -8517 1696
124 2865 5271 -5726 5888 -8514 1695
125 2865 5269 -5723 5890 -8516 1697
126 2867 5269 -5722 5890 -8517 1697
127 2865 5271 -5727 5888 -8515 1697
128 2863 5270 -5727 5888 -8516 1697
129 2865 5266 -5725 5887 -8515 1699
130 2866 5270 -5725 5886 -8516 1697
131 2864 5271 -5728 5888 -8515 1701
132 2864 5269 -5726 5891 -8516 1696
133 2866 5271 -5726 5891 -8515 1697
134 2870 5269 -5727 5889 -8516 1696
135 2868 5267 -5728 5891 -8516 1697
136 2866 5270 -5727 5891 -8514 1696
137 2867 5272 -5723 5891 -8514 1698
138 2868 5270 -5725 5892 -8517 1698
139 2866 5272 -5726 5890 -8515 1697
140 2863 5269 -5727 5889 -8516 1699
141 2866 5272 -5725 5891 -8517 1695
142 2866 5271 -5726 5891 -8518 1697
143 2867 5269 -5726 5889 -8517 1700
144 2866 5270 -5726 5888 -8519 1699
145 2866 5267 -5726 5889 -8518 1696
146 2864 5272 -5724 5891 -8518 1699
147 2865 5272 -5723 5888 -8514 1698
148 2866 5267 -5725 5890 -8518 1700
149 2866 5269 -5722 5890 -8512 1698
150 2868 5270 -5725 5889 -8515 1698
151 2865 5269 -5724 5890 -8515 1695
152 2868 5268 -5724 5886 -8514 1699
153 2865 5268 -5728 5890 -8514 1699
154 2863 5269 -5727 5889 -8517 1700
155 2862 5273 -5723 5889 -8517 1701
156 2865 5267 -5722 5887 -8517 1697
157 2865 5269 -5726 5890 -8516 1699
158 2865 5269 -5725 5888 -8517 1699
159 2866 5273 -5726 5889 -8518 1698
160 2867 5269 -5726 5887 -8517 1698
161 2862 5268 -5726 5890 -8519 1698
162 2866 5267 -5727 5889 -8519 1697
163 2867 5268 -5726 5889 -8518 1697
164 2866 5271 -5723 5889 -8519 1697
165 2865 5270 -5726 5890 -8518 1694
166 2865 5270 -5726 5889 -8520 1696
167 2864 5271 -5727 5889 -8523 1697
168 2865 5273 -5726 5889 -8517 1699
169 2865 5269 -5723 5889 -8519 1701
170 2867 5270 -5727 5888 -8522 1696
171 2865 5271 -5725 5888 -8520 1699
172 2865 5269 -5726 5888 -8519 1698
173 2866 5269 -5728 5890 -8520 1696
174 2864 5273 -5728 5890 -8520 1698
175 2868 5272 -5728 5891 -8522 1698
176 2865 5271 -5729 5891 -8518 1697
177 2864 5271 -5725 5892 -8520 1698
178 2866 5269 -5727 5887 -8523 1697
179 2867 5271 -5729 5891 -8521 1697
180 2865 5273 -5730 5889 -8519 1697
181 2864 5269 -5728 5890 -8523 1699
182 2869 5271 -5726 5891 -8522 1697
183 2865 5271 -5725 5889 -8521 1699
184 2868 5269 -5726 5890 -8520 1695
185 2868 5275 -5726 5892 -8520 1696
186 2865 5270 -5725 5889 -8520 1696
187 2866 5271 -5725 5891 -8521 1701
188 2866 5271 -5726 5890 -8522 1697
189 2867 5269 -5728 5891 -8523 1698
190 2863 5268 -5729 5890 -8523 1696
191 2866 5272 -5727 5886 -8520 1698
192 2862 5270 -5724 5888 -8520 1697
193 2869 5270 -5727 5888 -8522 1699
194 2866 5270 -5721 5886 -8522 1697
195 2867 5270 -5726 5887 -8524 1697
196 2867 5269 -5722 5890 -8519 1699
197 2865 5268 -5725 5887 -8522 1699
198 2867 5268 -5726 5887 -8525 1698
199 2864 5270 -5724 5887 -8525 1696
200 2868 5269 -5724 5890 -8520 1699
201 2866 5269 -5728 5889 -8521 1699
202 2871 5271 -5725 5887 -8522 1699
203 2864 5271 -5725 5891 -8520 1699
204 2864 5272 -5724 5890 -8519 1701
205 2865 5267 -5722 5890 -8519 1699
206 2865 5272 -5727 5889 -8524 1699
207 2866 5270 -5725 5892 -8522 1701
208 2866 5271 -5724 5887 -8522 1697
209 2866 5270 -5723 5889 -8521 1701
210 2869 5272 -5722 5888 -8522 1697
211 2866 5270 -5724 5890 -8522 1698
212 2867 5267 -5724 5889 -8523 1699
213 2866 5271 -5724 5889 -8520 1699
214 2867 5271 -5724 5887 -8522 1700
215 2868 5271 -5724 5889 -8523 1698
216 2866 5270 -5725 5889 -8524 1699
217 2866 5269 -5724 5891 -8523 1700
218 2866 5270 -5727 5888 -8523 1697
219 2867 5269 -5725 5892 -8526 1701
220 2865 5273 -5726 5890 -8525 1701
221 2867 5267 -5726 5888 -8523 1697
222 2866 5269 -5725 5892 -8523 1700
223 2868 5274 -5724 5892 -8523 1701
224 2867 5271 -5725 5891 -8522 1700
225 2864 5270 -5725 5893 -8525 1698
226 2869 5271 -5728 5890 -8525 1700
227 2868 5271 -5724 5891 -8524 1698
228 2868 5273 -5725 5891 -8521 1697
229 2870 5275 -5722 5891 -8525 1700
230 2872 5272 -5722 5893 -8522 1699
231 2870 5272 -5724 5892 -8523 1700
232 2866 5271 -5727 5890 -8526 1699
233 2869 5271 -5721 5894 -8524 1700
234 2869 5270 -5725 5892 -8523 1700
235 2868 5270 -5727 5888 -8527 1700
236 2867 5273 -5722 5888 -8522 1697
237 2866 5267 -5724 5892 -8525 1696
238 2867 5271 -5725 5888 -8527 1700
239 2868 5267 -5724 5889 -8525 1701
240 2870 5272 -5723 5892 -8524 1699
241 2869 5269 -5721 5892 -8526 1699
242 2870 5268 -5723 5891 -8526 1700
243 2865 5270 -5728 5890 -8524 1697
244 2870 5268 -5725 5893 -8527 1700
245 2868 5267 -5726 5889 -8527 1699
246 2866 5273 -5725 5892 -8524 1699
247 2868 5271 -5721 5892 -8523 1699
248 2871 5271 -5724 5892 -8525 1698
249 2867 5270 -5726 5889 -8526 1700
250 2867 5271 -5726 5892 -8527 1699
251 2868 5270 -5724 5892 -8523 1700
252 2870 5271 -5724 5892 -8530 1699
253 2867 5270 -5726 5892 -8524 1699
254 2871 5272 -5720 5892 -8529 1698
255 2868 5271 -5725 5893 -8527 1697
256 2869 5269 -5726 5891 -8527 1701
257 2869 5266 -5724 5891 -8528 1698
258 2871 5272 -5727 5891 -8528 1699
259 2869 5271 -5725 5892 -8529 1699
260 2870 5271 -5724 5892 -8527 1695
261 2869 5270 -5723 5893 -8529 1700
262 2870 5270 -5725 5892 -8530 1697
263 2867 5274 -5725 5893 -8529 1697
264 2870 5271 -5727 5895 -8532 1699
265 2866 5273 -5728 5894 -8531 1701
266 2872 5270 -5728 5891 -8528 1698
267 2871 5273 -5725 5893 -8529 1698
268 2872 5270 -5727 5892 -8530 1702
269 2870 5271 -5724 5890 -8529 1700
270 2870 5271 -5730 5895 -8528 1702
271 2868 5272 -5727 5894 -8531 1699
272 2867 5271 -5727 5896 -8527 1698
273 2868 5272 -5730 5892 -8530 1699
274 2870 5269 -5724 5888 -8529 1697
275 2868 5272 -5724 5890 -8529 1699
276 2866 5271 -5722 5890 -8530 1698
277 2870 5269 -5725 5891 -8532 1699
278 2869 5269 -5729 5892 -8530 1696
279 2870 5269 -5724 5891 -8531 1695
280 2872 5269 -5724 5891 -8531 1697
281 2869 5270 -5726 5890 -8528 1697
282 2868 5269 -5725 5892 -8530 1698
283 2868 5270 -5725 5889 -8529 1699
284 2867 5267 -5724 5892 -8532 1696
285 2868 5266 -5726 5888 -8533 1695
286 2865 5266 -5724 5890 -8530 1699
287 2870 5268 -5727 5890 -8529 1699
288 2870 5270 -5725 5895 -8530 1700
289 2868 5267 -5723 5891 -8533 1698
290 2867 5268 -5726 5891 -8529 1696
291 2871 5268 -5728 5893 -8529 1697
292 2869 5269 -5726 5895 -8532 1697
293 2866 5272 -5722 5894 -8531 1695
294 2870 5270 -5723 5893 -8533 1701
295 2873 5268 -5725 5896 -8532 1695
296 2870 5270 -5723 5895 -8529 1697
297 2871 5271 -5725 5894 -8530 1697
298 2870 5267 -5725 5891 -8532 1702
299 2873 5268 -5723 5892 -8533 1698
300 2870 5269 -5726 5893 -8531 1695
301 2868 5269 -5726 5893 -8532 1698
302 2870 5273 -5725 5893 -8534 1697
303 2869 5269 -5725 5892 -8534 1697
304 2872 5270 -5725 5894 -8536 1696
305 2866 5269 -5728 5892 -8533 1699
306 2869 5268 -5727 5893 -8531 1698
307 2870 5271 -5726 5892 -8536 1695
308 2869 5269 -5727 5894 -8536 1697
309 2871 5270 -5726 5898 -8533 1698
310 2873 5269 -5727 5893 -8532 1694
311 2870 5269 -5726 5897 -8535 1694
312 2872 5269 -5724 5895 -8534 1697
313 2869 5267 -5724 5896 -8531 1697
314 2869 5269 -5727 5893 -8533 1695
315 2870 5272 -5726 5895 -8536 1696
316 2869 5269 -5724 5896 -8536 1692
317 2870 5267 -5727 5889 -8537 1697
318 2870 5269 -5726 5892 -8537 1694
319 2868 5265 -5726 5892 -8536 1697
320 2869 5266 -5727 5894 -8535 1695
321 2872 5269 -5724 5895 -8535 1695
322 2870 5271 -5727 5893 -8536 1697
323 2874 5267 -5724 5895 -8537 1696
324 2868 5268 -5725 5895 -8534 1693
325 2871 5267 -5726 5893 -8536 1698
326 2870 5268 -5725 5891 -8536 1699
327 2868 5264 -5726 5893 -8537 1696
328 2873 5265 -5725 5894 -8539 1695
329 2871 5264 -5728 5896 -8536 1695
330 2869 5268 -5728 5895 -8538 1696
331 2869 5268 -5728 5893 -8537 1692
332 2868 5267 -5728 5896 -8536 1695
333 2872 5269 -5726 5898 -8538 1696
334 2870 5268 -5726 5896 -8538 1696
335 2871 5269 -5726 5895 -8538 1695
336 2872 5267 -5726 5897 -8538 1693
337 2872 5268 -5725 5896 -8538 1694
338 2871 5268 -5729 5896 -8541 1697
339 2871 5265 -5728 5892 -8537 1696
340 2871 5266 -5726 5896 -8538 1699
341 2872 5267 -5727 5895 -8540 1696
342 2874 5270 -5729 5898 -8539 1696
343 2875 5267 -5726 5898 -8538 1697
344 2870 5271 -5725 5895 -8536 1696
345 2875 5267 -5726 5896 -8535 1694
346 2875 5267 -5727 5898 -8539 1697
347 2870 5271 -5729 5897 -8537 1697
348 2872 5270 -5725 5894 -8537 1695
349 2874 5270 -5725 5897 -8536 1693
350 2872 5269 -5728 5893 -8539 1697
351 2871 5269 -5730 5897 -8538 1697
352 2873 5268 -5730 5900 -8537 1698
353 2871 5271 -5729 5898 -8538 1694
354 2870 5267 -5727 5897 -8541 1693
355 2874 5265 -5730 5894 -8541 1691
356 2871 5270 -5726 5898 -8540 1695
357 2870 5271 -5730 5897 -8538 1695
358 2872 5267 -5726 5898 -8540 1693
359 2871 5267 -5729 5900 -8539 1694
360 2875 5268 -5725 5900 -8540 1694
361 2873 5269 -5728 5895 -8539 1693
362 2872 5268 -5726 5901 -8539 1696
363 2876 5269 -5727 5897 -8540 1694
364 2873 5269 -5728 5898 -8536 1696
365 2871 5270 -5723 5898 -8538 1695
366 2872 5270 -5727 5898 -8538 1696
367 2875 5266 -5728 5896 -8538 1690
368 2873 5268 -5726 5898 -8537 1696
369 2871 5268 -5728 5895 -8539 1693
370 2872 5266 -5728 5896 -8539 1694
371 2873 5264 -5729 5896 -8539 1697
372 2872 5267 -5725 5897 -8540 1692
373 2873 5264 -5729 5895 -8538 1694
374 2872 5268 -5726 5898 -8541 1690
375 2873 5267 -5727 5896 -8540 1692
376 2871 5268 -5727 5898 -8539 1694
377 2874 5266 -5729 5898 -8539 1692
378 2871 5268 -5725 5898 -8540 1696
379 2874 5267 -5727 5899 -8537 1695
380 2874 5265 -5726 5898 -8539 1692
381 2870 5269 -5726 5897 -8542 1689
382 2875 5264 -5728 5900 -8540 1694
383 2870 5266 -5730 5896 -8541 1693
384 2873 5266 -5728 5897 -8544 1694
385 2873 5265 -5728 5897 -8540 1695
386 2874 5267 -5728 5898 -8542 1695
387 2871 5268 -5728 5896 -8546 1693
388 2872 5264 -5728 5896 -8542 1691
389 2873 5265 -5729 5896 -8541 1691
390 2871 5267 -5725 5896 -8544 1696
391 2874 5264 -5728 5900 -8542 1694
392 2872 5264 -5727 5896 -8539 1693
393 2873 5266 -5728 5898 -8539 1694
394 2872 5267 -5731 5897 -8538 1693
395 2871 5266 -5729 5897 -8540 1693
396 2873 5265 -5730 5897 -8542 1692
397 2869 5266 -5730 5897 -8542 1694
398 2873 5266 -5730 5900 -8543 1692
399 2872 5269 -5728 5898 -8542 1691
400 2875 5268 -5729 5897 -8542 1692
401 2874 5267 -5726 5898 -8542 1694
402 2875 5265 -5728 5901 -8544 1690
403 2874 5268 -5730 5899 -8542 1694
404 2874 5265 -5727 5898 -8544 1692
405 2873 5266 -5726 5897 -8543 1692
406 2875 5265 -5730 5902 -8544 1693
407 2874 5266 -5729 5898 -8540 1692
408 2875 5264 -5728 5897 -8542 1692
409 2875 5266 -5728 5896 -8542 1690
410 2872 5265 -5730 5898 -8541 1692
411 2872 5267 -5725 5896 -8542 1692
412 2870 5265 -5729 5898 -8543 1691
413 2872 5265 -5726 5896 -8538 1691
414 2872 5267 -5732 5898 -8542 1690
415 2869 5267 -5724 5898 -8543 1690
416 2872 5267 -5728 5895 -8542 1694
417 2873 5262 -5728 5897 -8542 1690
418 2874 5266 -5728 5901 -8543 1691
419 2872 5264 -5729 5896 -8542 1694
420 2873 5265 -5728 5901 -8544 1692
421 2871 5265 -5730 5898 -8542 1690
422 2872 5266 -5732 5901 -8544 1690
423 2873 5265 -5732 5901 -8544 1690
424 2873 5266 -5728 5901 -8543 1693
425 2872 5263 -5727 5899 -8542 1692
426 2872 5263 -5730 5900 -8547 1688
427 2874 5269 -5730 5898 -8543 1693
428 2876 5264 -5729 5900 -8543 1688
429 2871 5266 -5733 5900 -8544 1690
430 2876 5264 -5731 5902 -8546 1691
431 2877 5265 -5729 5900 -8544 1691
432 2875 5267 -5729 5900 -8544 1691
433 2874 5267 -5728 5897 -8544 1688
434 2873 5265 -5728 5897 -8545 1692
435 2872 5266 -5729 5899 -8545 1691
436 2873 5265 -5732 5897 -8544 1688
437 2872 5267 -5730 5899 -8545 1690
438 2873 5264 -5730 5899 -8542 1690
439 2873 5265 -5731 5898 -8543 1691
440 2872 5267 -5725 5901 -8543 1689
441 2874 5266 -5730 5900 -8543 1691
442 2872 5269 -5731 5899 -8545 1690
443 2872 5267 -5727 5900 -8544 1692
444 2875 5266 -5730 5903 -8545 1690
445 2874 5265 -5732 5901 -8543 1691
446 2874 5265 -5731 5899 -8546 1691
447 2873 5267 -5730 5895 -8546 1690
448 2874 5265 -5731 5898 -8544 1689
449 2874 5264 -5730 5899 -8543 1688
450 2873 5262 -5728 5902 -8541 1690
451 2873 5268 -5729 5900 -8541 1691
452 2873 5263 -5729 5899 -8543 1688
453 2874 5262 -5729 5899 -8542 1690
454 2876 5264 -5730 5898 -8544 1691
455 2872 5263 -5730 5898 -8544 1689
456 2873 5263 -5728 5898 -8544 1692
457 2875 5265 -5731 5898 -8543 1690
458 2873 5265 -5730 5901 -8543 1691
459 2874 5266 -5730 5898 -8540 1690
460 2872 5267 -5729 5899 -8543 1689
461 2873 5265 -5730 5898 -8543 1691
462 2870 5267 -5730 5903 -8544 1691
463 2875 5264 -5729 5900 -8542 1692
464 2874 5266 -5730 5898 -8543 1688
465 2874 5264 -5729 5901 -8543 1689
466 2873 5267 -5727 5901 -8544 1689
467 2874 5270 -5728 5900 -8543 1692
468 2876 5267 -5729 5900 -8543 1692
469 2876 5265 -5729 5902 -8544 1692
470 2877 5265 -5729 5899 -8545 1692
471 2873 5268 -5731 5901 -8549 1690
472 2874 5265 -5728 5899 -8543 1692
473 2872 5265 -5729 5902 -8546 1691
474 2872 5269 -5729 5904 -8544 1690
475 2875 5265 -5728 5900 -8544 1691
476 2874 5265 -5726 5899 -8545 1692
477 2875 5266 -5730 5900 -8543 1690
478 2873 5267 -5728 5903 -8545 1693
479 2876 5264 -5730 5898 -8546 1690
480 2871 5267 -5728 5900 -8544 1691
481 2875 5266 -5732 5900 -8545 1692
482 2876 5266 -5732 5899 -8547 1690
483 2877 5266 -5730 5905 -8543 1690
484 2875 5270 -5729 5900 -8544 1692
485 2875 5265 -5732 5903 -8543 1692
486 2875 5269 -5729 5898 -8544 1690
487 2876 5267 -5728 5901 -8544 1691
488 2879 5269 -5726 5902 -8544 1692
489 2874 5267 -5726 5902 -8546 1690
490 2873 5268 -5729 5902 -8544 1692
491 2876 5265 -5728 5899 -8542 1691
492 2873 5267 -5729 5901 -8547 1691
493 2873 5265 -5728 5902 -8543 1692
494 2877 5266 -5729 5902 -8546 1692
495 2876 5265 -5730 5903 -8545 1694
496 2875 5268 -5730 5898 -8544 1691
497 2876 5268 -5728 5900 -8545 1688
498 2875 5266 -5729 5904 -8543 1691
499 2873 5268 -5726 5904 -8541 1690
500 2874 5266 -5727 5900 -8545 1691
501 2872 5264 -5727 5898 -8544 1690
502 2876 5264 -5729 5897 -8547 1689
503 2875 5263 -5726 5899 -8544 1689
504 2875 5263 -5731 5901 -8544 1692
505 2872 5264 -5730 5901 -8544 1690
506 2872 5267 -5729 5902 -8542 1689
507 2874 5267 -5731 5901 -8544 1691
508 2873 5262 -5730 5900 -8544 1690
509 2878 5267 -5730 5902 -8544 1690
510 2875 5264 -5729 5901 -8542 1691
511 2874 5264 -5728 5901 -8544 1692
512 2875 5270 -5728 5900 -8544 1692
513 2875 5264 -5728 5899 -8545 1692
514 2874 5265 -5729 5899 -8544 1691
515 2875 5267 -5729 5901 -8545 1690
516 2871 5265 -5726 5901 -8544 1692
517 2873 5268 -5731 5900 -8542 1688
518 2874 5266 -5730 5902 -8544 1693
519 2876 5265 -5730 5901 -8545 1691
520 2875 5266 -5726 5899 -8545 1688
521 2873 5264 -5730 5902 -8544 1691
522 2873 5263 -5726 5900 -8546 1691
523 2876 5263 -5728 5899 -8545 1690
524 2876 5266 -5730 5902 -8544 1690
525 2873 5265 -5729 5903 -8543 1692
526 2876 5265 -5727 5901 -8544 1689
527 2876 5268 -5729 5904 -8543 1689
528 2876 5265 -5729 5903 -8544 1691
529 2877 5266 -5730 5902 -8542 1693
530 2877 5267 -5728 5902 -8543 1692
531 2880 5268 -5729 5902 -8544 1693
532 2876 5266 -5726 5903 -8540 1692
533 2875 5268 -5727 5902 -8544 1693
534 2876 5264 -5726 5900 -8545 1687
535 2876 5265 -5730 5900 -8545 1690
536 2875 5265 -5727 5900 -8546 1689
537 2874 5267 -5731 5902 -8544 1692
538 2877 5265 -5726 5903 -8544 1688
539 2875 5266 -5726 5902 -8543 1691
540 2876 5265 -5728 5900 -8545 1691
541 2874 5263 -5730 5903 -8547 1689
542 2876 5264 -5729 5898 -8545 1695
543 2874 5265 -5730 5902 -8546 1690
544 2876 5265 -5728 5898 -8546 1690
545 2875 5262 -5729 5898 -8545 1690
546 2874 5267 -5732 5902 -8542 1692
547 2877 5267 -5729 5902 -8544 1692
548 2873 5266 -5726 5901 -8545 1690
549 2876 5264 -5729 5900 -8546 1689
550 2875 5265 -5731 5900 -8546 1692
551 2877 5265 -5730 5900 -8543 1692
552 2876 5266 -5730 5901 -8542 1690
553 2874 5267 -5729 5901 -8542 1690
554 2877 5267 -5729 5903 -8543 1693
555 2875 5268 -5728 5901 -8544 1692
556 2879 5265 -5726 5906 -8546 1692
557 2877 5266 -5728 5900 -8545 1691
558 2879 5268 -5729 5900 -8545 1694
559 2876 5266 -5729 5901 -8546 1690
560 2874 5264 -5729 5901 -8545 1691
561 2874 5266 -5729 5899 -8547 1691
562 2874 5265 -5730 5900 -8545 1689
563 2875 5269 -5729 5902 -8547 1692
564 2877 5269 -5728 5899 -8546 1689
565 2875 5266 -5729 5899 -8549 1692
566 2875 5266 -5728 5900 -8548 1689
567 2876 5264 -5732 5900 -8548 1688
568 2876 5265 -5731 5899 -8550 1692
569 2874 5265 -5731 5900 -8548 1692
570 2874 5268 -5733 5898 -8549 1693
571 2874 5265 -5729 5900 -8548 1690
572 2875 5266 -5730 5901 -8548 1689
573 2875 5266 -5732 5899 -8549 1687
574 2874 5267 -5732 5899 -8550 1690
575 2874 5263 -5732 5899 -8546 1687
576 2876 5264 -5732 5901 -8550 1690
577 2873 5266 -5728 5899 -8550 1687
578 2877 5263 -5731 5899 -8549 1691
579 2876 5263 -5734 5901 -8551 1690
580 2874 5265 -5730 5899 -8550 1693
581 2874 5264 -5730 5898 -8546 1688
582 2874 5266 -5731 5898 -8548 1686
583 2875 5264 -5733 5897 -8548 1692
584 2874 5266 -5732 5900 -8547 1690
585 2873 5266 -5732 5900 -8549 1688
586 2874 5262 -5730 5900 -8550 1689
587 2876 5266 -5729 5897 -8549 1687
588 2875 5264 -5731 5900 -8549 1691
589 2877 5266 -5732 5902 -8550 1689
590 2877 5264 -5732 5902 -8548 1689
591 2874 5267 -5732 5902 -8550 1691
592 2875 5264 -5733 5902 -8547 1692
593 2877 5267 -5732 5900 -8547 1691
594 2880 5264 -5732 5901 -8549 1691
595 2877 5267 -5730 5902 -8550 1690
596 2877 5266 -5731 5902 -8549 1690
597 2876 5266 -5732 5900 -8550 1689
598 2876 5266 -5730 5903 -8549 1691
599 2874 5267 -5730 5900 -8550 1692
600 2877 5265 -5730 5899 -8550 1688
601 2874 5268 -5731 5902 -8550 1690
602 2875 5267 -5730 5902 -8550 1689
603 2873 5265 -5730 5901 -8550 1689
604 2874 5264 -5732 5899 -8548 1691
605 2875 5267 -5730 5900 -8552 1692
606 2874 5264 -5729 5901 -8551 1689
607 2872 5263 -5728 5900 -8549 1689
608 2877 5263 -5731 5902 -8547 1689
609 2872 5261 -5730 5899 -8550 1691
610 2874 5265 -5728 5900 -8546 1689
611 2875 5265 -5730 5902 -8547 1691
612 2872 5261 -5729 5899 -8551 1689
613 2876 5261 -5732 5898 -8552 1689
614 2876 5263 -5730 5901 -8550 1689
615 2874 5260 -5730 5899 -8548 1690
616 2873 5264 -5731 5901 -8550 1691
617 2875 5265 -5729 5900 -8550 1690
618 2873 5263 -5729 5899 -8548 1691
619 2875 5266 -5731 5900 -8548 1690
620 2873 5265 -5730 5899 -8548 1689
621 2876 5265 -5730 5898 -8549 1686
622 2873 5265 -5731 5901 -8550 1690
623 2875 5261 -5728 5902 -8548 1691
624 2873 5266 -5729 5896 -8548 1690
625 2872 5264 -5730 5900 -8549 1689
626 2876 5263 -5730 5901 -8551 1689
627 2872 5264 -5732 5899 -8548 1690
628 2873 5261 -5729 5899 -8549 1689
629 2873 5263 -5730 5900 -8548 1688
630 2875 5260 -5732 5901 -8549 1687
631 2872 5258 -5732 5901 -8550 1687
632 2876 5263 -5734 5900 -8552 1687
633 2873 5259 -5730 5901 -8550 1686
634 2874 5263 -5728 5902 -8550 1689
635 2877 5264 -5731 5901 -8548 1689
636 2872 5262 -5731 5897 -8552 1687
637 2876 5264 -5731 5903 -8549 1686
638 2875 5264 -5732 5899 -8548 1689
639 2875 5265 -5730 5900 -8551 1688
640 2874 5264 -5731 5900 -8551 1687
641 2871 5261 -5730 5900 -8552 1686
642 2872 5262 -5729 5900 -8546 1688
643 2875 5263 -5733 5902 -8548 1688
644 2873 5266 -5729 5899 -8549 1689
645 2873 5262 -5733 5902 -8550 1690
646 2874 5263 -5734 5901 -8549 1688
647 2874 5263 -5731 5897 -8549 1690
648 2872 5264 -5729 5902 -8549 1686
649 2878 5264 -5733 5902 -8551 1689
650 2871 5263 -5731 5898 -8550 1690
651 2873 5266 -5732 5900 -8550 1688
652 2878 5261 -5735 5899 -8550 1690
653 2876 5263 -5730 5900 -8552 1688
654 2878 5265 -5732 5900 -8551 1688
655 2874 5260 -5731 5902 -8550 1688
656 2875 5261 -5732 5898 -8551 1689
657 2871 5264 -5734 5901 -8551 1689
658 2876 5263 -5732 5903 -8549 1690
659 2874 5265 -5731 5902 -8550 1689
660 2875 5265 -5732 5903 -8552 1689
661 2875 5267 -5731 5905 -8550 1687
662 2875 5266 -5733 5902 -8551 1685
663 2873 5263 -5733 5901 -8551 1686
664 2875 5266 -5731 5903 -8550 1690
665 2875 5263 -5733 5898 -8552 1688
666 2873 5263 -5731 5899 -8548 1689
667 2874 5263 -5733 5899 -8550 1686
668 2877 5266 -5731 5900 -8552 1687
669 2874 5265 -5730 5901 -8551 1691
670 2874 5261 -5733 5901 -8549 1687
671 2876 5266 -5732 5902 -8552 1688
672 2876 5264 -5732 5903 -8553 1687
673 2876 5263 -5730 5900 -8552 1687
674 2876 5263 -5733 5900 -8550 1687
675 2875 5263 -5735 5901 -8552 1685
676 2871 5264 -5731 5902 -8554 1691
677 2875 5263 -5734 5900 -8552 1686
678 2874 5261 -5735 5900 -8551 1686
679 2876 5264 -5737 5903 -8548 1688
680 2874 5266 -5733 5902 -8551 1688
681 2874 5266 -5733 5898 -8550 1688
682 2872 5264 -5734 5902 -8551 1688
683 2873 5262 -5736 5901 -8554 1687
684 2873 5262 -5733 5901 -8552 1688
685 2874 5266 -5732 5903 -8548 1690
686 2873 5262 -5732 5901 -8551 1685
687 2875 5265 -5731 5901 -8550 1685
688 2874 5263 -5732 5900 -8550 1686
689 2873 5264 -5730 5900 -8549 1686
690 2876 5261 -5730 5903 -8551 1687
691 2874 5262 -5732 5903 -8549 1687
692 2873 5264 -5732 5905 -8550 1687
693 2875 5262 -5732 5901 -8548 1686
694 2876 5262 -5731 5901 -8550 1684
695 2872 5264 -5735 5900 -8549 1685
696 2872 5257 -5732 5902 -8550 1684
697 2874 5261 -5734 5900 -8551 1689
698 2873 5264 -5730 5900 -8548 1684
699 2872 5262 -5737 5901 -8549 1687
700 2872 5261 -5734 5898 -8548 1685
701 2872 5261 -5731 5900 -8549 1685
702 2873 5260 -5733 5901 -8546 1686
703 2872 5263 -5733 5901 -8545 1688
704 2875 5262 -5732 5900 -8548 1685
705 2871 5262 -5732 5897 -8548 1687
706 2874 5261 -5731 5900 -8547 1684
707 2871 5263 -5733 5901 -8548 1686
708 2871 5262 -5731 5897 -8548 1686
709 2875 5259 -5734 5898 -8547 1684
710 2874 5261 -5732 5899 -8547 1685
711 2874 5261 -5733 5902 -8547 1684
712 2871 5259 -5732 5900 -8548 1684
713 2870 5260 -5733 5901 -8546 1684
714 2872 5263 -5730 5900 -8545 1686
715 2874 5261 -5731 5901 -8547 1683
716 2874 5260 -5731 5901 -8548 1687
717 2873 5259 -5732 5899 -8551 1685
718 2871 5263 -5734 5900 -8545 1686
719 2871 5261 -5732 5900 -8546 1684
720 2873 5259 -5730 5899 -8548 1685
721 2872 5260 -5734 5901 -8547 1684
722 2872 5261 -5731 5902 -8547 1687
723 2874 5261 -5732 5900 -8545 1687
724 2872 5261 -5735 5903 -8545 1684
725 2873 5263 -5734 5900 -8547 1684
726 2876 5259 -5734 5902 -8546 1686
727 2874 5262 -5730 5900 -8546 1687
728 2872 5261 -5732 5902 -8545 1685
729 2874 5259 -5734 5902 -8546 1682
730 2877 5261 -5731 5900 -8545 1683
731 2872 5263 -5734 5902 -8547 1685
732 2872 5261 -5735 5899 -8548 1682
733 2873 5262 -5733 5898 -8550 1685
734 2872 5265 -5735 5898 -8545 1683
735 2871 5263 -5734 5897 -8549 1685
736 2872 5260 -5733 5899 -8548 1681
737 2872 5260 -5734 5898 -8547 1685
738 2872 5259 -5735 5901 -8545 1684
739 2872 5259 -5733 5901 -8548 1682
740 2870 5261 -5734 5898 -8545 1684
741 2872 5262 -5732 5902 -8547 1685
742 2873 5261 -5734 5899 -8547 1683
743 2872 5259 -5736 5899 -8549 1684
744 2873 5260 -5735 5898 -8545 1683
745 2875 5259 -5739 5897 -8544 1683
746 2873 5259 -5735 5899 -8547 1683
747 2871 5261 -5737 5900 -8542 1684
748 2872 5261 -5730 5899 -8544 1684
749 2872 5262 -5735 5902 -8543 1684
750 2872 5263 -5732 5902 -8543 1685
751 2872 5265 -5734 5899 -8544 1682
752 2873 5263 -5735 5897 -8544 1684
753 2866 5262 -5736 5897 -8547 1684
754 2871 5262 -5736 5899 -8543 1685
755 2871 5260 -5735 5899 -8546 1683
756 2872 5259 -5734 5900 -8544 1682
757 2871 5259 -5737 5896 -8545 1681
758 2872 5261 -5734 5899 -8546 1682
759 2873 5259 -5735 5898 -8543 1683
760 2872 5261 -5738 5899 -8542 1682
761 2870 5259 -5734 5898 -8543 1685
762 2873 5263 -5736 5896 -8542 1684
763 2871 5261 -5736 5902 -8547 1685
764 2872 5261 -5738 5900 -8544 1681
765 2868 5259 -5735 5900 -8543 1686
766 2872 5262 -5737 5902 -8544 1684
767 2871 5260 -5736 5901 -8546 1685
768 2870 5258 -5735 5899 -8542 1683
769 2872 5261 -5735 5902 -8543 1684
770 2874 5262 -5735 5899 -8544 1680
771 2872 5260 -5735 5898 -8543 1686
772 2868 5261 -5735 5898 -8540 1682
773 2871 5259 -5734 5901 -8538 1685
774 2869 5260 -5737 5899 -8545 1682
775 2871 5260 -5736 5899 -8543 1683
776 2869 5261 -5737 5898 -8542 1683
777 2871 5262 -5734 5900 -8542 1685
778 2869 5262 -5736 5897 -8543 1684
779 2873 5260 -5736 5900 -8542 1681
780 2868 5259 -5736 5899 -8541 1684
781 2869 5257 -5737 5898 -8540 1678
782 2868 5258 -5735 5893 -8543 1682
783 2870 5259 -5735 5898 -8539 1681
784 2871 5262 -5736 5898 -8538 1686
785 2870 5256 -5734 5898 -8541 1683
786 2870 5259 -5733 5899 -8538 1682
787 2871 5262 -5735 5900 -8540 1684
788 2871 5258 -5734 5899 -8541 1682
789 2872 5258 -5735 5898 -8536 1684
790 2870 5261 -5737 5902 -8539 1683
791 2871 5262 -5732 5899 -8537 1687
792 2870 5261 -5735 5900 -8539 1681
793 2870 5261 -5734 5899 -8538 1684
794 2870 5261 -5734 5900 -8537 1686
795 2871 5260 -5734 5898 -8539 1683
796 2871 5260 -5734 5898 -8541 1683
797 2869 5260 -5738 5897 -8536 1682
798 2872 5261 -5733 5898 -8536 1684
799 2870 5261 -5733 5898 -8540 1684
800 2869 5263 -5734 5898 -8536 1685
801 2868 5260 -5734 5896 -8537 1687
802 2870 5262 -5731 5898 -8538 1684
803 2873 5261 -5733 5896 -8540 1683
804 2869 5260 -5733 5897 -8537 1682
805 2868 5259 -5734 5897 -8537 1683
806 2872 5261 -5735 5896 -8540 1681
807 2870 5262 -5734 5899 -8538 1682
808 2869 5258 -5735 5898 -8535 1683
809 2872 5262 -5733 5899 -8536 1685
810 2872 5258 -5735 5899 -8536 1684
811 2870 5264 -5733 5900 -8539 1688
812 2869 5259 -5736 5899 -8535 1685
813 2872 5263 -5734 5903 -8537 1684
814 2870 5262 -5731 5898 -8538 1683
815 2872 5263 -5733 5898 -8535 1684
816 2868 5261 -5734 5898 -8535 1685
817 2869 5263 -5736 5900 -8538 1686
818 2870 5261 -5735 5896 -8538 1682
819 2871 5258 -5737 5895 -8535 1686
820 2870 5260 -5735 5897 -8536 1682
821 2871 5262 -5731 5900 -8535 1685
822 2871 5262 -5735 5895 -8537 1685
823 2868 5262 -5734 5899 -8539 1683
824 2869 5261 -5734 5898 -8532 1686
825 2867 5261 -5733 5899 -8536 1685
826 2869 5262 -5733 5898 -8535 1684
827 2871 5259 -5737 5899 -8533 1684
828 2869 5257 -5733 5898 -8535 1685
829 2866 5260 -5737 5898 -8533 1684
830 2868 5260 -5734 5898 -8535 1684
831 2869 5265 -5737 5896 -8536 1686
832 2868 5264 -5737 5896 -8534 1681
833 2867 5259 -5737 5902 -8536 1681
834 2869 5262 -5736 5898 -8536 1683
835 2871 5261 -5734 5900 -8533 1683
836 2870 5263 -5733 5898 -8536 1684
837 2869 5260 -5734 5897 -8534 1686
838 2870 5260 -5734 5901 -8533 1685
839 2867 5263 -5736 5898 -8534 1684
840 2870 5262 -5734 5895 -8537 1687
841 2868 5263 -5737 5896 -8534 1687
842 2870 5263 -5735 5900 -8535 1685
843 2868 5262 -5734 5898 -8535 1685
844 2870 5262 -5732 5896 -8532 1685
845 2869 5264 -5734 5895 -8534 1684
846 2869 5262 -5735 5897 -8532 1685
847 2870 5264 -5735 5896 -8531 1686
848 2869 5260 -5734 5898 -8535 1683
849 2869 5262 -5734 5897 -8533 1683
850 2868 5259 -5736 5899 -8533 1683
851 2867 5260 -5737 5895 -8533 1683
852 2867 5264 -5735 5894 -8534 1685
853 2871 5260 -5734 5895 -8532 1684
854 2869 5260 -5733 5897 -8531 1685
855 2868 5261 -5734 5897 -8532 1684
856 2867 5264 -5733 5897 -8530 1685
857 2868 5265 -5733 5898 -8531 1685
858 2868 5263 -5732 5896 -8534 1685
859 2870 5263 -5733 5897 -8533 1686
860 2868 5260 -5734 5897 -8533 1684
861 2871 5263 -5732 5894 -8531 1685
862 2870 5261 -5732 5897 -8531 1684
863 2868 5261 -5734 5894 -8531 1685
864 2869 5264 -5733 5896 -8533 1683
865 2869 5264 -5733 5897 -8532 1684
866 2865 5263 -5733 5893 -8532 1684
867 2868 5263 -5734 5896 -8534 1684
868 2869 5262 -5732 5894 -8533 1685
869 2865 5264 -5734 5893 -8531 1683
870 2866 5260 -5732 5896 -8532 1686
871 2864 5261 -5733 5897 -8532 1683
872 2868 5261 -5736 5894 -8532 1685
873 2868 5261 -5735 5895 -8532 1684
874 2866 5259 -5733 5895 -8533 1685
875 2866 5262 -5736 5897 -8532 1683
876 2866 5264 -5732 5895 -8532 1685
877 2867 5262 -5737 5893 -8529 1686
878 2866 5261 -5732 5895 -8531 1684
879 2867 5262 -5734 5897 -8533 1685
880 2869 5261 -5734 5894 -8530 1685
881 2869 5259 -5734 5894 -8531 1685
882 2868 5262 -5732 5893 -8529 1684
883 2868 5262 -5733 5895 -8533 1683
884 2865 5260 -5737 5897 -8528 1687
885 2866 5261 -5733 5892 -8533 1686
886 2866 5260 -5733 5892 -8531 1689
887 2866 5263 -5734 5896 -8528 1685
888 2865 5261 -5732 5892 -8530 1683
889 2864 5262 -5730 5893 -8526 1688
890 2865 5261 -5733 5893 -8529 1684
891 2867 5260 -5734 5890 -8531 1682
892 2866 5260 -5736 5895 -8531 1686
893 2868 5257 -5734 5893 -8530 1688
894 2866 5261 -5736 5894 -8530 1687
895 2868 5258 -5736 5893 -8531 1686
896 2868 5256 -5736 5892 -8531 1687
897 2867 5261 -5735 5894 -8530 1685
898 2868 5261 -5735 5894 -8528 1686
899 2867 5263 -5733 5892 -8531 1687
900 2868 5261 -5735 5895 -8528 1683
901 2869 5260 -5733 5892 -8530 1687
902 2866 5262 -5735 5896 -8529 1685
903 2866 5263 -5731 5893 -8526 1687
904 2869 5261 -5733 5893 -8530 1689
905 2867 5261 -5731 5892 -8531 1689
906 2866 5264 -5730 5894 -8530 1686
907 2865 5263 -5734 5895 -8530 1689
908 2866 5261 -5731 5895 -8532 1684
909 2868 5261 -5734 5892 -8530 1686
910 2869 5262 -5730 5895 -8529 1688
911 2866 5263 -5731 5893 -8529 1687
912 2868 5261 -5733 5893 -8527 1688
913 2870 5263 -5734 5894 -8531 1686
914 2866 5263 -5731 5891 -8530 1684
915 2868 5264 -5733 5893 -8532 1688
916 2865 5263 -5737 5892 -8532 1686
917 2867 5263 -5736 5893 -8531 1688
918 2869 5261 -5734 5895 -8527 1685
919 2867 5264 -5734 5895 -8529 1685
920 2868 5265 -5732 5893 -8529 1686
921 2868 5267 -5735 5896 -8529 1687
922 2866 5265 -5732 5894 -8528 1689
923 2868 5265 -5733 5894 -8530 1688
924 2865 5263 -5736 5892 -8529 1689
925 2867 5265 -5736 5895 -8528 1685
926 2869 5265 -5734 5893 -8530 1690
927 2867 5266 -5730 5892 -8527 1687
928 2865 5264 -5733 5895 -8530 1688
929 2866 5262 -5734 5896 -8530 1688
930 2867 5264 -5735 5892 -8528 1689
931 2867 5263 -5733 5895 -8529 1688
932 2866 5266 -5733 5894 -8527 1687
933 2869 5263 -5732 5894 -8527 1686
934 2867 5262 -5733 5891 -8530 1685
935 2866 5261 -5732 5895 -8527 1689
936 2866 5261 -5732 5893 -8527 1687
937 2867 5263 -5734 5892 -8527 1687
938 2865 5263 -5738 5894 -8529 1687
939 2866 5264 -5735 5893 -8528 1687
940 2865 5260 -5733 5894 -8526 1688
941 2868 5262 -5734 5889 -8526 1688
942 2867 5265 -5732 5894 -8525 1687
943 2866 5263 -5734 5895 -8526 1689
944 2865 5265 -5731 5894 -8528 1689
945 2866 5264 -5730 5892 -8528 1687
946 2867 5261 -5731 5893 -8527 1686
947 2864 5263 -5731 5890 -8527 1688
948 2867 5264 -5734 5891 -8525 1689
949 2865 5262 -5732 5892 -8526 1687
950 2865 5260 -5733 5890 -8526 1688
951 2866 5263 -5731 5896 -8528 1686
952 2865 5266 -5732 5894 -8525 1691
953 2868 5263 -5730 5894 -8524 1691
954 2865 5266 -5728 5892 -8523 1689
955 2867 5263 -5731 5891 -8530 1690
956 2866 5263 -5730 5893 -8527 1688
957 2866 5265 -5732 5891 -8527 1686
958 2867 5260 -5733 5891 -8528 1686
959 2865 5267 -5735 5893 -8529 1688
960 2868 5264 -5734 5895 -8528 1688
961 2868 5267 -5734 5893 -8526 1691
962 2866 5263 -5729 5897 -8529 1690
963 2868 5264 -5732 5895 -8528 1690
964 2868 5265 -5730 5893 -8525 1686
965 2867 5266 -5732 5894 -8524 1687
966 2867 5265 -5731 5895 -8528 1689
967 2864 5265 -5732 5892 -8525 1688
968 2862 5265 -5730 5894 -8525 1687
969 2868 5265 -5730 5892 -8525 1688
970 2866 5263 -5729 5893 -8524 1691
971 2865 5266 -5729 5894 -8524 1688
972 2867 5268 -5731 5893 -8523 1691
973 2867 5262 -5731 5893 -8525 1687
974 2865 5263 -5731 5889 -8526 1687
975 2868 5261 -5732 5894 -8524 1690
976 2866 5262 -5728 5893 -8527 1691
977 2865 5263 -5732 5892 -8524 1690
978 2867 5263 -5728 5892 -8523 1690
979 2865 5265 -5734 5892 -8525 1687
980 2868 5265 -5732 5892 -8524 1688
981 2865 5261 -5730 5895 -8523 1688
982 2866 5263 -5732 5892 -8524 1690
983 2870 5265 -5732 5890 -8523 1689
984 2866 5263 -5728 5893 -8527 1691
985 2866 5263 -5732 5891 -8525 1689
986 2865 5266 -5729 5896 -8524 1691
987 2869 5264 -5729 5894 -8526 1690
988 2866 5263 -5729 5894 -8524 1688
989 2866 5264 -5733 5892 -8525 1690
990 2866 5265 -5730 5892 -8526 1690
991 2866 5264 -5732 5890 -8525 1692
992 2867 5265 -5732 5893 -8523 1692
993 2868 5267 -5728 5893 -8523 1688
994 2866 5264 -5731 5889 -8521 1691
995 2865 5261 -5732 5890 -8526 1690
996 2866 5264 -5733 5889 -8524 1691
997 2867 5264 -5732 5890 -8524 1692
998 2863 5266 -5728 5891 -8523 1692
999 2865 5264 -5733 5887 -8525 1687
