0 -520 -899 608 2662 -2077 1383
1 -524 -902 607 2659 -2078 1382
2 -524 -905 609 2662 -2075 1382
3 -523 -904 607 2664 -2074 1384
4 -521 -903 609 2664 -2076 1383
5 -522 -901 609 2663 -2079 1384
6 -523 -894 612 2663 -2075 1385
7 -522 -902 611 2662 -2076 1382
8 -521 -898 608 2662 -2075 1385
9 -522 -897 612 2662 -2077 1385
10 -520 -900 609 2659 -2075 1384
11 -520 -901 610 2660 -2077 1384
12 -519 -901 611 2660 -2077 1383
13 -521 -899 609 2660 -2074 1385
14 -519 -905 611 2658 -2079 1382
15 -520 -901 611 2660 -2075 1384
16 -519 -900 611 2658 -2075 1384
17 -522 -901 612 2662 -2074 1384
18 -521 -901 614 2661 -2075 1380
19 -520 -900 607 2660 -2074 1384
20 -522 -903 607 2663 -2077 1381
21 -521 -898 609 2660 -2078 1383
22 -521 -901 609 2659 -2075 1382
23 -519 -903 610 2660 -2072 1385
24 -521 -901 611 2662 -2075 1380
25 -522 -900 611 2662 -2077 1384
26 -522 -899 610 2663 -2072 1384
27 -520 -902 609 2663 -2075 1385
28 -522 -902 606 2662 -2076 1382
29 -524 -898 609 2661 -2077 1383
30 -527 -899 613 2661 -2074 1383
31 -522 -903 612 2658 -2073 1382
32 -523 -902 612 2662 -2075 1381
33 -522 -904 611 2662 -2074 1380
34 -522 -903 609 2660 -2077 1380
35 -521 -898 610 2660 -2077 1380
36 -523 -902 610 2662 -2076 1383
37 -520 -901 611 2662 -2076 1380
38 -519 -900 612 2660 -2075 1382
39 -520 -901 612 2661 -2078 1382
40 -523 -902 609 2660 -2074 1381
41 -520 -901 609 2659 -2075 1383
42 -523 -901 609 2660 -2078 1383
43 -522 -900 608 2659 -2077 1383
44 -521 -903 609 2659 -2076 1380
45 -521 -901 611 2662 -2076 1383
46 -522 -898 609 2662 -2075 1384
47 -522 -903 609 2659 -2075 1383
48 -521 -900 608 2662 -2075 1382
49 -521 -899 611 2661 -2077 1382
50 -522 -901 610 2660 -2076 1384
51 -520 -898 609 2658 -2073 1383
52 -522 -898 610 2660 -2076 1384
53 -522 -903 610 2657 -2077 1385
54 -524 -900 613 2659 -2076 1386
55 -520 -903 610 2661 -2077 1382
56 -517 -900 611 2660 -2076 1384
57 -522 -904 612 2662 -2076 1384
58 -521 -899 610 2660 -2076 1383
59 -521 -901 611 2662 -2076 1384
60 -522 -901 610 2659 -2077 1386
61 -521 -900 613 2659 -2074 1382
62 -521 -901 611 2657 -2076 1383
63 -523 -902 609 2662 -2075 1385
64 -521 -902 609 2658 -2075 1383
65 -522 -904 610 2661 -2074 1380
66 -523 -902 608 2659 -2073 1383
67 -524 -901 608 2663 -2075 1381
68 -521 -901 610 2663 -2076 1382
69 -522 -903 609 2663 -2074 1383
70 -521 -900 610 2662 -2074 1382
71 -523 -901 610 2660 -2074 1384
72 -523 -897 612 2661 -2073 1382
73 -525 -899 610 2662 -2074 1380
74 -522 -900 611 2663 -2070 1382
75 -519 -897 613 2660 -2073 1385
76 -521 -897 611 2661 -2074 1383
77 -520 -901 612 2662 -2074 1378
78 -523 -902 609 2659 -2076 1383
79 -522 -901 612 2661 -2074 1385
80 -522 -901 611 2661 -2074 1381
81 -523 -899 612 2659 -2075 1381
82 -524 -898 612 2659 -2073 1382
83 -520 -901 610 2660 -2076 1383
84 -520 -900 610 2660 -2077 1382
85 -522 -903 611 2659 -2077 1384
86 -524 -899 608 2660 -2073 1384
87 -524 -900 610 2661 -2074 1380
88 -522 -902 610 2663 -2073 1384
89 -522 -900 612 2662 -2073 1384
90 -522 -898 613 2661 -2075 1383
91 -524 -901 611 2664 -2075 1384
92 -521 -900 608 2662 -2076 1385
93 -521 -896 610 2662 -2078 1386
94 -521 -901 611 2661 -2072 1384
95 -520 -901 610 2660 -2076 1385
96 -522 -897 611 2658 -2075 1386
97 -521 -899 612 2661 -2075 1384
98 -521 -899 612 2660 -2075 1382
99 -520 -900 612 2660 -2078 1387
100 -518 -901 611 2664 -2074 1383
101 -520 -899 611 2662 -2074 1385
102 -521 -900 612 2658 -2074 1385
103 -520 -900 611 2659 -2074 1384
104 -520 -900 609 2661 -2072 1383
105 -519 -898 611 2658 -2078 1386
106 -521 -899 612 2661 -2078 1384
107 -519 -903 610 2659 -2075 1384
108 -519 -901 610 2660 -2075 1381
109 -523 -901 609 2664 -2077 1384
110 -521 -899 609 2664 -2076 1384
111 -521 -900 608 2660 -2076 1382
112 -526 -903 606 2662 -2074 1383
113 -522 -899 609 2661 -2072 1384
114 -520 -900 610 2662 -2076 1379
115 -520 -901 608 2662 -2076 1381
116 -521 -898 610 2662 -2074 1383
117 -520 -898 609 2661 -2074 1381
118 -521 -900 609 2662 -2075 1383
119 -521 -899 615 2664 -2076 1384
120 -524 -899 610 2662 -2071 1384
121 -522 -899 608 2659 -2075 1381
122 -523 -901 609 2661 -2075 1383
123 -522 -897 612 2664 -2075 1385
124 -521 -898 613 2660 -2075 1382
125 -521 -899 614 2663 -2074 1383
126 -521 -902 611 2659 -2077 1386
127 -522 -901 611 2659 -2076 1381
128 -522 -902 610 2659 -2074 1384
129 -524 -899 612 2662 -2078 1383
130 -520 -901 610 2662 -2074 1385
131 -522 -899 611 2660 -2076 1387
132 -523 -899 608 2663 -2076 1386
133 -521 -897 610 2662 -2075 1382
134 -524 -901 612 2663 -2077 1384
135 -519 -900 611 2660 -2075 1383
136 -522 -902 612 2660 -2075 1385
137 -522 -901 611 2662 -2072 1382
138 -518 -900 609 2659 -2072 1383
139 -521 -900 609 2659 -2073 1385
140 -521 -899 610 2660 -2078 1381
141 -520 -898 610 2660 -2072 1382
142 -520 -900 612 2661 -2074 1384
143 -522 -899 609 2659 -2076 1382
144 -519 -899 610 2659 -2075 1383
145 -520 -902 609 2656 -2075 1381
146 -521 -901 607 2661 -2076 1385
147 -519 -896 614 2662 -2074 1384
148 -524 -901 611 2658 -2075 1383
149 -522 -902 612 2659 -2078 1385
150 -524 -903 608 2660 -2076 1383
151 -520 -902 610 2660 -2077 1381
152 -519 -901 612 2660 -2074 1382
153 -522 -900 610 2658 -2075 1382
154 -520 -902 610 2663 -2077 1382
155 -523 -902 611 2659 -2075 1383
156 -521 -901 612 2658 -2074 1383
157 -523 -901 611 2658 -2075 1386
158 -523 -899 612 2662 -2077 1383
159 -520 -900 611 2660 -2076 1383
160 -520 -900 611 2660 -2074 1384
161 -523 -903 611 2662 -2076 1384
162 -521 -899 612 2664 -2074 1383
163 -521 -900 611 2660 -2075 1383
164 -523 -899 610 2662 -2076 1383
165 -522 -900 608 2658 -2077 1381
166 -522 -903 612 2659 -2076 1382
167 -523 -902 611 2659 -2074 1380
168 -519 -903 609 2659 -2076 1381
169 -520 -899 610 2660 -2076 1383
170 -522 -898 610 2660 -2073 1384
171 -519 -903 612 2660 -2073 1380
172 -522 -897 611 2662 -2075 1383
173 -522 -900 611 2664 -2073 1386
174 -522 -901 610 2661 -2074 1385
175 -521 -902 608 2663 -2075 1381
176 -523 -901 612 2663 -2074 1386
177 -523 -900 611 2663 -2075 1384
178 -522 -901 607 2662 -2076 1382
179 -520 -900 612 2662 -2074 1386
180 -522 -901 610 2661 -2074 1383
181 -519 -900 612 2661 -2074 1381
182 -521 -897 612 2663 -2076 1384
183 -524 -900 610 2661 -2075 1384
184 -520 -899 609 2660 -2076 1384
185 -521 -901 610 2662 -2077 1383
186 -523 -900 610 2659 -2077 1382
187 -521 -899 610 2662 -2074 1382
188 -521 -899 609 2658 -2077 1384
189 -521 -901 610 2659 -2076 1381
190 -522 -900 612 2660 -2076 1385
191 -522 -898 611 2658 -2073 1386
192 -521 -899 610 2659 -2075 1384
193 -524 -902 609 2661 -2075 1383
194 -523 -899 613 2662 -2076 1381
195 -523 -900 610 2661 -2075 1384
196 -522 -898 610 2659 -2076 1384
197 -523 -901 608 2662 -2074 1383
198 -523 -902 610 2661 -2076 1382
199 -523 -899 609 2660 -2074 1380
200 -519 -901 610 2660 -2075 1384
201 -524 -901 608 2664 -2073 1384
202 -522 -897 610 2660 -2075 1381
203 -522 -899 612 2658 -2074 1384
204 -522 -902 612 2659 -2075 1386
205 -522 -899 609 2658 -2078 1384
206 -522 -900 612 2660 -2074 1382
207 -524 -901 609 2659 -2074 1382
208 -521 -900 614 2661 -2076 1383
209 -521 -898 609 2659 -2078 1382
210 -527 -903 609 2658 -2077 1384
211 -519 -901 611 2660 -2079 1382
212 -521 -901 608 2661 -2077 1380
213 -520 -901 612 2659 -2076 1382
214 -525 -901 611 2658 -2078 1382
215 -523 -901 609 2661 -2076 1381
216 -525 -905 608 2661 -2078 1379
217 -523 -903 606 2659 -2076 1382
218 -525 -902 607 2658 -2076 1379
219 -524 -899 609 2659 -2075 1383
220 -522 -903 608 2660 -2076 1382
221 -522 -903 607 2660 -2078 1383
222 -523 -902 608 2660 -2077 1382
223 -523 -899 609 2659 -2076 1386
224 -522 -901 608 2659 -2078 1381
225 -521 -904 609 2663 -2080 1384
226 -523 -902 606 2658 -2079 1385
227 -523 -900 608 2659 -2080 1382
228 -523 -899 609 2660 -2076 1382
229 -522 -901 611 2661 -2078 1381
230 -520 -897 608 2659 -2075 1382
231 -524 -901 609 2661 -2077 1384
232 -522 -902 608 2660 -2075 1380
233 -522 -898 610 2660 -2074 1383
234 -520 -898 614 2659 -2074 1382
235 -523 -902 611 2660 -2076 1383
236 -520 -902 610 2659 -2078 1381
237 -521 -904 609 2659 -2077 1382
238 -523 -905 610 2661 -2076 1380
239 -522 -903 608 2662 -2076 1383
240 -522 -899 611 2661 -2075 1382
241 -523 -901 609 2660 -2076 1384
242 -522 -902 608 2661 -2075 1383
243 -521 -901 610 2663 -2074 1385
244 -521 -899 611 2664 -2074 1386
245 -522 -900 611 2662 -2073 1384
246 -518 -900 608 2661 -2076 1381
247 -518 -901 613 2659 -2074 1385
248 -523 -903 611 2660 -2074 1385
249 -524 -898 612 2663 -2072 1384
250 -522 -902 611 2660 -2072 1385
251 -519 -898 612 2660 -2074 1381
252 -522 -899 611 2662 -2075 1387
253 -520 -899 612 2662 -2072 1382
254 -518 -901 612 2662 -2074 1381
255 -520 -898 611 2661 -2076 1383
256 -522 -899 610 2660 -2072 1385
257 -520 -899 612 2662 -2072 1382
258 -520 -900 610 2661 -2077 1384
259 -522 -900 610 2660 -2076 1384
260 -524 -901 610 2658 -2075 1383
261 -519 -901 610 2659 -2075 1382
262 -521 -899 610 2663 -2075 1384
263 -523 -901 611 2660 -2076 1385
264 -521 -902 609 2661 -2076 1383
265 -520 -901 610 2662 -2075 1383
266 -520 -902 609 2659 -2074 1385
267 -520 -901 612 2661 -2076 1383
268 -521 -900 608 2658 -2076 1385
269 -518 -900 608 2661 -2079 1383
270 -520 -901 611 2662 -2077 1383
271 -519 -898 610 2661 -2074 1382
272 -523 -898 611 2659 -2078 1388
273 -520 -900 609 2660 -2077 1382
274 -523 -901 611 2662 -2074 1382
275 -522 -902 611 2658 -2076 1384
276 -524 -900 614 2663 -2074 1384
277 -520 -900 612 2658 -2077 1380
278 -522 -900 610 2662 -2071 1383
279 -524 -904 609 2662 -2075 1380
280 -522 -898 610 2661 -2073 1385
281 -523 -900 612 2661 -2075 1382
282 -520 -901 610 2663 -2075 1384
283 -523 -900 609 2663 -2078 1385
284 -519 -901 610 2661 -2075 1384
285 -520 -898 610 2661 -2074 1382
286 -520 -899 608 2661 -2076 1384
287 -521 -901 609 2663 -2075 1386
288 -521 -899 611 2663 -2075 1386
289 -525 -899 610 2664 -2071 1382
290 -519 -902 613 2658 -2078 1387
291 -519 -902 610 2658 -2078 1383
292 -522 -900 609 2660 -2078 1381
293 -523 -900 611 2660 -2075 1380
294 -520 -901 610 2660 -2075 1383
295 -521 -901 612 2662 -2075 1383
296 -521 -899 609 2660 -2071 1384
297 -526 -901 611 2663 -2076 1383
298 -524 -899 612 2662 -2076 1382
299 -520 -901 611 2660 -2074 1384
300 -523 -902 612 2662 -2073 1380
301 -521 -900 612 2659 -2077 1382
302 -521 -902 609 2658 -2074 1385
303 -522 -899 610 2660 -2077 1386
304 -521 -898 609 2660 -2076 1380
305 -521 -900 610 2661 -2076 1386
306 -524 -901 608 2663 -2075 1384
307 -520 -899 611 2662 -2072 1381
308 -522 -899 609 2659 -2073 1384
309 -520 -903 609 2660 -2078 1384
310 -522 -901 608 2662 -2077 1382
311 -522 -898 610 2661 -2076 1385
312 -521 -904 612 2661 -2076 1385
313 -522 -902 609 2660 -2078 1384
314 -524 -900 610 2660 -2075 1384
315 -523 -902 607 2660 -2077 1381
316 -521 -901 609 2659 -2077 1382
317 -524 -901 611 2661 -2076 1380
318 -521 -900 613 2662 -2076 1385
319 -522 -900 611 2663 -2078 1383
320 -521 -902 613 2659 -2080 1381
321 -520 -899 614 2657 -2077 1382
322 -524 -901 611 2660 -2075 1384
323 -521 -902 609 2659 -2071 1379
324 -522 -902 606 2661 -2077 1382
325 -521 -903 609 2661 -2076 1381
326 -523 -902 608 2660 -2075 1382
327 -521 -901 611 2660 -2076 1382
328 -523 -899 607 2660 -2078 1381
329 -522 -900 610 2661 -2072 1385
330 -521 -900 609 2656 -2076 1384
331 -522 -900 610 2661 -2073 1382
332 -516 -898 611 2660 -2075 1382
333 -521 -899 611 2664 -2077 1382
334 -523 -902 610 2661 -2075 1381
335 -521 -900 610 2662 -2074 1381
336 -520 -904 611 2661 -2072 1381
337 -521 -903 610 2662 -2075 1382
338 -525 -901 610 2662 -2074 1380
339 -522 -897 613 2660 -2073 1382
340 -524 -900 611 2662 -2074 1384
341 -522 -900 613 2663 -2072 1383
342 -524 -902 613 2665 -2074 1384
343 -521 -901 613 2658 -2075 1383
344 -522 -903 610 2662 -2073 1383
345 -520 -899 613 2662 -2075 1386
346 -522 -899 615 2660 -2076 1386
347 -518 -901 612 2662 -2073 1383
348 -522 -901 609 2664 -2076 1383
349 -522 -899 611 2663 -2072 1384
350 -520 -898 611 2658 -2073 1382
351 -518 -899 611 2662 -2078 1385
352 -520 -900 609 2661 -2074 1384
353 -522 -899 609 2662 -2076 1382
354 -518 -899 612 2659 -2075 1382
355 -520 -899 609 2664 -2076 1384
356 -520 -903 612 2659 -2074 1382
357 -523 -901 609 2661 -2073 1384
358 -523 -901 611 2658 -2076 1382
359 -522 -900 610 2660 -2074 1382
360 -520 -901 612 2661 -2076 1384
361 -522 -904 612 2660 -2078 1383
362 -520 -902 610 2661 -2074 1383
363 -524 -902 614 2661 -2076 1383
364 -521 -901 611 2661 -2075 1383
365 -522 -900 610 2660 -2078 1381
366 -520 -902 609 2660 -2078 1382
367 -524 -904 608 2660 -2075 1384
368 -522 -901 610 2660 -2076 1383
369 -524 -902 609 2661 -2076 1380
370 -522 -899 607 2662 -2074 1383
371 -522 -898 609 2658 -2075 1381
372 -521 -900 612 2661 -2075 1385
373 -523 -901 608 2663 -2075 1382
374 -520 -899 611 2662 -2076 1385
375 -520 -899 610 2665 -2075 1385
376 -519 -896 612 2662 -2074 1382
377 -520 -899 609 2661 -2073 1383
378 -517 -900 610 2659 -2075 1382
379 -523 -901 613 2661 -2075 1387
380 -523 -902 611 2659 -2073 1386
381 -522 -901 610 2659 -2077 1382
382 -521 -900 609 2663 -2077 1384
383 -524 -898 610 2660 -2074 1384
384 -524 -901 609 2659 -2075 1383
385 -521 -899 610 2663 -2075 1382
386 -519 -899 611 2659 -2078 1384
387 -520 -899 613 2660 -2074 1384
388 -522 -903 610 2659 -2074 1385
389 -523 -900 610 2660 -2072 1380
390 -523 -901 610 2660 -2075 1382
391 -520 -899 609 2662 -2074 1381
392 -524 -901 610 2662 -2074 1382
393 -522 -902 610 2662 -2073 1382
394 -521 -901 609 2661 -2075 1383
395 -522 -901 608 2661 -2077 1381
396 -523 -898 610 2663 -2073 1384
397 -522 -898 615 2661 -2076 1383
398 -522 -899 610 2660 -2075 1385
399 -522 -895 612 2660 -2074 1382
400 -521 -897 611 2660 -2078 1383
401 -520 -900 610 2662 -2076 1381
402 -520 -897 609 2662 -2076 1381
403 -522 -899 612 2662 -2077 1385
404 -521 -901 612 2661 -2075 1382
405 -520 -899 613 2661 -2076 1383
406 -523 -901 612 2661 -2073 1382
407 -522 -901 614 2661 -2077 1386
408 -521 -902 610 2664 -2075 1385
409 -520 -900 612 2659 -2076 1383
410 -520 -902 607 2658 -2078 1383
411 -520 -899 610 2660 -2076 1384
412 -522 -901 610 2661 -2077 1383
413 -521 -901 609 2660 -2077 1384
414 -522 -899 611 2660 -2074 1383
415 -520 -901 611 2660 -2074 1384
416 -523 -897 612 2660 -2073 1385
417 -521 -898 611 2663 -2076 1384
418 -522 -896 609 2663 -2077 1384
419 -519 -899 609 2664 -2078 1385
420 -520 -899 610 2663 -2076 1384
421 -522 -899 613 2662 -2074 1386
422 -520 -899 612 2660 -2076 1384
423 -522 -900 609 2664 -2073 1382
424 -523 -901 608 2660 -2074 1386
425 -519 -899 611 2662 -2075 1385
426 -520 -900 613 2658 -2074 1387
427 -521 -899 612 2665 -2074 1383
428 -521 -900 610 2663 -2074 1385
429 -520 -898 613 2663 -2076 1387
430 -521 -899 612 2661 -2076 1384
431 -524 -899 609 2660 -2078 1383
432 -522 -901 611 2662 -2073 1382
433 -521 -899 612 2662 -2076 1385
434 -520 -899 614 2661 -2073 1386
435 -517 -898 610 2661 -2078 1383
436 -521 -900 610 2663 -2073 1382
437 -519 -900 610 2658 -2073 1381
438 -520 -902 609 2661 -2074 1385
439 -521 -898 610 2663 -2074 1383
440 -520 -900 609 2663 -2072 1386
441 -521 -902 610 2664 -2074 1383
442 -520 -898 609 2663 -2076 1386
443 -519 -899 612 2661 -2071 1383
444 -523 -901 611 2660 -2072 1384
445 -523 -899 612 2661 -2072 1385
446 -520 -899 609 2663 -2074 1383
447 -522 -900 612 2662 -2074 1382
448 -516 -901 613 2659 -2076 1387
449 -523 -902 613 2661 -2074 1384
450 -519 -900 610 2659 -2074 1382
451 -522 -900 611 2661 -2076 1384
452 -522 -899 612 2665 -2077 1383
453 -522 -900 610 2660 -2076 1384
454 -521 -902 612 2660 -2075 1381
455 -522 -902 610 2660 -2074 1382
456 -520 -903 607 2661 -2074 1383
457 -520 -899 610 2656 -2076 1382
458 -523 -903 610 2661 -2076 1383
459 -523 -901 611 2662 -2075 1384
460 -520 -901 610 2661 -2075 1380
461 -523 -898 610 2661 -2076 1383
462 -523 -902 609 2661 -2073 1380
463 -523 -898 609 2663 -2074 1384
464 -521 -902 608 2662 -2073 1384
465 -521 -898 609 2662 -2076 1386
466 -525 -900 612 2660 -2078 1381
467 -523 -901 610 2663 -2075 1384
468 -523 -899 610 2661 -2076 1382
469 -523 -902 611 2663 -2075 1383
470 -522 -903 609 2663 -2077 1384
471 -522 -900 611 2660 -2077 1383
472 -521 -901 614 2658 -2075 1385
473 -519 -899 609 2659 -2075 1382
474 -521 -900 610 2664 -2075 1382
475 -522 -901 612 2661 -2075 1384
476 -523 -905 610 2661 -2072 1386
477 -523 -900 612 2662 -2072 1381
478 -522 -899 611 2662 -2076 1383
479 -522 -898 610 2660 -2078 1383
480 -522 -901 611 2659 -2074 1384
481 -521 -900 610 2662 -2076 1383
482 -524 -901 610 2662 -2074 1384
483 -523 -899 613 2665 -2075 1380
484 -523 -900 610 2663 -2074 1383
485 -523 -898 612 2664 -2074 1382
486 -521 -903 608 2661 -2074 1384
487 -521 -899 611 2661 -2075 1381
488 -520 -901 612 2661 -2072 1382
489 -519 -902 608 2662 -2074 1382
490 -518 -900 612 2661 -2077 1385
491 -520 -898 612 2661 -2073 1382
492 -521 -898 611 2661 -2078 1381
493 -521 -902 611 2659 -2077 1379
494 -518 -901 611 2661 -2078 1386
495 -521 -898 609 2660 -2077 1382
496 -520 -900 612 2658 -2076 1382
497 -519 -899 612 2661 -2074 1385
498 -522 -899 612 2659 -2075 1382
499 -520 -899 610 2660 -2073 1383
500 -522 -902 613 2660 -2075 1382
501 -520 -900 609 2662 -2079 1384
502 -522 -900 610 2660 -2075 1384
503 -522 -898 610 2661 -2073 1384
504 -521 -897 608 2661 -2074 1385
505 -521 -899 610 2661 -2073 1383
506 -523 -898 612 2664 -2072 1382
507 -522 -901 610 2660 -2076 1383
508 -523 -901 608 2660 -2077 1384
509 -524 -900 612 2658 -2077 1384
510 -524 -898 611 2662 -2077 1382
511 -521 -901 611 2659 -2074 1384
512 -525 -901 609 2661 -2073 1384
513 -521 -899 613 2660 -2077 1384
514 -519 -902 612 2658 -2075 1383
515 -524 -904 611 2664 -2075 1385
516 -524 -901 610 2660 -2076 1380
517 -521 -902 610 2661 -2076 1384
518 -519 -901 610 2662 -2073 1386
519 -519 -902 610 2662 -2074 1385
520 -523 -899 612 2661 -2077 1386
521 -521 -899 613 2661 -2075 1383
522 -523 -900 612 2659 -2073 1384
523 -523 -905 609 2662 -2072 1386
524 -518 -899 615 2662 -2075 1382
525 -523 -897 613 2665 -2074 1382
526 -522 -899 613 2664 -2074 1382
527 -521 -899 612 2661 -2075 1379
528 -522 -902 610 2662 -2075 1382
529 -522 -901 611 2663 -2073 1383
530 -522 -900 611 2660 -2077 1381
531 -521 -900 612 2662 -2076 1382
532 -524 -901 610 2658 -2077 1382
533 -522 -900 609 2661 -2074 1384
534 -522 -898 611 2661 -2077 1382
535 -522 -903 612 2662 -2076 1382
536 -524 -901 610 2660 -2078 1384
537 -521 -901 609 2658 -2076 1384
538 -519 -900 611 2660 -2075 1385
539 -520 -900 609 2660 -2077 1382
540 -520 -903 610 2663 -2080 1384
541 -522 -898 605 2660 -2077 1386
542 -522 -902 610 2660 -2075 1384
543 -521 -904 606 2659 -2074 1383
544 -518 -903 606 2660 -2076 1383
545 -525 -900 612 2659 -2076 1383
546 -523 -902 611 2661 -2079 1384
547 -522 -901 608 2662 -2074 1382
548 -522 -903 609 2664 -2075 1384
549 -520 -898 609 2660 -2076 1382
550 -521 -899 611 2664 -2078 1386
551 -521 -900 611 2664 -2074 1381
552 -522 -902 608 2661 -2073 1382
553 -521 -903 609 2660 -2075 1382
554 -520 -899 610 2662 -2079 1385
555 -522 -898 609 2661 -2077 1383
556 -520 -903 609 2660 -2074 1383
557 -520 -899 610 2662 -2075 1384
558 -520 -897 611 2664 -2078 1383
559 -524 -900 612 2659 -2075 1384
560 -521 -902 612 2660 -2077 1384
561 -522 -902 610 2660 -2076 1383
562 -524 -898 611 2662 -2072 1386
563 -521 -900 613 2660 -2074 1385
564 -520 -899 611 2660 -2075 1381
565 -521 -902 607 2660 -2073 1382
566 -521 -902 610 2663 -2073 1383
567 -519 -894 614 2666 -2074 1386
568 -519 -898 611 2665 -2076 1383
569 -522 -900 608 2663 -2074 1385
570 -521 -899 614 2661 -2071 1386
571 -520 -898 615 2663 -2075 1383
572 -519 -900 615 2662 -2073 1386
573 -520 -901 610 2662 -2075 1382
574 -521 -901 611 2665 -2073 1384
575 -522 -897 612 2661 -2076 1385
576 -519 -900 612 2661 -2074 1385
577 -522 -899 613 2662 -2077 1383
578 -522 -901 611 2658 -2075 1385
579 -519 -899 610 2661 -2077 1384
580 -519 -901 610 2662 -2075 1384
581 -523 -897 609 2659 -2076 1384
582 -522 -901 608 2658 -2076 1384
583 -521 -899 611 2661 -2075 1386
584 -523 -903 611 2660 -2075 1383
585 -522 -899 612 2658 -2075 1386
586 -523 -901 612 2659 -2076 1384
587 -520 -901 612 2660 -2076 1385
588 -520 -900 607 2661 -2073 1384
589 -520 -904 612 2666 -2076 1383
590 -519 -897 610 2661 -2076 1383
591 -519 -900 612 2662 -2076 1385
592 -522 -899 611 2661 -2075 1384
593 -521 -900 612 2661 -2075 1383
594 -522 -901 611 2663 -2075 1381
595 -522 -901 611 2662 -2071 1382
596 -523 -899 612 2661 -2075 1384
597 -519 -898 611 2662 -2075 1383
598 -522 -900 613 2665 -2074 1385
599 -520 -901 613 2660 -2076 1383
600 -523 -903 610 2661 -2072 1383
601 -517 -899 610 2660 -2075 1385
602 -519 -900 612 2664 -2074 1380
603 -524 -899 609 2663 -2074 1383
604 -520 -899 612 2664 -2074 1384
605 -522 -900 612 2661 -2074 1385
606 -524 -899 610 2659 -2075 1382
607 -525 -901 609 2660 -2072 1384
608 -520 -902 613 2661 -2073 1382
609 -520 -899 611 2662 -2076 1385
610 -521 -901 610 2665 -2074 1381
611 -520 -898 608 2661 -2074 1383
612 -519 -900 610 2662 -2073 1384
613 -520 -900 612 2662 -2075 1384
614 -518 -897 612 2662 -2076 1384
615 -518 -899 609 2665 -2075 1385
616 -522 -901 610 2661 -2074 1384
617 -520 -899 610 2660 -2074 1384
618 -523 -901 612 2658 -2075 1382
619 -521 -899 609 2660 -2076 1382
620 -522 -900 608 2661 -2075 1384
621 -523 -901 610 2658 -2078 1383
622 -520 -900 612 2660 -2076 1386
623 -523 -902 611 2661 -2075 1381
624 -524 -901 608 2659 -2075 1385
625 -521 -898 610 2661 -2077 1386
626 -521 -903 612 2658 -2077 1385
627 -519 -900 609 2660 -2076 1382
628 -522 -899 609 2661 -2075 1384
629 -522 -900 608 2659 -2077 1384
630 -522 -901 609 2658 -2076 1382
631 -519 -899 608 2658 -2074 1384
632 -518 -901 608 2662 -2076 1382
633 -520 -902 607 2662 -2073 1384
634 -521 -900 608 2660 -2076 1384
635 -522 -899 608 2662 -2075 1383
636 -519 -899 611 2660 -2075 1382
637 -520 -898 613 2663 -2073 1386
638 -520 -900 612 2659 -2076 1386
639 -522 -899 610 2662 -2078 1382
640 -525 -902 612 2662 -2074 1384
641 -522 -900 613 2661 -2072 1384
642 -521 -899 611 2662 -2077 1382
643 -520 -898 611 2660 -2074 1382
644 -517 -899 613 2660 -2073 1386
645 -522 -899 615 2664 -2073 1384
646 -521 -901 611 2660 -2073 1385
647 -521 -900 611 2665 -2076 1382
648 -521 -903 609 2659 -2076 1380
649 -523 -899 609 2663 -2074 1382
650 -523 -900 613 2661 -2073 1381
651 -523 -902 609 2661 -2074 1384
652 -523 -898 608 2661 -2075 1384
653 -521 -898 613 2665 -2074 1384
654 -524 -899 613 2660 -2077 1385
655 -520 -899 612 2663 -2073 1383
656 -519 -898 610 2663 -2074 1385
657 -519 -898 610 2662 -2071 1385
658 -520 -900 610 2662 -2074 1385
659 -522 -900 613 2660 -2073 1385
660 -522 -900 611 2662 -2075 1383
661 -522 -900 609 2660 -2073 1382
662 -520 -900 609 2663 -2077 1385
663 -522 -901 612 2660 -2077 1382
664 -519 -901 611 2662 -2076 1385
665 -523 -901 608 2661 -2074 1384
666 -519 -896 611 2660 -2076 1384
667 -520 -901 611 2660 -2074 1383
668 -523 -900 606 2661 -2076 1382
669 -519 -901 609 2661 -2075 1386
670 -521 -901 608 2660 -2075 1384
671 -520 -899 610 2658 -2075 1384
672 -519 -902 608 2661 -2078 1385
673 -522 -896 609 2662 -2074 1384
674 -520 -901 610 2660 -2073 1382
675 -520 -901 611 2660 -2075 1384
676 -520 -901 610 2660 -2075 1381
677 -521 -899 608 2659 -2076 1385
678 -522 -901 612 2662 -2076 1384
679 -521 -898 612 2659 -2075 1382
680 -518 -902 612 2660 -2073 1383
681 -520 -898 613 2661 -2076 1384
682 -519 -899 609 2661 -2074 1381
683 -519 -899 612 2661 -2072 1384
684 -520 -900 612 2660 -2072 1383
685 -522 -902 612 2660 -2076 1384
686 -520 -901 609 2662 -2074 1382
687 -522 -899 612 2662 -2072 1382
688 -523 -898 613 2662 -2074 1383
689 -522 -901 611 2660 -2074 1382
690 -521 -898 609 2663 -2075 1381
691 -521 -900 614 2660 -2076 1385
692 -523 -898 610 2664 -2070 1385
693 -522 -898 614 2658 -2074 1383
694 -524 -902 608 2660 -2073 1384
695 -522 -902 611 2664 -2075 1382
696 -520 -899 611 2660 -2073 1382
697 -521 -902 608 2662 -2074 1381
698 -522 -901 610 2660 -2072 1384
699 -522 -897 612 2660 -2073 1384
700 -522 -898 612 2662 -2073 1384
701 -522 -899 610 2666 -2074 1384
702 -523 -897 610 2663 -2077 1384
703 -520 -900 612 2663 -2075 1384
704 -522 -896 610 2660 -2075 1383
705 -522 -897 608 2663 -2078 1384
706 -523 -899 612 2663 -2073 1384
707 -523 -902 613 2660 -2076 1385
708 -520 -900 612 2662 -2074 1386
709 -521 -898 612 2660 -2078 1384
710 -524 -901 612 2660 -2077 1386
711 -519 -899 610 2658 -2076 1382
712 -521 -899 612 2660 -2073 1384
713 -518 -899 610 2661 -2073 1384
714 -520 -899 607 2661 -2074 1386
715 -521 -900 611 2661 -2076 1383
716 -522 -902 610 2659 -2078 1384
717 -519 -902 608 2660 -2075 1383
718 -517 -899 611 2661 -2076 1384
719 -520 -902 609 2659 -2075 1382
720 -518 -900 608 2659 -2076 1383
721 -521 -899 608 2660 -2072 1385
722 -523 -900 611 2661 -2074 1384
723 -520 -899 612 2660 -2074 1385
724 -523 -901 608 2662 -2074 1384
725 -522 -901 609 2662 -2073 1385
726 -521 -900 610 2660 -2075 1384
727 -520 -902 611 2660 -2075 1385
728 -524 -898 609 2660 -2075 1384
729 -522 -901 611 2658 -2076 1382
730 -521 -900 611 2662 -2074 1379
731 -524 -901 613 2662 -2072 1385
732 -520 -901 612 2660 -2073 1382
733 -522 -899 613 2658 -2076 1383
734 -521 -905 610 2662 -2074 1379
735 -523 -906 610 2660 -2075 1382
736 -525 -901 612 2660 -2077 1381
737 -523 -900 611 2661 -2076 1384
738 -524 -902 608 2659 -2074 1382
739 -523 -902 611 2662 -2076 1382
740 -522 -902 609 2662 -2073 1382
741 -524 -903 608 2661 -2074 1382
742 -520 -899 610 2661 -2075 1385
743 -520 -903 610 2659 -2078 1385
744 -519 -899 612 2662 -2074 1386
745 -519 -899 611 2660 -2072 1383
746 -524 -902 613 2662 -2074 1381
747 -522 -901 610 2659 -2076 1381
748 -523 -898 610 2662 -2076 1380
749 -524 -904 609 2661 -2077 1384
750 -523 -901 611 2659 -2074 1382
751 -518 -904 611 2662 -2077 1384
752 -522 -901 610 2661 -2075 1383
753 -521 -901 610 2656 -2077 1383
754 -522 -902 611 2662 -2079 1386
755 -523 -900 609 2658 -2076 1380
756 -520 -901 608 2660 -2074 1379
757 -520 -902 610 2660 -2079 1382
758 -518 -898 607 2659 -2076 1384
759 -520 -902 610 2661 -2077 1383
760 -521 -899 608 2658 -2075 1382
761 -520 -898 606 2656 -2077 1384
762 -520 -901 608 2662 -2078 1382
763 -521 -901 609 2661 -2075 1384
764 -523 -901 609 2663 -2076 1382
765 -520 -902 609 2661 -2074 1382
766 -521 -900 608 2661 -2076 1382
767 -519 -902 611 2661 -2074 1384
768 -523 -902 610 2662 -2074 1382
769 -521 -902 611 2658 -2076 1383
770 -522 -902 612 2662 -2076 1382
771 -521 -901 610 2663 -2072 1384
772 -522 -902 613 2663 -2071 1382
773 -523 -902 612 2662 -2070 1382
774 -526 -899 609 2663 -2074 1382
775 -522 -901 611 2661 -2074 1381
776 -524 -901 610 2658 -2078 1381
777 -521 -903 610 2658 -2076 1382
778 -525 -901 610 2659 -2075 1382
779 -524 -905 610 2659 -2076 1377
780 -525 -906 609 2660 -2078 1380
781 -523 -903 610 2659 -2079 1381
782 -521 -902 611 2657 -2076 1379
783 -525 -903 608 2658 -2077 1381
784 -524 -905 610 2658 -2076 1382
785 -526 -903 607 2658 -2079 1381
786 -522 -902 607 2657 -2076 1382
787 -523 -904 606 2657 -2076 1381
788 -523 -902 609 2655 -2076 1382
789 -526 -901 609 2659 -2076 1382
790 -522 -904 606 2658 -2077 1377
791 -524 -904 608 2661 -2080 1380
792 -521 -904 606 2657 -2078 1382
793 -524 -901 609 2657 -2076 1382
794 -523 -905 609 2658 -2077 1381
795 -522 -899 607 2658 -2079 1383
796 -524 -904 609 2658 -2077 1380
797 -525 -901 607 2657 -2078 1383
798 -522 -905 610 2659 -2075 1384
799 -523 -901 609 2658 -2078 1379
800 -521 -903 606 2657 -2078 1382
801 -520 -903 605 2658 -2076 1380
802 -521 -901 608 2658 -2078 1382
803 -519 -904 605 2658 -2076 1382
804 -521 -900 606 2660 -2077 1382
805 -521 -900 609 2660 -2079 1381
806 -521 -901 605 2658 -2079 1382
807 -524 -901 608 2659 -2078 1383
808 -522 -903 606 2662 -2078 1380
809 -523 -904 608 2659 -2074 1381
810 -524 -901 608 2660 -2074 1383
811 -522 -902 612 2660 -2074 1383
812 -524 -900 607 2659 -2074 1382
813 -529 -898 610 2658 -2075 1383
814 -522 -901 611 2658 -2078 1382
815 -524 -900 610 2663 -2077 1385
816 -522 -901 609 2663 -2077 1384
817 -526 -902 609 2661 -2075 1380
818 -519 -901 608 2660 -2075 1381
819 -522 -902 613 2657 -2080 1382
820 -524 -903 608 2657 -2075 1381
821 -526 -901 611 2658 -2073 1381
822 -523 -903 609 2659 -2078 1381
823 -524 -903 610 2661 -2079 1382
824 -521 -902 607 2658 -2076 1380
825 -526 -902 607 2660 -2076 1382
826 -522 -904 609 2660 -2077 1382
827 -524 -901 608 2661 -2073 1382
828 -522 -900 607 2659 -2075 1382
829 -524 -903 607 2662 -2075 1383
830 -523 -901 610 2661 -2073 1382
831 -523 -898 610 2659 -2079 1382
832 -523 -904 609 2662 -2078 1384
833 -523 -903 608 2662 -2074 1380
834 -524 -903 607 2659 -2078 1380
835 -524 -901 610 2658 -2079 1381
836 -525 -902 608 2659 -2079 1382
837 -524 -900 608 2661 -2075 1380
838 -523 -901 607 2655 -2075 1382
839 -522 -901 611 2660 -2078 1381
840 -522 -900 609 2660 -2079 1383
841 -523 -904 609 2659 -2075 1383
842 -520 -902 605 2658 -2078 1383
843 -522 -900 607 2660 -2079 1382
844 -523 -905 610 2657 -2079 1378
845 -523 -903 608 2659 -2076 1384
846 -520 -901 608 2659 -2076 1384
847 -523 -904 605 2656 -2076 1381
848 -521 -902 609 2660 -2078 1383
849 -522 -899 609 2660 -2075 1382
850 -522 -901 608 2659 -2077 1383
851 -523 -902 609 2658 -2077 1379
852 -523 -903 608 2662 -2076 1383
853 -524 -902 611 2660 -2075 1382
854 -520 -902 611 2660 -2075 1383
855 -521 -902 610 2661 -2076 1380
856 -523 -901 610 2660 -2078 1382
857 -523 -900 607 2661 -2076 1382
858 -525 -903 607 2660 -2078 1381
859 -523 -899 607 2660 -2079 1381
860 -524 -899 612 2660 -2078 1381
861 -521 -902 609 2661 -2075 1380
862 -520 -900 608 2662 -2076 1380
863 -521 -899 610 2660 -2075 1386
864 -521 -904 609 2661 -2075 1380
865 -523 -902 612 2660 -2075 1379
866 -522 -899 608 2660 -2074 1383
867 -522 -899 609 2660 -2075 1384
868 -523 -897 611 2662 -2074 1381
869 -522 -902 610 2657 -2076 1384
870 -520 -906 611 2659 -2076 1383
871 -526 -899 608 2662 -2077 1385
872 -521 -899 612 2660 -2074 1382
873 -520 -899 609 2662 -2079 1382
874 -522 -898 607 2660 -2074 1386
875 -521 -899 609 2664 -2076 1386
876 -520 -899 611 2662 -2074 1384
877 -521 -899 609 2664 -2074 1383
878 -519 -903 610 2660 -2077 1385
879 -524 -902 611 2659 -2073 1385
880 -522 -901 611 2662 -2075 1385
881 -523 -897 611 2661 -2074 1386
882 -521 -901 611 2660 -2075 1385
883 -523 -899 610 2661 -2077 1385
884 -521 -901 612 2661 -2075 1387
885 -522 -900 610 2660 -2079 1384
886 -517 -902 612 2660 -2076 1383
887 -522 -899 609 2659 -2078 1384
888 -520 -901 611 2660 -2073 1386
889 -522 -899 611 2660 -2075 1383
890 -520 -899 609 2659 -2077 1384
891 -520 -900 610 2661 -2077 1385
892 -523 -900 609 2661 -2072 1387
893 -519 -902 611 2659 -2076 1385
894 -524 -900 609 2661 -2077 1384
895 -522 -898 609 2662 -2074 1383
896 -522 -901 608 2664 -2076 1382
897 -523 -899 609 2662 -2076 1382
898 -523 -902 610 2662 -2075 1380
899 -521 -900 614 2662 -2075 1383
900 -522 -901 605 2663 -2075 1382
901 -522 -902 610 2661 -2073 1382
902 -525 -900 612 2660 -2074 1382
903 -522 -901 612 2661 -2074 1383
904 -523 -903 608 2663 -2077 1384
905 -523 -899 613 2658 -2076 1381
906 -523 -903 613 2661 -2077 1380
907 -522 -901 609 2661 -2075 1380
908 -521 -903 614 2660 -2077 1383
909 -524 -903 609 2660 -2073 1380
910 -522 -901 609 2661 -2075 1384
911 -525 -900 610 2661 -2073 1384
912 -522 -900 609 2661 -2072 1382
913 -522 -902 607 2663 -2075 1382
914 -522 -899 611 2661 -2075 1385
915 -522 -901 610 2660 -2075 1383
916 -523 -902 608 2662 -2077 1382
917 -520 -901 612 2662 -2074 1382
918 -522 -899 610 2658 -2077 1382
919 -523 -901 610 2662 -2077 1381
920 -521 -899 611 2661 -2076 1382
921 -521 -898 608 2664 -2075 1384
922 -524 -901 609 2658 -2078 1385
923 -521 -902 610 2660 -2077 1382
924 -524 -901 611 2660 -2076 1382
925 -520 -900 610 2661 -2074 1382
926 -517 -897 610 2665 -2075 1383
927 -524 -900 612 2660 -2075 1386
928 -517 -895 610 2664 -2076 1382
929 -522 -899 610 2660 -2074 1384
930 -519 -900 610 2659 -2073 1385
931 -520 -902 612 2660 -2078 1383
932 -521 -901 610 2661 -2074 1380
933 -520 -902 608 2663 -2074 1386
934 -521 -897 611 2661 -2074 1384
935 -520 -903 610 2661 -2074 1382
936 -520 -902 607 2659 -2073 1385
937 -523 -901 609 2663 -2074 1383
938 -519 -897 612 2662 -2074 1382
939 -520 -898 613 2661 -2072 1385
940 -518 -900 610 2663 -2074 1382
941 -520 -899 612 2665 -2072 1384
942 -521 -899 612 2663 -2078 1385
943 -520 -898 610 2663 -2075 1382
944 -521 -898 612 2664 -2073 1382
945 -523 -901 612 2660 -2078 1383
946 -523 -898 609 2660 -2075 1382
947 -520 -901 610 2660 -2077 1382
948 -524 -903 611 2662 -2077 1383
949 -520 -897 610 2659 -2078 1385
950 -521 -903 606 2660 -2074 1384
951 -521 -901 612 2657 -2076 1381
952 -522 -903 608 2661 -2076 1379
953 -522 -905 607 2663 -2074 1382
954 -522 -902 608 2660 -2076 1384
955 -522 -900 609 2661 -2077 1384
956 -522 -901 607 2657 -2077 1381
957 -521 -902 609 2661 -2072 1382
958 -522 -903 610 2660 -2076 1382
959 -521 -900 607 2662 -2074 1380
960 -521 -902 610 2661 -2077 1382
961 -522 -903 611 2661 -2074 1383
962 -521 -902 612 2661 -2074 1383
963 -523 -901 609 2664 -2073 1383
964 -521 -896 610 2664 -2074 1383
965 -521 -899 612 2661 -2073 1383
966 -523 -900 611 2663 -2075 1382
967 -523 -899 610 2661 -2074 1382
968 -523 -899 609 2660 -2075 1382
969 -519 -898 611 2660 -2074 1384
970 -522 -899 607 2662 -2074 1385
971 -523 -898 612 2662 -2075 1385
972 -520 -900 612 2660 -2074 1386
973 -521 -901 611 2660 -2078 1382
974 -519 -901 610 2659 -2075 1384
975 -524 -898 609 2657 -2075 1382
976 -523 -903 610 2659 -2076 1384
977 -523 -900 607 2661 -2078 1385
978 -521 -901 609 2658 -2076 1382
979 -519 -904 608 2659 -2074 1380
980 -520 -900 609 2660 -2077 1382
981 -522 -900 606 2662 -2075 1385
982 -521 -902 607 2659 -2074 1382
983 -523 -903 607 2663 -2078 1383
984 -522 -899 608 2658 -2079 1379
985 -522 -901 608 2660 -2075 1382
986 -520 -903 608 2660 -2079 1384
987 -522 -902 607 2663 -2077 1385
988 -523 -902 610 2658 -2077 1384
989 -522 -904 608 2657 -2076 1381
990 -524 -899 608 2660 -2078 1382
991 -523 -902 608 2656 -2076 1380
992 -524 -902 608 2661 -2075 1381
993 -522 -901 609 2657 -2076 1381
994 -520 -904 607 2659 -2077 1381
995 -526 -904 606 2661 -2078 1378
996 -524 -906 609 2657 -2073 1378
997 -526 -905 609 2659 -2077 1381
998 -524 -902 607 2658 -2078 1383
999 -522 -901 607 2658 -2075 1380
0 -6084 -981 6483 5345 1068 -4910
1 -6087 -978 6485 5346 1066 -4915
2 -6085 -979 6484 5345 1063 -4912
3 -6086 -980 6481 5344 1064 -4907
4 -6084 -978 6484 5344 1067 -4912
5 -6083 -981 6484 5346 1066 -4911
6 -6082 -978 6482 5344 1063 -4908
7 -6084 -980 6483 5345 1064 -4911
8 -6086 -979 6481 5345 1067 -4911
9 -6083 -977 6480 5345 1063 -4910
10 -6084 -980 6482 5341 1061 -4910
11 -6084 -978 6482 5344 1063 -4910
12 -6084 -979 6485 5346 1062 -4908
13 -6084 -977 6481 5345 1065 -4908
14 -6083 -979 6484 5345 1064 -4906
15 -6083 -978 6486 5344 1064 -4908
16 -6083 -976 6482 5343 1062 -4909
17 -6083 -978 6483 5344 1065 -4906
18 -6083 -976 6484 5346 1062 -4907
19 -6084 -978 6484 5346 1065 -4909
20 -6084 -973 6486 5345 1068 -4906
21 -6084 -978 6486 5346 1065 -4908
22 -6085 -978 6484 5346 1064 -4912
23 -6084 -979 6484 5345 1063 -4906
24 -6080 -975 6480 5346 1064 -4909
25 -6085 -977 6482 5348 1063 -4910
26 -6086 -978 6487 5345 1066 -4907
27 -6086 -976 6482 5348 1062 -4908
28 -6085 -975 6484 5344 1067 -4906
29 -6084 -974 6482 5345 1066 -4907
30 -6086 -976 6486 5347 1064 -4906
31 -6082 -976 6483 5346 1065 -4908
32 -6083 -974 6486 5344 1064 -4906
33 -6084 -977 6483 5348 1065 -4906
34 -6085 -971 6485 5344 1066 -4908
35 -6086 -975 6487 5346 1065 -4905
36 -6084 -975 6485 5347 1062 -4907
37 -6084 -975 6482 5346 1065 -4903
38 -6085 -974 6483 5344 1061 -4907
39 -6081 -974 6486 5342 1066 -4902
40 -6083 -973 6484 5346 1064 -4902
41 -6085 -971 6484 5342 1065 -4901
42 -6082 -974 6485 5345 1061 -4905
43 -6085 -974 6484 5349 1062 -4898
44 -6082 -974 6485 5346 1065 -4901
45 -6083 -971 6483 5348 1065 -4901
46 -6084 -972 6482 5345 1066 -4900
47 -6081 -973 6484 5346 1063 -4898
48 -6086 -973 6483 5346 1064 -4903
49 -6082 -974 6484 5346 1065 -4902
50 -6085 -975 6486 5348 1064 -4902
51 -6085 -974 6485 5345 1062 -4901
52 -6084 -969 6486 5346 1065 -4902
53 -6089 -971 6487 5348 1064 -4902
54 -6086 -972 6487 5350 1065 -4903
55 -6086 -972 6486 5348 1063 -4904
56 -6088 -971 6488 5348 1067 -4899
57 -6084 -968 6488 5346 1066 -4902
58 -6088 -970 6490 5348 1064 -4899
59 -6090 -972 6488 5349 1066 -4904
60 -6090 -972 6489 5349 1066 -4903
61 -6089 -970 6490 5346 1066 -4904
62 -6089 -971 6491 5348 1066 -4904
63 -6089 -971 6494 5347 1066 -4904
64 -6090 -973 6490 5352 1066 -4905
65 -6091 -970 6491 5351 1069 -4902
66 -6090 -967 6492 5350 1069 -4902
67 -6091 -969 6491 5349 1069 -4905
68 -6091 -971 6496 5351 1066 -4905
69 -6091 -969 6494 5350 1067 -4904
70 -6093 -972 6492 5349 1066 -4902
71 -6090 -968 6497 5350 1070 -4902
72 -6092 -967 6492 5347 1070 -4903
73 -6091 -969 6493 5350 1069 -4900
74 -6092 -967 6497 5346 1069 -4901
75 -6094 -967 6493 5349 1067 -4900
76 -6092 -966 6496 5346 1067 -4903
77 -6091 -967 6495 5349 1066 -4903
78 -6092 -969 6497 5351 1071 -4900
79 -6093 -964 6495 5349 1066 -4901
80 -6092 -968 6494 5350 1067 -4899
81 -6092 -967 6494 5349 1066 -4899
82 -6091 -967 6496 5346 1065 -4903
83 -6091 -966 6495 5348 1066 -4898
84 -6093 -964 6498 5348 1066 -4900
85 -6092 -966 6493 5350 1066 -4901
86 -6093 -967 6492 5352 1068 -4901
87 -6095 -965 6495 5354 1070 -4897
88 -6092 -965 6494 5350 1066 -4900
89 -6092 -966 6493 5349 1068 -4901
90 -6094 -968 6492 5350 1068 -4898
91 -6093 -963 6492 5348 1069 -4897
92 -6096 -964 6495 5352 1067 -4898
93 -6095 -964 6496 5351 1068 -4898
94 -6095 -962 6495 5352 1068 -4898
95 -6097 -964 6495 5351 1067 -4899
96 -6097 -965 6498 5351 1070 -4898
97 -6093 -963 6498 5350 1068 -4900
98 -6099 -963 6499 5350 1067 -4898
99 -6094 -964 6499 5348 1068 -4896
100 -6094 -962 6499 5351 1070 -4899
101 -6100 -962 6500 5351 1071 -4899
102 -6098 -962 6502 5350 1068 -4901
103 -6097 -962 6501 5351 1071 -4896
104 -6094 -962 6501 5353 1071 -4902
105 -6101 -961 6501 5352 1068 -4898
106 -6099 -963 6501 5352 1071 -4897
107 -6098 -965 6499 5353 1064 -4895
108 -6098 -960 6499 5352 1069 -4896
109 -6099 -960 6499 5353 1071 -4896
110 -6095 -960 6501 5352 1070 -4898
111 -6098 -960 6501 5354 1074 -4897
112 -6097 -959 6501 5352 1068 -4895
113 -6096 -962 6500 5354 1069 -4895
114 -6096 -958 6503 5354 1071 -4892
115 -6097 -958 6501 5353 1070 -4890
116 -6094 -957 6502 5354 1068 -4893
117 -6096 -955 6502 5353 1068 -4892
118 -6096 -957 6504 5353 1068 -4890
119 -6096 -956 6499 5353 1067 -4890
120 -6096 -960 6499 5352 1068 -4892
121 -6093 -959 6503 5352 1068 -4890
122 -6094 -957 6500 5350 1066 -4891
123 -6096 -957 6499 5351 1069 -4889
124 -6093 -955 6500 5352 1067 -4890
125 -6097 -960 6499 5352 1066 -4890
126 -6093 -955 6501 5348 1066 -4893
127 -6095 -957 6498 5350 1065 -4888
128 -6093 -957 6497 5348 1065 -4884
129 -6093 -957 6499 5353 1065 -4887
130 -6097 -956 6499 5347 1066 -4887
131 -6095 -959 6500 5350 1064 -4888
132 -6095 -955 6501 5349 1066 -4887
133 -6093 -958 6499 5351 1066 -4890
134 -6092 -957 6500 5350 1067 -4888
135 -6092 -955 6499 5352 1065 -4883
136 -6092 -955 6501 5349 1065 -4886
137 -6095 -956 6500 5354 1068 -4887
138 -6094 -954 6503 5352 1067 -4886
139 -6092 -954 6501 5351 1064 -4888
140 -6090 -956 6502 5352 1065 -4888
141 -6092 -951 6501 5351 1066 -4884
142 -6094 -955 6504 5351 1066 -4890
143 -6095 -957 6505 5352 1066 -4884
144 -6091 -950 6502 5352 1067 -4886
145 -6094 -953 6505 5351 1067 -4889
146 -6092 -952 6505 5350 1065 -4887
147 -6093 -953 6506 5354 1064 -4887
148 -6093 -953 6506 5350 1067 -4887
149 -6095 -952 6503 5351 1065 -4889
150 -6094 -957 6505 5352 1068 -4888
151 -6095 -953 6505 5348 1064 -4888
152 -6092 -951 6507 5351 1068 -4889
153 -6093 -954 6505 5352 1065 -4890
154 -6096 -953 6506 5350 1068 -4887
155 -6093 -949 6507 5350 1066 -4890
156 -6092 -953 6507 5351 1065 -4888
157 -6092 -951 6509 5351 1064 -4885
158 -6094 -950 6508 5356 1063 -4884
159 -6091 -951 6506 5350 1065 -4886
160 -6088 -949 6508 5349 1065 -4888
161 -6087 -948 6507 5350 1065 -4888
162 -6089 -950 6510 5352 1061 -4886
163 -6091 -948 6506 5352 1066 -4885
164 -6091 -951 6510 5352 1062 -4885
165 -6087 -949 6512 5348 1064 -4883
166 -6089 -948 6506 5350 1062 -4884
167 -6090 -951 6507 5348 1062 -4883
168 -6090 -952 6506 5347 1063 -4885
169 -6089 -950 6507 5347 1062 -4883
170 -6088 -948 6508 5346 1062 -4884
171 -6088 -950 6505 5348 1064 -4884
172 -6089 -950 6507 5346 1061 -4883
173 -6090 -951 6508 5346 1060 -4882
174 -6087 -947 6507 5347 1061 -4882
175 -6088 -947 6509 5346 1060 -4882
176 -6086 -952 6507 5345 1062 -4885
177 -6088 -950 6508 5349 1060 -4882
178 -6086 -948 6510 5346 1061 -4885
179 -6089 -948 6507 5346 1062 -4889
180 -6086 -947 6508 5348 1064 -4885
181 -6085 -947 6507 5350 1062 -4882
182 -6085 -949 6513 5351 1062 -4882
183 -6089 -946 6514 5347 1061 -4885
184 -6089 -948 6511 5350 1063 -4882
185 -6089 -948 6512 5350 1062 -4882
186 -6087 -946 6514 5350 1061 -4883
187 -6089 -945 6514 5351 1063 -4884
188 -6089 -946 6516 5350 1065 -4888
189 -6087 -946 6516 5348 1062 -4888
190 -6090 -947 6517 5349 1062 -4885
191 -6088 -946 6518 5349 1062 -4886
192 -6091 -945 6514 5349 1061 -4885
193 -6090 -946 6516 5349 1067 -4883
194 -6092 -948 6516 5347 1061 -4888
195 -6088 -946 6518 5349 1064 -4884
196 -6089 -946 6515 5349 1064 -4887
197 -6088 -946 6512 5348 1063 -4885
198 -6090 -944 6514 5354 1064 -4883
199 -6088 -947 6516 5347 1063 -4884
200 -6091 -943 6512 5351 1062 -4881
201 -6085 -944 6514 5348 1062 -4885
202 -6088 -942 6510 5348 1064 -4881
203 -6085 -945 6513 5350 1061 -4882
204 -6087 -946 6512 5346 1061 -4879
205 -6085 -945 6511 5349 1063 -4880
206 -6086 -945 6513 5348 1059 -4881
207 -6087 -944 6514 5348 1060 -4880
208 -6086 -947 6513 5343 1060 -4880
209 -6088 -945 6512 5344 1061 -4880
210 -6085 -944 6512 5346 1059 -4882
211 -6087 -945 6513 5346 1058 -4878
212 -6084 -947 6513 5344 1059 -4879
213 -6082 -946 6509 5349 1060 -4878
214 -6083 -945 6510 5346 1061 -4878
215 -6085 -944 6510 5347 1062 -4875
216 -6088 -943 6513 5347 1058 -4877
217 -6084 -945 6512 5348 1063 -4875
218 -6088 -944 6509 5347 1063 -4877
219 -6086 -946 6510 5345 1063 -4881
220 -6085 -946 6512 5350 1061 -4876
221 -6085 -945 6512 5349 1063 -4882
222 -6085 -945 6513 5349 1064 -4881
223 -6088 -943 6512 5347 1060 -4877
224 -6085 -942 6513 5350 1064 -4877
225 -6088 -942 6513 5347 1062 -4879
226 -6086 -945 6517 5351 1061 -4878
227 -6088 -943 6516 5347 1063 -4877
228 -6087 -945 6513 5350 1064 -4878
229 -6087 -943 6514 5352 1064 -4876
230 -6088 -943 6519 5350 1063 -4881
231 -6090 -941 6514 5351 1065 -4878
232 -6089 -943 6514 5348 1062 -4879
233 -6090 -942 6512 5348 1062 -4877
234 -6087 -945 6515 5352 1062 -4880
235 -6090 -943 6514 5350 1063 -4878
236 -6090 -944 6518 5352 1059 -4878
237 -6092 -943 6516 5350 1063 -4878
238 -6088 -941 6514 5350 1064 -4878
239 -6090 -944 6514 5350 1061 -4878
240 -6086 -943 6513 5349 1062 -4880
241 -6089 -943 6514 5349 1063 -4880
242 -6086 -940 6514 5351 1063 -4871
243 -6090 -943 6513 5351 1066 -4874
244 -6088 -941 6514 5348 1063 -4877
245 -6088 -939 6515 5353 1063 -4877
246 -6089 -940 6515 5353 1065 -4873
247 -6084 -941 6514 5354 1066 -4872
248 -6088 -937 6514 5352 1067 -4873
249 -6088 -939 6512 5351 1064 -4873
250 -6091 -941 6516 5352 1065 -4872
251 -6086 -940 6515 5351 1063 -4872
252 -6089 -941 6515 5353 1067 -4875
253 -6087 -938 6513 5353 1065 -4869
254 -6090 -943 6513 5353 1062 -4870
255 -6091 -938 6512 5353 1065 -4872
256 -6091 -935 6514 5353 1063 -4874
257 -6093 -940 6517 5352 1065 -4871
258 -6093 -942 6513 5354 1064 -4873
259 -6091 -941 6513 5351 1068 -4871
260 -6092 -941 6516 5352 1069 -4872
261 -6091 -940 6514 5354 1067 -4875
262 -6097 -939 6514 5351 1066 -4876
263 -6095 -937 6511 5350 1070 -4872
264 -6098 -937 6513 5354 1067 -4873
265 -6097 -938 6517 5358 1071 -4874
266 -6097 -940 6517 5357 1070 -4874
267 -6096 -936 6516 5355 1071 -4874
268 -6097 -938 6517 5360 1067 -4874
269 -6098 -938 6519 5358 1071 -4874
270 -6102 -937 6520 5355 1071 -4872
271 -6104 -939 6517 5358 1073 -4874
272 -6103 -938 6520 5357 1072 -4873
273 -6103 -939 6522 5360 1072 -4876
274 -6102 -938 6520 5360 1073 -4873
275 -6101 -935 6521 5360 1070 -4875
276 -6106 -938 6521 5361 1073 -4876
277 -6104 -938 6522 5360 1071 -4877
278 -6106 -939 6520 5362 1072 -4874
279 -6106 -937 6521 5362 1074 -4875
280 -6108 -938 6523 5358 1074 -4873
281 -6112 -937 6522 5363 1074 -4876
282 -6112 -936 6520 5362 1076 -4874
283 -6110 -936 6523 5363 1076 -4873
284 -6112 -936 6521 5363 1076 -4876
285 -6111 -937 6523 5361 1072 -4874
286 -6108 -933 6520 5363 1077 -4874
287 -6109 -937 6524 5366 1076 -4873
288 -6113 -933 6519 5364 1076 -4874
289 -6114 -935 6523 5366 1074 -4872
290 -6112 -933 6521 5366 1076 -4872
291 -6116 -936 6522 5363 1076 -4874
292 -6114 -933 6524 5363 1075 -4872
293 -6115 -936 6523 5363 1075 -4874
294 -6119 -936 6522 5364 1076 -4874
295 -6115 -935 6524 5364 1077 -4874
296 -6118 -937 6523 5365 1076 -4871
297 -6120 -932 6523 5364 1075 -4874
298 -6122 -937 6522 5363 1076 -4876
299 -6122 -937 6524 5363 1076 -4875
300 -6123 -931 6524 5366 1080 -4874
301 -6122 -934 6523 5367 1079 -4874
302 -6125 -935 6525 5369 1079 -4873
303 -6128 -937 6523 5370 1080 -4873
304 -6128 -935 6523 5368 1079 -4873
305 -6127 -935 6524 5367 1080 -4875
306 -6127 -931 6525 5370 1078 -4874
307 -6129 -931 6523 5367 1084 -4872
308 -6128 -933 6523 5368 1080 -4874
309 -6128 -932 6526 5368 1080 -4872
310 -6131 -932 6524 5370 1083 -4874
311 -6130 -928 6525 5371 1081 -4873
312 -6130 -932 6527 5372 1083 -4873
313 -6132 -929 6527 5370 1080 -4874
314 -6133 -929 6529 5369 1082 -4872
315 -6135 -933 6527 5369 1079 -4875
316 -6131 -933 6526 5371 1083 -4873
317 -6136 -933 6527 5372 1082 -4871
318 -6133 -929 6528 5372 1084 -4876
319 -6137 -931 6527 5371 1084 -4873
320 -6139 -933 6527 5371 1081 -4872
321 -6138 -930 6526 5373 1083 -4869
322 -6139 -932 6528 5374 1084 -4867
323 -6138 -934 6527 5372 1084 -4870
324 -6138 -931 6528 5371 1082 -4871
325 -6139 -934 6525 5371 1082 -4867
326 -6141 -931 6528 5373 1084 -4868
327 -6136 -927 6528 5374 1087 -4867
328 -6144 -929 6525 5373 1082 -4866
329 -6140 -929 6525 5374 1088 -4866
330 -6139 -927 6525 5372 1085 -4867
331 -6140 -928 6526 5377 1084 -4866
332 -6140 -928 6526 5376 1082 -4862
333 -6140 -927 6529 5376 1083 -4860
334 -6142 -924 6525 5375 1085 -4864
335 -6142 -926 6528 5374 1085 -4863
336 -6144 -928 6525 5375 1085 -4861
337 -6145 -925 6527 5377 1087 -4862
338 -6144 -925 6527 5379 1084 -4860
339 -6144 -925 6527 5374 1085 -4861
340 -6143 -927 6528 5374 1085 -4862
341 -6141 -923 6526 5377 1083 -4856
342 -6144 -924 6527 5375 1084 -4860
343 -6144 -923 6528 5375 1087 -4860
344 -6143 -922 6526 5379 1087 -4856
345 -6146 -922 6527 5378 1085 -4856
346 -6148 -924 6529 5378 1088 -4856
347 -6148 -921 6528 5378 1085 -4856
348 -6148 -922 6530 5379 1088 -4857
349 -6148 -921 6529 5379 1086 -4860
350 -6149 -923 6531 5376 1085 -4859
351 -6149 -920 6530 5380 1086 -4858
352 -6152 -923 6531 5379 1086 -4856
353 -6149 -921 6530 5380 1088 -4858
354 -6151 -920 6533 5381 1085 -4858
355 -6153 -921 6530 5382 1090 -4856
356 -6152 -916 6532 5382 1089 -4858
357 -6150 -919 6533 5381 1088 -4857
358 -6155 -918 6534 5381 1087 -4856
359 -6154 -917 6537 5381 1088 -4858
360 -6153 -918 6535 5380 1088 -4854
361 -6156 -918 6534 5382 1091 -4854
362 -6156 -915 6535 5380 1091 -4856
363 -6157 -917 6534 5380 1089 -4854
364 -6157 -915 6536 5382 1092 -4854
365 -6160 -914 6532 5382 1090 -4856
366 -6156 -917 6537 5380 1089 -4853
367 -6160 -913 6540 5381 1091 -4855
368 -6159 -918 6539 5386 1091 -4855
369 -6155 -916 6537 5381 1092 -4852
370 -6161 -914 6537 5384 1092 -4853
371 -6159 -917 6538 5384 1089 -4855
372 -6162 -916 6535 5384 1091 -4852
373 -6161 -913 6541 5383 1092 -4854
374 -6162 -913 6539 5388 1092 -4854
375 -6161 -912 6538 5386 1091 -4851
376 -6162 -913 6538 5388 1093 -4852
377 -6162 -910 6540 5387 1093 -4852
378 -6160 -914 6542 5386 1092 -4852
379 -6164 -913 6542 5382 1090 -4853
380 -6164 -910 6541 5385 1094 -4852
381 -6163 -912 6541 5387 1092 -4850
382 -6164 -911 6543 5385 1092 -4853
383 -6166 -907 6546 5385 1092 -4850
384 -6164 -907 6543 5386 1090 -4852
385 -6168 -911 6543 5385 1090 -4853
386 -6167 -908 6545 5387 1091 -4851
387 -6168 -908 6542 5386 1093 -4851
388 -6168 -911 6546 5388 1097 -4853
389 -6170 -910 6547 5390 1093 -4854
390 -6166 -910 6546 5390 1096 -4849
391 -6168 -906 6548 5388 1096 -4848
392 -6169 -907 6552 5389 1098 -4850
393 -6171 -907 6549 5386 1094 -4853
394 -6170 -905 6550 5391 1096 -4847
395 -6168 -904 6550 5391 1096 -4849
396 -6169 -905 6551 5391 1097 -4852
397 -6170 -903 6553 5392 1096 -4850
398 -6171 -902 6552 5391 1097 -4849
399 -6172 -904 6552 5392 1095 -4847
400 -6171 -904 6553 5392 1097 -4851
401 -6171 -906 6551 5392 1098 -4847
402 -6173 -902 6552 5393 1097 -4848
403 -6173 -904 6554 5389 1094 -4849
404 -6174 -901 6553 5388 1097 -4849
405 -6173 -903 6554 5390 1097 -4848
406 -6173 -903 6554 5389 1096 -4846
407 -6172 -905 6554 5392 1096 -4847
408 -6175 -904 6556 5390 1096 -4848
409 -6175 -903 6552 5391 1096 -4847
410 -6172 -901 6554 5391 1097 -4847
411 -6176 -900 6554 5389 1096 -4845
412 -6174 -902 6555 5390 1095 -4845
413 -6175 -902 6554 5391 1097 -4844
414 -6174 -901 6552 5392 1094 -4844
415 -6173 -901 6552 5390 1095 -4843
416 -6175 -900 6556 5391 1096 -4842
417 -6174 -901 6550 5394 1095 -4844
418 -6173 -900 6551 5390 1096 -4844
419 -6174 -899 6555 5391 1096 -4842
420 -6173 -899 6557 5395 1098 -4842
421 -6173 -898 6553 5392 1096 -4840
422 -6172 -898 6550 5390 1095 -4841
423 -6170 -900 6554 5390 1097 -4843
424 -6175 -898 6555 5391 1093 -4843
425 -6171 -895 6554 5391 1096 -4842
426 -6175 -897 6553 5390 1094 -4838
427 -6175 -898 6553 5387 1097 -4839
428 -6174 -896 6552 5390 1095 -4840
429 -6175 -896 6553 5394 1096 -4838
430 -6175 -897 6553 5393 1098 -4838
431 -6176 -896 6555 5393 1095 -4840
432 -6176 -897 6556 5391 1096 -4840
433 -6176 -896 6555 5391 1095 -4840
434 -6176 -896 6554 5393 1094 -4837
435 -6181 -897 6553 5389 1095 -4838
436 -6179 -898 6554 5390 1097 -4837
437 -6178 -894 6556 5393 1095 -4839
438 -6177 -896 6555 5394 1095 -4836
439 -6177 -895 6557 5391 1097 -4839
440 -6177 -894 6555 5393 1096 -4836
441 -6179 -893 6558 5395 1096 -4837
442 -6177 -891 6554 5393 1099 -4838
443 -6178 -896 6557 5392 1098 -4836
444 -6177 -894 6558 5393 1098 -4838
445 -6177 -897 6556 5392 1098 -4838
446 -6181 -894 6559 5394 1098 -4835
447 -6183 -893 6559 5393 1098 -4837
448 -6178 -894 6557 5393 1097 -4835
449 -6180 -891 6559 5394 1099 -4835
450 -6179 -893 6558 5395 1099 -4836
451 -6176 -893 6558 5394 1098 -4834
452 -6176 -895 6557 5395 1100 -4835
453 -6177 -894 6559 5395 1097 -4836
454 -6178 -895 6559 5399 1099 -4834
455 -6179 -891 6553 5396 1098 -4837
456 -6179 -895 6557 5393 1100 -4833
457 -6181 -892 6557 5395 1096 -4835
458 -6180 -895 6556 5393 1099 -4832
459 -6182 -893 6554 5398 1101 -4832
460 -6180 -894 6558 5396 1098 -4834
461 -6180 -891 6556 5395 1099 -4829
462 -6186 -893 6558 5393 1099 -4832
463 -6178 -893 6556 5400 1098 -4831
464 -6183 -894 6556 5396 1098 -4834
465 -6183 -893 6555 5398 1100 -4834
466 -6184 -893 6557 5394 1100 -4834
467 -6182 -895 6558 5396 1098 -4838
468 -6185 -895 6558 5398 1100 -4835
469 -6184 -895 6556 5392 1100 -4836
470 -6184 -894 6555 5398 1098 -4835
471 -6185 -892 6560 5394 1102 -4834
472 -6188 -893 6556 5395 1100 -4837
473 -6186 -894 6556 5397 1103 -4835
474 -6185 -894 6556 5397 1101 -4833
475 -6187 -895 6557 5394 1100 -4834
476 -6188 -894 6556 5396 1102 -4836
477 -6187 -893 6554 5394 1099 -4835
478 -6189 -896 6554 5395 1102 -4833
479 -6189 -893 6553 5400 1101 -4834
480 -6187 -893 6556 5399 1100 -4835
481 -6188 -896 6553 5398 1102 -4834
482 -6186 -896 6554 5397 1101 -4835
483 -6189 -896 6552 5400 1102 -4836
484 -6189 -892 6554 5400 1104 -4836
485 -6190 -892 6554 5399 1103 -4833
486 -6191 -895 6555 5398 1100 -4837
487 -6189 -894 6558 5402 1104 -4836
488 -6191 -894 6553 5401 1103 -4836
489 -6192 -892 6552 5401 1102 -4836
490 -6193 -893 6554 5399 1105 -4835
491 -6193 -893 6553 5401 1105 -4835
492 -6192 -897 6553 5402 1103 -4836
493 -6192 -898 6554 5401 1104 -4834
494 -6194 -897 6554 5401 1105 -4838
495 -6191 -897 6553 5403 1105 -4834
496 -6194 -895 6554 5401 1104 -4836
497 -6195 -897 6553 5398 1106 -4836
498 -6195 -901 6550 5399 1106 -4837
499 -6196 -900 6552 5400 1106 -4841
500 -6194 -899 6552 5399 1105 -4838
501 -6197 -898 6549 5401 1104 -4839
502 -6196 -900 6549 5400 1104 -4836
503 -6196 -899 6552 5404 1109 -4837
504 -6200 -899 6552 5404 1108 -4835
505 -6200 -896 6546 5402 1104 -4841
506 -6199 -899 6547 5404 1106 -4838
507 -6200 -899 6550 5401 1106 -4838
508 -6200 -902 6548 5402 1105 -4838
509 -6199 -898 6552 5400 1106 -4839
510 -6203 -900 6551 5403 1106 -4841
511 -6200 -898 6550 5401 1107 -4839
512 -6200 -900 6551 5400 1105 -4843
513 -6203 -899 6548 5404 1108 -4841
514 -6205 -903 6552 5404 1109 -4842
515 -6204 -898 6551 5403 1109 -4843
516 -6203 -902 6551 5406 1110 -4845
517 -6205 -899 6550 5406 1110 -4846
518 -6207 -900 6552 5407 1109 -4841
519 -6208 -902 6552 5404 1108 -4842
520 -6209 -905 6551 5407 1112 -4848
521 -6209 -904 6550 5407 1109 -4846
522 -6213 -902 6551 5403 1110 -4847
523 -6212 -902 6550 5406 1112 -4846
524 -6210 -901 6554 5407 1114 -4848
525 -6211 -902 6552 5408 1112 -4849
526 -6212 -904 6551 5408 1113 -4849
527 -6211 -904 6552 5406 1114 -4847
528 -6211 -903 6551 5407 1112 -4848
529 -6215 -904 6551 5409 1114 -4847
530 -6213 -904 6553 5407 1115 -4853
531 -6214 -901 6553 5407 1114 -4850
532 -6214 -903 6553 5407 1112 -4850
533 -6216 -907 6552 5408 1114 -4853
534 -6216 -905 6554 5409 1115 -4852
535 -6220 -904 6551 5410 1116 -4849
536 -6221 -906 6554 5409 1119 -4850
537 -6218 -905 6552 5412 1117 -4852
538 -6219 -904 6550 5411 1116 -4854
539 -6220 -906 6554 5414 1117 -4851
540 -6221 -906 6553 5411 1119 -4853
541 -6223 -906 6550 5412 1116 -4856
542 -6223 -907 6549 5412 1118 -4854
543 -6220 -908 6554 5413 1120 -4858
544 -6223 -907 6554 5412 1118 -4856
545 -6222 -908 6554 5410 1119 -4854
546 -6223 -910 6551 5414 1120 -4855
547 -6224 -906 6555 5414 1118 -4859
548 -6225 -906 6551 5413 1124 -4857
549 -6224 -907 6555 5413 1120 -4854
550 -6224 -903 6555 5416 1121 -4855
551 -6226 -905 6553 5415 1122 -4856
552 -6226 -906 6554 5416 1125 -4858
553 -6231 -909 6552 5416 1122 -4857
554 -6226 -907 6553 5414 1123 -4857
555 -6229 -910 6550 5416 1120 -4857
556 -6229 -909 6550 5415 1120 -4860
557 -6227 -911 6548 5415 1122 -4855
558 -6228 -909 6551 5418 1121 -4857
559 -6229 -912 6550 5412 1122 -4857
560 -6232 -909 6548 5412 1120 -4857
561 -6228 -909 6547 5414 1121 -4855
562 -6227 -910 6546 5414 1125 -4856
563 -6229 -909 6547 5413 1122 -4856
564 -6229 -911 6547 5415 1123 -4854
565 -6227 -912 6548 5414 1117 -4858
566 -6231 -912 6544 5416 1118 -4855
567 -6228 -914 6543 5415 1123 -4854
568 -6226 -909 6544 5417 1122 -4856
569 -6229 -913 6543 5414 1120 -4855
570 -6229 -911 6544 5416 1125 -4855
571 -6227 -911 6544 5418 1125 -4853
572 -6230 -911 6542 5417 1123 -4852
573 -6227 -911 6543 5416 1122 -4854
574 -6229 -911 6542 5416 1121 -4857
575 -6232 -914 6541 5414 1119 -4853
576 -6231 -912 6539 5414 1123 -4852
577 -6230 -914 6540 5414 1122 -4856
578 -6231 -914 6538 5412 1121 -4854
579 -6230 -913 6540 5413 1121 -4852
580 -6231 -913 6541 5415 1118 -4856
581 -6233 -914 6538 5416 1120 -4855
582 -6230 -912 6539 5415 1125 -4854
583 -6230 -915 6538 5414 1121 -4858
584 -6232 -916 6540 5412 1121 -4854
585 -6230 -916 6535 5414 1123 -4853
586 -6232 -917 6538 5415 1125 -4856
587 -6231 -917 6538 5412 1122 -4853
588 -6231 -916 6537 5415 1121 -4853
589 -6229 -912 6536 5415 1123 -4852
590 -6230 -916 6537 5415 1124 -4852
591 -6233 -915 6536 5415 1121 -4854
592 -6229 -914 6537 5415 1121 -4854
593 -6231 -913 6534 5413 1124 -4851
594 -6230 -915 6537 5414 1123 -4851
595 -6227 -914 6539 5414 1121 -4851
596 -6232 -915 6536 5411 1121 -4852
597 -6229 -913 6536 5417 1122 -4855
598 -6231 -919 6533 5413 1121 -4853
599 -6228 -915 6534 5414 1121 -4854
600 -6230 -917 6536 5413 1121 -4851
601 -6231 -914 6533 5415 1121 -4853
602 -6230 -917 6538 5413 1119 -4855
603 -6232 -914 6538 5414 1123 -4852
604 -6231 -914 6536 5414 1122 -4854
605 -6231 -917 6536 5412 1122 -4854
606 -6233 -913 6536 5414 1123 -4854
607 -6232 -917 6534 5418 1122 -4854
608 -6231 -916 6537 5415 1120 -4855
609 -6229 -917 6537 5415 1121 -4855
610 -6231 -915 6536 5415 1123 -4853
611 -6232 -915 6537 5414 1124 -4855
612 -6232 -918 6536 5410 1121 -4852
613 -6232 -915 6535 5414 1123 -4856
614 -6232 -915 6535 5413 1123 -4854
615 -6231 -915 6536 5415 1122 -4856
616 -6232 -915 6537 5417 1124 -4855
617 -6231 -915 6539 5415 1121 -4853
618 -6230 -917 6538 5417 1122 -4854
619 -6231 -914 6539 5412 1125 -4854
620 -6231 -914 6539 5413 1123 -4853
621 -6231 -914 6538 5415 1120 -4856
622 -6230 -917 6539 5415 1122 -4855
623 -6233 -913 6540 5417 1125 -4852
624 -6232 -915 6540 5416 1121 -4857
625 -6232 -912 6540 5413 1121 -4859
626 -6232 -916 6540 5411 1119 -4859
627 -6234 -917 6540 5415 1122 -4858
628 -6232 -920 6541 5414 1123 -4856
629 -6232 -913 6541 5414 1121 -4857
630 -6235 -917 6542 5415 1120 -4857
631 -6233 -918 6542 5415 1120 -4858
632 -6233 -914 6541 5416 1121 -4860
633 -6231 -916 6541 5415 1121 -4856
634 -6231 -915 6542 5412 1122 -4857
635 -6230 -913 6542 5413 1121 -4856
636 -6232 -917 6543 5414 1121 -4855
637 -6233 -913 6542 5416 1123 -4859
638 -6230 -914 6542 5416 1122 -4858
639 -6232 -914 6541 5413 1123 -4858
640 -6231 -913 6542 5412 1122 -4857
641 -6232 -917 6543 5413 1119 -4855
642 -6232 -913 6540 5416 1122 -4859
643 -6230 -912 6540 5414 1122 -4857
644 -6229 -916 6540 5410 1120 -4856
645 -6228 -914 6538 5412 1121 -4859
646 -6230 -914 6540 5415 1119 -4857
647 -6230 -914 6541 5414 1122 -4857
648 -6229 -914 6542 5415 1118 -4856
649 -6230 -913 6541 5414 1121 -4855
650 -6230 -915 6541 5410 1122 -4855
651 -6227 -914 6543 5413 1121 -4855
652 -6230 -913 6540 5419 1122 -4857
653 -6227 -915 6541 5414 1123 -4855
654 -6227 -913 6543 5412 1119 -4854
655 -6229 -913 6542 5415 1124 -4857
656 -6231 -915 6541 5416 1119 -4858
657 -6225 -914 6539 5414 1121 -4855
658 -6227 -912 6540 5413 1121 -4854
659 -6228 -916 6540 5413 1122 -4855
660 -6226 -912 6543 5413 1121 -4855
661 -6227 -912 6541 5412 1122 -4857
662 -6227 -912 6544 5415 1119 -4857
663 -6227 -913 6542 5414 1123 -4855
664 -6227 -913 6542 5413 1122 -4857
665 -6227 -912 6545 5414 1122 -4858
666 -6228 -914 6539 5413 1121 -4856
667 -6225 -913 6546 5412 1121 -4856
668 -6229 -916 6542 5414 1121 -4855
669 -6227 -914 6543 5414 1120 -4856
670 -6230 -919 6542 5417 1125 -4857
671 -6225 -913 6544 5412 1120 -4858
672 -6226 -914 6542 5410 1120 -4857
673 -6227 -914 6544 5414 1120 -4859
674 -6224 -914 6545 5412 1121 -4855
675 -6227 -914 6544 5412 1120 -4856
676 -6226 -913 6540 5413 1123 -4856
677 -6225 -913 6543 5409 1120 -4857
678 -6225 -914 6542 5415 1119 -4856
679 -6219 -910 6544 5412 1119 -4854
680 -6226 -910 6544 5415 1120 -4857
681 -6225 -915 6544 5412 1118 -4854
682 -6223 -913 6544 5412 1117 -4853
683 -6225 -913 6541 5410 1118 -4857
684 -6226 -910 6544 5410 1119 -4856
685 -6222 -915 6540 5413 1118 -4856
686 -6225 -913 6543 5413 1116 -4858
687 -6223 -915 6542 5410 1117 -4857
688 -6219 -911 6545 5411 1114 -4860
689 -6225 -912 6542 5410 1114 -4858
690 -6222 -911 6542 5409 1117 -4859
691 -6225 -913 6543 5410 1117 -4858
692 -6222 -914 6544 5410 1118 -4856
693 -6224 -913 6544 5408 1116 -4859
694 -6222 -916 6542 5410 1116 -4860
695 -6223 -914 6542 5410 1115 -4856
696 -6220 -916 6540 5409 1118 -4857
697 -6220 -915 6540 5406 1116 -4857
698 -6219 -914 6543 5410 1116 -4856
699 -6220 -911 6543 5408 1115 -4857
700 -6224 -913 6541 5408 1116 -4857
701 -6221 -913 6541 5411 1116 -4856
702 -6221 -913 6544 5408 1115 -4856
703 -6220 -917 6544 5407 1116 -4854
704 -6220 -911 6542 5406 1117 -4859
705 -6219 -910 6541 5407 1118 -4856
706 -6221 -915 6542 5408 1113 -4860
707 -6219 -915 6539 5409 1115 -4857
708 -6218 -914 6543 5407 1116 -4857
709 -6220 -913 6540 5404 1115 -4859
710 -6219 -916 6541 5407 1113 -4858
711 -6220 -915 6543 5407 1116 -4858
712 -6220 -916 6541 5408 1118 -4859
713 -6219 -916 6542 5408 1116 -4858
714 -6218 -917 6540 5405 1116 -4859
715 -6218 -917 6539 5408 1114 -4859
716 -6218 -916 6541 5407 1113 -4854
717 -6218 -914 6539 5409 1113 -4856
718 -6220 -916 6538 5408 1114 -4858
719 -6218 -914 6539 5406 1114 -4858
720 -6220 -917 6540 5408 1112 -4857
721 -6220 -915 6538 5407 1116 -4858
722 -6220 -918 6536 5407 1116 -4854
723 -6216 -917 6538 5409 1114 -4856
724 -6215 -916 6537 5409 1114 -4857
725 -6219 -916 6534 5405 1112 -4853
726 -6216 -914 6537 5410 1114 -4856
727 -6220 -917 6533 5406 1114 -4856
728 -6216 -918 6531 5407 1114 -4855
729 -6217 -917 6536 5403 1115 -4855
730 -6217 -915 6532 5406 1115 -4856
731 -6215 -918 6534 5407 1115 -4855
732 -6218 -920 6533 5406 1116 -4851
733 -6215 -916 6534 5406 1112 -4854
734 -6213 -918 6530 5402 1111 -4853
735 -6216 -918 6531 5403 1113 -4854
736 -6214 -920 6534 5406 1115 -4851
737 -6218 -920 6528 5402 1112 -4854
738 -6216 -920 6528 5405 1114 -4853
739 -6214 -919 6524 5406 1113 -4855
740 -6216 -920 6526 5403 1113 -4852
741 -6214 -922 6528 5406 1115 -4852
742 -6215 -921 6527 5405 1115 -4852
743 -6215 -922 6525 5406 1114 -4855
744 -6215 -921 6526 5408 1114 -4852
745 -6216 -920 6527 5409 1115 -4853
746 -6214 -918 6528 5408 1114 -4850
747 -6215 -924 6528 5407 1114 -4852
748 -6212 -923 6527 5407 1113 -4855
749 -6217 -924 6524 5407 1115 -4859
750 -6219 -923 6522 5405 1112 -4857
751 -6216 -925 6525 5405 1116 -4856
752 -6217 -924 6525 5406 1115 -4855
753 -6217 -924 6525 5405 1117 -4858
754 -6216 -924 6525 5404 1115 -4861
755 -6219 -924 6524 5409 1115 -4858
756 -6219 -930 6527 5409 1118 -4859
757 -6219 -924 6527 5403 1118 -4860
758 -6220 -926 6525 5406 1115 -4864
759 -6219 -930 6524 5407 1116 -4862
760 -6219 -927 6523 5410 1117 -4861
761 -6222 -928 6526 5404 1113 -4863
762 -6219 -930 6525 5405 1116 -4863
763 -6219 -929 6524 5408 1120 -4865
764 -6220 -926 6525 5405 1115 -4867
765 -6218 -927 6522 5410 1118 -4867
766 -6220 -928 6526 5406 1118 -4864
767 -6217 -931 6524 5407 1118 -4865
768 -6220 -931 6526 5409 1115 -4863
769 -6219 -928 6524 5406 1119 -4867
770 -6222 -929 6525 5410 1118 -4868
771 -6219 -928 6527 5408 1119 -4868
772 -6222 -932 6526 5409 1118 -4870
773 -6222 -931 6524 5407 1116 -4872
774 -6218 -936 6526 5407 1118 -4872
775 -6220 -933 6526 5407 1121 -4872
776 -6220 -931 6526 5409 1117 -4871
777 -6219 -932 6528 5405 1116 -4874
778 -6222 -932 6527 5407 1116 -4875
779 -6222 -935 6528 5405 1118 -4874
780 -6224 -934 6526 5405 1118 -4876
781 -6220 -935 6527 5406 1120 -4878
782 -6217 -933 6530 5408 1118 -4879
783 -6221 -935 6525 5408 1119 -4879
784 -6221 -934 6526 5409 1122 -4879
785 -6222 -937 6528 5407 1121 -4877
786 -6222 -933 6524 5410 1118 -4880
787 -6223 -937 6524 5408 1122 -4885
788 -6221 -935 6524 5408 1117 -4882
789 -6220 -938 6527 5408 1120 -4885
790 -6221 -938 6523 5409 1123 -4882
791 -6222 -937 6531 5406 1122 -4884
792 -6224 -937 6529 5407 1119 -4885
793 -6222 -937 6526 5406 1121 -4884
794 -6222 -936 6528 5407 1123 -4886
795 -6224 -941 6528 5407 1120 -4886
796 -6222 -938 6528 5409 1120 -4888
797 -6222 -938 6526 5409 1121 -4889
798 -6223 -944 6528 5407 1122 -4892
799 -6224 -941 6527 5407 1117 -4887
800 -6223 -941 6528 5407 1121 -4890
801 -6219 -943 6525 5407 1122 -4891
802 -6222 -943 6527 5407 1121 -4892
803 -6221 -945 6526 5408 1124 -4891
804 -6219 -941 6523 5405 1119 -4892
805 -6221 -943 6524 5406 1119 -4894
806 -6219 -947 6524 5410 1119 -4892
807 -6218 -947 6523 5407 1120 -4889
808 -6216 -946 6523 5407 1122 -4891
809 -6221 -943 6522 5404 1122 -4890
810 -6215 -942 6521 5406 1122 -4892
811 -6215 -944 6522 5407 1122 -4888
812 -6216 -946 6520 5409 1121 -4891
813 -6215 -946 6522 5403 1119 -4891
814 -6213 -947 6519 5402 1120 -4887
815 -6214 -948 6514 5400 1118 -4889
816 -6212 -949 6516 5401 1116 -4889
817 -6213 -949 6514 5401 1114 -4890
818 -6212 -950 6511 5402 1116 -4888
819 -6208 -949 6513 5400 1116 -4890
820 -6211 -952 6509 5399 1116 -4889
821 -6208 -952 6508 5399 1115 -4888
822 -6207 -951 6506 5400 1111 -4885
823 -6207 -952 6509 5398 1113 -4885
824 -6206 -953 6500 5397 1114 -4888
825 -6204 -954 6503 5400 1112 -4886
826 -6205 -950 6501 5398 1114 -4884
827 -6202 -953 6501 5398 1110 -4884
828 -6201 -957 6502 5396 1111 -4885
829 -6203 -956 6499 5396 1108 -4885
830 -6201 -953 6498 5397 1107 -4884
831 -6201 -954 6498 5398 1110 -4882
832 -6196 -956 6496 5394 1111 -4883
833 -6198 -956 6495 5393 1111 -4882
834 -6197 -957 6492 5394 1108 -4882
835 -6194 -956 6493 5394 1107 -4881
836 -6193 -955 6495 5393 1109 -4884
837 -6192 -955 6492 5393 1105 -4880
838 -6192 -958 6494 5390 1106 -4880
839 -6193 -956 6491 5392 1107 -4884
840 -6191 -955 6492 5393 1104 -4882
841 -6192 -956 6492 5388 1107 -4883
842 -6191 -957 6488 5393 1106 -4883
843 -6190 -957 6489 5388 1106 -4883
844 -6187 -960 6488 5391 1107 -4883
845 -6185 -957 6490 5392 1105 -4886
846 -6186 -961 6492 5387 1105 -4882
847 -6187 -960 6486 5391 1103 -4885
848 -6186 -961 6491 5390 1106 -4886
849 -6184 -960 6489 5390 1105 -4884
850 -6183 -959 6489 5389 1104 -4881
851 -6184 -960 6487 5388 1106 -4886
852 -6184 -962 6489 5389 1103 -4889
853 -6184 -963 6490 5386 1104 -4887
854 -6181 -963 6487 5389 1102 -4886
855 -6181 -963 6489 5389 1104 -4891
856 -6183 -960 6488 5388 1102 -4889
857 -6180 -963 6491 5388 1103 -4888
858 -6180 -962 6489 5386 1099 -4891
859 -6180 -963 6491 5388 1101 -4886
860 -6177 -965 6489 5386 1100 -4889
861 -6175 -965 6493 5386 1102 -4890
862 -6177 -966 6489 5386 1101 -4892
863 -6178 -962 6489 5384 1098 -4892
864 -6177 -964 6493 5382 1100 -4895
865 -6175 -965 6490 5383 1100 -4893
866 -6176 -965 6491 5383 1101 -4895
867 -6174 -964 6492 5384 1100 -4898
868 -6173 -966 6490 5385 1101 -4893
869 -6172 -964 6494 5384 1100 -4895
870 -6173 -967 6493 5384 1100 -4898
871 -6172 -965 6493 5384 1104 -4899
872 -6173 -967 6494 5383 1098 -4900
873 -6172 -966 6494 5384 1101 -4899
874 -6169 -969 6492 5383 1100 -4903
875 -6170 -965 6495 5384 1099 -4900
876 -6171 -966 6496 5385 1100 -4904
877 -6170 -966 6493 5385 1102 -4901
878 -6169 -966 6499 5383 1101 -4903
879 -6168 -966 6500 5384 1102 -4904
880 -6167 -965 6498 5385 1098 -4908
881 -6169 -968 6496 5384 1102 -4905
882 -6169 -966 6500 5383 1100 -4908
883 -6168 -967 6499 5383 1101 -4910
884 -6168 -967 6501 5383 1097 -4909
885 -6166 -968 6502 5381 1101 -4910
886 -6169 -968 6501 5382 1097 -4908
887 -6163 -965 6502 5381 1101 -4910
888 -6163 -967 6502 5381 1100 -4907
889 -6166 -973 6500 5380 1097 -4911
890 -6165 -968 6502 5380 1098 -4910
891 -6164 -969 6500 5378 1098 -4910
892 -6162 -967 6499 5379 1097 -4911
893 -6160 -968 6501 5379 1096 -4910
894 -6163 -969 6500 5377 1099 -4910
895 -6157 -965 6501 5378 1098 -4912
896 -6159 -970 6501 5378 1094 -4911
897 -6158 -968 6499 5382 1098 -4907
898 -6159 -967 6497 5378 1097 -4910
899 -6157 -966 6498 5378 1097 -4910
900 -6155 -967 6500 5376 1095 -4911
901 -6157 -970 6497 5376 1094 -4913
902 -6154 -968 6499 5373 1095 -4909
903 -6155 -970 6497 5375 1097 -4908
904 -6154 -968 6499 5375 1094 -4910
905 -6151 -972 6495 5378 1095 -4912
906 -6153 -968 6497 5373 1094 -4912
907 -6153 -970 6495 5377 1094 -4908
908 -6151 -969 6497 5373 1092 -4905
909 -6150 -970 6494 5374 1094 -4908
910 -6153 -970 6497 5372 1093 -4907
911 -6152 -972 6492 5374 1092 -4905
912 -6149 -970 6492 5369 1092 -4906
913 -6149 -967 6490 5375 1092 -4908
914 -6151 -972 6494 5375 1092 -4904
915 -6146 -971 6493 5374 1091 -4905
916 -6147 -970 6494 5372 1091 -4905
917 -6145 -970 6493 5372 1094 -4906
918 -6143 -968 6492 5373 1090 -4906
919 -6145 -971 6491 5370 1088 -4904
920 -6142 -970 6492 5373 1092 -4902
921 -6140 -968 6495 5369 1089 -4903
922 -6144 -970 6493 5370 1091 -4905
923 -6143 -969 6491 5370 1088 -4902
924 -6145 -972 6490 5370 1088 -4904
925 -6142 -970 6492 5370 1090 -4903
926 -6142 -971 6494 5370 1088 -4902
927 -6140 -971 6492 5370 1086 -4902
928 -6136 -969 6494 5373 1086 -4903
929 -6137 -968 6493 5371 1089 -4900
930 -6137 -969 6491 5371 1088 -4903
931 -6140 -969 6491 5369 1087 -4904
932 -6138 -969 6491 5370 1087 -4901
933 -6139 -971 6493 5370 1088 -4900
934 -6136 -965 6490 5367 1087 -4905
935 -6142 -971 6491 5370 1088 -4902
936 -6136 -970 6489 5366 1087 -4901
937 -6137 -969 6487 5366 1086 -4902
938 -6140 -971 6486 5368 1085 -4904
939 -6134 -971 6487 5367 1087 -4904
940 -6134 -969 6488 5367 1086 -4905
941 -6136 -971 6489 5369 1088 -4902
942 -6133 -971 6493 5366 1088 -4904
943 -6134 -968 6493 5368 1085 -4904
944 -6134 -972 6492 5366 1088 -4902
945 -6133 -968 6491 5368 1092 -4901
946 -6131 -967 6490 5368 1090 -4900
947 -6130 -971 6491 5367 1085 -4901
948 -6134 -970 6491 5369 1084 -4900
949 -6128 -968 6490 5366 1085 -4902
950 -6134 -967 6495 5367 1085 -4904
951 -6132 -966 6494 5365 1086 -4905
952 -6129 -970 6491 5369 1085 -4904
953 -6130 -969 6493 5366 1087 -4906
954 -6133 -968 6492 5366 1084 -4904
955 -6130 -970 6494 5366 1085 -4905
956 -6133 -971 6492 5368 1083 -4904
957 -6131 -970 6495 5363 1084 -4903
958 -6130 -965 6494 5365 1080 -4908
959 -6130 -966 6490 5362 1085 -4906
960 -6132 -971 6492 5364 1085 -4907
961 -6129 -969 6495 5368 1087 -4908
962 -6128 -967 6494 5368 1082 -4905
963 -6130 -970 6496 5364 1087 -4906
964 -6133 -968 6495 5366 1085 -4906
965 -6130 -970 6495 5366 1086 -4908
966 -6130 -971 6495 5365 1083 -4907
967 -6130 -969 6497 5366 1084 -4907
968 -6130 -969 6495 5367 1082 -4906
969 -6130 -972 6496 5364 1084 -4907
970 -6131 -971 6498 5364 1084 -4909
971 -6132 -972 6496 5364 1084 -4907
972 -6130 -969 6496 5363 1085 -4906
973 -6129 -970 6497 5366 1084 -4907
974 -6129 -970 6496 5365 1083 -4908
975 -6129 -968 6492 5363 1080 -4911
976 -6128 -972 6492 5362 1084 -4909
977 -6131 -973 6495 5364 1081 -4907
978 -6128 -973 6493 5361 1080 -4908
979 -6126 -974 6490 5360 1083 -4905
980 -6131 -971 6490 5367 1081 -4905
981 -6128 -972 6495 5363 1079 -4903
982 -6128 -970 6490 5362 1076 -4905
983 -6128 -969 6488 5364 1080 -4906
984 -6125 -970 6489 5362 1079 -4907
985 -6127 -972 6487 5364 1081 -4901
986 -6123 -972 6490 5361 1085 -4902
987 -6123 -971 6490 5361 1081 -4903
988 -6122 -970 6488 5361 1079 -4900
989 -6125 -969 6487 5360 1080 -4899
990 -6124 -969 6484 5362 1079 -4900
991 -6122 -971 6484 5360 1078 -4899
992 -6120 -972 6486 5360 1078 -4898
993 -6121 -972 6486 5360 1076 -4896
994 -6124 -973 6481 5358 1073 -4899
995 -6123 -972 6482 5359 1078 -4897
996 -6123 -971 6481 5360 1079 -4898
997 -6123 -971 6478 5361 1079 -4896
998 -6121 -972 6484 5360 1076 -4895
999 -6119 -972 6481 5361 1077 -4894
