 0.000  0.000  0.000  0.000  0.000  0.000
 0.000  0.000  0.000  0.000  0.000  0.000
 0.000  0.000  0.000  0.000  0.000  0.000
 0.000  0.000  0.000  0.000  0.000  0.000
 0.000  0.000  0.000  0.000  0.000  0.000
 0.000  0.000  0.000  0.000  0.000  0.000
 0.000  0.000  0.000  0.000  0.000  0.000
 0.000  0.000  0.000  0.000  0.000  0.000
 0.000  0.000  0.000  0.000  0.000  0.000
 0.000  0.000  0.000  0.000  0.000  0.000
 0.000  0.000  0.000  0.000  0.000  0.000
 0.000  0.000  0.000  0.000  0.000  0.000
 0.000  0.000  0.000  0.000  0.000  0.000
 0.000  0.000  0.000  0.000  0.000  0.000
 0.000  0.000  0.000  0.000  0.000  0.000
 0.000  0.000  0.000  0.000  0.000  0.000
 0.000  0.000  0.000  0.000  0.000  0.000
 0.000  0.000  0.000  0.000  0.000  0.000
 0.000  0.000  0.000  0.000  0.000  0.000
 0.000  0.000  0.000  0.000  0.000  0.000
 0.000  0.000  0.000  0.000  0.000  0.000
 0.000  0.000  0.000  0.000  0.000  0.000
 0.000  0.000  0.000  0.000  0.000  0.000
 0.000  0.000  0.000  0.000  0.000  0.000
 0.000  0.000  0.000  0.000  0.000  0.000
 0.000  0.000  0.000  0.000  0.000  0.000
 0.000  0.000  0.000  0.000  0.000  0.000
 0.000  0.000  0.000  0.000  0.000  0.000
 0.000  0.000  0.000  0.000  0.000  0.000
 0.000  0.000  0.000  0.000  0.000  0.000
 0.000  0.000  0.000  0.000  0.000  0.000
 0.000  0.000  0.000  0.000  0.000  0.000
 0.000  0.000  0.000  0.000  0.000  0.000
 0.000  0.000  0.000  0.000  0.000  0.000
 0.000  0.000  0.000  0.000  0.000  0.000
 0.000  0.000  0.000  0.000  0.000  0.000
 0.060 -0.026  0.008  0.000  0.000  0.000
 0.060 -0.025  0.004  0.000  0.000  0.000
 0.060 -0.027  0.005  0.000  0.000  0.000
 0.060 -0.032  0.006  0.000  0.000  0.000
 0.060 -0.035  0.006  0.000  0.000  0.000
 0.060 -0.037  0.004  0.000  0.000  0.000
 0.060 -0.036  0.007  0.000  0.000  0.000
 0.060 -0.035  0.009  0.000  0.000  0.000
 0.059 -0.034  0.016  0.000  0.000  0.000
 0.000  0.000  0.000  0.000  0.000  0.000
 0.059 -0.031  0.017  0.000  0.000  0.000
 0.060 -0.029  0.009  0.000  0.000  0.000
 0.059 -0.042  0.021  0.000  0.000  0.000
 0.058 -0.040  0.023  0.000  0.000  0.000
 0.059 -0.040  0.019  0.000  0.000  0.000
 0.060 -0.043  0.015  0.000  0.000  0.000
 0.060 -0.042  0.013  0.000  0.000  0.000
 0.060 -0.045  0.009  0.000  0.000  0.000
 0.060 -0.046  0.011  0.000  0.000  0.000
 0.059 -0.047  0.016  0.000  0.000  0.000
 0.059 -0.052  0.019  0.000  0.000  0.000
 0.000  0.000  0.000  0.000  0.000  0.000
 0.059 -0.050  0.020  0.000  0.000  0.000
 0.059 -0.045  0.018  0.000  0.000  0.000
 0.060 -0.054  0.005  0.000  0.000  0.000
 0.060 -0.052  0.001  0.000  0.000  0.000
 0.060 -0.055  0.002  0.000  0.000  0.000
 0.060 -0.056  0.006  0.000  0.000  0.000
 0.060 -0.067  0.006  0.000  0.000  0.000
 0.060 -0.070  0.006  0.000  0.000  0.000
 0.060 -0.068  0.008  0.000  0.000  0.000
 0.060 -0.064  0.012  0.000  0.000  0.000
 0.059 -0.062  0.016  0.000  0.000  0.000
 0.059 -0.060  0.018  0.000  0.000  0.000
 0.059 -0.060  0.018  0.000  0.000  0.000
 0.060 -0.057  0.010  0.000  0.000  0.000
 0.060 -0.029 -0.015  0.000  0.000  0.000
 0.059 -0.030 -0.018  0.000  0.000  0.000
 0.060 -0.031 -0.015  0.000  0.000  0.000
 0.060 -0.032 -0.011  0.000  0.000  0.000
 0.060 -0.036 -0.007  0.000  0.000  0.000
 0.060 -0.038 -0.005  0.000  0.000  0.000
 0.060 -0.036 -0.005  0.000  0.000  0.000
 0.060 -0.030 -0.005  0.000  0.000  0.000
 0.060 -0.027 -0.003  0.000  0.000  0.000
 0.060 -0.023 -0.004  0.000  0.000  0.000
 0.060 -0.025 -0.006  0.000  0.000  0.000
 0.060 -0.027 -0.010  0.000  0.000  0.000
 0.059 -0.018 -0.019  0.000  0.000  0.000
 0.059 -0.023 -0.019  0.000  0.000  0.000
 0.059 -0.023 -0.018  0.000  0.000  0.000
 0.059 -0.020 -0.015  0.000  0.000  0.000
 0.060 -0.019 -0.012  0.000  0.000  0.000
 0.060 -0.019 -0.006  0.000  0.000  0.000
 0.059 -0.014 -0.012  0.000  0.000  0.000
 0.059 -0.012 -0.016  0.000  0.000  0.000
 0.059 -0.008 -0.017  0.000  0.000  0.000
 0.059  0.000 -0.016  0.000  0.000  0.000
 0.059 -0.009 -0.017  0.000  0.000  0.000
 0.059 -0.015 -0.018  0.000  0.000  0.000
 0.000  0.000  0.000  0.000  0.000  0.000
 0.000  0.000  0.000  0.000  0.000  0.000
 0.000  0.000  0.000  0.000  0.000  0.000
 0.000  0.000  0.000  0.000  0.000  0.000
 0.000  0.000  0.000  0.000  0.000  0.000
 0.000  0.000  0.000  0.000  0.000  0.000
 0.000  0.000  0.000  0.000  0.000  0.000
 0.000  0.000  0.000  0.000  0.000  0.000
 0.000  0.000  0.000  0.000  0.000  0.000
 0.000  0.000  0.000  0.000  0.000  0.000
 0.000  0.000  0.000  0.000  0.000  0.000
 0.000  0.000  0.000  0.000  0.000  0.000
 0.058 -0.039 -0.020  0.000  0.000  0.000
 0.058 -0.035 -0.022  0.000  0.000  0.000
 0.057 -0.039 -0.022  0.000  0.000  0.000
 0.057 -0.042 -0.021  0.000  0.000  0.000
 0.056 -0.048 -0.023  0.000  0.000  0.000
 0.057 -0.050 -0.021  0.000  0.000  0.000
 0.058 -0.049 -0.020  0.000  0.000  0.000
 0.059 -0.046 -0.016  0.000  0.000  0.000
 0.060 -0.046 -0.012  0.000  0.000  0.000
 0.060 -0.043 -0.009  0.000  0.000  0.000
 0.060 -0.043 -0.011  0.000  0.000  0.000
 0.059 -0.042 -0.017  0.000  0.000  0.000
 0.060 -0.054 -0.002  0.000  0.000  0.000
 0.000  0.000  0.000  0.000  0.000  0.000
 0.060 -0.052 -0.011  0.000  0.000  0.000
 0.059 -0.053 -0.012  0.000  0.000  0.000
 0.059 -0.056 -0.018  0.000  0.000  0.000
 0.058 -0.060 -0.021  0.000  0.000  0.000
 0.058 -0.060 -0.020  0.000  0.000  0.000
 0.060 -0.057 -0.010  0.000  0.000  0.000
 0.060 -0.065 -0.010  0.000  0.000  0.000
 0.060 -0.069 -0.004  0.000  0.000  0.000
 0.060 -0.063 -0.007  0.000  0.000  0.000
 0.060 -0.056 -0.007  0.000  0.000  0.000
 0.059 -0.079 -0.013  0.000  0.000  0.000
 0.060 -0.078 -0.010  0.000  0.000  0.000
 0.060 -0.077 -0.012  0.000  0.000  0.000
 0.059 -0.071 -0.018  0.000  0.000  0.000
 0.059 -0.069 -0.020  0.000  0.000  0.000
 0.058 -0.066 -0.021  0.000  0.000  0.000
 0.058 -0.070 -0.020  0.000  0.000  0.000
 0.058 -0.072 -0.020  0.000  0.000  0.000
 0.055 -0.081 -0.023  0.000  0.000  0.000
 0.056 -0.086 -0.022  0.000  0.000  0.000
 0.058 -0.083 -0.019  0.000  0.000  0.000
 0.059 -0.081 -0.016  0.000  0.000  0.000
 0.000  0.000  0.000  0.000  0.000  0.000
 0.000  0.000  0.000  0.000  0.000  0.000
 0.000  0.000  0.000  0.000  0.000  0.000
 0.000  0.000  0.000  0.000  0.000  0.000
 0.000  0.000  0.000  0.000  0.000  0.000
 0.000  0.000  0.000  0.000  0.000  0.000
 0.000  0.000  0.000  0.000  0.000  0.000
 0.000  0.000  0.000  0.000  0.000  0.000
 0.000  0.000  0.000  0.000  0.000  0.000
 0.000  0.000  0.000  0.000  0.000  0.000
 0.000  0.000  0.000  0.000  0.000  0.000
 0.000  0.000  0.000  0.000  0.000  0.000
 0.000  0.000  0.000  0.000  0.000  0.000
 0.000  0.000  0.000  0.000  0.000  0.000
 0.000  0.000  0.000  0.000  0.000  0.000
 0.000  0.000  0.000  0.000  0.000  0.000
 0.000  0.000  0.000  0.000  0.000  0.000
 0.000  0.000  0.000  0.000  0.000  0.000
 0.000  0.000  0.000  0.000  0.000  0.000
 0.000  0.000  0.000  0.000  0.000  0.000
 0.000  0.000  0.000  0.000  0.000  0.000
 0.000  0.000  0.000  0.000  0.000  0.000
 0.000  0.000  0.000  0.000  0.000  0.000
 0.000  0.000  0.000  0.000  0.000  0.000
 0.000  0.000  0.000  0.000  0.000  0.000
 0.000  0.000  0.000  0.000  0.000  0.000
 0.000  0.000  0.000  0.000  0.000  0.000
 0.000  0.000  0.000  0.000  0.000  0.000
 0.000  0.000  0.000  0.000  0.000  0.000
 0.000  0.000  0.000  0.000  0.000  0.000
 0.000  0.000  0.000  0.000  0.000  0.000
 0.000  0.000  0.000  0.000  0.000  0.000
 0.000  0.000  0.000  0.000  0.000  0.000
 0.000  0.000  0.000  0.000  0.000  0.000
 0.000  0.000  0.000  0.000  0.000  0.000
 0.000  0.000  0.000  0.000  0.000  0.000
 0.000  0.000  0.000  0.000  0.000  0.000
 0.000  0.000  0.000  0.000  0.000  0.000
 0.000  0.000  0.000  0.000  0.000  0.000
 0.000  0.000  0.000  0.000  0.000  0.000
 0.000  0.000  0.000  0.000  0.000  0.000
 0.000  0.000  0.000  0.000  0.000  0.000
 0.000  0.000  0.000  0.000  0.000  0.000
 0.000  0.000  0.000  0.000  0.000  0.000
 0.000  0.000  0.000  0.000  0.000  0.000
 0.000  0.000  0.000  0.000  0.000  0.000
 0.000  0.000  0.000  0.000  0.000  0.000
 0.000  0.000  0.000  0.000  0.000  0.000
