-0.021  0.093 -0.032  0.000  0.000  0.000
-0.019  0.094 -0.032  0.000  0.000  0.000
-0.021  0.095 -0.032  0.000  0.000  0.000
-0.025  0.097 -0.031  0.000  0.000  0.000
-0.031  0.101 -0.031  0.000  0.000  0.000
-0.033  0.103 -0.030  0.000  0.000  0.000
-0.033  0.098 -0.030  0.000  0.000  0.000
-0.034  0.094 -0.030  0.000  0.000  0.000
-0.035  0.086 -0.030  0.000  0.000  0.000
-0.035  0.083 -0.030  0.000  0.000  0.000
-0.029  0.084 -0.031  0.000  0.000  0.000
-0.025  0.089 -0.031  0.000  0.000  0.000
-0.015  0.079 -0.031  0.000  0.000  0.000
 0.000  0.000  0.000  0.000  0.000  0.000
-0.015  0.079 -0.031  0.000  0.000  0.000
-0.021  0.077 -0.031  0.000  0.000  0.000
-0.023  0.077 -0.031  0.000  0.000  0.000
 0.000  0.000  0.000  0.000  0.000  0.000
-0.026  0.070 -0.031  0.000  0.000  0.000
-0.021  0.071 -0.031  0.000  0.000  0.000
-0.014  0.067 -0.031  0.000  0.000  0.000
-0.013  0.066 -0.031  0.000  0.000  0.000
-0.014  0.067 -0.031  0.000  0.000  0.000
-0.016  0.076 -0.031  0.000  0.000  0.000
 0.000  0.000  0.000  0.000  0.000  0.000
 0.000  0.000  0.000  0.000  0.000  0.000
 0.000  0.000  0.000  0.000  0.000  0.000
 0.000  0.000  0.000  0.000  0.000  0.000
 0.000  0.000  0.000  0.000  0.000  0.000
 0.000  0.000  0.000  0.000  0.000  0.000
 0.000  0.000  0.000  0.000  0.000  0.000
 0.000  0.000  0.000  0.000  0.000  0.000
 0.000  0.000  0.000  0.000  0.000  0.000
 0.000  0.000  0.000  0.000  0.000  0.000
 0.000  0.000  0.000  0.000  0.000  0.000
 0.000  0.000  0.000  0.000  0.000  0.000
 0.000  0.000  0.000  0.000  0.000  0.000
 0.000  0.000  0.000  0.000  0.000  0.000
 0.000  0.000  0.000  0.000  0.000  0.000
 0.000  0.000  0.000  0.000  0.000  0.000
 0.000  0.000  0.000  0.000  0.000  0.000
 0.000  0.000  0.000  0.000  0.000  0.000
 0.000  0.000  0.000  0.000  0.000  0.000
 0.000  0.000  0.000  0.000  0.000  0.000
 0.000  0.000  0.000  0.000  0.000  0.000
 0.000  0.000  0.000  0.000  0.000  0.000
 0.000  0.000  0.000  0.000  0.000  0.000
 0.000  0.000  0.000  0.000  0.000  0.000
 0.000  0.000  0.000  0.000  0.000  0.000
 0.000  0.000  0.000  0.000  0.000  0.000
 0.000  0.000  0.000  0.000  0.000  0.000
 0.000  0.000  0.000  0.000  0.000  0.000
 0.000  0.000  0.000  0.000  0.000  0.000
 0.000  0.000  0.000  0.000  0.000  0.000
 0.000  0.000  0.000  0.000  0.000  0.000
 0.000  0.000  0.000  0.000  0.000  0.000
 0.000  0.000  0.000  0.000  0.000  0.000
 0.000  0.000  0.000  0.000  0.000  0.000
 0.000  0.000  0.000  0.000  0.000  0.000
 0.000  0.000  0.000  0.000  0.000  0.000
 0.000  0.000  0.000  0.000  0.000  0.000
 0.000  0.000  0.000  0.000  0.000  0.000
 0.000  0.000  0.000  0.000  0.000  0.000
 0.000  0.000  0.000  0.000  0.000  0.000
 0.000  0.000  0.000  0.000  0.000  0.000
 0.000  0.000  0.000  0.000  0.000  0.000
 0.000  0.000  0.000  0.000  0.000  0.000
 0.000  0.000  0.000  0.000  0.000  0.000
 0.000  0.000  0.000  0.000  0.000  0.000
 0.000  0.000  0.000  0.000  0.000  0.000
 0.000  0.000  0.000  0.000  0.000  0.000
 0.000  0.000  0.000  0.000  0.000  0.000
-0.048 -0.011 -0.022  0.000  0.000  0.000
-0.042 -0.008 -0.025  0.000  0.000  0.000
-0.049 -0.007 -0.023  0.000  0.000  0.000
-0.054 -0.004 -0.021  0.000  0.000  0.000
-0.057  0.000 -0.019  0.000  0.000  0.000
-0.058  0.004 -0.021  0.000  0.000  0.000
-0.057 -0.001 -0.018  0.000  0.000  0.000
-0.057 -0.003 -0.017  0.000  0.000  0.000
-0.055 -0.010 -0.008  0.000  0.000  0.000
-0.054 -0.015 -0.009  0.000  0.000  0.000
-0.053 -0.012 -0.015  0.000  0.000  0.000
-0.052 -0.010 -0.019  0.000  0.000  0.000
 0.000  0.000  0.000  0.000  0.000  0.000
 0.000  0.000  0.000  0.000  0.000  0.000
 0.000  0.000  0.000  0.000  0.000  0.000
 0.000  0.000  0.000  0.000  0.000  0.000
 0.000  0.000  0.000  0.000  0.000  0.000
 0.000  0.000  0.000  0.000  0.000  0.000
 0.000  0.000  0.000  0.000  0.000  0.000
 0.000  0.000  0.000  0.000  0.000  0.000
 0.000  0.000  0.000  0.000  0.000  0.000
 0.000  0.000  0.000  0.000  0.000  0.000
 0.000  0.000  0.000  0.000  0.000  0.000
 0.000  0.000  0.000  0.000  0.000  0.000
-0.017  0.014 -0.031  0.000  0.000  0.000
-0.015  0.016 -0.031  0.000  0.000  0.000
-0.018  0.019 -0.031  0.000  0.000  0.000
-0.023  0.018 -0.031  0.000  0.000  0.000
-0.031  0.020 -0.030  0.000  0.000  0.000
-0.032  0.021 -0.030  0.000  0.000  0.000
-0.032  0.019 -0.030  0.000  0.000  0.000
-0.031  0.015 -0.030  0.000  0.000  0.000
-0.030  0.007 -0.030  0.000  0.000  0.000
-0.029  0.005 -0.031  0.000  0.000  0.000
-0.028  0.006 -0.031  0.000  0.000  0.000
-0.023  0.011 -0.031  0.000  0.000  0.000
-0.040  0.008 -0.029  0.000  0.000  0.000
-0.039  0.004 -0.029  0.000  0.000  0.000
-0.038  0.009 -0.029  0.000  0.000  0.000
-0.040  0.012 -0.029  0.000  0.000  0.000
-0.041  0.019 -0.029  0.000  0.000  0.000
-0.040  0.026 -0.029  0.000  0.000  0.000
-0.043  0.022 -0.028  0.000  0.000  0.000
-0.046  0.016 -0.028  0.000  0.000  0.000
 0.000  0.000  0.000  0.000  0.000  0.000
-0.055  0.013 -0.024  0.000  0.000  0.000
 0.000  0.000  0.000  0.000  0.000  0.000
-0.044  0.008 -0.028  0.000  0.000  0.000
-0.059  0.027 -0.016  0.000  0.000  0.000
-0.058  0.022 -0.020  0.000  0.000  0.000
-0.057  0.023 -0.021  0.000  0.000  0.000
-0.051  0.030 -0.026  0.000  0.000  0.000
-0.049  0.030 -0.027  0.000  0.000  0.000
-0.044  0.032 -0.028  0.000  0.000  0.000
-0.048  0.032 -0.027  0.000  0.000  0.000
-0.052  0.030 -0.026  0.000  0.000  0.000
 0.000  0.000  0.000  0.000  0.000  0.000
-0.059  0.039 -0.016  0.000  0.000  0.000
-0.059  0.039 -0.016  0.000  0.000  0.000
-0.057  0.029 -0.009  0.000  0.000  0.000
-0.054  0.056 -0.025  0.000  0.000  0.000
-0.056  0.054 -0.024  0.000  0.000  0.000
-0.055  0.054 -0.025  0.000  0.000  0.000
-0.049  0.050 -0.027  0.000  0.000  0.000
-0.041  0.046 -0.028  0.000  0.000  0.000
-0.041  0.043 -0.029  0.000  0.000  0.000
-0.040  0.048 -0.029  0.000  0.000  0.000
-0.042  0.053 -0.028  0.000  0.000  0.000
-0.042  0.061 -0.028  0.000  0.000  0.000
-0.041  0.063 -0.029  0.000  0.000  0.000
-0.044  0.062 -0.028  0.000  0.000  0.000
-0.046  0.060 -0.028  0.000  0.000  0.000
-0.018  0.052 -0.031  0.000  0.000  0.000
-0.017  0.053 -0.031  0.000  0.000  0.000
-0.018  0.053 -0.031  0.000  0.000  0.000
-0.027  0.056 -0.031  0.000  0.000  0.000
-0.031  0.061 -0.030  0.000  0.000  0.000
-0.034  0.062 -0.030  0.000  0.000  0.000
-0.034  0.060 -0.030  0.000  0.000  0.000
-0.033  0.053 -0.030  0.000  0.000  0.000
-0.032  0.047 -0.030  0.000  0.000  0.000
-0.032  0.044 -0.030  0.000  0.000  0.000
-0.030  0.046 -0.031  0.000  0.000  0.000
-0.026  0.049 -0.031  0.000  0.000  0.000
-0.012  0.042 -0.031  0.000  0.000  0.000
-0.012  0.044 -0.031  0.000  0.000  0.000
-0.013  0.043 -0.031  0.000  0.000  0.000
-0.019  0.035 -0.031  0.000  0.000  0.000
-0.025  0.035 -0.031  0.000  0.000  0.000
-0.027  0.035 -0.031  0.000  0.000  0.000
-0.025  0.033 -0.031  0.000  0.000  0.000
-0.017  0.029 -0.031  0.000  0.000  0.000
-0.014  0.026 -0.031  0.000  0.000  0.000
-0.011  0.024 -0.031  0.000  0.000  0.000
-0.012  0.029 -0.031  0.000  0.000  0.000
-0.011  0.034 -0.031  0.000  0.000  0.000
-0.058  0.067 -0.019  0.000  0.000  0.000
-0.058  0.062 -0.020  0.000  0.000  0.000
-0.057  0.064 -0.022  0.000  0.000  0.000
-0.053  0.069 -0.025  0.000  0.000  0.000
-0.049  0.071 -0.027  0.000  0.000  0.000
-0.045  0.073 -0.028  0.000  0.000  0.000
-0.048  0.075 -0.027  0.000  0.000  0.000
-0.054  0.075 -0.024  0.000  0.000  0.000
-0.058  0.079 -0.020  0.000  0.000  0.000
-0.059  0.081 -0.018  0.000  0.000  0.000
-0.059  0.077 -0.018  0.000  0.000  0.000
-0.058  0.073 -0.020  0.000  0.000  0.000
-0.053  0.093 -0.024  0.000  0.000  0.000
-0.054  0.092 -0.024  0.000  0.000  0.000
-0.053  0.090 -0.024  0.000  0.000  0.000
-0.048  0.089 -0.027  0.000  0.000  0.000
-0.045  0.084 -0.028  0.000  0.000  0.000
-0.041  0.081 -0.028  0.000  0.000  0.000
-0.041  0.087 -0.029  0.000  0.000  0.000
-0.044  0.093 -0.027  0.000  0.000  0.000
-0.043  0.100 -0.027  0.000  0.000  0.000
-0.041  0.102 -0.027  0.000  0.000  0.000
-0.045  0.098 -0.026  0.000  0.000  0.000
-0.048  0.096 -0.026  0.000  0.000  0.000
