-0.013 -0.079  0.029  0.000  0.000  0.000
-0.011 -0.079  0.031  0.000  0.000  0.000
-0.014 -0.081  0.029  0.000  0.000  0.000
-0.018 -0.080  0.026  0.000  0.000  0.000
-0.021 -0.080  0.023  0.000  0.000  0.000
 0.000  0.000  0.000  0.000  0.000  0.000
-0.022 -0.079  0.023  0.000  0.000  0.000
-0.020 -0.077  0.024  0.000  0.000  0.000
-0.020 -0.073  0.024  0.000  0.000  0.000
-0.020 -0.068  0.024  0.000  0.000  0.000
-0.017 -0.072  0.027  0.000  0.000  0.000
-0.016 -0.076  0.028  0.000  0.000  0.000
 0.000  0.000  0.000  0.000  0.000  0.000
 0.000  0.000  0.000  0.000  0.000  0.000
 0.000  0.000  0.000  0.000  0.000  0.000
 0.000  0.000  0.000  0.000  0.000  0.000
 0.000  0.000  0.000  0.000  0.000  0.000
 0.000  0.000  0.000  0.000  0.000  0.000
 0.000  0.000  0.000  0.000  0.000  0.000
 0.000  0.000  0.000  0.000  0.000  0.000
 0.000  0.000  0.000  0.000  0.000  0.000
 0.000  0.000  0.000  0.000  0.000  0.000
 0.000  0.000  0.000  0.000  0.000  0.000
 0.000  0.000  0.000  0.000  0.000  0.000
 0.000  0.000  0.000  0.000  0.000  0.000
 0.000  0.000  0.000  0.000  0.000  0.000
 0.000  0.000  0.000  0.000  0.000  0.000
 0.000  0.000  0.000  0.000  0.000  0.000
 0.000  0.000  0.000  0.000  0.000  0.000
 0.000  0.000  0.000  0.000  0.000  0.000
 0.000  0.000  0.000  0.000  0.000  0.000
 0.000  0.000  0.000  0.000  0.000  0.000
 0.000  0.000  0.000  0.000  0.000  0.000
 0.000  0.000  0.000  0.000  0.000  0.000
 0.000  0.000  0.000  0.000  0.000  0.000
 0.000  0.000  0.000  0.000  0.000  0.000
 0.000  0.000  0.000  0.000  0.000  0.000
 0.000  0.000  0.000  0.000  0.000  0.000
 0.000  0.000  0.000  0.000  0.000  0.000
 0.000  0.000  0.000  0.000  0.000  0.000
 0.000  0.000  0.000  0.000  0.000  0.000
 0.000  0.000  0.000  0.000  0.000  0.000
 0.000  0.000  0.000  0.000  0.000  0.000
 0.000  0.000  0.000  0.000  0.000  0.000
 0.000  0.000  0.000  0.000  0.000  0.000
 0.000  0.000  0.000  0.000  0.000  0.000
 0.000  0.000  0.000  0.000  0.000  0.000
 0.000  0.000  0.000  0.000  0.000  0.000
 0.000  0.000  0.000  0.000  0.000  0.000
 0.000  0.000  0.000  0.000  0.000  0.000
 0.000  0.000  0.000  0.000  0.000  0.000
 0.000  0.000  0.000  0.000  0.000  0.000
 0.000  0.000  0.000  0.000  0.000  0.000
 0.000  0.000  0.000  0.000  0.000  0.000
 0.000  0.000  0.000  0.000  0.000  0.000
 0.000  0.000  0.000  0.000  0.000  0.000
 0.000  0.000  0.000  0.000  0.000  0.000
 0.000  0.000  0.000  0.000  0.000  0.000
 0.000  0.000  0.000  0.000  0.000  0.000
 0.000  0.000  0.000  0.000  0.000  0.000
-0.019 -0.107  0.012  0.000  0.000  0.000
-0.019 -0.107  0.010  0.000  0.000  0.000
-0.021 -0.105  0.011  0.000  0.000  0.000
-0.021 -0.102  0.015  0.000  0.000  0.000
-0.024 -0.096  0.015  0.000  0.000  0.000
-0.025 -0.092  0.014  0.000  0.000  0.000
-0.022 -0.098  0.017  0.000  0.000  0.000
-0.020 -0.102  0.017  0.000  0.000  0.000
-0.018 -0.105  0.018  0.000  0.000  0.000
-0.015 -0.107  0.021  0.000  0.000  0.000
-0.017 -0.106  0.018  0.000  0.000  0.000
-0.018 -0.105  0.016  0.000  0.000  0.000
 0.000  0.000  0.000  0.000  0.000  0.000
 0.000  0.000  0.000  0.000  0.000  0.000
 0.000  0.000  0.000  0.000  0.000  0.000
 0.000  0.000  0.000  0.000  0.000  0.000
 0.000  0.000  0.000  0.000  0.000  0.000
 0.000  0.000  0.000  0.000  0.000  0.000
 0.000  0.000  0.000  0.000  0.000  0.000
 0.000  0.000  0.000  0.000  0.000  0.000
 0.000  0.000  0.000  0.000  0.000  0.000
 0.000  0.000  0.000  0.000  0.000  0.000
 0.000  0.000  0.000  0.000  0.000  0.000
 0.000  0.000  0.000  0.000  0.000  0.000
 0.000  0.000  0.000  0.000  0.000  0.000
 0.000  0.000  0.000  0.000  0.000  0.000
 0.000  0.000  0.000  0.000  0.000  0.000
 0.000  0.000  0.000  0.000  0.000  0.000
 0.000  0.000  0.000  0.000  0.000  0.000
 0.000  0.000  0.000  0.000  0.000  0.000
 0.000  0.000  0.000  0.000  0.000  0.000
 0.000  0.000  0.000  0.000  0.000  0.000
 0.000  0.000  0.000  0.000  0.000  0.000
 0.000  0.000  0.000  0.000  0.000  0.000
 0.000  0.000  0.000  0.000  0.000  0.000
 0.000  0.000  0.000  0.000  0.000  0.000
-0.004 -0.090 -0.030  0.000  0.000  0.000
-0.003 -0.089 -0.030  0.000  0.000  0.000
-0.007 -0.088 -0.029  0.000  0.000  0.000
-0.010 -0.089 -0.027  0.000  0.000  0.000
-0.015 -0.087 -0.025  0.000  0.000  0.000
-0.018 -0.088 -0.023  0.000  0.000  0.000
-0.015 -0.090 -0.024  0.000  0.000  0.000
-0.010 -0.094 -0.027  0.000  0.000  0.000
-0.006 -0.101 -0.027  0.000  0.000  0.000
-0.004 -0.105 -0.027  0.000  0.000  0.000
-0.006 -0.101 -0.027  0.000  0.000  0.000
-0.006 -0.095 -0.028  0.000  0.000  0.000
 0.000  0.000  0.000  0.000  0.000  0.000
 0.000  0.000  0.000  0.000  0.000  0.000
 0.000  0.000  0.000  0.000  0.000  0.000
-0.016 -0.105 -0.017  0.000  0.000  0.000
-0.017 -0.102 -0.016  0.000  0.000  0.000
-0.023 -0.091 -0.015  0.000  0.000  0.000
-0.021 -0.099 -0.013  0.000  0.000  0.000
-0.018 -0.104 -0.014  0.000  0.000  0.000
-0.020 -0.105 -0.009  0.000  0.000  0.000
-0.019 -0.107 -0.007  0.000  0.000  0.000
-0.017 -0.106 -0.011  0.000  0.000  0.000
-0.015 -0.107 -0.016  0.000  0.000  0.000
-0.024 -0.102  0.002  0.000  0.000  0.000
-0.022 -0.105  0.003  0.000  0.000  0.000
-0.023 -0.102 -0.001  0.000  0.000  0.000
-0.026 -0.096 -0.001  0.000  0.000  0.000
-0.027 -0.092 -0.006  0.000  0.000  0.000
-0.027 -0.089 -0.008  0.000  0.000  0.000
-0.028 -0.089 -0.005  0.000  0.000  0.000
-0.028 -0.091  0.001  0.000  0.000  0.000
-0.028 -0.090  0.005  0.000  0.000  0.000
-0.028 -0.089  0.010  0.000  0.000  0.000
-0.028 -0.091  0.007  0.000  0.000  0.000
-0.027 -0.095  0.002  0.000  0.000  0.000
-0.029 -0.077  0.006  0.000  0.000  0.000
-0.028 -0.083  0.010  0.000  0.000  0.000
-0.030 -0.080  0.004  0.000  0.000  0.000
-0.030 -0.080  0.000  0.000  0.000  0.000
-0.029 -0.080 -0.004  0.000  0.000  0.000
-0.028 -0.080 -0.007  0.000  0.000  0.000
-0.029 -0.078 -0.006  0.000  0.000  0.000
-0.029 -0.075 -0.003  0.000  0.000  0.000
-0.030 -0.071 -0.003  0.000  0.000  0.000
-0.030 -0.069 -0.002  0.000  0.000  0.000
-0.030 -0.072  0.001  0.000  0.000  0.000
-0.030 -0.075  0.002  0.000  0.000  0.000
 0.000  0.000  0.000  0.000  0.000  0.000
 0.000  0.000  0.000  0.000  0.000  0.000
 0.000  0.000  0.000  0.000  0.000  0.000
 0.000  0.000  0.000  0.000  0.000  0.000
 0.000  0.000  0.000  0.000  0.000  0.000
 0.000  0.000  0.000  0.000  0.000  0.000
 0.000  0.000  0.000  0.000  0.000  0.000
 0.000  0.000  0.000  0.000  0.000  0.000
 0.000  0.000  0.000  0.000  0.000  0.000
 0.000  0.000  0.000  0.000  0.000  0.000
 0.000  0.000  0.000  0.000  0.000  0.000
 0.000  0.000  0.000  0.000  0.000  0.000
-0.015 -0.065 -0.026  0.000  0.000  0.000
-0.018 -0.061 -0.023  0.000  0.000  0.000
-0.018 -0.066 -0.024  0.000  0.000  0.000
-0.018 -0.070 -0.023  0.000  0.000  0.000
-0.021 -0.074 -0.021  0.000  0.000  0.000
-0.022 -0.077 -0.020  0.000  0.000  0.000
-0.018 -0.076 -0.024  0.000  0.000  0.000
-0.014 -0.073 -0.026  0.000  0.000  0.000
-0.009 -0.073 -0.029  0.000  0.000  0.000
-0.006 -0.074 -0.030  0.000  0.000  0.000
-0.008 -0.071 -0.029  0.000  0.000  0.000
-0.014 -0.068 -0.026  0.000  0.000  0.000
 0.000  0.000  0.000  0.000  0.000  0.000
 0.000  0.000  0.000  0.000  0.000  0.000
 0.000  0.000  0.000  0.000  0.000  0.000
 0.000  0.000  0.000  0.000  0.000  0.000
 0.000  0.000  0.000  0.000  0.000  0.000
 0.000  0.000  0.000  0.000  0.000  0.000
 0.000  0.000  0.000  0.000  0.000  0.000
 0.000  0.000  0.000  0.000  0.000  0.000
 0.000  0.000  0.000  0.000  0.000  0.000
 0.000  0.000  0.000  0.000  0.000  0.000
 0.000  0.000  0.000  0.000  0.000  0.000
 0.000  0.000  0.000  0.000  0.000  0.000
-0.014 -0.099  0.026  0.000  0.000  0.000
-0.015 -0.102  0.024  0.000  0.000  0.000
-0.016 -0.100  0.024  0.000  0.000  0.000
-0.018 -0.095  0.024  0.000  0.000  0.000
-0.020 -0.092  0.024  0.000  0.000  0.000
-0.022 -0.088  0.021  0.000  0.000  0.000
-0.019 -0.090  0.024  0.000  0.000  0.000
-0.017 -0.091  0.026  0.000  0.000  0.000
-0.014 -0.089  0.029  0.000  0.000  0.000
-0.011 -0.088  0.030  0.000  0.000  0.000
-0.012 -0.092  0.029  0.000  0.000  0.000
-0.016 -0.095  0.026  0.000  0.000  0.000
