 0.00000000e+00 0.00000000e+00 0.00000000e+00 0.00000000e+00 0.00000000e+00 0.00000000e+00
 0.00000000e+00 0.00000000e+00 0.00000000e+00 0.00000000e+00 0.00000000e+00 0.00000000e+00
 0.00000000e+00 0.00000000e+00 0.00000000e+00 0.00000000e+00 0.00000000e+00 0.00000000e+00
 0.00000000e+00 0.00000000e+00 0.00000000e+00 0.00000000e+00 0.00000000e+00 0.00000000e+00
 0.00000000e+00 0.00000000e+00 0.00000000e+00 0.00000000e+00 0.00000000e+00 0.00000000e+00
 0.00000000e+00 0.00000000e+00 0.00000000e+00 0.00000000e+00 0.00000000e+00 0.00000000e+00
 0.00000000e+00 0.00000000e+00 0.00000000e+00 0.00000000e+00 0.00000000e+00 0.00000000e+00
 0.00000000e+00 0.00000000e+00 0.00000000e+00 0.00000000e+00 0.00000000e+00 0.00000000e+00
 0.00000000e+00 0.00000000e+00 0.00000000e+00 0.00000000e+00 0.00000000e+00 0.00000000e+00
 0.00000000e+00 0.00000000e+00 0.00000000e+00 0.00000000e+00 0.00000000e+00 0.00000000e+00
 0.00000000e+00 0.00000000e+00 0.00000000e+00 0.00000000e+00 0.00000000e+00 0.00000000e+00
 0.00000000e+00 0.00000000e+00 0.00000000e+00 0.00000000e+00 0.00000000e+00 0.00000000e+00
 -3.14639229e-02 5.60003336e-02 9.80327685e-03 -9.75459877e-01 -1.37882680e-01 1.71657783e-01
 -3.27399229e-02 6.23483336e-02 7.65127685e-03 -9.75459877e-01 -1.37882680e-01 1.71657783e-01
 -3.15759229e-02 6.15683336e-02 1.36392768e-02 -9.75459877e-01 -1.37882680e-01 1.71657783e-01
 -2.97758786e-02 5.77821341e-02 1.77273780e-02 -9.20798243e-01 -2.33672742e-01 3.12294166e-01
 -2.78578558e-02 5.93724608e-02 2.30854823e-02 -8.76803575e-01 -1.61078823e-01 4.53066335e-01
 -2.43858558e-02 5.74844608e-02 2.91334823e-02 -8.76803575e-01 -1.61078823e-01 4.53066335e-01
 -2.54098558e-02 5.30564608e-02 2.55774823e-02 -8.76803575e-01 -1.61078823e-01 4.53066335e-01
 -2.73278786e-02 5.14661341e-02 2.02193780e-02 -9.20798243e-01 -2.33672742e-01 3.12294166e-01
 -2.68069888e-02 4.56934850e-02 2.00441771e-02 -9.34680215e-01 5.37838392e-02 3.51397487e-01
 -2.83269888e-02 4.05774850e-02 1.67841771e-02 -9.34680215e-01 5.37838392e-02 3.51397487e-01
 -2.91429888e-02 4.64414850e-02 1.37161771e-02 -9.34680215e-01 5.37838392e-02 3.51397487e-01
 -2.96638786e-02 5.22141341e-02 1.38913780e-02 -9.20798243e-01 -2.33672742e-01 3.12294166e-01
 0.00000000e+00 0.00000000e+00 0.00000000e+00 0.00000000e+00 0.00000000e+00 0.00000000e+00
 0.00000000e+00 0.00000000e+00 0.00000000e+00 0.00000000e+00 0.00000000e+00 0.00000000e+00
 0.00000000e+00 0.00000000e+00 0.00000000e+00 0.00000000e+00 0.00000000e+00 0.00000000e+00
 0.00000000e+00 0.00000000e+00 0.00000000e+00 0.00000000e+00 0.00000000e+00 0.00000000e+00
 0.00000000e+00 0.00000000e+00 0.00000000e+00 0.00000000e+00 0.00000000e+00 0.00000000e+00
 0.00000000e+00 0.00000000e+00 0.00000000e+00 0.00000000e+00 0.00000000e+00 0.00000000e+00
 0.00000000e+00 0.00000000e+00 0.00000000e+00 0.00000000e+00 0.00000000e+00 0.00000000e+00
 0.00000000e+00 0.00000000e+00 0.00000000e+00 0.00000000e+00 0.00000000e+00 0.00000000e+00
 0.00000000e+00 0.00000000e+00 0.00000000e+00 0.00000000e+00 0.00000000e+00 0.00000000e+00
 0.00000000e+00 0.00000000e+00 0.00000000e+00 0.00000000e+00 0.00000000e+00 0.00000000e+00
 0.00000000e+00 0.00000000e+00 0.00000000e+00 0.00000000e+00 0.00000000e+00 0.00000000e+00
 0.00000000e+00 0.00000000e+00 0.00000000e+00 0.00000000e+00 0.00000000e+00 0.00000000e+00
 0.00000000e+00 0.00000000e+00 0.00000000e+00 0.00000000e+00 0.00000000e+00 0.00000000e+00
 0.00000000e+00 0.00000000e+00 0.00000000e+00 0.00000000e+00 0.00000000e+00 0.00000000e+00
 0.00000000e+00 0.00000000e+00 0.00000000e+00 0.00000000e+00 0.00000000e+00 0.00000000e+00
 0.00000000e+00 0.00000000e+00 0.00000000e+00 0.00000000e+00 0.00000000e+00 0.00000000e+00
 0.00000000e+00 0.00000000e+00 0.00000000e+00 0.00000000e+00 0.00000000e+00 0.00000000e+00
 0.00000000e+00 0.00000000e+00 0.00000000e+00 0.00000000e+00 0.00000000e+00 0.00000000e+00
 0.00000000e+00 0.00000000e+00 0.00000000e+00 0.00000000e+00 0.00000000e+00 0.00000000e+00
 0.00000000e+00 0.00000000e+00 0.00000000e+00 0.00000000e+00 0.00000000e+00 0.00000000e+00
 0.00000000e+00 0.00000000e+00 0.00000000e+00 0.00000000e+00 0.00000000e+00 0.00000000e+00
 0.00000000e+00 0.00000000e+00 0.00000000e+00 0.00000000e+00 0.00000000e+00 0.00000000e+00
 0.00000000e+00 0.00000000e+00 0.00000000e+00 0.00000000e+00 0.00000000e+00 0.00000000e+00
 0.00000000e+00 0.00000000e+00 0.00000000e+00 0.00000000e+00 0.00000000e+00 0.00000000e+00
 0.00000000e+00 0.00000000e+00 0.00000000e+00 0.00000000e+00 0.00000000e+00 0.00000000e+00
 0.00000000e+00 0.00000000e+00 0.00000000e+00 0.00000000e+00 0.00000000e+00 0.00000000e+00
 0.00000000e+00 0.00000000e+00 0.00000000e+00 0.00000000e+00 0.00000000e+00 0.00000000e+00
 0.00000000e+00 0.00000000e+00 0.00000000e+00 0.00000000e+00 0.00000000e+00 0.00000000e+00
 0.00000000e+00 0.00000000e+00 0.00000000e+00 0.00000000e+00 0.00000000e+00 0.00000000e+00
 0.00000000e+00 0.00000000e+00 0.00000000e+00 0.00000000e+00 0.00000000e+00 0.00000000e+00
 0.00000000e+00 0.00000000e+00 0.00000000e+00 0.00000000e+00 0.00000000e+00 0.00000000e+00
 0.00000000e+00 0.00000000e+00 0.00000000e+00 0.00000000e+00 0.00000000e+00 0.00000000e+00
 0.00000000e+00 0.00000000e+00 0.00000000e+00 0.00000000e+00 0.00000000e+00 0.00000000e+00
 0.00000000e+00 0.00000000e+00 0.00000000e+00 0.00000000e+00 0.00000000e+00 0.00000000e+00
 0.00000000e+00 0.00000000e+00 0.00000000e+00 0.00000000e+00 0.00000000e+00 0.00000000e+00
 0.00000000e+00 0.00000000e+00 0.00000000e+00 0.00000000e+00 0.00000000e+00 0.00000000e+00
 2.91429888e-02 4.64414850e-02 1.37161771e-02 9.34680215e-01 5.37838392e-02 3.51397487e-01
 2.83269888e-02 4.05774850e-02 1.67841771e-02 9.34680215e-01 5.37838392e-02 3.51397487e-01
 2.68069888e-02 4.56934850e-02 2.00441771e-02 9.34680215e-01 5.37838392e-02 3.51397487e-01
 2.73278786e-02 5.14661341e-02 2.02193780e-02 9.20798243e-01 -2.33672742e-01 3.12294166e-01
 2.54098558e-02 5.30564608e-02 2.55774823e-02 8.76803575e-01 -1.61078823e-01 4.53066335e-01
 2.43858558e-02 5.74844608e-02 2.91334823e-02 8.76803575e-01 -1.61078823e-01 4.53066335e-01
 2.78578558e-02 5.93724608e-02 2.30854823e-02 8.76803575e-01 -1.61078823e-01 4.53066335e-01
 2.97758786e-02 5.77821341e-02 1.77273780e-02 9.20798243e-01 -2.33672742e-01 3.12294166e-01
 3.15759229e-02 6.15683336e-02 1.36392768e-02 9.75459877e-01 -1.37882680e-01 1.71657783e-01
 3.27399229e-02 6.23483336e-02 7.65127685e-03 9.75459877e-01 -1.37882680e-01 1.71657783e-01
 3.14639229e-02 5.60003336e-02 9.80327685e-03 9.75459877e-01 -1.37882680e-01 1.71657783e-01
 2.96638786e-02 5.22141341e-02 1.38913780e-02 9.20798243e-01 -2.33672742e-01 3.12294166e-01
 0.00000000e+00 0.00000000e+00 0.00000000e+00 0.00000000e+00 0.00000000e+00 0.00000000e+00
 0.00000000e+00 0.00000000e+00 0.00000000e+00 0.00000000e+00 0.00000000e+00 0.00000000e+00
 0.00000000e+00 0.00000000e+00 0.00000000e+00 0.00000000e+00 0.00000000e+00 0.00000000e+00
 0.00000000e+00 0.00000000e+00 0.00000000e+00 0.00000000e+00 0.00000000e+00 0.00000000e+00
 0.00000000e+00 0.00000000e+00 0.00000000e+00 0.00000000e+00 0.00000000e+00 0.00000000e+00
 0.00000000e+00 0.00000000e+00 0.00000000e+00 0.00000000e+00 0.00000000e+00 0.00000000e+00
 0.00000000e+00 0.00000000e+00 0.00000000e+00 0.00000000e+00 0.00000000e+00 0.00000000e+00
 0.00000000e+00 0.00000000e+00 0.00000000e+00 0.00000000e+00 0.00000000e+00 0.00000000e+00
 0.00000000e+00 0.00000000e+00 0.00000000e+00 0.00000000e+00 0.00000000e+00 0.00000000e+00
 0.00000000e+00 0.00000000e+00 0.00000000e+00 0.00000000e+00 0.00000000e+00 0.00000000e+00
 0.00000000e+00 0.00000000e+00 0.00000000e+00 0.00000000e+00 0.00000000e+00 0.00000000e+00
 0.00000000e+00 0.00000000e+00 0.00000000e+00 0.00000000e+00 0.00000000e+00 0.00000000e+00
 0.00000000e+00 0.00000000e+00 0.00000000e+00 0.00000000e+00 0.00000000e+00 0.00000000e+00
 0.00000000e+00 0.00000000e+00 0.00000000e+00 0.00000000e+00 0.00000000e+00 0.00000000e+00
 0.00000000e+00 0.00000000e+00 0.00000000e+00 0.00000000e+00 0.00000000e+00 0.00000000e+00
 0.00000000e+00 0.00000000e+00 0.00000000e+00 0.00000000e+00 0.00000000e+00 0.00000000e+00
 0.00000000e+00 0.00000000e+00 0.00000000e+00 0.00000000e+00 0.00000000e+00 0.00000000e+00
 0.00000000e+00 0.00000000e+00 0.00000000e+00 0.00000000e+00 0.00000000e+00 0.00000000e+00
 0.00000000e+00 0.00000000e+00 0.00000000e+00 0.00000000e+00 0.00000000e+00 0.00000000e+00
 0.00000000e+00 0.00000000e+00 0.00000000e+00 0.00000000e+00 0.00000000e+00 0.00000000e+00
 0.00000000e+00 0.00000000e+00 0.00000000e+00 0.00000000e+00 0.00000000e+00 0.00000000e+00
 0.00000000e+00 0.00000000e+00 0.00000000e+00 0.00000000e+00 0.00000000e+00 0.00000000e+00
 0.00000000e+00 0.00000000e+00 0.00000000e+00 0.00000000e+00 0.00000000e+00 0.00000000e+00
 0.00000000e+00 0.00000000e+00 0.00000000e+00 0.00000000e+00 0.00000000e+00 0.00000000e+00
 -5.06836859e-03 6.92044929e-03 2.76271194e-02 -2.08796873e-01 -2.06965872e-01 9.55808032e-01
 -1.09963686e-02 9.13244929e-03 2.68111194e-02 -2.08796873e-01 -2.06965872e-01 9.55808032e-01
 -8.38036859e-03 1.41964493e-02 2.84791194e-02 -2.08796873e-01 -2.06965872e-01 9.55808032e-01
 -3.31200000e-03 1.71956808e-02 2.94671248e-02 0.00000000e+00 -1.16302663e-01 9.93213819e-01
 -3.31200000e-03 2.28210133e-02 3.06441502e-02 0.00000000e+00 -3.12891721e-01 9.49788803e-01
 0.00000000e+00 2.72650133e-02 3.21081502e-02 0.00000000e+00 -3.12891721e-01 9.49788803e-01
 3.31200000e-03 2.28210133e-02 3.06441502e-02 0.00000000e+00 -3.12891721e-01 9.49788803e-01
 3.31200000e-03 1.71956808e-02 2.94671248e-02 0.00000000e+00 -1.16302663e-01 9.93213819e-01
 8.38036859e-03 1.41964493e-02 2.84791194e-02 2.08796873e-01 -2.06965872e-01 9.55808032e-01
 1.09963686e-02 9.13244929e-03 2.68111194e-02 2.08796873e-01 -2.06965872e-01 9.55808032e-01
 5.06836859e-03 6.92044929e-03 2.76271194e-02 2.08796873e-01 -2.06965872e-01 9.55808032e-01
 0.00000000e+00 9.91968084e-03 2.86151248e-02 0.00000000e+00 -1.16302663e-01 9.93213819e-01
 1.89207965e-02 1.79983350e-02 2.32459477e-02 5.25290644e-01 -8.90625700e-03 8.50876265e-01
 1.51367965e-02 1.26423350e-02 2.55259477e-02 5.25290644e-01 -8.90625700e-03 8.50876265e-01
 1.25207965e-02 1.77063350e-02 2.71939477e-02 5.25290644e-01 -8.90625700e-03 8.50876265e-01
 1.29940459e-02 2.34556063e-02 2.77523212e-02 5.17983507e-01 -2.35792230e-01 8.22250029e-01
 8.10289472e-03 2.50532170e-02 3.03418580e-02 2.98252798e-01 -9.07352411e-02 9.50164399e-01
 4.79089472e-03 2.94972170e-02 3.18058580e-02 2.98252798e-01 -9.07352411e-02 9.50164399e-01
 1.13828947e-02 3.04732170e-02 2.98298580e-02 2.98252798e-01 -9.07352411e-02 9.50164399e-01
 1.62740459e-02 2.88756063e-02 2.72403212e-02 5.17983507e-01 -2.35792230e-01 8.22250029e-01
 2.06577635e-02 3.15321294e-02 2.42726219e-02 7.01218944e-01 -4.98971206e-02 7.11197771e-01
 2.55497635e-02 3.20361294e-02 1.94846219e-02 7.01218944e-01 -4.98971206e-02 7.11197771e-01
 2.37777635e-02 2.64041294e-02 2.08366219e-02 7.01218944e-01 -4.98971206e-02 7.11197771e-01
 1.93940459e-02 2.37476063e-02 2.38043212e-02 5.17983507e-01 -2.35792230e-01 8.22250029e-01
 2.40893142e-02 4.27216437e-02 2.38041329e-02 6.92741079e-01 -2.29783191e-01 6.83600382e-01
 2.56093142e-02 3.76056437e-02 2.05441329e-02 6.92741079e-01 -2.29783191e-01 6.83600382e-01
 2.07173142e-02 3.71016437e-02 2.53321329e-02 6.92741079e-01 -2.29783191e-01 6.83600382e-01
 1.62764415e-02 3.82363213e-02 2.92643932e-02 5.54889609e-01 -1.08683686e-01 8.24794143e-01
 1.15023406e-02 3.56629975e-02 3.10396834e-02 3.16200554e-01 -3.52212946e-01 8.80887763e-01
 4.91034063e-03 3.46869975e-02 3.30156834e-02 3.16200554e-01 -3.52212946e-01 8.80887763e-01
 8.12634063e-03 3.96149975e-02 3.38316834e-02 3.16200554e-01 -3.52212946e-01 8.80887763e-01
 1.29004415e-02 4.21883213e-02 3.20563932e-02 5.54889609e-01 -1.08683686e-01 8.24794143e-01
 1.49863368e-02 4.80980206e-02 3.26860294e-02 5.59123326e-01 -4.36676670e-01 7.04765630e-01
 2.07103368e-02 5.41940206e-02 3.19220294e-02 5.59123326e-01 -4.36676670e-01 7.04765630e-01
 2.17343368e-02 4.97660206e-02 2.83660294e-02 5.59123326e-01 -4.36676670e-01 7.04765630e-01
 1.96484415e-02 4.38563213e-02 2.77363932e-02 5.54889609e-01 -1.08683686e-01 8.24794143e-01
 0.00000000e+00 0.00000000e+00 0.00000000e+00 0.00000000e+00 0.00000000e+00 0.00000000e+00
 0.00000000e+00 0.00000000e+00 0.00000000e+00 0.00000000e+00 0.00000000e+00 0.00000000e+00
 0.00000000e+00 0.00000000e+00 0.00000000e+00 0.00000000e+00 0.00000000e+00 0.00000000e+00
 0.00000000e+00 0.00000000e+00 0.00000000e+00 0.00000000e+00 0.00000000e+00 0.00000000e+00
 0.00000000e+00 0.00000000e+00 0.00000000e+00 0.00000000e+00 0.00000000e+00 0.00000000e+00
 0.00000000e+00 0.00000000e+00 0.00000000e+00 0.00000000e+00 0.00000000e+00 0.00000000e+00
 0.00000000e+00 0.00000000e+00 0.00000000e+00 0.00000000e+00 0.00000000e+00 0.00000000e+00
 0.00000000e+00 0.00000000e+00 0.00000000e+00 0.00000000e+00 0.00000000e+00 0.00000000e+00
 0.00000000e+00 0.00000000e+00 0.00000000e+00 0.00000000e+00 0.00000000e+00 0.00000000e+00
 0.00000000e+00 0.00000000e+00 0.00000000e+00 0.00000000e+00 0.00000000e+00 0.00000000e+00
 0.00000000e+00 0.00000000e+00 0.00000000e+00 0.00000000e+00 0.00000000e+00 0.00000000e+00
 0.00000000e+00 0.00000000e+00 0.00000000e+00 0.00000000e+00 0.00000000e+00 0.00000000e+00
 -2.07173142e-02 3.71016437e-02 2.53321329e-02 -6.92741079e-01 -2.29783191e-01 6.83600382e-01
 -2.56093142e-02 3.76056437e-02 2.05441329e-02 -6.92741079e-01 -2.29783191e-01 6.83600382e-01
 -2.40893142e-02 4.27216437e-02 2.38041329e-02 -6.92741079e-01 -2.29783191e-01 6.83600382e-01
 -1.96484415e-02 4.38563213e-02 2.77363932e-02 -5.54889609e-01 -1.08683686e-01 8.24794143e-01
 -2.17343368e-02 4.97660206e-02 2.83660294e-02 -5.59123326e-01 -4.36676670e-01 7.04765630e-01
 -2.07103368e-02 5.41940206e-02 3.19220294e-02 -5.59123326e-01 -4.36676670e-01 7.04765630e-01
 -1.49863368e-02 4.80980206e-02 3.26860294e-02 -5.59123326e-01 -4.36676670e-01 7.04765630e-01
 -1.29004415e-02 4.21883213e-02 3.20563932e-02 -5.54889609e-01 -1.08683686e-01 8.24794143e-01
 -8.12634063e-03 3.96149975e-02 3.38316834e-02 -3.16200554e-01 -3.52212946e-01 8.80887763e-01
 -4.91034063e-03 3.46869975e-02 3.30156834e-02 -3.16200554e-01 -3.52212946e-01 8.80887763e-01
 -1.15023406e-02 3.56629975e-02 3.10396834e-02 -3.16200554e-01 -3.52212946e-01 8.80887763e-01
 -1.62764415e-02 3.82363213e-02 2.92643932e-02 -5.54889609e-01 -1.08683686e-01 8.24794143e-01
 -2.37777635e-02 2.64041294e-02 2.08366219e-02 -7.01218944e-01 -4.98971206e-02 7.11197771e-01
 -2.55497635e-02 3.20361294e-02 1.94846219e-02 -7.01218944e-01 -4.98971206e-02 7.11197771e-01
 -2.06577635e-02 3.15321294e-02 2.42726219e-02 -7.01218944e-01 -4.98971206e-02 7.11197771e-01
 -1.62740459e-02 2.88756063e-02 2.72403212e-02 -5.17983507e-01 -2.35792230e-01 8.22250029e-01
 -1.13828947e-02 3.04732170e-02 2.98298580e-02 -2.98252798e-01 -9.07352411e-02 9.50164399e-01
 -4.79089472e-03 2.94972170e-02 3.18058580e-02 -2.98252798e-01 -9.07352411e-02 9.50164399e-01
 -8.10289472e-03 2.50532170e-02 3.03418580e-02 -2.98252798e-01 -9.07352411e-02 9.50164399e-01
 -1.29940459e-02 2.34556063e-02 2.77523212e-02 -5.17983507e-01 -2.35792230e-01 8.22250029e-01
 -1.25207965e-02 1.77063350e-02 2.71939477e-02 -5.25290644e-01 -8.90625700e-03 8.50876265e-01
 -1.51367965e-02 1.26423350e-02 2.55259477e-02 -5.25290644e-01 -8.90625700e-03 8.50876265e-01
 -1.89207965e-02 1.79983350e-02 2.32459477e-02 -5.25290644e-01 -8.90625700e-03 8.50876265e-01
 -1.93940459e-02 2.37476063e-02 2.38043212e-02 -5.17983507e-01 -2.35792230e-01 8.22250029e-01
 0.00000000e+00 0.00000000e+00 0.00000000e+00 0.00000000e+00 0.00000000e+00 0.00000000e+00
 0.00000000e+00 0.00000000e+00 0.00000000e+00 0.00000000e+00 0.00000000e+00 0.00000000e+00
 0.00000000e+00 0.00000000e+00 0.00000000e+00 0.00000000e+00 0.00000000e+00 0.00000000e+00
 0.00000000e+00 0.00000000e+00 0.00000000e+00 0.00000000e+00 0.00000000e+00 0.00000000e+00
 0.00000000e+00 0.00000000e+00 0.00000000e+00 0.00000000e+00 0.00000000e+00 0.00000000e+00
 0.00000000e+00 0.00000000e+00 0.00000000e+00 0.00000000e+00 0.00000000e+00 0.00000000e+00
 0.00000000e+00 0.00000000e+00 0.00000000e+00 0.00000000e+00 0.00000000e+00 0.00000000e+00
 0.00000000e+00 0.00000000e+00 0.00000000e+00 0.00000000e+00 0.00000000e+00 0.00000000e+00
 0.00000000e+00 0.00000000e+00 0.00000000e+00 0.00000000e+00 0.00000000e+00 0.00000000e+00
 0.00000000e+00 0.00000000e+00 0.00000000e+00 0.00000000e+00 0.00000000e+00 0.00000000e+00
 0.00000000e+00 0.00000000e+00 0.00000000e+00 0.00000000e+00 0.00000000e+00 0.00000000e+00
 0.00000000e+00 0.00000000e+00 0.00000000e+00 0.00000000e+00 0.00000000e+00 0.00000000e+00
 0.00000000e+00 0.00000000e+00 0.00000000e+00 0.00000000e+00 0.00000000e+00 0.00000000e+00
 0.00000000e+00 0.00000000e+00 0.00000000e+00 0.00000000e+00 0.00000000e+00 0.00000000e+00
 0.00000000e+00 0.00000000e+00 0.00000000e+00 0.00000000e+00 0.00000000e+00 0.00000000e+00
 0.00000000e+00 0.00000000e+00 0.00000000e+00 0.00000000e+00 0.00000000e+00 0.00000000e+00
 0.00000000e+00 0.00000000e+00 0.00000000e+00 0.00000000e+00 0.00000000e+00 0.00000000e+00
 0.00000000e+00 0.00000000e+00 0.00000000e+00 0.00000000e+00 0.00000000e+00 0.00000000e+00
 0.00000000e+00 0.00000000e+00 0.00000000e+00 0.00000000e+00 0.00000000e+00 0.00000000e+00
 0.00000000e+00 0.00000000e+00 0.00000000e+00 0.00000000e+00 0.00000000e+00 0.00000000e+00
 0.00000000e+00 0.00000000e+00 0.00000000e+00 0.00000000e+00 0.00000000e+00 0.00000000e+00
 0.00000000e+00 0.00000000e+00 0.00000000e+00 0.00000000e+00 0.00000000e+00 0.00000000e+00
 0.00000000e+00 0.00000000e+00 0.00000000e+00 0.00000000e+00 0.00000000e+00 0.00000000e+00
 0.00000000e+00 0.00000000e+00 0.00000000e+00 0.00000000e+00 0.00000000e+00 0.00000000e+00
