0 1470 -68 1004 322 -1213 607
1 1474 -67 1006 318 -1216 607
2 1475 -68 1003 316 -1218 608
3 1478 -72 1000 319 -1217 607
4 1481 -66 1001 319 -1218 612
5 1477 -67 1002 323 -1216 611
6 1478 -65 1000 317 -1214 612
7 1478 -70 1002 321 -1216 611
8 1475 -68 1002 319 -1211 609
9 1476 -68 1007 318 -1210 608
10 1471 -71 1002 318 -1214 610
11 1473 -69 1004 322 -1213 608
12 1473 -67 1006 321 -1212 610
13 1475 -68 1004 320 -1212 610
14 1478 -70 1001 317 -1213 611
15 1478 -69 1002 315 -1216 609
16 1478 -70 1006 318 -1214 609
17 1480 -71 1004 317 -1215 610
18 1476 -69 1002 317 -1213 610
19 1476 -66 1004 320 -1213 610
20 1474 -69 1000 317 -1213 611
21 1468 -69 1004 317 -1211 611
22 1468 -65 1003 320 -1210 609
23 1471 -70 1002 319 -1211 609
24 1474 -67 1003 322 -1214 608
25 1476 -70 999 320 -1212 612
26 1475 -69 1000 316 -1218 613
27 1479 -67 1003 321 -1215 612
28 1478 -71 1005 318 -1215 610
29 1474 -70 1004 317 -1214 613
30 1476 -66 1003 322 -1211 612
31 1474 -68 1002 322 -1211 613
32 1474 -68 1000 322 -1210 609
33 1477 -66 1005 321 -1212 610
34 1472 -70 1003 321 -1214 612
35 1473 -67 1003 321 -1213 611
36 1476 -67 1004 316 -1213 607
37 1480 -66 1004 318 -1216 611
38 1479 -69 1004 317 -1219 608
39 1477 -68 1002 320 -1217 611
40 1478 -69 1005 317 -1213 608
41 1474 -67 1003 318 -1213 610
42 1471 -69 1002 320 -1210 610
43 1467 -66 1002 319 -1211 609
44 1470 -69 1002 320 -1211 611
45 1472 -70 1006 320 -1215 610
46 1473 -68 1002 317 -1217 610
47 1475 -68 1000 318 -1216 608
48 1479 -67 1000 315 -1219 610
49 1479 -73 1002 317 -1216 611
50 1476 -69 999 320 -1216 608
51 1476 -72 1000 319 -1217 610
52 1475 -67 1002 322 -1213 609
53 1473 -67 1002 320 -1213 610
54 1471 -68 1000 322 -1212 612
55 1472 -68 1004 319 -1213 608
56 1472 -70 1003 318 -1214 613
57 1476 -66 1004 318 -1214 611
58 1475 -65 1004 319 -1216 611
59 1477 -65 1003 320 -1212 610
60 1479 -69 1003 317 -1215 610
61 1477 -69 1000 318 -1215 610
62 1472 -72 1004 319 -1213 608
63 1469 -67 1002 318 -1210 609
64 1472 -70 1003 320 -1209 612
65 1467 -69 1004 318 -1212 609
66 1476 -68 999 320 -1214 610
67 1476 -68 1002 321 -1212 612
68 1477 -67 1001 318 -1216 609
69 1481 -68 1002 319 -1217 612
70 1480 -69 1003 316 -1215 610
71 1478 -66 1004 319 -1217 611
72 1478 -68 1002 323 -1214 610
73 1478 -66 1003 321 -1214 611
74 1473 -66 1005 318 -1215 612
75 1477 -68 1002 319 -1217 613
76 1476 -67 1007 318 -1213 610
77 1473 -69 1002 318 -1214 613
78 1478 -66 1004 322 -1211 610
79 1477 -66 1002 319 -1216 610
80 1475 -67 1002 322 -1216 611
81 1479 -67 1002 315 -1214 611
82 1476 -68 1004 318 -1215 612
83 1474 -67 1004 322 -1214 612
84 1473 -68 1006 321 -1210 612
85 1471 -69 1000 321 -1212 610
86 1473 -70 1003 322 -1212 610
87 1472 -68 1003 321 -1212 614
88 1473 -65 1002 319 -1213 612
89 1479 -68 1004 317 -1215 614
90 1477 -68 1002 320 -1217 610
91 1479 -66 999 319 -1216 610
92 1478 -68 1000 318 -1216 611
93 1477 -69 1004 320 -1213 611
94 1476 -68 1002 317 -1215 608
95 1474 -66 1003 321 -1212 611
96 1479 -64 1003 318 -1218 610
97 1474 -67 1001 320 -1215 609
98 1470 -69 1001 322 -1212 610
99 1473 -69 1003 320 -1213 607
100 1472 -70 1003 317 -1216 610
101 1474 -67 1003 316 -1213 610
102 1475 -67 1005 320 -1216 609
103 1476 -66 1002 319 -1212 611
104 1478 -67 1002 317 -1212 611
105 1478 -66 1002 318 -1213 612
106 1477 -65 1000 320 -1216 612
107 1470 -64 1007 320 -1213 610
108 1470 -68 1005 320 -1209 612
109 1473 -67 1005 321 -1212 613
110 1471 -66 1002 320 -1215 611
111 1474 -65 1004 320 -1213 611
112 1476 -71 1003 320 -1213 611
113 1477 -66 1001 317 -1218 610
114 1481 -68 1001 319 -1216 609
115 1484 -68 1002 317 -1214 611
116 1480 -67 1003 317 -1214 612
117 1479 -67 1004 318 -1213 610
118 1474 -68 1004 322 -1212 610
119 1472 -65 1004 321 -1211 610
120 1471 -68 1002 321 -1210 612
121 1474 -65 1004 319 -1212 610
122 1472 -69 1002 322 -1212 611
123 1475 -71 1004 319 -1216 611
124 1477 -68 1000 317 -1216 609
125 1483 -65 999 317 -1215 611
126 1478 -69 1001 316 -1215 612
127 1478 -69 1001 319 -1214 612
128 1476 -68 1004 318 -1212 609
129 1471 -66 1003 322 -1211 610
130 1472 -67 1002 321 -1210 611
131 1472 -64 1003 319 -1212 611
132 1471 -66 1000 320 -1218 612
133 1475 -66 1003 319 -1213 610
134 1475 -67 997 319 -1215 608
135 1474 -69 998 316 -1215 607
136 1475 -70 1000 316 -1215 612
137 1479 -70 1002 319 -1216 608
138 1476 -73 1004 319 -1215 611
139 1480 -71 1000 322 -1215 610
140 1477 -69 1005 320 -1214 612
141 1476 -66 1003 319 -1213 611
142 1476 -68 1001 317 -1211 609
143 1471 -69 1003 318 -1213 610
144 1475 -71 1004 317 -1212 608
145 1475 -68 1003 318 -1213 610
146 1475 -66 1004 319 -1212 612
147 1476 -67 1002 318 -1212 611
148 1476 -66 1004 317 -1215 610
149 1474 -70 1003 323 -1214 611
150 1473 -70 1003 321 -1214 607
151 1473 -68 1004 321 -1214 609
152 1475 -65 1002 320 -1211 610
153 1476 -68 1007 319 -1212 611
154 1478 -67 1007 321 -1213 610
155 1477 -69 1002 320 -1213 610
156 1475 -71 1004 320 -1212 609
157 1473 -69 1006 322 -1216 611
158 1477 -67 1003 320 -1217 609
159 1474 -67 1002 321 -1214 610
160 1475 -67 1004 320 -1215 611
161 1475 -68 1002 321 -1217 613
162 1477 -68 1002 317 -1215 610
163 1480 -70 1005 316 -1215 609
164 1475 -73 1004 317 -1214 609
165 1476 -69 1005 320 -1212 611
166 1472 -69 1005 319 -1213 608
167 1475 -68 1002 318 -1209 611
168 1475 -71 1003 320 -1215 612
169 1476 -68 1005 320 -1212 608
170 1472 -70 1004 320 -1213 608
171 1475 -70 1003 320 -1212 611
172 1471 -67 1002 317 -1216 611
173 1474 -68 1003 319 -1216 608
174 1475 -69 1000 319 -1213 608
175 1474 -70 999 321 -1214 608
176 1473 -69 1001 322 -1211 611
177 1477 -64 1002 320 -1215 611
178 1468 -70 1003 319 -1215 608
179 1473 -69 1000 321 -1214 608
180 1478 -66 1004 318 -1214 610
181 1477 -68 1003 321 -1215 611
182 1476 -65 1005 315 -1215 611
183 1481 -66 1005 317 -1214 612
184 1472 -68 1004 319 -1214 609
185 1476 -68 1002 316 -1214 608
186 1476 -71 1002 318 -1214 608
187 1473 -64 1001 321 -1212 613
188 1475 -64 1005 317 -1214 611
189 1480 -65 1005 319 -1213 611
190 1478 -66 1004 320 -1212 613
191 1482 -65 1005 317 -1217 608
192 1479 -64 1001 322 -1212 606
193 1476 -68 1001 321 -1212 610
194 1476 -64 1002 324 -1212 613
195 1472 -65 1005 321 -1209 613
196 1469 -66 1002 322 -1208 611
197 1470 -66 1005 323 -1212 610
198 1473 -66 1002 319 -1214 609
199 1475 -67 1004 320 -1214 611
200 1476 -69 1003 319 -1210 614
201 1478 -70 1003 317 -1214 610
202 1477 -68 1003 318 -1212 609
203 1477 -66 1002 318 -1215 613
204 1472 -69 1003 321 -1213 610
205 1471 -68 999 317 -1210 613
206 1472 -68 1002 319 -1208 614
207 1473 -66 1005 316 -1210 611
208 1474 -66 1003 314 -1212 613
209 1478 -66 1003 315 -1212 609
210 1479 -68 1000 320 -1212 614
211 1480 -65 1000 316 -1213 612
212 1475 -67 1002 317 -1214 610
213 1476 -66 1004 321 -1212 609
214 1473 -68 1001 321 -1209 610
215 1473 -69 1005 321 -1210 610
216 1473 -70 1006 322 -1211 612
217 1474 -63 1004 323 -1216 610
218 1472 -67 1006 322 -1214 613
219 1477 -65 1003 321 -1213 613
220 1474 -66 1003 318 -1217 613
221 1472 -66 1004 319 -1213 610
222 1474 -68 1005 320 -1213 613
223 1473 -66 1004 320 -1214 609
224 1476 -68 1002 320 -1213 613
225 1474 -68 1003 319 -1213 614
226 1480 -67 1002 319 -1213 613
227 1478 -70 998 313 -1216 609
228 1479 -67 1003 317 -1216 613
229 1481 -65 1006 319 -1212 611
230 1479 -67 1006 320 -1211 609
231 1476 -65 1006 324 -1213 613
232 1470 -66 1004 321 -1211 613
233 1469 -66 1005 324 -1209 610
234 1469 -67 1004 324 -1211 611
235 1472 -66 1005 318 -1214 608
236 1474 -64 1002 318 -1214 614
237 1479 -70 1001 318 -1216 610
238 1481 -68 998 316 -1219 610
239 1482 -67 1000 317 -1218 612
240 1479 -68 1001 316 -1219 612
241 1478 -66 1001 320 -1216 611
242 1471 -71 1003 321 -1217 609
243 1468 -68 998 320 -1212 608
244 1462 -72 1002 323 -1209 611
245 1464 -69 1005 316 -1212 608
246 1469 -70 1003 315 -1216 609
247 1481 -71 1002 312 -1219 608
248 1490 -74 1001 311 -1218 612
249 1489 -72 1001 309 -1218 611
250 1484 -67 1002 315 -1217 611
251 1478 -72 999 317 -1216 609
252 1468 -69 1005 320 -1210 608
253 1463 -64 1005 326 -1212 608
254 1462 -67 1003 329 -1210 609
255 1462 -68 1003 324 -1204 606
256 1464 -67 1002 323 -1215 608
257 1472 -65 1002 319 -1217 612
258 1482 -70 1000 314 -1221 608
259 1485 -68 1000 315 -1222 612
260 1483 -68 1000 313 -1222 612
261 1482 -70 1004 319 -1218 612
262 1481 -68 1000 321 -1215 611
263 1471 -66 1001 323 -1213 611
264 1466 -65 1002 321 -1207 609
265 1464 -71 1003 321 -1210 608
266 1465 -69 1002 318 -1210 607
267 1472 -69 1000 318 -1214 608
268 1478 -71 1002 314 -1215 608
269 1483 -68 999 310 -1216 609
270 1491 -66 997 311 -1220 611
271 1485 -73 1003 313 -1218 612
272 1478 -67 1003 313 -1215 610
273 1476 -68 1000 319 -1212 610
274 1470 -67 1005 322 -1214 611
275 1466 -66 1003 323 -1212 609
276 1462 -65 1004 327 -1213 609
277 1465 -67 1005 322 -1214 610
278 1466 -67 1004 321 -1213 605
279 1470 -70 1002 321 -1214 609
280 1473 -68 1001 319 -1215 611
281 1480 -63 1004 318 -1220 612
282 1480 -69 1000 315 -1216 611
283 1482 -68 1001 316 -1219 612
284 1478 -72 1003 316 -1215 609
285 1479 -69 1003 312 -1216 607
286 1473 -69 1002 315 -1211 609
287 1472 -69 1000 316 -1213 611
288 1471 -68 1001 322 -1211 608
289 1468 -65 1002 321 -1209 612
290 1470 -66 1004 321 -1209 611
291 1476 -68 1005 318 -1217 614
292 1482 -68 1005 316 -1220 609
293 1486 -65 1002 314 -1221 612
294 1487 -69 1000 314 -1221 608
295 1481 -68 999 315 -1218 615
296 1481 -67 1003 322 -1217 608
297 1473 -68 1002 320 -1212 607
298 1462 -68 1002 326 -1212 607
299 1458 -70 1003 326 -1206 604
300 1457 -70 1003 326 -1207 611
301 1462 -68 1006 322 -1209 607
302 1470 -67 1005 323 -1213 610
303 1480 -67 1002 313 -1218 615
304 1487 -67 1004 313 -1219 612
305 1489 -68 1005 313 -1218 612
306 1489 -69 1003 314 -1217 613
307 1481 -67 1005 318 -1211 610
308 1477 -67 1004 322 -1211 614
309 1466 -63 1004 325 -1208 610
310 1464 -69 1002 325 -1206 611
311 1463 -64 1007 325 -1208 610
312 1467 -67 1005 324 -1213 613
313 1475 -65 1008 318 -1213 610
314 1480 -66 999 314 -1220 612
315 1491 -67 1003 313 -1218 614
316 1490 -67 1003 317 -1218 613
317 1484 -66 1002 316 -1216 610
318 1477 -70 1005 320 -1212 612
319 1472 -69 1003 324 -1207 608
320 1468 -66 1004 322 -1209 613
321 1467 -68 1006 324 -1207 611
322 1469 -64 1009 320 -1212 614
323 1474 -65 1005 316 -1214 608
324 1480 -66 1005 318 -1218 611
325 1483 -66 1001 316 -1215 615
326 1478 -69 1004 316 -1216 609
327 1479 -68 999 319 -1214 610
328 1477 -69 999 320 -1214 612
329 1470 -70 1003 318 -1214 609
330 1469 -68 1003 319 -1214 610
331 1470 -69 1004 319 -1209 608
332 1471 -66 1004 321 -1212 611
333 1473 -69 1004 320 -1214 612
334 1476 -68 1003 318 -1213 609
335 1482 -69 1003 317 -1215 611
336 1479 -68 1002 318 -1215 614
337 1475 -67 1006 321 -1215 610
338 1477 -67 1005 322 -1215 611
339 1474 -68 1000 320 -1216 608
340 1475 -68 1006 319 -1212 610
341 1475 -66 1002 319 -1216 611
342 1477 -66 1006 321 -1214 609
343 1478 -69 1006 319 -1217 612
344 1478 -68 1004 317 -1214 611
345 1476 -69 1003 319 -1213 615
346 1478 -64 1003 319 -1212 610
347 1476 -66 1005 319 -1211 609
348 1475 -65 1006 321 -1214 612
349 1472 -68 1005 321 -1214 611
350 1475 -67 1004 319 -1214 611
351 1473 -67 1004 322 -1214 608
352 1474 -67 1005 320 -1213 611
353 1476 -65 1003 324 -1212 610
354 1478 -64 1005 321 -1212 610
355 1477 -68 1004 321 -1213 613
356 1474 -67 1002 323 -1217 611
357 1472 -67 1003 321 -1215 613
358 1476 -64 1006 319 -1214 614
359 1476 -70 1004 318 -1210 610
360 1477 -66 1005 321 -1214 612
361 1476 -64 1000 321 -1217 608
362 1475 -70 1004 319 -1214 611
363 1478 -67 1003 319 -1212 610
364 1475 -68 1005 321 -1214 612
365 1475 -68 1002 319 -1215 608
366 1476 -67 1005 316 -1213 609
367 1477 -69 1001 319 -1213 608
368 1476 -66 1001 320 -1217 607
369 1473 -67 1006 322 -1210 610
370 1473 -70 1001 322 -1212 610
371 1475 -66 1004 321 -1212 610
372 1471 -68 1003 321 -1212 611
373 1474 -69 1006 318 -1210 608
374 1472 -67 1003 320 -1211 611
375 1475 -66 1003 320 -1213 613
376 1474 -68 1006 318 -1214 611
377 1472 -66 1005 320 -1213 612
378 1480 -66 1000 320 -1216 609
379 1475 -65 1004 315 -1215 613
380 1478 -67 1001 318 -1213 615
381 1477 -67 1001 322 -1215 613
382 1482 -68 1005 319 -1213 610
383 1478 -67 1000 319 -1213 610
384 1476 -66 1002 321 -1213 610
385 1472 -67 1003 319 -1213 611
386 1476 -68 1003 320 -1212 611
387 1474 -68 1000 319 -1215 609
388 1476 -67 1004 319 -1213 611
389 1474 -68 1003 320 -1214 610
390 1478 -68 1003 318 -1213 611
391 1475 -68 1002 318 -1214 611
392 1472 -69 1006 320 -1212 611
393 1474 -69 1006 323 -1210 610
394 1476 -68 1002 319 -1212 612
395 1474 -67 1003 323 -1210 609
396 1472 -65 1003 322 -1209 612
397 1471 -66 1002 322 -1212 613
398 1473 -68 1002 320 -1213 608
399 1475 -67 1004 315 -1217 609
400 1477 -67 1001 318 -1214 613
401 1480 -68 1003 316 -1217 611
402 1479 -69 1002 319 -1214 612
403 1476 -67 1004 320 -1215 611
404 1474 -69 1002 317 -1212 612
405 1479 -64 1002 320 -1215 613
406 1477 -65 1006 319 -1215 610
407 1472 -70 1002 318 -1215 609
408 1477 -68 1005 318 -1212 611
409 1474 -68 1004 318 -1213 613
410 1475 -67 1002 323 -1214 608
411 1476 -71 1002 319 -1212 614
412 1476 -68 1003 317 -1213 611
413 1475 -69 1004 318 -1213 610
414 1477 -68 1002 317 -1213 610
415 1475 -69 1004 320 -1211 610
416 1474 -66 1005 319 -1215 606
417 1474 -66 1001 320 -1215 607
418 1471 -70 1003 321 -1213 607
419 1472 -71 1004 317 -1214 607
420 1474 -68 1003 318 -1215 610
421 1473 -71 1002 318 -1212 610
422 1473 -68 1002 319 -1212 608
423 1476 -66 1002 320 -1216 609
424 1476 -72 999 317 -1214 607
425 1477 -67 1002 319 -1212 610
426 1476 -65 1005 316 -1212 611
427 1477 -68 1003 320 -1213 610
428 1477 -66 1001 316 -1215 612
429 1477 -66 1002 319 -1216 610
430 1471 -66 1002 320 -1214 608
431 1474 -70 1005 317 -1213 611
432 1474 -67 1003 321 -1213 609
433 1473 -70 1005 319 -1212 612
434 1474 -69 1006 320 -1218 611
435 1472 -68 1003 320 -1215 608
436 1476 -65 1003 323 -1216 613
437 1474 -66 1002 320 -1212 610
438 1471 -68 1000 319 -1214 608
439 1474 -69 999 317 -1215 611
440 1475 -67 1006 319 -1208 608
441 1472 -68 1003 318 -1216 610
442 1473 -67 1002 322 -1218 605
443 1473 -69 1001 321 -1214 609
444 1475 -67 1003 319 -1216 607
445 1475 -70 1004 316 -1216 611
446 1473 -71 1000 319 -1215 607
447 1478 -69 1003 317 -1218 610
448 1478 -67 1002 318 -1215 613
449 1477 -69 1001 317 -1216 609
450 1477 -70 1001 315 -1217 608
451 1480 -67 1004 316 -1216 610
452 1476 -67 1004 317 -1215 612
453 1472 -69 1004 321 -1214 610
454 1472 -69 1006 322 -1213 611
455 1471 -68 1000 319 -1215 608
456 1475 -66 1005 320 -1218 611
457 1474 -69 1003 317 -1214 613
458 1478 -67 1005 317 -1214 610
459 1478 -70 1000 320 -1215 611
460 1477 -65 1004 319 -1214 610
461 1474 -67 1004 320 -1212 609
462 1471 -70 1002 321 -1214 608
463 1473 -65 1003 322 -1212 613
464 1473 -66 1004 320 -1213 609
465 1473 -66 1007 319 -1213 609
466 1473 -71 1000 316 -1216 609
467 1476 -69 1002 317 -1215 610
468 1476 -67 1003 317 -1217 609
469 1478 -70 1002 319 -1213 609
470 1475 -66 1002 319 -1215 612
471 1475 -69 1003 317 -1215 613
472 1477 -67 1001 318 -1215 608
473 1476 -68 1001 317 -1214 610
474 1476 -68 1003 318 -1212 610
475 1471 -68 1005 317 -1214 609
476 1475 -69 1004 319 -1213 612
477 1474 -67 1001 320 -1215 609
478 1472 -69 1002 320 -1211 612
479 1476 -67 1003 315 -1219 608
480 1474 -65 1004 317 -1213 611
481 1473 -66 1003 317 -1214 608
482 1475 -71 1003 324 -1210 608
483 1475 -64 1003 323 -1214 611
484 1471 -70 1002 323 -1213 611
485 1471 -69 1005 322 -1211 611
486 1471 -70 1002 318 -1212 607
487 1476 -67 1004 318 -1215 611
488 1474 -65 1006 316 -1215 611
489 1479 -67 1004 318 -1216 610
490 1478 -68 1002 317 -1214 613
491 1474 -68 1005 317 -1214 610
492 1477 -67 1005 316 -1214 611
493 1478 -66 1005 315 -1216 611
494 1476 -69 1001 319 -1213 612
495 1475 -68 1001 319 -1215 608
496 1476 -70 1003 321 -1210 610
497 1475 -70 1005 320 -1214 612
498 1474 -68 1003 319 -1215 611
499 1476 -72 1002 318 -1216 613
500 1478 -69 1004 318 -1212 613
501 1479 -68 1003 318 -1213 613
502 1478 -67 1002 317 -1215 611
503 1476 -67 1003 318 -1213 608
504 1473 -69 1003 320 -1215 609
505 1472 -67 1006 325 -1211 613
506 1466 -66 1002 320 -1212 607
507 1473 -69 1004 321 -1210 611
508 1471 -69 1001 321 -1213 609
509 1471 -66 1000 319 -1215 610
510 1475 -69 1003 318 -1213 610
511 1477 -69 1001 319 -1216 612
512 1477 -66 1004 320 -1218 611
513 1479 -67 1001 314 -1215 608
514 1476 -69 1002 321 -1216 608
515 1477 -71 1000 321 -1217 613
516 1475 -64 1004 319 -1213 610
517 1472 -67 1004 319 -1213 612
518 1473 -66 1004 316 -1214 612
519 1473 -71 1000 319 -1216 611
520 1477 -66 1002 317 -1213 611
521 1480 -68 1002 321 -1212 611
522 1481 -67 1005 318 -1216 614
523 1479 -70 1003 318 -1212 610
524 1478 -68 1002 319 -1215 610
525 1477 -66 1005 321 -1214 614
526 1476 -69 1001 320 -1212 607
527 1470 -65 1004 323 -1214 608
528 1468 -69 1004 321 -1210 610
529 1471 -70 1004 325 -1209 611
530 1472 -63 1005 321 -1210 615
531 1472 -66 1004 320 -1214 611
532 1475 -67 1004 317 -1217 610
533 1478 -67 1004 317 -1217 612
534 1481 -66 1002 318 -1217 612
535 1481 -72 1005 319 -1215 613
536 1477 -67 1004 322 -1216 612
537 1475 -67 1003 320 -1215 612
538 1470 -70 1003 321 -1211 610
539 1477 -68 1002 318 -1215 611
540 1479 -67 1003 319 -1215 610
541 1474 -69 1002 322 -1213 611
542 1477 -66 1003 319 -1215 614
543 1474 -69 1003 322 -1214 611
544 1476 -70 1001 318 -1217 608
545 1476 -68 1001 316 -1216 608
546 1474 -65 1001 318 -1213 611
547 1474 -68 999 318 -1211 608
548 1473 -73 1002 319 -1214 612
549 1476 -67 1005 319 -1213 609
550 1470 -69 1001 321 -1213 608
551 1472 -67 1004 321 -1215 607
552 1472 -69 1002 322 -1212 610
553 1473 -64 1003 322 -1213 609
554 1476 -68 1004 324 -1211 609
555 1475 -69 1004 317 -1214 607
556 1478 -67 1002 320 -1216 611
557 1478 -69 1004 316 -1216 608
558 1478 -69 1003 318 -1221 611
559 1478 -68 999 314 -1215 612
560 1478 -69 1003 319 -1213 611
561 1481 -70 1003 318 -1214 611
562 1476 -68 1003 318 -1214 611
563 1474 -71 1003 321 -1213 611
564 1472 -71 1003 320 -1214 610
565 1472 -69 1005 320 -1214 609
566 1476 -70 1004 315 -1214 612
567 1476 -70 1006 317 -1212 609
568 1478 -68 999 317 -1214 611
569 1476 -69 1003 316 -1214 609
570 1477 -67 1004 319 -1214 608
571 1472 -72 1000 321 -1214 612
572 1470 -69 999 321 -1211 614
573 1470 -66 1006 322 -1212 609
574 1472 -67 1002 321 -1209 610
575 1471 -68 1005 320 -1216 612
576 1472 -70 1003 322 -1214 611
577 1473 -70 1002 317 -1212 608
578 1481 -69 1003 319 -1215 611
579 1479 -67 1003 315 -1216 610
580 1482 -66 1003 316 -1216 611
581 1482 -70 1002 318 -1214 610
582 1478 -67 1008 319 -1213 611
583 1477 -69 1007 320 -1212 610
584 1473 -69 1001 321 -1212 611
585 1478 -66 1003 318 -1208 614
586 1475 -71 1004 317 -1214 612
587 1477 -69 1003 316 -1211 609
588 1477 -68 1001 317 -1217 610
589 1477 -67 1002 319 -1215 610
590 1474 -70 1001 317 -1211 610
591 1471 -68 1006 318 -1212 613
592 1471 -67 1005 322 -1212 611
593 1472 -67 1004 318 -1210 611
594 1474 -64 1002 318 -1213 610
595 1473 -68 1004 322 -1213 609
596 1474 -69 1005 320 -1214 610
597 1474 -66 1004 320 -1217 610
598 1473 -70 1004 319 -1212 609
599 1475 -70 1002 318 -1215 610
600 1478 -70 1003 316 -1213 612
601 1476 -69 1001 318 -1215 610
602 1477 -69 1002 319 -1216 609
603 1473 -69 1004 321 -1215 612
604 1473 -67 1001 320 -1216 612
605 1474 -65 1003 319 -1217 609
606 1475 -69 999 318 -1215 611
607 1480 -69 1005 314 -1214 614
608 1478 -68 1007 317 -1215 608
609 1479 -72 1004 317 -1216 612
610 1477 -66 1004 318 -1212 612
611 1473 -66 1003 317 -1215 610
612 1474 -67 1007 322 -1212 609
613 1470 -69 1003 322 -1211 611
614 1472 -64 999 320 -1211 608
615 1473 -65 1002 318 -1212 608
616 1474 -69 1002 318 -1214 611
617 1471 -69 1004 318 -1214 610
618 1474 -66 1002 319 -1215 612
619 1472 -67 1004 318 -1215 610
620 1480 -70 1005 317 -1215 610
621 1473 -70 1000 318 -1215 613
622 1474 -69 1002 320 -1216 612
623 1476 -67 1004 318 -1214 610
624 1477 -69 999 319 -1219 611
625 1478 -67 1001 318 -1215 611
626 1478 -68 1003 318 -1216 611
627 1475 -70 1002 316 -1216 609
628 1476 -70 1001 319 -1213 610
629 1475 -68 1002 321 -1214 612
630 1474 -67 1000 319 -1215 609
631 1474 -69 1002 320 -1217 610
632 1475 -68 1001 320 -1218 609
633 1477 -70 1004 319 -1216 611
634 1476 -69 1004 319 -1214 612
635 1476 -72 999 317 -1213 610
636 1474 -68 1001 320 -1217 610
637 1471 -68 1000 323 -1214 609
638 1473 -66 1002 320 -1213 610
639 1473 -66 1005 317 -1214 610
640 1473 -68 1003 319 -1214 609
641 1472 -68 1003 320 -1212 610
642 1473 -70 1005 317 -1213 609
643 1477 -68 1004 319 -1216 611
644 1477 -72 1001 317 -1216 610
645 1474 -69 1003 320 -1216 607
646 1478 -65 1005 318 -1216 610
647 1476 -71 1002 317 -1214 610
648 1474 -68 1004 319 -1214 609
649 1469 -68 1003 323 -1214 610
650 1471 -68 1004 323 -1212 606
651 1470 -70 1003 320 -1213 610
652 1472 -70 1001 314 -1215 610
653 1478 -68 1001 313 -1217 608
654 1480 -69 1000 314 -1219 610
655 1481 -69 998 315 -1217 614
656 1480 -68 1003 317 -1214 609
657 1477 -68 1006 321 -1211 610
658 1471 -70 1000 319 -1213 609
659 1470 -69 1003 317 -1211 610
660 1468 -69 1003 322 -1207 610
661 1468 -66 1006 318 -1207 611
662 1470 -66 1005 323 -1211 609
663 1470 -65 1005 316 -1211 607
664 1477 -71 1000 318 -1215 609
665 1478 -70 1004 317 -1215 613
666 1479 -69 1002 313 -1218 609
667 1480 -70 1004 318 -1212 607
668 1480 -70 1000 318 -1214 611
669 1472 -73 1003 321 -1213 611
670 1470 -64 1002 323 -1212 608
671 1469 -68 999 323 -1212 606
672 1471 -70 1001 320 -1213 611
673 1472 -68 1003 317 -1216 613
674 1477 -70 1006 316 -1217 608
675 1484 -71 1002 314 -1215 607
676 1480 -70 998 316 -1219 611
677 1479 -68 1001 318 -1215 612
678 1476 -69 1005 321 -1212 611
679 1474 -68 1001 318 -1213 609
680 1469 -68 1002 317 -1210 608
681 1469 -69 1002 320 -1210 608
682 1470 -69 1006 317 -1212 609
683 1471 -68 1003 320 -1213 611
684 1475 -71 1003 320 -1213 609
685 1477 -67 1001 319 -1214 612
686 1472 -69 1006 316 -1212 610
687 1478 -67 1004 318 -1214 609
688 1478 -68 1003 319 -1213 613
689 1475 -69 1000 320 -1213 609
690 1474 -65 1003 323 -1211 608
691 1473 -64 1003 320 -1215 608
692 1475 -68 999 317 -1216 609
693 1476 -68 1003 319 -1218 610
694 1479 -67 1004 318 -1212 611
695 1472 -70 1003 322 -1214 609
696 1473 -68 1000 327 -1210 613
697 1474 -66 1001 324 -1214 611
698 1474 -69 1003 320 -1214 612
699 1479 -69 1001 313 -1212 611
700 1481 -70 1001 316 -1212 613
701 1479 -65 1002 320 -1214 613
702 1476 -66 1002 320 -1215 608
703 1471 -67 1003 320 -1215 610
704 1472 -71 1004 319 -1217 609
705 1470 -73 999 320 -1214 608
706 1470 -66 1004 320 -1215 611
707 1472 -66 1004 322 -1212 609
708 1473 -67 1006 320 -1214 610
709 1473 -67 1003 321 -1216 614
710 1475 -65 1002 320 -1216 613
711 1477 -68 1003 321 -1215 612
712 1481 -69 1003 317 -1215 612
713 1482 -70 1002 315 -1215 612
714 1479 -66 1005 319 -1210 614
715 1476 -64 1006 319 -1210 611
716 1471 -72 1002 322 -1214 610
717 1471 -67 1000 324 -1216 610
718 1471 -63 1007 320 -1215 612
719 1472 -67 1005 322 -1210 611
720 1476 -67 1003 314 -1212 613
721 1478 -70 1005 317 -1210 608
722 1479 -66 1002 322 -1215 607
723 1475 -68 997 320 -1217 610
724 1476 -67 1004 319 -1219 612
725 1476 -66 999 317 -1215 609
726 1476 -69 999 318 -1212 610
727 1473 -66 1007 320 -1208 612
728 1472 -65 1008 323 -1211 614
729 1472 -68 1005 326 -1211 608
730 1472 -69 1004 321 -1214 608
731 1475 -64 1007 319 -1215 615
732 1481 -63 1006 316 -1215 611
733 1483 -71 1000 314 -1213 609
734 1481 -70 1000 316 -1216 611
735 1477 -67 1004 322 -1210 610
736 1472 -69 1001 323 -1213 607
737 1472 -69 999 324 -1215 613
738 1475 -66 1005 319 -1212 613
739 1476 -67 1004 315 -1214 612
740 1476 -68 1003 314 -1211 613
741 1478 -67 1006 322 -1215 610
742 1477 -67 1004 323 -1211 610
743 1474 -70 1003 322 -1216 612
744 1473 -68 1006 321 -1215 614
745 1474 -63 1008 318 -1215 612
746 1476 -68 1000 318 -1213 607
747 1473 -69 1001 317 -1212 614
748 1469 -61 1010 321 -1210 612
749 1470 -67 1002 320 -1214 602
750 1473 -71 1001 320 -1216 606
751 1476 -70 1006 322 -1218 613
752 1477 -62 1006 317 -1215 610
753 1479 -68 1003 315 -1216 606
754 1479 -72 998 318 -1211 611
755 1474 -67 1002 321 -1213 616
756 1473 -63 1006 321 -1212 609
757 1473 -70 1001 319 -1216 608
758 1476 -68 1003 317 -1218 613
759 1480 -67 1004 315 -1214 613
760 1481 -68 1002 316 -1213 610
761 1475 -68 1003 315 -1212 607
762 1481 -69 1000 317 -1215 608
763 1472 -70 996 320 -1217 608
764 1469 -67 1003 320 -1214 612
765 1469 -66 1003 323 -1211 613
766 1472 -70 1005 319 -1214 607
767 1476 -72 1000 316 -1214 605
768 1474 -68 1001 318 -1214 610
769 1471 -68 1005 318 -1215 610
770 1474 -70 1001 322 -1214 608
771 1470 -68 999 322 -1214 608
772 1473 -67 1006 317 -1209 613
773 1475 -64 1003 313 -1216 609
774 1479 -68 1002 313 -1215 606
775 1478 -70 1002 320 -1211 611
776 1477 -66 1004 321 -1213 611
777 1475 -64 1002 324 -1214 615
778 1471 -64 1006 320 -1214 612
779 1475 -67 1006 316 -1218 608
780 1482 -68 1002 317 -1212 610
781 1477 -68 1003 320 -1210 617
782 1472 -62 1006 320 -1211 614
783 1475 -69 1006 316 -1214 605
784 1479 -71 994 317 -1218 609
785 1482 -66 1006 318 -1214 616
786 1474 -57 1008 321 -1215 614
787 1479 -69 999 317 -1214 604
788 1477 -72 995 319 -1213 612
789 1475 -62 1011 326 -1210 620
790 1469 -58 1017 325 -1207 612
791 1473 -74 996 319 -1214 600
792 1481 -74 997 316 -1217 614
793 1478 -63 1010 325 -1210 619
794 1470 -57 1011 321 -1209 612
795 1474 -72 1003 317 -1214 603
796 1479 -72 992 319 -1218 615
797 1477 -63 1007 322 -1216 614
798 1475 -65 1008 322 -1214 612
799 1476 -70 1003 320 -1216 609
800 1476 -69 999 320 -1212 611
801 1473 -62 1006 323 -1211 614
802 1473 -66 1006 320 -1210 610
803 1474 -64 1000 318 -1214 611
804 1475 -67 1005 319 -1216 615
805 1481 -62 1005 321 -1220 607
806 1481 -71 1000 319 -1215 608
807 1486 -66 1004 314 -1218 614
808 1482 -62 1010 314 -1218 614
809 1483 -71 1005 320 -1212 606
810 1477 -68 1000 322 -1209 612
811 1470 -66 1006 321 -1213 613
812 1467 -62 1008 322 -1213 608
813 1475 -74 997 322 -1216 604
814 1470 -69 1004 320 -1211 614
815 1472 -61 1010 320 -1213 615
816 1472 -71 1004 320 -1211 606
817 1477 -71 994 318 -1213 611
818 1478 -65 1003 322 -1215 620
819 1479 -60 1011 319 -1213 610
820 1477 -75 996 319 -1214 602
821 1478 -73 996 319 -1219 612
822 1474 -66 1009 321 -1213 614
823 1470 -64 1006 322 -1208 612
824 1471 -71 1000 321 -1211 608
825 1477 -69 1002 320 -1215 616
826 1478 -65 1007 317 -1213 609
827 1480 -69 1001 319 -1217 612
828 1482 -66 1003 320 -1214 611
829 1484 -64 1001 316 -1212 611
830 1478 -67 1003 320 -1217 611
831 1477 -69 1004 319 -1210 610
832 1475 -69 1002 321 -1211 610
833 1473 -66 1005 320 -1211 616
834 1473 -68 1003 324 -1212 611
835 1474 -66 1003 320 -1214 610
836 1477 -64 1008 318 -1212 608
837 1476 -70 1003 322 -1214 610
838 1471 -66 1004 320 -1213 612
839 1475 -68 1004 323 -1209 610
840 1475 -67 1005 319 -1212 613
841 1477 -67 1002 323 -1212 612
842 1478 -68 1005 318 -1211 612
843 1475 -67 1005 325 -1209 608
844 1473 -64 1003 323 -1211 612
845 1473 -67 1004 320 -1210 610
846 1474 -66 1005 321 -1214 613
847 1481 -65 1003 319 -1212 613
848 1479 -65 1003 318 -1214 614
849 1481 -67 1003 317 -1214 613
850 1483 -70 1004 318 -1213 612
851 1484 -67 1002 317 -1215 610
852 1482 -66 1002 321 -1212 613
853 1477 -67 1001 317 -1212 611
854 1474 -67 1005 322 -1212 606
855 1471 -65 1003 323 -1213 614
856 1472 -69 1004 318 -1214 609
857 1473 -66 1005 320 -1212 608
858 1478 -69 1002 318 -1214 609
859 1474 -68 1003 319 -1213 611
860 1478 -67 1002 319 -1213 610
861 1477 -68 1004 318 -1211 611
862 1473 -70 1004 320 -1212 612
863 1476 -70 1002 317 -1215 610
864 1473 -70 1002 317 -1214 609
865 1471 -71 1003 320 -1214 609
866 1474 -67 1003 319 -1212 610
867 1474 -66 1004 320 -1214 609
868 1473 -69 1001 318 -1214 610
869 1475 -67 1006 319 -1214 613
870 1475 -68 1001 315 -1218 610
871 1478 -68 1001 319 -1215 611
872 1479 -68 1002 321 -1215 612
873 1476 -69 1002 317 -1212 610
874 1477 -68 1003 317 -1214 610
875 1474 -65 1002 317 -1213 612
876 1478 -64 1004 320 -1216 612
877 1477 -66 1001 319 -1214 611
878 1473 -69 1004 315 -1216 609
879 1475 -67 999 321 -1213 608
880 1472 -68 1002 319 -1214 609
881 1472 -68 1002 320 -1213 610
882 1474 -69 1002 320 -1215 610
883 1474 -66 1003 320 -1214 611
884 1474 -70 1004 312 -1218 610
885 1474 -71 1000 319 -1213 609
886 1475 -70 1003 322 -1214 614
887 1477 -65 1003 319 -1218 608
888 1473 -66 1002 320 -1215 607
889 1472 -69 1000 319 -1214 608
890 1471 -67 1003 323 -1215 609
891 1478 -70 1003 316 -1213 611
892 1475 -68 1000 319 -1216 611
893 1474 -68 1003 319 -1217 612
894 1478 -72 1005 321 -1214 613
895 1473 -67 1006 319 -1216 606
896 1473 -68 1003 319 -1214 611
897 1475 -68 1003 321 -1213 613
898 1478 -69 1005 318 -1217 610
899 1479 -68 1002 318 -1212 611
900 1474 -68 1000 317 -1216 609
901 1477 -70 1004 319 -1214 610
902 1476 -67 1005 320 -1213 611
903 1473 -69 1000 319 -1215 610
904 1476 -68 1002 318 -1214 610
905 1477 -67 1004 322 -1210 610
906 1476 -69 1003 317 -1217 612
907 1476 -67 999 320 -1216 608
908 1472 -67 1004 319 -1213 610
909 1473 -68 1001 321 -1212 609
910 1473 -68 999 321 -1212 608
911 1472 -69 1004 320 -1216 610
912 1476 -64 1004 319 -1215 611
913 1475 -66 1002 320 -1215 611
914 1476 -67 1003 318 -1216 608
915 1477 -69 1005 320 -1218 612
916 1480 -68 1002 320 -1212 612
917 1476 -66 1006 320 -1213 610
918 1476 -68 1000 320 -1213 613
919 1475 -69 1007 320 -1213 610
920 1473 -67 1005 318 -1211 613
921 1476 -70 1004 321 -1216 611
922 1473 -68 1001 319 -1210 611
923 1477 -65 1001 315 -1214 611
924 1479 -66 1001 317 -1215 612
925 1475 -68 1003 319 -1213 610
926 1476 -67 1004 319 -1210 612
927 1475 -67 1002 318 -1213 611
928 1475 -65 1004 320 -1217 610
929 1474 -69 1006 320 -1214 610
930 1471 -70 1002 322 -1212 614
931 1469 -67 1004 316 -1212 611
932 1474 -68 1003 319 -1213 608
933 1476 -68 1003 318 -1213 614
934 1478 -68 1004 318 -1215 611
935 1481 -67 1004 320 -1218 612
936 1478 -68 1003 321 -1216 610
937 1473 -65 1002 314 -1215 608
938 1474 -67 1004 317 -1214 611
939 1472 -69 1003 320 -1213 609
940 1476 -68 1003 320 -1213 608
941 1473 -66 1007 320 -1212 610
942 1473 -68 1002 317 -1213 611
943 1478 -69 1002 319 -1216 613
944 1476 -63 1003 320 -1214 611
945 1480 -64 1005 316 -1211 612
946 1475 -65 1003 317 -1215 610
947 1474 -65 1004 318 -1213 611
948 1476 -64 1004 319 -1210 610
949 1477 -66 1001 321 -1216 609
950 1472 -67 1003 318 -1212 611
951 1474 -69 1002 318 -1213 611
952 1475 -69 1004 320 -1214 611
953 1474 -73 1002 319 -1214 611
954 1475 -66 1003 319 -1215 613
955 1474 -69 1005 318 -1218 610
956 1477 -64 1004 321 -1212 611
957 1475 -68 1004 318 -1214 613
958 1474 -69 1000 320 -1214 610
959 1478 -67 1000 320 -1213 613
960 1474 -65 1006 320 -1214 611
961 1477 -71 1000 316 -1210 610
962 1478 -67 1001 319 -1215 611
963 1477 -68 1005 315 -1215 615
964 1477 -66 1000 317 -1217 612
965 1480 -66 1001 321 -1213 611
966 1477 -69 1003 316 -1212 609
967 1476 -66 999 325 -1209 612
968 1473 -66 1006 321 -1213 610
969 1474 -64 1004 321 -1212 612
970 1473 -65 1001 320 -1215 609
971 1476 -67 1001 317 -1212 612
972 1476 -67 1004 321 -1212 611
973 1478 -67 1003 320 -1214 614
974 1475 -67 1005 319 -1213 611
975 1474 -70 1002 320 -1218 613
976 1473 -68 1001 320 -1213 613
977 1474 -69 1002 320 -1214 610
978 1477 -64 1004 318 -1215 611
979 1476 -66 1000 321 -1212 610
980 1473 -67 1004 318 -1214 611
981 1473 -63 1004 324 -1212 613
982 1472 -68 1002 318 -1212 611
983 1478 -67 1001 314 -1214 608
984 1480 -66 1001 318 -1213 611
985 1479 -68 1003 318 -1216 611
986 1481 -64 1003 319 -1218 609
987 1480 -65 1001 319 -1215 613
988 1477 -66 1002 322 -1214 611
989 1479 -67 1004 320 -1209 611
990 1476 -66 1004 320 -1212 610
991 1471 -63 1002 319 -1213 609
992 1474 -70 1005 322 -1212 609
993 1478 -67 1000 320 -1213 610
994 1477 -66 1003 316 -1212 615
995 1477 -66 1002 320 -1215 611
996 1477 -69 1003 323 -1213 609
997 1477 -65 1002 319 -1213 613
998 1478 -65 1004 321 -1215 612
999 1476 -64 1003 321 -1216 612
0 8355 -363 -3961 -3453 -4360 5615
1 8355 -363 -3963 -3456 -4361 5615
2 8357 -364 -3961 -3453 -4361 5615
3 8360 -365 -3958 -3457 -4360 5620
4 8356 -365 -3956 -3454 -4358 5623
5 8358 -363 -3954 -3453 -4360 5620
6 8357 -361 -3953 -3459 -4364 5622
7 8362 -360 -3952 -3459 -4363 5624
8 8366 -357 -3951 -3462 -4365 5624
9 8367 -356 -3949 -3457 -4366 5627
10 8366 -356 -3949 -3462 -4370 5627
11 8369 -356 -3948 -3463 -4365 5627
12 8367 -358 -3949 -3463 -4365 5629
13 8373 -352 -3946 -3463 -4370 5632
14 8373 -351 -3945 -3465 -4365 5631
15 8373 -353 -3946 -3468 -4368 5633
16 8372 -354 -3946 -3467 -4369 5633
17 8375 -350 -3944 -3469 -4372 5634
18 8382 -351 -3940 -3469 -4371 5637
19 8382 -348 -3938 -3473 -4374 5636
20 8385 -352 -3940 -3469 -4373 5637
21 8381 -349 -3940 -3468 -4375 5638
22 8380 -347 -3939 -3471 -4372 5642
23 8381 -345 -3936 -3470 -4372 5641
24 8384 -347 -3936 -3473 -4376 5641
25 8384 -348 -3934 -3473 -4374 5640
26 8385 -347 -3933 -3473 -4376 5645
27 8387 -346 -3935 -3474 -4372 5641
28 8390 -343 -3933 -3473 -4374 5643
29 8390 -344 -3933 -3477 -4376 5641
30 8390 -341 -3932 -3474 -4378 5645
31 8387 -345 -3932 -3475 -4376 5646
32 8386 -344 -3929 -3468 -4377 5646
33 8390 -342 -3929 -3476 -4372 5647
34 8388 -344 -3925 -3474 -4373 5646
35 8387 -343 -3927 -3474 -4375 5646
36 8391 -340 -3927 -3473 -4377 5651
37 8394 -341 -3926 -3478 -4377 5648
38 8397 -338 -3928 -3478 -4377 5650
39 8395 -338 -3928 -3478 -4380 5652
40 8398 -340 -3925 -3479 -4377 5653
41 8396 -338 -3926 -3477 -4376 5649
42 8394 -339 -3926 -3480 -4375 5646
43 8393 -336 -3926 -3480 -4376 5650
44 8392 -337 -3923 -3477 -4378 5651
45 8389 -338 -3923 -3478 -4375 5652
46 8392 -339 -3924 -3480 -4377 5649
47 8393 -337 -3927 -3480 -4378 5650
48 8391 -338 -3924 -3477 -4376 5651
49 8397 -338 -3924 -3479 -4376 5654
50 8392 -339 -3929 -3476 -4378 5650
51 8390 -337 -3925 -3477 -4376 5653
52 8392 -336 -3923 -3477 -4377 5650
53 8386 -334 -3924 -3473 -4374 5651
54 8388 -339 -3924 -3473 -4375 5652
55 8383 -336 -3920 -3473 -4373 5655
56 8384 -338 -3921 -3470 -4372 5650
57 8382 -337 -3922 -3473 -4370 5652
58 8382 -341 -3924 -3471 -4372 5652
59 8384 -336 -3925 -3471 -4373 5652
60 8383 -336 -3922 -3473 -4372 5650
61 8386 -338 -3925 -3475 -4371 5651
62 8385 -337 -3927 -3472 -4372 5651
63 8382 -341 -3927 -3469 -4370 5649
64 8378 -338 -3923 -3468 -4368 5648
65 8377 -340 -3928 -3468 -4368 5649
66 8374 -341 -3926 -3468 -4365 5647
67 8373 -339 -3927 -3468 -4366 5648
68 8374 -341 -3926 -3465 -4366 5646
69 8372 -341 -3929 -3461 -4366 5647
70 8371 -344 -3929 -3462 -4365 5646
71 8369 -341 -3932 -3461 -4364 5646
72 8369 -343 -3930 -3462 -4364 5644
73 8368 -344 -3933 -3460 -4363 5640
74 8364 -344 -3934 -3459 -4362 5643
75 8363 -343 -3932 -3456 -4362 5640
76 8360 -345 -3936 -3456 -4360 5644
77 8354 -347 -3937 -3453 -4359 5641
78 8355 -343 -3936 -3454 -4356 5638
79 8346 -345 -3937 -3448 -4356 5636
80 8347 -349 -3939 -3450 -4356 5634
81 8344 -351 -3939 -3449 -4354 5634
82 8347 -352 -3941 -3451 -4358 5632
83 8346 -350 -3945 -3446 -4356 5637
84 8345 -352 -3945 -3446 -4352 5632
85 8347 -351 -3945 -3446 -4351 5630
86 8342 -351 -3944 -3444 -4348 5629
87 8338 -355 -3947 -3442 -4352 5625
88 8331 -358 -3948 -3438 -4347 5623
89 8326 -358 -3949 -3433 -4347 5623
90 8326 -355 -3952 -3436 -4347 5623
91 8324 -360 -3951 -3435 -4344 5622
92 8323 -357 -3956 -3433 -4343 5622
93 8321 -362 -3955 -3433 -4345 5620
94 8318 -364 -3960 -3428 -4336 5616
95 8314 -362 -3963 -3428 -4342 5617
96 8311 -364 -3960 -3425 -4337 5616
97 8311 -367 -3963 -3424 -4332 5615
98 8306 -366 -3962 -3418 -4335 5610
99 8301 -364 -3964 -3416 -4330 5609
100 8300 -370 -3965 -3416 -4330 5610
101 8293 -367 -3969 -3410 -4327 5610
102 8290 -369 -3968 -3408 -4325 5608
103 8283 -374 -3973 -3408 -4326 5603
104 8287 -372 -3974 -3410 -4325 5601
105 8288 -375 -3976 -3412 -4326 5601
106 8288 -376 -3982 -3409 -4324 5597
107 8282 -375 -3982 -3406 -4321 5592
108 8280 -379 -3982 -3404 -4323 5594
109 8274 -381 -3981 -3398 -4320 5589
110 8265 -380 -3986 -3397 -4314 5587
111 8262 -386 -3988 -3393 -4315 5586
112 8259 -385 -3989 -3391 -4313 5584
113 8256 -389 -3993 -3391 -4313 5580
114 8256 -388 -3997 -3389 -4314 5582
115 8252 -393 -4000 -3387 -4311 5578
116 8252 -392 -3998 -3386 -4309 5577
117 8246 -391 -4002 -3386 -4310 5571
118 8241 -398 -4007 -3382 -4304 5576
119 8239 -398 -4006 -3381 -4303 5571
120 8234 -399 -4008 -3377 -4303 5569
121 8231 -400 -4012 -3375 -4298 5567
122 8226 -404 -4012 -3372 -4295 5561
123 8221 -406 -4016 -3368 -4297 5562
124 8222 -407 -4017 -3366 -4293 5560
125 8214 -409 -4018 -3363 -4295 5560
126 8214 -407 -4023 -3361 -4292 5556
127 8212 -411 -4021 -3360 -4293 5554
128 8211 -411 -4027 -3357 -4289 5550
129 8209 -415 -4031 -3355 -4292 5547
130 8204 -417 -4033 -3355 -4286 5548
131 8200 -419 -4032 -3350 -4288 5545
132 8197 -418 -4040 -3347 -4283 5544
133 8191 -421 -4037 -3347 -4282 5540
134 8189 -425 -4043 -3341 -4277 5537
135 8180 -426 -4042 -3339 -4270 5540
136 8180 -429 -4048 -3337 -4274 5531
137 8177 -426 -4047 -3336 -4271 5532
138 8174 -431 -4052 -3333 -4272 5530
139 8170 -435 -4056 -3333 -4270 5525
140 8166 -435 -4058 -3329 -4269 5527
141 8164 -432 -4055 -3328 -4267 5525
142 8164 -437 -4059 -3327 -4267 5518
143 8157 -439 -4064 -3324 -4263 5520
144 8154 -438 -4065 -3320 -4262 5519
145 8147 -442 -4065 -3316 -4258 5514
146 8137 -444 -4068 -3314 -4256 5512
147 8138 -443 -4073 -3311 -4254 5509
148 8136 -444 -4072 -3313 -4254 5509
149 8135 -447 -4076 -3309 -4256 5506
150 8134 -450 -4076 -3311 -4254 5505
151 8132 -451 -4078 -3309 -4255 5500
152 8126 -455 -4082 -3304 -4250 5498
153 8126 -456 -4084 -3300 -4247 5499
154 8119 -459 -4086 -3297 -4248 5495
155 8113 -457 -4086 -3296 -4245 5494
156 8109 -461 -4093 -3293 -4240 5490
157 8104 -460 -4095 -3292 -4242 5487
158 8104 -465 -4093 -3291 -4238 5487
159 8099 -468 -4094 -3288 -4238 5484
160 8099 -465 -4097 -3288 -4238 5484
161 8098 -470 -4100 -3284 -4236 5481
162 8098 -468 -4104 -3284 -4234 5480
163 8088 -469 -4106 -3282 -4229 5477
164 8087 -469 -4107 -3277 -4231 5475
165 8082 -472 -4109 -3271 -4228 5474
166 8077 -473 -4109 -3271 -4226 5473
167 8075 -474 -4110 -3272 -4223 5467
168 8068 -477 -4112 -3264 -4226 5467
169 8070 -478 -4115 -3267 -4222 5466
170 8068 -481 -4115 -3265 -4225 5464
171 8067 -480 -4117 -3266 -4225 5462
172 8063 -480 -4123 -3267 -4224 5460
173 8062 -482 -4120 -3259 -4222 5460
174 8058 -483 -4125 -3256 -4220 5458
175 8053 -485 -4125 -3255 -4218 5454
176 8048 -487 -4127 -3252 -4214 5456
177 8043 -488 -4127 -3250 -4212 5452
178 8041 -485 -4129 -3250 -4213 5453
179 8040 -489 -4127 -3249 -4210 5453
180 8039 -487 -4131 -3248 -4210 5447
181 8038 -489 -4133 -3248 -4206 5450
182 8035 -491 -4135 -3246 -4210 5449
183 8031 -493 -4136 -3245 -4210 5445
184 8029 -492 -4140 -3244 -4205 5446
185 8028 -494 -4140 -3240 -4203 5444
186 8020 -499 -4141 -3238 -4202 5440
187 8019 -498 -4141 -3236 -4197 5440
188 8016 -502 -4140 -3236 -4197 5440
189 8012 -498 -4143 -3232 -4200 5440
190 8012 -496 -4143 -3231 -4198 5439
191 8011 -501 -4145 -3230 -4197 5438
192 8008 -498 -4146 -3226 -4196 5437
193 8009 -499 -4145 -3227 -4194 5439
194 8005 -500 -4147 -3223 -4192 5435
195 8000 -502 -4148 -3223 -4191 5437
196 8002 -499 -4148 -3222 -4190 5435
197 7995 -501 -4151 -3222 -4188 5433
198 7997 -504 -4150 -3220 -4187 5433
199 7995 -503 -4149 -3216 -4189 5433
200 7993 -502 -4151 -3218 -4189 5436
201 7992 -500 -4149 -3216 -4184 5429
202 7985 -505 -4152 -3213 -4181 5434
203 7985 -505 -4150 -3214 -4183 5431
204 7982 -504 -4151 -3214 -4181 5431
205 7982 -505 -4154 -3211 -4181 5429
206 7981 -505 -4155 -3212 -4185 5429
207 7981 -508 -4154 -3211 -4181 5430
208 7978 -505 -4155 -3210 -4181 5428
209 7979 -505 -4155 -3207 -4179 5429
210 7974 -506 -4152 -3209 -4178 5429
211 7971 -506 -4156 -3203 -4174 5428
212 7967 -504 -4156 -3204 -4176 5431
213 7966 -507 -4153 -3203 -4175 5430
214 7964 -502 -4152 -3200 -4171 5429
215 7964 -503 -4154 -3206 -4173 5429
216 7965 -506 -4155 -3204 -4170 5429
217 7969 -506 -4152 -3202 -4175 5429
218 7966 -503 -4156 -3202 -4171 5433
219 7963 -504 -4154 -3197 -4168 5428
220 7959 -503 -4154 -3197 -4165 5431
221 7955 -504 -4153 -3196 -4166 5431
222 7954 -502 -4157 -3196 -4165 5434
223 7949 -506 -4154 -3195 -4164 5432
224 7949 -503 -4152 -3195 -4165 5429
225 7952 -500 -4150 -3194 -4160 5437
226 7951 -503 -4150 -3195 -4162 5434
227 7949 -498 -4149 -3194 -4166 5436
228 7953 -503 -4151 -3193 -4163 5435
229 7951 -502 -4153 -3194 -4164 5435
230 7947 -499 -4150 -3192 -4158 5436
231 7940 -498 -4146 -3191 -4157 5436
232 7938 -501 -4145 -3187 -4160 5436
233 7936 -496 -4147 -3187 -4156 5437
234 7936 -497 -4144 -3186 -4156 5438
235 7937 -494 -4144 -3184 -4156 5441
236 7940 -494 -4143 -3184 -4156 5440
237 7939 -495 -4141 -3189 -4158 5441
238 7940 -497 -4140 -3187 -4159 5442
239 7937 -491 -4143 -3184 -4156 5444
240 7936 -495 -4142 -3184 -4156 5444
241 7932 -490 -4140 -3183 -4156 5447
242 7934 -488 -4138 -3182 -4153 5449
243 7932 -490 -4139 -3184 -4152 5444
244 7932 -489 -4137 -3184 -4155 5450
245 7928 -489 -4138 -3185 -4155 5446
246 7929 -485 -4137 -3183 -4154 5448
247 7926 -485 -4134 -3179 -4155 5452
248 7927 -484 -4134 -3179 -4150 5453
249 7922 -484 -4132 -3183 -4151 5454
250 7925 -481 -4130 -3181 -4149 5457
251 7920 -480 -4130 -3183 -4148 5456
252 7920 -480 -4127 -3182 -4148 5460
253 7923 -479 -4126 -3180 -4148 5459
254 7921 -476 -4124 -3177 -4145 5461
255 7922 -473 -4123 -3177 -4145 5463
256 7921 -474 -4120 -3176 -4144 5463
257 7920 -471 -4120 -3174 -4143 5467
258 7919 -469 -4118 -3176 -4142 5468
259 7918 -473 -4115 -3175 -4144 5467
260 7916 -467 -4118 -3172 -4143 5471
261 7914 -467 -4111 -3173 -4138 5472
262 7915 -465 -4112 -3177 -4141 5472
263 7915 -468 -4111 -3176 -4141 5473
264 7915 -464 -4110 -3177 -4141 5476
265 7914 -463 -4109 -3173 -4142 5476
266 7911 -461 -4106 -3173 -4139 5477
267 7908 -462 -4107 -3172 -4135 5476
268 7905 -461 -4101 -3169 -4136 5483
269 7904 -457 -4102 -3169 -4136 5484
270 7903 -453 -4097 -3168 -4134 5484
271 7903 -455 -4097 -3172 -4135 5485
272 7903 -453 -4095 -3169 -4134 5488
273 7903 -449 -4094 -3169 -4135 5487
274 7910 -447 -4091 -3169 -4138 5491
275 7906 -452 -4094 -3171 -4134 5492
276 7902 -445 -4093 -3169 -4134 5490
277 7900 -446 -4088 -3164 -4131 5492
278 7894 -446 -4087 -3162 -4128 5497
279 7889 -447 -4083 -3163 -4127 5496
280 7891 -444 -4083 -3163 -4125 5498
281 7892 -440 -4080 -3166 -4127 5501
282 7896 -436 -4081 -3166 -4128 5504
283 7898 -438 -4078 -3166 -4125 5504
284 7896 -440 -4075 -3164 -4127 5503
285 7897 -440 -4079 -3158 -4121 5504
286 7891 -436 -4076 -3161 -4124 5508
287 7889 -433 -4073 -3161 -4121 5507
288 7884 -432 -4068 -3158 -4120 5508
289 7882 -430 -4067 -3156 -4118 5510
290 7880 -428 -4070 -3153 -4114 5514
291 7884 -428 -4069 -3155 -4120 5511
292 7881 -429 -4067 -3154 -4118 5518
293 7880 -427 -4064 -3154 -4116 5518
294 7879 -424 -4064 -3152 -4117 5517
295 7878 -426 -4060 -3154 -4116 5521
296 7875 -422 -4057 -3152 -4116 5519
297 7871 -421 -4058 -3147 -4111 5518
298 7869 -421 -4058 -3154 -4112 5520
299 7866 -422 -4056 -3151 -4111 5525
300 7868 -417 -4054 -3148 -4107 5522
301 7867 -419 -4056 -3149 -4110 5524
302 7870 -417 -4055 -3148 -4108 5527
303 7866 -415 -4051 -3146 -4107 5526
304 7868 -415 -4051 -3144 -4107 5531
305 7861 -414 -4049 -3144 -4105 5526
306 7858 -415 -4047 -3145 -4104 5528
307 7858 -413 -4049 -3146 -4102 5532
308 7856 -414 -4048 -3143 -4104 5530
309 7854 -415 -4049 -3141 -4104 5531
310 7853 -412 -4048 -3138 -4100 5532
311 7849 -411 -4045 -3140 -4098 5534
312 7848 -410 -4044 -3138 -4095 5534
313 7844 -408 -4046 -3136 -4096 5537
314 7840 -409 -4041 -3134 -4093 5536
315 7839 -407 -4042 -3134 -4092 5536
316 7833 -409 -4042 -3135 -4092 5537
317 7834 -405 -4040 -3129 -4090 5535
318 7835 -405 -4042 -3132 -4090 5539
319 7834 -402 -4038 -3134 -4090 5538
320 7830 -407 -4040 -3132 -4090 5538
321 7828 -406 -4040 -3130 -4084 5538
322 7828 -406 -4040 -3128 -4090 5540
323 7826 -403 -4038 -3122 -4081 5541
324 7818 -403 -4038 -3123 -4082 5541
325 7819 -403 -4037 -3120 -4082 5539
326 7818 -401 -4034 -3122 -4081 5542
327 7816 -402 -4035 -3119 -4080 5541
328 7816 -402 -4037 -3117 -4081 5538
329 7810 -404 -4036 -3117 -4077 5542
330 7813 -403 -4036 -3117 -4077 5542
331 7807 -399 -4034 -3112 -4074 5539
332 7804 -400 -4034 -3112 -4072 5542
333 7798 -402 -4037 -3110 -4071 5542
334 7791 -401 -4036 -3108 -4064 5542
335 7789 -400 -4034 -3106 -4067 5541
336 7788 -403 -4040 -3108 -4066 5544
337 7788 -400 -4038 -3105 -4067 5539
338 7789 -403 -4037 -3105 -4064 5542
339 7788 -400 -4038 -3101 -4066 5543
340 7782 -405 -4038 -3099 -4059 5545
341 7778 -398 -4038 -3097 -4058 5542
342 7776 -398 -4035 -3096 -4057 5539
343 7769 -403 -4038 -3092 -4056 5540
344 7768 -397 -4038 -3090 -4056 5540
345 7767 -402 -4035 -3089 -4052 5539
346 7767 -402 -4039 -3087 -4051 5540
347 7760 -402 -4037 -3087 -4048 5539
348 7760 -401 -4038 -3082 -4050 5537
349 7759 -401 -4039 -3083 -4048 5540
350 7755 -401 -4041 -3082 -4048 5543
351 7753 -403 -4043 -3077 -4044 5536
352 7750 -399 -4040 -3074 -4045 5536
353 7744 -403 -4039 -3075 -4044 5537
354 7736 -405 -4043 -3069 -4037 5534
355 7734 -403 -4045 -3067 -4031 5532
356 7730 -404 -4046 -3068 -4040 5534
357 7725 -404 -4045 -3067 -4036 5530
358 7729 -407 -4047 -3067 -4034 5532
359 7725 -408 -4048 -3066 -4028 5532
360 7724 -406 -4050 -3061 -4030 5531
361 7718 -409 -4052 -3059 -4030 5528
362 7711 -408 -4053 -3055 -4028 5531
363 7712 -408 -4052 -3053 -4025 5525
364 7706 -410 -4053 -3051 -4022 5527
365 7700 -408 -4053 -3048 -4020 5525
366 7696 -411 -4053 -3045 -4019 5522
367 7694 -413 -4056 -3042 -4014 5523
368 7693 -415 -4058 -3039 -4015 5524
369 7692 -412 -4057 -3041 -4020 5519
370 7691 -411 -4059 -3036 -4013 5521
371 7686 -415 -4058 -3036 -4009 5520
372 7681 -415 -4062 -3032 -4009 5518
373 7675 -416 -4060 -3029 -4009 5514
374 7673 -416 -4062 -3028 -4004 5514
375 7669 -419 -4065 -3025 -4000 5512
376 7664 -417 -4065 -3023 -4001 5513
377 7661 -419 -4069 -3022 -3999 5509
378 7652 -421 -4071 -3016 -3996 5511
379 7652 -420 -4073 -3014 -3995 5507
380 7650 -425 -4071 -3012 -3995 5506
381 7648 -422 -4076 -3014 -3993 5502
382 7643 -428 -4077 -3013 -3993 5501
383 7644 -426 -4076 -3009 -3993 5499
384 7638 -427 -4081 -3002 -3989 5498
385 7632 -428 -4082 -3005 -3983 5499
386 7626 -431 -4083 -3000 -3984 5493
387 7620 -429 -4086 -2999 -3979 5493
388 7617 -432 -4087 -2993 -3979 5488
389 7611 -434 -4093 -2994 -3979 5488
390 7608 -435 -4091 -2989 -3974 5486
391 7608 -434 -4094 -2986 -3976 5483
392 7605 -440 -4095 -2987 -3970 5484
393 7602 -442 -4096 -2985 -3969 5483
394 7600 -443 -4102 -2983 -3968 5480
395 7594 -445 -4103 -2981 -3969 5478
396 7592 -444 -4103 -2979 -3964 5478
397 7585 -444 -4105 -2972 -3961 5476
398 7582 -448 -4107 -2972 -3960 5472
399 7572 -450 -4110 -2971 -3958 5469
400 7570 -454 -4109 -2967 -3955 5470
401 7565 -454 -4111 -2963 -3951 5468
402 7568 -453 -4114 -2963 -3952 5465
403 7564 -455 -4114 -2963 -3956 5468
404 7566 -456 -4118 -2961 -3955 5460
405 7563 -459 -4119 -2958 -3949 5462
406 7558 -458 -4123 -2955 -3946 5456
407 7550 -460 -4125 -2954 -3946 5456
408 7542 -464 -4126 -2945 -3943 5454
409 7537 -466 -4126 -2939 -3936 5452
410 7533 -465 -4127 -2941 -3935 5448
411 7530 -464 -4133 -2942 -3938 5448
412 7529 -467 -4134 -2939 -3937 5446
413 7531 -469 -4132 -2939 -3938 5446
414 7526 -473 -4139 -2940 -3938 5439
415 7525 -470 -4140 -2935 -3932 5443
416 7521 -471 -4137 -2933 -3929 5441
417 7517 -476 -4142 -2928 -3928 5438
418 7512 -473 -4141 -2928 -3923 5436
419 7507 -478 -4146 -2924 -3925 5434
420 7503 -478 -4149 -2923 -3922 5433
421 7500 -477 -4149 -2919 -3921 5431
422 7498 -479 -4153 -2920 -3922 5430
423 7497 -480 -4152 -2918 -3918 5428
424 7496 -484 -4156 -2919 -3920 5427
425 7495 -482 -4155 -2914 -3919 5427
426 7492 -488 -4155 -2913 -3917 5422
427 7489 -485 -4158 -2908 -3914 5423
428 7483 -486 -4160 -2908 -3913 5420
429 7476 -488 -4161 -2902 -3910 5421
430 7476 -489 -4163 -2902 -3913 5416
431 7470 -489 -4163 -2900 -3909 5415
432 7465 -489 -4165 -2899 -3908 5414
433 7463 -495 -4169 -2896 -3907 5413
434 7464 -491 -4168 -2900 -3902 5414
435 7460 -492 -4174 -2897 -3905 5409
436 7460 -496 -4174 -2896 -3905 5410
437 7458 -499 -4175 -2894 -3902 5411
438 7457 -498 -4171 -2891 -3900 5408
439 7454 -499 -4177 -2893 -3898 5405
440 7452 -498 -4178 -2890 -3898 5405
441 7445 -501 -4178 -2887 -3896 5408
442 7444 -501 -4179 -2884 -3896 5403
443 7444 -501 -4182 -2884 -3895 5401
444 7437 -503 -4180 -2882 -3894 5397
445 7437 -501 -4181 -2880 -3891 5401
446 7432 -500 -4184 -2879 -3893 5402
447 7431 -504 -4185 -2878 -3893 5398
448 7428 -504 -4185 -2874 -3894 5397
449 7432 -505 -4186 -2876 -3890 5396
450 7431 -504 -4188 -2874 -3890 5398
451 7430 -508 -4188 -2872 -3886 5396
452 7424 -507 -4188 -2872 -3884 5394
453 7417 -507 -4188 -2866 -3886 5396
454 7410 -505 -4191 -2867 -3881 5397
455 7409 -509 -4188 -2864 -3880 5394
456 7412 -509 -4191 -2862 -3879 5394
457 7412 -508 -4191 -2865 -3880 5392
458 7417 -505 -4191 -2866 -3883 5395
459 7415 -509 -4189 -2868 -3882 5394
460 7416 -510 -4193 -2862 -3882 5391
461 7414 -512 -4193 -2862 -3880 5390
462 7408 -507 -4190 -2861 -3878 5393
463 7404 -507 -4189 -2856 -3877 5392
464 7401 -509 -4191 -2857 -3876 5390
465 7401 -509 -4190 -2857 -3877 5394
466 7395 -507 -4191 -2855 -3874 5390
467 7399 -506 -4188 -2853 -3875 5389
468 7396 -506 -4189 -2855 -3874 5392
469 7399 -508 -4192 -2857 -3876 5397
470 7399 -509 -4195 -2855 -3876 5391
471 7399 -508 -4189 -2856 -3871 5393
472 7392 -507 -4191 -2855 -3869 5394
473 7394 -504 -4193 -2855 -3871 5395
474 7391 -502 -4190 -2850 -3869 5392
475 7386 -506 -4189 -2852 -3868 5395
476 7383 -509 -4190 -2850 -3866 5392
477 7384 -508 -4186 -2851 -3864 5392
478 7388 -505 -4187 -2854 -3866 5394
479 7386 -507 -4192 -2855 -3869 5392
480 7389 -505 -4186 -2855 -3871 5395
481 7386 -506 -4187 -2854 -3870 5396
482 7384 -502 -4187 -2850 -3866 5397
483 7384 -505 -4186 -2853 -3867 5400
484 7382 -501 -4184 -2851 -3866 5396
485 7386 -501 -4181 -2850 -3863 5402
486 7385 -500 -4182 -2850 -3861 5399
487 7385 -498 -4181 -2846 -3862 5401
488 7382 -497 -4179 -2847 -3860 5405
489 7379 -498 -4179 -2848 -3859 5404
490 7380 -498 -4177 -2848 -3860 5403
491 7383 -496 -4176 -2848 -3862 5404
492 7382 -493 -4176 -2848 -3862 5407
493 7383 -490 -4173 -2848 -3863 5409
494 7384 -490 -4172 -2851 -3862 5409
495 7386 -490 -4169 -2853 -3864 5412
496 7384 -490 -4170 -2855 -3862 5415
497 7382 -488 -4168 -2847 -3862 5416
498 7381 -487 -4167 -2849 -3862 5416
499 7379 -486 -4164 -2849 -3858 5416
500 7380 -484 -4162 -2848 -3858 5417
501 7379 -483 -4162 -2849 -3861 5420
502 7382 -481 -4161 -2851 -3864 5420
503 7387 -482 -4160 -2854 -3863 5421
504 7386 -478 -4158 -2853 -3864 5422
505 7387 -479 -4154 -2850 -3864 5423
506 7387 -476 -4154 -2854 -3861 5429
507 7386 -477 -4153 -2853 -3861 5434
508 7384 -473 -4150 -2854 -3863 5435
509 7387 -475 -4147 -2853 -3861 5434
510 7389 -470 -4145 -2852 -3864 5437
511 7390 -468 -4142 -2854 -3863 5438
512 7387 -465 -4145 -2854 -3863 5438
513 7393 -466 -4139 -2854 -3865 5442
514 7394 -463 -4137 -2856 -3862 5446
515 7390 -461 -4136 -2857 -3864 5447
516 7392 -460 -4132 -2855 -3861 5448
517 7396 -459 -4133 -2859 -3863 5452
518 7397 -455 -4130 -2860 -3868 5454
519 7398 -457 -4126 -2860 -3865 5457
520 7397 -453 -4124 -2861 -3865 5456
521 7395 -450 -4121 -2860 -3868 5459
522 7393 -449 -4121 -2859 -3863 5462
523 7396 -449 -4119 -2861 -3865 5463
524 7396 -446 -4116 -2860 -3869 5462
525 7396 -440 -4114 -2864 -3868 5469
526 7403 -443 -4110 -2867 -3867 5473
527 7406 -438 -4108 -2864 -3869 5475
528 7412 -438 -4108 -2867 -3866 5478
529 7408 -437 -4102 -2868 -3870 5479
530 7411 -434 -4101 -2868 -3867 5481
531 7415 -433 -4100 -2868 -3868 5485
532 7410 -430 -4094 -2870 -3869 5484
533 7408 -429 -4093 -2871 -3869 5485
534 7412 -422 -4088 -2870 -3866 5489
535 7414 -423 -4089 -2871 -3871 5493
536 7414 -424 -4088 -2873 -3869 5495
537 7418 -422 -4084 -2876 -3873 5498
538 7419 -417 -4081 -2878 -3870 5499
539 7422 -415 -4077 -2877 -3874 5500
540 7425 -413 -4075 -2883 -3875 5504
541 7424 -413 -4074 -2875 -3876 5506
542 7425 -408 -4069 -2880 -3876 5508
543 7421 -409 -4071 -2878 -3877 5515
544 7421 -406 -4067 -2876 -3877 5512
545 7422 -403 -4066 -2881 -3875 5516
546 7430 -403 -4060 -2882 -3875 5520
547 7432 -400 -4057 -2886 -3877 5523
548 7434 -399 -4056 -2889 -3877 5524
549 7435 -397 -4054 -2889 -3879 5523
550 7436 -394 -4051 -2890 -3877 5528
551 7437 -391 -4045 -2886 -3880 5534
552 7438 -388 -4048 -2888 -3879 5534
553 7441 -388 -4044 -2890 -3880 5534
554 7441 -385 -4040 -2891 -3883 5535
555 7440 -387 -4040 -2891 -3884 5538
556 7443 -385 -4033 -2894 -3881 5540
557 7440 -381 -4037 -2894 -3882 5544
558 7443 -378 -4031 -2894 -3879 5551
559 7447 -375 -4029 -2896 -3884 5549
560 7451 -376 -4025 -2896 -3884 5552
561 7456 -373 -4024 -2902 -3882 5554
562 7456 -371 -4021 -2897 -3886 5556
563 7459 -367 -4022 -2903 -3886 5562
564 7460 -367 -4018 -2903 -3888 5564
565 7460 -368 -4013 -2904 -3883 5565
566 7456 -364 -4011 -2901 -3885 5563
567 7453 -361 -4010 -2901 -3886 5566
568 7457 -360 -4007 -2902 -3887 5570
569 7460 -359 -4005 -2905 -3889 5571
570 7466 -358 -4000 -2909 -3888 5569
571 7466 -356 -4003 -2910 -3887 5576
572 7472 -354 -4001 -2910 -3890 5576
573 7470 -349 -3999 -2911 -3893 5580
574 7473 -349 -3998 -2911 -3891 5582
575 7472 -348 -3992 -2911 -3890 5582
576 7471 -346 -3990 -2914 -3891 5586
577 7473 -347 -3988 -2915 -3891 5586
578 7476 -345 -3987 -2917 -3892 5588
579 7477 -340 -3986 -2914 -3895 5589
580 7474 -343 -3980 -2915 -3892 5591
581 7475 -341 -3981 -2918 -3898 5593
582 7482 -341 -3981 -2919 -3896 5592
583 7486 -339 -3979 -2925 -3899 5595
584 7486 -341 -3979 -2928 -3900 5599
585 7488 -339 -3979 -2925 -3898 5596
586 7496 -335 -3974 -2925 -3900 5602
587 7488 -331 -3971 -2925 -3899 5604
588 7488 -330 -3973 -2924 -3896 5601
589 7485 -332 -3970 -2922 -3897 5601
590 7484 -330 -3968 -2922 -3899 5603
591 7488 -329 -3966 -2927 -3899 5607
592 7493 -329 -3960 -2927 -3902 5609
593 7501 -325 -3963 -2930 -3904 5609
594 7499 -325 -3962 -2934 -3903 5613
595 7505 -325 -3960 -2935 -3906 5615
596 7504 -324 -3961 -2934 -3906 5615
597 7503 -324 -3958 -2932 -3907 5613
598 7501 -325 -3957 -2934 -3900 5617
599 7502 -321 -3957 -2933 -3905 5616
600 7499 -324 -3954 -2932 -3903 5616
601 7501 -321 -3954 -2936 -3905 5615
602 7505 -322 -3952 -2936 -3905 5618
603 7507 -321 -3955 -2940 -3906 5618
604 7506 -320 -3955 -2938 -3907 5618
605 7517 -318 -3950 -2940 -3911 5620
606 7516 -316 -3951 -2943 -3911 5621
607 7516 -316 -3951 -2942 -3911 5623
608 7516 -317 -3946 -2941 -3910 5622
609 7514 -315 -3948 -2941 -3910 5622
610 7514 -316 -3951 -2939 -3907 5624
611 7511 -313 -3950 -2941 -3907 5623
612 7509 -315 -3944 -2943 -3910 5625
613 7514 -316 -3946 -2944 -3913 5627
614 7519 -315 -3946 -2944 -3916 5623
615 7522 -316 -3948 -2947 -3915 5626
616 7525 -313 -3947 -2946 -3915 5628
617 7524 -314 -3944 -2948 -3917 5629
618 7524 -315 -3946 -2948 -3918 5626
619 7521 -314 -3944 -2945 -3916 5626
620 7526 -313 -3946 -2948 -3916 5629
621 7521 -315 -3944 -2950 -3918 5625
622 7524 -314 -3944 -2946 -3919 5627
623 7527 -313 -3942 -2951 -3917 5627
624 7526 -314 -3947 -2952 -3920 5627
625 7527 -310 -3944 -2954 -3919 5628
626 7533 -314 -3946 -2953 -3922 5628
627 7534 -312 -3945 -2954 -3922 5627
628 7535 -310 -3943 -2953 -3922 5628
629 7537 -313 -3945 -2954 -3924 5626
630 7535 -316 -3946 -2957 -3919 5625
631 7535 -315 -3946 -2952 -3924 5627
632 7532 -315 -3944 -2951 -3919 5626
633 7533 -314 -3945 -2951 -3922 5624
634 7532 -316 -3946 -2953 -3924 5624
635 7534 -317 -3948 -2953 -3922 5627
636 7537 -316 -3949 -2954 -3925 5625
637 7536 -318 -3949 -2957 -3927 5625
638 7543 -319 -3951 -2957 -3929 5623
639 7544 -319 -3948 -2954 -3929 5624
640 7543 -318 -3950 -2956 -3926 5624
641 7544 -321 -3953 -2957 -3927 5620
642 7540 -318 -3953 -2953 -3925 5622
643 7541 -322 -3954 -2956 -3927 5618
644 7539 -323 -3956 -2956 -3928 5618
645 7540 -326 -3954 -2954 -3928 5618
646 7543 -325 -3956 -2956 -3929 5620
647 7547 -325 -3958 -2957 -3929 5615
648 7549 -324 -3961 -2961 -3931 5615
649 7549 -328 -3960 -2961 -3931 5616
650 7551 -328 -3961 -2962 -3931 5613
651 7547 -328 -3963 -2961 -3932 5611
652 7546 -330 -3962 -2958 -3930 5609
653 7542 -331 -3963 -2958 -3927 5606
654 7542 -332 -3967 -2956 -3932 5606
655 7547 -336 -3967 -2960 -3930 5607
656 7547 -333 -3966 -2960 -3930 5604
657 7544 -335 -3972 -2959 -3934 5601
658 7547 -335 -3972 -2962 -3932 5606
659 7546 -334 -3972 -2960 -3934 5601
660 7550 -335 -3977 -2963 -3936 5600
661 7556 -339 -3977 -2962 -3937 5598
662 7556 -337 -3978 -2962 -3935 5596
663 7552 -342 -3982 -2960 -3932 5598
664 7552 -344 -3978 -2960 -3932 5595
665 7547 -341 -3979 -2958 -3931 5592
666 7549 -346 -3982 -2960 -3934 5590
667 7550 -347 -3980 -2960 -3935 5588
668 7550 -349 -3985 -2960 -3934 5592
669 7554 -349 -3988 -2962 -3935 5590
670 7556 -348 -3991 -2963 -3937 5586
671 7557 -353 -3995 -2964 -3939 5583
672 7554 -354 -3995 -2960 -3941 5584
673 7559 -354 -3993 -2959 -3938 5581
674 7551 -356 -3996 -2961 -3936 5580
675 7552 -355 -3997 -2957 -3937 5576
676 7553 -356 -4001 -2958 -3935 5578
677 7554 -360 -4000 -2961 -3936 5576
678 7554 -363 -4002 -2959 -3937 5570
679 7550 -364 -4005 -2961 -3938 5570
680 7556 -364 -4005 -2960 -3939 5568
681 7557 -368 -4009 -2960 -3943 5568
682 7557 -365 -4007 -2963 -3942 5565
683 7560 -370 -4014 -2962 -3941 5568
684 7556 -369 -4010 -2960 -3941 5564
685 7557 -372 -4014 -2962 -3941 5562
686 7553 -373 -4018 -2962 -3939 5563
687 7559 -374 -4017 -2959 -3943 5559
688 7557 -374 -4017 -2959 -3940 5556
689 7558 -375 -4017 -2960 -3944 5555
690 7560 -380 -4021 -2962 -3944 5552
691 7562 -378 -4028 -2961 -3946 5552
692 7562 -379 -4024 -2965 -3945 5556
693 7562 -380 -4025 -2963 -3946 5552
694 7563 -385 -4031 -2964 -3948 5549
695 7562 -382 -4028 -2964 -3946 5546
696 7563 -386 -4028 -2965 -3947 5550
697 7559 -386 -4031 -2964 -3948 5549
698 7561 -385 -4034 -2964 -3947 5543
699 7563 -390 -4030 -2964 -3944 5545
700 7561 -387 -4033 -2965 -3949 5542
701 7562 -393 -4038 -2964 -3948 5537
702 7566 -389 -4037 -2966 -3947 5538
703 7567 -392 -4040 -2965 -3950 5536
704 7568 -394 -4042 -2967 -3952 5536
705 7568 -392 -4041 -2962 -3950 5536
706 7570 -395 -4044 -2967 -3953 5539
707 7569 -395 -4044 -2967 -3953 5532
708 7572 -398 -4044 -2968 -3953 5532
709 7571 -398 -4044 -2967 -3952 5527
710 7568 -400 -4048 -2968 -3951 5530
711 7563 -400 -4046 -2968 -3954 5530
712 7569 -400 -4050 -2969 -3955 5525
713 7573 -400 -4050 -2969 -3955 5529
714 7577 -404 -4050 -2970 -3957 5528
715 7581 -402 -4055 -2972 -3957 5525
716 7582 -401 -4053 -2973 -3958 5526
717 7580 -401 -4057 -2968 -3959 5524
718 7577 -402 -4052 -2972 -3960 5522
719 7579 -409 -4053 -2971 -3961 5526
720 7577 -405 -4053 -2972 -3958 5521
721 7578 -405 -4055 -2969 -3962 5522
722 7583 -403 -4057 -2972 -3960 5524
723 7580 -406 -4059 -2973 -3959 5521
724 7586 -410 -4059 -2976 -3964 5519
725 7589 -407 -4059 -2975 -3967 5522
726 7589 -409 -4060 -2979 -3964 5520
727 7590 -410 -4060 -2979 -3968 5517
728 7588 -411 -4060 -2976 -3964 5520
729 7593 -411 -4060 -2983 -3965 5519
730 7594 -411 -4059 -2978 -3967 5519
731 7591 -408 -4057 -2979 -3971 5517
732 7598 -408 -4059 -2980 -3970 5519
733 7595 -413 -4056 -2983 -3968 5519
734 7600 -410 -4061 -2986 -3971 5517
735 7603 -411 -4061 -2985 -3974 5519
736 7609 -411 -4062 -2989 -3976 5517
737 7606 -414 -4061 -2988 -3976 5517
738 7604 -410 -4064 -2988 -3974 5519
739 7604 -408 -4061 -2988 -3979 5516
740 7607 -413 -4062 -2991 -3978 5516
741 7608 -412 -4060 -2994 -3980 5517
742 7608 -414 -4060 -2990 -3979 5520
743 7613 -412 -4057 -2993 -3976 5518
744 7618 -413 -4060 -2992 -3980 5517
745 7620 -410 -4055 -2998 -3984 5518
746 7625 -409 -4057 -2999 -3982 5523
747 7622 -409 -4057 -3000 -3981 5519
748 7626 -408 -4056 -2998 -3985 5522
749 7631 -409 -4057 -3003 -3986 5522
750 7630 -409 -4052 -3006 -3991 5523
751 7635 -409 -4053 -3002 -3989 5523
752 7633 -405 -4056 -3008 -3989 5524
753 7634 -404 -4054 -3002 -3993 5523
754 7635 -403 -4050 -3009 -3989 5525
755 7638 -405 -4053 -3011 -3994 5528
756 7643 -403 -4048 -3014 -3995 5529
757 7647 -405 -4049 -3016 -3998 5529
758 7653 -404 -4048 -3015 -3998 5528
759 7653 -404 -4046 -3018 -3998 5531
760 7654 -401 -4045 -3018 -3998 5534
761 7657 -399 -4042 -3020 -3998 5535
762 7657 -400 -4042 -3022 -4000 5536
763 7658 -400 -4043 -3022 -4002 5539
764 7660 -400 -4041 -3025 -4003 5538
765 7662 -399 -4040 -3023 -4005 5539
766 7667 -394 -4036 -3028 -4007 5540
767 7672 -392 -4036 -3028 -4011 5544
768 7676 -395 -4034 -3032 -4010 5545
769 7677 -388 -4032 -3032 -4012 5550
770 7680 -386 -4028 -3034 -4010 5550
771 7684 -391 -4027 -3036 -4010 5551
772 7685 -385 -4025 -3038 -4014 5554
773 7693 -388 -4023 -3039 -4016 5554
774 7695 -384 -4020 -3042 -4017 5556
775 7698 -380 -4022 -3042 -4020 5560
776 7697 -382 -4020 -3046 -4019 5561
777 7699 -382 -4016 -3047 -4018 5564
778 7701 -376 -4013 -3053 -4022 5564
779 7706 -377 -4013 -3051 -4025 5565
780 7712 -374 -4010 -3052 -4023 5567
781 7717 -375 -4007 -3057 -4026 5569
782 7725 -371 -4008 -3059 -4027 5569
783 7723 -369 -4000 -3062 -4030 5571
784 7728 -367 -4001 -3063 -4031 5579
785 7730 -369 -4001 -3060 -4034 5580
786 7731 -364 -3998 -3066 -4034 5582
787 7734 -362 -3990 -3070 -4038 5583
788 7739 -363 -3992 -3071 -4036 5585
789 7743 -362 -3990 -3073 -4038 5587
790 7747 -356 -3989 -3076 -4043 5591
791 7752 -356 -3986 -3078 -4042 5594
792 7754 -357 -3983 -3079 -4042 5595
793 7758 -352 -3980 -3084 -4045 5598
794 7761 -350 -3978 -3085 -4047 5600
795 7766 -348 -3973 -3088 -4050 5604
796 7768 -344 -3972 -3087 -4051 5606
797 7772 -344 -3970 -3093 -4054 5607
798 7774 -344 -3968 -3095 -4055 5609
799 7781 -339 -3960 -3094 -4056 5610
800 7782 -338 -3961 -3099 -4057 5614
801 7789 -334 -3960 -3100 -4059 5618
802 7791 -336 -3957 -3104 -4060 5621
803 7799 -335 -3956 -3109 -4064 5622
804 7803 -329 -3953 -3110 -4068 5627
805 7806 -332 -3949 -3110 -4068 5626
806 7808 -325 -3946 -3116 -4071 5629
807 7809 -327 -3945 -3113 -4073 5631
808 7815 -326 -3943 -3118 -4074 5637
809 7819 -322 -3937 -3123 -4078 5636
810 7821 -322 -3938 -3124 -4078 5638
811 7827 -317 -3935 -3127 -4077 5646
812 7832 -313 -3930 -3129 -4080 5646
813 7834 -311 -3929 -3128 -4084 5645
814 7840 -313 -3926 -3135 -4084 5649
815 7844 -307 -3926 -3137 -4088 5655
816 7849 -303 -3921 -3142 -4086 5656
817 7853 -306 -3918 -3140 -4092 5658
818 7856 -303 -3913 -3141 -4091 5659
819 7857 -305 -3911 -3147 -4093 5663
820 7863 -300 -3911 -3153 -4096 5665
821 7868 -299 -3907 -3154 -4100 5667
822 7873 -292 -3905 -3153 -4100 5668
823 7876 -296 -3898 -3160 -4105 5672
824 7883 -292 -3903 -3161 -4108 5675
825 7888 -290 -3897 -3165 -4109 5680
826 7889 -287 -3893 -3168 -4108 5678
827 7892 -286 -3892 -3167 -4110 5683
828 7897 -280 -3888 -3172 -4110 5684
829 7900 -282 -3885 -3175 -4114 5688
830 7903 -282 -3886 -3178 -4116 5687
831 7907 -281 -3879 -3181 -4120 5691
832 7911 -280 -3877 -3183 -4122 5695
833 7915 -276 -3878 -3186 -4122 5696
834 7920 -275 -3878 -3190 -4127 5695
835 7924 -271 -3872 -3190 -4128 5703
836 7928 -269 -3868 -3193 -4127 5704
837 7932 -271 -3870 -3196 -4133 5704
838 7934 -268 -3865 -3197 -4130 5709
839 7936 -265 -3864 -3200 -4136 5708
840 7942 -266 -3862 -3203 -4137 5709
841 7946 -266 -3859 -3204 -4137 5715
842 7955 -260 -3859 -3210 -4144 5717
843 7961 -262 -3855 -3211 -4144 5718
844 7961 -261 -3857 -3212 -4143 5721
845 7962 -261 -3854 -3215 -4144 5720
846 7967 -255 -3850 -3217 -4149 5724
847 7969 -256 -3849 -3222 -4155 5724
848 7977 -254 -3849 -3225 -4156 5730
849 7986 -254 -3843 -3228 -4151 5730
850 7985 -252 -3842 -3229 -4157 5728
851 7989 -248 -3839 -3233 -4159 5731
852 7990 -251 -3840 -3236 -4161 5733
853 7994 -246 -3835 -3234 -4159 5734
854 7998 -245 -3835 -3237 -4163 5734
855 8002 -246 -3833 -3241 -4164 5736
856 8009 -241 -3836 -3244 -4166 5738
857 8013 -242 -3831 -3246 -4164 5741
858 8018 -239 -3826 -3247 -4172 5745
859 8021 -241 -3826 -3248 -4173 5741
860 8021 -243 -3827 -3253 -4176 5746
861 8024 -238 -3823 -3253 -4175 5747
862 8027 -235 -3820 -3258 -4176 5748
863 8030 -236 -3819 -3255 -4178 5747
864 8036 -236 -3820 -3256 -4180 5751
865 8042 -235 -3818 -3264 -4185 5752
866 8048 -235 -3816 -3263 -4188 5755
867 8052 -235 -3817 -3270 -4188 5753
868 8055 -234 -3818 -3274 -4190 5756
869 8061 -232 -3816 -3271 -4192 5756
870 8062 -229 -3812 -3275 -4192 5753
871 8062 -230 -3816 -3277 -4193 5753
872 8069 -234 -3814 -3280 -4198 5761
873 8066 -227 -3812 -3280 -4196 5763
874 8073 -229 -3809 -3284 -4197 5761
875 8076 -230 -3809 -3286 -4200 5758
876 8078 -232 -3811 -3285 -4201 5762
877 8082 -228 -3805 -3290 -4204 5762
878 8087 -230 -3807 -3292 -4207 5760
879 8089 -225 -3810 -3292 -4208 5761
880 8091 -228 -3806 -3296 -4208 5762
881 8095 -228 -3805 -3295 -4210 5762
882 8100 -227 -3809 -3300 -4209 5766
883 8098 -225 -3804 -3299 -4213 5764
884 8102 -230 -3807 -3305 -4216 5760
885 8105 -222 -3810 -3301 -4218 5765
886 8107 -230 -3805 -3305 -4219 5762
887 8112 -229 -3806 -3308 -4222 5761
888 8116 -232 -3804 -3310 -4227 5763
889 8124 -229 -3806 -3312 -4228 5760
890 8118 -231 -3808 -3312 -4224 5765
891 8125 -230 -3804 -3310 -4225 5761
892 8123 -230 -3808 -3316 -4230 5760
893 8132 -229 -3808 -3317 -4231 5760
894 8132 -230 -3807 -3318 -4236 5762
895 8136 -229 -3808 -3323 -4233 5762
896 8139 -232 -3805 -3320 -4235 5761
897 8138 -233 -3807 -3319 -4236 5761
898 8138 -231 -3809 -3323 -4238 5759
899 8142 -231 -3808 -3323 -4239 5761
900 8145 -232 -3814 -3327 -4242 5756
901 8152 -236 -3814 -3331 -4244 5755
902 8155 -234 -3812 -3331 -4243 5757
903 8157 -237 -3813 -3332 -4248 5757
904 8156 -235 -3814 -3333 -4244 5756
905 8161 -234 -3815 -3329 -4247 5755
906 8159 -238 -3813 -3329 -4251 5754
907 8159 -239 -3815 -3334 -4249 5755
908 8164 -239 -3815 -3336 -4251 5751
909 8167 -242 -3819 -3339 -4254 5750
910 8171 -244 -3818 -3339 -4256 5748
911 8173 -243 -3822 -3341 -4261 5753
912 8175 -243 -3825 -3341 -4256 5748
913 8180 -247 -3829 -3345 -4261 5746
914 8182 -247 -3828 -3346 -4259 5747
915 8182 -247 -3826 -3345 -4261 5743
916 8180 -250 -3829 -3343 -4262 5741
917 8181 -251 -3830 -3345 -4260 5738
918 8185 -250 -3831 -3345 -4265 5740
919 8182 -250 -3832 -3348 -4267 5732
920 8184 -256 -3835 -3346 -4265 5735
921 8188 -255 -3834 -3354 -4268 5735
922 8192 -257 -3838 -3357 -4271 5730
923 8197 -259 -3840 -3355 -4270 5732
924 8201 -261 -3840 -3349 -4273 5728
925 8200 -262 -3841 -3353 -4276 5726
926 8202 -265 -3846 -3352 -4273 5725
927 8199 -265 -3845 -3354 -4272 5728
928 8196 -265 -3845 -3355 -4272 5723
929 8196 -267 -3853 -3355 -4274 5716
930 8200 -273 -3853 -3356 -4275 5716
931 8199 -273 -3856 -3354 -4278 5717
932 8204 -272 -3856 -3355 -4279 5714
933 8209 -278 -3859 -3363 -4281 5712
934 8215 -278 -3863 -3363 -4280 5710
935 8217 -279 -3863 -3363 -4280 5712
936 8215 -279 -3865 -3361 -4283 5707
937 8215 -281 -3868 -3357 -4276 5701
938 8207 -282 -3870 -3357 -4283 5701
939 8209 -286 -3871 -3360 -4282 5701
940 8209 -289 -3873 -3358 -4285 5698
941 8214 -292 -3877 -3362 -4282 5695
942 8215 -293 -3879 -3363 -4284 5694
943 8215 -293 -3881 -3364 -4287 5691
944 8217 -298 -3882 -3362 -4285 5687
945 8220 -301 -3887 -3366 -4290 5688
946 8226 -296 -3888 -3364 -4291 5686
947 8226 -303 -3891 -3368 -4293 5680
948 8222 -304 -3893 -3367 -4290 5682
949 8219 -302 -3896 -3362 -4289 5679
950 8218 -308 -3900 -3361 -4285 5678
951 8214 -313 -3903 -3363 -4287 5671
952 8216 -313 -3904 -3364 -4293 5671
953 8222 -312 -3903 -3366 -4294 5668
954 8224 -318 -3907 -3368 -4295 5664
955 8226 -323 -3913 -3369 -4293 5664
956 8229 -317 -3914 -3366 -4295 5668
957 8226 -320 -3910 -3365 -4293 5660
958 8227 -325 -3914 -3365 -4294 5657
959 8226 -327 -3924 -3367 -4298 5655
960 8228 -325 -3918 -3368 -4298 5656
961 8226 -328 -3923 -3364 -4295 5649
962 8230 -334 -3927 -3366 -4299 5649
963 8228 -334 -3929 -3367 -4296 5650
964 8224 -332 -3929 -3362 -4295 5645
965 8223 -339 -3934 -3362 -4298 5643
966 8228 -338 -3934 -3364 -4298 5643
967 8234 -338 -3935 -3370 -4302 5639
968 8238 -342 -3940 -3372 -4301 5637
969 8233 -343 -3941 -3367 -4300 5635
970 8231 -345 -3945 -3369 -4300 5631
971 8230 -348 -3946 -3366 -4298 5623
972 8228 -352 -3951 -3365 -4300 5625
973 8223 -349 -3950 -3364 -4301 5629
974 8223 -348 -3951 -3365 -4299 5624
975 8230 -356 -3956 -3368 -4303 5617
976 8228 -362 -3959 -3370 -4305 5619
977 8228 -355 -3957 -3365 -4304 5618
978 8234 -358 -3963 -3362 -4304 5613
979 8233 -365 -3967 -3363 -4305 5611
980 8232 -361 -3965 -3365 -4305 5616
981 8235 -359 -3964 -3370 -4304 5613
982 8231 -370 -3971 -3367 -4300 5607
983 8229 -371 -3974 -3362 -4304 5604
984 8226 -371 -3974 -3359 -4303 5606
985 8221 -373 -3976 -3360 -4305 5598
986 8221 -373 -3974 -3362 -4307 5598
987 8228 -372 -3978 -3365 -4306 5597
988 8237 -374 -3979 -3370 -4308 5594
989 8236 -378 -3986 -3370 -4306 5592
990 8236 -377 -3985 -3365 -4308 5598
991 8231 -378 -3984 -3363 -4309 5593
992 8225 -382 -3985 -3359 -4302 5586
993 8228 -384 -3992 -3358 -4307 5590
994 8226 -380 -3987 -3361 -4305 5591
995 8228 -382 -3990 -3361 -4304 5587
996 8223 -391 -3997 -3364 -4308 5580
997 8227 -386 -3999 -3360 -4305 5586
998 8228 -378 -3990 -3360 -4307 5584
999 8227 -389 -3997 -3362 -4308 5578
