0 161 252 1010 1619 -1174 405
1 156 253 1008 1620 -1174 403
2 159 252 1010 1618 -1174 404
3 157 253 1010 1621 -1173 407
4 158 251 1009 1623 -1176 407
5 155 252 1009 1620 -1175 404
6 157 254 1011 1621 -1173 400
7 157 254 1009 1626 -1176 407
8 157 253 1010 1630 -1174 407
9 156 251 1011 1628 -1172 403
10 160 255 1009 1621 -1174 406
11 159 252 1009 1618 -1172 403
12 157 253 1006 1618 -1175 404
13 158 254 1012 1620 -1170 406
14 159 253 1008 1622 -1171 403
15 156 251 1006 1628 -1178 401
16 156 252 1010 1626 -1175 404
17 154 251 1009 1627 -1176 404
18 152 253 1011 1624 -1176 404
19 153 251 1008 1622 -1177 402
20 154 251 1004 1621 -1178 403
21 159 251 1009 1615 -1175 403
22 157 252 1008 1617 -1175 404
23 159 251 1011 1617 -1172 402
24 158 246 1007 1615 -1172 406
25 159 251 1007 1618 -1174 402
26 155 249 1003 1621 -1174 403
27 157 251 1008 1626 -1175 405
28 156 251 1007 1623 -1178 405
29 156 251 1009 1626 -1178 401
30 154 250 1006 1624 -1177 403
31 158 254 1008 1619 -1173 405
32 155 249 1008 1620 -1172 403
33 158 253 1006 1619 -1174 402
34 156 250 1006 1622 -1172 400
35 160 252 1010 1624 -1173 403
36 156 252 1012 1625 -1174 404
37 157 252 1008 1623 -1176 404
38 155 253 1010 1628 -1176 404
39 156 255 1010 1629 -1175 406
40 152 251 1009 1625 -1174 405
41 157 254 1008 1624 -1174 408
42 157 254 1012 1626 -1175 403
43 160 254 1009 1623 -1169 406
44 157 252 1012 1621 -1171 405
45 154 249 1008 1621 -1172 404
46 156 249 1007 1619 -1174 403
47 154 250 1008 1623 -1170 404
48 159 254 1009 1624 -1174 404
49 157 254 1009 1625 -1173 404
50 153 250 1005 1625 -1174 404
51 156 255 1011 1624 -1173 406
52 154 254 1011 1625 -1174 402
53 157 252 1011 1624 -1176 403
54 159 253 1008 1624 -1173 404
55 158 251 1008 1623 -1172 403
56 158 251 1010 1621 -1175 405
57 159 255 1010 1625 -1168 407
58 153 254 1011 1621 -1175 402
59 158 253 1011 1622 -1173 401
60 155 253 1010 1623 -1174 403
61 156 253 1011 1625 -1172 404
62 153 252 1010 1626 -1170 404
63 152 252 1013 1628 -1173 402
64 155 251 1011 1623 -1172 402
65 157 251 1008 1622 -1171 404
66 154 250 1007 1620 -1170 404
67 157 255 1009 1620 -1171 403
68 155 252 1010 1620 -1174 407
69 162 251 1009 1623 -1174 405
70 158 252 1010 1621 -1175 404
71 158 254 1008 1625 -1173 406
72 157 251 1011 1623 -1174 403
73 157 251 1008 1625 -1173 406
74 157 255 1009 1623 -1175 406
75 156 254 1007 1626 -1174 403
76 157 253 1009 1625 -1174 405
77 157 255 1011 1622 -1174 403
78 158 252 1008 1622 -1172 406
79 156 253 1009 1620 -1171 403
80 159 253 1010 1619 -1173 406
81 158 252 1009 1619 -1170 405
82 160 253 1012 1625 -1172 403
83 158 255 1013 1624 -1170 407
84 156 253 1013 1629 -1172 405
85 154 250 1010 1629 -1173 406
86 159 254 1010 1628 -1173 405
87 158 255 1011 1624 -1173 405
88 159 253 1009 1624 -1175 402
89 160 252 1012 1620 -1170 402
90 160 253 1008 1622 -1172 406
91 162 256 1011 1620 -1171 405
92 158 255 1008 1622 -1175 406
93 160 251 1011 1626 -1175 408
94 156 255 1010 1626 -1178 406
95 157 255 1010 1625 -1177 407
96 159 255 1010 1627 -1172 404
97 158 252 1009 1623 -1172 404
98 161 252 1009 1619 -1176 404
99 163 254 1006 1621 -1171 404
100 164 255 1009 1622 -1172 408
101 159 252 1010 1622 -1173 407
102 158 252 1009 1622 -1174 404
103 156 251 1008 1625 -1174 406
104 156 252 1010 1624 -1173 405
105 157 255 1011 1625 -1173 405
106 155 256 1012 1626 -1177 405
107 157 251 1010 1622 -1175 404
108 154 250 1007 1621 -1175 403
109 159 253 1009 1623 -1177 403
110 159 255 1011 1620 -1175 406
111 159 254 1007 1623 -1174 403
112 158 255 1006 1622 -1174 404
113 159 254 1012 1621 -1174 406
114 162 250 1011 1624 -1175 408
115 157 251 1010 1627 -1178 406
116 157 253 1009 1624 -1173 408
117 159 254 1010 1621 -1173 406
118 160 253 1011 1620 -1175 405
119 159 252 1009 1619 -1176 405
120 157 252 1007 1621 -1172 405
121 159 251 1007 1618 -1172 406
122 157 251 1007 1622 -1175 402
123 154 251 1008 1622 -1175 401
124 155 252 1009 1625 -1175 407
125 156 253 1011 1623 -1174 405
126 156 254 1009 1623 -1171 403
127 157 253 1011 1622 -1167 405
128 158 254 1011 1625 -1172 402
129 157 254 1010 1620 -1173 406
130 160 253 1008 1622 -1174 404
131 159 251 1008 1622 -1175 404
132 157 253 1007 1621 -1177 405
133 157 253 1013 1623 -1175 406
134 157 253 1010 1623 -1174 403
135 155 253 1011 1628 -1173 404
136 161 253 1012 1624 -1174 404
137 156 253 1011 1626 -1172 409
138 159 254 1011 1625 -1174 406
139 157 256 1012 1622 -1172 407
140 157 251 1011 1623 -1170 406
141 159 252 1008 1621 -1172 402
142 159 252 1014 1622 -1171 404
143 157 253 1013 1620 -1170 408
144 157 252 1009 1622 -1170 403
145 158 252 1012 1625 -1171 403
146 156 254 1010 1625 -1170 404
147 160 254 1011 1625 -1169 407
148 159 254 1010 1624 -1170 406
149 156 252 1013 1623 -1175 407
150 158 254 1010 1627 -1173 406
151 158 250 1010 1627 -1172 407
152 160 254 1010 1624 -1176 402
153 160 255 1008 1624 -1171 407
154 158 256 1011 1619 -1175 404
155 158 254 1007 1623 -1170 406
156 160 252 1008 1619 -1173 405
157 159 253 1010 1626 -1174 404
158 158 256 1014 1626 -1173 404
159 157 254 1011 1625 -1176 407
160 154 253 1009 1628 -1170 406
161 155 252 1012 1624 -1172 407
162 155 253 1011 1620 -1169 407
163 156 254 1013 1620 -1166 407
164 159 251 1011 1617 -1165 406
165 160 254 1011 1617 -1168 406
166 160 255 1012 1618 -1171 406
167 160 254 1012 1619 -1170 404
168 159 253 1006 1623 -1176 406
169 159 253 1009 1629 -1175 408
170 157 255 1008 1632 -1176 405
171 159 255 1008 1631 -1179 404
172 154 253 1010 1626 -1173 405
173 157 254 1008 1623 -1175 406
174 160 252 1010 1619 -1169 408
175 164 253 1011 1619 -1172 403
176 162 250 1013 1621 -1171 406
177 159 257 1012 1624 -1173 406
178 160 255 1011 1627 -1173 405
179 158 253 1008 1633 -1178 407
180 156 253 1008 1634 -1176 408
181 155 256 1010 1628 -1176 405
182 160 254 1010 1626 -1175 406
183 161 255 1010 1620 -1170 408
184 161 257 1010 1612 -1170 402
185 165 252 1011 1613 -1168 408
186 164 249 1008 1614 -1168 405
187 160 250 1009 1618 -1169 407
188 162 253 1009 1622 -1172 407
189 159 253 1010 1628 -1176 407
190 155 252 1008 1626 -1178 405
191 154 256 1008 1632 -1177 405
192 158 255 1011 1628 -1177 405
193 156 256 1010 1622 -1176 403
194 159 252 1010 1621 -1175 405
195 161 253 1008 1619 -1172 406
196 162 254 1006 1620 -1173 403
197 161 255 1013 1621 -1177 406
198 158 252 1014 1621 -1174 402
199 154 252 1008 1624 -1174 405
200 156 254 1008 1627 -1178 404
201 156 258 1011 1628 -1177 404
202 158 253 1010 1624 -1174 406
203 158 255 1009 1626 -1176 406
204 156 251 1012 1622 -1174 408
205 157 250 1011 1620 -1171 407
206 160 251 1010 1617 -1172 407
207 160 252 1007 1621 -1172 405
208 161 254 1011 1620 -1171 406
209 160 253 1011 1619 -1172 412
210 163 254 1008 1620 -1174 405
211 159 252 1008 1623 -1174 403
212 156 254 1007 1625 -1174 405
213 156 254 1012 1623 -1172 407
214 154 255 1009 1622 -1173 403
215 158 255 1008 1626 -1177 406
216 155 252 1010 1627 -1175 403
217 155 253 1009 1625 -1175 405
218 156 252 1009 1630 -1175 402
219 156 249 1008 1626 -1173 407
220 156 252 1007 1617 -1174 402
221 159 253 1011 1618 -1171 406
222 160 249 1013 1619 -1170 403
223 160 253 1009 1620 -1172 404
224 155 255 1009 1626 -1171 406
225 155 255 1011 1626 -1176 404
226 152 254 1009 1628 -1175 405
227 152 252 1011 1626 -1176 404
228 151 256 1010 1628 -1173 402
229 158 253 1010 1628 -1173 407
230 156 254 1010 1621 -1174 404
231 161 251 1008 1615 -1169 406
232 160 252 1013 1611 -1171 406
233 163 251 1011 1615 -1168 403
234 160 250 1010 1614 -1168 405
235 160 251 1011 1619 -1171 407
236 158 255 1009 1628 -1175 404
237 155 254 1008 1636 -1181 402
238 153 256 1008 1636 -1179 402
239 152 252 1013 1635 -1179 401
240 155 255 1012 1627 -1177 402
241 155 253 1011 1618 -1172 405
242 159 252 1009 1612 -1169 406
243 159 249 1008 1611 -1166 406
244 162 249 1010 1615 -1170 405
245 164 250 1009 1617 -1172 404
246 154 252 1011 1624 -1175 401
247 156 252 1009 1631 -1178 402
248 153 254 1010 1632 -1179 400
249 154 256 1010 1633 -1176 401
250 153 255 1008 1630 -1176 405
251 157 253 1012 1621 -1173 402
252 160 252 1010 1615 -1170 406
253 161 249 1008 1611 -1167 403
254 163 248 1008 1614 -1170 407
255 161 251 1010 1618 -1171 401
256 156 247 1011 1625 -1174 399
257 159 253 1009 1626 -1178 402
258 155 255 1009 1632 -1180 402
259 154 254 1010 1631 -1180 405
260 154 254 1006 1628 -1175 404
261 153 252 1007 1619 -1173 405
262 159 252 1010 1618 -1170 406
263 160 254 1008 1616 -1169 405
264 161 253 1008 1615 -1168 402
265 158 249 1009 1616 -1174 405
266 156 253 1011 1619 -1174 403
267 158 253 1006 1622 -1173 406
268 154 253 1010 1622 -1174 405
269 153 251 1010 1622 -1175 403
270 156 253 1010 1623 -1174 405
271 159 251 1008 1621 -1174 404
272 158 255 1011 1622 -1175 404
273 161 254 1010 1622 -1173 404
274 158 254 1012 1620 -1173 405
275 160 254 1008 1626 -1176 405
276 156 254 1009 1627 -1178 403
277 157 254 1008 1627 -1177 405
278 160 251 1008 1623 -1176 403
279 158 253 1008 1621 -1176 406
280 163 252 1010 1617 -1174 406
281 160 252 1008 1620 -1171 406
282 160 252 1008 1620 -1170 408
283 157 252 1012 1623 -1177 405
284 156 253 1008 1625 -1178 403
285 153 253 1008 1627 -1177 403
286 154 250 1009 1628 -1180 405
287 156 255 1010 1625 -1176 400
288 160 254 1007 1619 -1169 407
289 160 253 1008 1613 -1167 406
290 162 254 1011 1611 -1168 406
291 162 253 1010 1616 -1172 406
292 161 252 1010 1621 -1170 405
293 156 252 1007 1625 -1179 404
294 157 251 1007 1631 -1180 405
295 151 252 1008 1636 -1180 401
296 152 252 1010 1633 -1176 404
297 155 253 1009 1627 -1176 404
298 158 253 1008 1620 -1171 403
299 160 251 1010 1615 -1167 407
300 162 252 1007 1613 -1168 405
301 162 252 1010 1616 -1168 404
302 158 253 1012 1619 -1173 405
303 157 251 1011 1626 -1172 405
304 155 256 1014 1631 -1178 404
305 155 258 1012 1634 -1177 405
306 154 256 1011 1632 -1178 405
307 156 254 1007 1623 -1175 402
308 159 252 1011 1621 -1173 401
309 159 251 1011 1615 -1174 404
310 162 253 1008 1615 -1169 402
311 160 252 1010 1620 -1172 406
312 159 252 1010 1623 -1169 403
313 158 253 1010 1628 -1175 403
314 156 256 1010 1628 -1175 406
315 156 254 1010 1628 -1170 404
316 158 251 1009 1626 -1170 407
317 160 254 1011 1621 -1172 404
318 162 255 1008 1619 -1170 407
319 161 253 1009 1618 -1169 405
320 160 252 1010 1624 -1171 403
321 158 253 1009 1622 -1172 407
322 156 256 1009 1625 -1175 402
323 156 253 1009 1625 -1176 403
324 155 254 1009 1625 -1172 405
325 157 252 1010 1621 -1174 405
326 158 252 1012 1617 -1169 405
327 160 254 1011 1619 -1172 405
328 156 253 1009 1620 -1175 404
329 157 253 1008 1625 -1175 403
330 159 254 1009 1626 -1175 404
331 156 252 1010 1628 -1177 402
332 153 252 1008 1626 -1176 400
333 159 253 1007 1626 -1177 401
334 156 253 1011 1621 -1173 406
335 158 252 1016 1622 -1171 403
336 157 253 1012 1616 -1172 408
337 159 249 1008 1620 -1171 400
338 160 248 1007 1619 -1172 404
339 158 255 1009 1622 -1173 407
340 156 252 1008 1623 -1174 402
341 160 254 1011 1626 -1172 407
342 155 252 1010 1625 -1176 404
343 158 259 1010 1623 -1174 402
344 158 254 1008 1624 -1173 403
345 158 255 1009 1623 -1172 405
346 156 250 1011 1624 -1172 405
347 159 254 1008 1621 -1172 402
348 160 253 1014 1628 -1171 403
349 161 256 1011 1626 -1170 406
350 158 254 1011 1623 -1171 407
351 158 254 1010 1622 -1171 406
352 158 258 1007 1626 -1176 407
353 158 257 1009 1626 -1175 407
354 160 257 1009 1627 -1173 406
355 158 253 1013 1625 -1176 406
356 157 251 1010 1623 -1173 407
357 163 253 1011 1623 -1174 408
358 159 254 1010 1621 -1172 405
359 161 252 1011 1620 -1171 406
360 160 252 1009 1626 -1174 404
361 158 254 1010 1622 -1173 403
362 159 255 1009 1627 -1176 406
363 154 251 1010 1624 -1172 407
364 158 254 1006 1621 -1173 402
365 158 254 1010 1625 -1173 402
366 156 251 1010 1619 -1172 404
367 160 256 1009 1620 -1170 406
368 160 252 1011 1625 -1172 404
369 157 252 1012 1625 -1174 405
370 158 253 1009 1627 -1171 405
371 158 251 1010 1623 -1174 407
372 158 253 1009 1627 -1172 408
373 156 253 1008 1623 -1173 406
374 158 254 1011 1623 -1177 405
375 156 254 1011 1620 -1174 407
376 159 254 1011 1622 -1168 407
377 161 253 1014 1625 -1173 407
378 159 254 1011 1625 -1174 404
379 159 253 1010 1621 -1174 408
380 160 254 1010 1625 -1173 405
381 160 259 1012 1623 -1175 405
382 159 252 1009 1625 -1176 406
383 159 254 1010 1621 -1172 406
384 160 253 1010 1623 -1173 407
385 162 255 1007 1626 -1172 404
386 158 254 1013 1623 -1170 407
387 160 254 1007 1617 -1172 407
388 158 252 1010 1623 -1172 404
389 157 254 1010 1625 -1170 405
390 160 254 1011 1627 -1173 408
391 156 254 1010 1626 -1175 404
392 156 254 1010 1624 -1172 404
393 157 253 1010 1626 -1172 406
394 159 256 1009 1623 -1171 406
395 155 253 1007 1624 -1171 401
396 160 257 1013 1624 -1173 406
397 162 254 1009 1627 -1172 405
398 158 254 1007 1625 -1172 406
399 156 255 1008 1625 -1175 405
400 157 255 1011 1620 -1171 405
401 163 254 1012 1622 -1173 404
402 159 252 1007 1625 -1173 404
403 156 256 1012 1624 -1173 407
404 156 255 1009 1624 -1173 402
405 157 253 1007 1627 -1172 405
406 156 254 1013 1624 -1175 403
407 158 254 1012 1623 -1168 408
408 158 255 1010 1622 -1171 405
409 161 256 1013 1624 -1170 405
410 159 252 1010 1625 -1174 404
411 158 253 1006 1626 -1173 404
412 159 255 1010 1621 -1170 403
413 158 251 1009 1621 -1170 406
414 160 257 1013 1621 -1172 403
415 156 255 1014 1626 -1173 407
416 158 257 1010 1625 -1174 405
417 155 252 1011 1629 -1175 406
418 156 253 1011 1628 -1173 403
419 155 257 1008 1625 -1171 405
420 158 257 1010 1622 -1172 408
421 160 252 1010 1619 -1170 404
422 162 253 1013 1618 -1169 408
423 162 253 1009 1623 -1172 407
424 158 256 1008 1619 -1173 407
425 158 255 1009 1622 -1170 404
426 156 255 1012 1626 -1173 404
427 159 256 1011 1625 -1174 404
428 155 256 1014 1628 -1172 403
429 156 253 1011 1624 -1174 407
430 159 256 1010 1624 -1174 403
431 160 256 1012 1621 -1175 407
432 158 255 1010 1620 -1172 406
433 163 251 1010 1620 -1172 405
434 162 253 1009 1618 -1168 405
435 160 252 1010 1619 -1171 405
436 158 256 1010 1624 -1170 407
437 157 252 1010 1628 -1172 408
438 157 253 1010 1626 -1171 405
439 161 255 1013 1626 -1171 409
440 158 251 1012 1630 -1175 405
441 155 254 1009 1626 -1174 408
442 155 253 1011 1625 -1177 403
443 157 252 1012 1621 -1172 406
444 158 255 1011 1622 -1172 403
445 162 252 1008 1621 -1173 403
446 162 252 1005 1621 -1170 406
447 160 251 1013 1622 -1171 407
448 158 256 1010 1623 -1171 404
449 159 253 1008 1626 -1174 403
450 157 255 1007 1625 -1174 403
451 156 253 1010 1626 -1176 408
452 161 253 1010 1624 -1172 405
453 156 253 1012 1622 -1174 405
454 160 252 1008 1623 -1175 406
455 163 249 1010 1618 -1171 405
456 163 254 1008 1623 -1171 408
457 163 254 1013 1622 -1172 405
458 155 251 1011 1622 -1170 406
459 157 255 1011 1623 -1170 401
460 156 254 1011 1626 -1172 403
461 153 253 1008 1627 -1173 406
462 158 255 1008 1627 -1174 402
463 157 253 1008 1628 -1174 406
464 155 255 1010 1626 -1173 404
465 155 253 1011 1623 -1174 405
466 158 256 1008 1624 -1172 405
467 161 254 1007 1618 -1169 405
468 160 252 1011 1622 -1176 404
469 157 254 1012 1623 -1171 406
470 161 254 1012 1624 -1174 406
471 159 254 1008 1625 -1172 407
472 158 251 1011 1627 -1171 406
473 159 257 1010 1624 -1172 405
474 158 254 1009 1627 -1174 405
475 157 255 1011 1623 -1173 407
476 161 254 1011 1623 -1174 407
477 161 254 1007 1624 -1170 408
478 160 252 1012 1622 -1172 405
479 159 255 1007 1623 -1173 407
480 158 252 1012 1622 -1169 406
481 160 255 1010 1623 -1175 406
482 161 255 1012 1624 -1170 406
483 160 255 1010 1629 -1172 407
484 156 254 1010 1628 -1172 407
485 157 256 1010 1627 -1172 404
486 153 254 1011 1624 -1173 406
487 158 256 1010 1627 -1172 407
488 158 254 1010 1622 -1173 406
489 159 253 1009 1620 -1173 406
490 162 251 1010 1620 -1170 407
491 161 254 1011 1619 -1173 403
492 156 250 1009 1621 -1173 406
493 157 255 1009 1625 -1173 403
494 158 252 1010 1627 -1173 407
495 156 255 1010 1626 -1177 407
496 158 256 1011 1626 -1176 406
497 155 254 1011 1624 -1175 405
498 158 254 1010 1623 -1174 407
499 155 252 1009 1619 -1171 403
500 159 256 1012 1619 -1171 408
501 158 254 1011 1622 -1173 403
502 157 254 1009 1624 -1175 406
503 158 254 1011 1624 -1175 408
504 156 256 1008 1626 -1174 402
505 159 256 1010 1625 -1172 406
506 155 251 1014 1623 -1173 405
507 157 253 1009 1624 -1170 404
508 158 256 1009 1623 -1172 408
509 159 252 1012 1622 -1174 406
510 160 256 1011 1621 -1172 408
511 161 254 1013 1626 -1172 406
512 156 251 1010 1622 -1175 405
513 156 250 1010 1624 -1177 405
514 158 255 1009 1622 -1174 406
515 155 252 1011 1624 -1175 404
516 157 252 1010 1624 -1169 405
517 156 249 1006 1621 -1172 403
518 158 252 1011 1623 -1173 403
519 158 253 1009 1623 -1175 408
520 156 252 1008 1622 -1171 406
521 156 254 1008 1628 -1174 403
522 157 254 1006 1624 -1175 404
523 158 253 1010 1626 -1176 403
524 159 253 1011 1620 -1177 406
525 158 251 1006 1621 -1174 405
526 154 253 1011 1618 -1173 403
527 155 252 1007 1619 -1172 404
528 158 252 1008 1620 -1170 405
529 157 249 1012 1621 -1168 408
530 158 255 1013 1622 -1170 406
531 159 251 1010 1621 -1176 406
532 155 256 1008 1629 -1172 403
533 159 252 1012 1631 -1175 404
534 156 256 1011 1628 -1177 402
535 155 253 1006 1627 -1175 406
536 157 254 1012 1619 -1175 407
537 156 251 1008 1616 -1173 402
538 159 252 1009 1619 -1171 404
539 157 249 1010 1620 -1172 403
540 155 251 1008 1620 -1175 403
541 158 251 1009 1623 -1177 404
542 159 250 1006 1624 -1175 405
543 156 251 1007 1627 -1177 403
544 156 254 1011 1624 -1178 402
545 155 258 1006 1624 -1178 403
546 157 254 1008 1619 -1176 402
547 158 256 1009 1621 -1172 406
548 159 252 1012 1620 -1171 404
549 156 250 1010 1619 -1173 403
550 159 253 1007 1622 -1174 405
551 159 255 1011 1622 -1172 403
552 159 251 1008 1623 -1172 402
553 157 253 1007 1623 -1173 401
554 154 254 1011 1625 -1175 407
555 158 251 1008 1625 -1174 403
556 154 251 1011 1628 -1172 406
557 160 255 1007 1625 -1172 406
558 159 255 1010 1619 -1174 405
559 160 250 1010 1621 -1173 407
560 160 256 1011 1621 -1171 404
561 160 253 1009 1624 -1172 408
562 158 254 1010 1621 -1172 402
563 159 251 1008 1624 -1176 402
564 159 251 1011 1622 -1176 404
565 159 254 1008 1622 -1174 406
566 155 251 1011 1622 -1173 404
567 155 255 1010 1621 -1174 404
568 154 252 1012 1621 -1176 404
569 153 254 1007 1626 -1175 401
570 154 251 1009 1629 -1173 403
571 156 255 1007 1628 -1175 406
572 159 252 1011 1624 -1174 402
573 156 250 1007 1624 -1177 402
574 162 252 1010 1620 -1172 404
575 161 254 1010 1620 -1168 404
576 160 254 1010 1617 -1170 405
577 160 251 1009 1620 -1171 404
578 158 252 1010 1622 -1173 410
579 158 257 1012 1629 -1174 405
580 159 254 1010 1631 -1176 402
581 155 255 1010 1631 -1174 403
582 156 254 1007 1626 -1174 405
583 159 254 1008 1625 -1172 406
584 160 253 1012 1615 -1168 405
585 157 251 1011 1614 -1171 403
586 165 257 1009 1614 -1170 409
587 162 253 1010 1617 -1170 406
588 160 254 1011 1624 -1170 406
589 155 255 1012 1628 -1171 403
590 154 255 1009 1628 -1173 404
591 157 254 1012 1631 -1175 405
592 155 256 1014 1629 -1175 404
593 160 255 1012 1630 -1177 405
594 155 253 1009 1625 -1174 404
595 159 251 1012 1620 -1172 408
596 156 253 1014 1618 -1169 405
597 159 251 1010 1615 -1169 405
598 162 252 1011 1614 -1173 406
599 158 252 1010 1623 -1172 406
600 159 252 1009 1626 -1176 407
601 156 255 1009 1630 -1174 404
602 154 255 1011 1629 -1176 405
603 157 254 1014 1630 -1175 405
604 158 255 1013 1628 -1174 407
605 155 253 1010 1620 -1173 402
606 160 253 1012 1620 -1168 405
607 162 252 1014 1619 -1171 409
608 161 253 1011 1617 -1169 405
609 160 253 1013 1623 -1170 406
610 159 251 1012 1624 -1169 407
611 158 254 1011 1630 -1172 407
612 159 254 1012 1629 -1175 406
613 156 255 1009 1630 -1173 405
614 156 255 1010 1629 -1173 405
615 159 256 1013 1625 -1176 404
616 157 255 1010 1623 -1173 406
617 159 252 1005 1618 -1169 405
618 155 251 1013 1617 -1171 403
619 161 253 1011 1618 -1170 407
620 159 252 1010 1622 -1174 405
621 160 252 1007 1621 -1173 405
622 160 253 1008 1625 -1178 400
623 155 255 1007 1630 -1174 402
624 155 259 1008 1630 -1173 403
625 158 256 1012 1625 -1174 408
626 160 254 1008 1624 -1175 405
627 161 253 1010 1624 -1170 405
628 157 256 1011 1623 -1171 406
629 159 254 1012 1623 -1170 407
630 160 256 1009 1620 -1170 405
631 160 254 1011 1622 -1168 405
632 161 254 1010 1622 -1171 406
633 158 254 1007 1621 -1174 407
634 159 253 1009 1624 -1174 406
635 157 253 1010 1628 -1175 405
636 152 254 1011 1626 -1174 406
637 157 258 1009 1627 -1174 405
638 158 253 1012 1627 -1176 404
639 157 254 1010 1623 -1172 410
640 161 254 1011 1623 -1172 405
641 160 254 1009 1623 -1174 404
642 157 255 1006 1618 -1172 407
643 161 253 1010 1618 -1171 406
644 160 251 1011 1617 -1169 409
645 162 252 1009 1619 -1167 407
646 156 256 1011 1624 -1174 409
647 156 255 1011 1629 -1176 407
648 158 257 1012 1632 -1174 409
649 156 253 1011 1630 -1176 403
650 155 253 1010 1628 -1171 403
651 160 253 1009 1621 -1173 405
652 161 254 1011 1617 -1170 405
653 161 254 1009 1616 -1170 405
654 161 256 1008 1618 -1173 404
655 161 254 1008 1623 -1172 407
656 160 253 1010 1627 -1175 404
657 158 255 1011 1627 -1174 408
658 156 256 1010 1632 -1172 403
659 156 254 1008 1633 -1177 405
660 161 256 1011 1624 -1175 405
661 159 255 1009 1627 -1175 410
662 160 253 1015 1620 -1173 407
663 162 251 1006 1621 -1170 404
664 158 250 1008 1619 -1170 406
665 160 252 1010 1619 -1172 407
666 161 257 1011 1621 -1172 406
667 159 251 1010 1621 -1172 401
668 159 251 1013 1626 -1173 405
669 157 253 1010 1630 -1171 409
670 158 257 1010 1629 -1173 404
671 154 255 1011 1627 -1174 405
672 154 252 1008 1624 -1175 407
673 159 255 1011 1619 -1175 408
674 158 254 1013 1620 -1172 406
675 158 252 1009 1617 -1169 403
676 158 250 1009 1620 -1172 406
677 156 253 1011 1622 -1168 406
678 158 255 1010 1622 -1176 404
679 155 253 1012 1624 -1173 402
680 154 252 1011 1627 -1176 405
681 156 256 1010 1628 -1173 406
682 156 255 1008 1626 -1177 401
683 158 255 1009 1625 -1174 406
684 159 251 1010 1622 -1169 405
685 162 256 1013 1621 -1168 407
686 161 256 1010 1619 -1172 407
687 160 253 1012 1621 -1171 410
688 159 253 1008 1625 -1173 405
689 160 254 1014 1623 -1174 405
690 163 257 1011 1629 -1171 404
691 160 254 1013 1626 -1171 406
692 158 255 1013 1627 -1170 400
693 154 253 1008 1623 -1171 407
694 160 258 1011 1624 -1171 408
695 159 255 1011 1624 -1172 405
696 163 251 1008 1620 -1175 402
697 160 253 1013 1621 -1170 408
698 162 253 1012 1618 -1169 405
699 158 252 1011 1626 -1169 406
700 155 255 1014 1625 -1170 407
701 156 258 1014 1626 -1177 406
702 156 256 1010 1629 -1173 406
703 157 253 1009 1623 -1178 405
704 159 258 1010 1624 -1174 404
705 156 253 1013 1623 -1172 404
706 160 255 1009 1622 -1170 403
707 159 256 1011 1621 -1173 407
708 161 254 1010 1622 -1170 406
709 160 256 1014 1624 -1172 405
710 159 253 1010 1622 -1172 405
711 159 255 1012 1623 -1171 410
712 158 258 1016 1624 -1174 405
713 156 250 1010 1625 -1172 405
714 158 252 1009 1627 -1173 403
715 158 253 1014 1622 -1172 410
716 160 254 1009 1620 -1175 404
717 161 253 1009 1624 -1172 405
718 159 252 1011 1622 -1173 403
719 156 255 1011 1621 -1170 408
720 158 253 1009 1622 -1173 402
721 159 256 1008 1624 -1173 404
722 156 255 1009 1624 -1171 407
723 158 255 1010 1622 -1174 406
724 158 251 1010 1624 -1173 407
725 154 251 1011 1623 -1174 403
726 157 254 1013 1623 -1171 404
727 157 255 1011 1623 -1172 408
728 157 255 1010 1625 -1171 405
729 159 256 1011 1626 -1174 404
730 157 254 1005 1623 -1174 407
731 159 253 1006 1623 -1175 408
732 160 253 1009 1625 -1171 406
733 159 254 1010 1622 -1173 404
734 158 254 1009 1625 -1174 406
735 159 253 1013 1626 -1175 407
736 159 254 1011 1626 -1174 408
737 157 256 1011 1622 -1178 403
738 156 254 1010 1622 -1175 406
739 159 255 1012 1621 -1172 406
740 157 256 1012 1620 -1171 406
741 160 254 1011 1621 -1170 407
742 158 252 1009 1623 -1173 407
743 157 255 1009 1624 -1178 407
744 157 252 1009 1623 -1174 407
745 160 254 1011 1621 -1170 406
746 159 253 1011 1625 -1173 400
747 160 254 1008 1623 -1172 404
748 159 251 1010 1624 -1173 408
749 158 255 1010 1624 -1171 404
750 160 250 1008 1620 -1174 403
751 158 250 1006 1625 -1173 403
752 160 256 1013 1622 -1176 408
753 157 257 1016 1626 -1168 404
754 160 252 1007 1625 -1174 402
755 156 251 1008 1622 -1176 404
756 160 257 1011 1627 -1173 407
757 159 256 1012 1620 -1176 402
758 159 252 1009 1625 -1173 405
759 158 248 1008 1624 -1176 403
760 158 255 1011 1621 -1176 407
761 159 253 1010 1622 -1173 406
762 157 255 1011 1621 -1169 403
763 158 251 1009 1622 -1174 403
764 158 254 1009 1622 -1174 404
765 161 256 1013 1623 -1176 405
766 158 256 1009 1626 -1169 408
767 159 255 1009 1625 -1171 406
768 159 254 1010 1623 -1172 407
769 158 256 1009 1624 -1171 405
770 157 255 1009 1620 -1171 406
771 156 253 1011 1620 -1170 403
772 156 254 1008 1621 -1169 403
773 160 254 1011 1622 -1173 408
774 160 252 1013 1620 -1171 405
775 154 255 1011 1623 -1174 402
776 159 250 1008 1624 -1174 406
777 156 255 1009 1624 -1171 408
778 159 255 1010 1625 -1174 404
779 156 254 1009 1626 -1176 405
780 157 255 1011 1626 -1173 403
781 160 255 1011 1626 -1174 404
782 156 254 1010 1624 -1176 408
783 158 254 1011 1622 -1177 405
784 157 253 1012 1622 -1172 404
785 158 254 1008 1627 -1173 404
786 156 254 1013 1624 -1170 407
787 158 254 1012 1620 -1172 404
788 159 255 1007 1623 -1174 405
789 156 257 1013 1622 -1174 404
790 158 255 1010 1621 -1171 405
791 159 253 1007 1623 -1174 404
792 159 252 1010 1624 -1171 406
793 161 254 1009 1622 -1171 403
794 160 258 1011 1625 -1170 408
795 157 256 1011 1620 -1170 403
796 158 253 1009 1623 -1173 407
797 159 256 1010 1618 -1175 406
798 159 256 1009 1622 -1173 407
799 158 253 1012 1622 -1175 406
800 158 256 1009 1622 -1175 405
801 156 252 1010 1625 -1178 404
802 157 255 1008 1626 -1175 409
803 158 256 1012 1626 -1180 404
804 156 254 1009 1625 -1175 408
805 159 253 1011 1626 -1174 402
806 159 253 1010 1623 -1172 406
807 159 254 1009 1622 -1172 406
808 160 256 1008 1625 -1173 406
809 158 252 1010 1621 -1172 407
810 160 254 1008 1624 -1171 404
811 160 254 1010 1625 -1179 404
812 158 253 1008 1624 -1176 406
813 157 252 1011 1625 -1176 405
814 159 253 1010 1621 -1173 402
815 156 250 1012 1621 -1172 405
816 161 251 1010 1622 -1170 406
817 161 253 1013 1623 -1176 406
818 159 251 1009 1619 -1174 406
819 157 253 1009 1624 -1176 404
820 160 256 1010 1622 -1172 404
821 157 256 1011 1623 -1173 405
822 160 255 1011 1623 -1172 404
823 157 257 1012 1625 -1172 407
824 160 254 1011 1629 -1175 405
825 158 256 1011 1627 -1173 406
826 161 255 1009 1623 -1175 405
827 162 254 1011 1623 -1174 406
828 160 255 1009 1624 -1173 405
829 159 256 1010 1628 -1172 407
830 154 254 1009 1623 -1173 406
831 157 252 1009 1623 -1174 404
832 161 254 1010 1621 -1175 407
833 160 255 1012 1619 -1174 405
834 160 255 1011 1624 -1171 404
835 162 253 1010 1623 -1172 407
836 160 253 1010 1624 -1175 402
837 158 252 1009 1626 -1173 406
838 159 257 1010 1622 -1172 405
839 159 257 1012 1622 -1172 410
840 160 255 1010 1621 -1170 408
841 162 255 1011 1620 -1173 407
842 159 256 1011 1624 -1172 407
843 160 256 1010 1625 -1174 406
844 160 254 1006 1624 -1174 403
845 158 255 1011 1625 -1175 405
846 161 258 1009 1625 -1177 405
847 158 256 1008 1626 -1175 404
848 155 259 1012 1627 -1173 404
849 158 254 1008 1623 -1174 404
850 158 256 1008 1626 -1173 406
851 158 255 1013 1625 -1170 406
852 161 257 1010 1623 -1172 409
853 158 256 1009 1627 -1174 405
854 159 257 1012 1623 -1172 408
855 160 251 1008 1624 -1176 405
856 158 255 1010 1624 -1170 409
857 160 255 1010 1623 -1171 407
858 158 255 1012 1627 -1173 405
859 158 255 1012 1627 -1172 405
860 157 253 1011 1625 -1174 405
861 158 255 1012 1624 -1176 405
862 159 250 1010 1622 -1169 402
863 159 252 1009 1618 -1171 402
864 158 254 1008 1620 -1170 402
865 156 250 1012 1621 -1171 407
866 159 257 1012 1622 -1171 404
867 158 256 1013 1624 -1170 406
868 162 257 1013 1625 -1172 408
869 161 254 1012 1629 -1176 404
870 157 253 1010 1629 -1175 402
871 157 257 1011 1624 -1172 405
872 159 255 1011 1619 -1171 406
873 160 258 1012 1624 -1168 409
874 161 253 1009 1625 -1171 404
875 160 255 1012 1625 -1172 408
876 156 254 1011 1623 -1172 405
877 161 252 1012 1626 -1173 404
878 157 256 1010 1624 -1172 403
879 158 254 1012 1622 -1172 406
880 158 252 1010 1626 -1175 405
881 157 255 1011 1624 -1173 406
882 159 251 1009 1627 -1174 405
883 157 256 1010 1625 -1172 406
884 159 258 1008 1623 -1173 407
885 158 254 1008 1619 -1171 405
886 157 253 1008 1622 -1172 406
887 161 253 1008 1622 -1169 407
888 161 256 1012 1623 -1172 406
889 162 253 1009 1624 -1170 406
890 158 252 1007 1622 -1172 405
891 158 256 1011 1625 -1174 402
892 160 254 1011 1626 -1174 403
893 159 252 1011 1623 -1171 404
894 160 254 1011 1625 -1174 407
895 160 257 1012 1624 -1176 407
896 164 258 1010 1625 -1175 408
897 160 256 1011 1627 -1177 406
898 159 256 1011 1628 -1172 406
899 160 258 1010 1625 -1175 408
900 159 255 1008 1622 -1173 407
901 160 256 1010 1626 -1171 409
902 158 257 1011 1623 -1172 407
903 161 253 1014 1620 -1173 407
904 160 251 1012 1625 -1172 408
905 160 254 1009 1623 -1173 408
906 163 254 1015 1622 -1172 409
907 163 255 1010 1624 -1171 406
908 161 256 1010 1626 -1172 409
909 160 253 1011 1622 -1174 405
910 161 254 1012 1623 -1171 404
911 160 256 1009 1619 -1175 407
912 161 255 1014 1624 -1174 407
913 162 254 1012 1620 -1171 407
914 160 253 1012 1623 -1172 406
915 159 255 1012 1624 -1172 406
916 158 255 1009 1625 -1174 406
917 159 255 1009 1626 -1174 404
918 157 254 1009 1625 -1176 404
919 157 256 1010 1626 -1175 405
920 160 253 1009 1620 -1175 406
921 159 254 1010 1622 -1177 404
922 160 253 1008 1628 -1174 406
923 160 256 1010 1625 -1174 407
924 161 254 1011 1624 -1173 404
925 157 257 1011 1623 -1172 405
926 162 256 1009 1624 -1173 409
927 161 254 1011 1620 -1175 409
928 158 256 1011 1622 -1175 407
929 158 257 1010 1623 -1172 405
930 161 255 1009 1621 -1172 401
931 161 256 1010 1623 -1173 407
932 162 253 1007 1620 -1171 408
933 162 254 1009 1619 -1171 409
934 161 256 1012 1623 -1171 409
935 164 259 1010 1626 -1174 407
936 161 257 1008 1624 -1174 404
937 160 257 1009 1627 -1172 405
938 158 257 1010 1625 -1173 406
939 160 255 1011 1622 -1174 406
940 158 256 1014 1623 -1174 407
941 161 253 1010 1623 -1171 405
942 161 258 1015 1622 -1170 405
943 161 256 1008 1623 -1171 405
944 158 255 1010 1627 -1173 406
945 153 255 1014 1626 -1174 405
946 160 258 1011 1626 -1175 406
947 159 257 1009 1628 -1173 403
948 159 256 1011 1624 -1173 409
949 159 257 1013 1620 -1172 405
950 161 256 1009 1621 -1170 407
951 164 255 1010 1621 -1167 406
952 158 256 1013 1618 -1170 402
953 162 249 1008 1620 -1172 408
954 160 256 1010 1620 -1173 408
955 161 257 1010 1622 -1169 404
956 158 256 1011 1629 -1170 408
957 160 260 1013 1624 -1171 406
958 158 257 1012 1624 -1173 408
959 157 254 1012 1625 -1170 407
960 158 257 1011 1625 -1171 409
961 162 257 1008 1624 -1172 404
962 158 256 1008 1623 -1174 402
963 158 255 1012 1624 -1174 404
964 160 254 1010 1623 -1171 405
965 159 255 1009 1627 -1172 405
966 158 258 1010 1628 -1172 405
967 160 257 1010 1624 -1173 405
968 156 257 1010 1625 -1176 402
969 157 254 1008 1626 -1177 405
970 154 253 1014 1626 -1175 407
971 159 257 1010 1621 -1174 406
972 159 254 1013 1620 -1173 405
973 162 254 1012 1619 -1169 406
974 162 257 1010 1618 -1173 408
975 161 254 1014 1624 -1173 407
976 163 254 1009 1621 -1172 407
977 163 256 1009 1624 -1177 404
978 160 254 1011 1627 -1175 407
979 160 254 1012 1627 -1171 407
980 159 257 1013 1624 -1173 404
981 157 252 1011 1621 -1171 404
982 159 256 1013 1621 -1169 407
983 162 252 1010 1619 -1171 405
984 165 253 1012 1618 -1172 405
985 161 254 1011 1624 -1172 406
986 158 256 1009 1625 -1172 405
987 158 258 1013 1625 -1171 404
988 161 252 1013 1624 -1173 405
989 160 254 1009 1627 -1182 404
990 156 256 1009 1628 -1177 406
991 158 257 1008 1630 -1178 404
992 157 255 1009 1624 -1176 405
993 157 256 1008 1623 -1173 406
994 160 256 1012 1621 -1172 407
995 162 256 1011 1617 -1172 403
996 163 254 1006 1617 -1171 408
997 164 254 1007 1620 -1170 412
998 164 255 1010 1620 -1174 405
999 164 255 1009 1621 -1173 410
0 -3122 5673 1103 8235 -4708 -4062
1 -3126 5673 1100 8240 -4711 -4056
2 -3129 5676 1104 8242 -4711 -4058
3 -3130 5679 1104 8239 -4711 -4059
4 -3128 5677 1103 8236 -4712 -4058
5 -3131 5675 1103 8238 -4712 -4061
6 -3132 5678 1104 8242 -4713 -4057
7 -3131 5675 1103 8241 -4711 -4057
8 -3126 5675 1104 8240 -4710 -4058
9 -3130 5677 1101 8239 -4714 -4057
10 -3129 5677 1102 8240 -4714 -4056
11 -3133 5675 1104 8247 -4717 -4061
12 -3132 5677 1102 8252 -4712 -4055
13 -3134 5678 1105 8252 -4719 -4058
14 -3136 5679 1104 8252 -4721 -4057
15 -3137 5675 1104 8250 -4718 -4058
16 -3137 5676 1104 8248 -4721 -4058
17 -3141 5676 1102 8248 -4721 -4055
18 -3136 5676 1103 8247 -4720 -4055
19 -3133 5677 1101 8248 -4719 -4056
20 -3135 5677 1106 8253 -4721 -4056
21 -3139 5678 1105 8254 -4725 -4056
22 -3137 5677 1106 8259 -4728 -4058
23 -3142 5678 1103 8261 -4725 -4055
24 -3143 5680 1106 8260 -4729 -4058
25 -3146 5680 1106 8264 -4728 -4057
26 -3142 5678 1105 8267 -4727 -4057
27 -3143 5680 1101 8263 -4730 -4057
28 -3144 5680 1105 8261 -4727 -4056
29 -3141 5680 1103 8258 -4726 -4056
30 -3142 5675 1106 8260 -4731 -4058
31 -3142 5678 1107 8262 -4729 -4054
32 -3144 5679 1102 8268 -4733 -4055
33 -3147 5678 1106 8271 -4732 -4058
34 -3152 5680 1103 8274 -4732 -4054
35 -3150 5680 1104 8276 -4735 -4060
36 -3150 5684 1105 8272 -4736 -4057
37 -3150 5682 1105 8272 -4738 -4056
38 -3147 5678 1103 8272 -4736 -4054
39 -3148 5681 1103 8268 -4734 -4055
40 -3150 5678 1106 8269 -4734 -4055
41 -3147 5681 1104 8273 -4737 -4058
42 -3150 5676 1104 8275 -4738 -4057
43 -3152 5681 1102 8282 -4737 -4057
44 -3152 5682 1103 8282 -4743 -4058
45 -3154 5680 1103 8284 -4744 -4055
46 -3156 5682 1102 8284 -4743 -4056
47 -3160 5679 1104 8287 -4744 -4055
48 -3158 5680 1107 8284 -4746 -4055
49 -3160 5683 1104 8285 -4744 -4056
50 -3160 5680 1106 8281 -4743 -4056
51 -3158 5678 1102 8280 -4745 -4055
52 -3156 5680 1102 8283 -4745 -4057
53 -3161 5679 1100 8286 -4747 -4057
54 -3161 5680 1105 8285 -4744 -4056
55 -3161 5676 1103 8290 -4746 -4055
56 -3163 5679 1104 8288 -4745 -4057
57 -3167 5681 1103 8289 -4748 -4054
58 -3165 5679 1105 8292 -4750 -4059
59 -3164 5678 1103 8293 -4753 -4060
60 -3167 5680 1103 8291 -4749 -4056
61 -3165 5677 1101 8293 -4748 -4053
62 -3164 5678 1102 8292 -4753 -4055
63 -3162 5679 1104 8290 -4751 -4056
64 -3161 5679 1106 8291 -4752 -4056
65 -3162 5680 1102 8291 -4751 -4054
66 -3163 5680 1104 8296 -4752 -4057
67 -3166 5683 1105 8305 -4752 -4052
68 -3170 5678 1106 8308 -4757 -4055
69 -3169 5682 1105 8310 -4759 -4051
70 -3171 5679 1107 8305 -4756 -4055
71 -3170 5683 1104 8308 -4758 -4055
72 -3168 5682 1105 8301 -4757 -4056
73 -3171 5683 1106 8300 -4756 -4053
74 -3170 5680 1104 8297 -4753 -4056
75 -3171 5677 1103 8299 -4753 -4055
76 -3170 5677 1105 8304 -4756 -4053
77 -3168 5677 1104 8306 -4760 -4053
78 -3176 5681 1105 8310 -4761 -4059
79 -3179 5678 1102 8312 -4767 -4060
80 -3175 5680 1103 8314 -4764 -4060
81 -3176 5679 1104 8312 -4761 -4056
82 -3175 5682 1102 8308 -4760 -4053
83 -3173 5680 1105 8307 -4762 -4055
84 -3171 5680 1106 8305 -4759 -4055
85 -3172 5680 1106 8307 -4761 -4054
86 -3173 5678 1106 8312 -4761 -4056
87 -3175 5681 1103 8317 -4759 -4051
88 -3175 5681 1104 8318 -4768 -4053
89 -3178 5686 1105 8321 -4765 -4057
90 -3180 5681 1104 8322 -4765 -4057
91 -3180 5680 1103 8322 -4769 -4057
92 -3183 5679 1105 8322 -4769 -4058
93 -3182 5679 1105 8320 -4767 -4058
94 -3181 5677 1103 8319 -4765 -4055
95 -3181 5680 1105 8317 -4764 -4057
96 -3178 5680 1104 8319 -4768 -4060
97 -3181 5679 1102 8320 -4765 -4058
98 -3184 5676 1101 8319 -4766 -4058
99 -3184 5679 1103 8322 -4768 -4057
100 -3185 5680 1105 8328 -4770 -4058
101 -3185 5682 1104 8326 -4772 -4058
102 -3185 5678 1104 8323 -4770 -4056
103 -3185 5679 1104 8322 -4771 -4056
104 -3186 5680 1102 8321 -4772 -4054
105 -3182 5679 1104 8321 -4769 -4056
106 -3182 5680 1101 8324 -4774 -4058
107 -3184 5677 1103 8324 -4774 -4059
108 -3184 5679 1103 8326 -4772 -4058
109 -3186 5677 1103 8327 -4773 -4061
110 -3188 5677 1100 8328 -4777 -4061
111 -3188 5675 1101 8329 -4773 -4055
112 -3187 5679 1101 8328 -4776 -4056
113 -3186 5681 1104 8333 -4772 -4056
114 -3186 5676 1100 8332 -4776 -4061
115 -3189 5677 1102 8333 -4775 -4058
116 -3191 5679 1108 8331 -4773 -4058
117 -3191 5676 1103 8334 -4776 -4059
118 -3191 5674 1098 8334 -4778 -4061
119 -3193 5677 1101 8333 -4773 -4062
120 -3191 5674 1104 8330 -4774 -4061
121 -3187 5677 1102 8328 -4776 -4060
122 -3189 5673 1096 8331 -4777 -4062
123 -3193 5675 1100 8331 -4776 -4062
124 -3192 5678 1103 8335 -4780 -4062
125 -3192 5675 1099 8337 -4779 -4059
126 -3193 5677 1101 8338 -4781 -4059
127 -3192 5675 1101 8337 -4779 -4060
128 -3192 5676 1101 8334 -4779 -4063
129 -3189 5675 1099 8331 -4779 -4059
130 -3193 5674 1103 8335 -4777 -4064
131 -3192 5675 1101 8331 -4778 -4060
132 -3195 5674 1100 8336 -4780 -4062
133 -3194 5677 1098 8333 -4778 -4062
134 -3197 5674 1100 8341 -4778 -4062
135 -3198 5675 1100 8339 -4782 -4066
136 -3203 5672 1097 8339 -4781 -4065
137 -3199 5677 1098 8345 -4783 -4064
138 -3198 5673 1099 8344 -4783 -4064
139 -3197 5672 1101 8339 -4780 -4064
140 -3199 5675 1100 8338 -4779 -4059
141 -3197 5671 1100 8339 -4777 -4061
142 -3194 5673 1102 8338 -4776 -4064
143 -3195 5672 1099 8340 -4779 -4066
144 -3198 5672 1098 8340 -4783 -4064
145 -3197 5674 1103 8347 -4783 -4064
146 -3196 5674 1098 8347 -4785 -4067
147 -3197 5676 1099 8348 -4781 -4064
148 -3196 5673 1098 8344 -4781 -4063
149 -3197 5672 1098 8341 -4782 -4067
150 -3199 5672 1096 8339 -4783 -4066
151 -3198 5671 1095 8338 -4782 -4067
152 -3197 5673 1099 8343 -4782 -4066
153 -3198 5671 1096 8345 -4784 -4069
154 -3198 5671 1095 8344 -4782 -4068
155 -3200 5671 1093 8345 -4781 -4069
156 -3201 5670 1098 8342 -4781 -4068
157 -3203 5670 1099 8344 -4779 -4070
158 -3204 5669 1096 8341 -4781 -4068
159 -3200 5665 1094 8343 -4784 -4071
160 -3201 5668 1097 8348 -4780 -4069
161 -3204 5667 1096 8348 -4781 -4069
162 -3203 5671 1098 8346 -4786 -4071
163 -3204 5668 1098 8348 -4780 -4071
164 -3203 5668 1095 8342 -4780 -4071
165 -3200 5670 1094 8345 -4787 -4069
166 -3202 5670 1093 8342 -4784 -4073
167 -3200 5667 1093 8346 -4786 -4074
168 -3200 5663 1091 8348 -4784 -4071
169 -3201 5670 1093 8346 -4786 -4071
170 -3200 5667 1094 8346 -4784 -4071
171 -3198 5664 1093 8349 -4783 -4075
172 -3201 5668 1091 8349 -4782 -4071
173 -3204 5668 1093 8350 -4780 -4073
174 -3203 5664 1092 8347 -4781 -4077
175 -3202 5660 1091 8345 -4779 -4073
176 -3200 5664 1092 8345 -4778 -4071
177 -3207 5665 1095 8346 -4779 -4076
178 -3201 5664 1092 8344 -4777 -4075
179 -3206 5663 1091 8346 -4778 -4073
180 -3207 5666 1094 8351 -4779 -4077
181 -3204 5663 1090 8351 -4782 -4079
182 -3209 5659 1091 8353 -4781 -4078
183 -3209 5660 1091 8350 -4782 -4077
184 -3206 5665 1092 8352 -4779 -4078
185 -3203 5660 1090 8347 -4780 -4078
186 -3203 5662 1090 8342 -4781 -4076
187 -3199 5662 1091 8345 -4777 -4077
188 -3200 5659 1091 8345 -4781 -4082
189 -3203 5658 1086 8348 -4783 -4078
190 -3203 5662 1089 8354 -4785 -4080
191 -3207 5658 1087 8352 -4786 -4082
192 -3202 5655 1085 8353 -4784 -4085
193 -3204 5656 1086 8345 -4780 -4080
194 -3203 5659 1086 8339 -4776 -4082
195 -3207 5655 1088 8342 -4777 -4085
196 -3204 5652 1084 8340 -4774 -4085
197 -3205 5656 1091 8340 -4776 -4084
198 -3203 5652 1083 8345 -4776 -4082
199 -3203 5652 1086 8345 -4777 -4089
200 -3206 5651 1084 8344 -4776 -4085
201 -3210 5655 1088 8350 -4777 -4087
202 -3209 5653 1084 8351 -4776 -4088
203 -3209 5648 1084 8351 -4775 -4089
204 -3207 5650 1085 8347 -4778 -4088
205 -3206 5653 1084 8347 -4776 -4085
206 -3206 5650 1087 8340 -4776 -4089
207 -3205 5647 1085 8341 -4773 -4090
208 -3206 5648 1082 8347 -4776 -4090
209 -3206 5646 1082 8345 -4781 -4095
210 -3210 5647 1079 8350 -4779 -4092
211 -3204 5649 1081 8351 -4777 -4092
212 -3204 5648 1080 8347 -4781 -4096
213 -3207 5642 1079 8342 -4778 -4095
214 -3203 5644 1076 8341 -4774 -4093
215 -3205 5647 1084 8340 -4770 -4092
216 -3205 5642 1076 8340 -4773 -4098
217 -3204 5639 1074 8341 -4772 -4096
218 -3208 5646 1082 8341 -4773 -4095
219 -3203 5640 1082 8344 -4777 -4096
220 -3210 5640 1075 8344 -4771 -4102
221 -3207 5638 1072 8341 -4770 -4095
222 -3204 5643 1078 8340 -4771 -4100
223 -3204 5640 1082 8331 -4770 -4099
224 -3207 5632 1072 8334 -4767 -4103
225 -3203 5633 1076 8336 -4766 -4101
226 -3204 5637 1076 8342 -4771 -4097
227 -3210 5636 1076 8344 -4773 -4105
228 -3209 5633 1071 8343 -4774 -4106
229 -3208 5632 1073 8350 -4776 -4102
230 -3205 5634 1075 8343 -4772 -4106
231 -3208 5634 1071 8340 -4772 -4109
232 -3205 5631 1070 8337 -4772 -4110
233 -3207 5627 1070 8334 -4767 -4107
234 -3205 5630 1070 8341 -4767 -4109
235 -3203 5628 1068 8343 -4771 -4107
236 -3206 5629 1069 8345 -4769 -4108
237 -3207 5628 1068 8347 -4771 -4108
238 -3206 5626 1067 8340 -4770 -4112
239 -3203 5626 1064 8336 -4765 -4112
240 -3205 5622 1067 8330 -4760 -4114
241 -3199 5622 1068 8328 -4760 -4114
242 -3203 5619 1066 8327 -4759 -4112
243 -3203 5621 1063 8328 -4761 -4114
244 -3207 5622 1069 8330 -4762 -4117
245 -3209 5618 1064 8337 -4759 -4117
246 -3211 5621 1064 8339 -4762 -4122
247 -3210 5621 1066 8341 -4763 -4123
248 -3213 5617 1062 8339 -4766 -4123
249 -3210 5616 1061 8337 -4764 -4121
250 -3208 5619 1060 8331 -4765 -4124
251 -3203 5614 1062 8328 -4760 -4120
252 -3203 5616 1060 8325 -4758 -4125
253 -3202 5613 1062 8324 -4755 -4123
254 -3204 5611 1060 8330 -4756 -4126
255 -3203 5612 1057 8339 -4761 -4129
256 -3205 5610 1060 8341 -4764 -4129
257 -3208 5610 1058 8341 -4768 -4130
258 -3208 5612 1056 8339 -4762 -4130
259 -3214 5606 1054 8332 -4758 -4134
260 -3206 5606 1054 8325 -4751 -4128
261 -3203 5605 1053 8321 -4750 -4133
262 -3202 5601 1052 8320 -4749 -4132
263 -3203 5601 1055 8320 -4750 -4133
264 -3204 5601 1053 8317 -4752 -4133
265 -3203 5600 1051 8326 -4750 -4133
266 -3208 5599 1051 8329 -4755 -4138
267 -3210 5599 1048 8335 -4755 -4144
268 -3210 5600 1048 8333 -4758 -4144
269 -3213 5597 1047 8329 -4758 -4144
270 -3208 5594 1048 8324 -4755 -4143
271 -3208 5595 1047 8318 -4749 -4142
272 -3206 5593 1046 8315 -4748 -4142
273 -3205 5591 1044 8319 -4752 -4146
274 -3207 5591 1043 8323 -4750 -4146
275 -3209 5591 1040 8330 -4753 -4149
276 -3209 5590 1045 8334 -4757 -4150
277 -3211 5590 1044 8328 -4756 -4147
278 -3207 5587 1043 8322 -4751 -4152
279 -3209 5588 1041 8317 -4744 -4152
280 -3206 5584 1040 8318 -4742 -4155
281 -3208 5583 1041 8317 -4742 -4154
282 -3208 5581 1042 8324 -4746 -4154
283 -3208 5581 1039 8325 -4745 -4156
284 -3211 5580 1036 8323 -4747 -4160
285 -3210 5578 1037 8323 -4749 -4157
286 -3206 5580 1038 8319 -4742 -4160
287 -3209 5580 1038 8313 -4738 -4159
288 -3207 5578 1035 8313 -4741 -4165
289 -3206 5576 1033 8316 -4741 -4162
290 -3206 5574 1033 8316 -4744 -4168
291 -3206 5573 1031 8319 -4746 -4168
292 -3210 5570 1028 8324 -4745 -4170
293 -3212 5568 1028 8327 -4750 -4174
294 -3212 5572 1028 8326 -4747 -4171
295 -3214 5568 1026 8321 -4745 -4173
296 -3211 5568 1028 8317 -4744 -4173
297 -3206 5569 1027 8303 -4739 -4174
298 -3200 5562 1025 8300 -4731 -4174
299 -3200 5564 1024 8299 -4733 -4175
300 -3207 5560 1025 8309 -4734 -4179
301 -3212 5562 1024 8321 -4736 -4180
302 -3216 5556 1021 8330 -4739 -4179
303 -3218 5561 1023 8327 -4744 -4178
304 -3214 5562 1025 8320 -4741 -4185
305 -3213 5558 1021 8312 -4736 -4186
306 -3212 5555 1021 8303 -4731 -4187
307 -3211 5552 1020 8299 -4725 -4186
308 -3205 5554 1019 8301 -4728 -4183
309 -3204 5551 1020 8309 -4730 -4186
310 -3204 5548 1018 8310 -4736 -4188
311 -3209 5552 1016 8317 -4736 -4192
312 -3209 5548 1012 8323 -4735 -4194
313 -3212 5554 1014 8322 -4733 -4192
314 -3217 5553 1014 8323 -4736 -4193
315 -3212 5546 1013 8316 -4732 -4193
316 -3212 5547 1012 8303 -4731 -4201
317 -3203 5542 1011 8299 -4726 -4195
318 -3201 5541 1011 8294 -4723 -4198
319 -3204 5539 1006 8297 -4726 -4199
320 -3207 5534 1008 8305 -4723 -4202
321 -3213 5535 1009 8311 -4728 -4206
322 -3220 5535 1007 8312 -4729 -4205
323 -3214 5538 1006 8312 -4726 -4207
324 -3214 5533 1007 8306 -4722 -4210
325 -3209 5532 1005 8297 -4720 -4210
326 -3211 5534 1004 8296 -4718 -4210
327 -3211 5529 1008 8297 -4718 -4211
328 -3210 5529 1006 8299 -4720 -4210
329 -3211 5528 1001 8305 -4721 -4212
330 -3210 5527 1002 8310 -4728 -4216
331 -3211 5525 1000 8310 -4723 -4215
332 -3208 5524 998 8309 -4726 -4220
333 -3208 5521 995 8306 -4721 -4218
334 -3208 5522 996 8302 -4719 -4220
335 -3209 5523 996 8297 -4718 -4220
336 -3206 5523 998 8295 -4715 -4219
337 -3209 5516 996 8298 -4714 -4223
338 -3207 5513 995 8303 -4717 -4227
339 -3209 5514 993 8308 -4721 -4225
340 -3212 5517 992 8311 -4721 -4230
341 -3212 5514 990 8306 -4720 -4228
342 -3213 5509 990 8298 -4713 -4233
343 -3210 5509 991 8285 -4709 -4229
344 -3206 5510 988 8276 -4701 -4232
345 -3200 5505 990 8274 -4703 -4229
346 -3200 5505 989 8282 -4703 -4235
347 -3204 5505 987 8293 -4713 -4234
348 -3208 5506 990 8303 -4714 -4233
349 -3215 5505 986 8307 -4712 -4241
350 -3215 5504 983 8304 -4715 -4243
351 -3213 5502 980 8297 -4710 -4242
352 -3212 5497 982 8288 -4707 -4242
353 -3206 5499 983 8281 -4703 -4242
354 -3203 5491 981 8282 -4702 -4243
355 -3206 5494 980 8279 -4702 -4244
356 -3208 5493 980 8281 -4699 -4245
357 -3211 5497 980 8291 -4698 -4252
358 -3211 5490 978 8298 -4705 -4250
359 -3212 5494 976 8300 -4709 -4254
360 -3210 5492 977 8297 -4709 -4253
361 -3209 5492 975 8296 -4707 -4259
362 -3209 5486 972 8286 -4703 -4256
363 -3208 5484 972 8275 -4698 -4255
364 -3204 5483 971 8267 -4689 -4258
365 -3200 5481 974 8268 -4689 -4258
366 -3204 5480 967 8276 -4697 -4259
367 -3206 5480 970 8283 -4699 -4260
368 -3206 5477 969 8290 -4703 -4263
369 -3210 5477 970 8288 -4701 -4265
370 -3214 5476 966 8284 -4697 -4268
371 -3210 5473 968 8271 -4690 -4268
372 -3202 5473 963 8265 -4688 -4269
373 -3201 5472 968 8267 -4688 -4264
374 -3204 5472 965 8277 -4693 -4268
375 -3205 5470 965 8279 -4692 -4269
376 -3207 5471 965 8284 -4691 -4270
377 -3206 5467 961 8277 -4690 -4270
378 -3207 5469 964 8274 -4687 -4271
379 -3205 5465 961 8272 -4685 -4276
380 -3204 5463 959 8272 -4684 -4276
381 -3206 5464 959 8270 -4685 -4275
382 -3202 5461 957 8275 -4687 -4277
383 -3204 5461 959 8275 -4685 -4280
384 -3207 5461 958 8271 -4684 -4281
385 -3205 5461 956 8274 -4678 -4283
386 -3204 5458 955 8273 -4681 -4280
387 -3202 5459 956 8271 -4682 -4284
388 -3205 5456 951 8266 -4678 -4284
389 -3203 5455 953 8267 -4680 -4285
390 -3202 5456 952 8267 -4680 -4288
391 -3207 5449 948 8266 -4675 -4289
392 -3201 5450 950 8262 -4676 -4290
393 -3204 5449 950 8261 -4673 -4290
394 -3197 5448 952 8261 -4670 -4292
395 -3200 5446 950 8262 -4676 -4292
396 -3203 5445 947 8262 -4675 -4294
397 -3204 5444 945 8259 -4675 -4293
398 -3203 5441 945 8261 -4674 -4297
399 -3200 5443 950 8259 -4672 -4295
400 -3201 5441 943 8257 -4670 -4302
401 -3203 5440 943 8261 -4672 -4297
402 -3201 5437 942 8260 -4667 -4303
403 -3199 5436 943 8256 -4668 -4300
404 -3204 5436 944 8258 -4669 -4304
405 -3202 5437 944 8252 -4665 -4302
406 -3201 5434 941 8254 -4670 -4304
407 -3198 5435 940 8254 -4670 -4307
408 -3201 5430 939 8250 -4666 -4304
409 -3198 5429 937 8251 -4664 -4311
410 -3202 5428 935 8250 -4665 -4311
411 -3199 5425 935 8254 -4665 -4312
412 -3198 5425 933 8253 -4664 -4317
413 -3198 5428 936 8248 -4665 -4316
414 -3199 5428 932 8246 -4660 -4314
415 -3197 5423 933 8244 -4659 -4317
416 -3199 5421 932 8242 -4656 -4314
417 -3197 5420 933 8242 -4660 -4315
418 -3197 5420 931 8244 -4661 -4318
419 -3194 5418 932 8242 -4658 -4319
420 -3197 5419 928 8246 -4657 -4317
421 -3194 5417 928 8240 -4657 -4323
422 -3197 5415 927 8240 -4656 -4323
423 -3198 5416 928 8242 -4655 -4325
424 -3196 5414 928 8241 -4654 -4325
425 -3200 5415 926 8243 -4656 -4326
426 -3196 5415 925 8241 -4652 -4329
427 -3194 5412 927 8239 -4653 -4329
428 -3196 5410 922 8233 -4653 -4329
429 -3197 5410 922 8232 -4650 -4331
430 -3195 5408 923 8228 -4648 -4329
431 -3194 5405 920 8232 -4646 -4329
432 -3197 5406 921 8235 -4650 -4330
433 -3193 5406 921 8239 -4646 -4334
434 -3194 5406 920 8238 -4650 -4335
435 -3191 5402 920 8232 -4646 -4336
436 -3196 5407 919 8230 -4643 -4338
437 -3193 5400 920 8227 -4644 -4338
438 -3191 5397 916 8226 -4636 -4338
439 -3189 5399 917 8225 -4640 -4340
440 -3191 5400 916 8224 -4643 -4337
441 -3186 5396 916 8223 -4637 -4340
442 -3190 5393 913 8228 -4641 -4344
443 -3191 5396 917 8227 -4641 -4342
444 -3190 5395 914 8227 -4639 -4342
445 -3191 5395 913 8224 -4637 -4347
446 -3191 5392 913 8222 -4635 -4347
447 -3192 5393 912 8222 -4636 -4347
448 -3191 5392 913 8221 -4633 -4350
449 -3188 5390 911 8218 -4634 -4350
450 -3189 5391 909 8217 -4633 -4352
451 -3186 5389 907 8218 -4632 -4350
452 -3186 5390 913 8219 -4631 -4353
453 -3183 5390 911 8215 -4633 -4351
454 -3184 5386 908 8214 -4630 -4352
455 -3187 5386 910 8217 -4628 -4354
456 -3187 5386 908 8213 -4629 -4359
457 -3184 5386 906 8216 -4627 -4354
458 -3184 5385 907 8210 -4625 -4356
459 -3185 5381 908 8206 -4624 -4361
460 -3182 5382 904 8207 -4625 -4359
461 -3182 5379 904 8206 -4618 -4359
462 -3180 5377 904 8207 -4620 -4360
463 -3182 5380 902 8207 -4621 -4361
464 -3181 5374 902 8204 -4622 -4361
465 -3181 5375 904 8205 -4615 -4362
466 -3179 5374 902 8205 -4616 -4364
467 -3185 5374 904 8203 -4616 -4362
468 -3182 5373 900 8199 -4618 -4368
469 -3179 5374 900 8202 -4615 -4368
470 -3177 5372 899 8204 -4618 -4365
471 -3181 5374 900 8203 -4616 -4369
472 -3178 5373 898 8198 -4616 -4369
473 -3179 5372 896 8194 -4610 -4369
474 -3179 5368 897 8193 -4611 -4369
475 -3176 5370 894 8193 -4611 -4371
476 -3175 5366 897 8198 -4610 -4372
477 -3174 5369 898 8194 -4612 -4373
478 -3174 5367 896 8194 -4614 -4374
479 -3176 5367 897 8193 -4607 -4372
480 -3174 5362 895 8191 -4605 -4374
481 -3175 5364 896 8184 -4604 -4372
482 -3171 5363 894 8184 -4600 -4378
483 -3168 5361 891 8181 -4602 -4374
484 -3170 5360 894 8180 -4601 -4375
485 -3170 5363 892 8182 -4601 -4376
486 -3167 5360 893 8180 -4597 -4382
487 -3168 5362 891 8180 -4602 -4381
488 -3173 5359 892 8180 -4595 -4384
489 -3173 5360 891 8183 -4599 -4382
490 -3171 5358 888 8184 -4597 -4384
491 -3173 5360 889 8181 -4596 -4382
492 -3169 5354 890 8176 -4596 -4383
493 -3169 5356 888 8173 -4597 -4385
494 -3167 5351 888 8168 -4594 -4384
495 -3164 5356 889 8167 -4588 -4387
496 -3165 5350 887 8170 -4589 -4387
497 -3164 5352 884 8169 -4588 -4387
498 -3166 5350 884 8172 -4591 -4390
499 -3163 5350 886 8175 -4593 -4389
500 -3163 5350 886 8172 -4592 -4393
501 -3163 5350 880 8168 -4587 -4392
502 -3164 5347 881 8165 -4586 -4390
503 -3161 5347 882 8163 -4584 -4393
504 -3159 5346 883 8160 -4585 -4392
505 -3159 5348 883 8155 -4580 -4392
506 -3158 5342 879 8152 -4579 -4395
507 -3154 5342 881 8152 -4580 -4393
508 -3157 5341 878 8152 -4580 -4398
509 -3156 5342 878 8155 -4580 -4395
510 -3162 5340 880 8157 -4576 -4396
511 -3159 5341 881 8157 -4577 -4398
512 -3158 5341 876 8154 -4582 -4401
513 -3155 5336 876 8152 -4577 -4398
514 -3153 5336 876 8152 -4577 -4402
515 -3155 5335 875 8146 -4572 -4400
516 -3153 5337 876 8146 -4568 -4398
517 -3155 5337 876 8141 -4571 -4399
518 -3151 5332 872 8144 -4570 -4403
519 -3151 5337 876 8144 -4569 -4404
520 -3151 5332 875 8143 -4568 -4404
521 -3148 5333 875 8142 -4568 -4404
522 -3150 5333 874 8144 -4569 -4405
523 -3154 5331 874 8144 -4571 -4407
524 -3149 5328 875 8139 -4565 -4407
525 -3147 5331 873 8138 -4561 -4408
526 -3148 5326 872 8134 -4560 -4407
527 -3145 5327 869 8130 -4558 -4410
528 -3145 5327 869 8128 -4560 -4410
529 -3146 5323 871 8128 -4558 -4411
530 -3142 5322 869 8124 -4557 -4410
531 -3143 5323 871 8129 -4556 -4410
532 -3142 5323 865 8125 -4557 -4412
533 -3144 5324 867 8128 -4557 -4411
534 -3144 5319 866 8131 -4558 -4414
535 -3142 5323 869 8131 -4552 -4416
536 -3142 5318 866 8126 -4552 -4412
537 -3143 5319 866 8121 -4555 -4414
538 -3141 5316 868 8116 -4551 -4416
539 -3142 5317 862 8112 -4549 -4418
540 -3137 5316 862 8113 -4548 -4420
541 -3139 5312 859 8119 -4552 -4418
542 -3138 5314 864 8119 -4548 -4418
543 -3138 5314 862 8120 -4550 -4420
544 -3141 5313 861 8117 -4546 -4418
545 -3135 5313 862 8114 -4545 -4418
546 -3139 5316 862 8111 -4545 -4420
547 -3132 5314 860 8108 -4539 -4420
548 -3136 5310 860 8107 -4541 -4423
549 -3133 5313 860 8106 -4541 -4421
550 -3130 5307 862 8105 -4537 -4420
551 -3128 5309 861 8103 -4535 -4424
552 -3130 5306 860 8098 -4536 -4424
553 -3130 5308 858 8099 -4533 -4423
554 -3127 5307 857 8099 -4536 -4427
555 -3129 5305 859 8096 -4533 -4427
556 -3128 5306 859 8099 -4534 -4430
557 -3127 5307 856 8100 -4537 -4428
558 -3131 5305 856 8098 -4534 -4429
559 -3127 5303 860 8096 -4529 -4429
560 -3128 5300 857 8094 -4528 -4431
561 -3126 5301 853 8090 -4527 -4429
562 -3125 5302 854 8089 -4526 -4432
563 -3125 5298 853 8092 -4527 -4434
564 -3120 5300 852 8091 -4528 -4433
565 -3123 5301 852 8087 -4527 -4431
566 -3125 5295 853 8091 -4521 -4432
567 -3121 5300 855 8090 -4523 -4435
568 -3121 5298 856 8083 -4518 -4437
569 -3122 5296 852 8083 -4520 -4436
570 -3122 5298 853 8083 -4519 -4434
571 -3117 5294 852 8077 -4522 -4437
572 -3116 5293 850 8077 -4517 -4437
573 -3116 5294 853 8074 -4514 -4436
574 -3120 5292 846 8071 -4515 -4438
575 -3119 5291 848 8072 -4512 -4441
576 -3116 5287 850 8072 -4515 -4441
577 -3117 5289 845 8072 -4511 -4442
578 -3118 5288 847 8074 -4514 -4446
579 -3115 5290 846 8073 -4515 -4445
580 -3119 5287 845 8069 -4514 -4446
581 -3116 5286 844 8067 -4507 -4446
582 -3112 5283 844 8066 -4508 -4443
583 -3111 5285 846 8062 -4501 -4449
584 -3110 5284 845 8064 -4506 -4448
585 -3109 5286 845 8064 -4508 -4448
586 -3107 5285 845 8067 -4505 -4450
587 -3108 5284 845 8065 -4504 -4452
588 -3111 5280 841 8061 -4508 -4451
589 -3112 5279 844 8059 -4506 -4452
590 -3106 5284 843 8059 -4502 -4453
591 -3108 5279 845 8056 -4501 -4451
592 -3106 5278 841 8054 -4501 -4454
593 -3103 5279 840 8054 -4500 -4453
594 -3105 5280 842 8054 -4500 -4455
595 -3103 5275 838 8053 -4492 -4456
596 -3103 5281 840 8049 -4494 -4452
597 -3108 5277 839 8050 -4494 -4458
598 -3105 5277 839 8049 -4492 -4461
599 -3102 5276 839 8052 -4492 -4457
600 -3103 5276 839 8050 -4495 -4456
601 -3102 5277 838 8050 -4490 -4460
602 -3099 5272 836 8046 -4491 -4461
603 -3100 5273 837 8042 -4487 -4458
604 -3098 5275 835 8042 -4488 -4459
605 -3101 5270 834 8038 -4488 -4463
606 -3096 5269 833 8040 -4489 -4464
607 -3097 5265 836 8042 -4487 -4460
608 -3096 5271 837 8041 -4487 -4466
609 -3102 5270 834 8041 -4486 -4466
610 -3099 5265 833 8040 -4486 -4465
611 -3096 5264 835 8034 -4485 -4466
612 -3100 5264 832 8032 -4484 -4467
613 -3097 5267 832 8028 -4480 -4466
614 -3094 5266 831 8030 -4484 -4469
615 -3093 5266 829 8028 -4482 -4471
616 -3092 5268 829 8032 -4480 -4469
617 -3092 5263 828 8031 -4480 -4467
618 -3091 5261 830 8027 -4477 -4470
619 -3093 5263 826 8023 -4474 -4470
620 -3094 5262 826 8024 -4472 -4472
621 -3090 5263 831 8028 -4475 -4472
622 -3089 5259 829 8031 -4475 -4475
623 -3089 5257 826 8025 -4471 -4473
624 -3093 5258 826 8022 -4474 -4476
625 -3087 5258 827 8019 -4469 -4473
626 -3089 5260 829 8015 -4465 -4476
627 -3085 5257 826 8018 -4466 -4475
628 -3086 5256 825 8015 -4468 -4476
629 -3083 5254 825 8019 -4468 -4480
630 -3086 5254 826 8018 -4470 -4478
631 -3086 5251 823 8017 -4467 -4481
632 -3085 5256 825 8016 -4467 -4479
633 -3086 5255 824 8014 -4464 -4479
634 -3085 5255 823 8014 -4466 -4481
635 -3083 5251 821 8014 -4465 -4482
636 -3080 5252 822 8012 -4462 -4486
637 -3080 5251 824 8006 -4459 -4482
638 -3084 5253 822 8005 -4458 -4485
639 -3081 5249 817 8006 -4456 -4483
640 -3077 5248 823 8006 -4454 -4485
641 -3077 5248 824 8004 -4455 -4486
642 -3080 5252 822 8006 -4456 -4485
643 -3079 5247 820 8009 -4458 -4486
644 -3083 5247 819 8007 -4460 -4487
645 -3081 5247 819 8002 -4453 -4488
646 -3078 5244 817 8002 -4451 -4486
647 -3075 5243 817 7998 -4448 -4489
648 -3072 5241 817 7994 -4447 -4489
649 -3076 5241 819 7994 -4449 -4489
650 -3075 5239 816 7994 -4448 -4489
651 -3076 5242 818 7995 -4451 -4490
652 -3076 5240 816 7996 -4446 -4493
653 -3077 5240 818 7996 -4448 -4493
654 -3074 5244 815 7996 -4450 -4492
655 -3073 5242 814 7993 -4444 -4491
656 -3073 5240 816 7990 -4448 -4493
657 -3075 5239 814 7988 -4445 -4494
658 -3073 5235 815 7992 -4443 -4492
659 -3066 5239 816 7984 -4439 -4495
660 -3065 5235 814 7983 -4440 -4495
661 -3069 5235 815 7983 -4443 -4497
662 -3069 5236 814 7983 -4439 -4497
663 -3069 5237 814 7986 -4440 -4497
664 -3070 5236 813 7987 -4440 -4496
665 -3070 5234 812 7987 -4443 -4497
666 -3070 5236 815 7986 -4440 -4497
667 -3067 5233 810 7982 -4441 -4499
668 -3068 5232 809 7978 -4437 -4498
669 -3063 5231 811 7972 -4434 -4500
670 -3064 5230 811 7967 -4434 -4498
671 -3065 5229 808 7973 -4433 -4500
672 -3061 5230 811 7973 -4432 -4497
673 -3063 5229 810 7973 -4434 -4502
674 -3061 5227 809 7974 -4433 -4502
675 -3066 5228 806 7974 -4437 -4501
676 -3070 5228 808 7976 -4430 -4499
677 -3065 5228 811 7975 -4431 -4502
678 -3060 5228 809 7973 -4427 -4502
679 -3066 5225 807 7969 -4434 -4503
680 -3067 5225 809 7963 -4434 -4507
681 -3062 5220 803 7965 -4432 -4510
682 -3061 5219 800 7966 -4430 -4505
683 -3059 5223 805 7963 -4427 -4505
684 -3060 5225 804 7963 -4425 -4506
685 -3060 5225 805 7963 -4422 -4504
686 -3058 5221 806 7965 -4427 -4504
687 -3059 5223 804 7965 -4426 -4506
688 -3061 5220 806 7966 -4430 -4508
689 -3060 5221 806 7965 -4426 -4506
690 -3058 5223 804 7962 -4424 -4510
691 -3058 5221 804 7958 -4425 -4508
692 -3055 5219 805 7951 -4420 -4510
693 -3056 5218 804 7949 -4418 -4508
694 -3052 5217 804 7950 -4418 -4509
695 -3054 5218 803 7951 -4422 -4508
696 -3054 5216 802 7955 -4420 -4507
697 -3058 5219 802 7957 -4418 -4510
698 -3057 5218 804 7958 -4419 -4511
699 -3057 5220 801 7957 -4420 -4512
700 -3058 5217 804 7955 -4422 -4510
701 -3054 5221 800 7954 -4420 -4512
702 -3055 5216 805 7952 -4418 -4511
703 -3054 5215 798 7951 -4416 -4511
704 -3052 5219 802 7946 -4415 -4510
705 -3050 5219 801 7947 -4411 -4512
706 -3048 5218 801 7945 -4413 -4508
707 -3051 5214 803 7952 -4416 -4512
708 -3048 5216 802 7955 -4418 -4510
709 -3055 5215 798 7955 -4417 -4511
710 -3054 5214 800 7955 -4415 -4509
711 -3052 5216 802 7950 -4412 -4511
712 -3048 5218 803 7943 -4409 -4511
713 -3045 5213 802 7938 -4405 -4510
714 -3046 5213 799 7937 -4407 -4507
715 -3044 5213 801 7941 -4409 -4510
716 -3044 5212 798 7941 -4411 -4513
717 -3046 5213 797 7945 -4408 -4511
718 -3046 5216 801 7944 -4410 -4513
719 -3047 5218 801 7946 -4413 -4512
720 -3049 5218 798 7943 -4407 -4512
721 -3048 5215 800 7941 -4409 -4511
722 -3049 5216 802 7943 -4405 -4511
723 -3048 5216 803 7941 -4407 -4513
724 -3042 5213 802 7940 -4405 -4511
725 -3042 5213 801 7938 -4408 -4511
726 -3048 5215 802 7940 -4408 -4511
727 -3044 5214 802 7937 -4402 -4514
728 -3046 5214 799 7938 -4402 -4515
729 -3043 5216 799 7942 -4405 -4512
730 -3042 5218 804 7941 -4407 -4512
731 -3043 5213 800 7942 -4408 -4510
732 -3044 5214 799 7938 -4408 -4516
733 -3042 5214 801 7937 -4401 -4514
734 -3042 5214 802 7933 -4404 -4513
735 -3043 5213 800 7931 -4403 -4513
736 -3041 5213 802 7929 -4403 -4512
737 -3039 5211 797 7927 -4403 -4514
738 -3040 5210 796 7924 -4405 -4514
739 -3043 5208 795 7929 -4402 -4511
740 -3041 5216 797 7931 -4404 -4514
741 -3044 5211 798 7931 -4403 -4513
742 -3045 5216 800 7929 -4399 -4514
743 -3040 5215 799 7930 -4404 -4515
744 -3041 5213 799 7935 -4405 -4517
745 -3043 5216 800 7934 -4405 -4518
746 -3044 5214 802 7934 -4403 -4516
747 -3041 5214 802 7928 -4402 -4511
748 -3041 5214 802 7928 -4399 -4515
749 -3039 5216 800 7924 -4400 -4513
750 -3038 5219 803 7924 -4401 -4513
751 -3037 5217 800 7927 -4401 -4512
752 -3037 5216 801 7933 -4401 -4514
753 -3040 5217 804 7931 -4404 -4512
754 -3037 5216 799 7932 -4400 -4514
755 -3040 5216 802 7931 -4403 -4511
756 -3036 5221 803 7928 -4401 -4515
757 -3034 5220 801 7925 -4398 -4511
758 -3031 5218 800 7921 -4396 -4512
759 -3032 5214 802 7921 -4399 -4509
760 -3027 5217 802 7922 -4395 -4509
761 -3031 5219 803 7922 -4397 -4512
762 -3032 5218 801 7928 -4395 -4508
763 -3035 5219 805 7929 -4399 -4509
764 -3035 5223 805 7928 -4397 -4508
765 -3037 5220 812 7932 -4399 -4506
766 -3034 5222 804 7929 -4397 -4507
767 -3033 5223 806 7926 -4400 -4510
768 -3034 5220 804 7923 -4395 -4513
769 -3029 5222 805 7921 -4395 -4507
770 -3031 5222 803 7921 -4394 -4506
771 -3032 5221 803 7921 -4394 -4510
772 -3031 5221 804 7923 -4397 -4504
773 -3030 5223 809 7924 -4397 -4507
774 -3033 5224 807 7925 -4396 -4508
775 -3034 5229 805 7928 -4402 -4508
776 -3034 5225 804 7929 -4399 -4506
777 -3034 5225 806 7925 -4396 -4506
778 -3028 5225 806 7921 -4400 -4506
779 -3026 5226 806 7916 -4394 -4502
780 -3024 5228 808 7916 -4395 -4505
781 -3027 5224 809 7920 -4392 -4503
782 -3028 5228 805 7921 -4398 -4502
783 -3028 5228 808 7924 -4397 -4500
784 -3032 5230 807 7922 -4396 -4500
785 -3026 5226 808 7915 -4395 -4501
786 -3026 5228 809 7920 -4395 -4501
787 -3027 5230 811 7920 -4395 -4501
788 -3028 5228 810 7922 -4399 -4502
789 -3029 5230 806 7923 -4396 -4501
790 -3029 5233 812 7921 -4400 -4499
791 -3027 5232 812 7917 -4396 -4498
792 -3024 5233 811 7915 -4396 -4498
793 -3023 5231 814 7914 -4394 -4493
794 -3026 5232 811 7916 -4395 -4497
795 -3026 5235 812 7919 -4394 -4495
796 -3024 5235 813 7918 -4397 -4493
797 -3022 5237 815 7922 -4400 -4493
798 -3024 5239 815 7924 -4398 -4496
799 -3024 5236 813 7919 -4396 -4495
800 -3024 5235 813 7920 -4394 -4491
801 -3026 5234 816 7920 -4395 -4490
802 -3025 5238 816 7918 -4398 -4490
803 -3020 5238 814 7914 -4395 -4489
804 -3019 5236 816 7914 -4395 -4491
805 -3020 5238 816 7912 -4393 -4488
806 -3021 5239 818 7914 -4394 -4488
807 -3020 5244 819 7913 -4394 -4486
808 -3021 5241 819 7917 -4395 -4483
809 -3027 5241 821 7923 -4401 -4485
810 -3024 5245 820 7924 -4400 -4486
811 -3025 5247 821 7918 -4398 -4484
812 -3023 5245 820 7916 -4399 -4486
813 -3023 5239 817 7913 -4398 -4484
814 -3021 5244 822 7907 -4394 -4480
815 -3018 5244 821 7908 -4394 -4481
816 -3019 5244 821 7910 -4398 -4482
817 -3016 5247 822 7915 -4398 -4481
818 -3019 5248 825 7919 -4397 -4480
819 -3020 5249 820 7919 -4397 -4481
820 -3022 5249 823 7921 -4401 -4477
821 -3021 5251 826 7921 -4395 -4476
822 -3021 5252 826 7920 -4397 -4476
823 -3020 5252 825 7916 -4399 -4474
824 -3018 5252 826 7912 -4395 -4476
825 -3014 5252 826 7910 -4395 -4473
826 -3012 5256 824 7903 -4396 -4471
827 -3016 5255 831 7909 -4393 -4473
828 -3014 5257 828 7913 -4390 -4468
829 -3013 5259 826 7917 -4396 -4472
830 -3019 5255 827 7919 -4396 -4469
831 -3019 5260 832 7920 -4401 -4462
832 -3016 5259 834 7914 -4399 -4469
833 -3015 5257 832 7915 -4399 -4466
834 -3015 5262 827 7916 -4400 -4464
835 -3016 5262 836 7913 -4398 -4464
836 -3012 5262 833 7913 -4398 -4461
837 -3011 5261 835 7911 -4397 -4463
838 -3014 5264 834 7912 -4400 -4460
839 -3016 5268 838 7914 -4402 -4461
840 -3012 5264 833 7917 -4398 -4462
841 -3016 5266 834 7920 -4402 -4458
842 -3016 5268 839 7917 -4398 -4452
843 -3014 5271 839 7912 -4398 -4458
844 -3010 5267 835 7910 -4398 -4461
845 -3008 5271 839 7908 -4400 -4455
846 -3007 5273 839 7912 -4402 -4448
847 -3009 5272 839 7916 -4405 -4456
848 -3013 5270 833 7917 -4402 -4452
849 -3010 5271 835 7912 -4403 -4450
850 -3012 5276 844 7909 -4400 -4449
851 -3011 5273 843 7907 -4396 -4450
852 -3009 5274 839 7908 -4401 -4452
853 -3008 5278 843 7906 -4401 -4449
854 -3013 5278 845 7914 -4403 -4448
855 -3013 5280 845 7917 -4403 -4448
856 -3014 5279 847 7920 -4404 -4445
857 -3013 5278 846 7921 -4407 -4445
858 -3009 5281 846 7912 -4403 -4441
859 -3008 5282 846 7908 -4402 -4444
860 -3006 5281 845 7910 -4400 -4444
861 -3009 5279 845 7913 -4405 -4443
862 -3011 5279 844 7914 -4409 -4439
863 -3009 5285 851 7913 -4407 -4438
864 -3009 5285 851 7912 -4409 -4440
865 -3009 5281 845 7909 -4405 -4442
866 -3011 5284 847 7912 -4407 -4437
867 -3008 5290 856 7916 -4404 -4436
868 -3011 5289 852 7916 -4410 -4441
869 -3008 5286 847 7914 -4410 -4438
870 -3007 5289 849 7915 -4408 -4430
871 -3006 5297 858 7906 -4407 -4433
872 -3003 5292 853 7902 -4401 -4435
873 -3005 5289 851 7907 -4401 -4430
874 -3008 5294 856 7914 -4408 -4428
875 -3008 5299 856 7919 -4410 -4428
876 -3010 5293 854 7916 -4408 -4427
877 -3009 5298 858 7917 -4409 -4428
878 -3006 5297 862 7913 -4407 -4428
879 -3008 5302 856 7912 -4409 -4426
880 -3005 5300 858 7914 -4407 -4423
881 -3005 5302 862 7917 -4409 -4420
882 -3008 5304 863 7922 -4410 -4424
883 -3007 5306 864 7919 -4412 -4421
884 -3005 5304 862 7916 -4411 -4420
885 -3005 5305 865 7915 -4408 -4422
886 -3005 5308 858 7914 -4410 -4417
887 -3004 5308 863 7914 -4408 -4417
888 -3005 5310 864 7915 -4414 -4413
889 -3005 5310 865 7922 -4412 -4418
890 -3009 5312 863 7917 -4412 -4414
891 -3005 5313 864 7914 -4412 -4412
892 -3002 5315 866 7912 -4412 -4415
893 -3003 5311 863 7914 -4411 -4413
894 -3002 5311 867 7917 -4410 -4410
895 -3002 5321 870 7915 -4409 -4407
896 -3002 5322 872 7919 -4414 -4408
897 -3003 5316 870 7916 -4416 -4409
898 -3003 5322 872 7919 -4411 -4406
899 -3001 5322 874 7919 -4413 -4406
900 -3003 5322 871 7922 -4418 -4408
901 -3004 5322 870 7923 -4420 -4404
902 -3006 5326 875 7923 -4418 -4402
903 -3005 5326 876 7920 -4417 -4406
904 -3004 5324 874 7917 -4416 -4405
905 -3002 5328 874 7918 -4416 -4397
906 -3001 5329 878 7920 -4417 -4401
907 -3004 5329 877 7922 -4418 -4401
908 -3002 5329 873 7920 -4421 -4396
909 -2999 5334 880 7922 -4422 -4393
910 -3002 5331 882 7923 -4414 -4398
911 -3000 5329 877 7920 -4418 -4397
912 -3004 5333 878 7923 -4415 -4390
913 -3001 5338 882 7929 -4420 -4394
914 -3004 5334 882 7928 -4424 -4400
915 -3002 5335 878 7919 -4421 -4390
916 -2998 5338 884 7913 -4418 -4388
917 -3000 5337 886 7915 -4415 -4391
918 -2998 5334 883 7919 -4418 -4389
919 -3001 5337 883 7924 -4421 -4387
920 -3000 5344 886 7933 -4428 -4386
921 -3003 5342 887 7934 -4427 -4389
922 -3007 5340 887 7933 -4427 -4388
923 -3004 5350 890 7928 -4426 -4386
924 -3005 5346 887 7920 -4423 -4386
925 -3003 5347 887 7920 -4421 -4383
926 -2997 5348 887 7922 -4422 -4379
927 -3002 5347 891 7930 -4428 -4383
928 -3005 5345 886 7930 -4431 -4381
929 -3000 5350 893 7932 -4431 -4377
930 -3000 5352 894 7928 -4425 -4379
931 -3000 5349 888 7929 -4422 -4381
932 -3003 5352 890 7930 -4426 -4378
933 -3002 5353 895 7925 -4429 -4372
934 -3000 5359 897 7931 -4431 -4378
935 -2998 5351 890 7930 -4433 -4377
936 -3004 5355 894 7932 -4432 -4371
937 -3004 5360 896 7926 -4430 -4370
938 -3005 5355 896 7924 -4430 -4372
939 -3005 5354 894 7927 -4430 -4376
940 -3003 5356 898 7926 -4433 -4367
941 -3002 5362 904 7931 -4436 -4366
942 -3006 5360 894 7939 -4435 -4373
943 -3006 5359 892 7934 -4438 -4368
944 -3007 5363 898 7936 -4434 -4364
945 -3000 5362 900 7929 -4432 -4369
946 -3004 5359 897 7933 -4433 -4363
947 -3007 5371 904 7939 -4436 -4360
948 -3003 5370 902 7941 -4440 -4367
949 -3005 5365 897 7948 -4441 -4364
950 -3006 5368 904 7939 -4443 -4358
951 -3004 5374 906 7933 -4437 -4359
952 -3003 5367 898 7932 -4436 -4366
953 -3002 5366 901 7933 -4436 -4357
954 -3002 5373 908 7936 -4439 -4349
955 -3006 5374 915 7933 -4440 -4357
956 -3005 5368 900 7946 -4442 -4362
957 -3008 5373 899 7942 -4446 -4351
958 -3001 5379 913 7938 -4444 -4345
959 -3004 5383 911 7934 -4439 -4355
960 -3006 5370 901 7936 -4442 -4359
961 -3009 5376 907 7944 -4446 -4348
962 -3007 5379 914 7938 -4446 -4346
963 -2999 5377 912 7936 -4441 -4350
964 -2999 5374 910 7938 -4444 -4349
965 -3004 5381 913 7944 -4446 -4346
966 -3008 5387 912 7951 -4445 -4344
967 -3005 5376 914 7944 -4448 -4345
968 -3008 5387 913 7948 -4446 -4341
969 -3005 5386 917 7951 -4450 -4348
970 -3012 5379 909 7948 -4452 -4347
971 -3009 5384 912 7948 -4452 -4340
972 -3004 5392 915 7946 -4453 -4337
973 -3007 5389 916 7948 -4450 -4343
974 -3006 5384 911 7943 -4448 -4336
975 -3007 5390 918 7943 -4448 -4336
976 -3007 5389 916 7946 -4449 -4336
977 -3005 5386 917 7947 -4454 -4340
978 -3008 5392 916 7954 -4456 -4332
979 -3010 5397 921 7955 -4458 -4338
980 -3013 5391 915 7959 -4456 -4334
981 -3008 5391 916 7954 -4452 -4334
982 -3005 5400 927 7945 -4453 -4327
983 -3007 5398 923 7949 -4450 -4336
984 -3002 5395 917 7948 -4455 -4332
985 -3007 5396 922 7955 -4456 -4326
986 -3008 5407 928 7956 -4457 -4327
987 -3010 5397 924 7957 -4458 -4330
988 -3013 5396 922 7963 -4461 -4331
989 -3010 5404 926 7954 -4458 -4319
990 -3011 5406 931 7955 -4461 -4325
991 -3010 5399 924 7963 -4461 -4328
992 -3014 5403 922 7965 -4464 -4322
993 -3011 5407 928 7964 -4464 -4316
994 -3008 5407 932 7954 -4459 -4321
995 -3008 5406 927 7956 -4461 -4319
996 -3008 5402 926 7957 -4462 -4321
997 -3011 5414 930 7960 -4463 -4318
998 -3013 5407 931 7966 -4468 -4318
999 -3010 5410 928 7967 -4469 -4317
