0 168 -37 1196 355 90 482
1 168 -40 1194 354 91 482
2 165 -38 1195 356 95 480
3 166 -38 1194 353 92 483
4 163 -39 1192 352 88 481
5 168 -38 1194 358 92 479
6 166 -43 1191 358 88 477
7 167 -38 1196 354 91 482
8 166 -37 1195 355 89 479
9 168 -39 1191 357 85 481
10 164 -39 1191 359 89 480
11 163 -35 1197 356 91 479
12 168 -41 1194 355 92 480
13 162 -39 1194 355 93 483
14 164 -41 1196 354 94 482
15 166 -36 1198 352 90 478
16 165 -39 1192 359 90 482
17 164 -37 1194 360 92 480
18 165 -39 1194 358 87 482
19 163 -37 1193 356 90 481
20 167 -39 1195 355 89 480
21 166 -40 1192 356 88 480
22 168 -37 1195 357 87 482
23 167 -38 1193 357 90 480
24 168 -41 1190 355 86 480
25 166 -36 1194 356 94 482
26 167 -38 1192 353 92 482
27 166 -40 1190 353 91 478
28 167 -40 1195 355 93 480
29 165 -39 1192 356 95 484
30 167 -40 1195 357 93 479
31 166 -38 1198 356 91 483
32 164 -40 1195 357 92 478
33 167 -39 1194 356 93 478
34 167 -40 1194 355 87 479
35 167 -40 1192 358 87 482
36 164 -37 1194 359 91 478
37 170 -37 1192 358 90 481
38 165 -42 1193 357 92 480
39 162 -37 1197 354 92 483
40 163 -41 1192 356 90 481
41 167 -36 1193 355 90 479
42 165 -40 1194 356 89 479
43 165 -40 1192 353 84 480
44 166 -40 1195 359 87 477
45 171 -38 1193 358 88 481
46 168 -36 1193 356 89 481
47 168 -40 1194 354 87 481
48 171 -38 1195 355 91 481
49 171 -40 1195 356 93 481
50 170 -39 1196 354 93 482
51 169 -36 1194 353 91 478
52 166 -39 1196 355 91 483
53 163 -42 1198 355 96 481
54 164 -36 1194 357 98 482
55 165 -39 1195 357 96 479
56 161 -40 1193 355 94 480
57 164 -37 1195 355 91 481
58 166 -38 1192 358 88 476
59 169 -36 1194 359 90 484
60 174 -36 1195 359 85 483
61 169 -39 1196 355 87 479
62 166 -40 1194 353 89 476
63 171 -38 1193 355 95 480
64 165 -40 1197 356 93 482
65 167 -39 1194 353 90 486
66 169 -39 1193 355 95 483
67 170 -39 1194 354 88 482
68 172 -34 1193 357 84 483
69 171 -38 1196 361 83 480
70 168 -38 1193 361 85 480
71 168 -35 1194 354 89 481
72 168 -37 1197 356 92 485
73 165 -38 1197 355 99 481
74 161 -38 1196 352 97 482
75 161 -37 1198 352 100 483
76 162 -38 1198 356 99 479
77 160 -39 1197 359 96 482
78 163 -38 1197 357 94 482
79 167 -40 1195 357 92 480
80 167 -40 1193 359 86 479
81 173 -37 1193 358 85 484
82 170 -35 1195 358 86 482
83 168 -40 1193 358 88 481
84 167 -38 1191 356 90 482
85 169 -39 1193 357 92 483
86 163 -34 1192 353 95 482
87 167 -41 1193 354 92 483
88 169 -38 1195 359 91 481
89 167 -39 1194 357 87 482
90 172 -38 1198 356 85 483
91 171 -35 1194 361 89 483
92 167 -35 1193 356 88 482
93 170 -42 1191 359 86 482
94 169 -36 1194 356 86 482
95 168 -40 1193 358 94 483
96 167 -37 1196 358 94 481
97 167 -38 1197 357 97 481
98 164 -37 1193 352 98 480
99 162 -38 1194 356 96 482
100 162 -37 1196 355 92 481
101 163 -40 1195 354 94 483
102 166 -40 1196 357 90 482
103 167 -38 1197 357 89 484
104 170 -37 1193 358 87 483
105 172 -37 1195 359 86 482
106 173 -35 1194 359 85 481
107 172 -41 1193 357 85 478
108 170 -40 1192 357 88 484
109 167 -38 1191 355 92 481
110 168 -39 1194 353 94 483
111 167 -37 1195 351 95 482
112 164 -41 1192 354 94 481
113 162 -39 1196 358 98 481
114 161 -37 1197 356 91 480
115 165 -37 1194 358 87 480
116 166 -38 1195 360 89 482
117 167 -37 1195 362 83 478
118 165 -40 1198 360 84 478
119 164 -37 1194 358 88 483
120 161 -38 1197 355 97 479
121 160 -35 1194 355 101 481
122 157 -41 1196 352 103 483
123 160 -37 1194 353 102 482
124 164 -40 1196 354 95 481
125 167 -39 1196 356 88 484
126 169 -39 1195 361 82 483
127 175 -39 1194 359 83 481
128 177 -35 1195 361 80 484
129 179 -38 1195 359 83 484
130 173 -36 1193 360 89 484
131 170 -37 1193 357 99 482
132 167 -38 1197 350 98 483
133 166 -39 1194 349 101 482
134 162 -40 1195 357 102 482
135 162 -38 1200 358 98 480
136 165 -36 1195 358 92 479
137 166 -38 1195 359 88 483
138 168 -36 1195 361 85 479
139 168 -37 1196 363 87 480
140 165 -41 1191 362 90 477
141 163 -40 1194 358 92 480
142 163 -43 1195 356 97 481
143 163 -41 1197 356 100 480
144 160 -39 1193 353 96 481
145 164 -37 1195 353 93 482
146 168 -40 1194 357 87 478
147 168 -41 1190 360 85 484
148 172 -39 1192 358 80 481
149 172 -39 1194 357 84 479
150 170 -42 1190 357 86 480
151 169 -40 1192 357 90 480
152 168 -39 1192 353 90 482
153 166 -38 1195 354 90 482
154 166 -41 1193 354 90 483
155 166 -39 1191 359 93 482
156 165 -38 1192 357 92 481
157 165 -40 1194 358 95 480
158 163 -39 1195 355 92 481
159 162 -43 1196 352 92 479
160 163 -39 1193 356 96 480
161 165 -38 1196 355 98 482
162 164 -38 1193 355 100 479
163 163 -36 1197 354 99 480
164 165 -37 1196 356 92 481
165 170 -39 1194 354 85 485
166 171 -37 1194 356 85 485
167 173 -37 1191 359 80 482
168 172 -39 1195 356 87 483
169 171 -41 1192 357 90 481
170 166 -42 1193 353 95 480
171 166 -39 1194 354 97 479
172 167 -39 1192 358 97 482
173 168 -38 1196 357 92 480
174 170 -37 1195 354 90 483
175 174 -37 1194 357 85 480
176 172 -38 1196 358 85 481
177 170 -41 1198 358 87 482
178 166 -38 1194 356 92 480
179 166 -40 1195 357 94 478
180 164 -39 1197 354 98 478
181 164 -40 1195 356 97 482
182 164 -39 1198 355 100 480
183 160 -42 1197 356 99 478
184 164 -35 1199 357 96 483
185 164 -38 1196 359 89 481
186 168 -38 1194 360 88 484
187 173 -36 1192 357 87 479
188 171 -36 1196 354 89 480
189 168 -37 1196 353 96 484
190 166 -38 1195 352 93 480
191 167 -38 1193 356 90 482
192 166 -39 1192 355 88 481
193 171 -40 1190 359 85 480
194 172 -36 1192 361 83 483
195 173 -38 1193 360 82 479
196 171 -35 1195 355 86 481
197 167 -39 1196 354 94 479
198 163 -39 1197 351 102 482
199 162 -40 1198 353 100 483
200 163 -38 1196 354 99 482
201 163 -38 1195 354 92 479
202 168 -37 1195 358 91 480
203 169 -37 1195 360 85 482
204 170 -40 1196 362 85 481
205 173 -37 1194 361 84 482
206 172 -38 1196 359 88 481
207 173 -35 1194 355 95 482
208 167 -41 1195 350 101 482
209 162 -36 1198 352 102 481
210 160 -36 1196 354 106 482
211 161 -37 1197 353 98 484
212 168 -35 1194 357 90 483
213 173 -35 1194 359 81 480
214 175 -38 1191 363 76 482
215 178 -32 1193 364 75 480
216 171 -35 1194 361 86 483
217 167 -37 1195 360 91 481
218 160 -41 1194 355 104 479
219 158 -40 1198 347 111 480
220 155 -40 1195 354 108 481
221 155 -39 1198 353 102 479
222 160 -39 1194 361 92 479
223 164 -36 1194 364 80 482
224 171 -33 1196 365 73 484
225 175 -34 1193 367 68 482
226 177 -40 1195 365 71 479
227 178 -39 1192 360 81 479
228 167 -40 1195 355 93 477
229 166 -40 1195 350 108 486
230 157 -38 1198 346 111 483
231 158 -43 1197 348 106 485
232 162 -41 1196 344 96 482
233 171 -38 1193 352 84 481
234 178 -39 1192 359 78 479
235 177 -41 1193 362 74 483
236 171 -40 1192 361 79 480
237 169 -41 1192 359 88 482
238 165 -40 1196 354 93 478
239 158 -41 1191 350 104 479
240 160 -44 1198 348 108 478
241 158 -40 1194 350 109 481
242 155 -40 1195 353 107 480
243 156 -38 1195 358 102 477
244 163 -33 1195 358 85 482
245 166 -37 1195 363 76 481
246 174 -38 1193 365 72 480
247 179 -39 1194 363 75 478
248 174 -40 1192 359 80 481
249 167 -38 1191 358 90 480
250 165 -41 1191 357 94 484
251 163 -39 1192 351 94 483
252 173 -36 1193 351 89 483
253 174 -40 1195 355 83 485
254 178 -36 1191 353 82 484
255 174 -39 1195 358 82 486
256 170 -37 1194 357 90 483
257 163 -37 1196 357 99 482
258 159 -37 1198 354 98 485
259 164 -39 1194 353 102 479
260 165 -37 1194 354 96 480
261 166 -39 1197 360 92 482
262 164 -37 1195 361 96 480
263 162 -37 1194 363 94 485
264 162 -37 1197 360 89 482
265 164 -37 1199 357 94 483
266 164 -40 1197 354 101 481
267 166 -38 1194 351 104 483
268 161 -40 1195 354 101 482
269 162 -39 1193 359 95 479
270 164 -41 1193 358 88 480
271 171 -37 1194 360 75 482
272 179 -37 1191 363 67 481
273 189 -35 1191 363 64 486
274 188 -36 1191 361 69 486
275 179 -37 1192 361 83 481
276 167 -40 1194 352 101 485
277 158 -40 1194 347 114 481
278 151 -36 1199 346 117 480
279 150 -40 1200 348 107 481
280 162 -39 1194 355 97 478
281 167 -41 1194 363 86 481
282 174 -34 1197 367 77 480
283 172 -33 1197 368 78 481
284 172 -38 1194 360 85 481
285 168 -34 1195 354 88 482
286 166 -37 1194 346 102 483
287 163 -38 1198 347 107 484
288 160 -39 1198 350 108 483
289 155 -41 1201 351 106 482
290 159 -36 1197 358 97 478
291 162 -37 1197 362 86 480
292 172 -37 1192 363 76 485
293 179 -35 1196 366 71 480
294 182 -36 1191 366 72 479
295 174 -36 1192 358 86 484
296 168 -35 1198 354 95 482
297 160 -37 1202 349 105 484
298 160 -38 1196 351 108 480
299 162 -38 1197 355 100 480
300 165 -37 1196 356 91 482
301 171 -40 1194 361 82 481
302 175 -40 1191 361 82 480
303 173 -36 1196 361 83 482
304 167 -35 1194 358 88 483
305 168 -39 1198 356 94 480
306 166 -36 1192 353 96 480
307 162 -38 1194 355 96 483
308 166 -37 1194 356 93 484
309 168 -39 1194 357 94 483
310 170 -37 1196 357 90 478
311 165 -40 1192 356 93 480
312 165 -38 1194 359 91 480
313 166 -39 1196 356 89 481
314 165 -40 1196 354 90 483
315 170 -41 1193 354 89 481
316 170 -37 1194 357 92 482
317 169 -36 1197 355 93 480
318 164 -38 1194 355 96 481
319 167 -38 1194 356 93 482
320 166 -35 1196 359 95 482
321 164 -36 1194 355 91 485
322 167 -39 1196 362 93 479
323 168 -38 1197 358 87 480
324 168 -35 1195 358 86 479
325 169 -36 1199 357 89 480
326 169 -41 1195 360 88 480
327 173 -36 1195 360 93 484
328 171 -37 1198 354 93 486
329 168 -38 1198 357 92 486
330 170 -38 1194 356 96 485
331 168 -37 1195 356 94 481
332 165 -40 1196 356 93 482
333 170 -40 1196 352 93 483
334 168 -35 1196 356 91 488
335 169 -41 1197 355 90 484
336 168 -38 1194 355 92 486
337 170 -38 1194 357 94 481
338 165 -37 1197 356 97 481
339 163 -36 1195 354 95 483
340 168 -37 1199 358 92 484
341 168 -34 1195 358 95 486
342 171 -35 1202 359 94 485
343 168 -37 1201 360 94 480
344 169 -39 1197 360 90 483
345 166 -36 1197 363 91 482
346 167 -33 1195 358 88 480
347 167 -36 1198 357 90 480
348 168 -38 1196 358 88 482
349 170 -37 1196 357 89 480
350 169 -37 1195 359 89 484
351 173 -34 1197 360 93 483
352 168 -36 1195 359 94 483
353 167 -38 1198 355 95 482
354 168 -34 1196 356 97 485
355 167 -40 1194 360 94 482
356 171 -38 1199 360 92 480
357 168 -39 1198 361 92 484
358 167 -35 1196 359 92 480
359 168 -38 1196 355 96 480
360 167 -34 1198 358 97 484
361 167 -37 1196 359 92 484
362 171 -40 1196 362 93 486
363 169 -34 1198 362 92 486
364 170 -37 1194 361 88 481
365 168 -38 1194 358 90 483
366 162 -37 1196 358 94 481
367 164 -36 1196 357 97 484
368 165 -41 1194 358 93 480
369 169 -41 1196 356 88 483
370 170 -38 1195 358 88 481
371 172 -38 1194 361 88 480
372 169 -38 1195 357 91 488
373 167 -33 1197 358 91 484
374 167 -43 1196 358 93 484
375 170 -37 1194 357 90 480
376 171 -35 1195 356 91 486
377 167 -37 1196 360 93 481
378 170 -35 1193 359 93 484
379 166 -38 1192 356 100 482
380 164 -37 1195 357 100 483
381 164 -36 1196 357 94 481
382 169 -39 1195 357 89 480
383 168 -38 1196 356 90 482
384 168 -37 1196 358 87 482
385 168 -40 1197 356 90 480
386 165 -37 1195 357 93 479
387 167 -38 1198 358 94 486
388 165 -32 1195 356 94 480
389 165 -39 1191 356 90 476
390 166 -40 1191 360 85 481
391 170 -35 1192 358 88 486
392 168 -35 1194 352 90 479
393 167 -44 1190 356 93 478
394 166 -42 1193 359 89 486
395 169 -37 1200 354 88 483
396 169 -38 1195 358 84 478
397 170 -39 1192 351 89 480
398 170 -38 1190 355 95 485
399 168 -40 1195 355 97 480
400 161 -40 1194 357 98 483
401 165 -36 1198 356 94 482
402 169 -36 1196 354 88 478
403 170 -41 1192 356 90 481
404 167 -36 1196 352 90 482
405 168 -37 1199 353 93 481
406 165 -40 1194 357 94 479
407 163 -40 1192 357 94 483
408 164 -36 1198 356 90 485
409 169 -34 1197 354 89 480
410 171 -42 1189 358 85 473
411 170 -43 1188 359 86 482
412 169 -31 1200 362 87 488
413 166 -33 1198 358 87 477
414 165 -45 1188 353 91 474
415 166 -39 1189 351 93 487
416 168 -30 1205 352 91 484
417 170 -40 1196 356 91 475
418 168 -42 1190 356 92 479
419 164 -32 1199 354 93 488
420 166 -34 1201 359 93 483
421 166 -42 1190 358 88 480
422 171 -36 1191 354 90 488
423 173 -36 1195 355 88 480
424 169 -39 1193 356 89 476
425 167 -37 1194 356 92 484
426 168 -34 1201 353 97 481
427 165 -40 1194 351 101 475
428 162 -43 1191 352 97 480
429 165 -34 1200 357 91 489
430 166 -32 1204 359 84 483
431 170 -45 1191 361 88 473
432 169 -44 1186 361 85 483
433 171 -32 1199 358 86 492
434 171 -32 1201 356 88 482
435 167 -48 1184 355 90 468
436 171 -44 1185 358 88 486
437 168 -25 1205 360 88 496
438 169 -33 1204 354 90 476
439 166 -50 1182 351 101 475
440 162 -39 1197 352 98 489
441 166 -25 1204 358 89 488
442 171 -38 1199 360 85 478
443 168 -46 1191 356 90 478
444 168 -37 1195 355 93 484
445 168 -35 1196 357 88 482
446 164 -38 1195 356 94 481
447 166 -41 1195 356 96 480
448 168 -37 1198 355 94 483
449 167 -39 1195 355 96 481
450 165 -38 1197 357 92 482
451 166 -34 1196 358 93 483
452 165 -38 1195 357 87 482
453 163 -34 1194 359 88 479
454 169 -38 1193 358 86 482
455 168 -42 1193 356 87 482
456 167 -39 1192 358 84 481
457 168 -38 1195 357 85 479
458 166 -39 1193 360 89 480
459 164 -35 1194 354 93 481
460 163 -37 1194 353 95 480
461 165 -40 1192 355 94 479
462 167 -35 1193 353 89 479
463 167 -39 1193 358 89 484
464 169 -37 1194 358 86 480
465 171 -37 1193 354 88 480
466 166 -39 1194 356 90 481
467 166 -37 1194 354 92 479
468 162 -40 1192 355 92 478
469 167 -41 1193 354 89 480
470 164 -38 1192 355 92 484
471 163 -40 1196 356 91 481
472 163 -36 1194 353 94 482
473 166 -37 1195 356 91 483
474 169 -38 1194 358 90 481
475 166 -37 1192 359 89 481
476 168 -39 1194 357 87 477
477 166 -41 1194 356 83 481
478 165 -38 1194 357 89 479
479 164 -40 1193 354 87 481
480 166 -38 1192 355 87 479
481 165 -38 1196 356 91 482
482 165 -38 1193 355 93 480
483 164 -35 1193 356 92 477
484 164 -40 1193 356 92 482
485 165 -39 1198 352 90 483
486 168 -36 1195 356 87 481
487 169 -36 1195 356 89 480
488 168 -38 1192 354 89 483
489 167 -36 1192 356 89 480
490 165 -37 1193 355 91 480
491 166 -40 1194 355 89 476
492 165 -36 1196 356 95 482
493 163 -37 1195 355 95 484
494 167 -38 1194 352 95 479
495 165 -38 1196 354 94 481
496 164 -38 1193 356 93 482
497 167 -38 1197 357 89 481
498 166 -38 1192 357 86 482
499 172 -37 1195 358 86 485
500 173 -38 1193 358 88 482
501 168 -35 1196 359 90 482
502 166 -36 1194 355 91 477
503 167 -41 1192 350 91 482
504 163 -36 1192 354 92 479
505 168 -38 1195 352 92 485
506 168 -36 1198 354 90 480
507 169 -38 1194 354 86 482
508 170 -37 1192 355 89 480
509 170 -35 1195 357 84 482
510 166 -37 1194 357 88 480
511 167 -39 1194 356 88 480
512 168 -40 1196 355 91 481
513 170 -36 1197 356 94 484
514 167 -37 1193 354 94 482
515 169 -37 1198 353 92 482
516 167 -39 1193 354 94 477
517 165 -38 1194 356 92 483
518 165 -38 1192 355 91 483
519 168 -35 1194 358 88 481
520 168 -38 1193 355 87 480
521 166 -37 1193 360 87 482
522 170 -37 1191 358 88 478
523 168 -40 1192 356 91 480
524 168 -36 1198 359 87 482
525 166 -40 1196 357 93 482
526 164 -36 1194 355 92 481
527 167 -36 1193 352 94 484
528 172 -40 1196 357 94 482
529 169 -34 1200 356 88 479
530 167 -37 1195 356 93 482
531 168 -37 1195 356 93 481
532 167 -39 1195 360 89 480
533 168 -35 1196 359 89 479
534 171 -34 1193 356 88 481
535 171 -39 1195 355 89 484
536 169 -38 1198 357 87 480
537 167 -35 1193 354 89 480
538 163 -36 1197 357 94 481
539 164 -39 1194 358 95 479
540 163 -38 1193 356 94 479
541 165 -38 1196 355 97 482
542 168 -38 1194 357 90 484
543 169 -41 1195 359 87 482
544 171 -41 1193 356 86 484
545 166 -34 1194 360 89 480
546 168 -34 1196 353 91 480
547 162 -38 1193 356 91 481
548 167 -37 1195 354 88 482
549 167 -41 1193 354 89 479
550 164 -37 1193 357 91 480
551 170 -37 1197 356 92 481
552 167 -39 1195 356 94 484
553 167 -35 1194 356 89 481
554 166 -36 1198 359 91 482
555 163 -38 1194 358 88 481
556 168 -40 1193 357 87 483
557 170 -38 1195 359 88 484
558 168 -34 1197 356 88 483
559 168 -38 1194 355 93 481
560 166 -38 1195 356 93 480
561 166 -36 1195 355 93 479
562 164 -41 1198 358 94 481
563 168 -37 1194 354 88 480
564 167 -39 1192 354 88 478
565 169 -38 1191 356 87 479
566 168 -39 1192 354 85 480
567 166 -42 1189 355 84 478
568 167 -39 1192 354 88 481
569 165 -38 1190 356 86 480
570 168 -38 1193 353 87 481
571 166 -40 1192 353 87 479
572 166 -38 1192 354 87 480
573 165 -39 1193 352 88 482
574 162 -39 1193 354 93 479
575 158 -39 1193 352 91 476
576 162 -38 1193 352 92 479
577 168 -39 1191 353 88 483
578 169 -37 1195 353 88 480
579 167 -38 1195 357 89 481
580 173 -36 1194 357 88 480
581 168 -39 1193 356 88 483
582 167 -39 1196 358 88 479
583 162 -38 1194 355 90 478
584 167 -33 1192 356 92 483
585 166 -38 1196 354 90 482
586 169 -35 1195 352 88 481
587 167 -39 1195 355 88 484
588 168 -38 1192 355 87 480
589 169 -37 1196 357 90 479
590 170 -37 1193 355 90 481
591 168 -37 1194 355 87 480
592 165 -37 1194 356 89 480
593 170 -35 1195 358 89 482
594 170 -40 1195 357 90 482
595 167 -40 1193 353 90 481
596 167 -37 1192 353 93 481
597 165 -36 1193 355 93 480
598 166 -37 1195 357 92 481
599 166 -39 1199 353 90 481
600 168 -41 1196 356 93 484
601 169 -36 1197 356 90 481
602 170 -35 1196 357 88 482
603 168 -39 1193 353 88 482
604 171 -36 1191 359 91 483
605 166 -37 1195 356 91 483
606 167 -38 1195 358 92 479
607 162 -38 1194 355 89 483
608 168 -38 1192 356 89 483
609 172 -38 1193 354 90 478
610 168 -38 1194 353 91 478
611 166 -37 1192 358 91 480
612 169 -36 1194 356 92 485
613 167 -39 1195 355 90 483
614 167 -37 1194 357 90 481
615 170 -38 1193 353 89 482
616 169 -34 1194 357 85 481
617 171 -40 1196 356 89 479
618 167 -37 1192 356 88 481
619 166 -39 1194 357 89 480
620 168 -37 1195 356 92 477
621 162 -36 1195 354 92 480
622 166 -38 1194 355 93 480
623 169 -40 1195 352 90 482
624 167 -40 1197 356 92 482
625 163 -36 1193 354 90 482
626 162 -38 1194 358 89 480
627 169 -37 1194 357 89 483
628 168 -40 1194 356 86 480
629 169 -36 1195 356 86 483
630 174 -37 1194 355 88 484
631 168 -38 1195 358 84 478
632 164 -38 1194 359 90 479
633 162 -37 1193 353 95 481
634 163 -38 1197 354 94 480
635 165 -40 1196 356 94 479
636 166 -40 1193 355 88 482
637 169 -39 1193 359 86 477
638 167 -36 1196 359 86 480
639 168 -41 1194 357 86 483
640 169 -35 1193 359 86 482
641 168 -37 1194 357 89 483
642 168 -37 1196 358 89 478
643 166 -38 1192 357 87 481
644 163 -40 1194 355 91 482
645 165 -37 1196 357 92 480
646 163 -39 1197 356 94 480
647 167 -39 1196 352 96 483
648 168 -36 1196 351 91 479
649 164 -40 1197 356 86 478
650 170 -35 1193 359 82 481
651 171 -37 1197 359 81 483
652 171 -38 1191 355 83 478
653 168 -37 1194 354 87 482
654 168 -39 1195 356 91 480
655 165 -41 1194 354 95 482
656 164 -40 1191 354 97 481
657 163 -36 1196 354 93 480
658 163 -35 1195 354 93 482
659 168 -43 1194 352 91 478
660 168 -38 1193 356 87 479
661 169 -37 1194 354 84 480
662 169 -34 1195 358 87 485
663 168 -40 1195 359 86 478
664 170 -38 1193 359 87 479
665 166 -36 1195 354 90 480
666 167 -41 1192 352 91 482
667 170 -37 1193 355 95 481
668 166 -39 1197 354 93 484
669 169 -36 1195 356 92 480
670 162 -37 1195 353 92 480
671 166 -38 1196 352 93 484
672 169 -38 1197 351 86 479
673 170 -37 1198 352 91 482
674 170 -37 1192 360 85 480
675 166 -38 1195 356 83 480
676 164 -40 1192 358 85 479
677 164 -38 1194 354 90 479
678 167 -40 1191 355 88 479
679 165 -40 1196 351 92 479
680 166 -38 1194 354 95 479
681 165 -45 1194 351 92 481
682 164 -41 1194 356 91 480
683 166 -36 1196 352 90 482
684 164 -40 1193 357 88 479
685 166 -42 1192 353 88 478
686 165 -41 1192 355 85 479
687 166 -35 1192 351 81 480
688 167 -43 1189 357 81 480
689 168 -42 1188 354 83 478
690 165 -38 1192 351 87 482
691 167 -40 1191 350 93 478
692 160 -40 1188 348 95 480
693 162 -39 1193 353 97 479
694 160 -40 1194 354 95 479
695 165 -41 1192 358 86 479
696 168 -40 1194 356 85 478
697 169 -39 1192 358 85 482
698 167 -40 1193 358 82 478
699 167 -41 1191 355 88 478
700 166 -36 1195 357 88 482
701 166 -38 1193 356 89 483
702 165 -39 1194 356 90 475
703 165 -42 1193 353 91 479
704 167 -36 1199 352 92 483
705 167 -38 1197 354 92 479
706 161 -44 1192 354 93 478
707 163 -36 1193 357 91 482
708 165 -36 1191 356 86 479
709 166 -34 1192 360 88 478
710 167 -40 1190 356 84 477
711 171 -40 1191 359 83 482
712 172 -38 1196 355 87 481
713 163 -36 1195 355 92 478
714 167 -41 1192 353 99 480
715 161 -38 1194 352 98 478
716 161 -38 1196 351 92 479
717 163 -38 1193 355 90 480
718 166 -37 1192 353 87 480
719 168 -41 1190 355 88 478
720 165 -36 1194 355 83 482
721 166 -41 1193 358 82 480
722 164 -38 1192 357 83 479
723 168 -42 1192 358 87 482
724 169 -38 1191 352 88 476
725 163 -40 1192 355 91 480
726 165 -39 1196 353 91 482
727 164 -36 1194 353 92 477
728 161 -41 1192 358 92 477
729 166 -40 1193 355 87 481
730 166 -36 1192 354 84 477
731 164 -41 1191 354 83 473
732 167 -44 1187 354 83 479
733 165 -38 1193 354 85 480
734 164 -37 1197 354 88 478
735 163 -43 1189 352 90 474
736 164 -44 1186 347 91 475
737 163 -36 1194 352 93 479
738 162 -38 1192 353 90 482
739 164 -41 1191 350 91 479
740 161 -44 1190 356 88 477
741 162 -38 1193 353 87 479
742 164 -38 1197 354 87 480
743 164 -42 1191 355 86 476
744 165 -42 1187 352 87 479
745 167 -38 1194 361 88 482
746 169 -40 1195 358 87 480
747 170 -40 1192 357 90 479
748 166 -39 1192 354 90 476
749 168 -42 1192 355 88 478
750 167 -41 1190 354 88 480
751 166 -40 1194 352 90 480
752 165 -38 1190 354 87 480
753 165 -40 1190 354 89 479
754 165 -40 1193 354 90 480
755 165 -40 1194 357 88 479
756 168 -35 1192 359 87 482
757 168 -39 1194 354 89 481
758 168 -43 1192 356 91 482
759 164 -37 1195 355 94 482
760 160 -39 1194 356 94 480
761 168 -41 1192 356 92 481
762 170 -40 1194 355 89 482
763 166 -35 1192 353 91 480
764 168 -40 1192 352 91 480
765 167 -36 1195 357 88 483
766 165 -37 1193 357 88 482
767 165 -36 1193 352 84 478
768 171 -37 1192 356 87 482
769 174 -36 1198 355 88 481
770 168 -40 1191 351 88 482
771 167 -38 1192 356 94 481
772 163 -39 1193 352 93 481
773 161 -38 1194 352 92 481
774 164 -38 1190 354 87 480
775 169 -41 1190 354 85 481
776 170 -36 1192 359 87 484
777 172 -39 1192 355 88 480
778 167 -37 1191 356 86 482
779 166 -38 1193 355 90 482
780 165 -39 1196 354 88 478
781 167 -40 1194 354 92 482
782 168 -40 1193 355 94 483
783 166 -37 1194 354 92 480
784 164 -40 1195 355 92 480
785 164 -39 1190 358 92 481
786 166 -39 1194 357 88 482
787 166 -39 1194 357 87 476
788 169 -40 1190 359 84 477
789 169 -38 1189 355 86 480
790 170 -38 1191 359 88 483
791 164 -37 1193 355 91 479
792 165 -41 1195 355 93 480
793 162 -39 1192 355 93 480
794 166 -38 1193 355 93 481
795 165 -37 1194 357 92 483
796 167 -36 1192 358 85 481
797 171 -35 1197 358 83 481
798 169 -39 1193 359 85 482
799 169 -39 1194 356 84 481
800 166 -37 1193 355 87 482
801 166 -38 1192 353 95 477
802 162 -38 1190 351 96 479
803 165 -38 1194 353 94 481
804 170 -37 1195 353 93 481
805 167 -40 1196 354 91 480
806 167 -38 1193 356 93 480
807 171 -40 1194 356 87 482
808 165 -38 1194 358 91 482
809 167 -36 1195 360 89 479
810 167 -35 1190 356 88 482
811 167 -35 1195 357 88 483
812 167 -40 1194 354 87 483
813 168 -38 1192 357 87 480
814 166 -36 1193 358 91 479
815 163 -40 1193 354 91 480
816 164 -38 1193 355 91 475
817 163 -40 1196 357 88 478
818 166 -38 1193 356 87 480
819 168 -38 1191 357 87 480
820 169 -36 1195 357 88 481
821 167 -35 1194 356 89 482
822 164 -38 1195 359 89 482
823 165 -35 1197 356 91 479
824 164 -38 1191 359 95 479
825 164 -38 1192 354 91 482
826 169 -37 1193 353 90 480
827 168 -40 1194 353 93 480
828 166 -37 1197 354 89 483
829 164 -38 1191 359 88 483
830 166 -39 1193 357 93 476
831 163 -37 1196 356 93 478
832 168 -38 1192 355 89 482
833 167 -37 1192 358 85 484
834 169 -40 1194 354 83 481
835 169 -41 1193 357 86 480
836 166 -38 1194 358 89 482
837 167 -39 1195 357 89 479
838 166 -41 1194 353 94 481
839 165 -44 1191 351 99 478
840 164 -38 1193 356 97 482
841 166 -38 1191 355 88 482
842 169 -38 1193 359 87 480
843 170 -41 1195 358 86 478
844 167 -38 1193 359 86 480
845 163 -40 1192 360 90 481
846 166 -37 1192 354 85 480
847 169 -39 1192 352 89 481
848 167 -38 1193 352 88 482
849 164 -35 1193 356 93 481
850 170 -36 1194 356 95 483
851 164 -38 1195 350 96 481
852 163 -39 1193 355 99 480
853 167 -38 1192 361 90 481
854 170 -38 1193 357 83 481
855 170 -37 1196 360 84 480
856 172 -40 1192 358 86 480
857 166 -40 1197 354 87 484
858 169 -40 1192 355 92 479
859 168 -40 1193 353 93 481
860 164 -41 1192 351 96 481
861 166 -40 1192 354 94 481
862 166 -38 1196 352 92 481
863 165 -38 1195 354 88 479
864 167 -42 1190 354 86 477
865 170 -40 1195 356 86 479
866 167 -37 1197 356 86 482
867 168 -41 1192 357 85 478
868 167 -37 1190 356 88 478
869 168 -40 1192 354 87 476
870 167 -40 1190 355 88 479
871 166 -41 1196 355 90 481
872 166 -40 1191 351 92 480
873 167 -37 1192 355 92 481
874 164 -40 1194 352 91 480
875 166 -39 1193 354 89 481
876 165 -38 1193 354 85 479
877 164 -38 1192 355 84 480
878 168 -39 1190 353 85 481
879 168 -38 1193 354 88 482
880 166 -37 1192 354 90 478
881 161 -38 1192 356 93 480
882 164 -40 1194 356 92 480
883 167 -35 1193 355 94 482
884 168 -37 1194 355 91 481
885 168 -39 1192 356 89 481
886 168 -38 1193 357 90 479
887 168 -37 1196 359 90 482
888 168 -36 1194 356 88 480
889 167 -38 1194 355 88 479
890 170 -40 1192 354 88 480
891 172 -37 1195 355 88 480
892 168 -38 1192 353 86 480
893 167 -36 1193 356 91 478
894 166 -38 1195 358 91 481
895 165 -38 1195 355 95 484
896 166 -38 1195 356 94 482
897 165 -39 1194 354 91 478
898 168 -36 1196 357 91 480
899 164 -37 1192 360 89 482
900 168 -41 1194 357 86 484
901 166 -36 1193 356 89 478
902 167 -36 1194 356 89 479
903 166 -39 1193 356 96 482
904 165 -38 1193 352 92 481
905 168 -36 1198 356 93 482
906 168 -41 1196 357 92 479
907 166 -40 1195 350 94 481
908 165 -37 1194 356 93 478
909 166 -36 1195 356 87 479
910 166 -41 1193 356 86 481
911 167 -39 1189 353 84 483
912 166 -33 1194 355 85 480
913 168 -38 1193 355 88 480
914 166 -39 1196 353 86 479
915 163 -39 1192 355 91 479
916 165 -40 1196 354 92 482
917 160 -40 1191 353 96 480
918 159 -38 1194 354 94 479
919 162 -42 1193 355 88 479
920 165 -41 1195 356 83 479
921 170 -41 1193 355 88 480
922 167 -36 1191 356 85 481
923 166 -39 1190 355 84 481
924 163 -40 1192 356 88 477
925 160 -39 1193 355 92 480
926 162 -37 1192 352 95 483
927 163 -37 1191 354 92 482
928 167 -38 1195 352 90 479
929 167 -42 1193 352 90 478
930 165 -40 1194 355 90 479
931 164 -39 1192 360 89 483
932 164 -38 1192 355 86 481
933 166 -40 1192 358 88 479
934 169 -37 1192 355 88 483
935 171 -38 1191 353 88 480
936 168 -38 1196 354 90 479
937 168 -35 1194 354 92 481
938 164 -41 1194 353 94 480
939 158 -41 1190 355 91 478
940 165 -37 1190 356 92 482
941 165 -38 1193 356 93 480
942 170 -41 1192 358 88 481
943 171 -40 1193 357 86 480
944 172 -39 1195 356 89 483
945 166 -35 1194 351 96 478
946 166 -40 1196 355 92 478
947 164 -39 1197 355 92 478
948 168 -38 1195 356 88 481
949 169 -40 1194 358 90 483
950 169 -39 1192 356 88 480
951 170 -35 1193 355 85 481
952 168 -37 1190 357 89 480
953 166 -38 1194 356 92 480
954 168 -39 1193 355 95 480
955 166 -40 1193 356 90 481
956 167 -40 1191 356 88 481
957 166 -38 1194 358 92 481
958 168 -37 1195 355 89 482
959 168 -38 1195 354 91 481
960 169 -37 1193 354 91 481
961 170 -36 1192 356 89 480
962 166 -37 1191 355 92 480
963 167 -39 1193 358 90 482
964 166 -37 1195 355 91 483
965 169 -39 1192 354 87 480
966 168 -40 1192 355 92 483
967 166 -38 1195 351 95 482
968 167 -37 1194 355 90 478
969 165 -37 1197 355 92 482
970 165 -39 1197 356 90 478
971 165 -37 1196 356 88 478
972 170 -39 1192 357 87 480
973 168 -37 1193 356 86 484
974 170 -36 1192 357 89 481
975 165 -39 1195 359 90 481
976 165 -40 1194 356 93 483
977 165 -36 1192 357 89 478
978 167 -39 1190 356 90 481
979 168 -36 1192 355 88 486
980 169 -32 1195 351 88 479
981 171 -39 1193 352 90 480
982 167 -39 1192 356 88 481
983 162 -37 1190 356 90 481
984 167 -37 1194 359 92 483
985 167 -36 1195 356 93 483
986 170 -38 1195 353 89 482
987 168 -38 1195 356 92 481
988 167 -37 1193 358 92 483
989 166 -38 1198 358 91 482
990 164 -37 1195 356 92 481
991 165 -37 1194 357 91 480
992 164 -39 1193 355 89 480
993 165 -37 1195 356 88 483
994 166 -40 1192 355 87 482
995 168 -36 1193 358 92 480
996 166 -38 1195 357 91 482
997 166 -35 1194 357 88 482
998 167 -40 1192 357 93 479
999 166 -39 1197 357 88 479
0 -3308 -4588 6516 -2674 6646 525
1 -3310 -4587 6515 -2673 6648 527
2 -3309 -4589 6512 -2675 6649 528
3 -3308 -4589 6516 -2676 6647 527
4 -3310 -4588 6510 -2677 6644 528
5 -3306 -4590 6511 -2674 6640 525
6 -3306 -4589 6514 -2675 6646 524
7 -3310 -4591 6508 -2673 6641 524
8 -3305 -4590 6509 -2672 6644 522
9 -3310 -4590 6513 -2675 6645 526
10 -3310 -4590 6508 -2674 6644 524
11 -3305 -4592 6508 -2672 6640 526
12 -3307 -4590 6507 -2671 6643 526
13 -3305 -4592 6512 -2674 6642 524
14 -3305 -4596 6510 -2674 6642 521
15 -3306 -4594 6506 -2671 6645 523
16 -3306 -4597 6507 -2677 6646 523
17 -3307 -4596 6506 -2675 6643 522
18 -3305 -4597 6508 -2669 6637 521
19 -3301 -4594 6505 -2672 6637 522
20 -3298 -4597 6506 -2672 6636 522
21 -3301 -4596 6502 -2674 6638 521
22 -3302 -4600 6501 -2675 6640 520
23 -3302 -4598 6502 -2676 6640 520
24 -3303 -4596 6502 -2672 6645 524
25 -3300 -4598 6505 -2669 6643 518
26 -3302 -4600 6505 -2673 6641 519
27 -3298 -4600 6507 -2672 6641 518
28 -3300 -4597 6502 -2674 6636 518
29 -3297 -4601 6499 -2670 6636 519
30 -3296 -4602 6498 -2671 6632 520
31 -3297 -4603 6499 -2670 6634 518
32 -3298 -4600 6501 -2670 6636 517
33 -3300 -4604 6498 -2670 6634 516
34 -3295 -4603 6497 -2673 6635 516
35 -3296 -4607 6497 -2671 6635 517
36 -3294 -4605 6497 -2671 6635 520
37 -3296 -4604 6497 -2670 6636 514
38 -3301 -4608 6496 -2669 6637 516
39 -3297 -4608 6494 -2672 6632 514
40 -3299 -4610 6494 -2670 6628 515
41 -3292 -4609 6494 -2672 6624 513
42 -3293 -4609 6492 -2672 6626 513
43 -3290 -4610 6490 -2674 6629 512
44 -3291 -4609 6489 -2667 6628 515
45 -3295 -4612 6490 -2667 6631 512
46 -3293 -4611 6490 -2670 6629 513
47 -3291 -4611 6489 -2669 6630 510
48 -3290 -4614 6489 -2669 6630 510
49 -3287 -4611 6492 -2669 6628 515
50 -3286 -4611 6489 -2664 6625 509
51 -3287 -4614 6493 -2666 6627 511
52 -3287 -4614 6485 -2666 6623 511
53 -3288 -4619 6487 -2665 6625 509
54 -3287 -4615 6484 -2667 6623 507
55 -3283 -4616 6484 -2665 6620 508
56 -3284 -4618 6482 -2666 6626 508
57 -3285 -4617 6484 -2664 6619 507
58 -3283 -4618 6482 -2665 6623 506
59 -3284 -4620 6485 -2667 6624 507
60 -3281 -4623 6482 -2666 6624 503
61 -3281 -4623 6481 -2665 6617 507
62 -3278 -4621 6477 -2666 6618 506
63 -3278 -4621 6480 -2662 6615 505
64 -3272 -4621 6475 -2661 6615 506
65 -3277 -4621 6480 -2661 6617 508
66 -3275 -4622 6476 -2663 6617 504
67 -3276 -4625 6476 -2663 6617 505
68 -3275 -4626 6475 -2664 6615 500
69 -3276 -4628 6475 -2664 6615 503
70 -3275 -4629 6474 -2663 6611 503
71 -3272 -4629 6469 -2661 6610 502
72 -3272 -4631 6475 -2663 6609 500
73 -3270 -4633 6472 -2663 6609 500
74 -3271 -4631 6469 -2662 6609 499
75 -3271 -4634 6470 -2656 6605 498
76 -3270 -4632 6468 -2660 6603 501
77 -3267 -4634 6469 -2656 6603 497
78 -3266 -4634 6469 -2660 6602 501
79 -3268 -4635 6465 -2658 6602 497
80 -3263 -4636 6468 -2662 6601 496
81 -3264 -4639 6461 -2660 6605 494
82 -3265 -4637 6464 -2659 6605 496
83 -3266 -4643 6465 -2658 6601 491
84 -3263 -4641 6462 -2656 6600 493
85 -3259 -4643 6464 -2655 6596 494
86 -3255 -4642 6461 -2653 6595 495
87 -3256 -4641 6460 -2657 6599 493
88 -3259 -4646 6458 -2655 6596 490
89 -3260 -4647 6456 -2658 6596 494
90 -3260 -4648 6457 -2653 6598 490
91 -3255 -4648 6454 -2657 6591 492
92 -3257 -4650 6454 -2654 6594 489
93 -3253 -4651 6452 -2653 6589 488
94 -3252 -4651 6451 -2652 6583 485
95 -3252 -4653 6451 -2647 6590 488
96 -3249 -4652 6451 -2651 6589 489
97 -3252 -4655 6452 -2649 6585 489
98 -3250 -4652 6450 -2650 6584 485
99 -3251 -4655 6450 -2652 6582 486
100 -3242 -4657 6449 -2652 6580 483
101 -3242 -4661 6447 -2649 6579 484
102 -3244 -4658 6446 -2648 6584 484
103 -3244 -4660 6443 -2650 6580 484
104 -3242 -4661 6441 -2648 6583 485
105 -3243 -4663 6444 -2647 6576 482
106 -3240 -4661 6443 -2648 6577 482
107 -3235 -4663 6439 -2646 6573 480
108 -3236 -4664 6442 -2645 6570 479
109 -3237 -4664 6436 -2647 6567 477
110 -3238 -4668 6435 -2647 6573 482
111 -3238 -4667 6437 -2645 6573 476
112 -3238 -4669 6435 -2645 6569 476
113 -3234 -4669 6434 -2642 6571 476
114 -3228 -4666 6434 -2642 6565 474
115 -3227 -4671 6435 -2642 6561 473
116 -3230 -4674 6430 -2640 6562 473
117 -3231 -4674 6427 -2641 6564 470
118 -3230 -4676 6426 -2640 6565 471
119 -3230 -4679 6426 -2641 6563 469
120 -3231 -4675 6427 -2640 6559 473
121 -3224 -4679 6424 -2639 6556 470
122 -3223 -4682 6423 -2636 6558 471
123 -3224 -4682 6424 -2639 6556 470
124 -3221 -4682 6420 -2636 6552 468
125 -3223 -4686 6420 -2637 6553 465
126 -3222 -4685 6419 -2635 6551 467
127 -3217 -4682 6418 -2634 6552 465
128 -3217 -4688 6420 -2639 6548 466
129 -3214 -4690 6413 -2634 6547 463
130 -3216 -4689 6413 -2634 6547 464
131 -3213 -4693 6413 -2634 6549 464
132 -3216 -4691 6411 -2631 6546 462
133 -3214 -4691 6414 -2635 6543 460
134 -3209 -4694 6406 -2635 6542 464
135 -3208 -4695 6411 -2630 6541 461
136 -3209 -4695 6410 -2632 6540 458
137 -3208 -4701 6407 -2630 6541 461
138 -3206 -4698 6407 -2630 6535 455
139 -3203 -4703 6402 -2628 6535 458
140 -3202 -4701 6403 -2628 6531 455
141 -3203 -4702 6402 -2628 6529 459
142 -3196 -4704 6400 -2626 6527 456
143 -3198 -4702 6401 -2626 6524 455
144 -3197 -4704 6401 -2628 6527 454
145 -3195 -4705 6398 -2626 6526 452
146 -3197 -4707 6397 -2628 6526 447
147 -3194 -4711 6396 -2629 6526 454
148 -3192 -4708 6398 -2626 6526 455
149 -3193 -4711 6392 -2624 6523 451
150 -3187 -4712 6393 -2624 6520 451
151 -3190 -4713 6392 -2623 6516 449
152 -3185 -4713 6392 -2619 6519 454
153 -3186 -4712 6388 -2622 6519 446
154 -3184 -4717 6391 -2626 6520 447
155 -3183 -4717 6388 -2618 6518 447
156 -3181 -4723 6388 -2620 6513 446
157 -3181 -4721 6386 -2618 6513 446
158 -3179 -4720 6385 -2620 6509 444
159 -3178 -4723 6380 -2620 6510 443
160 -3176 -4721 6383 -2619 6507 444
161 -3180 -4725 6380 -2616 6508 442
162 -3174 -4727 6375 -2615 6505 443
163 -3173 -4728 6377 -2616 6497 440
164 -3170 -4726 6378 -2615 6500 443
165 -3170 -4727 6376 -2616 6500 438
166 -3168 -4728 6375 -2614 6499 440
167 -3170 -4734 6372 -2615 6499 437
168 -3169 -4733 6372 -2615 6497 433
169 -3168 -4736 6370 -2612 6496 434
170 -3168 -4736 6368 -2614 6495 434
171 -3164 -4737 6368 -2612 6492 433
172 -3164 -4739 6368 -2612 6489 435
173 -3160 -4740 6364 -2611 6486 433
174 -3158 -4739 6365 -2610 6485 433
175 -3157 -4742 6363 -2609 6486 428
176 -3159 -4740 6361 -2610 6486 432
177 -3162 -4747 6361 -2609 6488 432
178 -3160 -4747 6362 -2607 6486 429
179 -3160 -4746 6362 -2607 6482 428
180 -3153 -4744 6359 -2604 6482 428
181 -3150 -4748 6359 -2608 6476 429
182 -3150 -4747 6357 -2605 6473 428
183 -3150 -4749 6357 -2603 6476 428
184 -3151 -4749 6354 -2602 6475 427
185 -3148 -4752 6354 -2603 6472 424
186 -3149 -4753 6351 -2600 6471 422
187 -3147 -4753 6348 -2605 6469 424
188 -3144 -4757 6347 -2602 6466 424
189 -3141 -4754 6353 -2604 6464 423
190 -3143 -4758 6348 -2602 6470 422
191 -3144 -4759 6346 -2600 6465 417
192 -3143 -4762 6344 -2599 6461 420
193 -3140 -4757 6343 -2598 6460 420
194 -3137 -4760 6346 -2598 6459 418
195 -3135 -4763 6343 -2597 6460 418
196 -3133 -4762 6341 -2597 6458 420
197 -3133 -4763 6343 -2596 6461 419
198 -3135 -4762 6339 -2597 6460 417
199 -3135 -4766 6341 -2593 6456 418
200 -3131 -4764 6339 -2599 6455 417
201 -3124 -4768 6336 -2593 6453 419
202 -3125 -4765 6339 -2596 6447 415
203 -3124 -4768 6340 -2592 6450 414
204 -3124 -4770 6335 -2588 6447 412
205 -3128 -4770 6336 -2591 6448 412
206 -3127 -4771 6334 -2588 6447 410
207 -3122 -4773 6331 -2588 6447 413
208 -3119 -4773 6334 -2590 6441 409
209 -3118 -4773 6330 -2589 6439 412
210 -3117 -4774 6330 -2586 6440 412
211 -3119 -4776 6330 -2587 6436 409
212 -3116 -4778 6330 -2587 6437 407
213 -3118 -4776 6327 -2587 6437 410
214 -3118 -4778 6328 -2584 6435 409
215 -3114 -4781 6328 -2583 6436 409
216 -3111 -4781 6326 -2581 6430 408
217 -3110 -4781 6327 -2580 6427 407
218 -3112 -4782 6329 -2581 6430 403
219 -3112 -4783 6324 -2582 6432 406
220 -3110 -4782 6323 -2582 6434 408
221 -3109 -4786 6320 -2580 6431 403
222 -3112 -4787 6320 -2580 6426 404
223 -3106 -4785 6319 -2577 6421 403
224 -3104 -4785 6319 -2576 6418 406
225 -3098 -4785 6320 -2574 6420 402
226 -3104 -4786 6318 -2576 6421 403
227 -3100 -4787 6317 -2576 6416 403
228 -3101 -4790 6316 -2573 6415 403
229 -3103 -4789 6316 -2575 6414 402
230 -3099 -4791 6313 -2573 6412 402
231 -3100 -4792 6316 -2572 6412 400
232 -3098 -4793 6315 -2575 6416 399
233 -3095 -4793 6317 -2575 6415 401
234 -3094 -4792 6313 -2571 6411 399
235 -3095 -4793 6313 -2569 6409 400
236 -3094 -4796 6309 -2567 6407 401
237 -3089 -4792 6313 -2571 6405 398
238 -3088 -4795 6314 -2571 6405 400
239 -3087 -4798 6308 -2569 6405 396
240 -3089 -4793 6311 -2565 6405 396
241 -3088 -4799 6307 -2567 6405 395
242 -3091 -4798 6310 -2568 6403 395
243 -3089 -4800 6308 -2566 6403 396
244 -3089 -4797 6309 -2564 6403 397
245 -3085 -4798 6312 -2567 6398 397
246 -3082 -4800 6304 -2560 6395 393
247 -3078 -4799 6309 -2559 6390 398
248 -3081 -4800 6307 -2563 6390 396
249 -3083 -4797 6304 -2559 6392 398
250 -3079 -4798 6304 -2563 6390 394
251 -3076 -4802 6305 -2560 6388 395
252 -3079 -4802 6305 -2562 6389 392
253 -3076 -4803 6305 -2561 6387 395
254 -3076 -4801 6304 -2557 6385 392
255 -3078 -4802 6303 -2556 6386 393
256 -3076 -4804 6305 -2557 6386 392
257 -3074 -4804 6305 -2554 6384 395
258 -3072 -4805 6301 -2556 6380 397
259 -3067 -4802 6300 -2553 6375 393
260 -3067 -4803 6303 -2553 6379 394
261 -3066 -4802 6304 -2551 6377 394
262 -3068 -4805 6302 -2555 6377 397
263 -3070 -4806 6305 -2553 6380 392
264 -3069 -4808 6303 -2554 6381 393
265 -3069 -4805 6300 -2553 6376 396
266 -3065 -4804 6300 -2548 6373 396
267 -3062 -4802 6301 -2548 6370 395
268 -3060 -4805 6300 -2548 6368 395
269 -3061 -4806 6303 -2550 6369 391
270 -3064 -4804 6302 -2545 6371 394
271 -3060 -4807 6299 -2548 6368 392
272 -3062 -4809 6301 -2544 6369 389
273 -3059 -4804 6305 -2544 6365 395
274 -3057 -4803 6298 -2541 6363 393
275 -3058 -4802 6300 -2543 6361 395
276 -3054 -4806 6302 -2543 6365 392
277 -3054 -4804 6302 -2542 6365 392
278 -3058 -4806 6302 -2538 6363 388
279 -3056 -4802 6300 -2539 6361 392
280 -3052 -4805 6303 -2537 6355 392
281 -3052 -4805 6303 -2539 6352 391
282 -3049 -4806 6303 -2539 6351 394
283 -3049 -4805 6300 -2540 6350 393
284 -3050 -4808 6300 -2539 6353 390
285 -3051 -4808 6303 -2537 6355 393
286 -3052 -4806 6304 -2535 6354 391
287 -3049 -4805 6300 -2537 6350 389
288 -3048 -4808 6301 -2532 6348 392
289 -3047 -4807 6299 -2533 6347 391
290 -3046 -4805 6305 -2532 6344 392
291 -3044 -4804 6304 -2529 6347 395
292 -3045 -4808 6301 -2528 6347 392
293 -3048 -4803 6302 -2529 6346 393
294 -3046 -4805 6303 -2530 6346 394
295 -3045 -4803 6304 -2529 6344 394
296 -3042 -4804 6302 -2527 6341 393
297 -3040 -4804 6302 -2525 6339 395
298 -3043 -4803 6304 -2526 6339 395
299 -3041 -4805 6305 -2523 6340 395
300 -3043 -4804 6304 -2525 6339 390
301 -3041 -4804 6304 -2522 6336 395
302 -3037 -4803 6304 -2521 6336 399
303 -3034 -4797 6303 -2523 6336 398
304 -3036 -4804 6305 -2520 6330 393
305 -3032 -4806 6305 -2520 6330 393
306 -3035 -4803 6304 -2520 6332 396
307 -3038 -4802 6303 -2518 6332 396
308 -3034 -4802 6304 -2519 6331 397
309 -3038 -4805 6304 -2519 6326 397
310 -3036 -4803 6306 -2519 6327 393
311 -3034 -4801 6308 -2518 6327 394
312 -3033 -4800 6308 -2515 6324 396
313 -3030 -4802 6308 -2518 6327 397
314 -3033 -4800 6307 -2516 6324 395
315 -3030 -4800 6305 -2514 6324 397
316 -3030 -4797 6308 -2514 6318 398
317 -3026 -4798 6309 -2513 6316 397
318 -3027 -4800 6312 -2513 6317 399
319 -3025 -4801 6306 -2512 6315 396
320 -3027 -4800 6311 -2513 6315 401
321 -3031 -4798 6308 -2511 6318 397
322 -3026 -4799 6307 -2506 6318 398
323 -3026 -4797 6311 -2509 6314 398
324 -3026 -4798 6312 -2508 6311 398
325 -3025 -4799 6311 -2507 6308 399
326 -3023 -4795 6309 -2506 6307 397
327 -3017 -4794 6311 -2504 6309 402
328 -3021 -4794 6311 -2504 6312 402
329 -3026 -4796 6313 -2504 6312 401
330 -3024 -4793 6314 -2501 6310 403
331 -3024 -4796 6316 -2501 6310 404
332 -3020 -4795 6314 -2501 6305 403
333 -3019 -4793 6317 -2497 6302 401
334 -3017 -4793 6316 -2498 6305 405
335 -3016 -4789 6315 -2499 6304 404
336 -3019 -4789 6316 -2494 6303 406
337 -3019 -4793 6316 -2498 6303 405
338 -3019 -4792 6319 -2498 6301 402
339 -3014 -4791 6318 -2498 6299 402
340 -3014 -4792 6319 -2494 6297 406
341 -3012 -4791 6323 -2498 6294 403
342 -3017 -4792 6321 -2491 6301 408
343 -3014 -4786 6321 -2491 6296 407
344 -3015 -4784 6323 -2493 6293 404
345 -3012 -4792 6321 -2487 6292 407
346 -3010 -4786 6322 -2490 6292 408
347 -3009 -4786 6324 -2487 6289 409
348 -3010 -4785 6323 -2490 6288 408
349 -3011 -4785 6322 -2489 6286 409
350 -3009 -4785 6323 -2487 6294 410
351 -3013 -4786 6324 -2491 6291 407
352 -3013 -4786 6324 -2487 6290 408
353 -3011 -4785 6324 -2486 6283 412
354 -3011 -4786 6325 -2486 6282 408
355 -3010 -4787 6327 -2482 6280 409
356 -3003 -4783 6328 -2483 6277 412
357 -3005 -4784 6327 -2483 6281 409
358 -3009 -4780 6326 -2481 6279 411
359 -3008 -4781 6329 -2482 6280 408
360 -3007 -4780 6330 -2482 6278 411
361 -3004 -4779 6331 -2479 6274 413
362 -3003 -4779 6332 -2480 6275 411
363 -3003 -4776 6331 -2478 6274 410
364 -3007 -4779 6331 -2480 6272 410
365 -3003 -4780 6331 -2476 6273 413
366 -3003 -4779 6327 -2475 6268 412
367 -3002 -4777 6331 -2476 6268 410
368 -3001 -4781 6332 -2477 6271 414
369 -3002 -4776 6332 -2473 6269 412
370 -2997 -4776 6334 -2475 6269 412
371 -3000 -4776 6337 -2472 6269 418
372 -2999 -4776 6336 -2475 6267 416
373 -3000 -4772 6339 -2471 6272 419
374 -2997 -4773 6336 -2471 6264 415
375 -2998 -4770 6339 -2469 6263 414
376 -2996 -4771 6339 -2468 6261 416
377 -2996 -4769 6340 -2468 6258 418
378 -2996 -4769 6341 -2465 6260 417
379 -2996 -4772 6338 -2463 6261 419
380 -2997 -4769 6340 -2465 6259 420
381 -2995 -4773 6341 -2464 6258 419
382 -2994 -4767 6340 -2462 6257 421
383 -2993 -4764 6344 -2460 6260 421
384 -2992 -4764 6343 -2459 6255 425
385 -2990 -4768 6345 -2459 6255 421
386 -2992 -4767 6343 -2460 6256 420
387 -2993 -4763 6343 -2458 6255 419
388 -2993 -4771 6346 -2458 6253 420
389 -2991 -4761 6344 -2458 6253 417
390 -2990 -4765 6343 -2458 6249 418
391 -2988 -4765 6347 -2456 6249 420
392 -2988 -4764 6346 -2458 6246 420
393 -2989 -4764 6345 -2457 6248 423
394 -2991 -4762 6347 -2454 6250 423
395 -2987 -4762 6350 -2453 6246 421
396 -2989 -4764 6347 -2456 6242 424
397 -2989 -4760 6347 -2453 6244 422
398 -2986 -4763 6348 -2452 6238 424
399 -2984 -4760 6347 -2451 6235 422
400 -2987 -4762 6349 -2451 6239 421
401 -2986 -4761 6351 -2451 6238 422
402 -2986 -4761 6350 -2450 6239 423
403 -2987 -4757 6351 -2451 6236 423
404 -2987 -4759 6350 -2447 6238 427
405 -2987 -4757 6350 -2448 6235 427
406 -2984 -4758 6353 -2447 6238 427
407 -2982 -4756 6355 -2446 6233 427
408 -2982 -4754 6357 -2447 6237 428
409 -2982 -4755 6356 -2445 6235 430
410 -2984 -4756 6353 -2444 6231 425
411 -2981 -4758 6349 -2444 6232 429
412 -2980 -4754 6354 -2443 6228 429
413 -2977 -4754 6357 -2443 6226 428
414 -2979 -4755 6357 -2442 6229 430
415 -2978 -4755 6356 -2441 6229 430
416 -2978 -4756 6357 -2442 6232 430
417 -2978 -4754 6357 -2438 6227 428
418 -2980 -4754 6357 -2439 6224 427
419 -2975 -4752 6362 -2435 6222 432
420 -2971 -4748 6357 -2435 6220 431
421 -2974 -4751 6359 -2433 6219 428
422 -2972 -4749 6359 -2433 6220 430
423 -2975 -4753 6360 -2434 6218 433
424 -2977 -4750 6365 -2433 6221 433
425 -2973 -4749 6360 -2435 6223 432
426 -2972 -4750 6361 -2433 6216 431
427 -2969 -4747 6361 -2434 6215 434
428 -2971 -4748 6362 -2432 6216 432
429 -2972 -4747 6360 -2430 6217 432
430 -2972 -4747 6362 -2431 6216 432
431 -2970 -4748 6366 -2427 6216 432
432 -2969 -4745 6363 -2426 6216 434
433 -2969 -4745 6365 -2430 6214 435
434 -2972 -4746 6367 -2427 6211 434
435 -2963 -4746 6364 -2428 6212 436
436 -2964 -4745 6365 -2428 6209 435
437 -2967 -4744 6368 -2429 6212 438
438 -2968 -4742 6365 -2426 6208 434
439 -2968 -4744 6365 -2426 6204 433
440 -2967 -4744 6366 -2424 6206 432
441 -2966 -4744 6364 -2423 6200 433
442 -2961 -4744 6365 -2420 6203 437
443 -2961 -4741 6366 -2425 6199 436
444 -2963 -4744 6365 -2420 6204 436
445 -2961 -4740 6367 -2418 6205 437
446 -2963 -4743 6368 -2421 6205 434
447 -2960 -4741 6370 -2420 6198 433
448 -2959 -4740 6369 -2419 6199 436
449 -2961 -4742 6372 -2418 6199 439
450 -2958 -4740 6367 -2420 6200 437
451 -2958 -4743 6372 -2420 6202 438
452 -2960 -4740 6372 -2416 6201 438
453 -2960 -4741 6369 -2417 6197 436
454 -2957 -4742 6371 -2417 6194 438
455 -2957 -4741 6368 -2418 6195 435
456 -2957 -4740 6369 -2417 6188 439
457 -2955 -4740 6368 -2416 6191 437
458 -2957 -4743 6371 -2415 6192 441
459 -2956 -4738 6374 -2415 6194 440
460 -2957 -4738 6372 -2414 6191 439
461 -2958 -4741 6372 -2410 6191 439
462 -2956 -4738 6372 -2410 6189 439
463 -2954 -4738 6371 -2410 6187 437
464 -2952 -4738 6370 -2408 6182 436
465 -2952 -4740 6373 -2408 6184 438
466 -2951 -4737 6371 -2406 6183 438
467 -2953 -4736 6372 -2406 6183 440
468 -2951 -4738 6372 -2409 6182 438
469 -2954 -4736 6376 -2410 6186 441
470 -2955 -4740 6375 -2407 6186 440
471 -2955 -4737 6376 -2409 6185 439
472 -2949 -4741 6372 -2406 6182 441
473 -2951 -4738 6373 -2405 6180 438
474 -2951 -4740 6377 -2407 6180 440
475 -2948 -4736 6377 -2406 6179 441
476 -2946 -4734 6374 -2407 6177 440
477 -2946 -4736 6378 -2401 6175 439
478 -2947 -4738 6376 -2405 6172 440
479 -2947 -4738 6373 -2406 6176 440
480 -2943 -4737 6376 -2402 6176 441
481 -2942 -4736 6374 -2405 6181 439
482 -2947 -4736 6375 -2398 6182 438
483 -2948 -4737 6378 -2400 6174 439
484 -2944 -4738 6372 -2398 6170 441
485 -2943 -4736 6375 -2397 6169 441
486 -2939 -4735 6377 -2398 6168 441
487 -2939 -4734 6375 -2400 6167 441
488 -2939 -4734 6377 -2395 6172 439
489 -2945 -4736 6376 -2397 6172 444
490 -2946 -4738 6379 -2399 6172 442
491 -2942 -4735 6377 -2396 6173 442
492 -2940 -4734 6377 -2399 6170 442
493 -2941 -4737 6375 -2398 6166 441
494 -2937 -4736 6376 -2396 6165 443
495 -2939 -4733 6376 -2392 6167 446
496 -2942 -4734 6378 -2392 6164 445
497 -2940 -4735 6377 -2392 6166 442
498 -2939 -4735 6378 -2395 6166 441
499 -2939 -4731 6378 -2392 6165 442
500 -2935 -4737 6379 -2392 6165 443
501 -2936 -4737 6379 -2395 6161 444
502 -2938 -4735 6382 -2394 6166 443
503 -2941 -4736 6384 -2391 6168 442
504 -2939 -4735 6379 -2392 6166 443
505 -2938 -4734 6382 -2387 6166 442
506 -2935 -4736 6381 -2393 6160 446
507 -2934 -4736 6377 -2388 6153 445
508 -2934 -4732 6376 -2389 6154 444
509 -2934 -4734 6380 -2389 6158 446
510 -2937 -4736 6380 -2389 6155 443
511 -2938 -4737 6378 -2390 6157 442
512 -2937 -4736 6381 -2390 6160 442
513 -2936 -4734 6381 -2392 6157 440
514 -2932 -4736 6380 -2388 6153 444
515 -2933 -4735 6382 -2390 6151 443
516 -2932 -4734 6378 -2388 6154 445
517 -2933 -4735 6380 -2386 6156 445
518 -2935 -4739 6377 -2385 6156 442
519 -2929 -4731 6380 -2385 6154 444
520 -2931 -4733 6380 -2383 6151 443
521 -2930 -4735 6382 -2388 6152 445
522 -2929 -4732 6380 -2386 6150 443
523 -2932 -4733 6381 -2388 6153 443
524 -2930 -4733 6380 -2386 6157 443
525 -2931 -4731 6380 -2386 6157 445
526 -2929 -4729 6384 -2385 6150 446
527 -2931 -4732 6382 -2384 6149 444
528 -2926 -4729 6383 -2382 6148 444
529 -2927 -4733 6385 -2380 6145 445
530 -2926 -4731 6382 -2382 6141 444
531 -2928 -4732 6382 -2383 6143 445
532 -2928 -4730 6383 -2381 6149 447
533 -2928 -4730 6384 -2381 6148 444
534 -2930 -4730 6383 -2382 6149 446
535 -2931 -4729 6382 -2383 6146 446
536 -2925 -4728 6387 -2383 6147 443
537 -2929 -4731 6385 -2383 6148 449
538 -2926 -4732 6385 -2382 6146 449
539 -2927 -4732 6383 -2381 6147 448
540 -2923 -4727 6385 -2380 6144 445
541 -2924 -4725 6387 -2378 6142 447
542 -2924 -4727 6386 -2382 6142 446
543 -2923 -4732 6386 -2380 6141 452
544 -2924 -4727 6386 -2382 6143 448
545 -2921 -4728 6387 -2379 6150 449
546 -2925 -4727 6388 -2377 6149 447
547 -2926 -4728 6388 -2379 6147 452
548 -2927 -4725 6386 -2377 6144 448
549 -2927 -4726 6390 -2378 6141 448
550 -2921 -4727 6389 -2372 6137 450
551 -2919 -4724 6387 -2373 6136 448
552 -2917 -4727 6386 -2373 6134 449
553 -2922 -4724 6390 -2373 6137 450
554 -2923 -4726 6388 -2373 6139 448
555 -2924 -4725 6388 -2375 6148 451
556 -2926 -4723 6392 -2373 6144 452
557 -2923 -4724 6390 -2380 6142 452
558 -2918 -4724 6389 -2375 6140 451
559 -2921 -4724 6390 -2375 6137 453
560 -2917 -4722 6390 -2373 6137 449
561 -2920 -4722 6390 -2372 6139 452
562 -2923 -4721 6391 -2372 6138 452
563 -2922 -4725 6392 -2372 6137 450
564 -2918 -4722 6393 -2373 6138 452
565 -2918 -4722 6392 -2373 6139 452
566 -2924 -4724 6389 -2374 6140 451
567 -2922 -4723 6392 -2372 6144 451
568 -2923 -4718 6392 -2376 6141 452
569 -2925 -4719 6395 -2372 6142 453
570 -2925 -4721 6394 -2369 6142 452
571 -2922 -4719 6394 -2368 6138 456
572 -2922 -4719 6398 -2366 6134 455
573 -2918 -4717 6397 -2363 6130 457
574 -2919 -4714 6397 -2365 6132 452
575 -2920 -4714 6397 -2368 6135 453
576 -2922 -4716 6398 -2370 6139 454
577 -2922 -4715 6395 -2370 6136 457
578 -2926 -4713 6398 -2365 6140 456
579 -2921 -4713 6398 -2369 6138 458
580 -2921 -4712 6397 -2367 6138 455
581 -2921 -4713 6401 -2371 6136 457
582 -2921 -4714 6399 -2368 6136 459
583 -2922 -4714 6400 -2365 6134 458
584 -2920 -4711 6401 -2367 6134 457
585 -2922 -4712 6402 -2367 6133 457
586 -2918 -4710 6404 -2367 6133 460
587 -2921 -4711 6403 -2366 6133 456
588 -2920 -4710 6405 -2368 6137 459
589 -2923 -4710 6406 -2369 6141 462
590 -2925 -4705 6407 -2366 6142 462
591 -2927 -4707 6408 -2366 6141 462
592 -2927 -4706 6407 -2367 6141 462
593 -2927 -4707 6408 -2363 6136 461
594 -2919 -4704 6407 -2366 6133 465
595 -2920 -4704 6408 -2362 6130 459
596 -2920 -4704 6408 -2367 6128 461
597 -2926 -4702 6407 -2362 6130 462
598 -2923 -4703 6409 -2362 6135 463
599 -2923 -4705 6409 -2368 6130 463
600 -2927 -4702 6410 -2370 6137 465
601 -2924 -4705 6411 -2371 6135 465
602 -2923 -4701 6410 -2370 6136 465
603 -2925 -4700 6412 -2366 6139 466
604 -2927 -4699 6412 -2365 6138 463
605 -2926 -4697 6414 -2362 6136 465
606 -2930 -4698 6413 -2364 6133 468
607 -2921 -4695 6413 -2362 6132 465
608 -2922 -4694 6414 -2362 6132 466
609 -2924 -4698 6414 -2364 6134 467
610 -2927 -4693 6418 -2363 6135 468
611 -2931 -4692 6419 -2366 6142 471
612 -2930 -4689 6418 -2367 6147 470
613 -2934 -4692 6422 -2368 6147 472
614 -2932 -4691 6422 -2368 6144 470
615 -2931 -4690 6420 -2364 6140 469
616 -2927 -4690 6420 -2360 6134 475
617 -2927 -4687 6422 -2358 6133 472
618 -2923 -4688 6426 -2361 6134 477
619 -2925 -4683 6427 -2364 6139 482
620 -2927 -4685 6428 -2361 6138 477
621 -2927 -4685 6429 -2367 6139 474
622 -2930 -4685 6428 -2365 6144 478
623 -2930 -4679 6429 -2364 6144 477
624 -2934 -4684 6431 -2364 6141 480
625 -2932 -4679 6432 -2366 6143 477
626 -2934 -4682 6434 -2365 6143 476
627 -2931 -4678 6431 -2361 6138 478
628 -2931 -4676 6436 -2360 6140 482
629 -2930 -4676 6434 -2360 6139 480
630 -2932 -4677 6437 -2361 6143 482
631 -2930 -4675 6440 -2365 6143 479
632 -2934 -4676 6439 -2365 6148 486
633 -2938 -4673 6438 -2365 6148 483
634 -2939 -4670 6441 -2369 6153 485
635 -2936 -4670 6444 -2362 6151 488
636 -2936 -4665 6445 -2364 6150 486
637 -2936 -4669 6446 -2361 6145 490
638 -2934 -4669 6445 -2361 6142 488
639 -2935 -4668 6446 -2363 6143 485
640 -2934 -4665 6447 -2359 6141 488
641 -2938 -4665 6447 -2360 6146 490
642 -2937 -4664 6450 -2361 6146 492
643 -2939 -4664 6449 -2361 6148 491
644 -2940 -4661 6450 -2365 6147 493
645 -2940 -4661 6450 -2366 6147 491
646 -2940 -4660 6454 -2365 6151 493
647 -2941 -4658 6455 -2364 6151 495
648 -2944 -4656 6456 -2363 6150 494
649 -2950 -4655 6461 -2363 6150 496
650 -2945 -4656 6462 -2362 6149 495
651 -2944 -4656 6460 -2362 6148 495
652 -2942 -4655 6463 -2366 6148 495
653 -2944 -4649 6464 -2362 6150 496
654 -2946 -4650 6465 -2360 6156 499
655 -2950 -4649 6467 -2363 6160 497
656 -2954 -4648 6467 -2366 6160 499
657 -2954 -4647 6468 -2364 6160 500
658 -2952 -4649 6467 -2362 6162 504
659 -2948 -4646 6467 -2364 6154 502
660 -2950 -4642 6473 -2359 6155 503
661 -2949 -4641 6471 -2360 6154 502
662 -2953 -4641 6475 -2359 6152 502
663 -2953 -4640 6474 -2362 6154 502
664 -2953 -4641 6476 -2362 6155 504
665 -2956 -4639 6476 -2365 6158 506
666 -2953 -4635 6479 -2362 6160 507
667 -2953 -4636 6478 -2367 6158 506
668 -2960 -4635 6480 -2363 6164 510
669 -2960 -4633 6484 -2365 6166 507
670 -2963 -4629 6484 -2369 6167 511
671 -2962 -4630 6484 -2366 6166 512
672 -2960 -4629 6484 -2364 6164 511
673 -2956 -4626 6488 -2361 6157 510
674 -2961 -4627 6489 -2363 6160 513
675 -2963 -4625 6490 -2362 6165 515
676 -2963 -4624 6493 -2365 6164 517
677 -2963 -4620 6493 -2367 6173 515
678 -2970 -4622 6495 -2365 6177 518
679 -2970 -4619 6496 -2366 6178 518
680 -2970 -4616 6494 -2368 6173 517
681 -2970 -4616 6500 -2363 6168 518
682 -2967 -4614 6498 -2362 6165 520
683 -2965 -4615 6501 -2364 6168 518
684 -2966 -4614 6501 -2363 6171 520
685 -2968 -4611 6504 -2362 6170 525
686 -2970 -4607 6506 -2361 6172 523
687 -2973 -4607 6506 -2369 6172 527
688 -2976 -4607 6508 -2368 6175 526
689 -2975 -4604 6505 -2368 6181 526
690 -2974 -4606 6511 -2372 6181 529
691 -2976 -4605 6513 -2366 6176 527
692 -2979 -4601 6512 -2366 6175 527
693 -2978 -4601 6511 -2366 6178 530
694 -2979 -4602 6511 -2364 6178 532
695 -2977 -4596 6516 -2369 6177 532
696 -2979 -4599 6518 -2368 6180 534
697 -2979 -4594 6519 -2368 6187 533
698 -2984 -4592 6522 -2368 6185 536
699 -2983 -4592 6523 -2368 6188 536
700 -2986 -4589 6528 -2369 6192 539
701 -2986 -4588 6527 -2366 6188 541
702 -2984 -4586 6528 -2368 6187 540
703 -2983 -4583 6527 -2368 6186 539
704 -2986 -4586 6528 -2366 6183 542
705 -2984 -4580 6533 -2366 6190 545
706 -2989 -4581 6533 -2367 6188 542
707 -2987 -4578 6534 -2371 6189 539
708 -2988 -4578 6534 -2371 6195 546
709 -2989 -4577 6539 -2373 6192 547
710 -2990 -4577 6541 -2373 6193 546
711 -2991 -4578 6538 -2368 6194 546
712 -2990 -4573 6540 -2371 6196 548
713 -2994 -4573 6545 -2368 6201 548
714 -2995 -4570 6544 -2371 6199 552
715 -2996 -4570 6547 -2371 6202 551
716 -2999 -4568 6548 -2370 6202 550
717 -2999 -4567 6550 -2373 6197 551
718 -2998 -4565 6550 -2370 6200 554
719 -2999 -4559 6551 -2374 6203 556
720 -2998 -4563 6550 -2372 6206 553
721 -3002 -4559 6553 -2372 6210 558
722 -3002 -4560 6553 -2374 6208 560
723 -3004 -4558 6558 -2372 6207 561
724 -3007 -4558 6556 -2375 6209 560
725 -3007 -4558 6557 -2374 6212 559
726 -3007 -4554 6560 -2374 6211 559
727 -3005 -4555 6562 -2375 6211 565
728 -3007 -4552 6562 -2374 6210 563
729 -3006 -4552 6560 -2374 6208 561
730 -3009 -4546 6562 -2377 6211 564
731 -3008 -4546 6568 -2377 6210 564
732 -3009 -4547 6568 -2378 6212 565
733 -3011 -4544 6568 -2376 6213 565
734 -3013 -4545 6570 -2377 6219 567
735 -3018 -4542 6569 -2382 6224 567
736 -3016 -4540 6570 -2376 6221 566
737 -3017 -4541 6576 -2376 6221 568
738 -3018 -4538 6573 -2379 6219 568
739 -3017 -4537 6574 -2378 6215 572
740 -3017 -4536 6576 -2378 6219 568
741 -3019 -4537 6577 -2379 6226 571
742 -3021 -4536 6577 -2384 6228 573
743 -3028 -4532 6583 -2383 6232 571
744 -3025 -4532 6583 -2382 6231 577
745 -3024 -4530 6584 -2384 6230 578
746 -3026 -4532 6584 -2383 6229 579
747 -3025 -4531 6585 -2383 6225 572
748 -3025 -4525 6590 -2380 6227 576
749 -3026 -4525 6583 -2379 6227 578
750 -3028 -4525 6591 -2378 6232 577
751 -3031 -4520 6587 -2383 6235 579
752 -3032 -4521 6591 -2381 6238 578
753 -3036 -4521 6592 -2385 6238 579
754 -3034 -4521 6592 -2386 6242 581
755 -3037 -4516 6597 -2385 6241 580
756 -3037 -4519 6593 -2386 6239 581
757 -3037 -4516 6593 -2382 6236 582
758 -3035 -4515 6595 -2382 6238 583
759 -3038 -4512 6596 -2384 6236 582
760 -3040 -4515 6598 -2382 6236 583
761 -3040 -4514 6600 -2386 6242 586
762 -3045 -4510 6602 -2389 6249 582
763 -3050 -4510 6602 -2392 6252 585
764 -3046 -4514 6602 -2389 6254 586
765 -3052 -4509 6605 -2393 6254 589
766 -3048 -4507 6607 -2393 6250 588
767 -3047 -4507 6605 -2389 6249 587
768 -3045 -4504 6605 -2389 6249 591
769 -3047 -4499 6607 -2389 6248 589
770 -3048 -4504 6608 -2394 6252 589
771 -3047 -4505 6607 -2394 6257 592
772 -3055 -4505 6609 -2398 6259 591
773 -3056 -4500 6610 -2397 6262 592
774 -3057 -4497 6616 -2395 6261 594
775 -3056 -4500 6612 -2395 6260 593
776 -3055 -4497 6610 -2392 6260 595
777 -3056 -4499 6612 -2394 6257 595
778 -3054 -4497 6615 -2391 6257 595
779 -3058 -4494 6617 -2394 6259 596
780 -3062 -4493 6619 -2395 6262 595
781 -3065 -4493 6618 -2397 6265 597
782 -3069 -4491 6618 -2395 6269 597
783 -3066 -4492 6620 -2402 6272 595
784 -3066 -4491 6620 -2404 6272 597
785 -3069 -4491 6622 -2400 6274 600
786 -3070 -4490 6625 -2402 6275 599
787 -3065 -4490 6624 -2402 6277 601
788 -3069 -4489 6625 -2404 6276 599
789 -3068 -4490 6624 -2403 6276 600
790 -3070 -4488 6625 -2406 6277 603
791 -3068 -4488 6624 -2406 6279 602
792 -3072 -4485 6626 -2405 6279 603
793 -3076 -4486 6626 -2405 6278 602
794 -3074 -4484 6625 -2403 6282 604
795 -3076 -4485 6627 -2403 6282 604
796 -3077 -4481 6628 -2407 6280 601
797 -3071 -4482 6632 -2410 6284 609
798 -3075 -4480 6631 -2406 6286 606
799 -3078 -4478 6634 -2409 6289 605
800 -3074 -4476 6634 -2408 6291 603
801 -3084 -4478 6633 -2412 6290 602
802 -3082 -4477 6634 -2411 6289 608
803 -3082 -4478 6635 -2408 6290 609
804 -3084 -4474 6636 -2411 6291 609
805 -3081 -4478 6636 -2412 6292 611
806 -3083 -4472 6635 -2416 6295 613
807 -3090 -4474 6635 -2419 6304 610
808 -3090 -4474 6638 -2421 6306 608
809 -3095 -4476 6639 -2422 6313 610
810 -3094 -4474 6638 -2419 6311 611
811 -3090 -4474 6640 -2416 6307 611
812 -3091 -4473 6641 -2418 6304 611
813 -3088 -4471 6640 -2415 6299 612
814 -3088 -4472 6641 -2414 6300 613
815 -3089 -4469 6638 -2415 6298 613
816 -3094 -4472 6642 -2419 6303 609
817 -3093 -4471 6638 -2419 6309 612
818 -3099 -4469 6642 -2422 6312 612
819 -3102 -4467 6643 -2427 6316 614
820 -3102 -4471 6642 -2429 6322 618
821 -3103 -4468 6644 -2426 6323 612
822 -3103 -4470 6642 -2426 6316 612
823 -3103 -4466 6646 -2424 6313 609
824 -3100 -4469 6644 -2422 6308 611
825 -3101 -4467 6641 -2422 6310 610
826 -3099 -4468 6642 -2424 6313 610
827 -3103 -4468 6644 -2425 6320 613
828 -3107 -4467 6645 -2432 6328 612
829 -3115 -4470 6647 -2437 6334 613
830 -3116 -4469 6645 -2438 6340 614
831 -3119 -4469 6646 -2441 6339 613
832 -3112 -4468 6646 -2435 6333 615
833 -3111 -4465 6648 -2434 6324 615
834 -3108 -4464 6647 -2433 6321 610
835 -3109 -4464 6646 -2433 6320 615
836 -3112 -4466 6646 -2429 6323 616
837 -3114 -4463 6647 -2436 6333 616
838 -3115 -4463 6646 -2436 6336 615
839 -3118 -4467 6646 -2438 6342 616
840 -3122 -4464 6647 -2440 6345 614
841 -3125 -4463 6648 -2443 6344 615
842 -3121 -4460 6653 -2439 6342 614
843 -3123 -4463 6649 -2437 6339 616
844 -3123 -4463 6649 -2439 6340 615
845 -3122 -4464 6652 -2440 6341 616
846 -3127 -4456 6650 -2440 6341 617
847 -3125 -4460 6646 -2441 6339 613
848 -3124 -4461 6648 -2442 6346 616
849 -3126 -4466 6648 -2443 6351 615
850 -3125 -4459 6651 -2444 6354 617
851 -3126 -4463 6650 -2452 6353 618
852 -3128 -4462 6652 -2448 6352 615
853 -3131 -4461 6649 -2449 6353 619
854 -3131 -4464 6650 -2452 6358 619
855 -3130 -4460 6654 -2450 6358 616
856 -3132 -4462 6647 -2450 6360 615
857 -3132 -4462 6650 -2450 6361 616
858 -3133 -4461 6652 -2449 6360 614
859 -3137 -4460 6651 -2449 6360 618
860 -3135 -4461 6650 -2449 6357 618
861 -3133 -4459 6650 -2450 6356 616
862 -3133 -4462 6650 -2451 6358 613
863 -3137 -4462 6649 -2452 6361 614
864 -3141 -4460 6651 -2453 6376 617
865 -3141 -4461 6651 -2460 6380 616
866 -3148 -4459 6653 -2460 6381 616
867 -3148 -4458 6652 -2461 6379 614
868 -3146 -4459 6652 -2456 6369 616
869 -3138 -4459 6651 -2456 6364 618
870 -3136 -4458 6649 -2455 6359 615
871 -3132 -4460 6648 -2456 6363 616
872 -3136 -4461 6650 -2462 6368 615
873 -3141 -4460 6648 -2462 6379 615
874 -3148 -4462 6652 -2468 6388 618
875 -3150 -4462 6654 -2471 6392 619
876 -3152 -4460 6653 -2476 6396 617
877 -3150 -4464 6653 -2477 6394 616
878 -3151 -4463 6650 -2470 6387 618
879 -3150 -4462 6652 -2468 6381 615
880 -3149 -4462 6646 -2463 6374 613
881 -3149 -4465 6645 -2461 6375 615
882 -3149 -4459 6644 -2467 6379 617
883 -3153 -4461 6649 -2467 6387 617
884 -3157 -4461 6650 -2476 6398 612
885 -3161 -4464 6649 -2476 6402 615
886 -3162 -4460 6653 -2476 6408 618
887 -3164 -4459 6651 -2478 6407 617
888 -3159 -4460 6650 -2478 6398 616
889 -3159 -4461 6649 -2473 6392 616
890 -3153 -4462 6649 -2472 6383 616
891 -3148 -4462 6648 -2469 6383 618
892 -3152 -4460 6644 -2475 6385 616
893 -3153 -4460 6646 -2478 6395 613
894 -3159 -4463 6649 -2485 6406 616
895 -3161 -4462 6649 -2488 6411 614
896 -3165 -4461 6649 -2489 6415 616
897 -3165 -4463 6649 -2488 6410 615
898 -3167 -4463 6649 -2482 6406 617
899 -3165 -4463 6649 -2485 6405 615
900 -3160 -4461 6648 -2485 6405 614
901 -3162 -4460 6645 -2482 6408 615
902 -3167 -4461 6646 -2486 6413 611
903 -3171 -4464 6647 -2489 6417 612
904 -3173 -4462 6650 -2484 6420 612
905 -3176 -4460 6649 -2486 6421 614
906 -3171 -4465 6644 -2492 6416 612
907 -3172 -4464 6646 -2493 6416 614
908 -3169 -4461 6644 -2494 6415 615
909 -3170 -4464 6647 -2490 6416 614
910 -3173 -4466 6646 -2491 6417 614
911 -3173 -4462 6644 -2493 6421 615
912 -3173 -4463 6647 -2494 6424 614
913 -3174 -4464 6642 -2498 6424 614
914 -3177 -4465 6643 -2500 6426 613
915 -3171 -4464 6642 -2499 6418 614
916 -3169 -4468 6643 -2494 6417 618
917 -3170 -4461 6646 -2493 6414 610
918 -3174 -4464 6643 -2495 6417 611
919 -3175 -4465 6644 -2501 6425 613
920 -3177 -4465 6646 -2504 6433 614
921 -3181 -4470 6644 -2506 6438 613
922 -3186 -4466 6644 -2508 6443 609
923 -3192 -4472 6644 -2505 6449 611
924 -3193 -4466 6645 -2507 6443 611
925 -3192 -4465 6646 -2506 6435 608
926 -3190 -4467 6643 -2504 6428 609
927 -3182 -4468 6639 -2501 6426 613
928 -3179 -4466 6641 -2504 6424 612
929 -3180 -4464 6642 -2505 6428 609
930 -3185 -4464 6642 -2508 6439 612
931 -3193 -4467 6642 -2513 6448 606
932 -3195 -4470 6641 -2516 6455 608
933 -3197 -4469 6644 -2512 6451 610
934 -3197 -4468 6641 -2508 6447 607
935 -3193 -4466 6636 -2507 6439 609
936 -3190 -4468 6640 -2509 6435 607
937 -3186 -4467 6639 -2508 6437 610
938 -3186 -4465 6640 -2510 6438 609
939 -3192 -4465 6637 -2514 6443 610
940 -3194 -4467 6641 -2514 6450 612
941 -3200 -4469 6640 -2519 6459 610
942 -3198 -4467 6643 -2522 6462 610
943 -3201 -4471 6643 -2524 6462 612
944 -3200 -4466 6640 -2520 6460 607
945 -3203 -4471 6641 -2517 6455 612
946 -3199 -4469 6639 -2515 6455 608
947 -3202 -4467 6641 -2518 6456 609
948 -3198 -4470 6640 -2521 6454 610
949 -3200 -4468 6639 -2523 6459 609
950 -3200 -4467 6639 -2524 6460 609
951 -3205 -4470 6641 -2525 6462 611
952 -3206 -4468 6641 -2526 6465 610
953 -3205 -4468 6641 -2524 6467 607
954 -3205 -4470 6643 -2526 6465 610
955 -3202 -4468 6638 -2525 6461 608
956 -3203 -4469 6637 -2526 6462 610
957 -3202 -4467 6638 -2527 6463 611
958 -3204 -4466 6640 -2527 6470 608
959 -3208 -4468 6639 -2529 6471 612
960 -3209 -4464 6640 -2532 6475 612
961 -3208 -4467 6639 -2532 6476 609
962 -3212 -4467 6638 -2529 6473 609
963 -3207 -4466 6640 -2531 6469 609
964 -3212 -4467 6640 -2533 6470 610
965 -3209 -4468 6637 -2533 6474 608
966 -3211 -4467 6638 -2531 6478 609
967 -3212 -4469 6640 -2532 6478 611
968 -3215 -4465 6640 -2533 6479 610
969 -3214 -4467 6640 -2538 6481 609
970 -3215 -4467 6637 -2539 6478 608
971 -3216 -4468 6640 -2538 6485 609
972 -3218 -4469 6642 -2537 6485 608
973 -3217 -4471 6643 -2536 6483 611
974 -3219 -4468 6637 -2539 6484 612
975 -3218 -4464 6639 -2538 6482 608
976 -3216 -4464 6638 -2539 6484 610
977 -3219 -4469 6640 -2542 6486 607
978 -3220 -4466 6639 -2542 6488 609
979 -3220 -4467 6636 -2542 6488 609
980 -3225 -4467 6642 -2544 6492 609
981 -3228 -4469 6641 -2544 6494 607
982 -3227 -4465 6640 -2546 6497 610
983 -3226 -4464 6640 -2547 6497 610
984 -3227 -4468 6642 -2546 6497 609
985 -3226 -4467 6638 -2544 6496 611
986 -3224 -4466 6640 -2546 6492 609
987 -3228 -4467 6639 -2544 6495 612
988 -3229 -4466 6640 -2544 6497 607
989 -3229 -4466 6638 -2547 6498 607
990 -3232 -4468 6639 -2549 6502 610
991 -3230 -4465 6643 -2553 6506 609
992 -3232 -4466 6641 -2552 6505 611
993 -3233 -4467 6641 -2554 6507 611
994 -3234 -4467 6640 -2554 6506 609
995 -3235 -4464 6645 -2554 6509 611
996 -3234 -4466 6641 -2550 6505 610
997 -3235 -4466 6641 -2554 6506 612
998 -3236 -4461 6639 -2552 6506 611
999 -3233 -4464 6642 -2551 6506 612
