0 897 -253 1023 68 -346 833
1 897 -252 1024 68 -343 829
2 897 -249 1024 66 -346 830
3 898 -252 1028 68 -342 834
4 899 -248 1028 68 -346 833
5 893 -247 1024 68 -347 834
6 893 -252 1027 69 -348 832
7 896 -246 1027 70 -347 834
8 895 -249 1026 67 -344 832
9 899 -250 1024 68 -344 834
10 896 -250 1027 69 -346 832
11 897 -250 1025 66 -340 832
12 897 -249 1026 64 -341 832
13 896 -252 1024 69 -344 832
14 900 -253 1022 64 -345 830
15 894 -252 1025 69 -342 831
16 892 -253 1024 73 -343 831
17 891 -249 1026 71 -347 832
18 892 -252 1026 73 -347 831
19 895 -247 1027 69 -343 831
20 893 -246 1024 67 -348 832
21 895 -250 1025 64 -342 831
22 898 -250 1024 65 -345 833
23 897 -249 1024 64 -344 833
24 898 -250 1027 67 -340 832
25 896 -251 1027 65 -341 832
26 896 -250 1028 70 -345 831
27 893 -249 1026 71 -349 828
28 890 -250 1025 71 -349 828
29 892 -251 1024 73 -347 831
30 895 -249 1025 70 -346 831
31 896 -249 1030 68 -342 831
32 899 -251 1026 66 -341 833
33 902 -250 1023 63 -342 834
34 898 -246 1028 66 -343 833
35 899 -252 1024 68 -343 832
36 896 -251 1025 70 -348 829
37 895 -250 1025 72 -352 832
38 896 -247 1027 74 -349 832
39 894 -249 1024 74 -350 832
40 894 -247 1025 68 -346 830
41 897 -249 1024 67 -348 830
42 900 -252 1023 62 -341 835
43 899 -251 1025 64 -345 832
44 901 -250 1024 64 -344 832
45 898 -252 1022 64 -343 836
46 899 -248 1023 67 -348 832
47 898 -251 1025 71 -348 832
48 894 -247 1024 71 -349 832
49 896 -249 1022 70 -350 833
50 894 -249 1023 68 -345 834
51 893 -251 1024 67 -347 832
52 897 -246 1023 66 -344 835
53 898 -248 1026 64 -344 831
54 896 -250 1027 66 -349 831
55 900 -249 1025 68 -346 830
56 898 -247 1026 70 -345 832
57 897 -247 1024 73 -349 833
58 894 -249 1026 70 -347 831
59 897 -247 1023 71 -347 829
60 894 -253 1022 66 -346 833
61 897 -253 1025 61 -347 828
62 896 -252 1022 64 -345 830
63 896 -253 1021 63 -347 830
64 899 -251 1024 62 -344 828
65 896 -250 1025 68 -346 832
66 895 -252 1023 69 -350 830
67 895 -255 1024 71 -345 833
68 891 -252 1021 66 -350 831
69 896 -254 1024 66 -345 829
70 897 -250 1023 63 -345 829
71 898 -252 1025 64 -346 833
72 898 -250 1025 64 -342 831
73 902 -250 1026 63 -341 831
74 894 -250 1028 65 -344 831
75 892 -251 1024 73 -344 832
76 894 -250 1022 72 -348 833
77 893 -248 1024 72 -350 834
78 895 -249 1026 75 -352 832
79 897 -247 1023 70 -348 831
80 897 -249 1024 64 -344 833
81 896 -250 1023 63 -343 833
82 899 -248 1022 64 -344 831
83 894 -249 1028 67 -344 830
84 897 -249 1026 67 -348 830
85 898 -247 1025 70 -347 833
86 895 -248 1031 69 -346 830
87 897 -248 1023 70 -347 829
88 896 -253 1024 67 -344 831
89 896 -248 1025 68 -344 833
90 900 -247 1026 64 -343 832
91 895 -250 1024 67 -344 834
92 897 -252 1026 66 -344 832
93 894 -252 1023 68 -343 832
94 893 -252 1025 65 -344 828
95 893 -254 1024 69 -347 833
96 892 -251 1027 68 -348 830
97 894 -250 1026 67 -349 830
98 896 -250 1027 69 -346 832
99 895 -251 1024 70 -348 833
100 895 -251 1023 69 -348 832
101 895 -248 1024 63 -346 832
102 894 -250 1020 64 -344 828
103 898 -250 1025 69 -344 831
104 896 -251 1027 68 -349 833
105 893 -250 1026 75 -346 833
106 893 -248 1022 73 -349 834
107 894 -250 1028 71 -349 831
108 895 -252 1022 66 -347 830
109 897 -254 1023 63 -343 831
110 898 -251 1024 64 -341 833
111 899 -250 1024 65 -342 833
112 898 -252 1024 68 -343 830
113 897 -251 1026 69 -346 831
114 895 -250 1025 70 -350 832
115 893 -251 1023 68 -349 832
116 894 -253 1024 69 -348 830
117 892 -249 1023 69 -346 835
118 895 -249 1026 63 -345 832
119 897 -253 1021 62 -345 831
120 898 -253 1027 62 -347 832
121 900 -251 1024 68 -348 835
122 896 -252 1024 68 -351 831
123 897 -250 1024 68 -350 831
124 892 -253 1021 75 -352 830
125 892 -248 1023 72 -349 831
126 893 -251 1023 68 -349 829
127 894 -250 1020 68 -350 832
128 896 -253 1021 68 -348 832
129 895 -249 1021 61 -345 830
130 897 -249 1027 61 -340 832
131 899 -253 1024 62 -343 832
132 897 -249 1024 63 -341 831
133 895 -251 1025 66 -347 831
134 895 -249 1024 72 -347 830
135 891 -252 1025 76 -348 830
136 896 -252 1028 72 -351 831
137 894 -250 1026 69 -348 831
138 896 -250 1024 65 -344 829
139 898 -250 1024 60 -338 831
140 898 -251 1025 60 -341 834
141 902 -251 1023 65 -343 834
142 901 -248 1026 66 -348 834
143 898 -245 1025 74 -352 831
144 897 -249 1023 74 -351 834
145 896 -250 1025 71 -351 832
146 898 -252 1022 70 -349 836
147 896 -251 1025 70 -347 832
148 898 -252 1027 68 -343 833
149 900 -252 1025 65 -348 831
150 898 -248 1025 67 -350 833
151 899 -251 1026 70 -347 832
152 895 -249 1023 69 -348 832
153 895 -249 1025 66 -344 833
154 896 -251 1025 66 -344 831
155 895 -253 1024 64 -342 832
156 898 -249 1026 66 -343 829
157 900 -246 1025 64 -344 834
158 898 -251 1025 64 -343 834
159 900 -249 1026 66 -345 833
160 895 -250 1026 71 -345 835
161 896 -250 1022 72 -349 834
162 898 -248 1023 75 -350 832
163 894 -249 1025 72 -350 832
164 896 -247 1023 70 -348 837
165 899 -248 1025 66 -346 831
166 900 -250 1024 61 -342 832
167 902 -250 1024 59 -340 833
168 901 -249 1028 62 -341 832
169 898 -253 1024 66 -344 830
170 896 -250 1022 73 -347 830
171 893 -249 1025 78 -352 829
172 892 -249 1024 86 -354 829
173 888 -247 1026 76 -353 828
174 887 -249 1026 70 -349 830
175 889 -247 1025 60 -343 829
176 898 -254 1022 54 -337 830
177 900 -257 1021 50 -334 832
178 903 -253 1023 51 -337 832
179 903 -256 1026 58 -342 831
180 897 -250 1026 72 -347 834
181 891 -249 1022 76 -352 833
182 890 -247 1023 83 -353 829
183 888 -249 1025 80 -353 832
184 887 -248 1026 75 -347 831
185 896 -249 1026 64 -347 831
186 900 -251 1026 61 -342 831
187 900 -252 1024 59 -339 828
188 900 -252 1023 60 -342 835
189 899 -248 1023 62 -346 834
190 898 -251 1024 69 -349 830
191 893 -248 1025 76 -349 834
192 890 -250 1026 74 -350 833
193 889 -247 1024 79 -350 830
194 889 -250 1022 75 -350 835
195 890 -250 1024 66 -351 830
196 895 -251 1027 67 -341 833
197 896 -252 1026 65 -342 832
198 899 -252 1028 60 -338 832
199 895 -251 1028 60 -338 834
200 899 -252 1024 63 -337 834
201 902 -252 1024 65 -345 834
202 895 -251 1025 70 -346 833
203 895 -249 1024 69 -346 834
204 894 -250 1025 71 -346 831
205 894 -249 1026 66 -346 834
206 895 -254 1025 68 -346 831
207 895 -250 1025 72 -345 830
208 893 -248 1021 74 -346 831
209 895 -246 1028 74 -351 831
210 894 -252 1023 70 -350 829
211 896 -248 1020 65 -344 831
212 898 -246 1024 66 -346 833
213 898 -253 1025 60 -339 834
214 899 -250 1027 58 -341 833
215 897 -251 1023 61 -341 833
216 895 -250 1026 68 -346 830
217 893 -251 1023 73 -351 833
218 892 -252 1024 75 -351 830
219 893 -248 1026 80 -354 828
220 891 -251 1023 72 -353 829
221 891 -249 1023 72 -350 830
222 895 -247 1024 64 -345 834
223 904 -254 1024 53 -343 834
224 907 -256 1026 49 -336 834
225 909 -254 1021 50 -340 836
226 906 -250 1026 59 -342 832
227 898 -250 1025 72 -350 831
228 893 -250 1024 83 -358 829
229 886 -251 1024 90 -361 828
230 886 -245 1022 85 -361 826
231 888 -250 1019 75 -349 828
232 893 -248 1023 61 -343 830
233 903 -252 1024 54 -335 832
234 905 -252 1026 49 -332 835
235 907 -254 1026 49 -332 834
236 906 -252 1026 58 -341 833
237 902 -253 1022 66 -346 833
238 895 -248 1025 77 -351 830
239 885 -246 1025 93 -359 828
240 881 -247 1026 95 -358 828
241 881 -245 1024 90 -360 827
242 881 -246 1022 79 -355 830
243 893 -253 1024 58 -344 832
244 904 -254 1019 50 -340 832
245 912 -254 1027 41 -335 834
246 909 -255 1023 47 -337 835
247 907 -251 1025 56 -344 837
248 901 -247 1028 72 -353 833
249 896 -252 1024 82 -358 830
250 891 -247 1026 86 -362 826
251 890 -249 1024 81 -354 831
252 893 -250 1025 69 -345 828
253 892 -255 1023 61 -337 829
254 901 -253 1022 52 -336 830
255 901 -253 1022 50 -335 832
256 905 -253 1025 52 -335 832
257 904 -252 1030 59 -344 835
258 899 -250 1023 71 -344 836
259 892 -249 1027 78 -347 828
260 886 -252 1024 80 -352 830
261 882 -248 1025 80 -355 828
262 887 -249 1023 80 -350 832
263 888 -250 1026 71 -352 832
264 895 -249 1023 64 -346 830
265 899 -247 1024 61 -349 831
266 899 -250 1024 61 -349 833
267 899 -248 1021 68 -356 830
268 894 -249 1024 76 -351 836
269 892 -248 1023 69 -352 830
270 893 -249 1025 64 -349 832
271 897 -248 1022 60 -346 833
272 898 -252 1023 56 -339 829
273 904 -253 1027 53 -336 833
274 897 -253 1022 60 -338 834
275 894 -253 1022 66 -339 830
276 892 -251 1024 69 -344 831
277 890 -251 1027 74 -344 831
278 892 -250 1027 72 -346 832
279 893 -247 1026 74 -351 833
280 892 -249 1028 70 -343 833
281 895 -248 1024 63 -338 837
282 899 -249 1027 57 -338 832
283 901 -256 1027 53 -331 834
284 901 -254 1024 62 -338 828
285 897 -250 1026 74 -346 830
286 891 -248 1026 87 -358 830
287 886 -248 1024 99 -366 828
288 880 -244 1022 96 -367 830
289 884 -247 1024 84 -361 831
290 895 -246 1023 66 -344 834
291 902 -251 1025 47 -336 837
292 909 -250 1027 36 -333 834
293 913 -254 1026 44 -329 834
294 911 -253 1025 54 -337 831
295 903 -252 1023 67 -344 831
296 896 -250 1025 74 -349 832
297 888 -247 1024 83 -350 832
298 886 -246 1026 79 -353 827
299 893 -244 1024 76 -351 832
300 895 -245 1027 66 -348 833
301 904 -253 1027 59 -348 832
302 906 -252 1024 53 -341 833
303 903 -251 1025 50 -336 831
304 901 -252 1027 49 -336 830
305 903 -251 1026 64 -340 831
306 896 -248 1024 76 -348 829
307 894 -250 1024 88 -358 831
308 884 -247 1023 92 -360 828
309 885 -248 1024 86 -358 829
310 889 -246 1030 72 -347 836
311 899 -247 1027 56 -341 834
312 901 -248 1025 50 -338 831
313 904 -252 1024 51 -340 835
314 902 -252 1024 63 -349 830
315 897 -257 1022 72 -351 831
316 895 -250 1022 78 -353 834
317 894 -251 1026 75 -348 831
318 893 -249 1022 68 -346 832
319 894 -251 1024 60 -342 833
320 901 -252 1026 60 -341 836
321 899 -251 1026 64 -342 832
322 897 -250 1024 67 -346 831
323 897 -251 1025 71 -350 831
324 894 -248 1023 72 -351 831
325 895 -252 1026 73 -351 828
326 895 -252 1023 71 -346 832
327 894 -252 1023 71 -346 829
328 896 -250 1027 67 -346 831
329 898 -251 1024 68 -347 836
330 897 -252 1025 69 -345 833
331 898 -250 1024 69 -346 834
332 901 -251 1025 63 -347 834
333 901 -251 1025 64 -346 829
334 899 -250 1024 65 -346 831
335 900 -251 1026 66 -345 830
336 895 -251 1025 68 -347 831
337 894 -250 1025 72 -347 828
338 894 -249 1022 73 -347 829
339 893 -250 1025 73 -348 831
340 893 -250 1025 67 -347 831
341 896 -254 1025 62 -345 832
342 899 -251 1026 62 -344 832
343 898 -252 1026 62 -346 832
344 894 -255 1022 64 -345 834
345 899 -249 1023 69 -346 833
346 895 -245 1024 70 -349 834
347 898 -246 1025 71 -349 831
348 894 -253 1024 73 -346 832
349 894 -251 1024 70 -347 830
350 896 -249 1029 64 -344 831
351 895 -252 1024 65 -344 834
352 900 -247 1024 63 -346 832
353 898 -251 1024 66 -345 834
354 902 -248 1024 66 -347 833
355 899 -250 1024 66 -344 832
356 896 -252 1026 70 -342 828
357 895 -252 1022 69 -346 831
358 895 -248 1025 71 -349 831
359 891 -248 1024 72 -348 830
360 892 -248 1026 73 -346 830
361 895 -247 1023 73 -349 832
362 897 -248 1024 65 -346 830
363 898 -251 1023 62 -346 828
364 895 -252 1024 63 -345 832
365 900 -254 1022 64 -343 831
366 897 -253 1022 65 -345 833
367 894 -248 1025 68 -348 832
368 896 -248 1027 68 -349 831
369 895 -252 1028 71 -350 833
370 895 -250 1023 70 -347 830
371 892 -252 1026 70 -346 832
372 893 -250 1025 69 -346 832
373 896 -250 1026 68 -347 832
374 898 -252 1023 65 -346 832
375 898 -253 1025 67 -346 832
376 899 -252 1020 66 -345 831
377 897 -250 1024 66 -344 829
378 896 -249 1026 68 -343 830
379 896 -247 1026 63 -344 830
380 897 -251 1025 68 -345 830
381 895 -251 1027 71 -347 831
382 892 -249 1027 76 -349 835
383 895 -250 1025 73 -346 831
384 892 -249 1024 72 -348 832
385 895 -248 1025 67 -348 830
386 897 -250 1026 63 -343 830
387 899 -253 1024 64 -345 832
388 898 -249 1025 66 -344 831
389 899 -250 1027 63 -346 835
390 896 -250 1026 63 -347 831
391 898 -253 1027 66 -345 832
392 896 -248 1024 70 -347 834
393 893 -248 1026 70 -347 834
394 893 -248 1024 70 -346 833
395 897 -246 1027 71 -345 834
396 900 -250 1025 66 -351 830
397 900 -252 1027 69 -345 832
398 898 -250 1025 67 -347 831
399 898 -248 1024 67 -344 833
400 896 -253 1025 62 -344 831
401 903 -251 1023 66 -342 832
402 898 -252 1024 69 -347 831
403 895 -249 1025 64 -346 831
404 896 -249 1023 71 -348 829
405 891 -248 1024 71 -347 830
406 895 -252 1026 72 -350 831
407 894 -249 1025 70 -349 828
408 896 -251 1025 69 -348 832
409 896 -253 1024 64 -347 830
410 899 -249 1023 60 -345 832
411 901 -253 1024 63 -340 834
412 899 -251 1025 60 -346 832
413 898 -250 1023 63 -342 829
414 895 -252 1025 68 -349 824
415 897 -251 1022 69 -349 832
416 896 -249 1026 72 -349 832
417 892 -250 1024 75 -350 831
418 896 -250 1026 68 -348 830
419 892 -250 1024 68 -346 829
420 896 -248 1025 65 -347 832
421 897 -252 1022 64 -345 832
422 900 -249 1021 64 -344 830
423 900 -254 1025 66 -346 834
424 896 -249 1021 70 -347 832
425 894 -249 1022 72 -349 833
426 895 -252 1024 69 -349 832
427 892 -250 1024 71 -349 833
428 899 -251 1025 72 -349 829
429 897 -252 1024 69 -349 827
430 896 -253 1024 68 -347 831
431 895 -251 1022 63 -346 834
432 899 -250 1026 62 -348 828
433 895 -253 1023 61 -346 833
434 900 -248 1025 63 -345 834
435 898 -249 1024 65 -343 829
436 894 -252 1024 68 -345 833
437 892 -250 1022 69 -346 834
438 897 -251 1022 68 -351 831
439 896 -250 1024 71 -349 831
440 895 -250 1025 67 -347 830
441 893 -250 1024 68 -349 832
442 894 -252 1024 68 -349 829
443 895 -249 1022 70 -349 833
444 895 -252 1024 70 -348 832
445 897 -251 1021 70 -349 831
446 896 -250 1025 65 -346 834
447 894 -250 1023 64 -348 829
448 896 -249 1025 64 -348 831
449 900 -250 1026 65 -346 829
450 895 -250 1024 70 -345 831
451 897 -250 1025 67 -348 829
452 894 -251 1028 68 -347 832
453 893 -253 1023 67 -349 832
454 895 -252 1023 67 -346 830
455 894 -253 1026 67 -344 831
456 893 -253 1024 64 -347 829
457 898 -254 1024 61 -345 832
458 895 -249 1025 65 -347 832
459 898 -251 1022 66 -345 833
460 898 -252 1025 71 -346 833
461 897 -252 1025 66 -350 833
462 895 -249 1025 68 -348 831
463 896 -252 1021 68 -350 830
464 891 -250 1025 69 -343 831
465 894 -251 1023 72 -350 831
466 896 -251 1024 71 -345 832
467 896 -250 1026 68 -352 830
468 896 -248 1023 67 -347 830
469 897 -250 1023 64 -346 832
470 899 -249 1026 62 -346 833
471 897 -254 1024 65 -345 831
472 896 -251 1022 63 -343 833
473 892 -251 1021 65 -346 832
474 897 -250 1024 70 -346 832
475 894 -250 1026 68 -350 830
476 895 -249 1027 69 -351 830
477 896 -253 1025 68 -344 829
478 894 -250 1026 64 -346 831
479 894 -250 1023 66 -345 832
480 895 -252 1024 65 -348 831
481 897 -250 1026 64 -348 831
482 898 -252 1027 67 -345 834
483 896 -250 1024 68 -345 832
484 898 -252 1025 66 -345 831
485 896 -248 1025 65 -345 831
486 894 -250 1024 68 -347 830
487 895 -253 1023 71 -348 832
488 895 -250 1022 68 -348 830
489 893 -250 1023 70 -348 830
490 893 -249 1023 70 -349 830
491 893 -251 1022 65 -344 833
492 900 -252 1026 63 -342 832
493 897 -252 1027 63 -342 832
494 899 -249 1025 61 -342 832
495 901 -250 1026 62 -345 832
496 898 -251 1026 64 -345 832
497 899 -253 1024 69 -348 834
498 895 -251 1024 72 -349 833
499 897 -251 1022 71 -345 830
500 894 -251 1021 66 -346 828
501 894 -248 1024 65 -347 832
502 898 -252 1022 66 -350 829
503 896 -252 1022 66 -345 832
504 897 -249 1026 67 -346 832
505 895 -249 1026 67 -346 831
506 897 -250 1025 64 -346 831
507 898 -250 1027 66 -342 831
508 897 -252 1024 66 -344 831
509 896 -250 1024 69 -349 831
510 894 -253 1024 73 -346 833
511 892 -250 1023 71 -350 832
512 896 -247 1027 69 -352 831
513 895 -249 1025 67 -346 830
514 896 -251 1023 69 -345 834
515 896 -252 1022 62 -345 833
516 899 -251 1023 65 -345 832
517 900 -252 1024 64 -346 833
518 900 -250 1023 64 -347 831
519 894 -253 1025 70 -346 835
520 900 -252 1021 70 -347 833
521 896 -253 1021 64 -349 835
522 894 -251 1023 67 -346 828
523 893 -252 1022 70 -347 828
524 891 -250 1023 66 -346 831
525 893 -251 1025 66 -349 834
526 898 -250 1021 67 -344 832
527 899 -255 1024 68 -349 833
528 898 -249 1027 65 -345 834
529 897 -252 1024 63 -347 834
530 896 -252 1024 62 -345 830
531 898 -252 1023 65 -343 832
532 895 -252 1023 68 -346 831
533 898 -251 1026 72 -350 832
534 891 -252 1024 72 -349 834
535 894 -249 1024 72 -348 831
536 892 -249 1027 70 -346 832
537 894 -250 1025 68 -344 830
538 894 -251 1028 66 -347 829
539 900 -250 1026 65 -345 831
540 899 -250 1025 64 -345 830
541 897 -249 1025 67 -346 832
542 896 -250 1024 67 -341 836
543 897 -251 1025 64 -345 832
544 896 -251 1023 67 -343 832
545 896 -251 1023 68 -346 833
546 893 -249 1025 68 -345 833
547 895 -249 1028 70 -346 834
548 897 -246 1028 71 -346 832
549 899 -250 1024 69 -346 833
550 897 -250 1028 65 -345 832
551 896 -253 1024 63 -340 831
552 897 -250 1023 63 -344 829
553 896 -250 1027 68 -341 835
554 894 -246 1025 69 -345 836
555 894 -248 1023 73 -344 835
556 894 -250 1026 72 -349 833
557 896 -248 1026 75 -348 831
558 891 -249 1027 69 -352 830
559 892 -249 1026 70 -348 831
560 892 -248 1026 66 -344 833
561 895 -250 1024 68 -346 834
562 901 -253 1024 64 -345 834
563 899 -249 1026 60 -345 833
564 900 -252 1026 63 -343 833
565 898 -251 1028 69 -343 833
566 896 -249 1025 65 -347 834
567 895 -248 1027 69 -344 830
568 896 -253 1024 70 -347 831
569 896 -250 1025 67 -348 830
570 893 -250 1023 72 -346 829
571 893 -251 1023 68 -346 830
572 893 -249 1024 68 -346 831
573 896 -254 1024 63 -340 830
574 897 -250 1026 63 -342 832
575 898 -250 1023 65 -342 831
576 898 -253 1023 67 -345 830
577 894 -251 1026 76 -351 833
578 893 -247 1024 75 -348 830
579 893 -249 1024 74 -349 829
580 892 -249 1024 74 -343 829
581 895 -249 1024 68 -343 832
582 897 -249 1025 64 -346 830
583 897 -248 1025 66 -344 835
584 900 -247 1025 64 -345 832
585 900 -251 1024 65 -343 835
586 896 -251 1028 66 -347 832
587 895 -250 1024 67 -342 837
588 898 -250 1026 70 -343 834
589 897 -248 1026 67 -344 832
590 896 -247 1025 67 -345 833
591 897 -251 1026 67 -341 833
592 898 -248 1022 69 -343 833
593 900 -253 1023 69 -345 835
594 899 -249 1025 66 -346 833
595 896 -249 1023 69 -343 835
596 898 -249 1028 65 -345 836
597 893 -252 1023 65 -343 831
598 898 -247 1024 68 -348 832
599 896 -252 1025 74 -350 833
600 893 -250 1026 72 -350 832
601 896 -249 1022 73 -347 837
602 897 -248 1027 69 -345 834
603 900 -252 1029 67 -344 832
604 896 -250 1024 65 -346 831
605 896 -252 1022 69 -345 836
606 897 -249 1026 69 -344 835
607 897 -248 1027 69 -348 832
608 899 -250 1024 68 -347 831
609 897 -253 1024 66 -346 835
610 895 -251 1026 64 -343 833
611 904 -253 1023 65 -344 832
612 897 -253 1025 66 -344 831
613 899 -249 1024 67 -346 832
614 896 -250 1025 65 -345 831
615 896 -248 1028 67 -345 828
616 897 -252 1025 66 -346 832
617 897 -248 1027 73 -346 831
618 897 -250 1023 72 -349 834
619 898 -248 1026 73 -346 835
620 898 -245 1024 74 -345 833
621 899 -246 1025 69 -342 831
622 899 -248 1025 62 -346 830
623 897 -250 1025 68 -345 833
624 894 -252 1027 69 -345 832
625 896 -250 1024 70 -346 832
626 894 -250 1026 70 -348 832
627 896 -249 1026 68 -344 836
628 895 -248 1024 69 -345 832
629 897 -250 1025 66 -345 833
630 896 -246 1024 67 -343 834
631 901 -252 1027 67 -344 834
632 900 -250 1025 63 -346 832
633 898 -255 1023 67 -342 835
634 898 -249 1029 64 -345 834
635 901 -253 1024 64 -342 833
636 900 -251 1023 69 -344 833
637 895 -248 1028 71 -345 835
638 894 -246 1027 72 -348 834
639 894 -250 1025 71 -347 832
640 897 -250 1026 71 -346 831
641 896 -245 1027 68 -343 833
642 895 -249 1026 67 -342 835
643 896 -249 1029 70 -344 834
644 895 -249 1025 71 -347 831
645 896 -248 1025 74 -348 829
646 894 -251 1029 71 -345 833
647 896 -245 1024 72 -347 833
648 894 -248 1026 69 -342 832
649 898 -249 1026 66 -344 831
650 897 -251 1026 67 -341 833
651 899 -246 1027 67 -343 832
652 898 -250 1027 67 -346 832
653 898 -250 1024 70 -345 832
654 897 -248 1028 69 -342 833
655 899 -248 1028 66 -341 834
656 903 -252 1025 68 -342 834
657 897 -254 1028 68 -344 833
658 896 -248 1024 65 -346 833
659 898 -251 1027 69 -345 832
660 897 -250 1025 69 -347 831
661 896 -247 1028 69 -345 835
662 896 -247 1029 70 -343 832
663 894 -248 1023 71 -346 828
664 894 -250 1028 70 -344 834
665 895 -247 1028 71 -346 832
666 895 -249 1023 70 -348 830
667 896 -250 1019 66 -349 832
668 893 -250 1027 70 -346 833
669 895 -249 1023 68 -348 832
670 897 -253 1023 66 -347 833
671 899 -248 1023 69 -347 832
672 896 -247 1027 68 -346 835
673 899 -249 1027 67 -347 832
674 900 -254 1024 68 -346 833
675 893 -251 1027 69 -345 835
676 895 -250 1027 66 -345 835
677 895 -251 1024 68 -345 831
678 899 -250 1024 69 -345 835
679 898 -249 1027 66 -346 831
680 899 -250 1023 66 -344 836
681 901 -248 1025 63 -343 834
682 898 -248 1028 64 -343 834
683 896 -248 1029 66 -344 830
684 895 -248 1020 73 -345 831
685 895 -250 1027 75 -351 833
686 893 -245 1025 76 -350 833
687 896 -253 1025 70 -347 830
688 896 -252 1023 71 -341 831
689 896 -250 1027 64 -342 832
690 898 -248 1027 65 -340 830
691 900 -251 1022 66 -345 830
692 898 -253 1025 69 -348 835
693 898 -251 1027 69 -345 832
694 895 -249 1025 67 -345 833
695 897 -252 1025 68 -346 829
696 896 -249 1025 67 -345 833
697 892 -248 1026 66 -347 833
698 896 -253 1027 67 -347 832
699 897 -250 1024 68 -347 833
700 901 -251 1027 64 -342 835
701 899 -252 1023 63 -344 834
702 898 -250 1027 63 -343 833
703 899 -248 1025 63 -340 835
704 895 -251 1026 69 -345 830
705 896 -254 1025 70 -349 827
706 895 -252 1028 70 -353 828
707 896 -248 1024 72 -347 833
708 895 -248 1028 68 -349 830
709 899 -251 1024 67 -346 830
710 894 -249 1025 69 -346 833
711 898 -249 1028 67 -345 834
712 896 -254 1024 68 -348 833
713 893 -254 1023 67 -347 832
714 897 -250 1025 66 -349 830
715 898 -251 1024 63 -345 835
716 896 -254 1022 61 -345 833
717 898 -252 1025 66 -345 835
718 897 -247 1028 69 -347 827
719 897 -254 1022 70 -349 827
720 895 -252 1020 72 -347 831
721 897 -247 1027 68 -349 832
722 894 -249 1025 64 -348 831
723 897 -254 1026 65 -345 828
724 896 -253 1023 68 -347 832
725 892 -249 1027 69 -344 833
726 894 -253 1024 67 -344 830
727 899 -252 1024 66 -344 830
728 899 -252 1028 66 -344 832
729 900 -248 1027 69 -346 833
730 897 -250 1022 73 -348 829
731 892 -251 1024 74 -348 831
732 894 -251 1026 71 -349 832
733 898 -249 1026 70 -347 832
734 896 -251 1022 70 -345 835
735 899 -248 1029 66 -345 834
736 897 -251 1026 63 -348 827
737 897 -252 1023 67 -343 832
738 897 -251 1027 68 -344 834
739 897 -246 1030 64 -342 832
740 897 -256 1019 66 -343 828
741 896 -251 1024 70 -344 836
742 897 -245 1031 69 -349 836
743 893 -248 1031 72 -350 828
744 890 -254 1020 74 -351 828
745 894 -253 1025 72 -348 833
746 898 -249 1028 66 -346 834
747 900 -250 1025 64 -338 831
748 899 -254 1023 59 -339 830
749 901 -251 1029 62 -342 837
750 898 -249 1028 67 -345 829
751 897 -252 1022 74 -345 830
752 896 -250 1027 75 -347 834
753 896 -247 1027 72 -347 831
754 896 -249 1023 71 -343 831
755 891 -247 1026 72 -345 832
756 895 -248 1029 73 -347 834
757 895 -249 1024 68 -349 828
758 897 -253 1020 68 -349 831
759 897 -249 1026 68 -343 837
760 900 -246 1030 65 -338 832
761 898 -250 1025 61 -340 826
762 896 -256 1021 63 -341 833
763 897 -246 1030 68 -344 842
764 900 -249 1035 72 -350 827
765 895 -256 1016 73 -350 825
766 895 -251 1023 68 -345 837
767 894 -243 1035 68 -346 836
768 895 -250 1027 66 -340 828
769 897 -253 1019 64 -340 833
770 900 -246 1028 67 -343 837
771 897 -250 1027 75 -346 835
772 896 -252 1023 72 -351 832
773 899 -250 1023 70 -348 833
774 899 -250 1028 63 -343 832
775 896 -250 1027 65 -342 832
776 894 -250 1021 71 -341 835
777 896 -247 1030 71 -345 833
778 899 -251 1024 71 -349 827
779 895 -254 1021 76 -347 833
780 890 -247 1026 78 -351 837
781 895 -243 1033 71 -342 837
782 896 -252 1025 62 -339 830
783 903 -250 1019 62 -344 834
784 896 -244 1031 62 -346 842
785 900 -248 1032 60 -346 829
786 900 -257 1019 70 -348 826
787 896 -258 1019 70 -347 840
788 898 -239 1036 64 -346 836
789 894 -253 1024 60 -342 825
790 897 -257 1016 68 -344 829
791 893 -249 1027 71 -347 837
792 895 -246 1030 69 -349 832
793 896 -255 1023 72 -348 832
794 895 -249 1027 70 -347 837
795 901 -249 1028 64 -343 831
796 904 -257 1021 60 -344 831
797 894 -251 1020 71 -342 834
798 896 -243 1032 70 -348 834
799 894 -253 1024 66 -347 823
800 891 -256 1015 68 -350 831
801 894 -245 1024 74 -351 841
802 888 -244 1036 76 -353 829
803 896 -257 1014 71 -349 820
804 898 -258 1019 70 -345 834
805 894 -238 1031 72 -349 846
806 898 -243 1031 62 -340 830
807 901 -263 1015 54 -340 819
808 903 -262 1012 57 -341 839
809 899 -239 1036 70 -343 843
810 892 -247 1024 72 -351 828
811 895 -259 1016 72 -350 820
812 892 -251 1018 65 -346 840
813 898 -243 1038 65 -344 832
814 893 -256 1017 68 -343 826
815 895 -254 1024 70 -344 836
816 895 -247 1031 72 -346 832
817 894 -252 1022 63 -345 832
818 898 -254 1018 66 -346 834
819 897 -249 1026 64 -344 836
820 895 -250 1027 64 -345 830
821 897 -255 1018 68 -344 827
822 891 -249 1023 72 -350 834
823 895 -245 1033 73 -352 833
824 891 -255 1023 69 -345 826
825 895 -253 1021 70 -346 831
826 896 -247 1027 74 -351 842
827 894 -246 1029 70 -348 828
828 898 -255 1020 66 -346 829
829 899 -255 1020 64 -341 835
830 899 -240 1036 66 -346 839
831 901 -248 1026 64 -341 828
832 899 -257 1017 60 -339 828
833 903 -253 1020 61 -342 838
834 897 -243 1035 71 -344 838
835 893 -252 1023 72 -348 828
836 897 -253 1025 69 -347 829
837 891 -251 1020 72 -348 835
838 896 -244 1031 69 -345 826
839 895 -254 1022 71 -343 833
840 893 -250 1027 66 -347 833
841 894 -251 1023 68 -343 834
842 895 -248 1025 64 -343 830
843 897 -250 1024 66 -345 830
844 897 -253 1025 68 -346 832
845 895 -248 1026 70 -342 836
846 894 -251 1025 70 -346 832
847 895 -251 1025 70 -346 829
848 895 -249 1024 72 -346 833
849 895 -249 1026 71 -344 833
850 898 -249 1023 71 -345 832
851 898 -250 1025 64 -347 830
852 899 -251 1024 63 -345 829
853 897 -251 1026 68 -343 836
854 899 -247 1027 66 -346 837
855 896 -247 1025 66 -342 831
856 901 -250 1024 68 -346 833
857 897 -249 1023 70 -347 830
858 893 -252 1027 69 -347 832
859 897 -250 1025 69 -348 833
860 896 -251 1023 66 -347 832
861 895 -250 1026 65 -344 831
862 896 -248 1024 67 -344 832
863 896 -247 1026 69 -349 831
864 900 -247 1027 72 -346 831
865 900 -251 1028 74 -348 832
866 898 -252 1023 74 -347 835
867 895 -248 1026 71 -346 831
868 899 -252 1025 66 -345 835
869 897 -247 1024 68 -348 834
870 899 -250 1024 68 -346 831
871 900 -252 1024 66 -348 829
872 898 -249 1027 67 -347 830
873 898 -251 1024 65 -348 833
874 897 -252 1023 66 -344 830
875 898 -251 1028 66 -346 832
876 898 -249 1025 66 -346 832
877 899 -248 1025 71 -344 835
878 898 -250 1027 68 -347 837
879 895 -249 1024 70 -346 836
880 900 -248 1025 70 -343 832
881 899 -250 1025 68 -346 831
882 897 -249 1024 65 -343 832
883 901 -250 1024 70 -346 835
884 898 -248 1027 68 -344 833
885 896 -245 1027 69 -348 836
886 896 -247 1022 73 -346 834
887 896 -247 1028 76 -344 836
888 896 -249 1025 72 -348 833
889 896 -248 1027 70 -344 836
890 899 -250 1026 66 -347 835
891 896 -249 1024 68 -348 832
892 896 -249 1022 66 -345 830
893 896 -249 1025 66 -344 834
894 897 -252 1022 69 -345 828
895 896 -248 1024 68 -345 830
896 895 -246 1026 69 -346 833
897 896 -250 1026 69 -348 830
898 899 -249 1026 65 -342 833
899 896 -250 1024 63 -346 836
900 898 -249 1025 66 -346 832
901 898 -248 1027 69 -345 834
902 896 -249 1026 66 -342 833
903 902 -250 1026 69 -346 833
904 895 -256 1022 71 -348 832
905 897 -248 1027 70 -345 832
906 893 -248 1024 74 -347 833
907 895 -249 1024 72 -346 832
908 896 -247 1027 71 -344 832
909 895 -250 1027 70 -347 834
910 899 -246 1027 69 -342 834
911 899 -249 1028 67 -347 831
912 898 -246 1026 68 -344 832
913 899 -249 1023 67 -345 833
914 896 -251 1027 69 -345 833
915 898 -249 1026 72 -349 833
916 897 -252 1026 66 -346 832
917 895 -247 1027 68 -344 832
918 897 -250 1027 66 -345 833
919 900 -248 1027 64 -343 836
920 899 -253 1023 64 -343 832
921 897 -250 1024 64 -344 834
922 897 -249 1028 66 -344 834
923 898 -249 1026 70 -345 832
924 896 -251 1026 71 -344 833
925 892 -246 1026 72 -351 832
926 893 -253 1024 69 -348 831
927 890 -251 1021 68 -349 829
928 891 -251 1024 65 -348 829
929 894 -250 1023 65 -346 833
930 896 -251 1024 66 -345 831
931 897 -253 1022 66 -347 830
932 896 -251 1023 70 -350 831
933 896 -252 1026 67 -346 835
934 893 -250 1022 70 -346 829
935 893 -251 1026 70 -351 832
936 895 -253 1025 70 -348 833
937 899 -250 1025 68 -344 832
938 896 -247 1027 68 -345 834
939 896 -248 1024 66 -342 835
940 900 -249 1024 64 -345 830
941 895 -250 1024 65 -342 834
942 899 -250 1025 64 -346 832
943 895 -251 1024 65 -345 835
944 896 -252 1026 68 -346 833
945 895 -249 1025 72 -347 831
946 897 -247 1027 69 -348 832
947 896 -248 1025 67 -347 830
948 899 -249 1027 67 -346 831
949 899 -249 1024 66 -343 832
950 895 -246 1026 65 -343 835
951 898 -250 1028 68 -344 834
952 896 -249 1025 67 -347 837
953 895 -250 1024 69 -347 834
954 893 -248 1024 70 -347 832
955 896 -247 1025 71 -345 832
956 898 -247 1025 72 -347 834
957 898 -249 1027 68 -345 830
958 897 -248 1026 68 -347 834
959 899 -247 1023 68 -344 835
960 900 -248 1027 67 -348 835
961 900 -248 1024 66 -343 834
962 901 -247 1024 68 -344 836
963 899 -246 1022 66 -344 835
964 898 -250 1024 66 -342 837
965 898 -248 1027 67 -345 832
966 899 -250 1026 71 -348 833
967 895 -250 1028 71 -346 835
968 897 -246 1027 70 -347 832
969 900 -247 1025 69 -347 830
970 899 -250 1023 69 -344 831
971 896 -250 1024 70 -344 836
972 896 -249 1024 67 -343 832
973 898 -248 1026 71 -344 833
974 896 -251 1023 69 -348 835
975 896 -247 1023 70 -347 835
976 899 -246 1026 72 -347 831
977 897 -249 1026 69 -347 831
978 894 -250 1026 71 -350 832
979 893 -250 1025 69 -345 832
980 893 -250 1024 72 -348 836
981 896 -254 1026 68 -346 834
982 897 -246 1024 65 -347 831
983 898 -245 1026 65 -348 831
984 897 -251 1022 64 -346 833
985 900 -250 1023 64 -343 834
986 898 -249 1028 66 -345 835
987 899 -249 1025 68 -348 833
988 901 -246 1025 68 -345 832
989 895 -246 1026 73 -345 833
990 897 -245 1028 72 -351 834
991 898 -249 1027 71 -347 835
992 897 -248 1026 70 -346 834
993 900 -249 1027 72 -344 830
994 898 -249 1028 67 -344 835
995 899 -250 1024 62 -344 834
996 896 -248 1028 67 -341 833
997 899 -247 1026 65 -344 835
998 898 -251 1026 67 -348 832
999 897 -246 1024 71 -346 833
0 4213 -5018 1392 -6702 3239 5689
1 4212 -5019 1391 -6700 3236 5690
2 4211 -5021 1387 -6698 3235 5692
3 4208 -5022 1391 -6692 3235 5688
4 4209 -5022 1388 -6694 3232 5690
5 4209 -5019 1390 -6691 3232 5688
6 4206 -5022 1389 -6689 3231 5684
7 4203 -5023 1387 -6690 3232 5687
8 4202 -5020 1388 -6694 3233 5685
9 4208 -5024 1386 -6692 3234 5685
10 4206 -5025 1387 -6691 3233 5687
11 4210 -5024 1384 -6691 3230 5688
12 4207 -5023 1385 -6689 3229 5687
13 4206 -5022 1385 -6687 3229 5688
14 4206 -5023 1386 -6686 3230 5688
15 4202 -5026 1386 -6681 3228 5688
16 4204 -5023 1386 -6683 3225 5684
17 4202 -5021 1385 -6680 3227 5682
18 4204 -5022 1384 -6680 3230 5687
19 4205 -5022 1385 -6681 3229 5686
20 4205 -5022 1384 -6684 3230 5685
21 4205 -5024 1385 -6681 3227 5684
22 4208 -5025 1384 -6684 3228 5688
23 4206 -5026 1384 -6678 3227 5686
24 4202 -5023 1387 -6675 3228 5685
25 4204 -5022 1379 -6672 3223 5683
26 4203 -5024 1381 -6672 3222 5685
27 4201 -5025 1381 -6673 3222 5684
28 4197 -5024 1382 -6668 3224 5683
29 4199 -5026 1384 -6671 3223 5682
30 4199 -5024 1385 -6667 3221 5685
31 4199 -5025 1383 -6669 3222 5682
32 4203 -5026 1381 -6667 3222 5685
33 4203 -5024 1383 -6668 3225 5684
34 4201 -5027 1380 -6666 3221 5683
35 4198 -5028 1380 -6661 3222 5686
36 4199 -5025 1381 -6658 3224 5686
37 4198 -5023 1384 -6656 3220 5683
38 4198 -5024 1383 -6655 3218 5688
39 4196 -5027 1377 -6655 3215 5680
40 4194 -5026 1381 -6653 3220 5683
41 4200 -5025 1381 -6657 3216 5681
42 4198 -5026 1378 -6655 3219 5683
43 4201 -5025 1379 -6655 3220 5683
44 4199 -5026 1381 -6657 3218 5685
45 4199 -5026 1379 -6654 3216 5683
46 4197 -5029 1377 -6652 3215 5685
47 4196 -5026 1379 -6648 3212 5682
48 4194 -5027 1379 -6646 3213 5681
49 4195 -5028 1377 -6643 3214 5681
50 4196 -5026 1373 -6640 3213 5680
51 4194 -5026 1374 -6643 3214 5677
52 4195 -5027 1375 -6642 3213 5682
53 4196 -5026 1380 -6637 3212 5682
54 4192 -5027 1376 -6640 3210 5682
55 4192 -5030 1376 -6639 3213 5682
56 4191 -5029 1378 -6639 3208 5680
57 4191 -5031 1372 -6637 3212 5680
58 4191 -5029 1373 -6636 3209 5679
59 4193 -5031 1375 -6631 3212 5679
60 4189 -5026 1376 -6628 3209 5681
61 4189 -5030 1375 -6628 3206 5682
62 4189 -5028 1376 -6629 3207 5680
63 4189 -5027 1375 -6627 3206 5679
64 4190 -5027 1374 -6628 3208 5681
65 4191 -5029 1373 -6628 3208 5682
66 4189 -5031 1371 -6627 3201 5680
67 4187 -5030 1373 -6625 3201 5682
68 4186 -5030 1374 -6624 3202 5679
69 4184 -5031 1371 -6623 3207 5680
70 4184 -5031 1371 -6620 3202 5680
71 4185 -5031 1374 -6616 3202 5679
72 4183 -5028 1376 -6616 3203 5677
73 4183 -5029 1373 -6616 3198 5678
74 4182 -5030 1372 -6610 3201 5680
75 4182 -5028 1371 -6611 3199 5682
76 4183 -5027 1372 -6611 3199 5678
77 4182 -5030 1373 -6609 3196 5676
78 4182 -5033 1373 -6607 3200 5680
79 4182 -5028 1374 -6610 3200 5676
80 4184 -5031 1372 -6606 3197 5678
81 4176 -5032 1371 -6604 3196 5679
82 4177 -5031 1369 -6600 3195 5681
83 4178 -5031 1371 -6595 3193 5676
84 4176 -5030 1371 -6596 3191 5679
85 4174 -5034 1369 -6597 3192 5679
86 4178 -5030 1369 -6599 3195 5679
87 4178 -5033 1371 -6595 3193 5681
88 4179 -5029 1369 -6595 3194 5677
89 4179 -5033 1368 -6593 3191 5677
90 4177 -5034 1370 -6590 3190 5679
91 4173 -5033 1366 -6589 3192 5678
92 4173 -5029 1367 -6585 3189 5679
93 4176 -5034 1368 -6586 3190 5677
94 4176 -5032 1370 -6582 3187 5675
95 4172 -5034 1371 -6581 3188 5676
96 4171 -5030 1371 -6581 3187 5676
97 4170 -5032 1367 -6577 3187 5677
98 4170 -5029 1371 -6581 3188 5678
99 4171 -5031 1367 -6577 3191 5678
100 4175 -5034 1367 -6577 3188 5675
101 4173 -5032 1367 -6577 3184 5676
102 4171 -5036 1367 -6570 3183 5678
103 4165 -5033 1368 -6567 3182 5674
104 4165 -5031 1370 -6562 3179 5674
105 4169 -5034 1366 -6562 3179 5676
106 4168 -5035 1368 -6566 3184 5678
107 4169 -5033 1368 -6565 3177 5676
108 4167 -5034 1368 -6565 3178 5676
109 4165 -5032 1367 -6564 3179 5677
110 4169 -5035 1365 -6559 3179 5675
111 4164 -5037 1366 -6556 3175 5676
112 4162 -5035 1364 -6555 3178 5678
113 4164 -5032 1363 -6553 3172 5675
114 4161 -5034 1367 -6549 3172 5674
115 4160 -5035 1366 -6545 3176 5672
116 4161 -5037 1366 -6546 3173 5676
117 4163 -5034 1363 -6545 3172 5677
118 4162 -5035 1369 -6545 3172 5674
119 4158 -5034 1365 -6544 3175 5676
120 4159 -5035 1367 -6544 3174 5676
121 4159 -5036 1364 -6540 3172 5674
122 4160 -5035 1364 -6538 3172 5675
123 4157 -5036 1363 -6537 3174 5676
124 4158 -5033 1364 -6533 3167 5675
125 4157 -5031 1366 -6528 3166 5674
126 4154 -5033 1362 -6523 3166 5676
127 4155 -5034 1362 -6524 3164 5675
128 4155 -5033 1363 -6529 3164 5672
129 4157 -5036 1361 -6529 3167 5676
130 4156 -5036 1360 -6528 3164 5675
131 4154 -5040 1361 -6526 3166 5674
132 4151 -5041 1360 -6521 3165 5674
133 4154 -5037 1360 -6519 3162 5676
134 4156 -5035 1361 -6516 3156 5672
135 4150 -5037 1360 -6512 3160 5670
136 4150 -5034 1360 -6511 3157 5673
137 4149 -5034 1359 -6508 3160 5674
138 4148 -5033 1361 -6509 3161 5676
139 4150 -5035 1362 -6507 3160 5673
140 4146 -5038 1360 -6507 3157 5673
141 4150 -5037 1358 -6505 3157 5671
142 4148 -5036 1356 -6501 3150 5673
143 4149 -5033 1360 -6499 3156 5673
144 4148 -5038 1360 -6496 3155 5673
145 4142 -5036 1360 -6496 3152 5669
146 4140 -5035 1359 -6492 3156 5672
147 4146 -5037 1358 -6489 3151 5672
148 4141 -5039 1354 -6492 3148 5670
149 4144 -5040 1355 -6487 3146 5670
150 4142 -5035 1358 -6481 3152 5671
151 4144 -5035 1357 -6487 3150 5666
152 4142 -5040 1357 -6488 3150 5670
153 4144 -5036 1356 -6484 3149 5671
154 4140 -5039 1357 -6478 3148 5673
155 4143 -5037 1357 -6477 3146 5671
156 4140 -5039 1355 -6473 3143 5672
157 4139 -5038 1356 -6475 3144 5670
158 4136 -5037 1356 -6473 3145 5675
159 4136 -5039 1355 -6467 3145 5672
160 4135 -5039 1355 -6465 3143 5669
161 4135 -5037 1357 -6466 3143 5669
162 4135 -5040 1352 -6462 3140 5670
163 4133 -5038 1354 -6461 3136 5670
164 4137 -5038 1352 -6460 3138 5670
165 4132 -5041 1355 -6459 3142 5671
166 4134 -5037 1351 -6457 3138 5671
167 4133 -5042 1355 -6456 3141 5668
168 4133 -5039 1356 -6453 3138 5668
169 4128 -5040 1354 -6448 3130 5668
170 4129 -5042 1350 -6447 3132 5667
171 4129 -5040 1350 -6445 3131 5668
172 4127 -5040 1352 -6446 3132 5670
173 4131 -5039 1352 -6444 3135 5666
174 4128 -5041 1350 -6441 3133 5666
175 4127 -5042 1356 -6440 3135 5668
176 4130 -5041 1352 -6440 3132 5666
177 4128 -5042 1347 -6436 3129 5667
178 4125 -5040 1349 -6433 3127 5667
179 4125 -5040 1350 -6431 3128 5668
180 4122 -5043 1344 -6427 3126 5664
181 4121 -5041 1350 -6428 3126 5668
182 4121 -5042 1347 -6426 3127 5664
183 4120 -5044 1344 -6423 3125 5665
184 4120 -5045 1346 -6423 3124 5664
185 4123 -5044 1346 -6424 3124 5668
186 4122 -5047 1344 -6415 3120 5662
187 4119 -5044 1347 -6412 3121 5665
188 4118 -5044 1346 -6417 3120 5668
189 4118 -5046 1343 -6416 3122 5664
190 4119 -5048 1342 -6410 3119 5663
191 4114 -5046 1342 -6407 3117 5665
192 4119 -5048 1345 -6404 3115 5664
193 4114 -5046 1344 -6400 3114 5664
194 4114 -5042 1344 -6397 3112 5662
195 4115 -5046 1342 -6399 3112 5663
196 4115 -5045 1341 -6401 3118 5663
197 4116 -5044 1342 -6399 3116 5663
198 4114 -5047 1342 -6396 3114 5662
199 4113 -5046 1342 -6394 3113 5663
200 4114 -5045 1341 -6393 3111 5664
201 4110 -5048 1340 -6392 3114 5663
202 4109 -5046 1338 -6389 3110 5661
203 4109 -5047 1338 -6387 3110 5660
204 4112 -5046 1339 -6380 3105 5663
205 4109 -5046 1341 -6380 3104 5662
206 4108 -5046 1342 -6380 3101 5660
207 4107 -5050 1335 -6378 3103 5659
208 4107 -5049 1336 -6376 3102 5660
209 4105 -5047 1336 -6375 3105 5660
210 4110 -5048 1337 -6379 3100 5658
211 4108 -5049 1334 -6370 3099 5657
212 4102 -5049 1335 -6376 3102 5658
213 4105 -5051 1338 -6368 3101 5662
214 4106 -5048 1335 -6367 3098 5659
215 4103 -5048 1330 -6361 3097 5659
216 4101 -5047 1336 -6359 3093 5655
217 4100 -5048 1332 -6357 3098 5660
218 4102 -5052 1333 -6360 3094 5656
219 4100 -5052 1331 -6358 3097 5658
220 4105 -5052 1332 -6360 3097 5660
221 4106 -5048 1334 -6358 3098 5658
222 4100 -5055 1332 -6358 3098 5656
223 4100 -5054 1333 -6351 3094 5655
224 4099 -5056 1331 -6349 3093 5655
225 4098 -5054 1329 -6344 3090 5654
226 4099 -5053 1328 -6343 3091 5654
227 4098 -5053 1333 -6340 3087 5656
228 4094 -5050 1331 -6338 3090 5657
229 4093 -5054 1327 -6336 3086 5653
230 4092 -5053 1326 -6338 3087 5654
231 4094 -5055 1327 -6341 3091 5651
232 4100 -5054 1326 -6340 3088 5651
233 4095 -5058 1324 -6337 3087 5653
234 4096 -5054 1325 -6333 3084 5656
235 4092 -5052 1326 -6329 3085 5655
236 4092 -5056 1327 -6330 3084 5656
237 4090 -5055 1322 -6324 3082 5649
238 4091 -5056 1325 -6324 3085 5657
239 4090 -5056 1322 -6323 3080 5652
240 4092 -5058 1321 -6325 3082 5652
241 4087 -5056 1323 -6323 3079 5648
242 4089 -5055 1323 -6323 3079 5649
243 4095 -5059 1323 -6323 3081 5650
244 4088 -5059 1320 -6319 3081 5649
245 4087 -5063 1322 -6317 3080 5652
246 4086 -5058 1321 -6316 3078 5652
247 4089 -5059 1321 -6313 3077 5649
248 4087 -5055 1321 -6309 3073 5650
249 4087 -5059 1319 -6308 3072 5650
250 4086 -5060 1321 -6306 3071 5649
251 4084 -5058 1321 -6306 3073 5647
252 4083 -5059 1319 -6302 3076 5648
253 4084 -5062 1319 -6305 3075 5650
254 4086 -5059 1318 -6304 3072 5649
255 4084 -5061 1320 -6304 3071 5651
256 4082 -5058 1317 -6303 3071 5650
257 4084 -5062 1317 -6298 3073 5648
258 4082 -5065 1318 -6297 3071 5648
259 4084 -5060 1315 -6292 3069 5647
260 4082 -5061 1315 -6292 3067 5648
261 4078 -5059 1315 -6290 3065 5645
262 4078 -5061 1313 -6292 3066 5646
263 4079 -5061 1315 -6289 3064 5647
264 4079 -5063 1313 -6288 3064 5647
265 4082 -5063 1316 -6290 3068 5643
266 4080 -5063 1315 -6293 3067 5645
267 4079 -5061 1312 -6288 3068 5643
268 4078 -5060 1315 -6282 3068 5647
269 4079 -5062 1311 -6283 3064 5644
270 4080 -5064 1310 -6276 3058 5645
271 4076 -5062 1311 -6278 3058 5645
272 4074 -5065 1311 -6275 3060 5642
273 4075 -5062 1314 -6277 3061 5644
274 4075 -5063 1311 -6274 3061 5641
275 4076 -5063 1311 -6276 3061 5642
276 4074 -5064 1310 -6270 3061 5644
277 4078 -5064 1309 -6274 3061 5646
278 4076 -5063 1312 -6276 3060 5642
279 4078 -5062 1307 -6273 3063 5643
280 4076 -5065 1310 -6273 3059 5644
281 4074 -5065 1308 -6270 3061 5643
282 4074 -5066 1310 -6265 3056 5643
283 4071 -5063 1308 -6265 3050 5640
284 4066 -5063 1308 -6264 3052 5640
285 4072 -5066 1305 -6263 3053 5641
286 4072 -5066 1305 -6265 3055 5639
287 4071 -5069 1308 -6264 3060 5642
288 4074 -5067 1307 -6267 3058 5643
289 4073 -5068 1309 -6263 3058 5645
290 4075 -5065 1304 -6263 3055 5641
291 4072 -5067 1307 -6259 3054 5643
292 4071 -5068 1307 -6253 3052 5645
293 4068 -5068 1305 -6254 3051 5641
294 4068 -5067 1306 -6251 3051 5641
295 4069 -5066 1305 -6250 3053 5641
296 4070 -5069 1305 -6254 3051 5639
297 4068 -5069 1304 -6254 3051 5641
298 4069 -5069 1304 -6252 3050 5643
299 4067 -5069 1304 -6254 3050 5640
300 4071 -5069 1304 -6255 3050 5640
301 4069 -5065 1305 -6253 3049 5641
302 4071 -5070 1305 -6250 3050 5640
303 4071 -5070 1302 -6248 3050 5638
304 4070 -5068 1302 -6247 3049 5639
305 4066 -5065 1305 -6243 3047 5641
306 4066 -5065 1304 -6239 3041 5641
307 4062 -5070 1302 -6240 3046 5640
308 4065 -5066 1302 -6246 3045 5636
309 4067 -5067 1301 -6248 3048 5637
310 4068 -5070 1305 -6246 3047 5637
311 4068 -5069 1302 -6248 3048 5638
312 4069 -5069 1302 -6244 3046 5637
313 4067 -5070 1302 -6240 3044 5639
314 4066 -5070 1301 -6239 3044 5635
315 4065 -5071 1305 -6238 3044 5639
316 4064 -5068 1302 -6236 3044 5637
317 4064 -5070 1302 -6238 3042 5639
318 4064 -5072 1299 -6237 3042 5640
319 4062 -5071 1303 -6238 3042 5637
320 4059 -5070 1298 -6235 3044 5640
321 4064 -5066 1302 -6234 3041 5640
322 4061 -5070 1300 -6238 3044 5639
323 4060 -5071 1298 -6239 3045 5638
324 4068 -5068 1305 -6238 3047 5636
325 4064 -5069 1302 -6234 3046 5635
326 4063 -5071 1299 -6233 3039 5640
327 4064 -5070 1299 -6231 3041 5638
328 4061 -5070 1301 -6228 3037 5639
329 4056 -5071 1301 -6228 3039 5638
330 4060 -5070 1301 -6232 3042 5640
331 4060 -5068 1299 -6231 3043 5638
332 4061 -5069 1304 -6235 3043 5638
333 4063 -5072 1300 -6232 3040 5636
334 4060 -5072 1302 -6230 3041 5634
335 4062 -5074 1297 -6229 3036 5637
336 4061 -5068 1299 -6225 3037 5637
337 4056 -5074 1299 -6226 3039 5635
338 4060 -5071 1304 -6228 3039 5637
339 4057 -5071 1300 -6229 3040 5635
340 4058 -5072 1298 -6226 3041 5640
341 4059 -5068 1302 -6227 3038 5637
342 4059 -5069 1299 -6227 3038 5636
343 4058 -5069 1300 -6225 3039 5636
344 4060 -5070 1299 -6227 3036 5639
345 4059 -5070 1302 -6232 3043 5639
346 4061 -5073 1302 -6234 3043 5637
347 4063 -5070 1300 -6229 3040 5638
348 4059 -5069 1298 -6224 3037 5637
349 4057 -5070 1300 -6219 3039 5641
350 4056 -5070 1298 -6220 3034 5637
351 4055 -5067 1301 -6222 3034 5636
352 4057 -5069 1302 -6224 3037 5640
353 4057 -5070 1301 -6227 3040 5638
354 4059 -5066 1301 -6224 3040 5638
355 4056 -5071 1302 -6228 3042 5639
356 4058 -5074 1302 -6226 3039 5639
357 4060 -5070 1303 -6226 3039 5637
358 4058 -5068 1301 -6224 3038 5638
359 4056 -5071 1303 -6222 3037 5640
360 4054 -5069 1298 -6219 3040 5638
361 4054 -5068 1302 -6221 3038 5638
362 4055 -5066 1304 -6221 3038 5642
363 4055 -5066 1302 -6221 3037 5638
364 4056 -5068 1302 -6222 3038 5638
365 4057 -5070 1305 -6223 3038 5637
366 4056 -5066 1305 -6221 3038 5638
367 4057 -5066 1302 -6221 3039 5643
368 4058 -5068 1305 -6227 3042 5641
369 4056 -5066 1303 -6225 3040 5640
370 4053 -5066 1306 -6223 3040 5641
371 4056 -5066 1305 -6220 3037 5639
372 4053 -5070 1307 -6217 3032 5641
373 4054 -5063 1305 -6217 3033 5641
374 4056 -5063 1304 -6219 3036 5639
375 4053 -5065 1309 -6220 3037 5641
376 4054 -5065 1307 -6225 3042 5640
377 4055 -5066 1308 -6227 3042 5642
378 4057 -5067 1308 -6226 3039 5646
379 4057 -5067 1310 -6224 3041 5643
380 4056 -5070 1306 -6221 3038 5645
381 4055 -5067 1306 -6222 3040 5641
382 4055 -5067 1307 -6222 3036 5645
383 4049 -5062 1308 -6222 3039 5642
384 4054 -5062 1310 -6222 3037 5643
385 4053 -5065 1306 -6222 3035 5644
386 4052 -5063 1308 -6220 3036 5644
387 4056 -5065 1310 -6219 3038 5642
388 4056 -5065 1312 -6225 3036 5646
389 4049 -5068 1307 -6222 3042 5644
390 4055 -5065 1311 -6225 3039 5646
391 4059 -5063 1312 -6224 3038 5646
392 4055 -5061 1309 -6221 3039 5650
393 4054 -5062 1311 -6217 3038 5647
394 4053 -5061 1314 -6218 3037 5644
395 4055 -5059 1313 -6220 3037 5646
396 4057 -5063 1315 -6220 3038 5646
397 4057 -5059 1314 -6224 3041 5647
398 4054 -5059 1312 -6224 3044 5646
399 4056 -5061 1315 -6226 3045 5652
400 4058 -5057 1315 -6227 3041 5650
401 4055 -5063 1315 -6225 3040 5647
402 4053 -5060 1316 -6224 3036 5649
403 4056 -5056 1317 -6224 3038 5650
404 4054 -5058 1320 -6224 3042 5648
405 4051 -5057 1316 -6227 3046 5650
406 4053 -5059 1315 -6227 3040 5651
407 4051 -5058 1316 -6224 3042 5649
408 4054 -5057 1319 -6224 3039 5652
409 4054 -5058 1319 -6222 3039 5648
410 4054 -5059 1319 -6226 3041 5651
411 4053 -5058 1320 -6228 3039 5649
412 4051 -5058 1319 -6229 3042 5649
413 4054 -5056 1321 -6229 3045 5648
414 4054 -5056 1319 -6224 3044 5651
415 4055 -5058 1324 -6226 3037 5650
416 4051 -5056 1321 -6227 3041 5652
417 4052 -5056 1320 -6227 3040 5652
418 4052 -5056 1322 -6230 3042 5655
419 4052 -5053 1322 -6232 3042 5652
420 4054 -5055 1325 -6228 3047 5653
421 4056 -5056 1321 -6233 3043 5651
422 4054 -5053 1324 -6230 3046 5653
423 4058 -5050 1326 -6229 3042 5655
424 4056 -5053 1324 -6228 3044 5659
425 4053 -5050 1325 -6229 3043 5651
426 4053 -5049 1327 -6225 3044 5658
427 4054 -5052 1328 -6228 3045 5655
428 4054 -5049 1328 -6228 3046 5658
429 4052 -5051 1329 -6230 3045 5656
430 4049 -5051 1327 -6229 3045 5657
431 4053 -5054 1326 -6229 3046 5655
432 4054 -5051 1328 -6235 3047 5657
433 4051 -5051 1330 -6232 3047 5661
434 4052 -5048 1329 -6234 3048 5657
435 4052 -5053 1328 -6233 3044 5657
436 4052 -5049 1328 -6234 3043 5657
437 4051 -5049 1331 -6231 3046 5653
438 4052 -5047 1331 -6230 3047 5654
439 4054 -5051 1333 -6232 3047 5657
440 4054 -5050 1334 -6230 3047 5661
441 4053 -5050 1337 -6236 3053 5659
442 4054 -5046 1333 -6238 3048 5659
443 4054 -5047 1336 -6236 3049 5662
444 4055 -5046 1337 -6236 3051 5664
445 4055 -5050 1337 -6237 3048 5663
446 4053 -5046 1335 -6238 3050 5665
447 4055 -5046 1336 -6235 3048 5663
448 4054 -5046 1339 -6234 3049 5662
449 4053 -5044 1339 -6237 3050 5662
450 4050 -5046 1338 -6236 3049 5660
451 4056 -5043 1338 -6233 3049 5663
452 4052 -5042 1341 -6234 3048 5666
453 4052 -5042 1341 -6235 3053 5663
454 4053 -5042 1343 -6234 3054 5665
455 4053 -5042 1344 -6243 3055 5670
456 4056 -5039 1344 -6239 3054 5667
457 4056 -5040 1343 -6243 3056 5669
458 4054 -5045 1346 -6242 3053 5666
459 4054 -5044 1341 -6238 3052 5666
460 4052 -5043 1345 -6238 3049 5664
461 4049 -5041 1344 -6234 3053 5668
462 4051 -5040 1347 -6240 3050 5667
463 4051 -5044 1345 -6238 3052 5667
464 4053 -5040 1345 -6240 3052 5667
465 4052 -5036 1345 -6243 3052 5666
466 4054 -5039 1346 -6246 3056 5669
467 4055 -5042 1350 -6245 3055 5670
468 4054 -5039 1349 -6244 3057 5667
469 4054 -5037 1349 -6244 3055 5672
470 4052 -5041 1347 -6244 3055 5671
471 4053 -5037 1351 -6245 3054 5670
472 4050 -5037 1349 -6242 3052 5667
473 4055 -5036 1349 -6241 3053 5669
474 4055 -5038 1351 -6243 3052 5669
475 4052 -5034 1352 -6242 3051 5668
476 4054 -5035 1350 -6246 3059 5672
477 4055 -5033 1352 -6248 3058 5672
478 4059 -5037 1351 -6254 3062 5671
479 4059 -5036 1355 -6253 3057 5671
480 4055 -5033 1353 -6250 3058 5672
481 4055 -5035 1354 -6247 3058 5672
482 4050 -5035 1355 -6244 3055 5675
483 4052 -5033 1356 -6244 3055 5673
484 4049 -5034 1354 -6238 3056 5675
485 4054 -5032 1354 -6248 3057 5673
486 4057 -5036 1358 -6248 3060 5677
487 4054 -5032 1357 -6252 3062 5676
488 4059 -5032 1354 -6254 3060 5677
489 4058 -5032 1355 -6254 3062 5673
490 4056 -5034 1356 -6252 3062 5675
491 4058 -5032 1356 -6253 3058 5675
492 4053 -5034 1359 -6252 3061 5675
493 4054 -5032 1357 -6255 3059 5676
494 4054 -5034 1359 -6250 3057 5679
495 4053 -5029 1360 -6250 3058 5677
496 4051 -5032 1361 -6256 3060 5676
497 4055 -5028 1356 -6257 3062 5679
498 4055 -5030 1362 -6257 3064 5679
499 4056 -5030 1361 -6260 3066 5678
500 4057 -5029 1363 -6256 3062 5680
501 4056 -5029 1362 -6255 3063 5678
502 4055 -5028 1364 -6255 3058 5678
503 4053 -5031 1362 -6257 3061 5677
504 4058 -5029 1363 -6258 3063 5677
505 4056 -5030 1364 -6258 3062 5679
506 4053 -5028 1364 -6261 3064 5681
507 4051 -5029 1368 -6260 3061 5682
508 4055 -5028 1364 -6260 3062 5682
509 4057 -5029 1364 -6262 3063 5678
510 4055 -5027 1363 -6264 3060 5681
511 4056 -5025 1366 -6265 3066 5680
512 4057 -5023 1365 -6263 3062 5681
513 4058 -5025 1366 -6266 3067 5679
514 4056 -5025 1366 -6262 3067 5678
515 4057 -5027 1366 -6263 3067 5681
516 4057 -5024 1370 -6266 3066 5682
517 4059 -5027 1369 -6262 3065 5680
518 4057 -5028 1367 -6263 3067 5681
519 4055 -5027 1369 -6266 3066 5682
520 4057 -5024 1368 -6266 3067 5683
521 4061 -5024 1370 -6268 3066 5683
522 4060 -5023 1373 -6269 3070 5685
523 4058 -5026 1371 -6267 3066 5685
524 4059 -5021 1372 -6269 3070 5687
525 4060 -5023 1372 -6274 3073 5686
526 4058 -5024 1371 -6271 3068 5685
527 4058 -5023 1373 -6270 3070 5685
528 4059 -5026 1372 -6268 3070 5684
529 4056 -5021 1373 -6272 3067 5681
530 4060 -5023 1372 -6265 3068 5682
531 4057 -5022 1373 -6267 3071 5685
532 4060 -5025 1376 -6268 3070 5689
533 4060 -5023 1372 -6273 3073 5688
534 4060 -5023 1373 -6274 3072 5686
535 4062 -5019 1377 -6274 3077 5689
536 4059 -5020 1376 -6278 3075 5685
537 4064 -5021 1372 -6279 3074 5689
538 4061 -5022 1372 -6278 3075 5684
539 4061 -5021 1378 -6275 3070 5688
540 4058 -5023 1376 -6275 3075 5689
541 4063 -5020 1375 -6275 3070 5687
542 4059 -5020 1376 -6275 3071 5684
543 4059 -5024 1375 -6278 3077 5690
544 4063 -5022 1378 -6279 3076 5688
545 4062 -5022 1378 -6283 3077 5685
546 4061 -5020 1373 -6282 3077 5686
547 4062 -5018 1378 -6285 3076 5691
548 4063 -5017 1379 -6283 3077 5689
549 4062 -5020 1375 -6279 3076 5688
550 4059 -5020 1378 -6282 3072 5684
551 4061 -5018 1374 -6286 3073 5685
552 4063 -5016 1379 -6283 3075 5690
553 4062 -5018 1381 -6284 3077 5690
554 4063 -5020 1378 -6287 3080 5689
555 4065 -5016 1381 -6289 3078 5688
556 4063 -5022 1382 -6292 3078 5686
557 4064 -5016 1380 -6289 3082 5690
558 4064 -5021 1383 -6292 3085 5690
559 4066 -5022 1379 -6292 3078 5688
560 4064 -5017 1379 -6289 3078 5690
561 4062 -5019 1378 -6292 3080 5688
562 4065 -5016 1380 -6292 3078 5693
563 4065 -5018 1381 -6295 3082 5685
564 4067 -5018 1379 -6296 3081 5691
565 4063 -5017 1381 -6300 3081 5690
566 4065 -5017 1379 -6296 3082 5693
567 4060 -5019 1380 -6295 3081 5687
568 4066 -5019 1380 -6296 3079 5686
569 4066 -5018 1380 -6297 3080 5687
570 4068 -5015 1384 -6297 3080 5691
571 4069 -5018 1381 -6301 3080 5690
572 4068 -5021 1379 -6301 3086 5691
573 4070 -5014 1384 -6304 3085 5692
574 4067 -5020 1382 -6304 3085 5690
575 4069 -5016 1384 -6303 3087 5691
576 4071 -5015 1379 -6305 3085 5692
577 4071 -5017 1385 -6305 3087 5691
578 4066 -5015 1382 -6306 3087 5689
579 4068 -5015 1382 -6310 3085 5688
580 4069 -5021 1381 -6309 3085 5689
581 4071 -5016 1381 -6308 3087 5690
582 4072 -5015 1383 -6311 3090 5695
583 4073 -5015 1384 -6309 3084 5693
584 4071 -5015 1383 -6314 3089 5695
585 4071 -5015 1386 -6314 3090 5693
586 4070 -5016 1383 -6313 3085 5692
587 4071 -5016 1384 -6314 3088 5689
588 4069 -5016 1382 -6312 3089 5689
589 4069 -5018 1383 -6313 3089 5691
590 4070 -5021 1383 -6317 3089 5687
591 4072 -5018 1382 -6319 3092 5692
592 4071 -5016 1384 -6322 3093 5689
593 4074 -5015 1384 -6325 3093 5695
594 4077 -5020 1382 -6322 3092 5692
595 4072 -5015 1383 -6322 3094 5690
596 4074 -5013 1388 -6321 3092 5691
597 4074 -5013 1384 -6321 3091 5690
598 4072 -5015 1387 -6322 3096 5692
599 4073 -5013 1386 -6328 3096 5690
600 4076 -5013 1386 -6330 3094 5693
601 4079 -5017 1384 -6330 3096 5690
602 4074 -5014 1388 -6327 3098 5693
603 4078 -5015 1384 -6333 3092 5691
604 4078 -5015 1383 -6333 3095 5693
605 4079 -5015 1386 -6330 3097 5694
606 4079 -5014 1386 -6335 3096 5692
607 4076 -5015 1386 -6332 3096 5690
608 4074 -5015 1384 -6338 3097 5693
609 4078 -5014 1385 -6339 3097 5688
610 4078 -5018 1383 -6341 3100 5691
611 4080 -5014 1386 -6340 3100 5695
612 4082 -5020 1383 -6340 3100 5691
613 4077 -5019 1384 -6344 3096 5690
614 4078 -5016 1388 -6342 3097 5695
615 4080 -5014 1387 -6345 3100 5691
616 4079 -5012 1388 -6347 3099 5692
617 4079 -5016 1388 -6344 3104 5693
618 4080 -5012 1388 -6343 3101 5695
619 4082 -5016 1388 -6351 3102 5693
620 4083 -5014 1387 -6351 3103 5693
621 4087 -5015 1386 -6352 3104 5693
622 4081 -5016 1387 -6354 3103 5692
623 4084 -5014 1387 -6356 3106 5696
624 4084 -5016 1390 -6355 3106 5693
625 4086 -5013 1388 -6355 3108 5693
626 4085 -5016 1388 -6356 3105 5692
627 4086 -5013 1392 -6359 3106 5692
628 4084 -5016 1385 -6360 3104 5691
629 4086 -5014 1386 -6365 3108 5691
630 4087 -5015 1391 -6363 3110 5693
631 4084 -5016 1390 -6365 3109 5695
632 4086 -5014 1386 -6365 3108 5693
633 4088 -5015 1389 -6369 3110 5692
634 4085 -5016 1389 -6371 3109 5692
635 4089 -5014 1386 -6372 3109 5695
636 4089 -5014 1389 -6370 3111 5696
637 4090 -5012 1389 -6376 3112 5693
638 4088 -5014 1390 -6376 3114 5695
639 4091 -5016 1390 -6374 3112 5695
640 4092 -5014 1393 -6380 3114 5696
641 4091 -5016 1388 -6381 3114 5699
642 4093 -5012 1391 -6379 3114 5692
643 4091 -5010 1389 -6378 3117 5694
644 4090 -5012 1390 -6382 3113 5694
645 4092 -5013 1395 -6382 3119 5698
646 4094 -5014 1393 -6383 3119 5694
647 4095 -5012 1395 -6388 3119 5694
648 4095 -5013 1389 -6391 3116 5695
649 4092 -5010 1394 -6392 3120 5700
650 4096 -5012 1392 -6392 3121 5698
651 4096 -5012 1394 -6393 3121 5695
652 4098 -5012 1392 -6394 3123 5690
653 4096 -5011 1393 -6396 3122 5697
654 4095 -5010 1394 -6395 3123 5696
655 4097 -5009 1397 -6394 3122 5698
656 4095 -5009 1395 -6399 3124 5699
657 4096 -5010 1392 -6405 3123 5696
658 4102 -5011 1396 -6405 3126 5697
659 4101 -5010 1394 -6409 3124 5696
660 4103 -5009 1393 -6406 3125 5698
661 4098 -5008 1398 -6405 3126 5701
662 4098 -5010 1398 -6408 3124 5698
663 4102 -5013 1395 -6408 3124 5698
664 4102 -5009 1396 -6414 3130 5696
665 4101 -5009 1398 -6415 3130 5698
666 4105 -5008 1398 -6420 3130 5697
667 4104 -5009 1396 -6418 3132 5700
668 4104 -5009 1397 -6419 3130 5698
669 4105 -5007 1398 -6420 3127 5699
670 4108 -5009 1396 -6424 3135 5699
671 4108 -5008 1397 -6425 3132 5698
672 4107 -5011 1399 -6423 3134 5699
673 4108 -5010 1402 -6426 3134 5700
674 4108 -5012 1399 -6430 3135 5698
675 4105 -5009 1399 -6433 3137 5701
676 4110 -5009 1401 -6436 3137 5698
677 4112 -5008 1401 -6436 3136 5698
678 4112 -5010 1402 -6439 3137 5700
679 4111 -5005 1399 -6436 3136 5702
680 4109 -5006 1404 -6438 3136 5702
681 4112 -5002 1404 -6440 3141 5703
682 4112 -5008 1400 -6441 3142 5698
683 4113 -5006 1403 -6445 3143 5702
684 4116 -5004 1403 -6450 3141 5701
685 4112 -5007 1404 -6449 3144 5701
686 4112 -5006 1405 -6448 3146 5703
687 4114 -5005 1404 -6453 3146 5703
688 4113 -5003 1402 -6455 3149 5703
689 4116 -5001 1406 -6454 3147 5707
690 4122 -5004 1407 -6459 3145 5700
691 4118 -5005 1406 -6456 3147 5704
692 4118 -5001 1407 -6460 3147 5704
693 4118 -4998 1406 -6460 3150 5704
694 4119 -5005 1407 -6466 3152 5703
695 4119 -5006 1407 -6471 3154 5703
696 4124 -5005 1410 -6471 3157 5707
697 4123 -5003 1410 -6472 3154 5706
698 4120 -5005 1407 -6472 3153 5702
699 4120 -5004 1409 -6474 3154 5707
700 4126 -4999 1414 -6474 3154 5704
701 4122 -5002 1408 -6475 3159 5703
702 4123 -5000 1409 -6477 3154 5704
703 4121 -5002 1411 -6479 3158 5707
704 4123 -5001 1411 -6480 3158 5705
705 4128 -4998 1413 -6484 3159 5709
706 4130 -4999 1410 -6489 3161 5707
707 4131 -5000 1411 -6490 3163 5707
708 4125 -5000 1414 -6490 3166 5710
709 4125 -5004 1414 -6490 3162 5710
710 4128 -4996 1417 -6490 3163 5711
711 4126 -4998 1413 -6492 3162 5712
712 4127 -4999 1418 -6494 3166 5710
713 4131 -4997 1420 -6501 3171 5710
714 4132 -5000 1422 -6503 3172 5710
715 4131 -4998 1418 -6505 3168 5711
716 4131 -4997 1419 -6505 3170 5712
717 4131 -4996 1422 -6507 3171 5714
718 4132 -4994 1419 -6506 3174 5712
719 4132 -4997 1423 -6509 3171 5714
720 4133 -4996 1423 -6509 3169 5712
721 4132 -4994 1421 -6513 3172 5712
722 4135 -4996 1420 -6515 3177 5715
723 4133 -4994 1422 -6520 3176 5710
724 4137 -4994 1422 -6526 3179 5714
725 4142 -4994 1424 -6526 3179 5715
726 4140 -4993 1425 -6526 3178 5714
727 4139 -4993 1426 -6520 3177 5717
728 4140 -4992 1423 -6524 3176 5715
729 4136 -4992 1427 -6523 3179 5719
730 4136 -4991 1426 -6531 3181 5716
731 4142 -4993 1430 -6537 3183 5717
732 4145 -4989 1428 -6539 3184 5715
733 4140 -4991 1425 -6542 3183 5717
734 4145 -4990 1429 -6542 3186 5717
735 4144 -4986 1431 -6541 3188 5718
736 4140 -4987 1433 -6541 3187 5720
737 4143 -4988 1433 -6544 3188 5720
738 4143 -4989 1430 -6544 3187 5718
739 4143 -4988 1432 -6544 3186 5720
740 4145 -4988 1432 -6549 3186 5720
741 4147 -4984 1435 -6549 3191 5724
742 4145 -4986 1436 -6555 3193 5722
743 4147 -4985 1438 -6560 3195 5723
744 4152 -4984 1436 -6564 3196 5722
745 4152 -4988 1433 -6562 3196 5723
746 4151 -4986 1436 -6562 3199 5723
747 4150 -4985 1438 -6564 3196 5724
748 4149 -4984 1436 -6560 3194 5729
749 4150 -4979 1439 -6563 3196 5723
750 4152 -4982 1440 -6571 3196 5724
751 4152 -4983 1443 -6571 3202 5724
752 4158 -4982 1442 -6578 3200 5723
753 4155 -4985 1442 -6582 3202 5725
754 4153 -4983 1440 -6582 3205 5727
755 4156 -4981 1444 -6581 3204 5725
756 4154 -4983 1445 -6582 3204 5725
757 4156 -4983 1442 -6585 3203 5728
758 4154 -4981 1447 -6584 3205 5729
759 4155 -4979 1445 -6585 3203 5727
760 4155 -4981 1448 -6584 3208 5727
761 4156 -4978 1446 -6592 3205 5730
762 4155 -4976 1450 -6591 3206 5728
763 4160 -4977 1450 -6596 3212 5727
764 4157 -4980 1448 -6597 3215 5730
765 4160 -4976 1450 -6603 3213 5732
766 4161 -4976 1451 -6602 3218 5733
767 4162 -4979 1453 -6605 3214 5732
768 4160 -4975 1451 -6603 3212 5732
769 4164 -4976 1453 -6604 3214 5731
770 4161 -4976 1449 -6607 3216 5731
771 4166 -4976 1454 -6610 3215 5731
772 4163 -4973 1452 -6613 3218 5732
773 4162 -4974 1453 -6615 3218 5732
774 4166 -4973 1453 -6615 3222 5734
775 4165 -4973 1454 -6620 3217 5734
776 4167 -4975 1458 -6620 3224 5733
777 4168 -4975 1455 -6624 3224 5733
778 4164 -4973 1457 -6625 3226 5736
779 4164 -4971 1458 -6627 3226 5737
780 4166 -4972 1459 -6625 3227 5736
781 4168 -4972 1459 -6627 3227 5734
782 4169 -4972 1458 -6631 3227 5734
783 4170 -4973 1459 -6630 3227 5737
784 4169 -4969 1462 -6631 3226 5741
785 4170 -4971 1461 -6634 3232 5738
786 4166 -4969 1462 -6632 3226 5735
787 4170 -4969 1464 -6642 3228 5738
788 4174 -4969 1466 -6643 3229 5738
789 4175 -4972 1459 -6648 3234 5741
790 4174 -4966 1468 -6650 3234 5739
791 4175 -4972 1468 -6649 3234 5736
792 4172 -4969 1464 -6646 3232 5740
793 4173 -4964 1466 -6649 3235 5743
794 4173 -4967 1469 -6651 3235 5738
795 4175 -4967 1466 -6653 3234 5739
796 4176 -4966 1467 -6655 3240 5741
797 4175 -4961 1468 -6659 3239 5742
798 4180 -4963 1467 -6659 3242 5742
799 4179 -4966 1470 -6661 3242 5745
800 4181 -4965 1472 -6666 3245 5746
801 4180 -4964 1473 -6670 3243 5743
802 4178 -4964 1471 -6666 3244 5745
803 4181 -4963 1473 -6667 3244 5746
804 4180 -4963 1474 -6666 3240 5747
805 4175 -4961 1475 -6664 3245 5744
806 4175 -4961 1476 -6669 3244 5745
807 4177 -4960 1474 -6675 3245 5745
808 4182 -4964 1474 -6677 3250 5743
809 4184 -4960 1478 -6679 3250 5747
810 4186 -4959 1479 -6678 3251 5748
811 4180 -4963 1477 -6681 3250 5743
812 4183 -4959 1479 -6681 3251 5746
813 4181 -4960 1478 -6682 3255 5748
814 4188 -4961 1479 -6688 3249 5750
815 4184 -4962 1477 -6689 3254 5747
816 4185 -4958 1480 -6687 3255 5746
817 4187 -4956 1481 -6690 3253 5750
818 4186 -4958 1484 -6691 3257 5746
819 4185 -4961 1480 -6696 3256 5750
820 4190 -4959 1479 -6699 3254 5746
821 4188 -4958 1483 -6697 3260 5749
822 4187 -4954 1484 -6697 3256 5752
823 4191 -4956 1486 -6698 3259 5754
824 4190 -4958 1487 -6702 3260 5751
825 4188 -4956 1484 -6706 3260 5747
826 4192 -4958 1483 -6708 3259 5751
827 4190 -4953 1486 -6704 3260 5750
828 4189 -4957 1486 -6703 3260 5752
829 4189 -4954 1486 -6704 3260 5752
830 4189 -4953 1486 -6709 3262 5751
831 4194 -4952 1488 -6713 3262 5752
832 4190 -4956 1486 -6720 3264 5748
833 4188 -4959 1484 -6718 3261 5749
834 4190 -4957 1486 -6717 3266 5754
835 4190 -4951 1489 -6719 3264 5757
836 4195 -4954 1488 -6720 3268 5753
837 4196 -4955 1487 -6722 3269 5752
838 4200 -4954 1488 -6725 3267 5752
839 4196 -4953 1490 -6724 3268 5755
840 4193 -4954 1491 -6723 3265 5753
841 4193 -4953 1490 -6724 3268 5755
842 4191 -4951 1488 -6729 3268 5752
843 4199 -4953 1491 -6733 3273 5755
844 4203 -4954 1490 -6736 3272 5753
845 4203 -4954 1489 -6735 3274 5756
846 4199 -4953 1491 -6732 3270 5756
847 4195 -4950 1488 -6733 3270 5754
848 4197 -4951 1493 -6736 3272 5756
849 4196 -4947 1493 -6739 3271 5754
850 4197 -4951 1490 -6736 3274 5756
851 4203 -4949 1493 -6737 3271 5753
852 4199 -4949 1493 -6743 3273 5756
853 4200 -4952 1496 -6744 3274 5756
854 4204 -4949 1492 -6745 3277 5758
855 4203 -4949 1492 -6749 3280 5757
856 4199 -4947 1494 -6749 3275 5755
857 4202 -4951 1492 -6747 3276 5756
858 4203 -4952 1494 -6748 3277 5758
859 4203 -4945 1494 -6751 3277 5758
860 4204 -4952 1495 -6753 3278 5756
861 4206 -4950 1497 -6754 3282 5755
862 4208 -4948 1494 -6757 3282 5760
863 4204 -4946 1498 -6755 3283 5759
864 4207 -4948 1498 -6756 3282 5760
865 4205 -4950 1500 -6759 3282 5756
866 4209 -4948 1500 -6763 3281 5754
867 4206 -4948 1497 -6764 3283 5758
868 4206 -4948 1496 -6762 3287 5759
869 4206 -4945 1496 -6760 3283 5759
870 4206 -4947 1497 -6763 3283 5758
871 4205 -4947 1500 -6763 3282 5759
872 4206 -4950 1496 -6764 3282 5762
873 4210 -4945 1498 -6766 3287 5758
874 4208 -4948 1496 -6768 3285 5757
875 4208 -4950 1497 -6771 3286 5759
876 4209 -4946 1499 -6773 3289 5763
877 4211 -4945 1499 -6772 3289 5762
878 4212 -4948 1498 -6772 3290 5757
879 4213 -4949 1496 -6774 3289 5760
880 4210 -4950 1498 -6776 3286 5758
881 4208 -4948 1497 -6775 3288 5759
882 4208 -4950 1496 -6775 3290 5758
883 4208 -4946 1498 -6778 3290 5756
884 4211 -4949 1499 -6779 3288 5756
885 4211 -4951 1497 -6779 3289 5756
886 4212 -4947 1497 -6782 3291 5754
887 4216 -4946 1500 -6785 3292 5757
888 4211 -4946 1499 -6785 3296 5759
889 4214 -4948 1497 -6786 3295 5760
890 4216 -4946 1498 -6788 3293 5759
891 4214 -4946 1500 -6787 3294 5758
892 4214 -4950 1499 -6784 3292 5758
893 4214 -4945 1500 -6785 3293 5757
894 4216 -4947 1497 -6784 3292 5756
895 4212 -4949 1499 -6788 3295 5760
896 4215 -4946 1498 -6789 3297 5760
897 4218 -4947 1498 -6789 3297 5757
898 4217 -4947 1498 -6796 3297 5758
899 4220 -4946 1500 -6794 3299 5759
900 4217 -4949 1499 -6793 3299 5759
901 4218 -4949 1498 -6794 3295 5758
902 4217 -4945 1499 -6796 3296 5759
903 4219 -4948 1499 -6794 3297 5757
904 4217 -4950 1499 -6794 3296 5756
905 4219 -4950 1497 -6798 3296 5757
906 4218 -4951 1498 -6800 3296 5757
907 4218 -4948 1496 -6800 3298 5757
908 4224 -4951 1499 -6802 3296 5758
909 4220 -4946 1497 -6803 3300 5757
910 4218 -4953 1497 -6804 3299 5756
911 4221 -4950 1496 -6804 3304 5756
912 4221 -4950 1496 -6804 3304 5756
913 4221 -4948 1497 -6804 3303 5757
914 4226 -4948 1497 -6804 3301 5759
915 4222 -4949 1498 -6804 3301 5757
916 4220 -4949 1496 -6805 3296 5759
917 4220 -4952 1497 -6804 3302 5757
918 4221 -4948 1495 -6805 3303 5753
919 4224 -4951 1494 -6809 3301 5758
920 4223 -4951 1492 -6808 3302 5760
921 4227 -4952 1497 -6808 3302 5757
922 4223 -4951 1494 -6809 3299 5755
923 4223 -4951 1494 -6811 3304 5751
924 4222 -4952 1493 -6813 3303 5756
925 4226 -4951 1496 -6814 3303 5752
926 4225 -4952 1492 -6814 3304 5756
927 4225 -4955 1494 -6813 3302 5754
928 4228 -4952 1495 -6815 3303 5753
929 4225 -4950 1493 -6814 3298 5755
930 4227 -4953 1495 -6816 3302 5756
931 4225 -4949 1494 -6816 3303 5753
932 4229 -4953 1497 -6818 3307 5755
933 4230 -4951 1491 -6822 3306 5756
934 4229 -4953 1495 -6819 3308 5757
935 4228 -4954 1494 -6821 3306 5755
936 4225 -4952 1491 -6820 3304 5755
937 4227 -4954 1489 -6820 3305 5751
938 4228 -4955 1494 -6821 3305 5755
939 4227 -4951 1493 -6819 3306 5752
940 4231 -4953 1489 -6821 3301 5754
941 4227 -4954 1490 -6822 3305 5751
942 4227 -4956 1489 -6825 3303 5750
943 4230 -4957 1490 -6823 3305 5752
944 4229 -4953 1488 -6824 3307 5750
945 4230 -4959 1490 -6829 3306 5750
946 4233 -4954 1489 -6828 3307 5752
947 4230 -4956 1488 -6823 3307 5749
948 4234 -4956 1489 -6825 3308 5752
949 4230 -4954 1492 -6824 3307 5752
950 4232 -4950 1490 -6825 3305 5752
951 4231 -4953 1490 -6825 3306 5750
952 4231 -4956 1486 -6828 3308 5752
953 4236 -4952 1488 -6830 3307 5750
954 4234 -4956 1487 -6829 3308 5750
955 4234 -4958 1488 -6828 3312 5750
956 4235 -4955 1487 -6827 3309 5751
957 4236 -4953 1490 -6832 3306 5751
958 4238 -4955 1488 -6829 3307 5752
959 4233 -4959 1482 -6829 3305 5752
960 4230 -4957 1487 -6829 3308 5752
961 4232 -4957 1486 -6828 3310 5752
962 4234 -4958 1484 -6830 3308 5750
963 4232 -4958 1483 -6830 3310 5748
964 4233 -4958 1486 -6833 3306 5749
965 4240 -4959 1484 -6833 3312 5747
966 4233 -4960 1484 -6834 3310 5750
967 4235 -4957 1485 -6834 3308 5752
968 4234 -4959 1485 -6836 3310 5747
969 4235 -4961 1484 -6836 3309 5746
970 4234 -4958 1480 -6835 3308 5745
971 4238 -4957 1482 -6831 3308 5748
972 4235 -4960 1483 -6833 3309 5749
973 4236 -4961 1479 -6835 3311 5745
974 4238 -4960 1481 -6838 3312 5748
975 4240 -4959 1484 -6839 3314 5747
976 4240 -4960 1482 -6840 3310 5746
977 4239 -4960 1480 -6836 3308 5745
978 4243 -4960 1482 -6837 3311 5746
979 4240 -4960 1482 -6836 3305 5749
980 4237 -4962 1476 -6835 3309 5742
981 4238 -4963 1477 -6838 3310 5744
982 4239 -4964 1478 -6844 3313 5743
983 4241 -4961 1478 -6839 3316 5746
984 4240 -4964 1478 -6841 3312 5745
985 4238 -4962 1478 -6840 3310 5743
986 4242 -4959 1480 -6838 3309 5742
987 4240 -4963 1477 -6837 3310 5744
988 4238 -4963 1476 -6837 3309 5741
989 4240 -4964 1477 -6840 3313 5742
990 4234 -4965 1476 -6838 3309 5738
991 4238 -4963 1480 -6846 3313 5743
992 4240 -4965 1477 -6844 3316 5743
993 4241 -4965 1477 -6848 3312 5742
994 4243 -4966 1476 -6842 3312 5740
995 4245 -4963 1476 -6843 3312 5740
996 4242 -4965 1474 -6841 3312 5741
997 4239 -4963 1474 -6840 3307 5740
998 4241 -4965 1476 -6840 3312 5736
999 4241 -4964 1477 -6845 3310 5738
