name	l_upper_arm
spatial_sampling	taxel
taxel2Repr (  -1  -1  -1  -1  -1  -1  -1  -1  -1  -1  -1  -1  -1  -1  -1  -1  -1  -1  -1  -1  -1  -1  -1  -1  27  27  27  27  27  27  -2  27  27  27  -2  27  39  39  39  39  39  39  -2  39  39  39  -2  39  51  51  51  51  51  51  -2  51  51  51  -2  51  63  63  63  63  63  63  -2  63  63  63  -2  63  75  75  75  75  75  75  -2  75  75  75  -2  75  -1  -1  -1  -1  -1  -1  -1  -1  -1  -1  -1  -1  -1  -1  -1  -1  -1  -1  -1  -1  -1  -1  -1  -1  -1  -1  -1  -1  -1  -1  -1  -1  -1  -1  -1  -1  -1  -1  -1  -1  -1  -1  -1  -1  -1  -1  -1  -1  -1  -1  -1  -1  -1  -1  -1  -1  -1  -1  -1  -1  -1  -1  -1  -1  -1  -1  -1  -1  -1  -1  -1  -1  -1  -1  -1  -1  -1  -1  -1  -1  -1  -1  -1  -1  -1  -1  -1  -1  -1  -1  -1  -1  -1  -1  -1  -1  -1  -1  -1  -1  -1  -1  -1  -1  -1  -1  -1  -1  195  195  195  195  195  195  -2  195  195  195  -2  195  207  207  207  207  207  207  -2  207  207  207  -2  207  -1  -1  -1  -1  -1  -1  -1  -1  -1  -1  -1  -1  -1  -1  -1  -1  -1  -1  -1  -1  -1  -1  -1  -1  -1  -1  -1  -1  -1  -1  -1  -1  -1  -1  -1  -1  -1  -1  -1  -1  -1  -1  -1  -1  -1  -1  -1  -1  267  267  267  267  267  267  -2  267  267  267  -2  267  -1  -1  -1  -1  -1  -1  -1  -1  -1  -1  -1  -1  291  291  291  291  291  291  -2  291  291  291  -2  291  303  303  303  303  303  303  -2  303  303  303  -2  303  315  315  315  315  315  315  -2  315  315  315  -2  315  327  327  327  327  327  327  -2  327  327  327  -2  327  339  339  339  339  339  339  -2  339  339  339  -2  339  351  351  351  351  351  351  -2  351  351  351  -2  351  363  363  363  363  363  363  -2  363  363  363  -2  363  375  375  375  375  375  375  -2  375  375  375  -2  375  387  387  387  387  387  387  -2  387  387  387  -2  387  399  399  399  399  399  399  -2  399  399  399  -2  399  411  411  411  411  411  411  -2  411  411  411  -2  411  423  423  423  423  423  423  -2  423  423  423  -2  423  435  435  435  435  435  435  -2  435  435  435  -2  435  447  447  447  447  447  447  -2  447  447  447  -2  447  459  459  459  459  459  459  -2  459  459  459  -2  459  471  471  471  471  471  471  -2  471  471  471  -2  471  483  483  483  483  483  483  -2  483  483  483  -2  483  -1  -1  -1  -1  -1  -1  -1  -1  -1  -1  -1  -1  -1  -1  -1  -1  -1  -1  -1  -1  -1  -1  -1  -1  -1  -1  -1  -1  -1  -1  -1  -1  -1  -1  -1  -1  531  531  531  531  531  531  -2  531  531  531  -2  531  543  543  543  543  543  543  -2  543  543  543  -2  543  -1  -1  -1  -1  -1  -1  -1  -1  -1  -1  -1  -1  -1  -1  -1  -1  -1  -1  -1  -1  -1  -1  -1  -1  579  579  579  579  579  579  -2  579  579  579  -2  579  -1  -1  -1  -1  -1  -1  -1  -1  -1  -1  -1  -1  -1  -1  -1  -1  -1  -1  -1  -1  -1  -1  -1  -1  -1  -1  -1  -1  -1  -1  -1  -1  -1  -1  -1  -1  -1  -1  -1  -1  -1  -1  -1  -1  -1  -1  -1  -1  639  639  639  639  639  639  -2  639  639  639  -2  639  -1  -1  -1  -1  -1  -1  -1  -1  -1  -1  -1  -1  -1  -1  -1  -1  -1  -1  -1  -1  -1  -1  -1  -1  675  675  675  675  675  675  -2  675  675  675  -2  675  687  687  687  687  687  687  -2  687  687  687  -2  687  699  699  699  699  699  699  -2  699  699  699  -2  699  711  711  711  711  711  711  -2  711  711  711  -2  711  -1  -1  -1  -1  -1  -1  -1  -1  -1  -1  -1  -1  735  735  735  735  735  735  -2  735  735  735  -2  735  -1  -1  -1  -1  -1  -1  -1  -1  -1  -1  -1  -1  759  759  759  759  759  759  -2  759  759  759  -2  759  -1  -1  -1  -1  -1  -1  -1  -1  -1  -1  -1  -1  -1  -1  -1  -1  -1  -1  -1  -1  -1  -1  -1  -1  -1  -1  -1  -1  -1  -1  -1  -1  -1  -1  -1  -1  -1  -1  -1  -1  -1  -1  -1  -1  -1  -1  -1  -1  -1  -1  -1  -1  -1  -1  -1  -1  -1  -1  -1  -1  -1  -1  -1  -1  -1  -1  -1  -1  -1  -1  -1  -1  -1  -1  -1  -1  -1  -1  -1  -1  -1  -1  -1  -1  -1  -1  -1  -1  -1  -1  -1  -1  -1  -1  -1  -1  -1  -1  -1  -1  -1  -1  -1  -1  -1  -1  -1  -1  -1  -1  -1  -1  -1  -1  -1  -1  -1  -1  -1  -1  -1  -1  -1  -1  -1  -1  -1  -1  -1  -1  -1  -1  -1  -1  -1  -1  -1  -1  -1  -1  -1  -1  -1  -1  -1  -1  -1  -1  -1  -1  -1  -1  -1  -1  -1  -1  -1  -1  -1  -1  -1  -1  -1  -1  -1  -1  -1  -1  -1  -1  -1  -1  -1  -1  -1  -1  -1  -1  -1  -1  -1  -1  -1  -1  -1  -1  -1  -1  -1  -1  -1  -1 )
[calibration]
0.000000 0.000000 0.000000 0.000000 0.000000 0.000000
0.000000 0.000000 0.000000 0.000000 0.000000 0.000000
0.000000 0.000000 0.000000 0.000000 0.000000 0.000000
0.000000 0.000000 0.000000 0.000000 0.000000 0.000000
0.000000 0.000000 0.000000 0.000000 0.000000 0.000000
0.000000 0.000000 0.000000 0.000000 0.000000 0.000000
0.000000 0.000000 0.000000 0.000000 0.000000 0.000000
0.000000 0.000000 0.000000 0.000000 0.000000 0.000000
0.000000 0.000000 0.000000 0.000000 0.000000 0.000000
0.000000 0.000000 0.000000 0.000000 0.000000 0.000000
0.000000 0.000000 0.000000 0.000000 0.000000 0.000000
0.000000 0.000000 0.000000 0.000000 0.000000 0.000000
0.000000 0.000000 0.000000 0.000000 0.000000 0.000000
0.000000 0.000000 0.000000 0.000000 0.000000 0.000000
0.000000 0.000000 0.000000 0.000000 0.000000 0.000000
0.000000 0.000000 0.000000 0.000000 0.000000 0.000000
0.000000 0.000000 0.000000 0.000000 0.000000 0.000000
0.000000 0.000000 0.000000 0.000000 0.000000 0.000000
0.000000 0.000000 0.000000 0.000000 0.000000 0.000000
0.000000 0.000000 0.000000 0.000000 0.000000 0.000000
0.000000 0.000000 0.000000 0.000000 0.000000 0.000000
0.000000 0.000000 0.000000 0.000000 0.000000 0.000000
0.000000 0.000000 0.000000 0.000000 0.000000 0.000000
0.000000 0.000000 0.000000 0.000000 0.000000 0.000000
-0.062622 0.006848 -0.004194 1.000000 0.000000 0.000000
-0.062530 0.012454 -0.007551 1.000000 0.000000 0.000000
-0.062554 0.012559 -0.001019 1.000000 0.000000 0.000000
-0.062646 0.006952 0.002338 1.000000 0.000000 0.000000
-0.062577 0.012663 0.005514 1.000000 0.000000 0.000000
-0.062601 0.012767 0.012046 1.000000 0.000000 0.000000
0.000000 0.000000 0.000000 0.000000 0.000000 0.000000
-0.062670 0.007056 0.008870 1.000000 0.000000 0.000000
-0.062739 0.001345 0.005694 1.000000 0.000000 0.000000
-0.062807 -0.004362 0.002518 1.000000 0.000000 0.000000
0.000000 0.000000 0.000000 0.000000 0.000000 0.000000
-0.062715 0.001241 -0.000839 1.000000 0.000000 0.000000
-0.062914 -0.008147 0.016045 1.000000 0.000000 0.000000
-0.062890 -0.008251 0.009510 1.000000 0.000000 0.000000
-0.062821 -0.002542 0.012686 1.000000 0.000000 0.000000
-0.062845 -0.002439 0.019221 1.000000 0.000000 0.000000
-0.062752 0.003167 0.015863 1.000000 0.000000 0.000000
-0.062683 0.008876 0.019039 1.000000 0.000000 0.000000
0.000000 0.000000 0.000000 0.000000 0.000000 0.000000
-0.062776 0.003270 0.022397 1.000000 0.000000 0.000000
-0.062869 -0.002335 0.025755 1.000000 0.000000 0.000000
-0.062961 -0.007940 0.029110 1.000000 0.000000 0.000000
0.000000 0.000000 0.000000 0.000000 0.000000 0.000000
-0.062937 -0.008045 0.022578 1.000000 0.000000 0.000000
-0.062861 0.001882 0.039152 1.000000 0.000000 0.000000
-0.062929 -0.003828 0.035975 1.000000 0.000000 0.000000
-0.062837 0.001776 0.032619 1.000000 0.000000 0.000000
-0.062768 0.007486 0.035796 1.000000 0.000000 0.000000
-0.062744 0.007381 0.029262 1.000000 0.000000 0.000000
-0.062652 0.012985 0.025906 1.000000 0.000000 0.000000
0.000000 0.000000 0.000000 0.000000 0.000000 0.000000
-0.062676 0.013090 0.032440 1.000000 0.000000 0.000000
-0.062699 0.013196 0.038974 1.000000 0.000000 0.000000
-0.062723 0.013300 0.045506 1.000000 0.000000 0.000000
0.000000 0.000000 0.000000 0.000000 0.000000 0.000000
-0.062792 0.007591 0.042331 1.000000 0.000000 0.000000
-0.063036 -0.007613 0.049503 1.000000 0.000000 0.000000
-0.063012 -0.007717 0.042969 1.000000 0.000000 0.000000
-0.062943 -0.002008 0.046145 1.000000 0.000000 0.000000
-0.062967 -0.001905 0.052679 1.000000 0.000000 0.000000
-0.062874 0.003701 0.049322 1.000000 0.000000 0.000000
-0.062805 0.009410 0.052498 1.000000 0.000000 0.000000
0.000000 0.000000 0.000000 0.000000 0.000000 0.000000
-0.062898 0.003804 0.055855 1.000000 0.000000 0.000000
-0.062991 -0.001801 0.059214 1.000000 0.000000 0.000000
-0.063083 -0.007406 0.062569 1.000000 0.000000 0.000000
0.000000 0.000000 0.000000 0.000000 0.000000 0.000000
-0.063059 -0.007511 0.056037 1.000000 0.000000 0.000000
-0.062983 0.002416 0.072611 1.000000 0.000000 0.000000
-0.063051 -0.003294 0.069433 1.000000 0.000000 0.000000
-0.062959 0.002310 0.066077 1.000000 0.000000 0.000000
-0.062890 0.008020 0.069255 1.000000 0.000000 0.000000
-0.062866 0.007915 0.062721 1.000000 0.000000 0.000000
-0.062774 0.013519 0.059365 1.000000 0.000000 0.000000
0.000000 0.000000 0.000000 0.000000 0.000000 0.000000
-0.062798 0.013624 0.065899 1.000000 0.000000 0.000000
-0.062821 0.013730 0.072433 1.000000 0.000000 0.000000
-0.062845 0.013834 0.078965 1.000000 0.000000 0.000000
0.000000 0.000000 0.000000 0.000000 0.000000 0.000000
-0.062914 0.008125 0.075789 1.000000 0.000000 0.000000
0.000000 0.000000 0.000000 0.000000 0.000000 0.000000
0.000000 0.000000 0.000000 0.000000 0.000000 0.000000
0.000000 0.000000 0.000000 0.000000 0.000000 0.000000
0.000000 0.000000 0.000000 0.000000 0.000000 0.000000
0.000000 0.000000 0.000000 0.000000 0.000000 0.000000
0.000000 0.000000 0.000000 0.000000 0.000000 0.000000
0.000000 0.000000 0.000000 0.000000 0.000000 0.000000
0.000000 0.000000 0.000000 0.000000 0.000000 0.000000
0.000000 0.000000 0.000000 0.000000 0.000000 0.000000
0.000000 0.000000 0.000000 0.000000 0.000000 0.000000
0.000000 0.000000 0.000000 0.000000 0.000000 0.000000
0.000000 0.000000 0.000000 0.000000 0.000000 0.000000
0.000000 0.000000 0.000000 0.000000 0.000000 0.000000
0.000000 0.000000 0.000000 0.000000 0.000000 0.000000
0.000000 0.000000 0.000000 0.000000 0.000000 0.000000
0.000000 0.000000 0.000000 0.000000 0.000000 0.000000
0.000000 0.000000 0.000000 0.000000 0.000000 0.000000
0.000000 0.000000 0.000000 0.000000 0.000000 0.000000
0.000000 0.000000 0.000000 0.000000 0.000000 0.000000
0.000000 0.000000 0.000000 0.000000 0.000000 0.000000
0.000000 0.000000 0.000000 0.000000 0.000000 0.000000
0.000000 0.000000 0.000000 0.000000 0.000000 0.000000
0.000000 0.000000 0.000000 0.000000 0.000000 0.000000
0.000000 0.000000 0.000000 0.000000 0.000000 0.000000
0.000000 0.000000 0.000000 0.000000 0.000000 0.000000
0.000000 0.000000 0.000000 0.000000 0.000000 0.000000
0.000000 0.000000 0.000000 0.000000 0.000000 0.000000
0.000000 0.000000 0.000000 0.000000 0.000000 0.000000
0.000000 0.000000 0.000000 0.000000 0.000000 0.000000
0.000000 0.000000 0.000000 0.000000 0.000000 0.000000
0.000000 0.000000 0.000000 0.000000 0.000000 0.000000
0.000000 0.000000 0.000000 0.000000 0.000000 0.000000
0.000000 0.000000 0.000000 0.000000 0.000000 0.000000
0.000000 0.000000 0.000000 0.000000 0.000000 0.000000
0.000000 0.000000 0.000000 0.000000 0.000000 0.000000
0.000000 0.000000 0.000000 0.000000 0.000000 0.000000
0.000000 0.000000 0.000000 0.000000 0.000000 0.000000
0.000000 0.000000 0.000000 0.000000 0.000000 0.000000
0.000000 0.000000 0.000000 0.000000 0.000000 0.000000
0.000000 0.000000 0.000000 0.000000 0.000000 0.000000
0.000000 0.000000 0.000000 0.000000 0.000000 0.000000
0.000000 0.000000 0.000000 0.000000 0.000000 0.000000
0.000000 0.000000 0.000000 0.000000 0.000000 0.000000
0.000000 0.000000 0.000000 0.000000 0.000000 0.000000
0.000000 0.000000 0.000000 0.000000 0.000000 0.000000
0.000000 0.000000 0.000000 0.000000 0.000000 0.000000
0.000000 0.000000 0.000000 0.000000 0.000000 0.000000
0.000000 0.000000 0.000000 0.000000 0.000000 0.000000
0.000000 0.000000 0.000000 0.000000 0.000000 0.000000
0.000000 0.000000 0.000000 0.000000 0.000000 0.000000
0.000000 0.000000 0.000000 0.000000 0.000000 0.000000
0.000000 0.000000 0.000000 0.000000 0.000000 0.000000
0.000000 0.000000 0.000000 0.000000 0.000000 0.000000
0.000000 0.000000 0.000000 0.000000 0.000000 0.000000
0.000000 0.000000 0.000000 0.000000 0.000000 0.000000
0.000000 0.000000 0.000000 0.000000 0.000000 0.000000
0.000000 0.000000 0.000000 0.000000 0.000000 0.000000
0.000000 0.000000 0.000000 0.000000 0.000000 0.000000
0.000000 0.000000 0.000000 0.000000 0.000000 0.000000
0.000000 0.000000 0.000000 0.000000 0.000000 0.000000
0.000000 0.000000 0.000000 0.000000 0.000000 0.000000
0.000000 0.000000 0.000000 0.000000 0.000000 0.000000
0.000000 0.000000 0.000000 0.000000 0.000000 0.000000
0.000000 0.000000 0.000000 0.000000 0.000000 0.000000
0.000000 0.000000 0.000000 0.000000 0.000000 0.000000
0.000000 0.000000 0.000000 0.000000 0.000000 0.000000
0.000000 0.000000 0.000000 0.000000 0.000000 0.000000
0.000000 0.000000 0.000000 0.000000 0.000000 0.000000
0.000000 0.000000 0.000000 0.000000 0.000000 0.000000
0.000000 0.000000 0.000000 0.000000 0.000000 0.000000
0.000000 0.000000 0.000000 0.000000 0.000000 0.000000
0.000000 0.000000 0.000000 0.000000 0.000000 0.000000
0.000000 0.000000 0.000000 0.000000 0.000000 0.000000
0.000000 0.000000 0.000000 0.000000 0.000000 0.000000
0.000000 0.000000 0.000000 0.000000 0.000000 0.000000
0.000000 0.000000 0.000000 0.000000 0.000000 0.000000
0.000000 0.000000 0.000000 0.000000 0.000000 0.000000
0.000000 0.000000 0.000000 0.000000 0.000000 0.000000
0.000000 0.000000 0.000000 0.000000 0.000000 0.000000
0.000000 0.000000 0.000000 0.000000 0.000000 0.000000
0.000000 0.000000 0.000000 0.000000 0.000000 0.000000
0.000000 0.000000 0.000000 0.000000 0.000000 0.000000
0.000000 0.000000 0.000000 0.000000 0.000000 0.000000
0.000000 0.000000 0.000000 0.000000 0.000000 0.000000
0.000000 0.000000 0.000000 0.000000 0.000000 0.000000
0.000000 0.000000 0.000000 0.000000 0.000000 0.000000
0.000000 0.000000 0.000000 0.000000 0.000000 0.000000
0.000000 0.000000 0.000000 0.000000 0.000000 0.000000
0.000000 0.000000 0.000000 0.000000 0.000000 0.000000
0.000000 0.000000 0.000000 0.000000 0.000000 0.000000
0.000000 0.000000 0.000000 0.000000 0.000000 0.000000
0.000000 0.000000 0.000000 0.000000 0.000000 0.000000
0.000000 0.000000 0.000000 0.000000 0.000000 0.000000
0.000000 0.000000 0.000000 0.000000 0.000000 0.000000
0.000000 0.000000 0.000000 0.000000 0.000000 0.000000
0.000000 0.000000 0.000000 0.000000 0.000000 0.000000
0.000000 0.000000 0.000000 0.000000 0.000000 0.000000
0.000000 0.000000 0.000000 0.000000 0.000000 0.000000
0.000000 0.000000 0.000000 0.000000 0.000000 0.000000
0.000000 0.000000 0.000000 0.000000 0.000000 0.000000
0.000000 0.000000 0.000000 0.000000 0.000000 0.000000
0.000000 0.000000 0.000000 0.000000 0.000000 0.000000
0.000000 0.000000 0.000000 0.000000 0.000000 0.000000
0.000000 0.000000 0.000000 0.000000 0.000000 0.000000
0.000000 0.000000 0.000000 0.000000 0.000000 0.000000
0.000000 0.000000 0.000000 0.000000 0.000000 0.000000
0.000000 0.000000 0.000000 0.000000 0.000000 0.000000
0.000000 0.000000 0.000000 0.000000 0.000000 0.000000
-0.018990 -0.036161 -0.010366 1.000000 0.000000 0.000000
-0.024637 -0.036105 -0.013655 1.000000 0.000000 0.000000
-0.024662 -0.036055 -0.007122 1.000000 0.000000 0.000000
-0.019015 -0.036110 -0.003833 1.000000 0.000000 0.000000
-0.024687 -0.036004 -0.000588 1.000000 0.000000 0.000000
-0.024711 -0.035954 0.005944 1.000000 0.000000 0.000000
0.000000 0.000000 0.000000 0.000000 0.000000 0.000000
-0.019039 -0.036060 0.002700 1.000000 0.000000 0.000000
-0.013368 -0.036166 -0.000544 1.000000 0.000000 0.000000
-0.007699 -0.036272 -0.003789 1.000000 0.000000 0.000000
0.000000 0.000000 0.000000 0.000000 0.000000 0.000000
-0.013343 -0.036216 -0.007078 1.000000 0.000000 0.000000
-0.004747 -0.036113 0.008680 1.000000 0.000000 0.000000
-0.004724 -0.036217 0.002145 1.000000 0.000000 0.000000
-0.010393 -0.036084 0.005389 1.000000 0.000000 0.000000
-0.010416 -0.035980 0.011924 1.000000 0.000000 0.000000
-0.016063 -0.035952 0.008634 1.000000 0.000000 0.000000
-0.021732 -0.035819 0.011878 1.000000 0.000000 0.000000
0.000000 0.000000 0.000000 0.000000 0.000000 0.000000
-0.016085 -0.035848 0.015168 1.000000 0.000000 0.000000
-0.010439 -0.035876 0.018458 1.000000 0.000000 0.000000
-0.004794 -0.035904 0.021745 1.000000 0.000000 0.000000
0.000000 0.000000 0.000000 0.000000 0.000000 0.000000
-0.004769 -0.036008 0.015213 1.000000 0.000000 0.000000
0.000000 0.000000 0.000000 0.000000 0.000000 0.000000
0.000000 0.000000 0.000000 0.000000 0.000000 0.000000
0.000000 0.000000 0.000000 0.000000 0.000000 0.000000
0.000000 0.000000 0.000000 0.000000 0.000000 0.000000
0.000000 0.000000 0.000000 0.000000 0.000000 0.000000
0.000000 0.000000 0.000000 0.000000 0.000000 0.000000
0.000000 0.000000 0.000000 0.000000 0.000000 0.000000
0.000000 0.000000 0.000000 0.000000 0.000000 0.000000
0.000000 0.000000 0.000000 0.000000 0.000000 0.000000
0.000000 0.000000 0.000000 0.000000 0.000000 0.000000
0.000000 0.000000 0.000000 0.000000 0.000000 0.000000
0.000000 0.000000 0.000000 0.000000 0.000000 0.000000
0.000000 0.000000 0.000000 0.000000 0.000000 0.000000
0.000000 0.000000 0.000000 0.000000 0.000000 0.000000
0.000000 0.000000 0.000000 0.000000 0.000000 0.000000
0.000000 0.000000 0.000000 0.000000 0.000000 0.000000
0.000000 0.000000 0.000000 0.000000 0.000000 0.000000
0.000000 0.000000 0.000000 0.000000 0.000000 0.000000
0.000000 0.000000 0.000000 0.000000 0.000000 0.000000
0.000000 0.000000 0.000000 0.000000 0.000000 0.000000
0.000000 0.000000 0.000000 0.000000 0.000000 0.000000
0.000000 0.000000 0.000000 0.000000 0.000000 0.000000
0.000000 0.000000 0.000000 0.000000 0.000000 0.000000
0.000000 0.000000 0.000000 0.000000 0.000000 0.000000
0.000000 0.000000 0.000000 0.000000 0.000000 0.000000
0.000000 0.000000 0.000000 0.000000 0.000000 0.000000
0.000000 0.000000 0.000000 0.000000 0.000000 0.000000
0.000000 0.000000 0.000000 0.000000 0.000000 0.000000
0.000000 0.000000 0.000000 0.000000 0.000000 0.000000
0.000000 0.000000 0.000000 0.000000 0.000000 0.000000
0.000000 0.000000 0.000000 0.000000 0.000000 0.000000
0.000000 0.000000 0.000000 0.000000 0.000000 0.000000
0.000000 0.000000 0.000000 0.000000 0.000000 0.000000
0.000000 0.000000 0.000000 0.000000 0.000000 0.000000
0.000000 0.000000 0.000000 0.000000 0.000000 0.000000
0.000000 0.000000 0.000000 0.000000 0.000000 0.000000
0.000000 0.000000 0.000000 0.000000 0.000000 0.000000
0.000000 0.000000 0.000000 0.000000 0.000000 0.000000
0.000000 0.000000 0.000000 0.000000 0.000000 0.000000
0.000000 0.000000 0.000000 0.000000 0.000000 0.000000
0.000000 0.000000 0.000000 0.000000 0.000000 0.000000
0.000000 0.000000 0.000000 0.000000 0.000000 0.000000
0.000000 0.000000 0.000000 0.000000 0.000000 0.000000
0.000000 0.000000 0.000000 0.000000 0.000000 0.000000
0.000000 0.000000 0.000000 0.000000 0.000000 0.000000
0.000000 0.000000 0.000000 0.000000 0.000000 0.000000
0.000000 0.000000 0.000000 0.000000 0.000000 0.000000
0.000000 0.000000 0.000000 0.000000 0.000000 0.000000
-0.042278 -0.030733 0.081890 1.000000 0.000000 0.000000
-0.037329 -0.033554 0.078686 1.000000 0.000000 0.000000
-0.042357 -0.031034 0.075363 1.000000 0.000000 0.000000
-0.047306 -0.028214 0.078566 1.000000 0.000000 0.000000
-0.047386 -0.028513 0.072039 1.000000 0.000000 0.000000
-0.052415 -0.025993 0.068715 1.000000 0.000000 0.000000
0.000000 0.000000 0.000000 0.000000 0.000000 0.000000
-0.052334 -0.025694 0.075243 1.000000 0.000000 0.000000
-0.052255 -0.025393 0.081770 1.000000 0.000000 0.000000
-0.052174 -0.025095 0.088295 1.000000 0.000000 0.000000
0.000000 0.000000 0.000000 0.000000 0.000000 0.000000
-0.047226 -0.027914 0.085094 1.000000 0.000000 0.000000
0.000000 0.000000 0.000000 0.000000 0.000000 0.000000
0.000000 0.000000 0.000000 0.000000 0.000000 0.000000
0.000000 0.000000 0.000000 0.000000 0.000000 0.000000
0.000000 0.000000 0.000000 0.000000 0.000000 0.000000
0.000000 0.000000 0.000000 0.000000 0.000000 0.000000
0.000000 0.000000 0.000000 0.000000 0.000000 0.000000
0.000000 0.000000 0.000000 0.000000 0.000000 0.000000
0.000000 0.000000 0.000000 0.000000 0.000000 0.000000
0.000000 0.000000 0.000000 0.000000 0.000000 0.000000
0.000000 0.000000 0.000000 0.000000 0.000000 0.000000
0.000000 0.000000 0.000000 0.000000 0.000000 0.000000
0.000000 0.000000 0.000000 0.000000 0.000000 0.000000
-0.014617 -0.035070 0.065362 1.000000 0.000000 0.000000
-0.008946 -0.035203 0.062116 1.000000 0.000000 0.000000
-0.014591 -0.035174 0.058828 1.000000 0.000000 0.000000
-0.020262 -0.035042 0.062074 1.000000 0.000000 0.000000
-0.020237 -0.035146 0.055540 1.000000 0.000000 0.000000
-0.025882 -0.035118 0.052252 1.000000 0.000000 0.000000
0.000000 0.000000 0.000000 0.000000 0.000000 0.000000
-0.025907 -0.035014 0.058786 1.000000 0.000000 0.000000
-0.025932 -0.034909 0.065320 1.000000 0.000000 0.000000
-0.025955 -0.034805 0.071851 1.000000 0.000000 0.000000
0.000000 0.000000 0.000000 0.000000 0.000000 0.000000
-0.020286 -0.034938 0.068608 1.000000 0.000000 0.000000
-0.038770 -0.032966 0.068507 1.000000 0.000000 0.000000
-0.033792 -0.035585 0.071835 1.000000 0.000000 0.000000
-0.033768 -0.035690 0.065302 1.000000 0.000000 0.000000
-0.038746 -0.033071 0.061975 1.000000 0.000000 0.000000
-0.033745 -0.035794 0.058769 1.000000 0.000000 0.000000
-0.033721 -0.035898 0.052237 1.000000 0.000000 0.000000
0.000000 0.000000 0.000000 0.000000 0.000000 0.000000
-0.038722 -0.033175 0.055443 1.000000 0.000000 0.000000
-0.043724 -0.030452 0.058648 1.000000 0.000000 0.000000
-0.048723 -0.027730 0.061853 1.000000 0.000000 0.000000
0.000000 0.000000 0.000000 0.000000 0.000000 0.000000
-0.043748 -0.030347 0.065181 1.000000 0.000000 0.000000
-0.052201 -0.026056 0.048347 1.000000 0.000000 0.000000
-0.052224 -0.025953 0.054881 1.000000 0.000000 0.000000
-0.047225 -0.028675 0.051676 1.000000 0.000000 0.000000
-0.047201 -0.028779 0.045141 1.000000 0.000000 0.000000
-0.042224 -0.031397 0.048470 1.000000 0.000000 0.000000
-0.037225 -0.034120 0.045265 1.000000 0.000000 0.000000
0.000000 0.000000 0.000000 0.000000 0.000000 0.000000
-0.042202 -0.031501 0.041936 1.000000 0.000000 0.000000
-0.047178 -0.028883 0.038607 1.000000 0.000000 0.000000
-0.052154 -0.026265 0.035281 1.000000 0.000000 0.000000
0.000000 0.000000 0.000000 0.000000 0.000000 0.000000
-0.052179 -0.026160 0.041813 1.000000 0.000000 0.000000
-0.043380 -0.031105 0.025191 1.000000 0.000000 0.000000
-0.048381 -0.028382 0.028398 1.000000 0.000000 0.000000
-0.043405 -0.031000 0.031725 1.000000 0.000000 0.000000
-0.038404 -0.033723 0.028518 1.000000 0.000000 0.000000
-0.038428 -0.033618 0.035052 1.000000 0.000000 0.000000
-0.033453 -0.036236 0.038379 1.000000 0.000000 0.000000
0.000000 0.000000 0.000000 0.000000 0.000000 0.000000
-0.033428 -0.036341 0.031845 1.000000 0.000000 0.000000
-0.033403 -0.036446 0.025311 1.000000 0.000000 0.000000
-0.033380 -0.036550 0.018779 1.000000 0.000000 0.000000
0.000000 0.000000 0.000000 0.000000 0.000000 0.000000
-0.038379 -0.033827 0.021984 1.000000 0.000000 0.000000
-0.014495 -0.035604 0.031902 1.000000 0.000000 0.000000
-0.008824 -0.035737 0.028656 1.000000 0.000000 0.000000
-0.014469 -0.035708 0.025368 1.000000 0.000000 0.000000
-0.020140 -0.035576 0.028614 1.000000 0.000000 0.000000
-0.020115 -0.035680 0.022080 1.000000 0.000000 0.000000
-0.025760 -0.035652 0.018792 1.000000 0.000000 0.000000
0.000000 0.000000 0.000000 0.000000 0.000000 0.000000
-0.025785 -0.035548 0.025326 1.000000 0.000000 0.000000
-0.025810 -0.035443 0.031860 1.000000 0.000000 0.000000
-0.025833 -0.035339 0.038392 1.000000 0.000000 0.000000
0.000000 0.000000 0.000000 0.000000 0.000000 0.000000
-0.020164 -0.035472 0.035149 1.000000 0.000000 0.000000
-0.004873 -0.035578 0.042137 1.000000 0.000000 0.000000
-0.004849 -0.035683 0.035603 1.000000 0.000000 0.000000
-0.010518 -0.035550 0.038847 1.000000 0.000000 0.000000
-0.010542 -0.035446 0.045381 1.000000 0.000000 0.000000
-0.016188 -0.035418 0.042092 1.000000 0.000000 0.000000
-0.021857 -0.035285 0.045336 1.000000 0.000000 0.000000
0.000000 0.000000 0.000000 0.000000 0.000000 0.000000
-0.016211 -0.035314 0.048626 1.000000 0.000000 0.000000
-0.010565 -0.035342 0.051916 1.000000 0.000000 0.000000
-0.004919 -0.035370 0.055203 1.000000 0.000000 0.000000
0.000000 0.000000 0.000000 0.000000 0.000000 0.000000
-0.004895 -0.035474 0.048671 1.000000 0.000000 0.000000
-0.052079 -0.026590 0.014887 1.000000 0.000000 0.000000
-0.052102 -0.026487 0.021421 1.000000 0.000000 0.000000
-0.047103 -0.029209 0.018216 1.000000 0.000000 0.000000
-0.047079 -0.029313 0.011682 1.000000 0.000000 0.000000
-0.042102 -0.031931 0.015010 1.000000 0.000000 0.000000
-0.037103 -0.034654 0.011805 1.000000 0.000000 0.000000
0.000000 0.000000 0.000000 0.000000 0.000000 0.000000
-0.042080 -0.032035 0.008477 1.000000 0.000000 0.000000
-0.047056 -0.029417 0.005147 1.000000 0.000000 0.000000
-0.052032 -0.026799 0.001821 1.000000 0.000000 0.000000
0.000000 0.000000 0.000000 0.000000 0.000000 0.000000
-0.052057 -0.026694 0.008353 1.000000 0.000000 0.000000
-0.043434 -0.031438 -0.008248 1.000000 0.000000 0.000000
-0.048471 -0.028783 -0.005041 1.000000 0.000000 0.000000
-0.043532 -0.031468 -0.001714 1.000000 0.000000 0.000000
-0.038494 -0.034123 -0.004921 1.000000 0.000000 0.000000
-0.038591 -0.034153 0.001613 1.000000 0.000000 0.000000
-0.033651 -0.036838 0.004940 1.000000 0.000000 0.000000
0.000000 0.000000 0.000000 0.000000 0.000000 0.000000
-0.033554 -0.036808 -0.001594 1.000000 0.000000 0.000000
-0.033457 -0.036779 -0.008128 1.000000 0.000000 0.000000
-0.033362 -0.036748 -0.014660 1.000000 0.000000 0.000000
0.000000 0.000000 0.000000 0.000000 0.000000 0.000000
-0.038398 -0.034093 -0.011455 1.000000 0.000000 0.000000
-0.048658 0.029455 0.084091 1.000000 0.000000 0.000000
-0.054155 0.028109 0.087359 1.000000 0.000000 0.000000
-0.054146 0.028067 0.080827 1.000000 0.000000 0.000000
-0.048650 0.029412 0.077558 1.000000 0.000000 0.000000
-0.054138 0.028025 0.074293 1.000000 0.000000 0.000000
-0.054129 0.027982 0.067760 1.000000 0.000000 0.000000
0.000000 0.000000 0.000000 0.000000 0.000000 0.000000
-0.048641 0.029370 0.071025 1.000000 0.000000 0.000000
-0.043153 0.030758 0.074289 1.000000 0.000000 0.000000
-0.037667 0.032145 0.077554 1.000000 0.000000 0.000000
0.000000 0.000000 0.000000 0.000000 0.000000 0.000000
-0.043161 0.030800 0.080823 1.000000 0.000000 0.000000
-0.033736 0.032894 0.064099 1.000000 0.000000 0.000000
-0.033760 0.032998 0.070633 1.000000 0.000000 0.000000
-0.039240 0.031584 0.067369 1.000000 0.000000 0.000000
-0.039215 0.031480 0.060835 1.000000 0.000000 0.000000
-0.044720 0.030170 0.064104 1.000000 0.000000 0.000000
-0.050200 0.028755 0.060840 1.000000 0.000000 0.000000
0.000000 0.000000 0.000000 0.000000 0.000000 0.000000
-0.044695 0.030066 0.057570 1.000000 0.000000 0.000000
-0.039191 0.031376 0.054300 1.000000 0.000000 0.000000
-0.033688 0.032686 0.051034 1.000000 0.000000 0.000000
0.000000 0.000000 0.000000 0.000000 0.000000 0.000000
-0.033711 0.032790 0.057565 1.000000 0.000000 0.000000
-0.020487 0.036236 0.067361 1.000000 0.000000 0.000000
-0.025992 0.034925 0.070629 1.000000 0.000000 0.000000
-0.025969 0.034821 0.064097 1.000000 0.000000 0.000000
-0.020463 0.036131 0.060829 1.000000 0.000000 0.000000
-0.025945 0.034717 0.057564 1.000000 0.000000 0.000000
-0.025921 0.034612 0.051032 1.000000 0.000000 0.000000
0.000000 0.000000 0.000000 0.000000 0.000000 0.000000
-0.020439 0.036027 0.054297 1.000000 0.000000 0.000000
-0.014958 0.037442 0.057561 1.000000 0.000000 0.000000
-0.009479 0.038856 0.060825 1.000000 0.000000 0.000000
0.000000 0.000000 0.000000 0.000000 0.000000 0.000000
-0.014982 0.037546 0.064094 1.000000 0.000000 0.000000
-0.005315 0.036529 0.047482 1.000000 0.000000 0.000000
-0.005339 0.036634 0.054017 1.000000 0.000000 0.000000
-0.010985 0.036662 0.050729 1.000000 0.000000 0.000000
-0.010960 0.036557 0.044194 1.000000 0.000000 0.000000
-0.016631 0.036690 0.047440 1.000000 0.000000 0.000000
-0.022276 0.036718 0.044152 1.000000 0.000000 0.000000
0.000000 0.000000 0.000000 0.000000 0.000000 0.000000
-0.016605 0.036586 0.040906 1.000000 0.000000 0.000000
-0.010936 0.036453 0.037660 1.000000 0.000000 0.000000
-0.005266 0.036321 0.034417 1.000000 0.000000 0.000000
0.000000 0.000000 0.000000 0.000000 0.000000 0.000000
-0.005289 0.036425 0.040949 1.000000 0.000000 0.000000
-0.014838 0.036907 0.024102 1.000000 0.000000 0.000000
-0.009357 0.038322 0.027368 1.000000 0.000000 0.000000
-0.014860 0.037012 0.030635 1.000000 0.000000 0.000000
-0.020341 0.035597 0.027369 1.000000 0.000000 0.000000
-0.020364 0.035702 0.033904 1.000000 0.000000 0.000000
-0.025868 0.034392 0.037171 1.000000 0.000000 0.000000
0.000000 0.000000 0.000000 0.000000 0.000000 0.000000
-0.025844 0.034287 0.030637 1.000000 0.000000 0.000000
-0.025822 0.034183 0.024103 1.000000 0.000000 0.000000
-0.025797 0.034079 0.017572 1.000000 0.000000 0.000000
0.000000 0.000000 0.000000 0.000000 0.000000 0.000000
-0.020318 0.035493 0.020835 1.000000 0.000000 0.000000
-0.005185 0.035994 0.013952 1.000000 0.000000 0.000000
-0.005210 0.036098 0.020486 1.000000 0.000000 0.000000
-0.010855 0.036126 0.017198 1.000000 0.000000 0.000000
-0.010830 0.036022 0.010664 1.000000 0.000000 0.000000
-0.016501 0.036155 0.013909 1.000000 0.000000 0.000000
-0.022146 0.036183 0.010621 1.000000 0.000000 0.000000
0.000000 0.000000 0.000000 0.000000 0.000000 0.000000
-0.016476 0.036050 0.007376 1.000000 0.000000 0.000000
-0.010806 0.035918 0.004129 1.000000 0.000000 0.000000
-0.005137 0.035785 0.000886 1.000000 0.000000 0.000000
0.000000 0.000000 0.000000 0.000000 0.000000 0.000000
-0.005160 0.035890 0.007418 1.000000 0.000000 0.000000
-0.025694 0.033630 -0.009349 1.000000 0.000000 0.000000
-0.025662 0.033494 -0.015883 1.000000 0.000000 0.000000
-0.020186 0.034922 -0.012619 1.000000 0.000000 0.000000
-0.020218 0.035059 -0.006085 1.000000 0.000000 0.000000
-0.014709 0.036351 -0.009354 1.000000 0.000000 0.000000
-0.009233 0.037780 -0.006090 1.000000 0.000000 0.000000
0.000000 0.000000 0.000000 0.000000 0.000000 0.000000
-0.014743 0.036488 -0.002821 1.000000 0.000000 0.000000
-0.020251 0.035196 0.000449 1.000000 0.000000 0.000000
-0.025759 0.033904 0.003715 1.000000 0.000000 0.000000
0.000000 0.000000 0.000000 0.000000 0.000000 0.000000
-0.025728 0.033767 -0.002816 1.000000 0.000000 0.000000
-0.038933 0.030252 -0.012607 1.000000 0.000000 0.000000
-0.033422 0.031540 -0.015875 1.000000 0.000000 0.000000
-0.033459 0.031695 -0.009344 1.000000 0.000000 0.000000
-0.038970 0.030407 -0.006076 1.000000 0.000000 0.000000
-0.033495 0.031849 -0.002812 1.000000 0.000000 0.000000
-0.033531 0.032004 0.003719 1.000000 0.000000 0.000000
0.000000 0.000000 0.000000 0.000000 0.000000 0.000000
-0.039006 0.030561 0.000455 1.000000 0.000000 0.000000
-0.044481 0.029118 -0.002809 1.000000 0.000000 0.000000
-0.049952 0.027676 -0.006073 1.000000 0.000000 0.000000
0.000000 0.000000 0.000000 0.000000 0.000000 0.000000
-0.044444 0.028964 -0.009341 1.000000 0.000000 0.000000
-0.042905 0.029663 0.007381 1.000000 0.000000 0.000000
-0.037424 0.031078 0.010647 1.000000 0.000000 0.000000
-0.042928 0.029768 0.013914 1.000000 0.000000 0.000000
-0.048409 0.028353 0.010648 1.000000 0.000000 0.000000
-0.048432 0.028458 0.017183 1.000000 0.000000 0.000000
-0.053935 0.027148 0.020450 1.000000 0.000000 0.000000
0.000000 0.000000 0.000000 0.000000 0.000000 0.000000
-0.053912 0.027043 0.013916 1.000000 0.000000 0.000000
-0.053889 0.026939 0.007382 1.000000 0.000000 0.000000
-0.053865 0.026835 0.000850 1.000000 0.000000 0.000000
0.000000 0.000000 0.000000 0.000000 0.000000 0.000000
-0.048385 0.028249 0.004114 1.000000 0.000000 0.000000
0.000000 0.000000 0.000000 0.000000 0.000000 0.000000
0.000000 0.000000 0.000000 0.000000 0.000000 0.000000
0.000000 0.000000 0.000000 0.000000 0.000000 0.000000
0.000000 0.000000 0.000000 0.000000 0.000000 0.000000
0.000000 0.000000 0.000000 0.000000 0.000000 0.000000
0.000000 0.000000 0.000000 0.000000 0.000000 0.000000
0.000000 0.000000 0.000000 0.000000 0.000000 0.000000
0.000000 0.000000 0.000000 0.000000 0.000000 0.000000
0.000000 0.000000 0.000000 0.000000 0.000000 0.000000
0.000000 0.000000 0.000000 0.000000 0.000000 0.000000
0.000000 0.000000 0.000000 0.000000 0.000000 0.000000
0.000000 0.000000 0.000000 0.000000 0.000000 0.000000
0.000000 0.000000 0.000000 0.000000 0.000000 0.000000
0.000000 0.000000 0.000000 0.000000 0.000000 0.000000
0.000000 0.000000 0.000000 0.000000 0.000000 0.000000
0.000000 0.000000 0.000000 0.000000 0.000000 0.000000
0.000000 0.000000 0.000000 0.000000 0.000000 0.000000
0.000000 0.000000 0.000000 0.000000 0.000000 0.000000
0.000000 0.000000 0.000000 0.000000 0.000000 0.000000
0.000000 0.000000 0.000000 0.000000 0.000000 0.000000
0.000000 0.000000 0.000000 0.000000 0.000000 0.000000
0.000000 0.000000 0.000000 0.000000 0.000000 0.000000
0.000000 0.000000 0.000000 0.000000 0.000000 0.000000
0.000000 0.000000 0.000000 0.000000 0.000000 0.000000
0.000000 0.000000 0.000000 0.000000 0.000000 0.000000
0.000000 0.000000 0.000000 0.000000 0.000000 0.000000
0.000000 0.000000 0.000000 0.000000 0.000000 0.000000
0.000000 0.000000 0.000000 0.000000 0.000000 0.000000
0.000000 0.000000 0.000000 0.000000 0.000000 0.000000
0.000000 0.000000 0.000000 0.000000 0.000000 0.000000
0.000000 0.000000 0.000000 0.000000 0.000000 0.000000
0.000000 0.000000 0.000000 0.000000 0.000000 0.000000
0.000000 0.000000 0.000000 0.000000 0.000000 0.000000
0.000000 0.000000 0.000000 0.000000 0.000000 0.000000
0.000000 0.000000 0.000000 0.000000 0.000000 0.000000
0.000000 0.000000 0.000000 0.000000 0.000000 0.000000
-0.043027 0.030197 0.040840 1.000000 0.000000 0.000000
-0.037546 0.031612 0.044106 1.000000 0.000000 0.000000
-0.043050 0.030302 0.047374 1.000000 0.000000 0.000000
-0.048531 0.028887 0.044108 1.000000 0.000000 0.000000
-0.048554 0.028992 0.050642 1.000000 0.000000 0.000000
-0.054057 0.027682 0.053910 1.000000 0.000000 0.000000
0.000000 0.000000 0.000000 0.000000 0.000000 0.000000
-0.054034 0.027577 0.047376 1.000000 0.000000 0.000000
-0.054011 0.027473 0.040842 1.000000 0.000000 0.000000
-0.053987 0.027369 0.034310 1.000000 0.000000 0.000000
0.000000 0.000000 0.000000 0.000000 0.000000 0.000000
-0.048507 0.028783 0.037574 1.000000 0.000000 0.000000
-0.033614 0.032360 0.030640 1.000000 0.000000 0.000000
-0.033638 0.032464 0.037174 1.000000 0.000000 0.000000
-0.039118 0.031050 0.033909 1.000000 0.000000 0.000000
-0.039093 0.030946 0.027375 1.000000 0.000000 0.000000
-0.044598 0.029636 0.030645 1.000000 0.000000 0.000000
-0.050078 0.028221 0.027380 1.000000 0.000000 0.000000
0.000000 0.000000 0.000000 0.000000 0.000000 0.000000
-0.044573 0.029532 0.024111 1.000000 0.000000 0.000000
-0.039069 0.030842 0.020841 1.000000 0.000000 0.000000
-0.033566 0.032152 0.017574 1.000000 0.000000 0.000000
0.000000 0.000000 0.000000 0.000000 0.000000 0.000000
-0.033589 0.032256 0.024106 1.000000 0.000000 0.000000
0.000000 0.000000 0.000000 0.000000 0.000000 0.000000
0.000000 0.000000 0.000000 0.000000 0.000000 0.000000
0.000000 0.000000 0.000000 0.000000 0.000000 0.000000
0.000000 0.000000 0.000000 0.000000 0.000000 0.000000
0.000000 0.000000 0.000000 0.000000 0.000000 0.000000
0.000000 0.000000 0.000000 0.000000 0.000000 0.000000
0.000000 0.000000 0.000000 0.000000 0.000000 0.000000
0.000000 0.000000 0.000000 0.000000 0.000000 0.000000
0.000000 0.000000 0.000000 0.000000 0.000000 0.000000
0.000000 0.000000 0.000000 0.000000 0.000000 0.000000
0.000000 0.000000 0.000000 0.000000 0.000000 0.000000
0.000000 0.000000 0.000000 0.000000 0.000000 0.000000
0.000000 0.000000 0.000000 0.000000 0.000000 0.000000
0.000000 0.000000 0.000000 0.000000 0.000000 0.000000
0.000000 0.000000 0.000000 0.000000 0.000000 0.000000
0.000000 0.000000 0.000000 0.000000 0.000000 0.000000
0.000000 0.000000 0.000000 0.000000 0.000000 0.000000
0.000000 0.000000 0.000000 0.000000 0.000000 0.000000
0.000000 0.000000 0.000000 0.000000 0.000000 0.000000
0.000000 0.000000 0.000000 0.000000 0.000000 0.000000
0.000000 0.000000 0.000000 0.000000 0.000000 0.000000
0.000000 0.000000 0.000000 0.000000 0.000000 0.000000
0.000000 0.000000 0.000000 0.000000 0.000000 0.000000
0.000000 0.000000 0.000000 0.000000 0.000000 0.000000
0.014774 0.031987 0.012482 1.000000 0.000000 0.000000
0.012236 0.033940 0.006786 1.000000 0.000000 0.000000
0.017045 0.029518 0.006874 1.000000 0.000000 0.000000
0.019583 0.027566 0.012570 1.000000 0.000000 0.000000
0.021854 0.025097 0.006962 1.000000 0.000000 0.000000
0.026663 0.020676 0.007050 1.000000 0.000000 0.000000
0.000000 0.000000 0.000000 0.000000 0.000000 0.000000
0.024392 0.023145 0.012658 1.000000 0.000000 0.000000
0.022122 0.025613 0.018267 1.000000 0.000000 0.000000
0.019851 0.028083 0.023872 1.000000 0.000000 0.000000
0.000000 0.000000 0.000000 0.000000 0.000000 0.000000
0.017313 0.030035 0.018179 1.000000 0.000000 0.000000
0.000000 0.000000 0.000000 0.000000 0.000000 0.000000
0.000000 0.000000 0.000000 0.000000 0.000000 0.000000
0.000000 0.000000 0.000000 0.000000 0.000000 0.000000
0.000000 0.000000 0.000000 0.000000 0.000000 0.000000
0.000000 0.000000 0.000000 0.000000 0.000000 0.000000
0.000000 0.000000 0.000000 0.000000 0.000000 0.000000
0.000000 0.000000 0.000000 0.000000 0.000000 0.000000
0.000000 0.000000 0.000000 0.000000 0.000000 0.000000
0.000000 0.000000 0.000000 0.000000 0.000000 0.000000
0.000000 0.000000 0.000000 0.000000 0.000000 0.000000
0.000000 0.000000 0.000000 0.000000 0.000000 0.000000
0.000000 0.000000 0.000000 0.000000 0.000000 0.000000
0.000000 0.000000 0.000000 0.000000 0.000000 0.000000
0.000000 0.000000 0.000000 0.000000 0.000000 0.000000
0.000000 0.000000 0.000000 0.000000 0.000000 0.000000
0.000000 0.000000 0.000000 0.000000 0.000000 0.000000
0.000000 0.000000 0.000000 0.000000 0.000000 0.000000
0.000000 0.000000 0.000000 0.000000 0.000000 0.000000
0.000000 0.000000 0.000000 0.000000 0.000000 0.000000
0.000000 0.000000 0.000000 0.000000 0.000000 0.000000
0.000000 0.000000 0.000000 0.000000 0.000000 0.000000
0.000000 0.000000 0.000000 0.000000 0.000000 0.000000
0.000000 0.000000 0.000000 0.000000 0.000000 0.000000
0.000000 0.000000 0.000000 0.000000 0.000000 0.000000
0.000000 0.000000 0.000000 0.000000 0.000000 0.000000
0.000000 0.000000 0.000000 0.000000 0.000000 0.000000
0.000000 0.000000 0.000000 0.000000 0.000000 0.000000
0.000000 0.000000 0.000000 0.000000 0.000000 0.000000
0.000000 0.000000 0.000000 0.000000 0.000000 0.000000
0.000000 0.000000 0.000000 0.000000 0.000000 0.000000
0.000000 0.000000 0.000000 0.000000 0.000000 0.000000
0.000000 0.000000 0.000000 0.000000 0.000000 0.000000
0.000000 0.000000 0.000000 0.000000 0.000000 0.000000
0.000000 0.000000 0.000000 0.000000 0.000000 0.000000
0.000000 0.000000 0.000000 0.000000 0.000000 0.000000
0.000000 0.000000 0.000000 0.000000 0.000000 0.000000
0.000000 0.000000 0.000000 0.000000 0.000000 0.000000
0.000000 0.000000 0.000000 0.000000 0.000000 0.000000
0.000000 0.000000 0.000000 0.000000 0.000000 0.000000
0.000000 0.000000 0.000000 0.000000 0.000000 0.000000
0.000000 0.000000 0.000000 0.000000 0.000000 0.000000
0.000000 0.000000 0.000000 0.000000 0.000000 0.000000
0.000000 0.000000 0.000000 0.000000 0.000000 0.000000
0.000000 0.000000 0.000000 0.000000 0.000000 0.000000
0.000000 0.000000 0.000000 0.000000 0.000000 0.000000
0.000000 0.000000 0.000000 0.000000 0.000000 0.000000
0.000000 0.000000 0.000000 0.000000 0.000000 0.000000
0.000000 0.000000 0.000000 0.000000 0.000000 0.000000
0.026588 0.012539 -0.022844 1.000000 0.000000 0.000000
0.029420 0.006650 -0.022739 1.000000 0.000000 0.000000
0.029122 0.010228 -0.017282 1.000000 0.000000 0.000000
0.026291 0.016117 -0.017387 1.000000 0.000000 0.000000
0.028825 0.013807 -0.011823 1.000000 0.000000 0.000000
0.028528 0.017386 -0.006366 1.000000 0.000000 0.000000
0.000000 0.000000 0.000000 0.000000 0.000000 0.000000
0.025993 0.019696 -0.011929 1.000000 0.000000 0.000000
0.023459 0.022006 -0.017492 1.000000 0.000000 0.000000
0.020927 0.024314 -0.023054 1.000000 0.000000 0.000000
0.000000 0.000000 0.000000 0.000000 0.000000 0.000000
0.023757 0.018427 -0.022950 1.000000 0.000000 0.000000
0.000000 0.000000 0.000000 0.000000 0.000000 0.000000
0.000000 0.000000 0.000000 0.000000 0.000000 0.000000
0.000000 0.000000 0.000000 0.000000 0.000000 0.000000
0.000000 0.000000 0.000000 0.000000 0.000000 0.000000
0.000000 0.000000 0.000000 0.000000 0.000000 0.000000
0.000000 0.000000 0.000000 0.000000 0.000000 0.000000
0.000000 0.000000 0.000000 0.000000 0.000000 0.000000
0.000000 0.000000 0.000000 0.000000 0.000000 0.000000
0.000000 0.000000 0.000000 0.000000 0.000000 0.000000
0.000000 0.000000 0.000000 0.000000 0.000000 0.000000
0.000000 0.000000 0.000000 0.000000 0.000000 0.000000
0.000000 0.000000 0.000000 0.000000 0.000000 0.000000
0.000000 0.000000 0.000000 0.000000 0.000000 0.000000
0.000000 0.000000 0.000000 0.000000 0.000000 0.000000
0.000000 0.000000 0.000000 0.000000 0.000000 0.000000
0.000000 0.000000 0.000000 0.000000 0.000000 0.000000
0.000000 0.000000 0.000000 0.000000 0.000000 0.000000
0.000000 0.000000 0.000000 0.000000 0.000000 0.000000
0.000000 0.000000 0.000000 0.000000 0.000000 0.000000
0.000000 0.000000 0.000000 0.000000 0.000000 0.000000
0.000000 0.000000 0.000000 0.000000 0.000000 0.000000
0.000000 0.000000 0.000000 0.000000 0.000000 0.000000
0.000000 0.000000 0.000000 0.000000 0.000000 0.000000
0.000000 0.000000 0.000000 0.000000 0.000000 0.000000
0.013493 -0.031919 -0.005685 1.000000 0.000000 0.000000
0.011019 -0.033993 -0.000003 1.000000 0.000000 0.000000
0.016150 -0.029950 -0.000049 1.000000 0.000000 0.000000
0.018625 -0.027876 -0.005731 1.000000 0.000000 0.000000
0.021283 -0.025906 -0.000095 1.000000 0.000000 0.000000
0.026414 -0.021863 -0.000141 1.000000 0.000000 0.000000
0.000000 0.000000 0.000000 0.000000 0.000000 0.000000
0.023756 -0.023833 -0.005777 1.000000 0.000000 0.000000
0.021099 -0.025802 -0.011413 1.000000 0.000000 0.000000
0.018441 -0.027771 -0.017046 1.000000 0.000000 0.000000
0.000000 0.000000 0.000000 0.000000 0.000000 0.000000
0.015967 -0.029845 -0.011367 1.000000 0.000000 0.000000
0.024205 -0.017698 -0.022377 1.000000 0.000000 0.000000
0.021267 -0.023535 -0.022294 1.000000 0.000000 0.000000
0.023864 -0.021107 -0.016813 1.000000 0.000000 0.000000
0.026802 -0.015270 -0.016896 1.000000 0.000000 0.000000
0.026460 -0.018679 -0.011330 1.000000 0.000000 0.000000
0.029056 -0.016251 -0.005849 1.000000 0.000000 0.000000
0.000000 0.000000 0.000000 0.000000 0.000000 0.000000
0.029398 -0.012842 -0.011414 1.000000 0.000000 0.000000
0.029740 -0.009433 -0.016979 1.000000 0.000000 0.000000
0.030080 -0.006027 -0.022543 1.000000 0.000000 0.000000
0.000000 0.000000 0.000000 0.000000 0.000000 0.000000
0.027143 -0.011861 -0.022461 1.000000 0.000000 0.000000
0.031297 0.002803 -0.013041 1.000000 0.000000 0.000000
0.030790 -0.000547 -0.018629 1.000000 0.000000 0.000000
0.031182 -0.003729 -0.012937 1.000000 0.000000 0.000000
0.031690 -0.000379 -0.007349 1.000000 0.000000 0.000000
0.031574 -0.006912 -0.007244 1.000000 0.000000 0.000000
0.031967 -0.010094 -0.001552 1.000000 0.000000 0.000000
0.000000 0.000000 0.000000 0.000000 0.000000 0.000000
0.032082 -0.003561 -0.001657 1.000000 0.000000 0.000000
0.032197 0.002972 -0.001761 1.000000 0.000000 0.000000
0.032312 0.009502 -0.001868 1.000000 0.000000 0.000000
0.000000 0.000000 0.000000 0.000000 0.000000 0.000000
0.031805 0.006154 -0.007454 1.000000 0.000000 0.000000
0.031838 0.007442 0.010765 1.000000 0.000000 0.000000
0.031906 0.010618 0.005053 1.000000 0.000000 0.000000
0.031812 0.004086 0.005157 1.000000 0.000000 0.000000
0.031745 0.000910 0.010868 1.000000 0.000000 0.000000
0.031719 -0.002446 0.005261 1.000000 0.000000 0.000000
0.031626 -0.008978 0.005365 1.000000 0.000000 0.000000
0.000000 0.000000 0.000000 0.000000 0.000000 0.000000
0.031652 -0.005621 0.010972 1.000000 0.000000 0.000000
0.031678 -0.002266 0.016580 1.000000 0.000000 0.000000
0.031704 0.001091 0.022184 1.000000 0.000000 0.000000
0.000000 0.000000 0.000000 0.000000 0.000000 0.000000
0.031771 0.004267 0.016476 1.000000 0.000000 0.000000
0.000000 0.000000 0.000000 0.000000 0.000000 0.000000
0.000000 0.000000 0.000000 0.000000 0.000000 0.000000
0.000000 0.000000 0.000000 0.000000 0.000000 0.000000
0.000000 0.000000 0.000000 0.000000 0.000000 0.000000
0.000000 0.000000 0.000000 0.000000 0.000000 0.000000
0.000000 0.000000 0.000000 0.000000 0.000000 0.000000
0.000000 0.000000 0.000000 0.000000 0.000000 0.000000
0.000000 0.000000 0.000000 0.000000 0.000000 0.000000
0.000000 0.000000 0.000000 0.000000 0.000000 0.000000
0.000000 0.000000 0.000000 0.000000 0.000000 0.000000
0.000000 0.000000 0.000000 0.000000 0.000000 0.000000
0.000000 0.000000 0.000000 0.000000 0.000000 0.000000
0.018664 -0.028899 0.019118 1.000000 0.000000 0.000000
0.021495 -0.027080 0.024721 1.000000 0.000000 0.000000
0.023465 -0.024466 0.019067 1.000000 0.000000 0.000000
0.020635 -0.026285 0.013465 1.000000 0.000000 0.000000
0.025436 -0.021851 0.013413 1.000000 0.000000 0.000000
0.027406 -0.019237 0.007759 1.000000 0.000000 0.000000
0.000000 0.000000 0.000000 0.000000 0.000000 0.000000
0.022605 -0.023671 0.007811 1.000000 0.000000 0.000000
0.017804 -0.028104 0.007862 1.000000 0.000000 0.000000
0.013005 -0.032535 0.007916 1.000000 0.000000 0.000000
0.000000 0.000000 0.000000 0.000000 0.000000 0.000000
0.015833 -0.030718 0.013517 1.000000 0.000000 0.000000
0.000000 0.000000 0.000000 0.000000 0.000000 0.000000
0.000000 0.000000 0.000000 0.000000 0.000000 0.000000
0.000000 0.000000 0.000000 0.000000 0.000000 0.000000
0.000000 0.000000 0.000000 0.000000 0.000000 0.000000
0.000000 0.000000 0.000000 0.000000 0.000000 0.000000
0.000000 0.000000 0.000000 0.000000 0.000000 0.000000
0.000000 0.000000 0.000000 0.000000 0.000000 0.000000
0.000000 0.000000 0.000000 0.000000 0.000000 0.000000
0.000000 0.000000 0.000000 0.000000 0.000000 0.000000
0.000000 0.000000 0.000000 0.000000 0.000000 0.000000
0.000000 0.000000 0.000000 0.000000 0.000000 0.000000
0.000000 0.000000 0.000000 0.000000 0.000000 0.000000
0.014901 0.030368 -0.012308 1.000000 0.000000 0.000000
0.017378 0.028116 -0.017920 1.000000 0.000000 0.000000
0.020018 0.026305 -0.012226 1.000000 0.000000 0.000000
0.017541 0.028557 -0.006613 1.000000 0.000000 0.000000
0.022659 0.024494 -0.006530 1.000000 0.000000 0.000000
0.025299 0.022683 -0.000836 1.000000 0.000000 0.000000
0.000000 0.000000 0.000000 0.000000 0.000000 0.000000
0.020182 0.026746 -0.000919 1.000000 0.000000 0.000000
0.015064 0.030809 -0.001001 1.000000 0.000000 0.000000
0.009949 0.034871 -0.001085 1.000000 0.000000 0.000000
0.000000 0.000000 0.000000 0.000000 0.000000 0.000000
0.012424 0.032621 -0.006696 1.000000 0.000000 0.000000
