name	l_lower_leg
spatial_sampling	taxel
taxel2Repr (  3  3  3  3  3  3  -2  3  3  3  -2  3  -1  -1  -1  -1  -1  -1  -1  -1  -1  -1  -1  -1  -1  -1  -1  -1  -1  -1  -1  -1  -1  -1  -1  -1  39  39  39  39  39  39  -2  39  39  39  -2  39  51  51  51  51  51  51  -2  51  51  51  -2  51  63  63  63  63  63  63  -2  63  63  63  -2  63  75  75  75  75  75  75  -2  75  75  75  -2  75  -1  -1  -1  -1  -1  -1  -1  -1  -1  -1  -1  -1  -1  -1  -1  -1  -1  -1  -1  -1  -1  -1  -1  -1  111  111  111  111  111  111  -2  111  111  111  -2  111  123  123  123  123  123  123  -2  123  123  123  -2  123  135  135  135  135  135  135  -2  135  135  135  -2  135  -1  -1  -1  -1  -1  -1  -1  -1  -1  -1  -1  -1  -1  -1  -1  -1  -1  -1  -1  -1  -1  -1  -1  -1  171  171  171  171  171  171  -2  171  171  171  -2  171  183  183  183  183  183  183  -2  183  183  183  -2  183  195  195  195  195  195  195  -2  195  195  195  -2  195  207  207  207  207  207  207  -2  207  207  207  -2  207  -1  -1  -1  -1  -1  -1  -1  -1  -1  -1  -1  -1  231  231  231  231  231  231  -2  231  231  231  -2  231  243  243  243  243  243  243  -2  243  243  243  -2  243  255  255  255  255  255  255  -2  255  255  255  -2  255  267  267  267  267  267  267  -2  267  267  267  -2  267  279  279  279  279  279  279  -2  279  279  279  -2  279  -1  -1  -1  -1  -1  -1  -1  -1  -1  -1  -1  -1  -1  -1  -1  -1  -1  -1  -1  -1  -1  -1  -1  -1  -1  -1  -1  -1  -1  -1  -1  -1  -1  -1  -1  -1  -1  -1  -1  -1  -1  -1  -1  -1  -1  -1  -1  -1  339  339  339  339  339  339  -2  339  339  339  -2  339  -1  -1  -1  -1  -1  -1  -1  -1  -1  -1  -1  -1  -1  -1  -1  -1  -1  -1  -1  -1  -1  -1  -1  -1  -1  -1  -1  -1  -1  -1  -1  -1  -1  -1  -1  -1  387  387  387  387  387  387  -2  387  387  387  -2  387  -1  -1  -1  -1  -1  -1  -1  -1  -1  -1  -1  -1  -1  -1  -1  -1  -1  -1  -1  -1  -1  -1  -1  -1  423  423  423  423  423  423  -2  423  423  423  -2  423  435  435  435  435  435  435  -2  435  435  435  -2  435  447  447  447  447  447  447  -2  447  447  447  -2  447  459  459  459  459  459  459  -2  459  459  459  -2  459  -1  -1  -1  -1  -1  -1  -1  -1  -1  -1  -1  -1  -1  -1  -1  -1  -1  -1  -1  -1  -1  -1  -1  -1  495  495  495  495  495  495  -2  495  495  495  -2  495  507  507  507  507  507  507  -2  507  507  507  -2  507  519  519  519  519  519  519  -2  519  519  519  -2  519  -1  -1  -1  -1  -1  -1  -1  -1  -1  -1  -1  -1  -1  -1  -1  -1  -1  -1  -1  -1  -1  -1  -1  -1  555  555  555  555  555  555  -2  555  555  555  -2  555  567  567  567  567  567  567  -2  567  567  567  -2  567  -1  -1  -1  -1  -1  -1  -1  -1  -1  -1  -1  -1  591  591  591  591  591  591  -2  591  591  591  -2  591  603  603  603  603  603  603  -2  603  603  603  -2  603  615  615  615  615  615  615  -2  615  615  615  -2  615  627  627  627  627  627  627  -2  627  627  627  -2  627  639  639  639  639  639  639  -2  639  639  639  -2  639  651  651  651  651  651  651  -2  651  651  651  -2  651  663  663  663  663  663  663  -2  663  663  663  -2  663  675  675  675  675  675  675  -2  675  675  675  -2  675  -1  -1  -1  -1  -1  -1  -1  -1  -1  -1  -1  -1  -1  -1  -1  -1  -1  -1  -1  -1  -1  -1  -1  -1  -1  -1  -1  -1  -1  -1  -1  -1  -1  -1  -1  -1  723  723  723  723  723  723  -2  723  723  723  -2  723  735  735  735  735  735  735  -2  735  735  735  -2  735  -1  -1  -1  -1  -1  -1  -1  -1  -1  -1  -1  -1  -1  -1  -1  -1  -1  -1  -1  -1  -1  -1  -1  -1  -1  -1  -1  -1  -1  -1  -1  -1  -1  -1  -1  -1  -1  -1  -1  -1  -1  -1  -1  -1  -1  -1  -1  -1  -1  -1  -1  -1  -1  -1  -1  -1  -1  -1  -1  -1  -1  -1  -1  -1  -1  -1  -1  -1  -1  -1  -1  -1  -1  -1  -1  -1  -1  -1  -1  -1  -1  -1  -1  -1  -1  -1  -1  -1  -1  -1  -1  -1  -1  -1  -1  -1  -1  -1  -1  -1  -1  -1  -1  -1  -1  -1  -1  -1  -1  -1  -1  -1  -1  -1  -1  -1  -1  -1  -1  -1  -1  -1  -1  -1  -1  -1  -1  -1  -1  -1  -1  -1  -1  -1  -1  -1  -1  -1  -1  -1  -1  -1  -1  -1  -1  -1  -1  -1  -1  -1  -1  -1  -1  -1  -1  -1  -1  -1  -1  -1  -1  -1  -1  -1  -1  -1  -1  -1  -1  -1  -1  -1  -1  -1  -1  -1  -1  -1  -1  -1  -1  -1  -1  -1  -1  -1  -1  -1  -1  -1  -1  -1  -1  -1  -1  -1  -1  -1  -1  -1  -1  -1  -1  -1  -1  -1  -1  -1  -1  -1  -1  -1  -1  -1  -1  -1 )
[calibration]
0.047858 -0.032371 0.001102 1.000000 0.000000 0.000000
0.048636 -0.029768 0.007046 1.000000 0.000000 0.000000
0.051730 -0.027170 0.001912 1.000000 0.000000 0.000000
0.050952 -0.029773 -0.004032 1.000000 0.000000 0.000000
0.054824 -0.024571 -0.003223 1.000000 0.000000 0.000000
0.057918 -0.021973 -0.008356 1.000000 0.000000 0.000000
0.000000 0.000000 0.000000 0.000000 0.000000 0.000000
0.054046 -0.027175 -0.009166 1.000000 0.000000 0.000000
0.050174 -0.032376 -0.009975 1.000000 0.000000 0.000000
0.046302 -0.037576 -0.010783 1.000000 0.000000 0.000000
0.000000 0.000000 0.000000 0.000000 0.000000 0.000000
0.047079 -0.034975 -0.004841 1.000000 0.000000 0.000000
0.000000 0.000000 0.000000 0.000000 0.000000 0.000000
0.000000 0.000000 0.000000 0.000000 0.000000 0.000000
0.000000 0.000000 0.000000 0.000000 0.000000 0.000000
0.000000 0.000000 0.000000 0.000000 0.000000 0.000000
0.000000 0.000000 0.000000 0.000000 0.000000 0.000000
0.000000 0.000000 0.000000 0.000000 0.000000 0.000000
0.000000 0.000000 0.000000 0.000000 0.000000 0.000000
0.000000 0.000000 0.000000 0.000000 0.000000 0.000000
0.000000 0.000000 0.000000 0.000000 0.000000 0.000000
0.000000 0.000000 0.000000 0.000000 0.000000 0.000000
0.000000 0.000000 0.000000 0.000000 0.000000 0.000000
0.000000 0.000000 0.000000 0.000000 0.000000 0.000000
0.000000 0.000000 0.000000 0.000000 0.000000 0.000000
0.000000 0.000000 0.000000 0.000000 0.000000 0.000000
0.000000 0.000000 0.000000 0.000000 0.000000 0.000000
0.000000 0.000000 0.000000 0.000000 0.000000 0.000000
0.000000 0.000000 0.000000 0.000000 0.000000 0.000000
0.000000 0.000000 0.000000 0.000000 0.000000 0.000000
0.000000 0.000000 0.000000 0.000000 0.000000 0.000000
0.000000 0.000000 0.000000 0.000000 0.000000 0.000000
0.000000 0.000000 0.000000 0.000000 0.000000 0.000000
0.000000 0.000000 0.000000 0.000000 0.000000 0.000000
0.000000 0.000000 0.000000 0.000000 0.000000 0.000000
0.000000 0.000000 0.000000 0.000000 0.000000 0.000000
0.050211 0.036098 -0.004496 1.000000 0.000000 0.000000
0.049544 0.038837 -0.010392 1.000000 0.000000 0.000000
0.053040 0.033360 -0.009711 1.000000 0.000000 0.000000
0.053707 0.030621 -0.003816 1.000000 0.000000 0.000000
0.056536 0.027883 -0.009031 1.000000 0.000000 0.000000
0.060032 0.022406 -0.008351 1.000000 0.000000 0.000000
0.000000 0.000000 0.000000 0.000000 0.000000 0.000000
0.057203 0.025145 -0.003135 1.000000 0.000000 0.000000
0.054375 0.027883 0.002080 1.000000 0.000000 0.000000
0.051547 0.030622 0.007293 1.000000 0.000000 0.000000
0.000000 0.000000 0.000000 0.000000 0.000000 0.000000
0.050878 0.033360 0.001400 1.000000 0.000000 0.000000
0.055847 0.019029 0.011087 1.000000 0.000000 0.000000
0.054146 0.025313 0.010511 1.000000 0.000000 0.000000
0.056809 0.022172 0.005439 1.000000 0.000000 0.000000
0.058510 0.015888 0.006015 1.000000 0.000000 0.000000
0.059473 0.019031 0.000366 1.000000 0.000000 0.000000
0.062136 0.015890 -0.004705 1.000000 0.000000 0.000000
0.000000 0.000000 0.000000 0.000000 0.000000 0.000000
0.061173 0.012747 0.000944 1.000000 0.000000 0.000000
0.060211 0.009605 0.006592 1.000000 0.000000 0.000000
0.059248 0.006465 0.012239 1.000000 0.000000 0.000000
0.000000 0.000000 0.000000 0.000000 0.000000 0.000000
0.057548 0.012746 0.011664 1.000000 0.000000 0.000000
0.062811 0.006272 -0.003146 1.000000 0.000000 0.000000
0.063859 0.009538 -0.008708 1.000000 0.000000 0.000000
0.063805 0.003005 -0.008717 1.000000 0.000000 0.000000
0.062757 -0.000261 -0.003154 1.000000 0.000000 0.000000
0.063752 -0.003528 -0.008726 1.000000 0.000000 0.000000
0.063698 -0.010061 -0.008735 1.000000 0.000000 0.000000
0.000000 0.000000 0.000000 0.000000 0.000000 0.000000
0.062704 -0.006793 -0.003163 1.000000 0.000000 0.000000
0.061709 -0.003527 0.002408 1.000000 0.000000 0.000000
0.060715 -0.000259 0.007977 1.000000 0.000000 0.000000
0.000000 0.000000 0.000000 0.000000 0.000000 0.000000
0.061763 0.003007 0.002417 1.000000 0.000000 0.000000
0.051464 0.033311 -0.028297 1.000000 0.000000 0.000000
0.052496 0.030579 -0.034144 1.000000 0.000000 0.000000
0.055022 0.027850 -0.028773 1.000000 0.000000 0.000000
0.053990 0.030582 -0.022926 1.000000 0.000000 0.000000
0.057548 0.025121 -0.023400 1.000000 0.000000 0.000000
0.060075 0.022392 -0.018029 1.000000 0.000000 0.000000
0.000000 0.000000 0.000000 0.000000 0.000000 0.000000
0.056517 0.027853 -0.017555 1.000000 0.000000 0.000000
0.052959 0.033314 -0.017079 1.000000 0.000000 0.000000
0.049402 0.038773 -0.016607 1.000000 0.000000 0.000000
0.000000 0.000000 0.000000 0.000000 0.000000 0.000000
0.050432 0.036044 -0.022452 1.000000 0.000000 0.000000
0.000000 0.000000 0.000000 0.000000 0.000000 0.000000
0.000000 0.000000 0.000000 0.000000 0.000000 0.000000
0.000000 0.000000 0.000000 0.000000 0.000000 0.000000
0.000000 0.000000 0.000000 0.000000 0.000000 0.000000
0.000000 0.000000 0.000000 0.000000 0.000000 0.000000
0.000000 0.000000 0.000000 0.000000 0.000000 0.000000
0.000000 0.000000 0.000000 0.000000 0.000000 0.000000
0.000000 0.000000 0.000000 0.000000 0.000000 0.000000
0.000000 0.000000 0.000000 0.000000 0.000000 0.000000
0.000000 0.000000 0.000000 0.000000 0.000000 0.000000
0.000000 0.000000 0.000000 0.000000 0.000000 0.000000
0.000000 0.000000 0.000000 0.000000 0.000000 0.000000
0.000000 0.000000 0.000000 0.000000 0.000000 0.000000
0.000000 0.000000 0.000000 0.000000 0.000000 0.000000
0.000000 0.000000 0.000000 0.000000 0.000000 0.000000
0.000000 0.000000 0.000000 0.000000 0.000000 0.000000
0.000000 0.000000 0.000000 0.000000 0.000000 0.000000
0.000000 0.000000 0.000000 0.000000 0.000000 0.000000
0.000000 0.000000 0.000000 0.000000 0.000000 0.000000
0.000000 0.000000 0.000000 0.000000 0.000000 0.000000
0.000000 0.000000 0.000000 0.000000 0.000000 0.000000
0.000000 0.000000 0.000000 0.000000 0.000000 0.000000
0.000000 0.000000 0.000000 0.000000 0.000000 0.000000
0.000000 0.000000 0.000000 0.000000 0.000000 0.000000
0.057665 0.022076 -0.031363 1.000000 0.000000 0.000000
0.055393 0.025214 -0.036626 1.000000 0.000000 0.000000
0.057149 0.018937 -0.037071 1.000000 0.000000 0.000000
0.059421 0.015799 -0.031809 1.000000 0.000000 0.000000
0.058905 0.012659 -0.037517 1.000000 0.000000 0.000000
0.060661 0.006383 -0.037962 1.000000 0.000000 0.000000
0.000000 0.000000 0.000000 0.000000 0.000000 0.000000
0.061177 0.009522 -0.032254 1.000000 0.000000 0.000000
0.061694 0.012661 -0.026546 1.000000 0.000000 0.000000
0.062210 0.015800 -0.020840 1.000000 0.000000 0.000000
0.000000 0.000000 0.000000 0.000000 0.000000 0.000000
0.059938 0.018939 -0.026100 1.000000 0.000000 0.000000
0.063845 0.002992 -0.016610 1.000000 0.000000 0.000000
0.063896 0.009527 -0.016616 1.000000 0.000000 0.000000
0.063307 0.006261 -0.022243 1.000000 0.000000 0.000000
0.063255 -0.000274 -0.022237 1.000000 0.000000 0.000000
0.062717 0.002994 -0.027871 1.000000 0.000000 0.000000
0.062127 -0.000272 -0.033498 1.000000 0.000000 0.000000
0.000000 0.000000 0.000000 0.000000 0.000000 0.000000
0.062665 -0.003540 -0.027864 1.000000 0.000000 0.000000
0.063203 -0.006809 -0.022231 1.000000 0.000000 0.000000
0.063741 -0.010075 -0.016599 1.000000 0.000000 0.000000
0.000000 0.000000 0.000000 0.000000 0.000000 0.000000
0.063793 -0.003542 -0.016603 1.000000 0.000000 0.000000
0.058828 -0.019492 -0.026129 1.000000 0.000000 0.000000
0.061293 -0.016427 -0.020911 1.000000 0.000000 0.000000
0.061033 -0.013364 -0.026675 1.000000 0.000000 0.000000
0.058567 -0.016429 -0.031894 1.000000 0.000000 0.000000
0.060772 -0.010301 -0.032441 1.000000 0.000000 0.000000
0.060511 -0.007239 -0.038206 1.000000 0.000000 0.000000
0.000000 0.000000 0.000000 0.000000 0.000000 0.000000
0.058307 -0.013367 -0.037659 1.000000 0.000000 0.000000
0.056102 -0.019494 -0.037113 1.000000 0.000000 0.000000
0.053899 -0.025620 -0.036565 1.000000 0.000000 0.000000
0.000000 0.000000 0.000000 0.000000 0.000000 0.000000
0.056363 -0.022557 -0.031348 1.000000 0.000000 0.000000
0.000000 0.000000 0.000000 0.000000 0.000000 0.000000
0.000000 0.000000 0.000000 0.000000 0.000000 0.000000
0.000000 0.000000 0.000000 0.000000 0.000000 0.000000
0.000000 0.000000 0.000000 0.000000 0.000000 0.000000
0.000000 0.000000 0.000000 0.000000 0.000000 0.000000
0.000000 0.000000 0.000000 0.000000 0.000000 0.000000
0.000000 0.000000 0.000000 0.000000 0.000000 0.000000
0.000000 0.000000 0.000000 0.000000 0.000000 0.000000
0.000000 0.000000 0.000000 0.000000 0.000000 0.000000
0.000000 0.000000 0.000000 0.000000 0.000000 0.000000
0.000000 0.000000 0.000000 0.000000 0.000000 0.000000
0.000000 0.000000 0.000000 0.000000 0.000000 0.000000
0.000000 0.000000 0.000000 0.000000 0.000000 0.000000
0.000000 0.000000 0.000000 0.000000 0.000000 0.000000
0.000000 0.000000 0.000000 0.000000 0.000000 0.000000
0.000000 0.000000 0.000000 0.000000 0.000000 0.000000
0.000000 0.000000 0.000000 0.000000 0.000000 0.000000
0.000000 0.000000 0.000000 0.000000 0.000000 0.000000
0.000000 0.000000 0.000000 0.000000 0.000000 0.000000
0.000000 0.000000 0.000000 0.000000 0.000000 0.000000
0.000000 0.000000 0.000000 0.000000 0.000000 0.000000
0.000000 0.000000 0.000000 0.000000 0.000000 0.000000
0.000000 0.000000 0.000000 0.000000 0.000000 0.000000
0.000000 0.000000 0.000000 0.000000 0.000000 0.000000
0.053897 -0.027214 -0.017884 1.000000 0.000000 0.000000
0.057850 -0.022043 -0.018477 1.000000 0.000000 0.000000
0.055038 -0.024629 -0.023777 1.000000 0.000000 0.000000
0.051085 -0.029800 -0.023183 1.000000 0.000000 0.000000
0.052225 -0.027216 -0.029077 1.000000 0.000000 0.000000
0.049412 -0.029802 -0.034376 1.000000 0.000000 0.000000
0.000000 0.000000 0.000000 0.000000 0.000000 0.000000
0.048273 -0.032386 -0.028482 1.000000 0.000000 0.000000
0.047132 -0.034970 -0.022590 1.000000 0.000000 0.000000
0.045994 -0.037552 -0.016698 1.000000 0.000000 0.000000
0.000000 0.000000 0.000000 0.000000 0.000000 0.000000
0.049945 -0.032384 -0.017290 1.000000 0.000000 0.000000
0.056915 -0.013349 0.011762 1.000000 0.000000 0.000000
0.059089 -0.007232 0.012512 1.000000 0.000000 0.000000
0.059852 -0.010292 0.006790 1.000000 0.000000 0.000000
0.057678 -0.016409 0.006041 1.000000 0.000000 0.000000
0.060615 -0.013352 0.001067 1.000000 0.000000 0.000000
0.061378 -0.016411 -0.004654 1.000000 0.000000 0.000000
0.000000 0.000000 0.000000 0.000000 0.000000 0.000000
0.058441 -0.019468 0.000319 1.000000 0.000000 0.000000
0.055504 -0.022526 0.005291 1.000000 0.000000 0.000000
0.052568 -0.025581 0.010264 1.000000 0.000000 0.000000
0.000000 0.000000 0.000000 0.000000 0.000000 0.000000
0.054740 -0.019466 0.011014 1.000000 0.000000 0.000000
0.019058 -0.047948 -0.001370 1.000000 0.000000 0.000000
0.020785 -0.046985 0.004859 1.000000 0.000000 0.000000
0.025133 -0.046025 0.000079 1.000000 0.000000 0.000000
0.023406 -0.046988 -0.006150 1.000000 0.000000 0.000000
0.029482 -0.045065 -0.004702 1.000000 0.000000 0.000000
0.033830 -0.044105 -0.009483 1.000000 0.000000 0.000000
0.000000 0.000000 0.000000 0.000000 0.000000 0.000000
0.027754 -0.046028 -0.010931 1.000000 0.000000 0.000000
0.021679 -0.047950 -0.012379 1.000000 0.000000 0.000000
0.015605 -0.049872 -0.013825 1.000000 0.000000 0.000000
0.000000 0.000000 0.000000 0.000000 0.000000 0.000000
0.017330 -0.048910 -0.007598 1.000000 0.000000 0.000000
0.017767 -0.049391 -0.025647 1.000000 0.000000 0.000000
0.014358 -0.050323 -0.020149 1.000000 0.000000 0.000000
0.020612 -0.048458 -0.019839 1.000000 0.000000 0.000000
0.024020 -0.047527 -0.025337 1.000000 0.000000 0.000000
0.026867 -0.046594 -0.019528 1.000000 0.000000 0.000000
0.033120 -0.044730 -0.019218 1.000000 0.000000 0.000000
0.000000 0.000000 0.000000 0.000000 0.000000 0.000000
0.030274 -0.045663 -0.025026 1.000000 0.000000 0.000000
0.027428 -0.046596 -0.030835 1.000000 0.000000 0.000000
0.024582 -0.047529 -0.036640 1.000000 0.000000 0.000000
0.000000 0.000000 0.000000 0.000000 0.000000 0.000000
0.021174 -0.048460 -0.031145 1.000000 0.000000 0.000000
0.000000 0.000000 0.000000 0.000000 0.000000 0.000000
0.000000 0.000000 0.000000 0.000000 0.000000 0.000000
0.000000 0.000000 0.000000 0.000000 0.000000 0.000000
0.000000 0.000000 0.000000 0.000000 0.000000 0.000000
0.000000 0.000000 0.000000 0.000000 0.000000 0.000000
0.000000 0.000000 0.000000 0.000000 0.000000 0.000000
0.000000 0.000000 0.000000 0.000000 0.000000 0.000000
0.000000 0.000000 0.000000 0.000000 0.000000 0.000000
0.000000 0.000000 0.000000 0.000000 0.000000 0.000000
0.000000 0.000000 0.000000 0.000000 0.000000 0.000000
0.000000 0.000000 0.000000 0.000000 0.000000 0.000000
0.000000 0.000000 0.000000 0.000000 0.000000 0.000000
0.034834 0.044630 -0.058705 1.000000 0.000000 0.000000
0.037103 0.042668 -0.064511 1.000000 0.000000 0.000000
0.040051 0.040708 -0.059021 1.000000 0.000000 0.000000
0.037783 0.042671 -0.053215 1.000000 0.000000 0.000000
0.043000 0.038748 -0.053530 1.000000 0.000000 0.000000
0.045949 0.036788 -0.048039 1.000000 0.000000 0.000000
0.000000 0.000000 0.000000 0.000000 0.000000 0.000000
0.040731 0.040711 -0.047724 1.000000 0.000000 0.000000
0.035514 0.044633 -0.047408 1.000000 0.000000 0.000000
0.030299 0.048554 -0.047095 1.000000 0.000000 0.000000
0.000000 0.000000 0.000000 0.000000 0.000000 0.000000
0.032565 0.046593 -0.052900 1.000000 0.000000 0.000000
0.035039 0.045674 -0.033299 1.000000 0.000000 0.000000
0.032029 0.047700 -0.038735 1.000000 0.000000 0.000000
0.037135 0.043645 -0.039147 1.000000 0.000000 0.000000
0.040145 0.041619 -0.033712 1.000000 0.000000 0.000000
0.042241 0.039590 -0.039560 1.000000 0.000000 0.000000
0.047347 0.035535 -0.039973 1.000000 0.000000 0.000000
0.000000 0.000000 0.000000 0.000000 0.000000 0.000000
0.045251 0.037564 -0.034125 1.000000 0.000000 0.000000
0.043155 0.039592 -0.028277 1.000000 0.000000 0.000000
0.041059 0.041621 -0.022432 1.000000 0.000000 0.000000
0.000000 0.000000 0.000000 0.000000 0.000000 0.000000
0.038049 0.043648 -0.027864 1.000000 0.000000 0.000000
0.024319 0.050520 -0.030526 1.000000 0.000000 0.000000
0.027253 0.049334 -0.036244 1.000000 0.000000 0.000000
0.030408 0.048151 -0.030647 1.000000 0.000000 0.000000
0.027474 0.049336 -0.024929 1.000000 0.000000 0.000000
0.033563 0.046967 -0.025049 1.000000 0.000000 0.000000
0.036718 0.045783 -0.019452 1.000000 0.000000 0.000000
0.000000 0.000000 0.000000 0.000000 0.000000 0.000000
0.030628 0.048152 -0.019332 1.000000 0.000000 0.000000
0.024539 0.050521 -0.019211 1.000000 0.000000 0.000000
0.018452 0.052890 -0.019093 1.000000 0.000000 0.000000
0.000000 0.000000 0.000000 0.000000 0.000000 0.000000
0.021384 0.051705 -0.024809 1.000000 0.000000 0.000000
0.020953 0.051628 -0.006349 1.000000 0.000000 0.000000
0.018463 0.052784 -0.012280 1.000000 0.000000 0.000000
0.024543 0.050471 -0.011685 1.000000 0.000000 0.000000
0.027033 0.049314 -0.005754 1.000000 0.000000 0.000000
0.030625 0.048156 -0.011090 1.000000 0.000000 0.000000
0.036705 0.045842 -0.010494 1.000000 0.000000 0.000000
0.000000 0.000000 0.000000 0.000000 0.000000 0.000000
0.033113 0.047000 -0.005159 1.000000 0.000000 0.000000
0.029523 0.048157 0.000177 1.000000 0.000000 0.000000
0.025931 0.049315 0.005509 1.000000 0.000000 0.000000
0.000000 0.000000 0.000000 0.000000 0.000000 0.000000
0.023441 0.050472 -0.000418 1.000000 0.000000 0.000000
0.034927 0.043460 0.009920 1.000000 0.000000 0.000000
0.029924 0.047468 0.008650 1.000000 0.000000 0.000000
0.033815 0.045465 0.003800 1.000000 0.000000 0.000000
0.038819 0.041457 0.005069 1.000000 0.000000 0.000000
0.037708 0.043462 -0.001051 1.000000 0.000000 0.000000
0.041599 0.041459 -0.005901 1.000000 0.000000 0.000000
0.000000 0.000000 0.000000 0.000000 0.000000 0.000000
0.042710 0.039454 0.000219 1.000000 0.000000 0.000000
0.043822 0.037449 0.006338 1.000000 0.000000 0.000000
0.044932 0.035446 0.012457 1.000000 0.000000 0.000000
0.000000 0.000000 0.000000 0.000000 0.000000 0.000000
0.039930 0.039452 0.011189 1.000000 0.000000 0.000000
0.000000 0.000000 0.000000 0.000000 0.000000 0.000000
0.000000 0.000000 0.000000 0.000000 0.000000 0.000000
0.000000 0.000000 0.000000 0.000000 0.000000 0.000000
0.000000 0.000000 0.000000 0.000000 0.000000 0.000000
0.000000 0.000000 0.000000 0.000000 0.000000 0.000000
0.000000 0.000000 0.000000 0.000000 0.000000 0.000000
0.000000 0.000000 0.000000 0.000000 0.000000 0.000000
0.000000 0.000000 0.000000 0.000000 0.000000 0.000000
0.000000 0.000000 0.000000 0.000000 0.000000 0.000000
0.000000 0.000000 0.000000 0.000000 0.000000 0.000000
0.000000 0.000000 0.000000 0.000000 0.000000 0.000000
0.000000 0.000000 0.000000 0.000000 0.000000 0.000000
0.000000 0.000000 0.000000 0.000000 0.000000 0.000000
0.000000 0.000000 0.000000 0.000000 0.000000 0.000000
0.000000 0.000000 0.000000 0.000000 0.000000 0.000000
0.000000 0.000000 0.000000 0.000000 0.000000 0.000000
0.000000 0.000000 0.000000 0.000000 0.000000 0.000000
0.000000 0.000000 0.000000 0.000000 0.000000 0.000000
0.000000 0.000000 0.000000 0.000000 0.000000 0.000000
0.000000 0.000000 0.000000 0.000000 0.000000 0.000000
0.000000 0.000000 0.000000 0.000000 0.000000 0.000000
0.000000 0.000000 0.000000 0.000000 0.000000 0.000000
0.000000 0.000000 0.000000 0.000000 0.000000 0.000000
0.000000 0.000000 0.000000 0.000000 0.000000 0.000000
0.000000 0.000000 0.000000 0.000000 0.000000 0.000000
0.000000 0.000000 0.000000 0.000000 0.000000 0.000000
0.000000 0.000000 0.000000 0.000000 0.000000 0.000000
0.000000 0.000000 0.000000 0.000000 0.000000 0.000000
0.000000 0.000000 0.000000 0.000000 0.000000 0.000000
0.000000 0.000000 0.000000 0.000000 0.000000 0.000000
0.000000 0.000000 0.000000 0.000000 0.000000 0.000000
0.000000 0.000000 0.000000 0.000000 0.000000 0.000000
0.000000 0.000000 0.000000 0.000000 0.000000 0.000000
0.000000 0.000000 0.000000 0.000000 0.000000 0.000000
0.000000 0.000000 0.000000 0.000000 0.000000 0.000000
0.000000 0.000000 0.000000 0.000000 0.000000 0.000000
0.000000 0.000000 0.000000 0.000000 0.000000 0.000000
0.000000 0.000000 0.000000 0.000000 0.000000 0.000000
0.000000 0.000000 0.000000 0.000000 0.000000 0.000000
0.000000 0.000000 0.000000 0.000000 0.000000 0.000000
0.000000 0.000000 0.000000 0.000000 0.000000 0.000000
0.000000 0.000000 0.000000 0.000000 0.000000 0.000000
0.000000 0.000000 0.000000 0.000000 0.000000 0.000000
0.000000 0.000000 0.000000 0.000000 0.000000 0.000000
0.000000 0.000000 0.000000 0.000000 0.000000 0.000000
0.000000 0.000000 0.000000 0.000000 0.000000 0.000000
0.000000 0.000000 0.000000 0.000000 0.000000 0.000000
0.000000 0.000000 0.000000 0.000000 0.000000 0.000000
0.034672 -0.042950 -0.039632 1.000000 0.000000 0.000000
0.029225 -0.046560 -0.039646 1.000000 0.000000 0.000000
0.031931 -0.044755 -0.033981 1.000000 0.000000 0.000000
0.037379 -0.041145 -0.033966 1.000000 0.000000 0.000000
0.034638 -0.042950 -0.028315 1.000000 0.000000 0.000000
0.037345 -0.041144 -0.022649 1.000000 0.000000 0.000000
0.000000 0.000000 0.000000 0.000000 0.000000 0.000000
0.040086 -0.039340 -0.028301 1.000000 0.000000 0.000000
0.042827 -0.037536 -0.033952 1.000000 0.000000 0.000000
0.045565 -0.035733 -0.039602 1.000000 0.000000 0.000000
0.000000 0.000000 0.000000 0.000000 0.000000 0.000000
0.040120 -0.039341 -0.039618 1.000000 0.000000 0.000000
0.000000 0.000000 0.000000 0.000000 0.000000 0.000000
0.000000 0.000000 0.000000 0.000000 0.000000 0.000000
0.000000 0.000000 0.000000 0.000000 0.000000 0.000000
0.000000 0.000000 0.000000 0.000000 0.000000 0.000000
0.000000 0.000000 0.000000 0.000000 0.000000 0.000000
0.000000 0.000000 0.000000 0.000000 0.000000 0.000000
0.000000 0.000000 0.000000 0.000000 0.000000 0.000000
0.000000 0.000000 0.000000 0.000000 0.000000 0.000000
0.000000 0.000000 0.000000 0.000000 0.000000 0.000000
0.000000 0.000000 0.000000 0.000000 0.000000 0.000000
0.000000 0.000000 0.000000 0.000000 0.000000 0.000000
0.000000 0.000000 0.000000 0.000000 0.000000 0.000000
0.000000 0.000000 0.000000 0.000000 0.000000 0.000000
0.000000 0.000000 0.000000 0.000000 0.000000 0.000000
0.000000 0.000000 0.000000 0.000000 0.000000 0.000000
0.000000 0.000000 0.000000 0.000000 0.000000 0.000000
0.000000 0.000000 0.000000 0.000000 0.000000 0.000000
0.000000 0.000000 0.000000 0.000000 0.000000 0.000000
0.000000 0.000000 0.000000 0.000000 0.000000 0.000000
0.000000 0.000000 0.000000 0.000000 0.000000 0.000000
0.000000 0.000000 0.000000 0.000000 0.000000 0.000000
0.000000 0.000000 0.000000 0.000000 0.000000 0.000000
0.000000 0.000000 0.000000 0.000000 0.000000 0.000000
0.000000 0.000000 0.000000 0.000000 0.000000 0.000000
0.000000 0.000000 0.000000 0.000000 0.000000 0.000000
0.000000 0.000000 0.000000 0.000000 0.000000 0.000000
0.000000 0.000000 0.000000 0.000000 0.000000 0.000000
0.000000 0.000000 0.000000 0.000000 0.000000 0.000000
0.000000 0.000000 0.000000 0.000000 0.000000 0.000000
0.000000 0.000000 0.000000 0.000000 0.000000 0.000000
0.000000 0.000000 0.000000 0.000000 0.000000 0.000000
0.000000 0.000000 0.000000 0.000000 0.000000 0.000000
0.000000 0.000000 0.000000 0.000000 0.000000 0.000000
0.000000 0.000000 0.000000 0.000000 0.000000 0.000000
0.000000 0.000000 0.000000 0.000000 0.000000 0.000000
0.000000 0.000000 0.000000 0.000000 0.000000 0.000000
0.044630 0.033308 -0.086196 1.000000 0.000000 0.000000
0.046143 0.030626 -0.091961 1.000000 0.000000 0.000000
0.048361 0.027948 -0.086430 1.000000 0.000000 0.000000
0.046848 0.030629 -0.080666 1.000000 0.000000 0.000000
0.050580 0.025270 -0.080899 1.000000 0.000000 0.000000
0.052799 0.022591 -0.075369 1.000000 0.000000 0.000000
0.000000 0.000000 0.000000 0.000000 0.000000 0.000000
0.049067 0.027951 -0.075135 1.000000 0.000000 0.000000
0.045335 0.033311 -0.074901 1.000000 0.000000 0.000000
0.041605 0.038668 -0.074669 1.000000 0.000000 0.000000
0.000000 0.000000 0.000000 0.000000 0.000000 0.000000
0.043116 0.035989 -0.080432 1.000000 0.000000 0.000000
0.000000 0.000000 0.000000 0.000000 0.000000 0.000000
0.000000 0.000000 0.000000 0.000000 0.000000 0.000000
0.000000 0.000000 0.000000 0.000000 0.000000 0.000000
0.000000 0.000000 0.000000 0.000000 0.000000 0.000000
0.000000 0.000000 0.000000 0.000000 0.000000 0.000000
0.000000 0.000000 0.000000 0.000000 0.000000 0.000000
0.000000 0.000000 0.000000 0.000000 0.000000 0.000000
0.000000 0.000000 0.000000 0.000000 0.000000 0.000000
0.000000 0.000000 0.000000 0.000000 0.000000 0.000000
0.000000 0.000000 0.000000 0.000000 0.000000 0.000000
0.000000 0.000000 0.000000 0.000000 0.000000 0.000000
0.000000 0.000000 0.000000 0.000000 0.000000 0.000000
0.000000 0.000000 0.000000 0.000000 0.000000 0.000000
0.000000 0.000000 0.000000 0.000000 0.000000 0.000000
0.000000 0.000000 0.000000 0.000000 0.000000 0.000000
0.000000 0.000000 0.000000 0.000000 0.000000 0.000000
0.000000 0.000000 0.000000 0.000000 0.000000 0.000000
0.000000 0.000000 0.000000 0.000000 0.000000 0.000000
0.000000 0.000000 0.000000 0.000000 0.000000 0.000000
0.000000 0.000000 0.000000 0.000000 0.000000 0.000000
0.000000 0.000000 0.000000 0.000000 0.000000 0.000000
0.000000 0.000000 0.000000 0.000000 0.000000 0.000000
0.000000 0.000000 0.000000 0.000000 0.000000 0.000000
0.000000 0.000000 0.000000 0.000000 0.000000 0.000000
0.040965 -0.036933 -0.081037 1.000000 0.000000 0.000000
0.039228 -0.039448 -0.075260 1.000000 0.000000 0.000000
0.043390 -0.034418 -0.075515 1.000000 0.000000 0.000000
0.045127 -0.031904 -0.081292 1.000000 0.000000 0.000000
0.047553 -0.029389 -0.075770 1.000000 0.000000 0.000000
0.051715 -0.024359 -0.076025 1.000000 0.000000 0.000000
0.000000 0.000000 0.000000 0.000000 0.000000 0.000000
0.049289 -0.026875 -0.081547 1.000000 0.000000 0.000000
0.046863 -0.029390 -0.087069 1.000000 0.000000 0.000000
0.044436 -0.031906 -0.092588 1.000000 0.000000 0.000000
0.000000 0.000000 0.000000 0.000000 0.000000 0.000000
0.042700 -0.034420 -0.086814 1.000000 0.000000 0.000000
0.050141 -0.020304 -0.094923 1.000000 0.000000 0.000000
0.047766 -0.026391 -0.094788 1.000000 0.000000 0.000000
0.049271 -0.023348 -0.089207 1.000000 0.000000 0.000000
0.051647 -0.017261 -0.089342 1.000000 0.000000 0.000000
0.050777 -0.020304 -0.083624 1.000000 0.000000 0.000000
0.052283 -0.017261 -0.078043 1.000000 0.000000 0.000000
0.000000 0.000000 0.000000 0.000000 0.000000 0.000000
0.053152 -0.014218 -0.083760 1.000000 0.000000 0.000000
0.054022 -0.011174 -0.089477 1.000000 0.000000 0.000000
0.054891 -0.008134 -0.095193 1.000000 0.000000 0.000000
0.000000 0.000000 0.000000 0.000000 0.000000 0.000000
0.052517 -0.014218 -0.095060 1.000000 0.000000 0.000000
0.053942 -0.007447 -0.078869 1.000000 0.000000 0.000000
0.054075 -0.010710 -0.073208 1.000000 0.000000 0.000000
0.054361 -0.004183 -0.073223 1.000000 0.000000 0.000000
0.054228 -0.000920 -0.078884 1.000000 0.000000 0.000000
0.054647 0.002344 -0.073238 1.000000 0.000000 0.000000
0.054934 0.008871 -0.073253 1.000000 0.000000 0.000000
0.000000 0.000000 0.000000 0.000000 0.000000 0.000000
0.054514 0.005606 -0.078899 1.000000 0.000000 0.000000
0.054095 0.002343 -0.084545 1.000000 0.000000 0.000000
0.053676 -0.000922 -0.090187 1.000000 0.000000 0.000000
0.000000 0.000000 0.000000 0.000000 0.000000 0.000000
0.053809 -0.004185 -0.084530 1.000000 0.000000 0.000000
0.044418 -0.034187 -0.056345 1.000000 0.000000 0.000000
0.046748 -0.031684 -0.050776 1.000000 0.000000 0.000000
0.048618 -0.029184 -0.056514 1.000000 0.000000 0.000000
0.046288 -0.031687 -0.062083 1.000000 0.000000 0.000000
0.050489 -0.026683 -0.062254 1.000000 0.000000 0.000000
0.052359 -0.024183 -0.067992 1.000000 0.000000 0.000000
0.000000 0.000000 0.000000 0.000000 0.000000 0.000000
0.048159 -0.029187 -0.067822 1.000000 0.000000 0.000000
0.043958 -0.034190 -0.067652 1.000000 0.000000 0.000000
0.039759 -0.039191 -0.067481 1.000000 0.000000 0.000000
0.000000 0.000000 0.000000 0.000000 0.000000 0.000000
0.042087 -0.036690 -0.061913 1.000000 0.000000 0.000000
0.000000 0.000000 0.000000 0.000000 0.000000 0.000000
0.000000 0.000000 0.000000 0.000000 0.000000 0.000000
0.000000 0.000000 0.000000 0.000000 0.000000 0.000000
0.000000 0.000000 0.000000 0.000000 0.000000 0.000000
0.000000 0.000000 0.000000 0.000000 0.000000 0.000000
0.000000 0.000000 0.000000 0.000000 0.000000 0.000000
0.000000 0.000000 0.000000 0.000000 0.000000 0.000000
0.000000 0.000000 0.000000 0.000000 0.000000 0.000000
0.000000 0.000000 0.000000 0.000000 0.000000 0.000000
0.000000 0.000000 0.000000 0.000000 0.000000 0.000000
0.000000 0.000000 0.000000 0.000000 0.000000 0.000000
0.000000 0.000000 0.000000 0.000000 0.000000 0.000000
0.000000 0.000000 0.000000 0.000000 0.000000 0.000000
0.000000 0.000000 0.000000 0.000000 0.000000 0.000000
0.000000 0.000000 0.000000 0.000000 0.000000 0.000000
0.000000 0.000000 0.000000 0.000000 0.000000 0.000000
0.000000 0.000000 0.000000 0.000000 0.000000 0.000000
0.000000 0.000000 0.000000 0.000000 0.000000 0.000000
0.000000 0.000000 0.000000 0.000000 0.000000 0.000000
0.000000 0.000000 0.000000 0.000000 0.000000 0.000000
0.000000 0.000000 0.000000 0.000000 0.000000 0.000000
0.000000 0.000000 0.000000 0.000000 0.000000 0.000000
0.000000 0.000000 0.000000 0.000000 0.000000 0.000000
0.000000 0.000000 0.000000 0.000000 0.000000 0.000000
0.052397 -0.022942 -0.050622 1.000000 0.000000 0.000000
0.052088 -0.025991 -0.044850 1.000000 0.000000 0.000000
0.054401 -0.019892 -0.045202 1.000000 0.000000 0.000000
0.054710 -0.016842 -0.050973 1.000000 0.000000 0.000000
0.056715 -0.013791 -0.045553 1.000000 0.000000 0.000000
0.059029 -0.007692 -0.045904 1.000000 0.000000 0.000000
0.000000 0.000000 0.000000 0.000000 0.000000 0.000000
0.057024 -0.010743 -0.051325 1.000000 0.000000 0.000000
0.055020 -0.013793 -0.056745 1.000000 0.000000 0.000000
0.053015 -0.016843 -0.062163 1.000000 0.000000 0.000000
0.000000 0.000000 0.000000 0.000000 0.000000 0.000000
0.052705 -0.019893 -0.056394 1.000000 0.000000 0.000000
0.054986 -0.004017 -0.065385 1.000000 0.000000 0.000000
0.054713 -0.010547 -0.065346 1.000000 0.000000 0.000000
0.055612 -0.007282 -0.059759 1.000000 0.000000 0.000000
0.055884 -0.000753 -0.059797 1.000000 0.000000 0.000000
0.056510 -0.004018 -0.054171 1.000000 0.000000 0.000000
0.057408 -0.000753 -0.048583 1.000000 0.000000 0.000000
0.000000 0.000000 0.000000 0.000000 0.000000 0.000000
0.056783 0.002511 -0.054210 1.000000 0.000000 0.000000
0.056157 0.005776 -0.059836 1.000000 0.000000 0.000000
0.055532 0.009038 -0.065461 1.000000 0.000000 0.000000
0.000000 0.000000 0.000000 0.000000 0.000000 0.000000
0.055259 0.002512 -0.065424 1.000000 0.000000 0.000000
0.053607 0.018756 -0.056067 1.000000 0.000000 0.000000
0.053565 0.015619 -0.061800 1.000000 0.000000 0.000000
0.055416 0.012484 -0.056375 1.000000 0.000000 0.000000
0.055459 0.015622 -0.050642 1.000000 0.000000 0.000000
0.057268 0.009349 -0.050949 1.000000 0.000000 0.000000
0.059119 0.006215 -0.045525 1.000000 0.000000 0.000000
0.000000 0.000000 0.000000 0.000000 0.000000 0.000000
0.057310 0.012487 -0.045217 1.000000 0.000000 0.000000
0.055502 0.018759 -0.044910 1.000000 0.000000 0.000000
0.053693 0.025029 -0.044604 1.000000 0.000000 0.000000
0.000000 0.000000 0.000000 0.000000 0.000000 0.000000
0.053650 0.021894 -0.050335 1.000000 0.000000 0.000000
0.000000 0.000000 0.000000 0.000000 0.000000 0.000000
0.000000 0.000000 0.000000 0.000000 0.000000 0.000000
0.000000 0.000000 0.000000 0.000000 0.000000 0.000000
0.000000 0.000000 0.000000 0.000000 0.000000 0.000000
0.000000 0.000000 0.000000 0.000000 0.000000 0.000000
0.000000 0.000000 0.000000 0.000000 0.000000 0.000000
0.000000 0.000000 0.000000 0.000000 0.000000 0.000000
0.000000 0.000000 0.000000 0.000000 0.000000 0.000000
0.000000 0.000000 0.000000 0.000000 0.000000 0.000000
0.000000 0.000000 0.000000 0.000000 0.000000 0.000000
0.000000 0.000000 0.000000 0.000000 0.000000 0.000000
0.000000 0.000000 0.000000 0.000000 0.000000 0.000000
0.000000 0.000000 0.000000 0.000000 0.000000 0.000000
0.000000 0.000000 0.000000 0.000000 0.000000 0.000000
0.000000 0.000000 0.000000 0.000000 0.000000 0.000000
0.000000 0.000000 0.000000 0.000000 0.000000 0.000000
0.000000 0.000000 0.000000 0.000000 0.000000 0.000000
0.000000 0.000000 0.000000 0.000000 0.000000 0.000000
0.000000 0.000000 0.000000 0.000000 0.000000 0.000000
0.000000 0.000000 0.000000 0.000000 0.000000 0.000000
0.000000 0.000000 0.000000 0.000000 0.000000 0.000000
0.000000 0.000000 0.000000 0.000000 0.000000 0.000000
0.000000 0.000000 0.000000 0.000000 0.000000 0.000000
0.000000 0.000000 0.000000 0.000000 0.000000 0.000000
0.049416 0.027990 -0.067239 1.000000 0.000000 0.000000
0.053169 0.022645 -0.067480 1.000000 0.000000 0.000000
0.051658 0.025317 -0.061713 1.000000 0.000000 0.000000
0.047905 0.030662 -0.061472 1.000000 0.000000 0.000000
0.050148 0.027990 -0.055945 1.000000 0.000000 0.000000
0.048637 0.030662 -0.050178 1.000000 0.000000 0.000000
0.000000 0.000000 0.000000 0.000000 0.000000 0.000000
0.046395 0.033334 -0.055705 1.000000 0.000000 0.000000
0.044153 0.036007 -0.061230 1.000000 0.000000 0.000000
0.041912 0.038677 -0.066755 1.000000 0.000000 0.000000
0.000000 0.000000 0.000000 0.000000 0.000000 0.000000
0.045663 0.033334 -0.066998 1.000000 0.000000 0.000000
0.052818 0.012178 -0.094544 1.000000 0.000000 0.000000
0.054666 0.005911 -0.094647 1.000000 0.000000 0.000000
0.054062 0.009044 -0.088946 1.000000 0.000000 0.000000
0.052214 0.015312 -0.088843 1.000000 0.000000 0.000000
0.053458 0.012178 -0.083245 1.000000 0.000000 0.000000
0.052854 0.015312 -0.077544 1.000000 0.000000 0.000000
0.000000 0.000000 0.000000 0.000000 0.000000 0.000000
0.051610 0.018445 -0.083143 1.000000 0.000000 0.000000
0.050365 0.021579 -0.088740 1.000000 0.000000 0.000000
0.049121 0.024710 -0.094337 1.000000 0.000000 0.000000
0.000000 0.000000 0.000000 0.000000 0.000000 0.000000
0.050969 0.018445 -0.094441 1.000000 0.000000 0.000000
0.000000 0.000000 0.000000 0.000000 0.000000 0.000000
0.000000 0.000000 0.000000 0.000000 0.000000 0.000000
0.000000 0.000000 0.000000 0.000000 0.000000 0.000000
0.000000 0.000000 0.000000 0.000000 0.000000 0.000000
0.000000 0.000000 0.000000 0.000000 0.000000 0.000000
0.000000 0.000000 0.000000 0.000000 0.000000 0.000000
0.000000 0.000000 0.000000 0.000000 0.000000 0.000000
0.000000 0.000000 0.000000 0.000000 0.000000 0.000000
0.000000 0.000000 0.000000 0.000000 0.000000 0.000000
0.000000 0.000000 0.000000 0.000000 0.000000 0.000000
0.000000 0.000000 0.000000 0.000000 0.000000 0.000000
0.000000 0.000000 0.000000 0.000000 0.000000 0.000000
0.041350 0.032621 -0.132404 1.000000 0.000000 0.000000
0.037770 0.038078 -0.132055 1.000000 0.000000 0.000000
0.039008 0.035349 -0.137861 1.000000 0.000000 0.000000
0.042587 0.029893 -0.138210 1.000000 0.000000 0.000000
0.040245 0.032621 -0.143667 1.000000 0.000000 0.000000
0.041482 0.029892 -0.149473 1.000000 0.000000 0.000000
0.000000 0.000000 0.000000 0.000000 0.000000 0.000000
0.043824 0.027164 -0.144016 1.000000 0.000000 0.000000
0.046166 0.024436 -0.138559 1.000000 0.000000 0.000000
0.048506 0.021710 -0.133103 1.000000 0.000000 0.000000
0.000000 0.000000 0.000000 0.000000 0.000000 0.000000
0.044928 0.027165 -0.132753 1.000000 0.000000 0.000000
0.040586 0.035576 -0.118699 1.000000 0.000000 0.000000
0.038279 0.038289 -0.124179 1.000000 0.000000 0.000000
0.041904 0.032863 -0.124496 1.000000 0.000000 0.000000
0.044211 0.030150 -0.119017 1.000000 0.000000 0.000000
0.045529 0.027436 -0.124813 1.000000 0.000000 0.000000
0.049154 0.022011 -0.125131 1.000000 0.000000 0.000000
0.000000 0.000000 0.000000 0.000000 0.000000 0.000000
0.047836 0.024725 -0.119334 1.000000 0.000000 0.000000
0.046518 0.027438 -0.113537 1.000000 0.000000 0.000000
0.045199 0.030152 -0.107743 1.000000 0.000000 0.000000
0.000000 0.000000 0.000000 0.000000 0.000000 0.000000
0.042892 0.032865 -0.113220 1.000000 0.000000 0.000000
0.050522 0.018282 -0.102268 1.000000 0.000000 0.000000
0.048702 0.024558 -0.102148 1.000000 0.000000 0.000000
0.049235 0.021420 -0.107853 1.000000 0.000000 0.000000
0.051054 0.015145 -0.107973 1.000000 0.000000 0.000000
0.049767 0.018282 -0.113560 1.000000 0.000000 0.000000
0.050300 0.015145 -0.119265 1.000000 0.000000 0.000000
0.000000 0.000000 0.000000 0.000000 0.000000 0.000000
0.051587 0.012007 -0.113679 1.000000 0.000000 0.000000
0.052874 0.008869 -0.108093 1.000000 0.000000 0.000000
0.054160 0.005734 -0.102508 1.000000 0.000000 0.000000
0.000000 0.000000 0.000000 0.000000 0.000000 0.000000
0.052341 0.012007 -0.102387 1.000000 0.000000 0.000000
0.052194 -0.004484 -0.111484 1.000000 0.000000 0.000000
0.052720 -0.001218 -0.105847 1.000000 0.000000 0.000000
0.052478 0.002044 -0.111502 1.000000 0.000000 0.000000
0.051952 -0.001221 -0.117138 1.000000 0.000000 0.000000
0.052236 0.005308 -0.117158 1.000000 0.000000 0.000000
0.051994 0.008570 -0.122813 1.000000 0.000000 0.000000
0.000000 0.000000 0.000000 0.000000 0.000000 0.000000
0.051710 0.002041 -0.122793 1.000000 0.000000 0.000000
0.051425 -0.004487 -0.122774 1.000000 0.000000 0.000000
0.051141 -0.011014 -0.122753 1.000000 0.000000 0.000000
0.000000 0.000000 0.000000 0.000000 0.000000 0.000000
0.051667 -0.007750 -0.117119 1.000000 0.000000 0.000000
0.051966 -0.014333 -0.102961 1.000000 0.000000 0.000000
0.054312 -0.008235 -0.103120 1.000000 0.000000 0.000000
0.052759 -0.011284 -0.108686 1.000000 0.000000 0.000000
0.050413 -0.017381 -0.108526 1.000000 0.000000 0.000000
0.051205 -0.014333 -0.114252 1.000000 0.000000 0.000000
0.049652 -0.017381 -0.119818 1.000000 0.000000 0.000000
0.000000 0.000000 0.000000 0.000000 0.000000 0.000000
0.048859 -0.020430 -0.114092 1.000000 0.000000 0.000000
0.048066 -0.023479 -0.108367 1.000000 0.000000 0.000000
0.047275 -0.026525 -0.102642 1.000000 0.000000 0.000000
0.000000 0.000000 0.000000 0.000000 0.000000 0.000000
0.049620 -0.020430 -0.102800 1.000000 0.000000 0.000000
0.040645 -0.034407 -0.113879 1.000000 0.000000 0.000000
0.043201 -0.031850 -0.108435 1.000000 0.000000 0.000000
0.044700 -0.029296 -0.114258 1.000000 0.000000 0.000000
0.042144 -0.031852 -0.119703 1.000000 0.000000 0.000000
0.046198 -0.026741 -0.120083 1.000000 0.000000 0.000000
0.047697 -0.024187 -0.125906 1.000000 0.000000 0.000000
0.000000 0.000000 0.000000 0.000000 0.000000 0.000000
0.043642 -0.029298 -0.125526 1.000000 0.000000 0.000000
0.039588 -0.034409 -0.125147 1.000000 0.000000 0.000000
0.035535 -0.039518 -0.124766 1.000000 0.000000 0.000000
0.000000 0.000000 0.000000 0.000000 0.000000 0.000000
0.038089 -0.036964 -0.119323 1.000000 0.000000 0.000000
0.036260 -0.036915 -0.138495 1.000000 0.000000 0.000000
0.034871 -0.039489 -0.132651 1.000000 0.000000 0.000000
0.038870 -0.034341 -0.133085 1.000000 0.000000 0.000000
0.040259 -0.031767 -0.138930 1.000000 0.000000 0.000000
0.042870 -0.029192 -0.133520 1.000000 0.000000 0.000000
0.046869 -0.024045 -0.133955 1.000000 0.000000 0.000000
0.000000 0.000000 0.000000 0.000000 0.000000 0.000000
0.044258 -0.026620 -0.139364 1.000000 0.000000 0.000000
0.041648 -0.029194 -0.144774 1.000000 0.000000 0.000000
0.039038 -0.031768 -0.150181 1.000000 0.000000 0.000000
0.000000 0.000000 0.000000 0.000000 0.000000 0.000000
0.037649 -0.034342 -0.144339 1.000000 0.000000 0.000000
0.046693 -0.020731 -0.141198 1.000000 0.000000 0.000000
0.048327 -0.017674 -0.135658 1.000000 0.000000 0.000000
0.049000 -0.014620 -0.141394 1.000000 0.000000 0.000000
0.047366 -0.017677 -0.146934 1.000000 0.000000 0.000000
0.049673 -0.011566 -0.147131 1.000000 0.000000 0.000000
0.050346 -0.008512 -0.152867 1.000000 0.000000 0.000000
0.000000 0.000000 0.000000 0.000000 0.000000 0.000000
0.048039 -0.014623 -0.152670 1.000000 0.000000 0.000000
0.045732 -0.020734 -0.152475 1.000000 0.000000 0.000000
0.043426 -0.026842 -0.152277 1.000000 0.000000 0.000000
0.000000 0.000000 0.000000 0.000000 0.000000 0.000000
0.045059 -0.023788 -0.146738 1.000000 0.000000 0.000000
0.000000 0.000000 0.000000 0.000000 0.000000 0.000000
0.000000 0.000000 0.000000 0.000000 0.000000 0.000000
0.000000 0.000000 0.000000 0.000000 0.000000 0.000000
0.000000 0.000000 0.000000 0.000000 0.000000 0.000000
0.000000 0.000000 0.000000 0.000000 0.000000 0.000000
0.000000 0.000000 0.000000 0.000000 0.000000 0.000000
0.000000 0.000000 0.000000 0.000000 0.000000 0.000000
0.000000 0.000000 0.000000 0.000000 0.000000 0.000000
0.000000 0.000000 0.000000 0.000000 0.000000 0.000000
0.000000 0.000000 0.000000 0.000000 0.000000 0.000000
0.000000 0.000000 0.000000 0.000000 0.000000 0.000000
0.000000 0.000000 0.000000 0.000000 0.000000 0.000000
0.000000 0.000000 0.000000 0.000000 0.000000 0.000000
0.000000 0.000000 0.000000 0.000000 0.000000 0.000000
0.000000 0.000000 0.000000 0.000000 0.000000 0.000000
0.000000 0.000000 0.000000 0.000000 0.000000 0.000000
0.000000 0.000000 0.000000 0.000000 0.000000 0.000000
0.000000 0.000000 0.000000 0.000000 0.000000 0.000000
0.000000 0.000000 0.000000 0.000000 0.000000 0.000000
0.000000 0.000000 0.000000 0.000000 0.000000 0.000000
0.000000 0.000000 0.000000 0.000000 0.000000 0.000000
0.000000 0.000000 0.000000 0.000000 0.000000 0.000000
0.000000 0.000000 0.000000 0.000000 0.000000 0.000000
0.000000 0.000000 0.000000 0.000000 0.000000 0.000000
0.000000 0.000000 0.000000 0.000000 0.000000 0.000000
0.000000 0.000000 0.000000 0.000000 0.000000 0.000000
0.000000 0.000000 0.000000 0.000000 0.000000 0.000000
0.000000 0.000000 0.000000 0.000000 0.000000 0.000000
0.000000 0.000000 0.000000 0.000000 0.000000 0.000000
0.000000 0.000000 0.000000 0.000000 0.000000 0.000000
0.000000 0.000000 0.000000 0.000000 0.000000 0.000000
0.000000 0.000000 0.000000 0.000000 0.000000 0.000000
0.000000 0.000000 0.000000 0.000000 0.000000 0.000000
0.000000 0.000000 0.000000 0.000000 0.000000 0.000000
0.000000 0.000000 0.000000 0.000000 0.000000 0.000000
0.000000 0.000000 0.000000 0.000000 0.000000 0.000000
0.049595 0.011691 -0.140648 1.000000 0.000000 0.000000
0.049170 0.014836 -0.134935 1.000000 0.000000 0.000000
0.047822 0.017978 -0.140502 1.000000 0.000000 0.000000
0.048247 0.014833 -0.146215 1.000000 0.000000 0.000000
0.046473 0.021121 -0.146070 1.000000 0.000000 0.000000
0.045124 0.024263 -0.151636 1.000000 0.000000 0.000000
0.000000 0.000000 0.000000 0.000000 0.000000 0.000000
0.046898 0.017975 -0.151781 1.000000 0.000000 0.000000
0.048672 0.011687 -0.151927 1.000000 0.000000 0.000000
0.050445 0.005402 -0.152071 1.000000 0.000000 0.000000
0.000000 0.000000 0.000000 0.000000 0.000000 0.000000
0.050021 0.008545 -0.146360 1.000000 0.000000 0.000000
0.051138 0.001883 -0.130621 1.000000 0.000000 0.000000
0.051424 0.008412 -0.130644 1.000000 0.000000 0.000000
0.050857 0.005148 -0.136274 1.000000 0.000000 0.000000
0.050571 -0.001381 -0.136251 1.000000 0.000000 0.000000
0.050290 0.001883 -0.141906 1.000000 0.000000 0.000000
0.049723 -0.001381 -0.147536 1.000000 0.000000 0.000000
0.000000 0.000000 0.000000 0.000000 0.000000 0.000000
0.050004 -0.004645 -0.141882 1.000000 0.000000 0.000000
0.050286 -0.007910 -0.136228 1.000000 0.000000 0.000000
0.050567 -0.011172 -0.130575 1.000000 0.000000 0.000000
0.000000 0.000000 0.000000 0.000000 0.000000 0.000000
0.050853 -0.004645 -0.130597 1.000000 0.000000 0.000000
0.000000 0.000000 0.000000 0.000000 0.000000 0.000000
0.000000 0.000000 0.000000 0.000000 0.000000 0.000000
0.000000 0.000000 0.000000 0.000000 0.000000 0.000000
0.000000 0.000000 0.000000 0.000000 0.000000 0.000000
0.000000 0.000000 0.000000 0.000000 0.000000 0.000000
0.000000 0.000000 0.000000 0.000000 0.000000 0.000000
0.000000 0.000000 0.000000 0.000000 0.000000 0.000000
0.000000 0.000000 0.000000 0.000000 0.000000 0.000000
0.000000 0.000000 0.000000 0.000000 0.000000 0.000000
0.000000 0.000000 0.000000 0.000000 0.000000 0.000000
0.000000 0.000000 0.000000 0.000000 0.000000 0.000000
0.000000 0.000000 0.000000 0.000000 0.000000 0.000000
0.000000 0.000000 0.000000 0.000000 0.000000 0.000000
0.000000 0.000000 0.000000 0.000000 0.000000 0.000000
0.000000 0.000000 0.000000 0.000000 0.000000 0.000000
0.000000 0.000000 0.000000 0.000000 0.000000 0.000000
0.000000 0.000000 0.000000 0.000000 0.000000 0.000000
0.000000 0.000000 0.000000 0.000000 0.000000 0.000000
0.000000 0.000000 0.000000 0.000000 0.000000 0.000000
0.000000 0.000000 0.000000 0.000000 0.000000 0.000000
0.000000 0.000000 0.000000 0.000000 0.000000 0.000000
0.000000 0.000000 0.000000 0.000000 0.000000 0.000000
0.000000 0.000000 0.000000 0.000000 0.000000 0.000000
0.000000 0.000000 0.000000 0.000000 0.000000 0.000000
