-0.031  0.075 -0.008  0.000  0.000  0.000
-0.031  0.079 -0.005  0.000  0.000  0.000
-0.031  0.075 -0.004  0.000  0.000  0.000
-0.030  0.070 -0.005  0.000  0.000  0.000
-0.030  0.066 -0.004  0.000  0.000  0.000
-0.030  0.060 -0.005  0.000  0.000  0.000
-0.030  0.063 -0.006  0.000  0.000  0.000
-0.030  0.066 -0.010  0.000  0.000  0.000
-0.029  0.067 -0.015  0.000  0.000  0.000
-0.027  0.067 -0.021  0.000  0.000  0.000
-0.029  0.071 -0.016  0.000  0.000  0.000
-0.030  0.071 -0.010  0.000  0.000  0.000
-0.030  0.086 -0.014  0.000  0.000  0.000
-0.031  0.084 -0.010  0.000  0.000  0.000
-0.030  0.083 -0.013  0.000  0.000  0.000
-0.030  0.081 -0.018  0.000  0.000  0.000
-0.028  0.078 -0.021  0.000  0.000  0.000
-0.026  0.076 -0.025  0.000  0.000  0.000
-0.027  0.079 -0.024  0.000  0.000  0.000
-0.028  0.084 -0.023  0.000  0.000  0.000
-0.028  0.089 -0.025  0.000  0.000  0.000
-0.026  0.092 -0.027  0.000  0.000  0.000
-0.029  0.090 -0.022  0.000  0.000  0.000
-0.030  0.087 -0.018  0.000  0.000  0.000
-0.032  0.097 -0.007  0.000  0.000  0.000
-0.032  0.092 -0.007  0.000  0.000  0.000
-0.031  0.094 -0.010  0.000  0.000  0.000
-0.031  0.097 -0.014  0.000  0.000  0.000
-0.030  0.099 -0.019  0.000  0.000  0.000
-0.028  0.099 -0.025  0.000  0.000  0.000
-0.030  0.102 -0.019  0.000  0.000  0.000
-0.031  0.103 -0.015  0.000  0.000  0.000
-0.032  0.106 -0.013  0.000  0.000  0.000
-0.032  0.108 -0.011  0.000  0.000  0.000
-0.032  0.105 -0.009  0.000  0.000  0.000
-0.032  0.101 -0.009  0.000  0.000  0.000
 0.029  0.076 -0.017  0.000  0.000  0.000
 0.029  0.080 -0.018  0.000  0.000  0.000
 0.028  0.077 -0.021  0.000  0.000  0.000
 0.026  0.072 -0.024  0.000  0.000  0.000
 0.024  0.072 -0.028  0.000  0.000  0.000
 0.020  0.068 -0.032  0.000  0.000  0.000
 0.023  0.067 -0.028  0.000  0.000  0.000
 0.026  0.067 -0.023  0.000  0.000  0.000
 0.027  0.064 -0.019  0.000  0.000  0.000
 0.028  0.062 -0.017  0.000  0.000  0.000
 0.028  0.067 -0.017  0.000  0.000  0.000
 0.028  0.071 -0.018  0.000  0.000  0.000
 0.024  0.051 -0.022  0.000  0.000  0.000
 0.026  0.052 -0.019  0.000  0.000  0.000
 0.024  0.055 -0.024  0.000  0.000  0.000
 0.021  0.054 -0.028  0.000  0.000  0.000
 0.020  0.058 -0.031  0.000  0.000  0.000
 0.017  0.061 -0.034  0.000  0.000  0.000
 0.016  0.056 -0.033  0.000  0.000  0.000
 0.017  0.051 -0.032  0.000  0.000  0.000
 0.017  0.048 -0.032  0.000  0.000  0.000
 0.016  0.044 -0.031  0.000  0.000  0.000
 0.019  0.047 -0.029  0.000  0.000  0.000
 0.021  0.050 -0.027  0.000  0.000  0.000
 0.008  0.054 -0.038  0.000  0.000  0.000
 0.007  0.057 -0.038  0.000  0.000  0.000
 0.006  0.054 -0.039  0.000  0.000  0.000
 0.005  0.052 -0.039  0.000  0.000  0.000
-0.001  0.050 -0.039  0.000  0.000  0.000
-0.006  0.051 -0.038  0.000  0.000  0.000
-0.001  0.047 -0.038  0.000  0.000  0.000
 0.005  0.047 -0.038  0.000  0.000  0.000
 0.007  0.044 -0.037  0.000  0.000  0.000
 0.010  0.043 -0.036  0.000  0.000  0.000
 0.010  0.048 -0.037  0.000  0.000  0.000
 0.009  0.051 -0.038  0.000  0.000  0.000
 0.021  0.091 -0.035  0.000  0.000  0.000
 0.018  0.094 -0.037  0.000  0.000  0.000
 0.018  0.089 -0.037  0.000  0.000  0.000
 0.019  0.085 -0.036  0.000  0.000  0.000
 0.017  0.080 -0.037  0.000  0.000  0.000
 0.017  0.075 -0.036  0.000  0.000  0.000
 0.021  0.078 -0.033  0.000  0.000  0.000
 0.023  0.082 -0.031  0.000  0.000  0.000
 0.026  0.083 -0.026  0.000  0.000  0.000
 0.028  0.084 -0.023  0.000  0.000  0.000
 0.026  0.087 -0.027  0.000  0.000  0.000
 0.023  0.088 -0.031  0.000  0.000  0.000
 0.024  0.103 -0.032  0.000  0.000  0.000
 0.021  0.101 -0.035  0.000  0.000  0.000
 0.023  0.099 -0.032  0.000  0.000  0.000
 0.027  0.099 -0.027  0.000  0.000  0.000
 0.028  0.096 -0.023  0.000  0.000  0.000
 0.029  0.093 -0.019  0.000  0.000  0.000
 0.030  0.098 -0.019  0.000  0.000  0.000
 0.029  0.101 -0.022  0.000  0.000  0.000
 0.029  0.106 -0.021  0.000  0.000  0.000
 0.029  0.108 -0.021  0.000  0.000  0.000
 0.028  0.107 -0.024  0.000  0.000  0.000
 0.027  0.104 -0.027  0.000  0.000  0.000
-0.005  0.105 -0.043  0.000  0.000  0.000
-0.008  0.105 -0.043  0.000  0.000  0.000
-0.008  0.103 -0.043  0.000  0.000  0.000
-0.007  0.097 -0.043  0.000  0.000  0.000
-0.010  0.092 -0.042  0.000  0.000  0.000
 0.000  0.000  0.000  0.000  0.000  0.000
-0.009  0.090 -0.042  0.000  0.000  0.000
-0.003  0.093 -0.043  0.000  0.000  0.000
 0.002  0.094 -0.043  0.000  0.000  0.000
 0.007  0.097 -0.043  0.000  0.000  0.000
 0.004  0.100 -0.043  0.000  0.000  0.000
-0.002  0.099 -0.043  0.000  0.000  0.000
 0.010  0.086 -0.041  0.000  0.000  0.000
 0.010  0.092 -0.042  0.000  0.000  0.000
 0.005  0.087 -0.042  0.000  0.000  0.000
 0.004  0.084 -0.043  0.000  0.000  0.000
-0.001  0.084 -0.043  0.000  0.000  0.000
-0.007  0.083 -0.042  0.000  0.000  0.000
-0.002  0.079 -0.042  0.000  0.000  0.000
 0.004  0.078 -0.042  0.000  0.000  0.000
 0.006  0.073 -0.041  0.000  0.000  0.000
 0.009  0.071 -0.040  0.000  0.000  0.000
 0.008  0.076 -0.041  0.000  0.000  0.000
 0.008  0.081 -0.042  0.000  0.000  0.000
 0.004  0.062 -0.041  0.000  0.000  0.000
 0.006  0.063 -0.040  0.000  0.000  0.000
 0.002  0.067 -0.041  0.000  0.000  0.000
-0.003  0.066 -0.041  0.000  0.000  0.000
-0.007  0.070 -0.041  0.000  0.000  0.000
-0.009  0.074 -0.040  0.000  0.000  0.000
-0.009  0.069 -0.040  0.000  0.000  0.000
-0.007  0.064 -0.040  0.000  0.000  0.000
-0.008  0.062 -0.039  0.000  0.000  0.000
-0.008  0.057 -0.039  0.000  0.000  0.000
-0.004  0.060 -0.040  0.000  0.000  0.000
-0.001  0.062 -0.041  0.000  0.000  0.000
-0.019  0.061 -0.033  0.000  0.000  0.000
-0.015  0.057 -0.035  0.000  0.000  0.000
-0.017  0.062 -0.036  0.000  0.000  0.000
-0.016  0.068 -0.036  0.000  0.000  0.000
-0.015  0.072 -0.038  0.000  0.000  0.000
-0.016  0.076 -0.037  0.000  0.000  0.000
-0.017  0.074 -0.036  0.000  0.000  0.000
-0.019  0.071 -0.034  0.000  0.000  0.000
-0.021  0.071 -0.032  0.000  0.000  0.000
-0.024  0.070 -0.028  0.000  0.000  0.000
-0.021  0.068 -0.031  0.000  0.000  0.000
-0.018  0.066 -0.034  0.000  0.000  0.000
-0.023  0.091 -0.032  0.000  0.000  0.000
-0.025  0.094 -0.031  0.000  0.000  0.000
-0.025  0.090 -0.030  0.000  0.000  0.000
-0.024  0.085 -0.030  0.000  0.000  0.000
-0.025  0.081 -0.029  0.000  0.000  0.000
-0.025  0.078 -0.028  0.000  0.000  0.000
-0.023  0.079 -0.030  0.000  0.000  0.000
-0.022  0.082 -0.033  0.000  0.000  0.000
-0.019  0.083 -0.035  0.000  0.000  0.000
-0.017  0.083 -0.037  0.000  0.000  0.000
-0.017  0.086 -0.037  0.000  0.000  0.000
-0.021  0.087 -0.034  0.000  0.000  0.000
-0.020  0.101 -0.036  0.000  0.000  0.000
-0.023  0.101 -0.032  0.000  0.000  0.000
-0.022  0.099 -0.035  0.000  0.000  0.000
-0.018  0.098 -0.037  0.000  0.000  0.000
-0.017  0.093 -0.039  0.000  0.000  0.000
-0.016  0.090 -0.039  0.000  0.000  0.000
-0.014  0.095 -0.040  0.000  0.000  0.000
-0.015  0.099 -0.040  0.000  0.000  0.000
-0.014  0.103 -0.041  0.000  0.000  0.000
-0.013  0.106 -0.041  0.000  0.000  0.000
-0.016  0.104 -0.040  0.000  0.000  0.000
-0.018  0.102 -0.038  0.000  0.000  0.000
-0.017  0.051 -0.032  0.000  0.000  0.000
-0.015  0.052 -0.034  0.000  0.000  0.000
-0.017  0.054 -0.032  0.000  0.000  0.000
-0.018  0.056 -0.031  0.000  0.000  0.000
-0.022  0.061 -0.029  0.000  0.000  0.000
-0.024  0.063 -0.026  0.000  0.000  0.000
-0.023  0.060 -0.026  0.000  0.000  0.000
-0.022  0.055 -0.027  0.000  0.000  0.000
-0.022  0.049 -0.027  0.000  0.000  0.000
-0.020  0.045 -0.027  0.000  0.000  0.000
-0.020  0.048 -0.028  0.000  0.000  0.000
-0.019  0.050 -0.029  0.000  0.000  0.000
-0.026  0.046 -0.018  0.000  0.000  0.000
-0.024  0.043 -0.021  0.000  0.000  0.000
-0.025  0.048 -0.020  0.000  0.000  0.000
-0.026  0.053 -0.019  0.000  0.000  0.000
-0.026  0.059 -0.021  0.000  0.000  0.000
-0.025  0.060 -0.024  0.000  0.000  0.000
-0.027  0.059 -0.019  0.000  0.000  0.000
-0.027  0.055 -0.016  0.000  0.000  0.000
-0.029  0.056 -0.010  0.000  0.000  0.000
-0.029  0.055 -0.006  0.000  0.000  0.000
-0.029  0.053 -0.010  0.000  0.000  0.000
-0.027  0.051 -0.016  0.000  0.000  0.000
 0.000  0.000  0.000  0.000  0.000  0.000
 0.000  0.000  0.000  0.000  0.000  0.000
 0.000  0.000  0.000  0.000  0.000  0.000
 0.000  0.000  0.000  0.000  0.000  0.000
 0.000  0.000  0.000  0.000  0.000  0.000
 0.000  0.000  0.000  0.000  0.000  0.000
 0.000  0.000  0.000  0.000  0.000  0.000
 0.000  0.000  0.000  0.000  0.000  0.000
 0.000  0.000  0.000  0.000  0.000  0.000
 0.000  0.000  0.000  0.000  0.000  0.000
 0.000  0.000  0.000  0.000  0.000  0.000
 0.000  0.000  0.000  0.000  0.000  0.000
-0.028  0.056  0.013  0.000  0.000  0.000
-0.028  0.063  0.013  0.000  0.000  0.000
-0.027  0.061  0.017  0.000  0.000  0.000
-0.026  0.058  0.019  0.000  0.000  0.000
-0.023  0.060  0.025  0.000  0.000  0.000
-0.020  0.059  0.027  0.000  0.000  0.000
-0.022  0.057  0.025  0.000  0.000  0.000
-0.024  0.052  0.021  0.000  0.000  0.000
-0.024  0.049  0.020  0.000  0.000  0.000
-0.026  0.049  0.017  0.000  0.000  0.000
-0.026  0.050  0.016  0.000  0.000  0.000
-0.026  0.053  0.016  0.000  0.000  0.000
 0.000  0.000  0.000  0.000  0.000  0.000
 0.000  0.000  0.000  0.000  0.000  0.000
 0.000  0.000  0.000  0.000  0.000  0.000
 0.000  0.000  0.000  0.000  0.000  0.000
 0.000  0.000  0.000  0.000  0.000  0.000
 0.000  0.000  0.000  0.000  0.000  0.000
 0.000  0.000  0.000  0.000  0.000  0.000
 0.000  0.000  0.000  0.000  0.000  0.000
 0.000  0.000  0.000  0.000  0.000  0.000
 0.000  0.000  0.000  0.000  0.000  0.000
 0.000  0.000  0.000  0.000  0.000  0.000
 0.000  0.000  0.000  0.000  0.000  0.000
 0.000  0.000  0.000  0.000  0.000  0.000
 0.000  0.000  0.000  0.000  0.000  0.000
 0.000  0.000  0.000  0.000  0.000  0.000
 0.000  0.000  0.000  0.000  0.000  0.000
 0.000  0.000  0.000  0.000  0.000  0.000
 0.000  0.000  0.000  0.000  0.000  0.000
 0.000  0.000  0.000  0.000  0.000  0.000
 0.000  0.000  0.000  0.000  0.000  0.000
 0.000  0.000  0.000  0.000  0.000  0.000
 0.000  0.000  0.000  0.000  0.000  0.000
 0.000  0.000  0.000  0.000  0.000  0.000
 0.000  0.000  0.000  0.000  0.000  0.000
 0.000  0.000  0.000  0.000  0.000  0.000
 0.000  0.000  0.000  0.000  0.000  0.000
 0.000  0.000  0.000  0.000  0.000  0.000
 0.000  0.000  0.000  0.000  0.000  0.000
 0.000  0.000  0.000  0.000  0.000  0.000
 0.000  0.000  0.000  0.000  0.000  0.000
 0.000  0.000  0.000  0.000  0.000  0.000
 0.000  0.000  0.000  0.000  0.000  0.000
 0.000  0.000  0.000  0.000  0.000  0.000
 0.000  0.000  0.000  0.000  0.000  0.000
 0.000  0.000  0.000  0.000  0.000  0.000
 0.000  0.000  0.000  0.000  0.000  0.000
 0.030  0.053  0.011  0.000  0.000  0.000
 0.029  0.051  0.012  0.000  0.000  0.000
 0.028  0.054  0.016  0.000  0.000  0.000
 0.028  0.058  0.018  0.000  0.000  0.000
 0.027  0.061  0.022  0.000  0.000  0.000
 0.025  0.062  0.025  0.000  0.000  0.000
 0.028  0.064  0.020  0.000  0.000  0.000
 0.030  0.063  0.015  0.000  0.000  0.000
 0.031  0.065  0.011  0.000  0.000  0.000
 0.031  0.067  0.006  0.000  0.000  0.000
 0.031  0.062  0.007  0.000  0.000  0.000
 0.030  0.059  0.011  0.000  0.000  0.000
 0.000  0.000  0.000  0.000  0.000  0.000
 0.000  0.000  0.000  0.000  0.000  0.000
 0.000  0.000  0.000  0.000  0.000  0.000
 0.000  0.000  0.000  0.000  0.000  0.000
 0.000  0.000  0.000  0.000  0.000  0.000
 0.000  0.000  0.000  0.000  0.000  0.000
 0.000  0.000  0.000  0.000  0.000  0.000
 0.000  0.000  0.000  0.000  0.000  0.000
 0.000  0.000  0.000  0.000  0.000  0.000
 0.000  0.000  0.000  0.000  0.000  0.000
 0.000  0.000  0.000  0.000  0.000  0.000
 0.000  0.000  0.000  0.000  0.000  0.000
 0.000  0.000  0.000  0.000  0.000  0.000
 0.000  0.000  0.000  0.000  0.000  0.000
 0.000  0.000  0.000  0.000  0.000  0.000
 0.000  0.000  0.000  0.000  0.000  0.000
 0.000  0.000  0.000  0.000  0.000  0.000
 0.000  0.000  0.000  0.000  0.000  0.000
 0.000  0.000  0.000  0.000  0.000  0.000
 0.000  0.000  0.000  0.000  0.000  0.000
 0.000  0.000  0.000  0.000  0.000  0.000
 0.000  0.000  0.000  0.000  0.000  0.000
 0.000  0.000  0.000  0.000  0.000  0.000
 0.000  0.000  0.000  0.000  0.000  0.000
-0.003  0.020  0.027  0.000  0.000  0.000
-0.009  0.011  0.023  0.000  0.000  0.000
-0.006  0.019  0.026  0.000  0.000  0.000
-0.001  0.023  0.027  0.000  0.000  0.000
-0.001  0.026  0.028  0.000  0.000  0.000
 0.002  0.034  0.030  0.000  0.000  0.000
 0.004  0.032  0.030  0.000  0.000  0.000
 0.004  0.026  0.028  0.000  0.000  0.000
 0.009  0.022  0.026  0.000  0.000  0.000
 0.009  0.016  0.024  0.000  0.000  0.000
 0.006  0.020  0.026  0.000  0.000  0.000
 0.001  0.020  0.027  0.000  0.000  0.000
 0.020  0.029  0.022  0.000  0.000  0.000
 0.016  0.024  0.023  0.000  0.000  0.000
 0.016  0.026  0.024  0.000  0.000  0.000
 0.015  0.033  0.027  0.000  0.000  0.000
 0.011  0.036  0.029  0.000  0.000  0.000
 0.009  0.036  0.029  0.000  0.000  0.000
 0.014  0.037  0.028  0.000  0.000  0.000
 0.018  0.036  0.026  0.000  0.000  0.000
 0.022  0.038  0.023  0.000  0.000  0.000
 0.026  0.038  0.017  0.000  0.000  0.000
 0.024  0.034  0.019  0.000  0.000  0.000
 0.021  0.032  0.022  0.000  0.000  0.000
 0.025  0.051  0.022  0.000  0.000  0.000
 0.027  0.047  0.018  0.000  0.000  0.000
 0.022  0.046  0.024  0.000  0.000  0.000
 0.019  0.048  0.028  0.000  0.000  0.000
 0.014  0.046  0.030  0.000  0.000  0.000
 0.011  0.046  0.031  0.000  0.000  0.000
 0.013  0.050  0.031  0.000  0.000  0.000
 0.017  0.052  0.030  0.000  0.000  0.000
 0.017  0.056  0.031  0.000  0.000  0.000
 0.021  0.061  0.029  0.000  0.000  0.000
 0.021  0.058  0.028  0.000  0.000  0.000
 0.021  0.052  0.027  0.000  0.000  0.000
 0.000  0.000  0.000  0.000  0.000  0.000
 0.000  0.000  0.000  0.000  0.000  0.000
 0.000  0.000  0.000  0.000  0.000  0.000
 0.000  0.000  0.000  0.000  0.000  0.000
 0.000  0.000  0.000  0.000  0.000  0.000
 0.000  0.000  0.000  0.000  0.000  0.000
 0.000  0.000  0.000  0.000  0.000  0.000
 0.000  0.000  0.000  0.000  0.000  0.000
 0.000  0.000  0.000  0.000  0.000  0.000
 0.000  0.000  0.000  0.000  0.000  0.000
 0.000  0.000  0.000  0.000  0.000  0.000
 0.000  0.000  0.000  0.000  0.000  0.000
-0.018  0.041  0.025  0.000  0.000  0.000
-0.021  0.041  0.023  0.000  0.000  0.000
-0.020  0.046  0.025  0.000  0.000  0.000
-0.017  0.048  0.028  0.000  0.000  0.000
-0.017  0.053  0.029  0.000  0.000  0.000
-0.015  0.057  0.031  0.000  0.000  0.000
-0.013  0.053  0.031  0.000  0.000  0.000
-0.012  0.048  0.031  0.000  0.000  0.000
-0.008  0.046  0.032  0.000  0.000  0.000
-0.006  0.041  0.031  0.000  0.000  0.000
-0.010  0.046  0.031  0.000  0.000  0.000
-0.015  0.044  0.028  0.000  0.000  0.000
-0.020  0.028  0.021  0.000  0.000  0.000
-0.022  0.031  0.018  0.000  0.000  0.000
-0.020  0.032  0.022  0.000  0.000  0.000
-0.015  0.033  0.026  0.000  0.000  0.000
-0.012  0.036  0.028  0.000  0.000  0.000
-0.006  0.035  0.030  0.000  0.000  0.000
-0.009  0.033  0.029  0.000  0.000  0.000
-0.012  0.030  0.027  0.000  0.000  0.000
-0.014  0.024  0.025  0.000  0.000  0.000
-0.015  0.019  0.023  0.000  0.000  0.000
-0.017  0.023  0.022  0.000  0.000  0.000
-0.018  0.026  0.022  0.000  0.000  0.000
 0.000  0.000  0.000  0.000  0.000  0.000
 0.000  0.000  0.000  0.000  0.000  0.000
 0.000  0.000  0.000  0.000  0.000  0.000
 0.000  0.000  0.000  0.000  0.000  0.000
 0.000  0.000  0.000  0.000  0.000  0.000
 0.000  0.000  0.000  0.000  0.000  0.000
 0.000  0.000  0.000  0.000  0.000  0.000
 0.000  0.000  0.000  0.000  0.000  0.000
 0.000  0.000  0.000  0.000  0.000  0.000
 0.000  0.000  0.000  0.000  0.000  0.000
 0.000  0.000  0.000  0.000  0.000  0.000
 0.000  0.000  0.000  0.000  0.000  0.000
 0.000  0.000  0.000  0.000  0.000  0.000
 0.000  0.000  0.000  0.000  0.000  0.000
 0.000  0.000  0.000  0.000  0.000  0.000
 0.000  0.000  0.000  0.000  0.000  0.000
 0.000  0.000  0.000  0.000  0.000  0.000
 0.000  0.000  0.000  0.000  0.000  0.000
 0.000  0.000  0.000  0.000  0.000  0.000
 0.000  0.000  0.000  0.000  0.000  0.000
 0.000  0.000  0.000  0.000  0.000  0.000
 0.000  0.000  0.000  0.000  0.000  0.000
 0.000  0.000  0.000  0.000  0.000  0.000
 0.000  0.000  0.000  0.000  0.000  0.000
