name	r_upper_arm
spatial_sampling	taxel
taxel2Repr (  -1  -1  -1  -1  -1  -1  -1  -1  -1  -1  -1  -1  -1  -1  -1  -1  -1  -1  -1  -1  -1  -1  -1  -1  27  27  27  27  27  27  -2  27  27  27  -2  27  39  39  39  39  39  39  -2  39  39  39  -2  39  51  51  51  51  51  51  -2  51  51  51  -2  51  63  63  63  63  63  63  -2  63  63  63  -2  63  75  75  75  75  75  75  -2  75  75  75  -2  75  -1  -1  -1  -1  -1  -1  -1  -1  -1  -1  -1  -1  -1  -1  -1  -1  -1  -1  -1  -1  -1  -1  -1  -1  -1  -1  -1  -1  -1  -1  -1  -1  -1  -1  -1  -1  -1  -1  -1  -1  -1  -1  -1  -1  -1  -1  -1  -1  -1  -1  -1  -1  -1  -1  -1  -1  -1  -1  -1  -1  -1  -1  -1  -1  -1  -1  -1  -1  -1  -1  -1  -1  -1  -1  -1  -1  -1  -1  -1  -1  -1  -1  -1  -1  -1  -1  -1  -1  -1  -1  -1  -1  -1  -1  -1  -1  -1  -1  -1  -1  -1  -1  -1  -1  -1  -1  -1  -1  195  195  195  195  195  195  -2  195  195  195  -2  195  207  207  207  207  207  207  -2  207  207  207  -2  207  219  219  219  219  219  219  -2  219  219  219  -2  219  231  231  231  231  231  231  -2  231  231  231  -2  231  243  243  243  243  243  243  -2  243  243  243  -2  243  255  255  255  255  255  255  -2  255  255  255  -2  255  267  267  267  267  267  267  -2  267  267  267  -2  267  279  279  279  279  279  279  -2  279  279  279  -2  279  291  291  291  291  291  291  -2  291  291  291  -2  291  -1  -1  -1  -1  -1  -1  -1  -1  -1  -1  -1  -1  -1  -1  -1  -1  -1  -1  -1  -1  -1  -1  -1  -1  -1  -1  -1  -1  -1  -1  -1  -1  -1  -1  -1  -1  339  339  339  339  339  339  -2  339  339  339  -2  339  351  351  351  351  351  351  -2  351  351  351  -2  351  -1  -1  -1  -1  -1  -1  -1  -1  -1  -1  -1  -1  -1  -1  -1  -1  -1  -1  -1  -1  -1  -1  -1  -1  387  387  387  387  387  387  -2  387  387  387  -2  387  399  399  399  399  399  399  -2  399  399  399  -2  399  -1  -1  -1  -1  -1  -1  -1  -1  -1  -1  -1  -1  -1  -1  -1  -1  -1  -1  -1  -1  -1  -1  -1  -1  -1  -1  -1  -1  -1  -1  -1  -1  -1  -1  -1  -1  -1  -1  -1  -1  -1  -1  -1  -1  -1  -1  -1  -1  459  459  459  459  459  459  -2  459  459  459  -2  459  -1  -1  -1  -1  -1  -1  -1  -1  -1  -1  -1  -1  483  483  483  483  483  483  -2  483  483  483  -2  483  495  495  495  495  495  495  -2  495  495  495  -2  495  507  507  507  507  507  507  -2  507  507  507  -2  507  519  519  519  519  519  519  -2  519  519  519  -2  519  531  531  531  531  531  531  -2  531  531  531  -2  531  543  543  543  543  543  543  -2  543  543  543  -2  543  555  555  555  555  555  555  -2  555  555  555  -2  555  567  567  567  567  567  567  -2  567  567  567  -2  567  579  579  579  579  579  579  -2  579  579  579  -2  579  -1  -1  -1  -1  -1  -1  -1  -1  -1  -1  -1  -1  -1  -1  -1  -1  -1  -1  -1  -1  -1  -1  -1  -1  -1  -1  -1  -1  -1  -1  -1  -1  -1  -1  -1  -1  -1  -1  -1  -1  -1  -1  -1  -1  -1  -1  -1  -1  639  639  639  639  639  639  -2  639  639  639  -2  639  -1  -1  -1  -1  -1  -1  -1  -1  -1  -1  -1  -1  -1  -1  -1  -1  -1  -1  -1  -1  -1  -1  -1  -1  675  675  675  675  675  675  -2  675  675  675  -2  675  687  687  687  687  687  687  -2  687  687  687  -2  687  699  699  699  699  699  699  -2  699  699  699  -2  699  711  711  711  711  711  711  -2  711  711  711  -2  711  -1  -1  -1  -1  -1  -1  -1  -1  -1  -1  -1  -1  735  735  735  735  735  735  -2  735  735  735  -2  735  -1  -1  -1  -1  -1  -1  -1  -1  -1  -1  -1  -1  759  759  759  759  759  759  -2  759  759  759  -2  759  -1  -1  -1  -1  -1  -1  -1  -1  -1  -1  -1  -1  -1  -1  -1  -1  -1  -1  -1  -1  -1  -1  -1  -1  -1  -1  -1  -1  -1  -1  -1  -1  -1  -1  -1  -1  -1  -1  -1  -1  -1  -1  -1  -1  -1  -1  -1  -1  -1  -1  -1  -1  -1  -1  -1  -1  -1  -1  -1  -1  -1  -1  -1  -1  -1  -1  -1  -1  -1  -1  -1  -1  -1  -1  -1  -1  -1  -1  -1  -1  -1  -1  -1  -1  -1  -1  -1  -1  -1  -1  -1  -1  -1  -1  -1  -1  -1  -1  -1  -1  -1  -1  -1  -1  -1  -1  -1  -1  -1  -1  -1  -1  -1  -1  -1  -1  -1  -1  -1  -1  -1  -1  -1  -1  -1  -1  -1  -1  -1  -1  -1  -1  -1  -1  -1  -1  -1  -1  -1  -1  -1  -1  -1  -1  -1  -1  -1  -1  -1  -1  -1  -1  -1  -1  -1  -1  -1  -1  -1  -1  -1  -1  -1  -1  -1  -1  -1  -1  -1  -1  -1  -1  -1  -1  -1  -1  -1  -1  -1  -1  -1  -1  -1  -1  -1  -1  -1  -1  -1  -1  -1  -1 )
[calibration]
0.000000 0.000000 0.000000 0.000000 0.000000 0.000000
0.000000 0.000000 0.000000 0.000000 0.000000 0.000000
0.000000 0.000000 0.000000 0.000000 0.000000 0.000000
0.000000 0.000000 0.000000 0.000000 0.000000 0.000000
0.000000 0.000000 0.000000 0.000000 0.000000 0.000000
0.000000 0.000000 0.000000 0.000000 0.000000 0.000000
0.000000 0.000000 0.000000 0.000000 0.000000 0.000000
0.000000 0.000000 0.000000 0.000000 0.000000 0.000000
0.000000 0.000000 0.000000 0.000000 0.000000 0.000000
0.000000 0.000000 0.000000 0.000000 0.000000 0.000000
0.000000 0.000000 0.000000 0.000000 0.000000 0.000000
0.000000 0.000000 0.000000 0.000000 0.000000 0.000000
0.000000 0.000000 0.000000 0.000000 0.000000 0.000000
0.000000 0.000000 0.000000 0.000000 0.000000 0.000000
0.000000 0.000000 0.000000 0.000000 0.000000 0.000000
0.000000 0.000000 0.000000 0.000000 0.000000 0.000000
0.000000 0.000000 0.000000 0.000000 0.000000 0.000000
0.000000 0.000000 0.000000 0.000000 0.000000 0.000000
0.000000 0.000000 0.000000 0.000000 0.000000 0.000000
0.000000 0.000000 0.000000 0.000000 0.000000 0.000000
0.000000 0.000000 0.000000 0.000000 0.000000 0.000000
0.000000 0.000000 0.000000 0.000000 0.000000 0.000000
0.000000 0.000000 0.000000 0.000000 0.000000 0.000000
0.000000 0.000000 0.000000 0.000000 0.000000 0.000000
0.036635 0.086727 -0.072649 1.000000 0.000000 0.000000
0.033150 0.089994 -0.077108 1.000000 0.000000 0.000000
0.033148 0.083461 -0.077108 1.000000 0.000000 0.000000
0.036634 0.080194 -0.072649 1.000000 0.000000 0.000000
0.033147 0.076927 -0.077108 1.000000 0.000000 0.000000
0.033146 0.070394 -0.077108 1.000000 0.000000 0.000000
0.000000 0.000000 0.000000 0.000000 0.000000 0.000000
0.036632 0.073661 -0.072649 1.000000 0.000000 0.000000
0.040119 0.076926 -0.068190 1.000000 0.000000 0.000000
0.043604 0.080192 -0.063733 1.000000 0.000000 0.000000
0.000000 0.000000 0.000000 0.000000 0.000000 0.000000
0.040121 0.083460 -0.068190 1.000000 0.000000 0.000000
0.046065 0.066727 -0.060582 1.000000 0.000000 0.000000
0.046066 0.073262 -0.060582 1.000000 0.000000 0.000000
0.042581 0.069996 -0.065039 1.000000 0.000000 0.000000
0.042580 0.063461 -0.065039 1.000000 0.000000 0.000000
0.039095 0.066730 -0.069497 1.000000 0.000000 0.000000
0.035610 0.063464 -0.073954 1.000000 0.000000 0.000000
0.000000 0.000000 0.000000 0.000000 0.000000 0.000000
0.039095 0.060195 -0.069496 1.000000 0.000000 0.000000
0.042579 0.056926 -0.065038 1.000000 0.000000 0.000000
0.046063 0.053659 -0.060581 1.000000 0.000000 0.000000
0.000000 0.000000 0.000000 0.000000 0.000000 0.000000
0.046065 0.060192 -0.060580 1.000000 0.000000 0.000000
0.040111 0.043463 -0.068192 1.000000 0.000000 0.000000
0.043597 0.046731 -0.063733 1.000000 0.000000 0.000000
0.040113 0.049998 -0.068191 1.000000 0.000000 0.000000
0.036627 0.046730 -0.072649 1.000000 0.000000 0.000000
0.036628 0.053266 -0.072649 1.000000 0.000000 0.000000
0.033144 0.056533 -0.077106 1.000000 0.000000 0.000000
0.000000 0.000000 0.000000 0.000000 0.000000 0.000000
0.033143 0.049998 -0.077106 1.000000 0.000000 0.000000
0.033140 0.043463 -0.077107 1.000000 0.000000 0.000000
0.033139 0.036930 -0.077107 1.000000 0.000000 0.000000
0.000000 0.000000 0.000000 0.000000 0.000000 0.000000
0.036625 0.040195 -0.072650 1.000000 0.000000 0.000000
0.046058 0.033263 -0.060582 1.000000 0.000000 0.000000
0.046059 0.039799 -0.060582 1.000000 0.000000 0.000000
0.042574 0.036533 -0.065039 1.000000 0.000000 0.000000
0.042573 0.029998 -0.065039 1.000000 0.000000 0.000000
0.039088 0.033266 -0.069497 1.000000 0.000000 0.000000
0.035602 0.030001 -0.073954 1.000000 0.000000 0.000000
0.000000 0.000000 0.000000 0.000000 0.000000 0.000000
0.039087 0.026732 -0.069496 1.000000 0.000000 0.000000
0.042572 0.023462 -0.065038 1.000000 0.000000 0.000000
0.046056 0.020196 -0.060581 1.000000 0.000000 0.000000
0.000000 0.000000 0.000000 0.000000 0.000000 0.000000
0.046058 0.026729 -0.060580 1.000000 0.000000 0.000000
0.040103 0.010000 -0.068192 1.000000 0.000000 0.000000
0.043590 0.013267 -0.063733 1.000000 0.000000 0.000000
0.040106 0.016535 -0.068191 1.000000 0.000000 0.000000
0.036619 0.013267 -0.072649 1.000000 0.000000 0.000000
0.036621 0.019802 -0.072649 1.000000 0.000000 0.000000
0.033137 0.023070 -0.077106 1.000000 0.000000 0.000000
0.000000 0.000000 0.000000 0.000000 0.000000 0.000000
0.033135 0.016534 -0.077106 1.000000 0.000000 0.000000
0.033133 0.010000 -0.077107 1.000000 0.000000 0.000000
0.033132 0.003467 -0.077107 1.000000 0.000000 0.000000
0.000000 0.000000 0.000000 0.000000 0.000000 0.000000
0.036618 0.006732 -0.072650 1.000000 0.000000 0.000000
0.000000 0.000000 0.000000 0.000000 0.000000 0.000000
0.000000 0.000000 0.000000 0.000000 0.000000 0.000000
0.000000 0.000000 0.000000 0.000000 0.000000 0.000000
0.000000 0.000000 0.000000 0.000000 0.000000 0.000000
0.000000 0.000000 0.000000 0.000000 0.000000 0.000000
0.000000 0.000000 0.000000 0.000000 0.000000 0.000000
0.000000 0.000000 0.000000 0.000000 0.000000 0.000000
0.000000 0.000000 0.000000 0.000000 0.000000 0.000000
0.000000 0.000000 0.000000 0.000000 0.000000 0.000000
0.000000 0.000000 0.000000 0.000000 0.000000 0.000000
0.000000 0.000000 0.000000 0.000000 0.000000 0.000000
0.000000 0.000000 0.000000 0.000000 0.000000 0.000000
0.000000 0.000000 0.000000 0.000000 0.000000 0.000000
0.000000 0.000000 0.000000 0.000000 0.000000 0.000000
0.000000 0.000000 0.000000 0.000000 0.000000 0.000000
0.000000 0.000000 0.000000 0.000000 0.000000 0.000000
0.000000 0.000000 0.000000 0.000000 0.000000 0.000000
0.000000 0.000000 0.000000 0.000000 0.000000 0.000000
0.000000 0.000000 0.000000 0.000000 0.000000 0.000000
0.000000 0.000000 0.000000 0.000000 0.000000 0.000000
0.000000 0.000000 0.000000 0.000000 0.000000 0.000000
0.000000 0.000000 0.000000 0.000000 0.000000 0.000000
0.000000 0.000000 0.000000 0.000000 0.000000 0.000000
0.000000 0.000000 0.000000 0.000000 0.000000 0.000000
0.000000 0.000000 0.000000 0.000000 0.000000 0.000000
0.000000 0.000000 0.000000 0.000000 0.000000 0.000000
0.000000 0.000000 0.000000 0.000000 0.000000 0.000000
0.000000 0.000000 0.000000 0.000000 0.000000 0.000000
0.000000 0.000000 0.000000 0.000000 0.000000 0.000000
0.000000 0.000000 0.000000 0.000000 0.000000 0.000000
0.000000 0.000000 0.000000 0.000000 0.000000 0.000000
0.000000 0.000000 0.000000 0.000000 0.000000 0.000000
0.000000 0.000000 0.000000 0.000000 0.000000 0.000000
0.000000 0.000000 0.000000 0.000000 0.000000 0.000000
0.000000 0.000000 0.000000 0.000000 0.000000 0.000000
0.000000 0.000000 0.000000 0.000000 0.000000 0.000000
0.000000 0.000000 0.000000 0.000000 0.000000 0.000000
0.000000 0.000000 0.000000 0.000000 0.000000 0.000000
0.000000 0.000000 0.000000 0.000000 0.000000 0.000000
0.000000 0.000000 0.000000 0.000000 0.000000 0.000000
0.000000 0.000000 0.000000 0.000000 0.000000 0.000000
0.000000 0.000000 0.000000 0.000000 0.000000 0.000000
0.000000 0.000000 0.000000 0.000000 0.000000 0.000000
0.000000 0.000000 0.000000 0.000000 0.000000 0.000000
0.000000 0.000000 0.000000 0.000000 0.000000 0.000000
0.000000 0.000000 0.000000 0.000000 0.000000 0.000000
0.000000 0.000000 0.000000 0.000000 0.000000 0.000000
0.000000 0.000000 0.000000 0.000000 0.000000 0.000000
0.000000 0.000000 0.000000 0.000000 0.000000 0.000000
0.000000 0.000000 0.000000 0.000000 0.000000 0.000000
0.000000 0.000000 0.000000 0.000000 0.000000 0.000000
0.000000 0.000000 0.000000 0.000000 0.000000 0.000000
0.000000 0.000000 0.000000 0.000000 0.000000 0.000000
0.000000 0.000000 0.000000 0.000000 0.000000 0.000000
0.000000 0.000000 0.000000 0.000000 0.000000 0.000000
0.000000 0.000000 0.000000 0.000000 0.000000 0.000000
0.000000 0.000000 0.000000 0.000000 0.000000 0.000000
0.000000 0.000000 0.000000 0.000000 0.000000 0.000000
0.000000 0.000000 0.000000 0.000000 0.000000 0.000000
0.000000 0.000000 0.000000 0.000000 0.000000 0.000000
0.000000 0.000000 0.000000 0.000000 0.000000 0.000000
0.000000 0.000000 0.000000 0.000000 0.000000 0.000000
0.000000 0.000000 0.000000 0.000000 0.000000 0.000000
0.000000 0.000000 0.000000 0.000000 0.000000 0.000000
0.000000 0.000000 0.000000 0.000000 0.000000 0.000000
0.000000 0.000000 0.000000 0.000000 0.000000 0.000000
0.000000 0.000000 0.000000 0.000000 0.000000 0.000000
0.000000 0.000000 0.000000 0.000000 0.000000 0.000000
0.000000 0.000000 0.000000 0.000000 0.000000 0.000000
0.000000 0.000000 0.000000 0.000000 0.000000 0.000000
0.000000 0.000000 0.000000 0.000000 0.000000 0.000000
0.000000 0.000000 0.000000 0.000000 0.000000 0.000000
0.000000 0.000000 0.000000 0.000000 0.000000 0.000000
0.000000 0.000000 0.000000 0.000000 0.000000 0.000000
0.000000 0.000000 0.000000 0.000000 0.000000 0.000000
0.000000 0.000000 0.000000 0.000000 0.000000 0.000000
0.000000 0.000000 0.000000 0.000000 0.000000 0.000000
0.000000 0.000000 0.000000 0.000000 0.000000 0.000000
0.000000 0.000000 0.000000 0.000000 0.000000 0.000000
0.000000 0.000000 0.000000 0.000000 0.000000 0.000000
0.000000 0.000000 0.000000 0.000000 0.000000 0.000000
0.000000 0.000000 0.000000 0.000000 0.000000 0.000000
0.000000 0.000000 0.000000 0.000000 0.000000 0.000000
0.000000 0.000000 0.000000 0.000000 0.000000 0.000000
0.000000 0.000000 0.000000 0.000000 0.000000 0.000000
0.000000 0.000000 0.000000 0.000000 0.000000 0.000000
0.000000 0.000000 0.000000 0.000000 0.000000 0.000000
0.000000 0.000000 0.000000 0.000000 0.000000 0.000000
0.000000 0.000000 0.000000 0.000000 0.000000 0.000000
0.000000 0.000000 0.000000 0.000000 0.000000 0.000000
0.000000 0.000000 0.000000 0.000000 0.000000 0.000000
0.000000 0.000000 0.000000 0.000000 0.000000 0.000000
0.000000 0.000000 0.000000 0.000000 0.000000 0.000000
0.000000 0.000000 0.000000 0.000000 0.000000 0.000000
0.000000 0.000000 0.000000 0.000000 0.000000 0.000000
0.000000 0.000000 0.000000 0.000000 0.000000 0.000000
0.000000 0.000000 0.000000 0.000000 0.000000 0.000000
0.000000 0.000000 0.000000 0.000000 0.000000 0.000000
0.000000 0.000000 0.000000 0.000000 0.000000 0.000000
0.000000 0.000000 0.000000 0.000000 0.000000 0.000000
0.000000 0.000000 0.000000 0.000000 0.000000 0.000000
0.000000 0.000000 0.000000 0.000000 0.000000 0.000000
0.000000 0.000000 0.000000 0.000000 0.000000 0.000000
0.000000 0.000000 0.000000 0.000000 0.000000 0.000000
0.000000 0.000000 0.000000 0.000000 0.000000 0.000000
0.000000 0.000000 0.000000 0.000000 0.000000 0.000000
0.000000 0.000000 0.000000 0.000000 0.000000 0.000000
0.000000 0.000000 0.000000 0.000000 0.000000 0.000000
0.045993 0.095396 -0.034325 1.000000 0.000000 0.000000
0.048252 0.098661 -0.039516 1.000000 0.000000 0.000000
0.048452 0.092131 -0.039423 1.000000 0.000000 0.000000
0.046192 0.088867 -0.034232 1.000000 0.000000 0.000000
0.048652 0.085601 -0.039331 1.000000 0.000000 0.000000
0.048852 0.079072 -0.039239 1.000000 0.000000 0.000000
0.000000 0.000000 0.000000 0.000000 0.000000 0.000000
0.046392 0.082337 -0.034140 1.000000 0.000000 0.000000
0.043933 0.085602 -0.029041 1.000000 0.000000 0.000000
0.041475 0.088868 -0.023946 1.000000 0.000000 0.000000
0.000000 0.000000 0.000000 0.000000 0.000000 0.000000
0.043733 0.092132 -0.029134 1.000000 0.000000 0.000000
0.039838 0.075437 -0.020293 1.000000 0.000000 0.000000
0.039840 0.081972 -0.020294 1.000000 0.000000 0.000000
0.042197 0.078705 -0.025437 1.000000 0.000000 0.000000
0.042196 0.072170 -0.025436 1.000000 0.000000 0.000000
0.044555 0.075437 -0.030581 1.000000 0.000000 0.000000
0.046912 0.072170 -0.035724 1.000000 0.000000 0.000000
0.000000 0.000000 0.000000 0.000000 0.000000 0.000000
0.044553 0.068903 -0.030579 1.000000 0.000000 0.000000
0.042194 0.065634 -0.025436 1.000000 0.000000 0.000000
0.039835 0.062369 -0.020293 1.000000 0.000000 0.000000
0.000000 0.000000 0.000000 0.000000 0.000000 0.000000
0.039836 0.068902 -0.020292 1.000000 0.000000 0.000000
0.028666 0.078705 -0.012689 1.000000 0.000000 0.000000
0.033126 0.081972 -0.016175 1.000000 0.000000 0.000000
0.033125 0.075439 -0.016175 1.000000 0.000000 0.000000
0.028665 0.072172 -0.012689 1.000000 0.000000 0.000000
0.033123 0.068905 -0.016175 1.000000 0.000000 0.000000
0.033122 0.062372 -0.016175 1.000000 0.000000 0.000000
0.000000 0.000000 0.000000 0.000000 0.000000 0.000000
0.028664 0.065639 -0.012689 1.000000 0.000000 0.000000
0.024205 0.068906 -0.009203 1.000000 0.000000 0.000000
0.019749 0.072174 -0.005718 1.000000 0.000000 0.000000
0.000000 0.000000 0.000000 0.000000 0.000000 0.000000
0.024207 0.075440 -0.009203 1.000000 0.000000 0.000000
0.016594 0.058710 -0.003254 1.000000 0.000000 0.000000
0.016596 0.065245 -0.003255 1.000000 0.000000 0.000000
0.021053 0.061977 -0.006739 1.000000 0.000000 0.000000
0.021051 0.055442 -0.006739 1.000000 0.000000 0.000000
0.025510 0.058709 -0.010225 1.000000 0.000000 0.000000
0.029967 0.055442 -0.013709 1.000000 0.000000 0.000000
0.000000 0.000000 0.000000 0.000000 0.000000 0.000000
0.025507 0.052175 -0.010224 1.000000 0.000000 0.000000
0.021049 0.048907 -0.006738 1.000000 0.000000 0.000000
0.016591 0.045642 -0.003254 1.000000 0.000000 0.000000
0.000000 0.000000 0.000000 0.000000 0.000000 0.000000
0.016592 0.052175 -0.003253 1.000000 0.000000 0.000000
0.024200 0.035443 -0.009204 1.000000 0.000000 0.000000
0.019742 0.038712 -0.005718 1.000000 0.000000 0.000000
0.024200 0.041978 -0.009203 1.000000 0.000000 0.000000
0.028658 0.038708 -0.012689 1.000000 0.000000 0.000000
0.028659 0.045244 -0.012688 1.000000 0.000000 0.000000
0.033117 0.048509 -0.016173 1.000000 0.000000 0.000000
0.000000 0.000000 0.000000 0.000000 0.000000 0.000000
0.033116 0.041974 -0.016174 1.000000 0.000000 0.000000
0.033116 0.035439 -0.016174 1.000000 0.000000 0.000000
0.033113 0.028907 -0.016174 1.000000 0.000000 0.000000
0.000000 0.000000 0.000000 0.000000 0.000000 0.000000
0.028657 0.032173 -0.012689 1.000000 0.000000 0.000000
0.016585 0.025247 -0.003252 1.000000 0.000000 0.000000
0.016587 0.031783 -0.003252 1.000000 0.000000 0.000000
0.021043 0.028515 -0.006737 1.000000 0.000000 0.000000
0.021041 0.021980 -0.006737 1.000000 0.000000 0.000000
0.025500 0.025247 -0.010222 1.000000 0.000000 0.000000
0.029957 0.021980 -0.013707 1.000000 0.000000 0.000000
0.000000 0.000000 0.000000 0.000000 0.000000 0.000000
0.025498 0.018712 -0.010222 1.000000 0.000000 0.000000
0.021039 0.015445 -0.006736 1.000000 0.000000 0.000000
0.016581 0.012180 -0.003252 1.000000 0.000000 0.000000
0.000000 0.000000 0.000000 0.000000 0.000000 0.000000
0.016582 0.018713 -0.003251 1.000000 0.000000 0.000000
0.023374 0.000987 -0.008616 1.000000 0.000000 0.000000
0.018933 0.004256 -0.005109 1.000000 0.000000 0.000000
0.023408 0.007522 -0.008573 1.000000 0.000000 0.000000
0.027848 0.004253 -0.012080 1.000000 0.000000 0.000000
0.027882 0.010788 -0.012037 1.000000 0.000000 0.000000
0.032357 0.014053 -0.015501 1.000000 0.000000 0.000000
0.000000 0.000000 0.000000 0.000000 0.000000 0.000000
0.032323 0.007518 -0.015544 1.000000 0.000000 0.000000
0.032289 0.000984 -0.015587 1.000000 0.000000 0.000000
0.032254 -0.005549 -0.015629 1.000000 0.000000 0.000000
0.000000 0.000000 0.000000 0.000000 0.000000 0.000000
0.027814 -0.002282 -0.012123 1.000000 0.000000 0.000000
0.042026 -0.001266 -0.025507 1.000000 0.000000 0.000000
0.039596 -0.004532 -0.020394 1.000000 0.000000 0.000000
0.039736 0.001999 -0.020330 1.000000 0.000000 0.000000
0.042166 0.005265 -0.025443 1.000000 0.000000 0.000000
0.039877 0.008531 -0.020267 1.000000 0.000000 0.000000
0.040017 0.015063 -0.020203 1.000000 0.000000 0.000000
0.000000 0.000000 0.000000 0.000000 0.000000 0.000000
0.042306 0.011796 -0.025380 1.000000 0.000000 0.000000
0.044595 0.008530 -0.030556 1.000000 0.000000 0.000000
0.046883 0.005264 -0.035730 1.000000 0.000000 0.000000
0.000000 0.000000 0.000000 0.000000 0.000000 0.000000
0.044455 0.001998 -0.030620 1.000000 0.000000 0.000000
0.043852 0.018707 -0.029075 1.000000 0.000000 0.000000
0.041494 0.021975 -0.023930 1.000000 0.000000 0.000000
0.043853 0.025241 -0.029073 1.000000 0.000000 0.000000
0.046211 0.021973 -0.034217 1.000000 0.000000 0.000000
0.046212 0.028508 -0.034217 1.000000 0.000000 0.000000
0.048571 0.031774 -0.039360 1.000000 0.000000 0.000000
0.000000 0.000000 0.000000 0.000000 0.000000 0.000000
0.048570 0.025239 -0.039360 1.000000 0.000000 0.000000
0.048569 0.018704 -0.039362 1.000000 0.000000 0.000000
0.048567 0.012171 -0.039361 1.000000 0.000000 0.000000
0.000000 0.000000 0.000000 0.000000 0.000000 0.000000
0.046210 0.015437 -0.034218 1.000000 0.000000 0.000000
0.000000 0.000000 0.000000 0.000000 0.000000 0.000000
0.000000 0.000000 0.000000 0.000000 0.000000 0.000000
0.000000 0.000000 0.000000 0.000000 0.000000 0.000000
0.000000 0.000000 0.000000 0.000000 0.000000 0.000000
0.000000 0.000000 0.000000 0.000000 0.000000 0.000000
0.000000 0.000000 0.000000 0.000000 0.000000 0.000000
0.000000 0.000000 0.000000 0.000000 0.000000 0.000000
0.000000 0.000000 0.000000 0.000000 0.000000 0.000000
0.000000 0.000000 0.000000 0.000000 0.000000 0.000000
0.000000 0.000000 0.000000 0.000000 0.000000 0.000000
0.000000 0.000000 0.000000 0.000000 0.000000 0.000000
0.000000 0.000000 0.000000 0.000000 0.000000 0.000000
0.000000 0.000000 0.000000 0.000000 0.000000 0.000000
0.000000 0.000000 0.000000 0.000000 0.000000 0.000000
0.000000 0.000000 0.000000 0.000000 0.000000 0.000000
0.000000 0.000000 0.000000 0.000000 0.000000 0.000000
0.000000 0.000000 0.000000 0.000000 0.000000 0.000000
0.000000 0.000000 0.000000 0.000000 0.000000 0.000000
0.000000 0.000000 0.000000 0.000000 0.000000 0.000000
0.000000 0.000000 0.000000 0.000000 0.000000 0.000000
0.000000 0.000000 0.000000 0.000000 0.000000 0.000000
0.000000 0.000000 0.000000 0.000000 0.000000 0.000000
0.000000 0.000000 0.000000 0.000000 0.000000 0.000000
0.000000 0.000000 0.000000 0.000000 0.000000 0.000000
0.000000 0.000000 0.000000 0.000000 0.000000 0.000000
0.000000 0.000000 0.000000 0.000000 0.000000 0.000000
0.000000 0.000000 0.000000 0.000000 0.000000 0.000000
0.000000 0.000000 0.000000 0.000000 0.000000 0.000000
0.000000 0.000000 0.000000 0.000000 0.000000 0.000000
0.000000 0.000000 0.000000 0.000000 0.000000 0.000000
0.000000 0.000000 0.000000 0.000000 0.000000 0.000000
0.000000 0.000000 0.000000 0.000000 0.000000 0.000000
0.000000 0.000000 0.000000 0.000000 0.000000 0.000000
0.000000 0.000000 0.000000 0.000000 0.000000 0.000000
0.000000 0.000000 0.000000 0.000000 0.000000 0.000000
0.000000 0.000000 0.000000 0.000000 0.000000 0.000000
0.043859 0.052171 -0.029075 1.000000 0.000000 0.000000
0.041501 0.055439 -0.023930 1.000000 0.000000 0.000000
0.043860 0.058705 -0.029073 1.000000 0.000000 0.000000
0.046218 0.055437 -0.034217 1.000000 0.000000 0.000000
0.046219 0.061972 -0.034217 1.000000 0.000000 0.000000
0.048578 0.065238 -0.039360 1.000000 0.000000 0.000000
0.000000 0.000000 0.000000 0.000000 0.000000 0.000000
0.048577 0.058703 -0.039360 1.000000 0.000000 0.000000
0.048576 0.052168 -0.039362 1.000000 0.000000 0.000000
0.048574 0.045635 -0.039361 1.000000 0.000000 0.000000
0.000000 0.000000 0.000000 0.000000 0.000000 0.000000
0.046217 0.048901 -0.034218 1.000000 0.000000 0.000000
0.039727 0.041973 -0.020066 1.000000 0.000000 0.000000
0.039729 0.048508 -0.020067 1.000000 0.000000 0.000000
0.042086 0.045241 -0.025210 1.000000 0.000000 0.000000
0.042084 0.038706 -0.025209 1.000000 0.000000 0.000000
0.044443 0.041973 -0.030353 1.000000 0.000000 0.000000
0.046801 0.038706 -0.035496 1.000000 0.000000 0.000000
0.000000 0.000000 0.000000 0.000000 0.000000 0.000000
0.044441 0.035439 -0.030352 1.000000 0.000000 0.000000
0.042082 0.032170 -0.025208 1.000000 0.000000 0.000000
0.039724 0.028905 -0.020065 1.000000 0.000000 0.000000
0.000000 0.000000 0.000000 0.000000 0.000000 0.000000
0.039725 0.035438 -0.020065 1.000000 0.000000 0.000000
0.000000 0.000000 0.000000 0.000000 0.000000 0.000000
0.000000 0.000000 0.000000 0.000000 0.000000 0.000000
0.000000 0.000000 0.000000 0.000000 0.000000 0.000000
0.000000 0.000000 0.000000 0.000000 0.000000 0.000000
0.000000 0.000000 0.000000 0.000000 0.000000 0.000000
0.000000 0.000000 0.000000 0.000000 0.000000 0.000000
0.000000 0.000000 0.000000 0.000000 0.000000 0.000000
0.000000 0.000000 0.000000 0.000000 0.000000 0.000000
0.000000 0.000000 0.000000 0.000000 0.000000 0.000000
0.000000 0.000000 0.000000 0.000000 0.000000 0.000000
0.000000 0.000000 0.000000 0.000000 0.000000 0.000000
0.000000 0.000000 0.000000 0.000000 0.000000 0.000000
0.000000 0.000000 0.000000 0.000000 0.000000 0.000000
0.000000 0.000000 0.000000 0.000000 0.000000 0.000000
0.000000 0.000000 0.000000 0.000000 0.000000 0.000000
0.000000 0.000000 0.000000 0.000000 0.000000 0.000000
0.000000 0.000000 0.000000 0.000000 0.000000 0.000000
0.000000 0.000000 0.000000 0.000000 0.000000 0.000000
0.000000 0.000000 0.000000 0.000000 0.000000 0.000000
0.000000 0.000000 0.000000 0.000000 0.000000 0.000000
0.000000 0.000000 0.000000 0.000000 0.000000 0.000000
0.000000 0.000000 0.000000 0.000000 0.000000 0.000000
0.000000 0.000000 0.000000 0.000000 0.000000 0.000000
0.000000 0.000000 0.000000 0.000000 0.000000 0.000000
-0.014214 -0.001382 -0.069475 1.000000 0.000000 0.000000
-0.009010 -0.004650 -0.071698 1.000000 0.000000 0.000000
-0.009022 0.001883 -0.071728 1.000000 0.000000 0.000000
-0.014226 0.005151 -0.069506 1.000000 0.000000 0.000000
-0.009033 0.008416 -0.071759 1.000000 0.000000 0.000000
-0.009045 0.014949 -0.071790 1.000000 0.000000 0.000000
0.000000 0.000000 0.000000 0.000000 0.000000 0.000000
-0.014238 0.011684 -0.069536 1.000000 0.000000 0.000000
-0.019431 0.008419 -0.067283 1.000000 0.000000 0.000000
-0.024621 0.005153 -0.065031 1.000000 0.000000 0.000000
0.000000 0.000000 0.000000 0.000000 0.000000 0.000000
-0.019419 0.001885 -0.067252 1.000000 0.000000 0.000000
-0.026628 0.018614 -0.060862 1.000000 0.000000 0.000000
-0.026629 0.012079 -0.060862 1.000000 0.000000 0.000000
-0.022171 0.015344 -0.064347 1.000000 0.000000 0.000000
-0.022170 0.021880 -0.064347 1.000000 0.000000 0.000000
-0.017712 0.018610 -0.067832 1.000000 0.000000 0.000000
-0.013254 0.021876 -0.071317 1.000000 0.000000 0.000000
0.000000 0.000000 0.000000 0.000000 0.000000 0.000000
-0.017712 0.025145 -0.067831 1.000000 0.000000 0.000000
-0.022169 0.028415 -0.064346 1.000000 0.000000 0.000000
-0.026625 0.031681 -0.060861 1.000000 0.000000 0.000000
0.000000 0.000000 0.000000 0.000000 0.000000 0.000000
-0.026628 0.025149 -0.060861 1.000000 0.000000 0.000000
0.000000 0.000000 0.000000 0.000000 0.000000 0.000000
0.000000 0.000000 0.000000 0.000000 0.000000 0.000000
0.000000 0.000000 0.000000 0.000000 0.000000 0.000000
0.000000 0.000000 0.000000 0.000000 0.000000 0.000000
0.000000 0.000000 0.000000 0.000000 0.000000 0.000000
0.000000 0.000000 0.000000 0.000000 0.000000 0.000000
0.000000 0.000000 0.000000 0.000000 0.000000 0.000000
0.000000 0.000000 0.000000 0.000000 0.000000 0.000000
0.000000 0.000000 0.000000 0.000000 0.000000 0.000000
0.000000 0.000000 0.000000 0.000000 0.000000 0.000000
0.000000 0.000000 0.000000 0.000000 0.000000 0.000000
0.000000 0.000000 0.000000 0.000000 0.000000 0.000000
0.000000 0.000000 0.000000 0.000000 0.000000 0.000000
0.000000 0.000000 0.000000 0.000000 0.000000 0.000000
0.000000 0.000000 0.000000 0.000000 0.000000 0.000000
0.000000 0.000000 0.000000 0.000000 0.000000 0.000000
0.000000 0.000000 0.000000 0.000000 0.000000 0.000000
0.000000 0.000000 0.000000 0.000000 0.000000 0.000000
0.000000 0.000000 0.000000 0.000000 0.000000 0.000000
0.000000 0.000000 0.000000 0.000000 0.000000 0.000000
0.000000 0.000000 0.000000 0.000000 0.000000 0.000000
0.000000 0.000000 0.000000 0.000000 0.000000 0.000000
0.000000 0.000000 0.000000 0.000000 0.000000 0.000000
0.000000 0.000000 0.000000 0.000000 0.000000 0.000000
0.000000 0.000000 0.000000 0.000000 0.000000 0.000000
0.000000 0.000000 0.000000 0.000000 0.000000 0.000000
0.000000 0.000000 0.000000 0.000000 0.000000 0.000000
0.000000 0.000000 0.000000 0.000000 0.000000 0.000000
0.000000 0.000000 0.000000 0.000000 0.000000 0.000000
0.000000 0.000000 0.000000 0.000000 0.000000 0.000000
0.000000 0.000000 0.000000 0.000000 0.000000 0.000000
0.000000 0.000000 0.000000 0.000000 0.000000 0.000000
0.000000 0.000000 0.000000 0.000000 0.000000 0.000000
0.000000 0.000000 0.000000 0.000000 0.000000 0.000000
0.000000 0.000000 0.000000 0.000000 0.000000 0.000000
0.000000 0.000000 0.000000 0.000000 0.000000 0.000000
0.000000 0.000000 0.000000 0.000000 0.000000 0.000000
0.000000 0.000000 0.000000 0.000000 0.000000 0.000000
0.000000 0.000000 0.000000 0.000000 0.000000 0.000000
0.000000 0.000000 0.000000 0.000000 0.000000 0.000000
0.000000 0.000000 0.000000 0.000000 0.000000 0.000000
0.000000 0.000000 0.000000 0.000000 0.000000 0.000000
0.000000 0.000000 0.000000 0.000000 0.000000 0.000000
0.000000 0.000000 0.000000 0.000000 0.000000 0.000000
0.000000 0.000000 0.000000 0.000000 0.000000 0.000000
0.000000 0.000000 0.000000 0.000000 0.000000 0.000000
0.000000 0.000000 0.000000 0.000000 0.000000 0.000000
0.000000 0.000000 0.000000 0.000000 0.000000 0.000000
0.007230 0.092057 -0.078690 1.000000 0.000000 0.000000
0.002016 0.088790 -0.076487 1.000000 0.000000 0.000000
0.007202 0.085523 -0.078748 1.000000 0.000000 0.000000
0.012415 0.088790 -0.080951 1.000000 0.000000 0.000000
0.012388 0.082255 -0.081010 1.000000 0.000000 0.000000
0.017574 0.078988 -0.083271 1.000000 0.000000 0.000000
0.000000 0.000000 0.000000 0.000000 0.000000 0.000000
0.017601 0.085522 -0.083212 1.000000 0.000000 0.000000
0.017629 0.092057 -0.083154 1.000000 0.000000 0.000000
0.017655 0.098589 -0.083095 1.000000 0.000000 0.000000
0.000000 0.000000 0.000000 0.000000 0.000000 0.000000
0.012443 0.095325 -0.080893 1.000000 0.000000 0.000000
0.000000 0.000000 0.000000 0.000000 0.000000 0.000000
0.000000 0.000000 0.000000 0.000000 0.000000 0.000000
0.000000 0.000000 0.000000 0.000000 0.000000 0.000000
0.000000 0.000000 0.000000 0.000000 0.000000 0.000000
0.000000 0.000000 0.000000 0.000000 0.000000 0.000000
0.000000 0.000000 0.000000 0.000000 0.000000 0.000000
0.000000 0.000000 0.000000 0.000000 0.000000 0.000000
0.000000 0.000000 0.000000 0.000000 0.000000 0.000000
0.000000 0.000000 0.000000 0.000000 0.000000 0.000000
0.000000 0.000000 0.000000 0.000000 0.000000 0.000000
0.000000 0.000000 0.000000 0.000000 0.000000 0.000000
0.000000 0.000000 0.000000 0.000000 0.000000 0.000000
-0.019411 0.075341 -0.067274 1.000000 0.000000 0.000000
-0.024610 0.072074 -0.065038 1.000000 0.000000 0.000000
-0.019414 0.068806 -0.067273 1.000000 0.000000 0.000000
-0.014214 0.072073 -0.069510 1.000000 0.000000 0.000000
-0.014216 0.065538 -0.069509 1.000000 0.000000 0.000000
-0.009019 0.062271 -0.071745 1.000000 0.000000 0.000000
0.000000 0.000000 0.000000 0.000000 0.000000 0.000000
-0.009017 0.068806 -0.071745 1.000000 0.000000 0.000000
-0.009014 0.075340 -0.071746 1.000000 0.000000 0.000000
-0.009014 0.081873 -0.071745 1.000000 0.000000 0.000000
0.000000 0.000000 0.000000 0.000000 0.000000 0.000000
-0.014212 0.078609 -0.069510 1.000000 0.000000 0.000000
0.003536 0.078603 -0.077143 1.000000 0.000000 0.000000
-0.001663 0.081871 -0.074907 1.000000 0.000000 0.000000
-0.001664 0.075338 -0.074907 1.000000 0.000000 0.000000
0.003534 0.072070 -0.077143 1.000000 0.000000 0.000000
-0.001666 0.068804 -0.074907 1.000000 0.000000 0.000000
-0.001667 0.062271 -0.074907 1.000000 0.000000 0.000000
0.000000 0.000000 0.000000 0.000000 0.000000 0.000000
0.003533 0.065537 -0.077143 1.000000 0.000000 0.000000
0.008733 0.068801 -0.079380 1.000000 0.000000 0.000000
0.013931 0.072067 -0.081615 1.000000 0.000000 0.000000
0.000000 0.000000 0.000000 0.000000 0.000000 0.000000
0.008735 0.075335 -0.079380 1.000000 0.000000 0.000000
0.017603 0.058601 -0.083195 1.000000 0.000000 0.000000
0.017604 0.065136 -0.083195 1.000000 0.000000 0.000000
0.012406 0.061871 -0.080960 1.000000 0.000000 0.000000
0.012405 0.055336 -0.080960 1.000000 0.000000 0.000000
0.007207 0.058605 -0.078724 1.000000 0.000000 0.000000
0.002009 0.055340 -0.076489 1.000000 0.000000 0.000000
0.000000 0.000000 0.000000 0.000000 0.000000 0.000000
0.007207 0.052070 -0.078725 1.000000 0.000000 0.000000
0.012404 0.048800 -0.080960 1.000000 0.000000 0.000000
0.017601 0.045534 -0.083196 1.000000 0.000000 0.000000
0.000000 0.000000 0.000000 0.000000 0.000000 0.000000
0.017603 0.052066 -0.083196 1.000000 0.000000 0.000000
0.008724 0.035338 -0.079379 1.000000 0.000000 0.000000
0.013924 0.038605 -0.081615 1.000000 0.000000 0.000000
0.008727 0.041873 -0.079379 1.000000 0.000000 0.000000
0.003527 0.038605 -0.077143 1.000000 0.000000 0.000000
0.003529 0.045141 -0.077143 1.000000 0.000000 0.000000
-0.001667 0.048408 -0.074908 1.000000 0.000000 0.000000
0.000000 0.000000 0.000000 0.000000 0.000000 0.000000
-0.001669 0.041873 -0.074908 1.000000 0.000000 0.000000
-0.001672 0.035338 -0.074907 1.000000 0.000000 0.000000
-0.001673 0.028806 -0.074907 1.000000 0.000000 0.000000
0.000000 0.000000 0.000000 0.000000 0.000000 0.000000
0.003525 0.032070 -0.077143 1.000000 0.000000 0.000000
-0.019418 0.041877 -0.067274 1.000000 0.000000 0.000000
-0.024617 0.038610 -0.065038 1.000000 0.000000 0.000000
-0.019421 0.035342 -0.067273 1.000000 0.000000 0.000000
-0.014221 0.038609 -0.069510 1.000000 0.000000 0.000000
-0.014223 0.032074 -0.069509 1.000000 0.000000 0.000000
-0.009027 0.028806 -0.071745 1.000000 0.000000 0.000000
0.000000 0.000000 0.000000 0.000000 0.000000 0.000000
-0.009024 0.035342 -0.071745 1.000000 0.000000 0.000000
-0.009022 0.041876 -0.071746 1.000000 0.000000 0.000000
-0.009021 0.048409 -0.071745 1.000000 0.000000 0.000000
0.000000 0.000000 0.000000 0.000000 0.000000 0.000000
-0.014219 0.045145 -0.069510 1.000000 0.000000 0.000000
-0.026615 0.052149 -0.060867 1.000000 0.000000 0.000000
-0.026615 0.045614 -0.060867 1.000000 0.000000 0.000000
-0.022158 0.048880 -0.064352 1.000000 0.000000 0.000000
-0.022157 0.055415 -0.064351 1.000000 0.000000 0.000000
-0.017699 0.052146 -0.067837 1.000000 0.000000 0.000000
-0.013241 0.055411 -0.071322 1.000000 0.000000 0.000000
0.000000 0.000000 0.000000 0.000000 0.000000 0.000000
-0.017699 0.058681 -0.067836 1.000000 0.000000 0.000000
-0.022156 0.061950 -0.064351 1.000000 0.000000 0.000000
-0.026612 0.065217 -0.060866 1.000000 0.000000 0.000000
0.000000 0.000000 0.000000 0.000000 0.000000 0.000000
-0.026614 0.058684 -0.060866 1.000000 0.000000 0.000000
0.017596 0.025137 -0.083195 1.000000 0.000000 0.000000
0.017597 0.031672 -0.083195 1.000000 0.000000 0.000000
0.012399 0.028407 -0.080960 1.000000 0.000000 0.000000
0.012398 0.021872 -0.080960 1.000000 0.000000 0.000000
0.007200 0.025141 -0.078724 1.000000 0.000000 0.000000
0.002002 0.021875 -0.076489 1.000000 0.000000 0.000000
0.000000 0.000000 0.000000 0.000000 0.000000 0.000000
0.007200 0.018606 -0.078725 1.000000 0.000000 0.000000
0.012397 0.015336 -0.080960 1.000000 0.000000 0.000000
0.017594 0.012070 -0.083196 1.000000 0.000000 0.000000
0.000000 0.000000 0.000000 0.000000 0.000000 0.000000
0.017596 0.018602 -0.083196 1.000000 0.000000 0.000000
0.008730 0.001882 -0.079347 1.000000 0.000000 0.000000
0.013921 0.005149 -0.081604 1.000000 0.000000 0.000000
0.008712 0.008416 -0.079395 1.000000 0.000000 0.000000
0.003522 0.005149 -0.077138 1.000000 0.000000 0.000000
0.003503 0.011684 -0.077186 1.000000 0.000000 0.000000
-0.001705 0.014952 -0.074977 1.000000 0.000000 0.000000
0.000000 0.000000 0.000000 0.000000 0.000000 0.000000
-0.001686 0.008417 -0.074929 1.000000 0.000000 0.000000
-0.001669 0.001882 -0.074881 1.000000 0.000000 0.000000
-0.001649 -0.004650 -0.074833 1.000000 0.000000 0.000000
0.000000 0.000000 0.000000 0.000000 0.000000 0.000000
0.003540 -0.001386 -0.077090 1.000000 0.000000 0.000000
-0.003039 0.023567 0.004968 1.000000 0.000000 0.000000
0.000275 0.017945 0.004621 1.000000 0.000000 0.000000
-0.006228 0.017947 0.003993 1.000000 0.000000 0.000000
-0.009542 0.023569 0.004339 1.000000 0.000000 0.000000
-0.012732 0.017949 0.003364 1.000000 0.000000 0.000000
-0.019234 0.017951 0.002736 1.000000 0.000000 0.000000
0.000000 0.000000 0.000000 0.000000 0.000000 0.000000
-0.016045 0.023571 0.003711 1.000000 0.000000 0.000000
-0.012856 0.029191 0.004686 1.000000 0.000000 0.000000
-0.009666 0.034808 0.005661 1.000000 0.000000 0.000000
0.000000 0.000000 0.000000 0.000000 0.000000 0.000000
-0.006352 0.029189 0.005314 1.000000 0.000000 0.000000
0.000000 0.000000 0.000000 0.000000 0.000000 0.000000
0.000000 0.000000 0.000000 0.000000 0.000000 0.000000
0.000000 0.000000 0.000000 0.000000 0.000000 0.000000
0.000000 0.000000 0.000000 0.000000 0.000000 0.000000
0.000000 0.000000 0.000000 0.000000 0.000000 0.000000
0.000000 0.000000 0.000000 0.000000 0.000000 0.000000
0.000000 0.000000 0.000000 0.000000 0.000000 0.000000
0.000000 0.000000 0.000000 0.000000 0.000000 0.000000
0.000000 0.000000 0.000000 0.000000 0.000000 0.000000
0.000000 0.000000 0.000000 0.000000 0.000000 0.000000
0.000000 0.000000 0.000000 0.000000 0.000000 0.000000
0.000000 0.000000 0.000000 0.000000 0.000000 0.000000
0.000000 0.000000 0.000000 0.000000 0.000000 0.000000
0.000000 0.000000 0.000000 0.000000 0.000000 0.000000
0.000000 0.000000 0.000000 0.000000 0.000000 0.000000
0.000000 0.000000 0.000000 0.000000 0.000000 0.000000
0.000000 0.000000 0.000000 0.000000 0.000000 0.000000
0.000000 0.000000 0.000000 0.000000 0.000000 0.000000
0.000000 0.000000 0.000000 0.000000 0.000000 0.000000
0.000000 0.000000 0.000000 0.000000 0.000000 0.000000
0.000000 0.000000 0.000000 0.000000 0.000000 0.000000
0.000000 0.000000 0.000000 0.000000 0.000000 0.000000
0.000000 0.000000 0.000000 0.000000 0.000000 0.000000
0.000000 0.000000 0.000000 0.000000 0.000000 0.000000
0.000000 0.000000 0.000000 0.000000 0.000000 0.000000
0.000000 0.000000 0.000000 0.000000 0.000000 0.000000
0.000000 0.000000 0.000000 0.000000 0.000000 0.000000
0.000000 0.000000 0.000000 0.000000 0.000000 0.000000
0.000000 0.000000 0.000000 0.000000 0.000000 0.000000
0.000000 0.000000 0.000000 0.000000 0.000000 0.000000
0.000000 0.000000 0.000000 0.000000 0.000000 0.000000
0.000000 0.000000 0.000000 0.000000 0.000000 0.000000
0.000000 0.000000 0.000000 0.000000 0.000000 0.000000
0.000000 0.000000 0.000000 0.000000 0.000000 0.000000
0.000000 0.000000 0.000000 0.000000 0.000000 0.000000
0.000000 0.000000 0.000000 0.000000 0.000000 0.000000
0.000000 0.000000 0.000000 0.000000 0.000000 0.000000
0.000000 0.000000 0.000000 0.000000 0.000000 0.000000
0.000000 0.000000 0.000000 0.000000 0.000000 0.000000
0.000000 0.000000 0.000000 0.000000 0.000000 0.000000
0.000000 0.000000 0.000000 0.000000 0.000000 0.000000
0.000000 0.000000 0.000000 0.000000 0.000000 0.000000
0.000000 0.000000 0.000000 0.000000 0.000000 0.000000
0.000000 0.000000 0.000000 0.000000 0.000000 0.000000
0.000000 0.000000 0.000000 0.000000 0.000000 0.000000
0.000000 0.000000 0.000000 0.000000 0.000000 0.000000
0.000000 0.000000 0.000000 0.000000 0.000000 0.000000
0.000000 0.000000 0.000000 0.000000 0.000000 0.000000
-0.023695 -0.012141 -0.003747 1.000000 0.000000 0.000000
-0.029565 -0.012139 -0.006620 1.000000 0.000000 0.000000
-0.027195 -0.006630 -0.004030 1.000000 0.000000 0.000000
-0.021325 -0.006632 -0.001157 1.000000 0.000000 0.000000
-0.024824 -0.001120 -0.001439 1.000000 0.000000 0.000000
-0.022454 0.004390 0.001151 1.000000 0.000000 0.000000
0.000000 0.000000 0.000000 0.000000 0.000000 0.000000
-0.018955 -0.001122 0.001433 1.000000 0.000000 0.000000
-0.015455 -0.006634 0.001716 1.000000 0.000000 0.000000
-0.011958 -0.012145 0.001998 1.000000 0.000000 0.000000
0.000000 0.000000 0.000000 0.000000 0.000000 0.000000
-0.017825 -0.012144 -0.000874 1.000000 0.000000 0.000000
0.000000 0.000000 0.000000 0.000000 0.000000 0.000000
0.000000 0.000000 0.000000 0.000000 0.000000 0.000000
0.000000 0.000000 0.000000 0.000000 0.000000 0.000000
0.000000 0.000000 0.000000 0.000000 0.000000 0.000000
0.000000 0.000000 0.000000 0.000000 0.000000 0.000000
0.000000 0.000000 0.000000 0.000000 0.000000 0.000000
0.000000 0.000000 0.000000 0.000000 0.000000 0.000000
0.000000 0.000000 0.000000 0.000000 0.000000 0.000000
0.000000 0.000000 0.000000 0.000000 0.000000 0.000000
0.000000 0.000000 0.000000 0.000000 0.000000 0.000000
0.000000 0.000000 0.000000 0.000000 0.000000 0.000000
0.000000 0.000000 0.000000 0.000000 0.000000 0.000000
0.000000 0.000000 0.000000 0.000000 0.000000 0.000000
0.000000 0.000000 0.000000 0.000000 0.000000 0.000000
0.000000 0.000000 0.000000 0.000000 0.000000 0.000000
0.000000 0.000000 0.000000 0.000000 0.000000 0.000000
0.000000 0.000000 0.000000 0.000000 0.000000 0.000000
0.000000 0.000000 0.000000 0.000000 0.000000 0.000000
0.000000 0.000000 0.000000 0.000000 0.000000 0.000000
0.000000 0.000000 0.000000 0.000000 0.000000 0.000000
0.000000 0.000000 0.000000 0.000000 0.000000 0.000000
0.000000 0.000000 0.000000 0.000000 0.000000 0.000000
0.000000 0.000000 0.000000 0.000000 0.000000 0.000000
0.000000 0.000000 0.000000 0.000000 0.000000 0.000000
-0.038756 0.004386 -0.047835 1.000000 0.000000 0.000000
-0.038106 0.010044 -0.051041 1.000000 0.000000 0.000000
-0.039725 0.010044 -0.044712 1.000000 0.000000 0.000000
-0.040375 0.004387 -0.041505 1.000000 0.000000 0.000000
-0.041344 0.010044 -0.038381 1.000000 0.000000 0.000000
-0.042962 0.010045 -0.032052 1.000000 0.000000 0.000000
0.000000 0.000000 0.000000 0.000000 0.000000 0.000000
-0.041993 0.004387 -0.035176 1.000000 0.000000 0.000000
-0.041025 -0.001271 -0.038299 1.000000 0.000000 0.000000
-0.040056 -0.006926 -0.041423 1.000000 0.000000 0.000000
0.000000 0.000000 0.000000 0.000000 0.000000 0.000000
-0.039406 -0.001271 -0.044629 1.000000 0.000000 0.000000
-0.039315 -0.012131 -0.029922 1.000000 0.000000 0.000000
-0.040621 -0.012130 -0.036325 1.000000 0.000000 0.000000
-0.041204 -0.006615 -0.032872 1.000000 0.000000 0.000000
-0.039898 -0.006616 -0.026469 1.000000 0.000000 0.000000
-0.041787 -0.001099 -0.029419 1.000000 0.000000 0.000000
-0.042370 0.004416 -0.025966 1.000000 0.000000 0.000000
0.000000 0.000000 0.000000 0.000000 0.000000 0.000000
-0.040481 -0.001101 -0.023016 1.000000 0.000000 0.000000
-0.038592 -0.006617 -0.020066 1.000000 0.000000 0.000000
-0.036703 -0.012133 -0.017118 1.000000 0.000000 0.000000
0.000000 0.000000 0.000000 0.000000 0.000000 0.000000
-0.038008 -0.012133 -0.023519 1.000000 0.000000 0.000000
-0.031622 -0.004494 -0.007753 1.000000 0.000000 0.000000
-0.033286 -0.010135 -0.010601 1.000000 0.000000 0.000000
-0.035689 -0.004499 -0.012868 1.000000 0.000000 0.000000
-0.034024 0.001143 -0.010020 1.000000 0.000000 0.000000
-0.038091 0.001139 -0.015136 1.000000 0.000000 0.000000
-0.040494 0.006775 -0.017403 1.000000 0.000000 0.000000
0.000000 0.000000 0.000000 0.000000 0.000000 0.000000
-0.036426 0.006779 -0.012287 1.000000 0.000000 0.000000
-0.032360 0.006784 -0.007172 1.000000 0.000000 0.000000
-0.028294 0.006787 -0.002059 1.000000 0.000000 0.000000
0.000000 0.000000 0.000000 0.000000 0.000000 0.000000
-0.029957 0.001147 -0.004905 1.000000 0.000000 0.000000
-0.030828 0.021371 -0.005493 1.000000 0.000000 0.000000
-0.028817 0.015710 -0.002919 1.000000 0.000000 0.000000
-0.032841 0.015711 -0.008066 1.000000 0.000000 0.000000
-0.034852 0.021372 -0.010639 1.000000 0.000000 0.000000
-0.036865 0.015712 -0.013213 1.000000 0.000000 0.000000
-0.040889 0.015713 -0.018360 1.000000 0.000000 0.000000
0.000000 0.000000 0.000000 0.000000 0.000000 0.000000
-0.038876 0.021373 -0.015786 1.000000 0.000000 0.000000
-0.036863 0.027032 -0.013213 1.000000 0.000000 0.000000
-0.034849 0.032689 -0.010639 1.000000 0.000000 0.000000
0.000000 0.000000 0.000000 0.000000 0.000000 0.000000
-0.032838 0.027031 -0.008066 1.000000 0.000000 0.000000
0.000000 0.000000 0.000000 0.000000 0.000000 0.000000
0.000000 0.000000 0.000000 0.000000 0.000000 0.000000
0.000000 0.000000 0.000000 0.000000 0.000000 0.000000
0.000000 0.000000 0.000000 0.000000 0.000000 0.000000
0.000000 0.000000 0.000000 0.000000 0.000000 0.000000
0.000000 0.000000 0.000000 0.000000 0.000000 0.000000
0.000000 0.000000 0.000000 0.000000 0.000000 0.000000
0.000000 0.000000 0.000000 0.000000 0.000000 0.000000
0.000000 0.000000 0.000000 0.000000 0.000000 0.000000
0.000000 0.000000 0.000000 0.000000 0.000000 0.000000
0.000000 0.000000 0.000000 0.000000 0.000000 0.000000
0.000000 0.000000 0.000000 0.000000 0.000000 0.000000
-0.040914 0.029197 -0.042450 1.000000 0.000000 0.000000
-0.041716 0.034852 -0.039274 1.000000 0.000000 0.000000
-0.042071 0.029199 -0.036019 1.000000 0.000000 0.000000
-0.041269 0.023544 -0.039195 1.000000 0.000000 0.000000
-0.042426 0.023545 -0.032763 1.000000 0.000000 0.000000
-0.042781 0.017892 -0.029508 1.000000 0.000000 0.000000
0.000000 0.000000 0.000000 0.000000 0.000000 0.000000
-0.041623 0.017891 -0.035940 1.000000 0.000000 0.000000
-0.040466 0.017889 -0.042371 1.000000 0.000000 0.000000
-0.039310 0.017890 -0.048801 1.000000 0.000000 0.000000
0.000000 0.000000 0.000000 0.000000 0.000000 0.000000
-0.040111 0.023543 -0.045627 1.000000 0.000000 0.000000
0.000000 0.000000 0.000000 0.000000 0.000000 0.000000
0.000000 0.000000 0.000000 0.000000 0.000000 0.000000
0.000000 0.000000 0.000000 0.000000 0.000000 0.000000
0.000000 0.000000 0.000000 0.000000 0.000000 0.000000
0.000000 0.000000 0.000000 0.000000 0.000000 0.000000
0.000000 0.000000 0.000000 0.000000 0.000000 0.000000
0.000000 0.000000 0.000000 0.000000 0.000000 0.000000
0.000000 0.000000 0.000000 0.000000 0.000000 0.000000
0.000000 0.000000 0.000000 0.000000 0.000000 0.000000
0.000000 0.000000 0.000000 0.000000 0.000000 0.000000
0.000000 0.000000 0.000000 0.000000 0.000000 0.000000
0.000000 0.000000 0.000000 0.000000 0.000000 0.000000
-0.003845 -0.001299 0.003982 1.000000 0.000000 0.000000
-0.007110 -0.006954 0.003741 1.000000 0.000000 0.000000
-0.010378 -0.001299 0.003864 1.000000 0.000000 0.000000
-0.007113 0.004357 0.004105 1.000000 0.000000 0.000000
-0.013647 0.004358 0.003987 1.000000 0.000000 0.000000
-0.016915 0.010013 0.004110 1.000000 0.000000 0.000000
0.000000 0.000000 0.000000 0.000000 0.000000 0.000000
-0.010381 0.010012 0.004227 1.000000 0.000000 0.000000
-0.003847 0.010013 0.004345 1.000000 0.000000 0.000000
0.002684 0.010010 0.004463 1.000000 0.000000 0.000000
0.000000 0.000000 0.000000 0.000000 0.000000 0.000000
-0.000579 0.004356 0.004222 1.000000 0.000000 0.000000
