name	r_upper_leg
spatial_sampling	taxel
taxel2Repr (  3  3  3  3  3  3  -2  3  3  3  -2  3  15  15  15  15  15  15  -2  15  15  15  -2  15  27  27  27  27  27  27  -2  27  27  27  -2  27  39  39  39  39  39  39  -2  39  39  39  -2  39  -1  -1  -1  -1  -1  -1  -1  -1  -1  -1  -1  -1  63  63  63  63  63  63  -2  63  63  63  -2  63  75  75  75  75  75  75  -2  75  75  75  -2  75  87  87  87  87  87  87  -2  87  87  87  -2  87  99  99  99  99  99  99  -2  99  99  99  -2  99  111  111  111  111  111  111  -2  111  111  111  -2  111  123  123  123  123  123  123  -2  123  123  123  -2  123  135  135  135  135  135  135  -2  135  135  135  -2  135  147  147  147  147  147  147  -2  147  147  147  -2  147  159  159  159  159  159  159  -2  159  159  159  -2  159  171  171  171  171  171  171  -2  171  171  171  -2  171  183  183  183  183  183  183  -2  183  183  183  -2  183  195  195  195  195  195  195  -2  195  195  195  -2  195  -1  -1  -1  -1  -1  -1  -1  -1  -1  -1  -1  -1  -1  -1  -1  -1  -1  -1  -1  -1  -1  -1  -1  -1  231  231  231  231  231  231  -2  231  231  231  -2  231  243  243  243  243  243  243  -2  243  243  243  -2  243  255  255  255  255  255  255  -2  255  255  255  -2  255  267  267  267  267  267  267  -2  267  267  267  -2  267  -1  -1  -1  -1  -1  -1  -1  -1  -1  -1  -1  -1  -1  -1  -1  -1  -1  -1  -1  -1  -1  -1  -1  -1  303  303  303  303  303  303  -2  303  303  303  -2  303  315  315  315  315  315  315  -2  315  315  315  -2  315  327  327  327  327  327  327  -2  327  327  327  -2  327  -1  -1  -1  -1  -1  -1  -1  -1  -1  -1  -1  -1  -1  -1  -1  -1  -1  -1  -1  -1  -1  -1  -1  -1  363  363  363  363  363  363  -2  363  363  363  -2  363  375  375  375  375  375  375  -2  375  375  375  -2  375  -1  -1  -1  -1  -1  -1  -1  -1  -1  -1  -1  -1  399  399  399  399  399  399  -2  399  399  399  -2  399  411  411  411  411  411  411  -2  411  411  411  -2  411  423  423  423  423  423  423  -2  423  423  423  -2  423  435  435  435  435  435  435  -2  435  435  435  -2  435  447  447  447  447  447  447  -2  447  447  447  -2  447  459  459  459  459  459  459  -2  459  459  459  -2  459  471  471  471  471  471  471  -2  471  471  471  -2  471  483  483  483  483  483  483  -2  483  483  483  -2  483  -1  -1  -1  -1  -1  -1  -1  -1  -1  -1  -1  -1  -1  -1  -1  -1  -1  -1  -1  -1  -1  -1  -1  -1  -1  -1  -1  -1  -1  -1  -1  -1  -1  -1  -1  -1  531  531  531  531  531  531  -2  531  531  531  -2  531  543  543  543  543  543  543  -2  543  543  543  -2  543  -1  -1  -1  -1  -1  -1  -1  -1  -1  -1  -1  -1  -1  -1  -1  -1  -1  -1  -1  -1  -1  -1  -1  -1  -1  -1  -1  -1  -1  -1  -1  -1  -1  -1  -1  -1  -1  -1  -1  -1  -1  -1  -1  -1  -1  -1  -1  -1  -1  -1  -1  -1  -1  -1  -1  -1  -1  -1  -1  -1  615  615  615  615  615  615  -2  615  615  615  -2  615  -1  -1  -1  -1  -1  -1  -1  -1  -1  -1  -1  -1  639  639  639  639  639  639  -2  639  639  639  -2  639  651  651  651  651  651  651  -2  651  651  651  -2  651  -1  -1  -1  -1  -1  -1  -1  -1  -1  -1  -1  -1  -1  -1  -1  -1  -1  -1  -1  -1  -1  -1  -1  -1  687  687  687  687  687  687  -2  687  687  687  -2  687  699  699  699  699  699  699  -2  699  699  699  -2  699  711  711  711  711  711  711  -2  711  711  711  -2  711  -1  -1  -1  -1  -1  -1  -1  -1  -1  -1  -1  -1  -1  -1  -1  -1  -1  -1  -1  -1  -1  -1  -1  -1  -1  -1  -1  -1  -1  -1  -1  -1  -1  -1  -1  -1  -1  -1  -1  -1  -1  -1  -1  -1  -1  -1  -1  -1  771  771  771  771  771  771  -2  771  771  771  -2  771  783  783  783  783  783  783  -2  783  783  783  -2  783  795  795  795  795  795  795  -2  795  795  795  -2  795  807  807  807  807  807  807  -2  807  807  807  -2  807  -1  -1  -1  -1  -1  -1  -1  -1  -1  -1  -1  -1  -1  -1  -1  -1  -1  -1  -1  -1  -1  -1  -1  -1  -1  -1  -1  -1  -1  -1  -1  -1  -1  -1  -1  -1  -1  -1  -1  -1  -1  -1  -1  -1  -1  -1  -1  -1  -1  -1  -1  -1  -1  -1  -1  -1  -1  -1  -1  -1  -1  -1  -1  -1  -1  -1  -1  -1  -1  -1  -1  -1  -1  -1  -1  -1  -1  -1  -1  -1  -1  -1  -1  -1  -1  -1  -1  -1  -1  -1  -1  -1  -1  -1  -1  -1  915  915  915  915  915  915  -2  915  915  915  -2  915  -1  -1  -1  -1  -1  -1  -1  -1  -1  -1  -1  -1  -1  -1  -1  -1  -1  -1  -1  -1  -1  -1  -1  -1  -1  -1  -1  -1  -1  -1  -1  -1  -1  -1  -1  -1 )
[calibration]
0.020675 -0.051871 0.017172 1.000000 0.000000 0.000000
0.020675 -0.051431 0.023693 1.000000 0.000000 0.000000
0.026126 -0.050138 0.020332 1.000000 0.000000 0.000000
0.026126 -0.050578 0.013812 1.000000 0.000000 0.000000
0.031578 -0.048845 0.016971 1.000000 0.000000 0.000000
0.037029 -0.047552 0.013610 1.000000 0.000000 0.000000
0.000000 0.000000 0.000000 0.000000 0.000000 0.000000
0.031577 -0.049285 0.010451 1.000000 0.000000 0.000000
0.026126 -0.051019 0.007291 1.000000 0.000000 0.000000
0.020675 -0.052752 0.004135 1.000000 0.000000 0.000000
0.000000 0.000000 0.000000 0.000000 0.000000 0.000000
0.020674 -0.052312 0.010653 1.000000 0.000000 0.000000
0.029901 -0.050914 -0.006111 1.000000 0.000000 0.000000
0.024751 -0.053071 -0.002715 1.000000 0.000000 0.000000
0.029900 -0.050545 0.000413 1.000000 0.000000 0.000000
0.035050 -0.048388 -0.002983 1.000000 0.000000 0.000000
0.035050 -0.048018 0.003542 1.000000 0.000000 0.000000
0.040199 -0.045491 0.006670 1.000000 0.000000 0.000000
0.000000 0.000000 0.000000 0.000000 0.000000 0.000000
0.040199 -0.045861 0.000145 1.000000 0.000000 0.000000
0.040201 -0.046231 -0.006379 1.000000 0.000000 0.000000
0.040200 -0.046602 -0.012901 1.000000 0.000000 0.000000
0.000000 0.000000 0.000000 0.000000 0.000000 0.000000
0.035051 -0.048758 -0.009508 1.000000 0.000000 0.000000
0.020670 -0.053825 -0.016244 1.000000 0.000000 0.000000
0.020672 -0.053527 -0.009716 1.000000 0.000000 0.000000
0.026119 -0.052151 -0.013049 1.000000 0.000000 0.000000
0.026118 -0.052449 -0.019578 1.000000 0.000000 0.000000
0.031568 -0.050775 -0.016383 1.000000 0.000000 0.000000
0.037015 -0.049399 -0.019717 1.000000 0.000000 0.000000
0.000000 0.000000 0.000000 0.000000 0.000000 0.000000
0.031565 -0.051074 -0.022911 1.000000 0.000000 0.000000
0.026116 -0.052748 -0.026106 1.000000 0.000000 0.000000
0.020667 -0.054422 -0.029298 1.000000 0.000000 0.000000
0.000000 0.000000 0.000000 0.000000 0.000000 0.000000
0.020668 -0.054124 -0.022772 1.000000 0.000000 0.000000
0.052386 0.033157 0.009191 1.000000 0.000000 0.000000
0.052392 0.033683 0.002677 1.000000 0.000000 0.000000
0.055252 0.028555 0.005542 1.000000 0.000000 0.000000
0.055247 0.028030 0.012056 1.000000 0.000000 0.000000
0.058113 0.023427 0.008408 1.000000 0.000000 0.000000
0.060974 0.018300 0.011273 1.000000 0.000000 0.000000
0.000000 0.000000 0.000000 0.000000 0.000000 0.000000
0.058108 0.022902 0.014921 1.000000 0.000000 0.000000
0.055242 0.027504 0.018570 1.000000 0.000000 0.000000
0.052376 0.032105 0.022216 1.000000 0.000000 0.000000
0.000000 0.000000 0.000000 0.000000 0.000000 0.000000
0.052381 0.032632 0.015705 1.000000 0.000000 0.000000
0.000000 0.000000 0.000000 0.000000 0.000000 0.000000
0.000000 0.000000 0.000000 0.000000 0.000000 0.000000
0.000000 0.000000 0.000000 0.000000 0.000000 0.000000
0.000000 0.000000 0.000000 0.000000 0.000000 0.000000
0.000000 0.000000 0.000000 0.000000 0.000000 0.000000
0.000000 0.000000 0.000000 0.000000 0.000000 0.000000
0.000000 0.000000 0.000000 0.000000 0.000000 0.000000
0.000000 0.000000 0.000000 0.000000 0.000000 0.000000
0.000000 0.000000 0.000000 0.000000 0.000000 0.000000
0.000000 0.000000 0.000000 0.000000 0.000000 0.000000
0.000000 0.000000 0.000000 0.000000 0.000000 0.000000
0.000000 0.000000 0.000000 0.000000 0.000000 0.000000
0.061228 0.005958 0.026378 1.000000 0.000000 0.000000
0.061586 0.005957 0.019853 1.000000 0.000000 0.000000
0.061407 0.000299 0.023114 1.000000 0.000000 0.000000
0.061049 0.000300 0.029640 1.000000 0.000000 0.000000
0.061228 -0.005359 0.026376 1.000000 0.000000 0.000000
0.061049 -0.011017 0.029638 1.000000 0.000000 0.000000
0.000000 0.000000 0.000000 0.000000 0.000000 0.000000
0.060870 -0.005358 0.032901 1.000000 0.000000 0.000000
0.060691 0.000301 0.036165 1.000000 0.000000 0.000000
0.060512 0.005959 0.039426 1.000000 0.000000 0.000000
0.000000 0.000000 0.000000 0.000000 0.000000 0.000000
0.060870 0.005959 0.032903 1.000000 0.000000 0.000000
0.060247 0.017979 -0.011137 1.000000 0.000000 0.000000
0.061756 0.012849 -0.014894 1.000000 0.000000 0.000000
0.061754 0.012245 -0.008390 1.000000 0.000000 0.000000
0.060244 0.017374 -0.004632 1.000000 0.000000 0.000000
0.061751 0.011640 -0.001884 1.000000 0.000000 0.000000
0.061749 0.011035 0.004621 1.000000 0.000000 0.000000
0.000000 0.000000 0.000000 0.000000 0.000000 0.000000
0.060242 0.016770 0.001873 1.000000 0.000000 0.000000
0.058735 0.022504 -0.000875 1.000000 0.000000 0.000000
0.057229 0.028236 -0.003624 1.000000 0.000000 0.000000
0.000000 0.000000 0.000000 0.000000 0.000000 0.000000
0.058738 0.023109 -0.007381 1.000000 0.000000 0.000000
0.060099 0.020102 -0.024947 1.000000 0.000000 0.000000
0.062498 0.014898 -0.021806 1.000000 0.000000 0.000000
0.060099 0.019939 -0.018414 1.000000 0.000000 0.000000
0.057700 0.025144 -0.021555 1.000000 0.000000 0.000000
0.057700 0.024982 -0.015022 1.000000 0.000000 0.000000
0.055301 0.030024 -0.011630 1.000000 0.000000 0.000000
0.000000 0.000000 0.000000 0.000000 0.000000 0.000000
0.055301 0.030186 -0.018163 1.000000 0.000000 0.000000
0.055301 0.030349 -0.024696 1.000000 0.000000 0.000000
0.055303 0.030510 -0.031226 1.000000 0.000000 0.000000
0.000000 0.000000 0.000000 0.000000 0.000000 0.000000
0.057701 0.025307 -0.028088 1.000000 0.000000 0.000000
0.061636 -0.013007 -0.027234 1.000000 0.000000 0.000000
0.060741 -0.018789 -0.030144 1.000000 0.000000 0.000000
0.060740 -0.018380 -0.023624 1.000000 0.000000 0.000000
0.061636 -0.012597 -0.020714 1.000000 0.000000 0.000000
0.060739 -0.017970 -0.017103 1.000000 0.000000 0.000000
0.060739 -0.017560 -0.010583 1.000000 0.000000 0.000000
0.000000 0.000000 0.000000 0.000000 0.000000 0.000000
0.061635 -0.012188 -0.014194 1.000000 0.000000 0.000000
0.062531 -0.006815 -0.017803 1.000000 0.000000 0.000000
0.063427 -0.001445 -0.021414 1.000000 0.000000 0.000000
0.000000 0.000000 0.000000 0.000000 0.000000 0.000000
0.062532 -0.007224 -0.024325 1.000000 0.000000 0.000000
0.062585 0.003505 -0.007467 1.000000 0.000000 0.000000
0.062742 0.003525 -0.014000 1.000000 0.000000 0.000000
0.062471 -0.002140 -0.010757 1.000000 0.000000 0.000000
0.062314 -0.002159 -0.004223 1.000000 0.000000 0.000000
0.062201 -0.007805 -0.007513 1.000000 0.000000 0.000000
0.061930 -0.013470 -0.004269 1.000000 0.000000 0.000000
0.000000 0.000000 0.000000 0.000000 0.000000 0.000000
0.062044 -0.007824 -0.000980 1.000000 0.000000 0.000000
0.062157 -0.002179 0.002310 1.000000 0.000000 0.000000
0.062271 0.003466 0.005597 1.000000 0.000000 0.000000
0.000000 0.000000 0.000000 0.000000 0.000000 0.000000
0.062428 0.003487 -0.000934 1.000000 0.000000 0.000000
0.061811 -0.004715 0.015885 1.000000 0.000000 0.000000
0.062720 0.000828 0.012545 1.000000 0.000000 0.000000
0.062062 -0.004836 0.009356 1.000000 0.000000 0.000000
0.061153 -0.010379 0.012696 1.000000 0.000000 0.000000
0.061404 -0.010501 0.006167 1.000000 0.000000 0.000000
0.060746 -0.016165 0.002979 1.000000 0.000000 0.000000
0.000000 0.000000 0.000000 0.000000 0.000000 0.000000
0.060495 -0.016043 0.009508 1.000000 0.000000 0.000000
0.060245 -0.015922 0.016037 1.000000 0.000000 0.000000
0.059994 -0.015799 0.022563 1.000000 0.000000 0.000000
0.000000 0.000000 0.000000 0.000000 0.000000 0.000000
0.060903 -0.010257 0.019226 1.000000 0.000000 0.000000
0.055517 -0.027916 0.019647 1.000000 0.000000 0.000000
0.058199 -0.022629 0.022398 1.000000 0.000000 0.000000
0.058204 -0.023287 0.015898 1.000000 0.000000 0.000000
0.055521 -0.028573 0.013147 1.000000 0.000000 0.000000
0.058208 -0.023944 0.009397 1.000000 0.000000 0.000000
0.058212 -0.024601 0.002897 1.000000 0.000000 0.000000
0.000000 0.000000 0.000000 0.000000 0.000000 0.000000
0.055525 -0.029230 0.006647 1.000000 0.000000 0.000000
0.052839 -0.033860 0.010396 1.000000 0.000000 0.000000
0.050153 -0.038486 0.014146 1.000000 0.000000 0.000000
0.000000 0.000000 0.000000 0.000000 0.000000 0.000000
0.052834 -0.033202 0.016897 1.000000 0.000000 0.000000
0.050243 -0.037788 -0.009846 1.000000 0.000000 0.000000
0.046484 -0.042207 -0.012853 1.000000 0.000000 0.000000
0.046482 -0.041814 -0.006332 1.000000 0.000000 0.000000
0.050242 -0.037394 -0.003325 1.000000 0.000000 0.000000
0.046481 -0.041420 0.000190 1.000000 0.000000 0.000000
0.046479 -0.041027 0.006711 1.000000 0.000000 0.000000
0.000000 0.000000 0.000000 0.000000 0.000000 0.000000
0.050240 -0.037001 0.003196 1.000000 0.000000 0.000000
0.054001 -0.032974 -0.000318 1.000000 0.000000 0.000000
0.057759 -0.028950 -0.003833 1.000000 0.000000 0.000000
0.000000 0.000000 0.000000 0.000000 0.000000 0.000000
0.054002 -0.033368 -0.006840 1.000000 0.000000 0.000000
0.052937 -0.035579 -0.023319 1.000000 0.000000 0.000000
0.050184 -0.040394 -0.019862 1.000000 0.000000 0.000000
0.052937 -0.035329 -0.016789 1.000000 0.000000 0.000000
0.055690 -0.030514 -0.020245 1.000000 0.000000 0.000000
0.055689 -0.030262 -0.013715 1.000000 0.000000 0.000000
0.058441 -0.025197 -0.010641 1.000000 0.000000 0.000000
0.000000 0.000000 0.000000 0.000000 0.000000 0.000000
0.058442 -0.025448 -0.017172 1.000000 0.000000 0.000000
0.058442 -0.025699 -0.023701 1.000000 0.000000 0.000000
0.058442 -0.025951 -0.030229 1.000000 0.000000 0.000000
0.000000 0.000000 0.000000 0.000000 0.000000 0.000000
0.055690 -0.030765 -0.026775 1.000000 0.000000 0.000000
0.053696 -0.030348 0.032850 1.000000 0.000000 0.000000
0.057373 -0.026400 0.029161 1.000000 0.000000 0.000000
0.053703 -0.031016 0.026350 1.000000 0.000000 0.000000
0.050026 -0.034964 0.030039 1.000000 0.000000 0.000000
0.050033 -0.035633 0.023538 1.000000 0.000000 0.000000
0.046363 -0.040249 0.020726 1.000000 0.000000 0.000000
0.000000 0.000000 0.000000 0.000000 0.000000 0.000000
0.046356 -0.039580 0.027227 1.000000 0.000000 0.000000
0.046349 -0.038911 0.033727 1.000000 0.000000 0.000000
0.046344 -0.038241 0.040226 1.000000 0.000000 0.000000
0.000000 0.000000 0.000000 0.000000 0.000000 0.000000
0.050020 -0.034294 0.036539 1.000000 0.000000 0.000000
0.035021 -0.045608 0.036896 1.000000 0.000000 0.000000
0.040155 -0.042974 0.039964 1.000000 0.000000 0.000000
0.040158 -0.043499 0.033452 1.000000 0.000000 0.000000
0.035024 -0.046132 0.030384 1.000000 0.000000 0.000000
0.040161 -0.044023 0.026939 1.000000 0.000000 0.000000
0.040164 -0.044548 0.020427 1.000000 0.000000 0.000000
0.000000 0.000000 0.000000 0.000000 0.000000 0.000000
0.035026 -0.046657 0.023872 1.000000 0.000000 0.000000
0.029889 -0.048766 0.027317 1.000000 0.000000 0.000000
0.024755 -0.050874 0.030762 1.000000 0.000000 0.000000
0.000000 0.000000 0.000000 0.000000 0.000000 0.000000
0.029886 -0.048241 0.033829 1.000000 0.000000 0.000000
0.059784 0.020914 -0.034974 1.000000 0.000000 0.000000
0.058531 0.026340 -0.038393 1.000000 0.000000 0.000000
0.059782 0.020735 -0.041506 1.000000 0.000000 0.000000
0.061035 0.015308 -0.038087 1.000000 0.000000 0.000000
0.061034 0.015128 -0.044619 1.000000 0.000000 0.000000
0.062286 0.009523 -0.047732 1.000000 0.000000 0.000000
0.000000 0.000000 0.000000 0.000000 0.000000 0.000000
0.062287 0.009703 -0.041200 1.000000 0.000000 0.000000
0.062288 0.009882 -0.034667 1.000000 0.000000 0.000000
0.062289 0.010063 -0.028137 1.000000 0.000000 0.000000
0.000000 0.000000 0.000000 0.000000 0.000000 0.000000
0.061036 0.015488 -0.031554 1.000000 0.000000 0.000000
0.000000 0.000000 0.000000 0.000000 0.000000 0.000000
0.000000 0.000000 0.000000 0.000000 0.000000 0.000000
0.000000 0.000000 0.000000 0.000000 0.000000 0.000000
0.000000 0.000000 0.000000 0.000000 0.000000 0.000000
0.000000 0.000000 0.000000 0.000000 0.000000 0.000000
0.000000 0.000000 0.000000 0.000000 0.000000 0.000000
0.000000 0.000000 0.000000 0.000000 0.000000 0.000000
0.000000 0.000000 0.000000 0.000000 0.000000 0.000000
0.000000 0.000000 0.000000 0.000000 0.000000 0.000000
0.000000 0.000000 0.000000 0.000000 0.000000 0.000000
0.000000 0.000000 0.000000 0.000000 0.000000 0.000000
0.000000 0.000000 0.000000 0.000000 0.000000 0.000000
0.000000 0.000000 0.000000 0.000000 0.000000 0.000000
0.000000 0.000000 0.000000 0.000000 0.000000 0.000000
0.000000 0.000000 0.000000 0.000000 0.000000 0.000000
0.000000 0.000000 0.000000 0.000000 0.000000 0.000000
0.000000 0.000000 0.000000 0.000000 0.000000 0.000000
0.000000 0.000000 0.000000 0.000000 0.000000 0.000000
0.000000 0.000000 0.000000 0.000000 0.000000 0.000000
0.000000 0.000000 0.000000 0.000000 0.000000 0.000000
0.000000 0.000000 0.000000 0.000000 0.000000 0.000000
0.000000 0.000000 0.000000 0.000000 0.000000 0.000000
0.000000 0.000000 0.000000 0.000000 0.000000 0.000000
0.000000 0.000000 0.000000 0.000000 0.000000 0.000000
0.057545 0.016946 -0.111565 1.000000 0.000000 0.000000
0.058721 0.011447 -0.114895 1.000000 0.000000 0.000000
0.059171 0.011477 -0.108378 1.000000 0.000000 0.000000
0.057995 0.016976 -0.105047 1.000000 0.000000 0.000000
0.059621 0.011508 -0.101859 1.000000 0.000000 0.000000
0.060070 0.011538 -0.095342 1.000000 0.000000 0.000000
0.000000 0.000000 0.000000 0.000000 0.000000 0.000000
0.058445 0.017006 -0.098530 1.000000 0.000000 0.000000
0.056819 0.022475 -0.101717 1.000000 0.000000 0.000000
0.055195 0.027940 -0.104905 1.000000 0.000000 0.000000
0.000000 0.000000 0.000000 0.000000 0.000000 0.000000
0.056370 0.022444 -0.108236 1.000000 0.000000 0.000000
0.054048 0.029298 -0.092303 1.000000 0.000000 0.000000
0.054041 0.028522 -0.098792 1.000000 0.000000 0.000000
0.056394 0.023799 -0.094940 1.000000 0.000000 0.000000
0.056401 0.024575 -0.088451 1.000000 0.000000 0.000000
0.058748 0.019075 -0.091088 1.000000 0.000000 0.000000
0.061101 0.014352 -0.087236 1.000000 0.000000 0.000000
0.000000 0.000000 0.000000 0.000000 0.000000 0.000000
0.058754 0.019852 -0.084600 1.000000 0.000000 0.000000
0.056408 0.025352 -0.081963 1.000000 0.000000 0.000000
0.054062 0.030850 -0.079328 1.000000 0.000000 0.000000
0.000000 0.000000 0.000000 0.000000 0.000000 0.000000
0.054054 0.030075 -0.085815 1.000000 0.000000 0.000000
0.060038 0.015143 -0.078045 1.000000 0.000000 0.000000
0.061115 0.009621 -0.081371 1.000000 0.000000 0.000000
0.061367 0.009604 -0.074842 1.000000 0.000000 0.000000
0.060290 0.015125 -0.071516 1.000000 0.000000 0.000000
0.061619 0.009586 -0.068313 1.000000 0.000000 0.000000
0.061871 0.009568 -0.061785 1.000000 0.000000 0.000000
0.000000 0.000000 0.000000 0.000000 0.000000 0.000000
0.060542 0.015107 -0.064988 1.000000 0.000000 0.000000
0.059213 0.020647 -0.068190 1.000000 0.000000 0.000000
0.057885 0.026183 -0.071393 1.000000 0.000000 0.000000
0.000000 0.000000 0.000000 0.000000 0.000000 0.000000
0.058962 0.020664 -0.074719 1.000000 0.000000 0.000000
0.059685 -0.006877 -0.107778 1.000000 0.000000 0.000000
0.059874 -0.012545 -0.104531 1.000000 0.000000 0.000000
0.060135 -0.006897 -0.101258 1.000000 0.000000 0.000000
0.059946 -0.001229 -0.104505 1.000000 0.000000 0.000000
0.060396 -0.001248 -0.097986 1.000000 0.000000 0.000000
0.060657 0.004401 -0.094713 1.000000 0.000000 0.000000
0.000000 0.000000 0.000000 0.000000 0.000000 0.000000
0.060207 0.004420 -0.101233 1.000000 0.000000 0.000000
0.059757 0.004440 -0.107752 1.000000 0.000000 0.000000
0.059307 0.004457 -0.114269 1.000000 0.000000 0.000000
0.000000 0.000000 0.000000 0.000000 0.000000 0.000000
0.059496 -0.001209 -0.111025 1.000000 0.000000 0.000000
0.000000 0.000000 0.000000 0.000000 0.000000 0.000000
0.000000 0.000000 0.000000 0.000000 0.000000 0.000000
0.000000 0.000000 0.000000 0.000000 0.000000 0.000000
0.000000 0.000000 0.000000 0.000000 0.000000 0.000000
0.000000 0.000000 0.000000 0.000000 0.000000 0.000000
0.000000 0.000000 0.000000 0.000000 0.000000 0.000000
0.000000 0.000000 0.000000 0.000000 0.000000 0.000000
0.000000 0.000000 0.000000 0.000000 0.000000 0.000000
0.000000 0.000000 0.000000 0.000000 0.000000 0.000000
0.000000 0.000000 0.000000 0.000000 0.000000 0.000000
0.000000 0.000000 0.000000 0.000000 0.000000 0.000000
0.000000 0.000000 0.000000 0.000000 0.000000 0.000000
0.000000 0.000000 0.000000 0.000000 0.000000 0.000000
0.000000 0.000000 0.000000 0.000000 0.000000 0.000000
0.000000 0.000000 0.000000 0.000000 0.000000 0.000000
0.000000 0.000000 0.000000 0.000000 0.000000 0.000000
0.000000 0.000000 0.000000 0.000000 0.000000 0.000000
0.000000 0.000000 0.000000 0.000000 0.000000 0.000000
0.000000 0.000000 0.000000 0.000000 0.000000 0.000000
0.000000 0.000000 0.000000 0.000000 0.000000 0.000000
0.000000 0.000000 0.000000 0.000000 0.000000 0.000000
0.000000 0.000000 0.000000 0.000000 0.000000 0.000000
0.000000 0.000000 0.000000 0.000000 0.000000 0.000000
0.000000 0.000000 0.000000 0.000000 0.000000 0.000000
0.059816 -0.012251 -0.094106 1.000000 0.000000 0.000000
0.058855 -0.017862 -0.097316 1.000000 0.000000 0.000000
0.059203 -0.017850 -0.090793 1.000000 0.000000 0.000000
0.060164 -0.012239 -0.087582 1.000000 0.000000 0.000000
0.059551 -0.017838 -0.084268 1.000000 0.000000 0.000000
0.059900 -0.017826 -0.077744 1.000000 0.000000 0.000000
0.000000 0.000000 0.000000 0.000000 0.000000 0.000000
0.060512 -0.012227 -0.081059 1.000000 0.000000 0.000000
0.061124 -0.006628 -0.084372 1.000000 0.000000 0.000000
0.061736 -0.001033 -0.087687 1.000000 0.000000 0.000000
0.000000 0.000000 0.000000 0.000000 0.000000 0.000000
0.060776 -0.006641 -0.090897 1.000000 0.000000 0.000000
0.061767 0.002389 -0.074337 1.000000 0.000000 0.000000
0.061518 0.002353 -0.080868 1.000000 0.000000 0.000000
0.061478 -0.003285 -0.077567 1.000000 0.000000 0.000000
0.061728 -0.003249 -0.071036 1.000000 0.000000 0.000000
0.061439 -0.008923 -0.074265 1.000000 0.000000 0.000000
0.061400 -0.014561 -0.070964 1.000000 0.000000 0.000000
0.000000 0.000000 0.000000 0.000000 0.000000 0.000000
0.061688 -0.008886 -0.067735 1.000000 0.000000 0.000000
0.061977 -0.003212 -0.064506 1.000000 0.000000 0.000000
0.062266 0.002461 -0.061280 1.000000 0.000000 0.000000
0.000000 0.000000 0.000000 0.000000 0.000000 0.000000
0.062016 0.002426 -0.067808 1.000000 0.000000 0.000000
0.062229 -0.007991 -0.050170 1.000000 0.000000 0.000000
0.063136 -0.002032 -0.052695 1.000000 0.000000 0.000000
0.062228 -0.007152 -0.056650 1.000000 0.000000 0.000000
0.061321 -0.013111 -0.054125 1.000000 0.000000 0.000000
0.061319 -0.012272 -0.060606 1.000000 0.000000 0.000000
0.060411 -0.017392 -0.064561 1.000000 0.000000 0.000000
0.000000 0.000000 0.000000 0.000000 0.000000 0.000000
0.060413 -0.018231 -0.058080 1.000000 0.000000 0.000000
0.060415 -0.019070 -0.051599 1.000000 0.000000 0.000000
0.060417 -0.019906 -0.045121 1.000000 0.000000 0.000000
0.000000 0.000000 0.000000 0.000000 0.000000 0.000000
0.061323 -0.013949 -0.047644 1.000000 0.000000 0.000000
0.000000 0.000000 0.000000 0.000000 0.000000 0.000000
0.000000 0.000000 0.000000 0.000000 0.000000 0.000000
0.000000 0.000000 0.000000 0.000000 0.000000 0.000000
0.000000 0.000000 0.000000 0.000000 0.000000 0.000000
0.000000 0.000000 0.000000 0.000000 0.000000 0.000000
0.000000 0.000000 0.000000 0.000000 0.000000 0.000000
0.000000 0.000000 0.000000 0.000000 0.000000 0.000000
0.000000 0.000000 0.000000 0.000000 0.000000 0.000000
0.000000 0.000000 0.000000 0.000000 0.000000 0.000000
0.000000 0.000000 0.000000 0.000000 0.000000 0.000000
0.000000 0.000000 0.000000 0.000000 0.000000 0.000000
0.000000 0.000000 0.000000 0.000000 0.000000 0.000000
0.000000 0.000000 0.000000 0.000000 0.000000 0.000000
0.000000 0.000000 0.000000 0.000000 0.000000 0.000000
0.000000 0.000000 0.000000 0.000000 0.000000 0.000000
0.000000 0.000000 0.000000 0.000000 0.000000 0.000000
0.000000 0.000000 0.000000 0.000000 0.000000 0.000000
0.000000 0.000000 0.000000 0.000000 0.000000 0.000000
0.000000 0.000000 0.000000 0.000000 0.000000 0.000000
0.000000 0.000000 0.000000 0.000000 0.000000 0.000000
0.000000 0.000000 0.000000 0.000000 0.000000 0.000000
0.000000 0.000000 0.000000 0.000000 0.000000 0.000000
0.000000 0.000000 0.000000 0.000000 0.000000 0.000000
0.000000 0.000000 0.000000 0.000000 0.000000 0.000000
0.062703 0.002122 -0.040957 1.000000 0.000000 0.000000
0.062656 0.002076 -0.047492 1.000000 0.000000 0.000000
0.062463 -0.003555 -0.044184 1.000000 0.000000 0.000000
0.062511 -0.003509 -0.037650 1.000000 0.000000 0.000000
0.062271 -0.009186 -0.040877 1.000000 0.000000 0.000000
0.062079 -0.014817 -0.037569 1.000000 0.000000 0.000000
0.000000 0.000000 0.000000 0.000000 0.000000 0.000000
0.062318 -0.009139 -0.034342 1.000000 0.000000 0.000000
0.062558 -0.003462 -0.031115 1.000000 0.000000 0.000000
0.062798 0.002214 -0.027890 1.000000 0.000000 0.000000
0.000000 0.000000 0.000000 0.000000 0.000000 0.000000
0.062750 0.002169 -0.034422 1.000000 0.000000 0.000000
0.055782 0.028992 -0.058511 1.000000 0.000000 0.000000
0.055779 0.028667 -0.065038 1.000000 0.000000 0.000000
0.058009 0.023635 -0.061518 1.000000 0.000000 0.000000
0.058012 0.023960 -0.054991 1.000000 0.000000 0.000000
0.060240 0.018602 -0.057998 1.000000 0.000000 0.000000
0.062470 0.013571 -0.054478 1.000000 0.000000 0.000000
0.000000 0.000000 0.000000 0.000000 0.000000 0.000000
0.060242 0.018928 -0.051471 1.000000 0.000000 0.000000
0.058015 0.024285 -0.048464 1.000000 0.000000 0.000000
0.055788 0.029641 -0.045460 1.000000 0.000000 0.000000
0.000000 0.000000 0.000000 0.000000 0.000000 0.000000
0.055784 0.029318 -0.051984 1.000000 0.000000 0.000000
0.000000 0.000000 0.000000 0.000000 0.000000 0.000000
0.000000 0.000000 0.000000 0.000000 0.000000 0.000000
0.000000 0.000000 0.000000 0.000000 0.000000 0.000000
0.000000 0.000000 0.000000 0.000000 0.000000 0.000000
0.000000 0.000000 0.000000 0.000000 0.000000 0.000000
0.000000 0.000000 0.000000 0.000000 0.000000 0.000000
0.000000 0.000000 0.000000 0.000000 0.000000 0.000000
0.000000 0.000000 0.000000 0.000000 0.000000 0.000000
0.000000 0.000000 0.000000 0.000000 0.000000 0.000000
0.000000 0.000000 0.000000 0.000000 0.000000 0.000000
0.000000 0.000000 0.000000 0.000000 0.000000 0.000000
0.000000 0.000000 0.000000 0.000000 0.000000 0.000000
0.046425 -0.042901 -0.033391 1.000000 0.000000 0.000000
0.046428 -0.042785 -0.026857 1.000000 0.000000 0.000000
0.050173 -0.038604 -0.030199 1.000000 0.000000 0.000000
0.050170 -0.038719 -0.036733 1.000000 0.000000 0.000000
0.053919 -0.034422 -0.033541 1.000000 0.000000 0.000000
0.057665 -0.030241 -0.036883 1.000000 0.000000 0.000000
0.000000 0.000000 0.000000 0.000000 0.000000 0.000000
0.053916 -0.034538 -0.040075 1.000000 0.000000 0.000000
0.050167 -0.038834 -0.043267 1.000000 0.000000 0.000000
0.046419 -0.043131 -0.046456 1.000000 0.000000 0.000000
0.000000 0.000000 0.000000 0.000000 0.000000 0.000000
0.046421 -0.043016 -0.039925 1.000000 0.000000 0.000000
0.035023 -0.049623 -0.029860 1.000000 0.000000 0.000000
0.040158 -0.047144 -0.026667 1.000000 0.000000 0.000000
0.040156 -0.047338 -0.033197 1.000000 0.000000 0.000000
0.035020 -0.049817 -0.036390 1.000000 0.000000 0.000000
0.040153 -0.047532 -0.039728 1.000000 0.000000 0.000000
0.040151 -0.047726 -0.046258 1.000000 0.000000 0.000000
0.000000 0.000000 0.000000 0.000000 0.000000 0.000000
0.035018 -0.050011 -0.042920 1.000000 0.000000 0.000000
0.029885 -0.052296 -0.039583 1.000000 0.000000 0.000000
0.024755 -0.054580 -0.036245 1.000000 0.000000 0.000000
0.000000 0.000000 0.000000 0.000000 0.000000 0.000000
0.029888 -0.052102 -0.033052 1.000000 0.000000 0.000000
0.020666 -0.055029 -0.049700 1.000000 0.000000 0.000000
0.020669 -0.054907 -0.043166 1.000000 0.000000 0.000000
0.026101 -0.053390 -0.046463 1.000000 0.000000 0.000000
0.026097 -0.053511 -0.052997 1.000000 0.000000 0.000000
0.031533 -0.051872 -0.049761 1.000000 0.000000 0.000000
0.036965 -0.050355 -0.053058 1.000000 0.000000 0.000000
0.000000 0.000000 0.000000 0.000000 0.000000 0.000000
0.031529 -0.051994 -0.056294 1.000000 0.000000 0.000000
0.026094 -0.053632 -0.059531 1.000000 0.000000 0.000000
0.020660 -0.055271 -0.062765 1.000000 0.000000 0.000000
0.000000 0.000000 0.000000 0.000000 0.000000 0.000000
0.020662 -0.055150 -0.056233 1.000000 0.000000 0.000000
0.029839 -0.052706 -0.073093 1.000000 0.000000 0.000000
0.024753 -0.055199 -0.069833 1.000000 0.000000 0.000000
0.029842 -0.052738 -0.066558 1.000000 0.000000 0.000000
0.034929 -0.050246 -0.069818 1.000000 0.000000 0.000000
0.034932 -0.050278 -0.063283 1.000000 0.000000 0.000000
0.040022 -0.047817 -0.060008 1.000000 0.000000 0.000000
0.000000 0.000000 0.000000 0.000000 0.000000 0.000000
0.040018 -0.047786 -0.066543 1.000000 0.000000 0.000000
0.040015 -0.047754 -0.073078 1.000000 0.000000 0.000000
0.040010 -0.047723 -0.079610 1.000000 0.000000 0.000000
0.000000 0.000000 0.000000 0.000000 0.000000 0.000000
0.034925 -0.050214 -0.076353 1.000000 0.000000 0.000000
0.020653 -0.055220 -0.083184 1.000000 0.000000 0.000000
0.020657 -0.055344 -0.076650 1.000000 0.000000 0.000000
0.026063 -0.053620 -0.079887 1.000000 0.000000 0.000000
0.026059 -0.053496 -0.086421 1.000000 0.000000 0.000000
0.031470 -0.051895 -0.083125 1.000000 0.000000 0.000000
0.036877 -0.050171 -0.086362 1.000000 0.000000 0.000000
0.000000 0.000000 0.000000 0.000000 0.000000 0.000000
0.031465 -0.051772 -0.089658 1.000000 0.000000 0.000000
0.026055 -0.053372 -0.092955 1.000000 0.000000 0.000000
0.020645 -0.054972 -0.096249 1.000000 0.000000 0.000000
0.000000 0.000000 0.000000 0.000000 0.000000 0.000000
0.020648 -0.055097 -0.089718 1.000000 0.000000 0.000000
0.029778 -0.051741 -0.106625 1.000000 0.000000 0.000000
0.024761 -0.054529 -0.103500 1.000000 0.000000 0.000000
0.029782 -0.052097 -0.100100 1.000000 0.000000 0.000000
0.034798 -0.049309 -0.103225 1.000000 0.000000 0.000000
0.034803 -0.049665 -0.096700 1.000000 0.000000 0.000000
0.039824 -0.047233 -0.093300 1.000000 0.000000 0.000000
0.000000 0.000000 0.000000 0.000000 0.000000 0.000000
0.039819 -0.046877 -0.099825 1.000000 0.000000 0.000000
0.039815 -0.046520 -0.106350 1.000000 0.000000 0.000000
0.039809 -0.046165 -0.112873 1.000000 0.000000 0.000000
0.000000 0.000000 0.000000 0.000000 0.000000 0.000000
0.034793 -0.048953 -0.109750 1.000000 0.000000 0.000000
0.049256 -0.036684 -0.110085 1.000000 0.000000 0.000000
0.045780 -0.040824 -0.113759 1.000000 0.000000 0.000000
0.045789 -0.041446 -0.107256 1.000000 0.000000 0.000000
0.049265 -0.037307 -0.103582 1.000000 0.000000 0.000000
0.045798 -0.042068 -0.100751 1.000000 0.000000 0.000000
0.045806 -0.042691 -0.094248 1.000000 0.000000 0.000000
0.000000 0.000000 0.000000 0.000000 0.000000 0.000000
0.049273 -0.037929 -0.097079 1.000000 0.000000 0.000000
0.052740 -0.033167 -0.099909 1.000000 0.000000 0.000000
0.056206 -0.028408 -0.102740 1.000000 0.000000 0.000000
0.000000 0.000000 0.000000 0.000000 0.000000 0.000000
0.052732 -0.032545 -0.106413 1.000000 0.000000 0.000000
0.052142 -0.035010 -0.090845 1.000000 0.000000 0.000000
0.049576 -0.040349 -0.088084 1.000000 0.000000 0.000000
0.052149 -0.035652 -0.084342 1.000000 0.000000 0.000000
0.054715 -0.030314 -0.087102 1.000000 0.000000 0.000000
0.054722 -0.030956 -0.080599 1.000000 0.000000 0.000000
0.057294 -0.026259 -0.076856 1.000000 0.000000 0.000000
0.000000 0.000000 0.000000 0.000000 0.000000 0.000000
0.057288 -0.025618 -0.083360 1.000000 0.000000 0.000000
0.057282 -0.024975 -0.089863 1.000000 0.000000 0.000000
0.057275 -0.024335 -0.096364 1.000000 0.000000 0.000000
0.000000 0.000000 0.000000 0.000000 0.000000 0.000000
0.054709 -0.029672 -0.093606 1.000000 0.000000 0.000000
0.000000 0.000000 0.000000 0.000000 0.000000 0.000000
0.000000 0.000000 0.000000 0.000000 0.000000 0.000000
0.000000 0.000000 0.000000 0.000000 0.000000 0.000000
0.000000 0.000000 0.000000 0.000000 0.000000 0.000000
0.000000 0.000000 0.000000 0.000000 0.000000 0.000000
0.000000 0.000000 0.000000 0.000000 0.000000 0.000000
0.000000 0.000000 0.000000 0.000000 0.000000 0.000000
0.000000 0.000000 0.000000 0.000000 0.000000 0.000000
0.000000 0.000000 0.000000 0.000000 0.000000 0.000000
0.000000 0.000000 0.000000 0.000000 0.000000 0.000000
0.000000 0.000000 0.000000 0.000000 0.000000 0.000000
0.000000 0.000000 0.000000 0.000000 0.000000 0.000000
0.000000 0.000000 0.000000 0.000000 0.000000 0.000000
0.000000 0.000000 0.000000 0.000000 0.000000 0.000000
0.000000 0.000000 0.000000 0.000000 0.000000 0.000000
0.000000 0.000000 0.000000 0.000000 0.000000 0.000000
0.000000 0.000000 0.000000 0.000000 0.000000 0.000000
0.000000 0.000000 0.000000 0.000000 0.000000 0.000000
0.000000 0.000000 0.000000 0.000000 0.000000 0.000000
0.000000 0.000000 0.000000 0.000000 0.000000 0.000000
0.000000 0.000000 0.000000 0.000000 0.000000 0.000000
0.000000 0.000000 0.000000 0.000000 0.000000 0.000000
0.000000 0.000000 0.000000 0.000000 0.000000 0.000000
0.000000 0.000000 0.000000 0.000000 0.000000 0.000000
0.000000 0.000000 0.000000 0.000000 0.000000 0.000000
0.000000 0.000000 0.000000 0.000000 0.000000 0.000000
0.000000 0.000000 0.000000 0.000000 0.000000 0.000000
0.000000 0.000000 0.000000 0.000000 0.000000 0.000000
0.000000 0.000000 0.000000 0.000000 0.000000 0.000000
0.000000 0.000000 0.000000 0.000000 0.000000 0.000000
0.000000 0.000000 0.000000 0.000000 0.000000 0.000000
0.000000 0.000000 0.000000 0.000000 0.000000 0.000000
0.000000 0.000000 0.000000 0.000000 0.000000 0.000000
0.000000 0.000000 0.000000 0.000000 0.000000 0.000000
0.000000 0.000000 0.000000 0.000000 0.000000 0.000000
0.000000 0.000000 0.000000 0.000000 0.000000 0.000000
0.052697 -0.036050 -0.057053 1.000000 0.000000 0.000000
0.049986 -0.041095 -0.053906 1.000000 0.000000 0.000000
0.052700 -0.036211 -0.050521 1.000000 0.000000 0.000000
0.055410 -0.031165 -0.053668 1.000000 0.000000 0.000000
0.055414 -0.031326 -0.047135 1.000000 0.000000 0.000000
0.058127 -0.026441 -0.043749 1.000000 0.000000 0.000000
0.000000 0.000000 0.000000 0.000000 0.000000 0.000000
0.058124 -0.026281 -0.050283 1.000000 0.000000 0.000000
0.058121 -0.026120 -0.056815 1.000000 0.000000 0.000000
0.058117 -0.025961 -0.063346 1.000000 0.000000 0.000000
0.000000 0.000000 0.000000 0.000000 0.000000 0.000000
0.055407 -0.031005 -0.060201 1.000000 0.000000 0.000000
0.046187 -0.043227 -0.067032 1.000000 0.000000 0.000000
0.046194 -0.043433 -0.060500 1.000000 0.000000 0.000000
0.049841 -0.039009 -0.063632 1.000000 0.000000 0.000000
0.049834 -0.038803 -0.070164 1.000000 0.000000 0.000000
0.053488 -0.034584 -0.066764 1.000000 0.000000 0.000000
0.057135 -0.030160 -0.069895 1.000000 0.000000 0.000000
0.000000 0.000000 0.000000 0.000000 0.000000 0.000000
0.053481 -0.034379 -0.073295 1.000000 0.000000 0.000000
0.049828 -0.038597 -0.076696 1.000000 0.000000 0.000000
0.046175 -0.042815 -0.080093 1.000000 0.000000 0.000000
0.000000 0.000000 0.000000 0.000000 0.000000 0.000000
0.046181 -0.043022 -0.073564 1.000000 0.000000 0.000000
0.000000 0.000000 0.000000 0.000000 0.000000 0.000000
0.000000 0.000000 0.000000 0.000000 0.000000 0.000000
0.000000 0.000000 0.000000 0.000000 0.000000 0.000000
0.000000 0.000000 0.000000 0.000000 0.000000 0.000000
0.000000 0.000000 0.000000 0.000000 0.000000 0.000000
0.000000 0.000000 0.000000 0.000000 0.000000 0.000000
0.000000 0.000000 0.000000 0.000000 0.000000 0.000000
0.000000 0.000000 0.000000 0.000000 0.000000 0.000000
0.000000 0.000000 0.000000 0.000000 0.000000 0.000000
0.000000 0.000000 0.000000 0.000000 0.000000 0.000000
0.000000 0.000000 0.000000 0.000000 0.000000 0.000000
0.000000 0.000000 0.000000 0.000000 0.000000 0.000000
0.000000 0.000000 0.000000 0.000000 0.000000 0.000000
0.000000 0.000000 0.000000 0.000000 0.000000 0.000000
0.000000 0.000000 0.000000 0.000000 0.000000 0.000000
0.000000 0.000000 0.000000 0.000000 0.000000 0.000000
0.000000 0.000000 0.000000 0.000000 0.000000 0.000000
0.000000 0.000000 0.000000 0.000000 0.000000 0.000000
0.000000 0.000000 0.000000 0.000000 0.000000 0.000000
0.000000 0.000000 0.000000 0.000000 0.000000 0.000000
0.000000 0.000000 0.000000 0.000000 0.000000 0.000000
0.000000 0.000000 0.000000 0.000000 0.000000 0.000000
0.000000 0.000000 0.000000 0.000000 0.000000 0.000000
0.000000 0.000000 0.000000 0.000000 0.000000 0.000000
0.000000 0.000000 0.000000 0.000000 0.000000 0.000000
0.000000 0.000000 0.000000 0.000000 0.000000 0.000000
0.000000 0.000000 0.000000 0.000000 0.000000 0.000000
0.000000 0.000000 0.000000 0.000000 0.000000 0.000000
0.000000 0.000000 0.000000 0.000000 0.000000 0.000000
0.000000 0.000000 0.000000 0.000000 0.000000 0.000000
0.000000 0.000000 0.000000 0.000000 0.000000 0.000000
0.000000 0.000000 0.000000 0.000000 0.000000 0.000000
0.000000 0.000000 0.000000 0.000000 0.000000 0.000000
0.000000 0.000000 0.000000 0.000000 0.000000 0.000000
0.000000 0.000000 0.000000 0.000000 0.000000 0.000000
0.000000 0.000000 0.000000 0.000000 0.000000 0.000000
0.000000 0.000000 0.000000 0.000000 0.000000 0.000000
0.000000 0.000000 0.000000 0.000000 0.000000 0.000000
0.000000 0.000000 0.000000 0.000000 0.000000 0.000000
0.000000 0.000000 0.000000 0.000000 0.000000 0.000000
0.000000 0.000000 0.000000 0.000000 0.000000 0.000000
0.000000 0.000000 0.000000 0.000000 0.000000 0.000000
0.000000 0.000000 0.000000 0.000000 0.000000 0.000000
0.000000 0.000000 0.000000 0.000000 0.000000 0.000000
0.000000 0.000000 0.000000 0.000000 0.000000 0.000000
0.000000 0.000000 0.000000 0.000000 0.000000 0.000000
0.000000 0.000000 0.000000 0.000000 0.000000 0.000000
0.000000 0.000000 0.000000 0.000000 0.000000 0.000000
0.000000 0.000000 0.000000 0.000000 0.000000 0.000000
0.000000 0.000000 0.000000 0.000000 0.000000 0.000000
0.000000 0.000000 0.000000 0.000000 0.000000 0.000000
0.000000 0.000000 0.000000 0.000000 0.000000 0.000000
0.000000 0.000000 0.000000 0.000000 0.000000 0.000000
0.000000 0.000000 0.000000 0.000000 0.000000 0.000000
0.000000 0.000000 0.000000 0.000000 0.000000 0.000000
0.000000 0.000000 0.000000 0.000000 0.000000 0.000000
0.000000 0.000000 0.000000 0.000000 0.000000 0.000000
0.000000 0.000000 0.000000 0.000000 0.000000 0.000000
0.000000 0.000000 0.000000 0.000000 0.000000 0.000000
0.000000 0.000000 0.000000 0.000000 0.000000 0.000000
0.020927 0.050556 -0.045359 1.000000 0.000000 0.000000
0.026489 0.049482 -0.048618 1.000000 0.000000 0.000000
0.026488 0.049527 -0.042085 1.000000 0.000000 0.000000
0.020926 0.050601 -0.038826 1.000000 0.000000 0.000000
0.026487 0.049572 -0.035551 1.000000 0.000000 0.000000
0.026487 0.049617 -0.029018 1.000000 0.000000 0.000000
0.000000 0.000000 0.000000 0.000000 0.000000 0.000000
0.020925 0.050646 -0.032293 1.000000 0.000000 0.000000
0.015364 0.051674 -0.035567 1.000000 0.000000 0.000000
0.009806 0.052702 -0.038842 1.000000 0.000000 0.000000
0.000000 0.000000 0.000000 0.000000 0.000000 0.000000
0.015365 0.051629 -0.042101 1.000000 0.000000 0.000000
0.000000 0.000000 0.000000 0.000000 0.000000 0.000000
0.000000 0.000000 0.000000 0.000000 0.000000 0.000000
0.000000 0.000000 0.000000 0.000000 0.000000 0.000000
0.000000 0.000000 0.000000 0.000000 0.000000 0.000000
0.000000 0.000000 0.000000 0.000000 0.000000 0.000000
0.000000 0.000000 0.000000 0.000000 0.000000 0.000000
0.000000 0.000000 0.000000 0.000000 0.000000 0.000000
0.000000 0.000000 0.000000 0.000000 0.000000 0.000000
0.000000 0.000000 0.000000 0.000000 0.000000 0.000000
0.000000 0.000000 0.000000 0.000000 0.000000 0.000000
0.000000 0.000000 0.000000 0.000000 0.000000 0.000000
0.000000 0.000000 0.000000 0.000000 0.000000 0.000000
0.017463 0.051103 -0.011693 1.000000 0.000000 0.000000
0.023059 0.050329 -0.014979 1.000000 0.000000 0.000000
0.023058 0.050173 -0.008448 1.000000 0.000000 0.000000
0.017463 0.050947 -0.005162 1.000000 0.000000 0.000000
0.023058 0.050016 -0.001916 1.000000 0.000000 0.000000
0.023057 0.049860 0.004616 1.000000 0.000000 0.000000
0.000000 0.000000 0.000000 0.000000 0.000000 0.000000
0.017462 0.050790 0.001369 1.000000 0.000000 0.000000
0.011867 0.051721 -0.001876 1.000000 0.000000 0.000000
0.006275 0.052651 -0.005122 1.000000 0.000000 0.000000
0.000000 0.000000 0.000000 0.000000 0.000000 0.000000
0.011867 0.051877 -0.008408 1.000000 0.000000 0.000000
0.043955 0.041942 -0.041960 1.000000 0.000000 0.000000
0.048964 0.039323 -0.038679 1.000000 0.000000 0.000000
0.043956 0.041970 -0.035425 1.000000 0.000000 0.000000
0.038947 0.044589 -0.038705 1.000000 0.000000 0.000000
0.038947 0.044617 -0.032170 1.000000 0.000000 0.000000
0.033938 0.047264 -0.028916 1.000000 0.000000 0.000000
0.000000 0.000000 0.000000 0.000000 0.000000 0.000000
0.033938 0.047236 -0.035451 1.000000 0.000000 0.000000
0.033937 0.047208 -0.041985 1.000000 0.000000 0.000000
0.033939 0.047178 -0.048518 1.000000 0.000000 0.000000
0.000000 0.000000 0.000000 0.000000 0.000000 0.000000
0.038946 0.044560 -0.045240 1.000000 0.000000 0.000000
0.000000 0.000000 0.000000 0.000000 0.000000 0.000000
0.000000 0.000000 0.000000 0.000000 0.000000 0.000000
0.000000 0.000000 0.000000 0.000000 0.000000 0.000000
0.000000 0.000000 0.000000 0.000000 0.000000 0.000000
0.000000 0.000000 0.000000 0.000000 0.000000 0.000000
0.000000 0.000000 0.000000 0.000000 0.000000 0.000000
0.000000 0.000000 0.000000 0.000000 0.000000 0.000000
0.000000 0.000000 0.000000 0.000000 0.000000 0.000000
0.000000 0.000000 0.000000 0.000000 0.000000 0.000000
0.000000 0.000000 0.000000 0.000000 0.000000 0.000000
0.000000 0.000000 0.000000 0.000000 0.000000 0.000000
0.000000 0.000000 0.000000 0.000000 0.000000 0.000000
0.000000 0.000000 0.000000 0.000000 0.000000 0.000000
0.000000 0.000000 0.000000 0.000000 0.000000 0.000000
0.000000 0.000000 0.000000 0.000000 0.000000 0.000000
0.000000 0.000000 0.000000 0.000000 0.000000 0.000000
0.000000 0.000000 0.000000 0.000000 0.000000 0.000000
0.000000 0.000000 0.000000 0.000000 0.000000 0.000000
0.000000 0.000000 0.000000 0.000000 0.000000 0.000000
0.000000 0.000000 0.000000 0.000000 0.000000 0.000000
0.000000 0.000000 0.000000 0.000000 0.000000 0.000000
0.000000 0.000000 0.000000 0.000000 0.000000 0.000000
0.000000 0.000000 0.000000 0.000000 0.000000 0.000000
0.000000 0.000000 0.000000 0.000000 0.000000 0.000000
0.045961 0.040096 -0.028367 1.000000 0.000000 0.000000
0.050404 0.036638 -0.031686 1.000000 0.000000 0.000000
0.050403 0.036540 -0.025153 1.000000 0.000000 0.000000
0.045960 0.039998 -0.021835 1.000000 0.000000 0.000000
0.050402 0.036442 -0.018620 1.000000 0.000000 0.000000
0.050400 0.036345 -0.012088 1.000000 0.000000 0.000000
0.000000 0.000000 0.000000 0.000000 0.000000 0.000000
0.045959 0.039901 -0.015303 1.000000 0.000000 0.000000
0.041517 0.043457 -0.018517 1.000000 0.000000 0.000000
0.037078 0.047011 -0.021732 1.000000 0.000000 0.000000
0.000000 0.000000 0.000000 0.000000 0.000000 0.000000
0.041519 0.043554 -0.025050 1.000000 0.000000 0.000000
0.030767 0.048138 -0.008251 1.000000 0.000000 0.000000
0.030769 0.048322 -0.014784 1.000000 0.000000 0.000000
0.035920 0.045891 -0.011583 1.000000 0.000000 0.000000
0.035917 0.045707 -0.005050 1.000000 0.000000 0.000000
0.041071 0.043459 -0.008382 1.000000 0.000000 0.000000
0.046221 0.041028 -0.005181 1.000000 0.000000 0.000000
0.000000 0.000000 0.000000 0.000000 0.000000 0.000000
0.041067 0.043276 -0.001850 1.000000 0.000000 0.000000
0.035915 0.045523 0.001482 1.000000 0.000000 0.000000
0.030762 0.047770 0.004811 1.000000 0.000000 0.000000
0.000000 0.000000 0.000000 0.000000 0.000000 0.000000
0.030763 0.047955 -0.001719 1.000000 0.000000 0.000000
0.036835 0.044873 0.015424 1.000000 0.000000 0.000000
0.032054 0.048052 0.012305 1.000000 0.000000 0.000000
0.036838 0.045192 0.008897 1.000000 0.000000 0.000000
0.041619 0.042012 0.012017 1.000000 0.000000 0.000000
0.041622 0.042331 0.005489 1.000000 0.000000 0.000000
0.046406 0.039471 0.002082 1.000000 0.000000 0.000000
0.000000 0.000000 0.000000 0.000000 0.000000 0.000000
0.046403 0.039152 0.008609 1.000000 0.000000 0.000000
0.046401 0.038832 0.015136 1.000000 0.000000 0.000000
0.046397 0.038514 0.021661 1.000000 0.000000 0.000000
0.000000 0.000000 0.000000 0.000000 0.000000 0.000000
0.041617 0.041693 0.018544 1.000000 0.000000 0.000000
0.000000 0.000000 0.000000 0.000000 0.000000 0.000000
0.000000 0.000000 0.000000 0.000000 0.000000 0.000000
0.000000 0.000000 0.000000 0.000000 0.000000 0.000000
0.000000 0.000000 0.000000 0.000000 0.000000 0.000000
0.000000 0.000000 0.000000 0.000000 0.000000 0.000000
0.000000 0.000000 0.000000 0.000000 0.000000 0.000000
0.000000 0.000000 0.000000 0.000000 0.000000 0.000000
0.000000 0.000000 0.000000 0.000000 0.000000 0.000000
0.000000 0.000000 0.000000 0.000000 0.000000 0.000000
0.000000 0.000000 0.000000 0.000000 0.000000 0.000000
0.000000 0.000000 0.000000 0.000000 0.000000 0.000000
0.000000 0.000000 0.000000 0.000000 0.000000 0.000000
0.000000 0.000000 0.000000 0.000000 0.000000 0.000000
0.000000 0.000000 0.000000 0.000000 0.000000 0.000000
0.000000 0.000000 0.000000 0.000000 0.000000 0.000000
0.000000 0.000000 0.000000 0.000000 0.000000 0.000000
0.000000 0.000000 0.000000 0.000000 0.000000 0.000000
0.000000 0.000000 0.000000 0.000000 0.000000 0.000000
0.000000 0.000000 0.000000 0.000000 0.000000 0.000000
0.000000 0.000000 0.000000 0.000000 0.000000 0.000000
0.000000 0.000000 0.000000 0.000000 0.000000 0.000000
0.000000 0.000000 0.000000 0.000000 0.000000 0.000000
0.000000 0.000000 0.000000 0.000000 0.000000 0.000000
0.000000 0.000000 0.000000 0.000000 0.000000 0.000000
0.000000 0.000000 0.000000 0.000000 0.000000 0.000000
0.000000 0.000000 0.000000 0.000000 0.000000 0.000000
0.000000 0.000000 0.000000 0.000000 0.000000 0.000000
0.000000 0.000000 0.000000 0.000000 0.000000 0.000000
0.000000 0.000000 0.000000 0.000000 0.000000 0.000000
0.000000 0.000000 0.000000 0.000000 0.000000 0.000000
0.000000 0.000000 0.000000 0.000000 0.000000 0.000000
0.000000 0.000000 0.000000 0.000000 0.000000 0.000000
0.000000 0.000000 0.000000 0.000000 0.000000 0.000000
0.000000 0.000000 0.000000 0.000000 0.000000 0.000000
0.000000 0.000000 0.000000 0.000000 0.000000 0.000000
0.000000 0.000000 0.000000 0.000000 0.000000 0.000000
0.000000 0.000000 0.000000 0.000000 0.000000 0.000000
0.000000 0.000000 0.000000 0.000000 0.000000 0.000000
0.000000 0.000000 0.000000 0.000000 0.000000 0.000000
0.000000 0.000000 0.000000 0.000000 0.000000 0.000000
0.000000 0.000000 0.000000 0.000000 0.000000 0.000000
0.000000 0.000000 0.000000 0.000000 0.000000 0.000000
0.000000 0.000000 0.000000 0.000000 0.000000 0.000000
0.000000 0.000000 0.000000 0.000000 0.000000 0.000000
0.000000 0.000000 0.000000 0.000000 0.000000 0.000000
0.000000 0.000000 0.000000 0.000000 0.000000 0.000000
0.000000 0.000000 0.000000 0.000000 0.000000 0.000000
0.000000 0.000000 0.000000 0.000000 0.000000 0.000000
0.051282 0.035425 -0.051958 1.000000 0.000000 0.000000
0.051283 0.035579 -0.045425 1.000000 0.000000 0.000000
0.046959 0.039151 -0.048775 1.000000 0.000000 0.000000
0.046958 0.038997 -0.055308 1.000000 0.000000 0.000000
0.042635 0.042724 -0.052126 1.000000 0.000000 0.000000
0.038311 0.046296 -0.055476 1.000000 0.000000 0.000000
0.000000 0.000000 0.000000 0.000000 0.000000 0.000000
0.042634 0.042570 -0.058658 1.000000 0.000000 0.000000
0.046957 0.038844 -0.061842 1.000000 0.000000 0.000000
0.051279 0.035118 -0.065022 1.000000 0.000000 0.000000
0.000000 0.000000 0.000000 0.000000 0.000000 0.000000
0.051282 0.035271 -0.058491 1.000000 0.000000 0.000000
0.043510 0.041354 -0.075303 1.000000 0.000000 0.000000
0.048541 0.038889 -0.071939 1.000000 0.000000 0.000000
0.043513 0.041604 -0.068773 1.000000 0.000000 0.000000
0.038481 0.044069 -0.072137 1.000000 0.000000 0.000000
0.038483 0.044319 -0.065607 1.000000 0.000000 0.000000
0.033455 0.047033 -0.062441 1.000000 0.000000 0.000000
0.000000 0.000000 0.000000 0.000000 0.000000 0.000000
0.033453 0.046784 -0.068971 1.000000 0.000000 0.000000
0.033450 0.046534 -0.075501 1.000000 0.000000 0.000000
0.033450 0.046284 -0.082029 1.000000 0.000000 0.000000
0.000000 0.000000 0.000000 0.000000 0.000000 0.000000
0.038480 0.043819 -0.078668 1.000000 0.000000 0.000000
0.049384 0.035913 -0.085306 1.000000 0.000000 0.000000
0.049388 0.036312 -0.078783 1.000000 0.000000 0.000000
0.044909 0.039566 -0.082252 1.000000 0.000000 0.000000
0.044905 0.039167 -0.088775 1.000000 0.000000 0.000000
0.040429 0.042820 -0.085721 1.000000 0.000000 0.000000
0.035950 0.046074 -0.089189 1.000000 0.000000 0.000000
0.000000 0.000000 0.000000 0.000000 0.000000 0.000000
0.040426 0.042420 -0.092243 1.000000 0.000000 0.000000
0.044901 0.038767 -0.095298 1.000000 0.000000 0.000000
0.049376 0.035114 -0.098349 1.000000 0.000000 0.000000
0.000000 0.000000 0.000000 0.000000 0.000000 0.000000
0.049381 0.035513 -0.091829 1.000000 0.000000 0.000000
0.039443 0.041759 -0.108853 1.000000 0.000000 0.000000
0.044672 0.039829 -0.105441 1.000000 0.000000 0.000000
0.039446 0.042222 -0.102335 1.000000 0.000000 0.000000
0.034217 0.044152 -0.105747 1.000000 0.000000 0.000000
0.034220 0.044616 -0.099228 1.000000 0.000000 0.000000
0.028995 0.047009 -0.096122 1.000000 0.000000 0.000000
0.000000 0.000000 0.000000 0.000000 0.000000 0.000000
0.028992 0.046545 -0.102641 1.000000 0.000000 0.000000
0.028988 0.046081 -0.109159 1.000000 0.000000 0.000000
0.028987 0.045617 -0.115675 1.000000 0.000000 0.000000
0.000000 0.000000 0.000000 0.000000 0.000000 0.000000
0.034214 0.043688 -0.112266 1.000000 0.000000 0.000000
0.000000 0.000000 0.000000 0.000000 0.000000 0.000000
0.000000 0.000000 0.000000 0.000000 0.000000 0.000000
0.000000 0.000000 0.000000 0.000000 0.000000 0.000000
0.000000 0.000000 0.000000 0.000000 0.000000 0.000000
0.000000 0.000000 0.000000 0.000000 0.000000 0.000000
0.000000 0.000000 0.000000 0.000000 0.000000 0.000000
0.000000 0.000000 0.000000 0.000000 0.000000 0.000000
0.000000 0.000000 0.000000 0.000000 0.000000 0.000000
0.000000 0.000000 0.000000 0.000000 0.000000 0.000000
0.000000 0.000000 0.000000 0.000000 0.000000 0.000000
0.000000 0.000000 0.000000 0.000000 0.000000 0.000000
0.000000 0.000000 0.000000 0.000000 0.000000 0.000000
0.000000 0.000000 0.000000 0.000000 0.000000 0.000000
0.000000 0.000000 0.000000 0.000000 0.000000 0.000000
0.000000 0.000000 0.000000 0.000000 0.000000 0.000000
0.000000 0.000000 0.000000 0.000000 0.000000 0.000000
0.000000 0.000000 0.000000 0.000000 0.000000 0.000000
0.000000 0.000000 0.000000 0.000000 0.000000 0.000000
0.000000 0.000000 0.000000 0.000000 0.000000 0.000000
0.000000 0.000000 0.000000 0.000000 0.000000 0.000000
0.000000 0.000000 0.000000 0.000000 0.000000 0.000000
0.000000 0.000000 0.000000 0.000000 0.000000 0.000000
0.000000 0.000000 0.000000 0.000000 0.000000 0.000000
0.000000 0.000000 0.000000 0.000000 0.000000 0.000000
0.000000 0.000000 0.000000 0.000000 0.000000 0.000000
0.000000 0.000000 0.000000 0.000000 0.000000 0.000000
0.000000 0.000000 0.000000 0.000000 0.000000 0.000000
0.000000 0.000000 0.000000 0.000000 0.000000 0.000000
0.000000 0.000000 0.000000 0.000000 0.000000 0.000000
0.000000 0.000000 0.000000 0.000000 0.000000 0.000000
0.000000 0.000000 0.000000 0.000000 0.000000 0.000000
0.000000 0.000000 0.000000 0.000000 0.000000 0.000000
0.000000 0.000000 0.000000 0.000000 0.000000 0.000000
0.000000 0.000000 0.000000 0.000000 0.000000 0.000000
0.000000 0.000000 0.000000 0.000000 0.000000 0.000000
0.000000 0.000000 0.000000 0.000000 0.000000 0.000000
0.000000 0.000000 0.000000 0.000000 0.000000 0.000000
0.000000 0.000000 0.000000 0.000000 0.000000 0.000000
0.000000 0.000000 0.000000 0.000000 0.000000 0.000000
0.000000 0.000000 0.000000 0.000000 0.000000 0.000000
0.000000 0.000000 0.000000 0.000000 0.000000 0.000000
0.000000 0.000000 0.000000 0.000000 0.000000 0.000000
0.000000 0.000000 0.000000 0.000000 0.000000 0.000000
0.000000 0.000000 0.000000 0.000000 0.000000 0.000000
0.000000 0.000000 0.000000 0.000000 0.000000 0.000000
0.000000 0.000000 0.000000 0.000000 0.000000 0.000000
0.000000 0.000000 0.000000 0.000000 0.000000 0.000000
0.000000 0.000000 0.000000 0.000000 0.000000 0.000000
0.000000 0.000000 0.000000 0.000000 0.000000 0.000000
0.000000 0.000000 0.000000 0.000000 0.000000 0.000000
0.000000 0.000000 0.000000 0.000000 0.000000 0.000000
0.000000 0.000000 0.000000 0.000000 0.000000 0.000000
0.000000 0.000000 0.000000 0.000000 0.000000 0.000000
0.000000 0.000000 0.000000 0.000000 0.000000 0.000000
0.000000 0.000000 0.000000 0.000000 0.000000 0.000000
0.000000 0.000000 0.000000 0.000000 0.000000 0.000000
0.000000 0.000000 0.000000 0.000000 0.000000 0.000000
0.000000 0.000000 0.000000 0.000000 0.000000 0.000000
0.000000 0.000000 0.000000 0.000000 0.000000 0.000000
0.000000 0.000000 0.000000 0.000000 0.000000 0.000000
0.000000 0.000000 0.000000 0.000000 0.000000 0.000000
0.000000 0.000000 0.000000 0.000000 0.000000 0.000000
0.000000 0.000000 0.000000 0.000000 0.000000 0.000000
0.000000 0.000000 0.000000 0.000000 0.000000 0.000000
0.000000 0.000000 0.000000 0.000000 0.000000 0.000000
0.000000 0.000000 0.000000 0.000000 0.000000 0.000000
0.000000 0.000000 0.000000 0.000000 0.000000 0.000000
0.000000 0.000000 0.000000 0.000000 0.000000 0.000000
0.000000 0.000000 0.000000 0.000000 0.000000 0.000000
0.000000 0.000000 0.000000 0.000000 0.000000 0.000000
0.000000 0.000000 0.000000 0.000000 0.000000 0.000000
0.000000 0.000000 0.000000 0.000000 0.000000 0.000000
0.000000 0.000000 0.000000 0.000000 0.000000 0.000000
0.000000 0.000000 0.000000 0.000000 0.000000 0.000000
0.000000 0.000000 0.000000 0.000000 0.000000 0.000000
0.000000 0.000000 0.000000 0.000000 0.000000 0.000000
0.000000 0.000000 0.000000 0.000000 0.000000 0.000000
0.000000 0.000000 0.000000 0.000000 0.000000 0.000000
0.000000 0.000000 0.000000 0.000000 0.000000 0.000000
0.000000 0.000000 0.000000 0.000000 0.000000 0.000000
0.000000 0.000000 0.000000 0.000000 0.000000 0.000000
0.000000 0.000000 0.000000 0.000000 0.000000 0.000000
0.000000 0.000000 0.000000 0.000000 0.000000 0.000000
0.000000 0.000000 0.000000 0.000000 0.000000 0.000000
0.000000 0.000000 0.000000 0.000000 0.000000 0.000000
0.000000 0.000000 0.000000 0.000000 0.000000 0.000000
0.000000 0.000000 0.000000 0.000000 0.000000 0.000000
0.000000 0.000000 0.000000 0.000000 0.000000 0.000000
0.000000 0.000000 0.000000 0.000000 0.000000 0.000000
0.000000 0.000000 0.000000 0.000000 0.000000 0.000000
0.000000 0.000000 0.000000 0.000000 0.000000 0.000000
0.000000 0.000000 0.000000 0.000000 0.000000 0.000000
0.000000 0.000000 0.000000 0.000000 0.000000 0.000000
0.000000 0.000000 0.000000 0.000000 0.000000 0.000000
0.000000 0.000000 0.000000 0.000000 0.000000 0.000000
0.000000 0.000000 0.000000 0.000000 0.000000 0.000000
0.020478 0.049642 -0.078768 1.000000 0.000000 0.000000
0.026048 0.048516 -0.081994 1.000000 0.000000 0.000000
0.026048 0.048764 -0.075466 1.000000 0.000000 0.000000
0.020477 0.049890 -0.072240 1.000000 0.000000 0.000000
0.026047 0.049012 -0.068936 1.000000 0.000000 0.000000
0.026047 0.049260 -0.062408 1.000000 0.000000 0.000000
0.000000 0.000000 0.000000 0.000000 0.000000 0.000000
0.020477 0.050139 -0.065711 1.000000 0.000000 0.000000
0.014907 0.051017 -0.069014 1.000000 0.000000 0.000000
0.009339 0.051895 -0.072317 1.000000 0.000000 0.000000
0.000000 0.000000 0.000000 0.000000 0.000000 0.000000
0.014907 0.050769 -0.075543 1.000000 0.000000 0.000000
0.000000 0.000000 0.000000 0.000000 0.000000 0.000000
0.000000 0.000000 0.000000 0.000000 0.000000 0.000000
0.000000 0.000000 0.000000 0.000000 0.000000 0.000000
0.000000 0.000000 0.000000 0.000000 0.000000 0.000000
0.000000 0.000000 0.000000 0.000000 0.000000 0.000000
0.000000 0.000000 0.000000 0.000000 0.000000 0.000000
0.000000 0.000000 0.000000 0.000000 0.000000 0.000000
0.000000 0.000000 0.000000 0.000000 0.000000 0.000000
0.000000 0.000000 0.000000 0.000000 0.000000 0.000000
0.000000 0.000000 0.000000 0.000000 0.000000 0.000000
0.000000 0.000000 0.000000 0.000000 0.000000 0.000000
0.000000 0.000000 0.000000 0.000000 0.000000 0.000000
0.000000 0.000000 0.000000 0.000000 0.000000 0.000000
0.000000 0.000000 0.000000 0.000000 0.000000 0.000000
0.000000 0.000000 0.000000 0.000000 0.000000 0.000000
0.000000 0.000000 0.000000 0.000000 0.000000 0.000000
0.000000 0.000000 0.000000 0.000000 0.000000 0.000000
0.000000 0.000000 0.000000 0.000000 0.000000 0.000000
0.000000 0.000000 0.000000 0.000000 0.000000 0.000000
0.000000 0.000000 0.000000 0.000000 0.000000 0.000000
0.000000 0.000000 0.000000 0.000000 0.000000 0.000000
0.000000 0.000000 0.000000 0.000000 0.000000 0.000000
0.000000 0.000000 0.000000 0.000000 0.000000 0.000000
0.000000 0.000000 0.000000 0.000000 0.000000 0.000000
0.000000 0.000000 0.000000 0.000000 0.000000 0.000000
0.000000 0.000000 0.000000 0.000000 0.000000 0.000000
0.000000 0.000000 0.000000 0.000000 0.000000 0.000000
0.000000 0.000000 0.000000 0.000000 0.000000 0.000000
0.000000 0.000000 0.000000 0.000000 0.000000 0.000000
0.000000 0.000000 0.000000 0.000000 0.000000 0.000000
0.000000 0.000000 0.000000 0.000000 0.000000 0.000000
0.000000 0.000000 0.000000 0.000000 0.000000 0.000000
0.000000 0.000000 0.000000 0.000000 0.000000 0.000000
0.000000 0.000000 0.000000 0.000000 0.000000 0.000000
0.000000 0.000000 0.000000 0.000000 0.000000 0.000000
0.000000 0.000000 0.000000 0.000000 0.000000 0.000000
-0.044495 -0.024611 0.048450 1.000000 0.000000 0.000000
-0.042298 -0.029850 0.051679 1.000000 0.000000 0.000000
-0.042744 -0.029980 0.045162 1.000000 0.000000 0.000000
-0.044942 -0.024740 0.041933 1.000000 0.000000 0.000000
-0.043190 -0.030109 0.038645 1.000000 0.000000 0.000000
-0.043637 -0.030239 0.032128 1.000000 0.000000 0.000000
0.000000 0.000000 0.000000 0.000000 0.000000 0.000000
-0.045388 -0.024870 0.035417 1.000000 0.000000 0.000000
-0.047139 -0.019500 0.038704 1.000000 0.000000 0.000000
-0.048889 -0.014134 0.041993 1.000000 0.000000 0.000000
0.000000 0.000000 0.000000 0.000000 0.000000 0.000000
-0.046693 -0.019371 0.045222 1.000000 0.000000 0.000000
-0.049476 -0.008495 0.028161 1.000000 0.000000 0.000000
-0.049137 -0.008470 0.034687 1.000000 0.000000 0.000000
-0.048390 -0.014066 0.031400 1.000000 0.000000 0.000000
-0.048730 -0.014091 0.024874 1.000000 0.000000 0.000000
-0.047644 -0.019663 0.028112 1.000000 0.000000 0.000000
-0.046898 -0.025259 0.024824 1.000000 0.000000 0.000000
0.000000 0.000000 0.000000 0.000000 0.000000 0.000000
-0.047983 -0.019687 0.021586 1.000000 0.000000 0.000000
-0.049069 -0.014116 0.018347 1.000000 0.000000 0.000000
-0.050154 -0.008546 0.015112 1.000000 0.000000 0.000000
0.000000 0.000000 0.000000 0.000000 0.000000 0.000000
-0.049815 -0.008519 0.021635 1.000000 0.000000 0.000000
-0.049365 0.005233 0.030932 1.000000 0.000000 0.000000
-0.049537 -0.000447 0.034158 1.000000 0.000000 0.000000
-0.049861 -0.000386 0.027633 1.000000 0.000000 0.000000
-0.049689 0.005295 0.024407 1.000000 0.000000 0.000000
-0.050185 -0.000324 0.021107 1.000000 0.000000 0.000000
-0.050510 -0.000262 0.014583 1.000000 0.000000 0.000000
0.000000 0.000000 0.000000 0.000000 0.000000 0.000000
-0.050014 0.005357 0.017883 1.000000 0.000000 0.000000
-0.049518 0.010976 0.021181 1.000000 0.000000 0.000000
-0.049022 0.016592 0.024481 1.000000 0.000000 0.000000
0.000000 0.000000 0.000000 0.000000 0.000000 0.000000
-0.049193 0.010914 0.027707 1.000000 0.000000 0.000000
0.000000 0.000000 0.000000 0.000000 0.000000 0.000000
0.000000 0.000000 0.000000 0.000000 0.000000 0.000000
0.000000 0.000000 0.000000 0.000000 0.000000 0.000000
0.000000 0.000000 0.000000 0.000000 0.000000 0.000000
0.000000 0.000000 0.000000 0.000000 0.000000 0.000000
0.000000 0.000000 0.000000 0.000000 0.000000 0.000000
0.000000 0.000000 0.000000 0.000000 0.000000 0.000000
0.000000 0.000000 0.000000 0.000000 0.000000 0.000000
0.000000 0.000000 0.000000 0.000000 0.000000 0.000000
0.000000 0.000000 0.000000 0.000000 0.000000 0.000000
0.000000 0.000000 0.000000 0.000000 0.000000 0.000000
0.000000 0.000000 0.000000 0.000000 0.000000 0.000000
0.000000 0.000000 0.000000 0.000000 0.000000 0.000000
0.000000 0.000000 0.000000 0.000000 0.000000 0.000000
0.000000 0.000000 0.000000 0.000000 0.000000 0.000000
0.000000 0.000000 0.000000 0.000000 0.000000 0.000000
0.000000 0.000000 0.000000 0.000000 0.000000 0.000000
0.000000 0.000000 0.000000 0.000000 0.000000 0.000000
0.000000 0.000000 0.000000 0.000000 0.000000 0.000000
0.000000 0.000000 0.000000 0.000000 0.000000 0.000000
0.000000 0.000000 0.000000 0.000000 0.000000 0.000000
0.000000 0.000000 0.000000 0.000000 0.000000 0.000000
0.000000 0.000000 0.000000 0.000000 0.000000 0.000000
0.000000 0.000000 0.000000 0.000000 0.000000 0.000000
0.000000 0.000000 0.000000 0.000000 0.000000 0.000000
0.000000 0.000000 0.000000 0.000000 0.000000 0.000000
0.000000 0.000000 0.000000 0.000000 0.000000 0.000000
0.000000 0.000000 0.000000 0.000000 0.000000 0.000000
0.000000 0.000000 0.000000 0.000000 0.000000 0.000000
0.000000 0.000000 0.000000 0.000000 0.000000 0.000000
0.000000 0.000000 0.000000 0.000000 0.000000 0.000000
0.000000 0.000000 0.000000 0.000000 0.000000 0.000000
0.000000 0.000000 0.000000 0.000000 0.000000 0.000000
0.000000 0.000000 0.000000 0.000000 0.000000 0.000000
0.000000 0.000000 0.000000 0.000000 0.000000 0.000000
0.000000 0.000000 0.000000 0.000000 0.000000 0.000000
-0.038444 -0.042582 -0.044447 1.000000 0.000000 0.000000
-0.042812 -0.038919 -0.041251 1.000000 0.000000 0.000000
-0.038449 -0.042455 -0.037914 1.000000 0.000000 0.000000
-0.034081 -0.046119 -0.041110 1.000000 0.000000 0.000000
-0.034085 -0.045992 -0.034576 1.000000 0.000000 0.000000
-0.029722 -0.049529 -0.031238 1.000000 0.000000 0.000000
0.000000 0.000000 0.000000 0.000000 0.000000 0.000000
-0.029718 -0.049655 -0.037772 1.000000 0.000000 0.000000
-0.029713 -0.049782 -0.044306 1.000000 0.000000 0.000000
-0.029711 -0.049907 -0.050837 1.000000 0.000000 0.000000
0.000000 0.000000 0.000000 0.000000 0.000000 0.000000
-0.034077 -0.046245 -0.047644 1.000000 0.000000 0.000000
0.000000 0.000000 0.000000 0.000000 0.000000 0.000000
0.000000 0.000000 0.000000 0.000000 0.000000 0.000000
0.000000 0.000000 0.000000 0.000000 0.000000 0.000000
0.000000 0.000000 0.000000 0.000000 0.000000 0.000000
0.000000 0.000000 0.000000 0.000000 0.000000 0.000000
0.000000 0.000000 0.000000 0.000000 0.000000 0.000000
0.000000 0.000000 0.000000 0.000000 0.000000 0.000000
0.000000 0.000000 0.000000 0.000000 0.000000 0.000000
0.000000 0.000000 0.000000 0.000000 0.000000 0.000000
0.000000 0.000000 0.000000 0.000000 0.000000 0.000000
0.000000 0.000000 0.000000 0.000000 0.000000 0.000000
0.000000 0.000000 0.000000 0.000000 0.000000 0.000000
-0.050114 -0.015834 -0.028612 1.000000 0.000000 0.000000
-0.051499 -0.010250 -0.025512 1.000000 0.000000 0.000000
-0.050114 -0.015633 -0.022080 1.000000 0.000000 0.000000
-0.048729 -0.021217 -0.025180 1.000000 0.000000 0.000000
-0.048729 -0.021018 -0.018648 1.000000 0.000000 0.000000
-0.047343 -0.026401 -0.015216 1.000000 0.000000 0.000000
0.000000 0.000000 0.000000 0.000000 0.000000 0.000000
-0.047343 -0.026601 -0.021748 1.000000 0.000000 0.000000
-0.047343 -0.026801 -0.028279 1.000000 0.000000 0.000000
-0.047343 -0.026999 -0.034809 1.000000 0.000000 0.000000
0.000000 0.000000 0.000000 0.000000 0.000000 0.000000
-0.048729 -0.021417 -0.031712 1.000000 0.000000 0.000000
-0.040895 -0.038729 -0.031270 1.000000 0.000000 0.000000
-0.044247 -0.034280 -0.034688 1.000000 0.000000 0.000000
-0.044248 -0.034061 -0.028159 1.000000 0.000000 0.000000
-0.040896 -0.038510 -0.024741 1.000000 0.000000 0.000000
-0.044249 -0.033843 -0.021629 1.000000 0.000000 0.000000
-0.044250 -0.033624 -0.015099 1.000000 0.000000 0.000000
0.000000 0.000000 0.000000 0.000000 0.000000 0.000000
-0.040897 -0.038291 -0.018211 1.000000 0.000000 0.000000
-0.037545 -0.042959 -0.021322 1.000000 0.000000 0.000000
-0.034194 -0.047624 -0.024434 1.000000 0.000000 0.000000
0.000000 0.000000 0.000000 0.000000 0.000000 0.000000
-0.037544 -0.043177 -0.027852 1.000000 0.000000 0.000000
-0.028146 -0.049514 -0.011050 1.000000 0.000000 0.000000
-0.028147 -0.049865 -0.017576 1.000000 0.000000 0.000000
-0.032706 -0.046344 -0.014495 1.000000 0.000000 0.000000
-0.032705 -0.045993 -0.007969 1.000000 0.000000 0.000000
-0.037266 -0.042822 -0.011412 1.000000 0.000000 0.000000
-0.041825 -0.039301 -0.008331 1.000000 0.000000 0.000000
0.000000 0.000000 0.000000 0.000000 0.000000 0.000000
-0.037264 -0.042471 -0.004887 1.000000 0.000000 0.000000
-0.032704 -0.045641 -0.001443 1.000000 0.000000 0.000000
-0.028145 -0.048811 0.001998 1.000000 0.000000 0.000000
0.000000 0.000000 0.000000 0.000000 0.000000 0.000000
-0.028145 -0.049163 -0.004525 1.000000 0.000000 0.000000
-0.035195 -0.043247 0.012191 1.000000 0.000000 0.000000
-0.031517 -0.047785 0.009261 1.000000 0.000000 0.000000
-0.035198 -0.043750 0.005675 1.000000 0.000000 0.000000
-0.038876 -0.039212 0.008605 1.000000 0.000000 0.000000
-0.038878 -0.039715 0.002089 1.000000 0.000000 0.000000
-0.042559 -0.035680 -0.001496 1.000000 0.000000 0.000000
0.000000 0.000000 0.000000 0.000000 0.000000 0.000000
-0.042556 -0.035177 0.005020 1.000000 0.000000 0.000000
-0.042553 -0.034673 0.011535 1.000000 0.000000 0.000000
-0.042550 -0.034171 0.018048 1.000000 0.000000 0.000000
0.000000 0.000000 0.000000 0.000000 0.000000 0.000000
-0.038873 -0.038709 0.015121 1.000000 0.000000 0.000000
-0.049385 -0.016792 0.005072 1.000000 0.000000 0.000000
-0.050828 -0.011340 0.008375 1.000000 0.000000 0.000000
-0.049129 -0.016761 0.011601 1.000000 0.000000 0.000000
-0.047686 -0.022212 0.008298 1.000000 0.000000 0.000000
-0.047429 -0.022182 0.014828 1.000000 0.000000 0.000000
-0.045730 -0.027602 0.018055 1.000000 0.000000 0.000000
0.000000 0.000000 0.000000 0.000000 0.000000 0.000000
-0.045987 -0.027633 0.011525 1.000000 0.000000 0.000000
-0.046243 -0.027664 0.004995 1.000000 0.000000 0.000000
-0.046500 -0.027692 -0.001532 1.000000 0.000000 0.000000
0.000000 0.000000 0.000000 0.000000 0.000000 0.000000
-0.047942 -0.022242 0.001768 1.000000 0.000000 0.000000
-0.050851 -0.006584 -0.005413 1.000000 0.000000 0.000000
-0.050719 -0.006562 0.001121 1.000000 0.000000 0.000000
-0.050063 -0.012185 -0.002139 1.000000 0.000000 0.000000
-0.050195 -0.012208 -0.008673 1.000000 0.000000 0.000000
-0.049407 -0.017809 -0.005400 1.000000 0.000000 0.000000
-0.048750 -0.023432 -0.008660 1.000000 0.000000 0.000000
0.000000 0.000000 0.000000 0.000000 0.000000 0.000000
-0.049538 -0.017831 -0.011933 1.000000 0.000000 0.000000
-0.050326 -0.012230 -0.015207 1.000000 0.000000 0.000000
-0.051114 -0.006631 -0.018477 1.000000 0.000000 0.000000
0.000000 0.000000 0.000000 0.000000 0.000000 0.000000
-0.050983 -0.006606 -0.011946 1.000000 0.000000 0.000000
-0.023089 -0.049737 0.022175 1.000000 0.000000 0.000000
-0.023094 -0.050254 0.015660 1.000000 0.000000 0.000000
-0.028045 -0.047269 0.018703 1.000000 0.000000 0.000000
-0.028040 -0.046752 0.025217 1.000000 0.000000 0.000000
-0.032996 -0.044283 0.021746 1.000000 0.000000 0.000000
-0.037947 -0.041298 0.024788 1.000000 0.000000 0.000000
0.000000 0.000000 0.000000 0.000000 0.000000 0.000000
-0.032991 -0.043767 0.028260 1.000000 0.000000 0.000000
-0.028036 -0.046234 0.031732 1.000000 0.000000 0.000000
-0.023081 -0.048702 0.035201 1.000000 0.000000 0.000000
0.000000 0.000000 0.000000 0.000000 0.000000 0.000000
-0.023084 -0.049220 0.028689 1.000000 0.000000 0.000000
-0.029806 -0.044376 0.045693 1.000000 0.000000 0.000000
-0.025548 -0.048418 0.042824 1.000000 0.000000 0.000000
-0.029813 -0.045055 0.039194 1.000000 0.000000 0.000000
-0.034071 -0.041012 0.042063 1.000000 0.000000 0.000000
-0.034079 -0.041691 0.035563 1.000000 0.000000 0.000000
-0.038343 -0.038327 0.031933 1.000000 0.000000 0.000000
0.000000 0.000000 0.000000 0.000000 0.000000 0.000000
-0.038336 -0.037649 0.038433 1.000000 0.000000 0.000000
-0.038330 -0.036970 0.044932 1.000000 0.000000 0.000000
-0.038321 -0.036292 0.051429 1.000000 0.000000 0.000000
0.000000 0.000000 0.000000 0.000000 0.000000 0.000000
-0.034064 -0.040334 0.048563 1.000000 0.000000 0.000000
-0.050130 0.010178 0.010691 1.000000 0.000000 0.000000
-0.051340 0.004648 0.007425 1.000000 0.000000 0.000000
-0.050354 0.010220 0.004160 1.000000 0.000000 0.000000
-0.049144 0.015750 0.007426 1.000000 0.000000 0.000000
-0.049367 0.015793 0.000895 1.000000 0.000000 0.000000
-0.048381 0.021365 -0.002370 1.000000 0.000000 0.000000
0.000000 0.000000 0.000000 0.000000 0.000000 0.000000
-0.048157 0.021322 0.004161 1.000000 0.000000 0.000000
-0.047933 0.021280 0.010692 1.000000 0.000000 0.000000
-0.047710 0.021235 0.017221 1.000000 0.000000 0.000000
0.000000 0.000000 0.000000 0.000000 0.000000 0.000000
-0.048920 0.015707 0.013957 1.000000 0.000000 0.000000
-0.042283 0.032875 0.013610 1.000000 0.000000 0.000000
-0.045414 0.027961 0.016570 1.000000 0.000000 0.000000
-0.045418 0.028381 0.010050 1.000000 0.000000 0.000000
-0.042288 0.033295 0.007091 1.000000 0.000000 0.000000
-0.045423 0.028801 0.003530 1.000000 0.000000 0.000000
-0.045427 0.029221 -0.002990 1.000000 0.000000 0.000000
0.000000 0.000000 0.000000 0.000000 0.000000 0.000000
-0.042292 0.033715 0.000571 1.000000 0.000000 0.000000
-0.039157 0.038209 0.004131 1.000000 0.000000 0.000000
-0.036024 0.042701 0.007692 1.000000 0.000000 0.000000
0.000000 0.000000 0.000000 0.000000 0.000000 0.000000
-0.039153 0.037789 0.010652 1.000000 0.000000 0.000000
0.000000 0.000000 0.000000 0.000000 0.000000 0.000000
0.000000 0.000000 0.000000 0.000000 0.000000 0.000000
0.000000 0.000000 0.000000 0.000000 0.000000 0.000000
0.000000 0.000000 0.000000 0.000000 0.000000 0.000000
0.000000 0.000000 0.000000 0.000000 0.000000 0.000000
0.000000 0.000000 0.000000 0.000000 0.000000 0.000000
0.000000 0.000000 0.000000 0.000000 0.000000 0.000000
0.000000 0.000000 0.000000 0.000000 0.000000 0.000000
0.000000 0.000000 0.000000 0.000000 0.000000 0.000000
0.000000 0.000000 0.000000 0.000000 0.000000 0.000000
0.000000 0.000000 0.000000 0.000000 0.000000 0.000000
0.000000 0.000000 0.000000 0.000000 0.000000 0.000000
0.000000 0.000000 0.000000 0.000000 0.000000 0.000000
0.000000 0.000000 0.000000 0.000000 0.000000 0.000000
0.000000 0.000000 0.000000 0.000000 0.000000 0.000000
0.000000 0.000000 0.000000 0.000000 0.000000 0.000000
0.000000 0.000000 0.000000 0.000000 0.000000 0.000000
0.000000 0.000000 0.000000 0.000000 0.000000 0.000000
0.000000 0.000000 0.000000 0.000000 0.000000 0.000000
0.000000 0.000000 0.000000 0.000000 0.000000 0.000000
0.000000 0.000000 0.000000 0.000000 0.000000 0.000000
0.000000 0.000000 0.000000 0.000000 0.000000 0.000000
0.000000 0.000000 0.000000 0.000000 0.000000 0.000000
0.000000 0.000000 0.000000 0.000000 0.000000 0.000000
0.000000 0.000000 0.000000 0.000000 0.000000 0.000000
0.000000 0.000000 0.000000 0.000000 0.000000 0.000000
0.000000 0.000000 0.000000 0.000000 0.000000 0.000000
0.000000 0.000000 0.000000 0.000000 0.000000 0.000000
0.000000 0.000000 0.000000 0.000000 0.000000 0.000000
0.000000 0.000000 0.000000 0.000000 0.000000 0.000000
0.000000 0.000000 0.000000 0.000000 0.000000 0.000000
0.000000 0.000000 0.000000 0.000000 0.000000 0.000000
0.000000 0.000000 0.000000 0.000000 0.000000 0.000000
0.000000 0.000000 0.000000 0.000000 0.000000 0.000000
0.000000 0.000000 0.000000 0.000000 0.000000 0.000000
0.000000 0.000000 0.000000 0.000000 0.000000 0.000000
0.000000 0.000000 0.000000 0.000000 0.000000 0.000000
0.000000 0.000000 0.000000 0.000000 0.000000 0.000000
0.000000 0.000000 0.000000 0.000000 0.000000 0.000000
0.000000 0.000000 0.000000 0.000000 0.000000 0.000000
0.000000 0.000000 0.000000 0.000000 0.000000 0.000000
0.000000 0.000000 0.000000 0.000000 0.000000 0.000000
0.000000 0.000000 0.000000 0.000000 0.000000 0.000000
0.000000 0.000000 0.000000 0.000000 0.000000 0.000000
0.000000 0.000000 0.000000 0.000000 0.000000 0.000000
0.000000 0.000000 0.000000 0.000000 0.000000 0.000000
0.000000 0.000000 0.000000 0.000000 0.000000 0.000000
0.000000 0.000000 0.000000 0.000000 0.000000 0.000000
-0.004828 0.052150 -0.056804 1.000000 0.000000 0.000000
-0.004829 0.052336 -0.050271 1.000000 0.000000 0.000000
-0.010442 0.051530 -0.053517 1.000000 0.000000 0.000000
-0.010441 0.051345 -0.060049 1.000000 0.000000 0.000000
-0.016055 0.050724 -0.056762 1.000000 0.000000 0.000000
-0.021668 0.049919 -0.060008 1.000000 0.000000 0.000000
0.000000 0.000000 0.000000 0.000000 0.000000 0.000000
-0.016053 0.050539 -0.063294 1.000000 0.000000 0.000000
-0.010440 0.051159 -0.066582 1.000000 0.000000 0.000000
-0.004827 0.051779 -0.069866 1.000000 0.000000 0.000000
0.000000 0.000000 0.000000 0.000000 0.000000 0.000000
-0.004826 0.051965 -0.063336 1.000000 0.000000 0.000000
0.000000 0.000000 0.000000 0.000000 0.000000 0.000000
0.000000 0.000000 0.000000 0.000000 0.000000 0.000000
0.000000 0.000000 0.000000 0.000000 0.000000 0.000000
0.000000 0.000000 0.000000 0.000000 0.000000 0.000000
0.000000 0.000000 0.000000 0.000000 0.000000 0.000000
0.000000 0.000000 0.000000 0.000000 0.000000 0.000000
0.000000 0.000000 0.000000 0.000000 0.000000 0.000000
0.000000 0.000000 0.000000 0.000000 0.000000 0.000000
0.000000 0.000000 0.000000 0.000000 0.000000 0.000000
0.000000 0.000000 0.000000 0.000000 0.000000 0.000000
0.000000 0.000000 0.000000 0.000000 0.000000 0.000000
0.000000 0.000000 0.000000 0.000000 0.000000 0.000000
0.000000 0.000000 0.000000 0.000000 0.000000 0.000000
0.000000 0.000000 0.000000 0.000000 0.000000 0.000000
0.000000 0.000000 0.000000 0.000000 0.000000 0.000000
0.000000 0.000000 0.000000 0.000000 0.000000 0.000000
0.000000 0.000000 0.000000 0.000000 0.000000 0.000000
0.000000 0.000000 0.000000 0.000000 0.000000 0.000000
0.000000 0.000000 0.000000 0.000000 0.000000 0.000000
0.000000 0.000000 0.000000 0.000000 0.000000 0.000000
0.000000 0.000000 0.000000 0.000000 0.000000 0.000000
0.000000 0.000000 0.000000 0.000000 0.000000 0.000000
0.000000 0.000000 0.000000 0.000000 0.000000 0.000000
0.000000 0.000000 0.000000 0.000000 0.000000 0.000000
-0.014318 0.051350 -0.046596 1.000000 0.000000 0.000000
-0.008880 0.052958 -0.043348 1.000000 0.000000 0.000000
-0.014317 0.051436 -0.040062 1.000000 0.000000 0.000000
-0.019755 0.049828 -0.043310 1.000000 0.000000 0.000000
-0.019755 0.049914 -0.036775 1.000000 0.000000 0.000000
-0.025192 0.048392 -0.033489 1.000000 0.000000 0.000000
0.000000 0.000000 0.000000 0.000000 0.000000 0.000000
-0.025193 0.048307 -0.040023 1.000000 0.000000 0.000000
-0.025194 0.048221 -0.046558 1.000000 0.000000 0.000000
-0.025193 0.048135 -0.053090 1.000000 0.000000 0.000000
0.000000 0.000000 0.000000 0.000000 0.000000 0.000000
-0.019756 0.049743 -0.049844 1.000000 0.000000 0.000000
-0.036287 0.040939 -0.049709 1.000000 0.000000 0.000000
-0.032047 0.044633 -0.053037 1.000000 0.000000 0.000000
-0.032048 0.044741 -0.046505 1.000000 0.000000 0.000000
-0.036289 0.041046 -0.043177 1.000000 0.000000 0.000000
-0.032049 0.044849 -0.039972 1.000000 0.000000 0.000000
-0.032051 0.044957 -0.033440 1.000000 0.000000 0.000000
0.000000 0.000000 0.000000 0.000000 0.000000 0.000000
-0.036290 0.041154 -0.036645 1.000000 0.000000 0.000000
-0.040530 0.037352 -0.039850 1.000000 0.000000 0.000000
-0.044767 0.033551 -0.043055 1.000000 0.000000 0.000000
0.000000 0.000000 0.000000 0.000000 0.000000 0.000000
-0.040528 0.037244 -0.046383 1.000000 0.000000 0.000000
-0.045690 0.029467 -0.029646 1.000000 0.000000 0.000000
-0.045690 0.029511 -0.036181 1.000000 0.000000 0.000000
-0.042501 0.034163 -0.032883 1.000000 0.000000 0.000000
-0.042501 0.034118 -0.026348 1.000000 0.000000 0.000000
-0.039312 0.038815 -0.029585 1.000000 0.000000 0.000000
-0.036124 0.043467 -0.026287 1.000000 0.000000 0.000000
0.000000 0.000000 0.000000 0.000000 0.000000 0.000000
-0.039313 0.038770 -0.023050 1.000000 0.000000 0.000000
-0.042501 0.034074 -0.019813 1.000000 0.000000 0.000000
-0.045689 0.029378 -0.016579 1.000000 0.000000 0.000000
0.000000 0.000000 0.000000 0.000000 0.000000 0.000000
-0.045690 0.029421 -0.023111 1.000000 0.000000 0.000000
-0.032025 0.044612 -0.006382 1.000000 0.000000 0.000000
-0.032024 0.044438 0.000150 1.000000 0.000000 0.000000
-0.036258 0.040772 -0.003213 1.000000 0.000000 0.000000
-0.036260 0.040946 -0.009746 1.000000 0.000000 0.000000
-0.040493 0.037106 -0.006577 1.000000 0.000000 0.000000
-0.044728 0.033441 -0.009940 1.000000 0.000000 0.000000
0.000000 0.000000 0.000000 0.000000 0.000000 0.000000
-0.040494 0.037280 -0.013109 1.000000 0.000000 0.000000
-0.036262 0.041120 -0.016279 1.000000 0.000000 0.000000
-0.032029 0.044958 -0.019445 1.000000 0.000000 0.000000
0.000000 0.000000 0.000000 0.000000 0.000000 0.000000
-0.032027 0.044786 -0.012915 1.000000 0.000000 0.000000
-0.019745 0.049624 -0.003347 1.000000 0.000000 0.000000
-0.025182 0.047988 -0.000111 1.000000 0.000000 0.000000
-0.025183 0.048117 -0.006643 1.000000 0.000000 0.000000
-0.019746 0.049753 -0.009879 1.000000 0.000000 0.000000
-0.025184 0.048246 -0.013175 1.000000 0.000000 0.000000
-0.025185 0.048374 -0.019707 1.000000 0.000000 0.000000
0.000000 0.000000 0.000000 0.000000 0.000000 0.000000
-0.019747 0.049881 -0.016411 1.000000 0.000000 0.000000
-0.014309 0.051388 -0.013115 1.000000 0.000000 0.000000
-0.008874 0.052895 -0.009819 1.000000 0.000000 0.000000
0.000000 0.000000 0.000000 0.000000 0.000000 0.000000
-0.014308 0.051260 -0.006582 1.000000 0.000000 0.000000
-0.049576 0.016816 -0.032559 1.000000 0.000000 0.000000
-0.048423 0.022413 -0.035729 1.000000 0.000000 0.000000
-0.048423 0.022299 -0.029197 1.000000 0.000000 0.000000
-0.049576 0.016702 -0.026027 1.000000 0.000000 0.000000
-0.048422 0.022185 -0.022664 1.000000 0.000000 0.000000
-0.048422 0.022072 -0.016132 1.000000 0.000000 0.000000
0.000000 0.000000 0.000000 0.000000 0.000000 0.000000
-0.049576 0.016588 -0.019495 1.000000 0.000000 0.000000
-0.050730 0.011105 -0.022858 1.000000 0.000000 0.000000
-0.051883 0.005624 -0.026221 1.000000 0.000000 0.000000
0.000000 0.000000 0.000000 0.000000 0.000000 0.000000
-0.050730 0.011219 -0.029391 1.000000 0.000000 0.000000
-0.051194 0.001372 -0.012367 1.000000 0.000000 0.000000
-0.051318 0.001377 -0.018901 1.000000 0.000000 0.000000
-0.050838 0.007018 -0.015639 1.000000 0.000000 0.000000
-0.050714 0.007012 -0.009105 1.000000 0.000000 0.000000
-0.050359 0.012659 -0.012377 1.000000 0.000000 0.000000
-0.049879 0.018299 -0.009115 1.000000 0.000000 0.000000
0.000000 0.000000 0.000000 0.000000 0.000000 0.000000
-0.050234 0.012653 -0.005843 1.000000 0.000000 0.000000
-0.050589 0.007007 -0.002571 1.000000 0.000000 0.000000
-0.050944 0.001363 0.000698 1.000000 0.000000 0.000000
0.000000 0.000000 0.000000 0.000000 0.000000 0.000000
-0.051069 0.001366 -0.005833 1.000000 0.000000 0.000000
