 0.000  0.000  0.000  0.000  0.000  0.000
 0.000  0.000  0.000  0.000  0.000  0.000
 0.000  0.000  0.000  0.000  0.000  0.000
 0.000  0.000  0.000  0.000  0.000  0.000
 0.000  0.000  0.000  0.000  0.000  0.000
 0.000  0.000  0.000  0.000  0.000  0.000
 0.000  0.000  0.000  0.000  0.000  0.000
 0.000  0.000  0.000  0.000  0.000  0.000
 0.000  0.000  0.000  0.000  0.000  0.000
 0.000  0.000  0.000  0.000  0.000  0.000
 0.000  0.000  0.000  0.000  0.000  0.000
 0.000  0.000  0.000  0.000  0.000  0.000
 0.000  0.000  0.000  0.000  0.000  0.000
 0.000  0.000  0.000  0.000  0.000  0.000
 0.000  0.000  0.000  0.000  0.000  0.000
 0.000  0.000  0.000  0.000  0.000  0.000
 0.000  0.000  0.000  0.000  0.000  0.000
 0.000  0.000  0.000  0.000  0.000  0.000
 0.000  0.000  0.000  0.000  0.000  0.000
 0.000  0.000  0.000  0.000  0.000  0.000
 0.000  0.000  0.000  0.000  0.000  0.000
 0.000  0.000  0.000  0.000  0.000  0.000
 0.000  0.000  0.000  0.000  0.000  0.000
 0.000  0.000  0.000  0.000  0.000  0.000
 0.000  0.000  0.000  0.000  0.000  0.000
 0.000  0.000  0.000  0.000  0.000  0.000
 0.000  0.000  0.000  0.000  0.000  0.000
 0.000  0.000  0.000  0.000  0.000  0.000
 0.000  0.000  0.000  0.000  0.000  0.000
 0.000  0.000  0.000  0.000  0.000  0.000
 0.000  0.000  0.000  0.000  0.000  0.000
 0.000  0.000  0.000  0.000  0.000  0.000
 0.000  0.000  0.000  0.000  0.000  0.000
 0.000  0.000  0.000  0.000  0.000  0.000
 0.000  0.000  0.000  0.000  0.000  0.000
 0.000  0.000  0.000  0.000  0.000  0.000
 0.060 -0.026  0.008  0.998  0.022  0.019
 0.060 -0.025  0.004  1.000 -0.001  0.000
 0.060 -0.027  0.005  0.999 -0.028 -0.000
 0.060 -0.032  0.006  0.989  0.003  0.006
 0.060 -0.035  0.006  0.903  0.298 -0.025
 0.060 -0.037  0.004  0.980 -0.139  0.018
 0.060 -0.036  0.007  0.988 -0.085  0.021
 0.060 -0.035  0.009  0.994 -0.047  0.029
 0.059 -0.034  0.016  0.961 -0.039  0.024
 0.000  0.000  0.000  0.000  0.000  0.000
 0.059 -0.031  0.017  0.991  0.007  0.041
 0.060 -0.029  0.009  0.998 -0.005  0.008
 0.059 -0.042  0.021  0.879  0.154  0.142
 0.058 -0.040  0.023  0.862 -0.070  0.163
 0.059 -0.040  0.019  0.799  0.323  0.069
 0.060 -0.043  0.015  0.994 -0.009  0.037
 0.060 -0.042  0.013  0.821  0.367  0.015
 0.060 -0.045  0.009  0.977 -0.134  0.007
 0.060 -0.046  0.011  0.942  0.212  0.007
 0.059 -0.047  0.016  0.856 -0.052 -0.004
 0.059 -0.052  0.019  0.996  0.057  0.022
 0.000  0.000  0.000  0.000  0.000  0.000
 0.059 -0.050  0.020  0.925  0.056  0.095
 0.059 -0.045  0.018  0.961 -0.009  0.107
 0.060 -0.054  0.005  0.999  0.019  0.007
 0.060 -0.052  0.001  0.993  0.035  0.004
 0.060 -0.055  0.002  0.985 -0.110 -0.015
 0.060 -0.056  0.006  0.894  0.080 -0.003
 0.060 -0.067  0.006  0.951 -0.073 -0.034
 0.060 -0.070  0.006  0.785 -0.239  0.062
 0.060 -0.068  0.008  0.915  0.130 -0.008
 0.060 -0.064  0.012  1.000  0.002  0.009
 0.059 -0.062  0.016  0.980  0.114 -0.012
 0.059 -0.060  0.018  0.941 -0.116  0.082
 0.059 -0.060  0.018  0.892 -0.272 -0.033
 0.060 -0.057  0.010  0.987 -0.086  0.001
 0.060 -0.029 -0.015  0.995 -0.021 -0.029
 0.059 -0.030 -0.018  0.973 -0.001 -0.134
 0.060 -0.031 -0.015  0.974 -0.037 -0.059
 0.060 -0.032 -0.011  0.964 -0.124 -0.026
 0.060 -0.036 -0.007  0.966  0.043 -0.054
 0.060 -0.038 -0.005  0.843 -0.092 -0.042
 0.060 -0.036 -0.005  0.913  0.242 -0.022
 0.060 -0.030 -0.005  0.980 -0.017 -0.012
 0.060 -0.027 -0.003  0.999 -0.030 -0.001
 0.060 -0.023 -0.004  0.989  0.019 -0.025
 0.060 -0.025 -0.006  0.998  0.032 -0.021
 0.060 -0.027 -0.010  0.999  0.016 -0.016
 0.059 -0.018 -0.019  0.753  0.101 -0.414
 0.059 -0.023 -0.019  0.925  0.039 -0.240
 0.059 -0.023 -0.018  0.986  0.091 -0.076
 0.059 -0.020 -0.015  0.989 -0.021 -0.080
 0.060 -0.019 -0.012  0.983  0.095 -0.043
 0.060 -0.019 -0.006  0.992  0.039 -0.015
 0.059 -0.014 -0.012  0.996 -0.025 -0.039
 0.059 -0.012 -0.016  0.991 -0.012 -0.101
 0.059 -0.008 -0.017  0.992  0.045 -0.064
 0.059  0.000 -0.016  0.737  0.101 -0.331
 0.059 -0.009 -0.017  0.834  0.048 -0.360
 0.059 -0.015 -0.018  0.983 -0.043 -0.145
 0.000  0.000  0.000  0.000  0.000  0.000
 0.000  0.000  0.000  0.000  0.000  0.000
 0.000  0.000  0.000  0.000  0.000  0.000
 0.000  0.000  0.000  0.000  0.000  0.000
 0.000  0.000  0.000  0.000  0.000  0.000
 0.000  0.000  0.000  0.000  0.000  0.000
 0.000  0.000  0.000  0.000  0.000  0.000
 0.000  0.000  0.000  0.000  0.000  0.000
 0.000  0.000  0.000  0.000  0.000  0.000
 0.000  0.000  0.000  0.000  0.000  0.000
 0.000  0.000  0.000  0.000  0.000  0.000
 0.000  0.000  0.000  0.000  0.000  0.000
 0.058 -0.039 -0.020  0.724  0.182 -0.154
 0.058 -0.035 -0.022  0.825  0.077 -0.254
 0.057 -0.039 -0.022  0.896  0.039 -0.235
 0.057 -0.042 -0.021  0.785 -0.040 -0.283
 0.056 -0.048 -0.023  0.761 -0.067 -0.388
 0.057 -0.050 -0.021  0.872  0.160 -0.256
 0.058 -0.049 -0.020  0.876  0.172 -0.128
 0.059 -0.046 -0.016  0.911 -0.006 -0.112
 0.060 -0.046 -0.012  0.793 -0.260 -0.048
 0.060 -0.043 -0.009  0.746  0.029 -0.035
 0.060 -0.043 -0.011  0.910  0.159 -0.056
 0.059 -0.042 -0.017  0.742  0.096 -0.083
 0.060 -0.054 -0.002  0.981 -0.099 -0.016
 0.000  0.000  0.000  0.000  0.000  0.000
 0.060 -0.052 -0.011  0.914  0.203 -0.042
 0.059 -0.053 -0.012  0.988 -0.000 -0.073
 0.059 -0.056 -0.018  0.903  0.082 -0.092
 0.058 -0.060 -0.021  0.861 -0.208 -0.208
 0.058 -0.060 -0.020  0.927 -0.074 -0.016
 0.060 -0.057 -0.010  0.973 -0.093 -0.038
 0.060 -0.065 -0.010  0.928 -0.041 -0.076
 0.060 -0.069 -0.004  0.801  0.079 -0.031
 0.060 -0.063 -0.007  0.957  0.154 -0.070
 0.060 -0.056 -0.007  0.781  0.300 -0.020
 0.059 -0.079 -0.013  0.729 -0.109 -0.057
 0.060 -0.078 -0.010  0.793 -0.382  0.180
 0.060 -0.077 -0.012  0.948  0.016 -0.180
 0.059 -0.071 -0.018  0.753 -0.023 -0.118
 0.059 -0.069 -0.020  0.844  0.029 -0.144
 0.058 -0.066 -0.021  0.787 -0.010 -0.417
 0.058 -0.070 -0.020  0.784  0.077 -0.369
 0.058 -0.072 -0.020  0.792 -0.152 -0.382
 0.055 -0.081 -0.023  0.735  0.142 -0.571
 0.056 -0.086 -0.022  0.561 -0.351 -0.088
 0.058 -0.083 -0.019  0.636 -0.427  0.036
 0.059 -0.081 -0.016  0.685  0.099 -0.256
 0.000  0.000  0.000  0.000  0.000  0.000
 0.000  0.000  0.000  0.000  0.000  0.000
 0.000  0.000  0.000  0.000  0.000  0.000
 0.000  0.000  0.000  0.000  0.000  0.000
 0.000  0.000  0.000  0.000  0.000  0.000
 0.000  0.000  0.000  0.000  0.000  0.000
 0.000  0.000  0.000  0.000  0.000  0.000
 0.000  0.000  0.000  0.000  0.000  0.000
 0.000  0.000  0.000  0.000  0.000  0.000
 0.000  0.000  0.000  0.000  0.000  0.000
 0.000  0.000  0.000  0.000  0.000  0.000
 0.000  0.000  0.000  0.000  0.000  0.000
 0.000  0.000  0.000  0.000  0.000  0.000
 0.000  0.000  0.000  0.000  0.000  0.000
 0.000  0.000  0.000  0.000  0.000  0.000
 0.000  0.000  0.000  0.000  0.000  0.000
 0.000  0.000  0.000  0.000  0.000  0.000
 0.000  0.000  0.000  0.000  0.000  0.000
 0.000  0.000  0.000  0.000  0.000  0.000
 0.000  0.000  0.000  0.000  0.000  0.000
 0.000  0.000  0.000  0.000  0.000  0.000
 0.000  0.000  0.000  0.000  0.000  0.000
 0.000  0.000  0.000  0.000  0.000  0.000
 0.000  0.000  0.000  0.000  0.000  0.000
 0.000  0.000  0.000  0.000  0.000  0.000
 0.000  0.000  0.000  0.000  0.000  0.000
 0.000  0.000  0.000  0.000  0.000  0.000
 0.000  0.000  0.000  0.000  0.000  0.000
 0.000  0.000  0.000  0.000  0.000  0.000
 0.000  0.000  0.000  0.000  0.000  0.000
 0.000  0.000  0.000  0.000  0.000  0.000
 0.000  0.000  0.000  0.000  0.000  0.000
 0.000  0.000  0.000  0.000  0.000  0.000
 0.000  0.000  0.000  0.000  0.000  0.000
 0.000  0.000  0.000  0.000  0.000  0.000
 0.000  0.000  0.000  0.000  0.000  0.000
 0.000  0.000  0.000  0.000  0.000  0.000
 0.000  0.000  0.000  0.000  0.000  0.000
 0.000  0.000  0.000  0.000  0.000  0.000
 0.000  0.000  0.000  0.000  0.000  0.000
 0.000  0.000  0.000  0.000  0.000  0.000
 0.000  0.000  0.000  0.000  0.000  0.000
 0.000  0.000  0.000  0.000  0.000  0.000
 0.000  0.000  0.000  0.000  0.000  0.000
 0.000  0.000  0.000  0.000  0.000  0.000
 0.000  0.000  0.000  0.000  0.000  0.000
 0.000  0.000  0.000  0.000  0.000  0.000
 0.000  0.000  0.000  0.000  0.000  0.000
 0.047  0.005  0.027  0.379  0.531  0.677
 0.044  0.007  0.027  0.092  0.362  0.506
 0.044  0.007  0.026  0.360  0.188  0.296
 0.051  0.010  0.021  0.328  0.410  0.480
 0.054  0.012  0.016  0.729  0.298  0.112
 0.000  0.000  0.000  0.000  0.000  0.000
 0.000  0.000  0.000  0.000  0.000  0.000
 0.054  0.011  0.018  0.699  0.480  0.387
 0.054  0.004  0.024  0.680  0.303  0.470
 0.054 -0.001  0.027  0.499  0.115  0.766
 0.049  0.000  0.028  0.275  0.239  0.908
 0.049  0.004  0.027  0.438  0.436  0.784
 0.039 -0.012  0.031  0.151  0.008  0.988
 0.036 -0.003  0.031  0.150  0.108  0.976
 0.041 -0.008  0.031  0.169  0.047  0.984
 0.045 -0.010  0.030  0.177  0.022  0.983
 0.049 -0.010  0.029  0.288  0.041  0.952
 0.051 -0.011  0.029  0.383  0.038  0.923
 0.050 -0.013  0.029  0.272 -0.008  0.957
 0.043 -0.016  0.030  0.192 -0.005  0.980
 0.039 -0.021  0.031  0.160 -0.000  0.987
 0.038 -0.023  0.031  0.151 -0.000  0.989
 0.037 -0.020  0.031  0.143  0.002  0.990
 0.040 -0.015  0.031  0.156  0.003  0.988
 0.022 -0.006  0.033 -0.079  0.228  0.857
 0.025 -0.004  0.033  0.011  0.278  0.839
 0.024 -0.008  0.033  0.139  0.002  0.990
 0.024 -0.017  0.033  0.108 -0.001  0.993
 0.029 -0.023  0.032  0.143  0.002  0.990
 0.026 -0.024  0.033  0.132  0.001  0.991
 0.023 -0.024  0.033  0.071  0.007  0.997
 0.023 -0.022  0.033  0.091  0.006  0.995
 0.013 -0.019  0.034  0.038 -0.001  0.999
 0.011 -0.018  0.034 -0.107  0.110  0.961
 0.013 -0.016  0.034 -0.033  0.062  0.975
 0.021 -0.010  0.033  0.082 -0.011  0.996
 0.011 -0.032  0.034 -0.014 -0.002  0.999
 0.011 -0.024  0.034  0.023  0.001  0.999
 0.014 -0.030  0.034  0.025  0.008  0.999
 0.016 -0.033  0.034  0.031  0.004  0.999
 0.020 -0.035  0.033  0.092 -0.001  0.995
 0.028 -0.038  0.032  0.139  0.001  0.990
 0.022 -0.039  0.033  0.097 -0.014  0.995
 0.016 -0.040  0.034  0.040 -0.006  0.999
 0.014 -0.043  0.034  0.055 -0.000  0.997
 0.012 -0.045  0.034 -0.036 -0.004  0.993
 0.013 -0.043  0.034  0.010  0.001  1.000
 0.014 -0.039  0.034  0.011 -0.000  1.000
 0.022 -0.055  0.033  0.098  0.001  0.994
 0.016 -0.057  0.034  0.041  0.004  0.999
 0.022 -0.053  0.033  0.079  0.008  0.996
 0.024 -0.051  0.033  0.120  0.018  0.992
 0.028 -0.045  0.033  0.126 -0.001  0.992
 0.031 -0.042  0.032  0.145  0.001  0.989
 0.032 -0.046  0.032  0.148 -0.001  0.989
 0.026 -0.051  0.033  0.142  0.001  0.990
 0.034 -0.061  0.032  0.142  0.001  0.990
 0.000  0.000  0.000  0.000  0.000  0.000
 0.035 -0.061  0.032  0.146  0.001  0.989
 0.024 -0.053  0.033  0.135  0.003  0.991
 0.013 -0.071  0.034 -0.059 -0.008  0.989
 0.014 -0.065  0.034  0.019 -0.000  1.000
 0.018 -0.067  0.034  0.047 -0.004  0.999
 0.023 -0.069  0.033  0.100 -0.010  0.994
 0.024 -0.070  0.033  0.107 -0.011  0.993
 0.000  0.000  0.000  0.000  0.000  0.000
 0.026 -0.075  0.033  0.110 -0.001  0.992
 0.000  0.000  0.000  0.000  0.000  0.000
 0.014 -0.083  0.033  0.056  0.041  0.992
 0.014 -0.083  0.033  0.045  0.038  0.996
 0.013 -0.080  0.034 -0.053 -0.022  0.989
 0.015 -0.074  0.034  0.050 -0.025  0.998
 0.021 -0.096  0.034  0.124  0.052  0.991
 0.019 -0.093  0.034  0.085  0.077  0.992
 0.021 -0.089  0.034  0.102  0.039  0.993
 0.028 -0.087  0.033  0.145  0.028  0.989
 0.029 -0.085  0.032  0.150  0.013  0.989
 0.031 -0.082  0.032  0.151  0.005  0.989
 0.032 -0.086  0.032  0.161  0.011  0.987
 0.030 -0.091  0.033  0.161  0.038  0.986
 0.033 -0.096  0.032  0.199  0.008  0.980
 0.035 -0.098  0.031  0.244 -0.141  0.940
 0.027 -0.099  0.033  0.200 -0.188  0.925
 0.027 -0.098  0.033  0.186  0.011  0.980
 0.050 -0.097  0.026  0.369 -0.178  0.910
 0.000  0.000  0.000  0.000  0.000  0.000
 0.044 -0.098  0.028  0.298 -0.272  0.895
 0.044 -0.091  0.029  0.306 -0.121  0.942
 0.042 -0.086  0.030  0.209 -0.040  0.975
 0.043 -0.080  0.030  0.182 -0.012  0.982
 0.045 -0.084  0.030  0.243 -0.045  0.967
 0.049 -0.087  0.028  0.322 -0.108  0.938
 0.055 -0.087  0.026  0.504 -0.145  0.844
 0.055 -0.092  0.025  0.440  0.028  0.835
 0.054 -0.093  0.025  0.307  0.088  0.883
 0.052 -0.094  0.026  0.367 -0.070  0.895
 0.051 -0.076  0.028  0.264 -0.047  0.962
 0.046 -0.073  0.030  0.187 -0.014  0.981
 0.051 -0.069  0.029  0.229 -0.004  0.970
 0.052 -0.068  0.028  0.516 -0.020  0.746
 0.057 -0.064  0.021  0.855 -0.075  0.452
 0.058 -0.062  0.018  0.813 -0.114  0.396
 0.058 -0.065  0.017  0.887 -0.029  0.301
 0.000  0.000  0.000  0.000  0.000  0.000
 0.000  0.000  0.000  0.000  0.000  0.000
 0.057 -0.083  0.025  0.663 -0.004  0.722
 0.055 -0.081  0.027  0.409 -0.077  0.888
 0.054 -0.077  0.028  0.563  0.050  0.744
 0.000  0.000  0.000  0.000  0.000  0.000
 0.000  0.000  0.000  0.000  0.000  0.000
 0.000  0.000  0.000  0.000  0.000  0.000
 0.000  0.000  0.000  0.000  0.000  0.000
 0.000  0.000  0.000  0.000  0.000  0.000
 0.000  0.000  0.000  0.000  0.000  0.000
 0.000  0.000  0.000  0.000  0.000  0.000
 0.000  0.000  0.000  0.000  0.000  0.000
 0.000  0.000  0.000  0.000  0.000  0.000
 0.000  0.000  0.000  0.000  0.000  0.000
 0.000  0.000  0.000  0.000  0.000  0.000
 0.000  0.000  0.000  0.000  0.000  0.000
 0.000  0.000  0.000  0.000  0.000  0.000
 0.000  0.000  0.000  0.000  0.000  0.000
 0.000  0.000  0.000  0.000  0.000  0.000
 0.000  0.000  0.000  0.000  0.000  0.000
 0.000  0.000  0.000  0.000  0.000  0.000
 0.000  0.000  0.000  0.000  0.000  0.000
 0.000  0.000  0.000  0.000  0.000  0.000
 0.000  0.000  0.000  0.000  0.000  0.000
 0.000  0.000  0.000  0.000  0.000  0.000
 0.000  0.000  0.000  0.000  0.000  0.000
 0.000  0.000  0.000  0.000  0.000  0.000
 0.000  0.000  0.000  0.000  0.000  0.000
 0.000  0.000  0.000  0.000  0.000  0.000
 0.000  0.000  0.000  0.000  0.000  0.000
 0.000  0.000  0.000  0.000  0.000  0.000
 0.000  0.000  0.000  0.000  0.000  0.000
 0.000  0.000  0.000  0.000  0.000  0.000
 0.000  0.000  0.000  0.000  0.000  0.000
 0.000  0.000  0.000  0.000  0.000  0.000
 0.000  0.000  0.000  0.000  0.000  0.000
 0.000  0.000  0.000  0.000  0.000  0.000
 0.000  0.000  0.000  0.000  0.000  0.000
 0.000  0.000  0.000  0.000  0.000  0.000
 0.000  0.000  0.000  0.000  0.000  0.000
 0.046 -0.037  0.030  0.216 -0.033  0.971
 0.042 -0.034  0.030  0.159 -0.002  0.987
 0.047 -0.029  0.030  0.183 -0.010  0.982
 0.048 -0.029  0.029  0.284 -0.007  0.951
 0.055 -0.022  0.027  0.723  0.015  0.506
 0.054 -0.021  0.027  0.366 -0.002  0.923
 0.055 -0.023  0.027  0.364 -0.064  0.926
 0.055 -0.032  0.026  0.405  0.005  0.905
 0.056 -0.034  0.026  0.647 -0.010  0.629
 0.000  0.000  0.000  0.000  0.000  0.000
 0.054 -0.036  0.027  0.385 -0.002  0.908
 0.051 -0.034  0.029  0.318 -0.022  0.936
 0.040 -0.047  0.031  0.153  0.002  0.988
 0.038 -0.043  0.031  0.151 -0.004  0.988
 0.038 -0.047  0.031  0.142 -0.005  0.990
 0.046 -0.049  0.030  0.201  0.035  0.977
 0.052 -0.052  0.029  0.484 -0.048  0.816
 0.000  0.000  0.000  0.000  0.000  0.000
 0.051 -0.053  0.029  0.394 -0.153  0.844
 0.049 -0.054  0.029  0.405 -0.024  0.829
 0.042 -0.060  0.030  0.176  0.007  0.983
 0.040 -0.063  0.031  0.156  0.000  0.988
 0.041 -0.061  0.031  0.156 -0.008  0.988
 0.044 -0.053  0.030  0.154  0.007  0.988
 0.000  0.000  0.000  0.000  0.000  0.000
 0.000  0.000  0.000  0.000  0.000  0.000
 0.000  0.000  0.000  0.000  0.000  0.000
 0.000  0.000  0.000  0.000  0.000  0.000
 0.000  0.000  0.000  0.000  0.000  0.000
 0.000  0.000  0.000  0.000  0.000  0.000
 0.000  0.000  0.000  0.000  0.000  0.000
 0.000  0.000  0.000  0.000  0.000  0.000
 0.000  0.000  0.000  0.000  0.000  0.000
 0.000  0.000  0.000  0.000  0.000  0.000
 0.000  0.000  0.000  0.000  0.000  0.000
 0.000  0.000  0.000  0.000  0.000  0.000
 0.000  0.000  0.000  0.000  0.000  0.000
 0.000  0.000  0.000  0.000  0.000  0.000
 0.000  0.000  0.000  0.000  0.000  0.000
 0.000  0.000  0.000  0.000  0.000  0.000
 0.000  0.000  0.000  0.000  0.000  0.000
 0.000  0.000  0.000  0.000  0.000  0.000
 0.000  0.000  0.000  0.000  0.000  0.000
 0.000  0.000  0.000  0.000  0.000  0.000
 0.000  0.000  0.000  0.000  0.000  0.000
 0.000  0.000  0.000  0.000  0.000  0.000
 0.000  0.000  0.000  0.000  0.000  0.000
 0.000  0.000  0.000  0.000  0.000  0.000
 0.021 -0.093 -0.032  0.043  0.048 -0.997
 0.019 -0.094 -0.032 -0.085 -0.143 -0.934
 0.021 -0.095 -0.032 -0.062 -0.172 -0.935
 0.025 -0.097 -0.031  0.087 -0.045 -0.982
 0.031 -0.101 -0.031  0.144 -0.056 -0.979
 0.033 -0.103 -0.030  0.041 -0.214 -0.931
 0.033 -0.098 -0.030  0.247 -0.017 -0.966
 0.034 -0.094 -0.030  0.214 -0.015 -0.974
 0.035 -0.086 -0.030  0.176 -0.001 -0.984
 0.035 -0.083 -0.030  0.171  0.008 -0.985
 0.029 -0.084 -0.031  0.153  0.017 -0.987
 0.025 -0.089 -0.031  0.087  0.015 -0.994
 0.015 -0.079 -0.031 -0.001  0.002 -1.000
 0.000  0.000  0.000  0.000  0.000  0.000
 0.015 -0.079 -0.031  0.007  0.015 -1.000
 0.021 -0.077 -0.031 -0.000  0.005 -1.000
 0.023 -0.077 -0.031  0.077  0.017 -0.995
 0.000  0.000  0.000  0.000  0.000  0.000
 0.026 -0.070 -0.031  0.104  0.003 -0.993
 0.021 -0.071 -0.031  0.013  0.012 -0.999
 0.014 -0.067 -0.031  0.015  0.007 -1.000
 0.013 -0.066 -0.031  0.129  0.006 -0.919
 0.014 -0.067 -0.031  0.001 -0.000 -1.000
 0.016 -0.076 -0.031 -0.001  0.001 -1.000
 0.000  0.000  0.000  0.000  0.000  0.000
 0.000  0.000  0.000  0.000  0.000  0.000
 0.000  0.000  0.000  0.000  0.000  0.000
 0.000  0.000  0.000  0.000  0.000  0.000
 0.000  0.000  0.000  0.000  0.000  0.000
 0.000  0.000  0.000  0.000  0.000  0.000
 0.000  0.000  0.000  0.000  0.000  0.000
 0.000  0.000  0.000  0.000  0.000  0.000
 0.000  0.000  0.000  0.000  0.000  0.000
 0.000  0.000  0.000  0.000  0.000  0.000
 0.000  0.000  0.000  0.000  0.000  0.000
 0.000  0.000  0.000  0.000  0.000  0.000
 0.000  0.000  0.000  0.000  0.000  0.000
 0.000  0.000  0.000  0.000  0.000  0.000
 0.000  0.000  0.000  0.000  0.000  0.000
 0.000  0.000  0.000  0.000  0.000  0.000
 0.000  0.000  0.000  0.000  0.000  0.000
 0.000  0.000  0.000  0.000  0.000  0.000
 0.000  0.000  0.000  0.000  0.000  0.000
 0.000  0.000  0.000  0.000  0.000  0.000
 0.000  0.000  0.000  0.000  0.000  0.000
 0.000  0.000  0.000  0.000  0.000  0.000
 0.000  0.000  0.000  0.000  0.000  0.000
 0.000  0.000  0.000  0.000  0.000  0.000
 0.000  0.000  0.000  0.000  0.000  0.000
 0.000  0.000  0.000  0.000  0.000  0.000
 0.000  0.000  0.000  0.000  0.000  0.000
 0.000  0.000  0.000  0.000  0.000  0.000
 0.000  0.000  0.000  0.000  0.000  0.000
 0.000  0.000  0.000  0.000  0.000  0.000
 0.000  0.000  0.000  0.000  0.000  0.000
 0.000  0.000  0.000  0.000  0.000  0.000
 0.000  0.000  0.000  0.000  0.000  0.000
 0.000  0.000  0.000  0.000  0.000  0.000
 0.000  0.000  0.000  0.000  0.000  0.000
 0.000  0.000  0.000  0.000  0.000  0.000
 0.000  0.000  0.000  0.000  0.000  0.000
 0.000  0.000  0.000  0.000  0.000  0.000
 0.000  0.000  0.000  0.000  0.000  0.000
 0.000  0.000  0.000  0.000  0.000  0.000
 0.000  0.000  0.000  0.000  0.000  0.000
 0.000  0.000  0.000  0.000  0.000  0.000
 0.000  0.000  0.000  0.000  0.000  0.000
 0.000  0.000  0.000  0.000  0.000  0.000
 0.000  0.000  0.000  0.000  0.000  0.000
 0.000  0.000  0.000  0.000  0.000  0.000
 0.000  0.000  0.000  0.000  0.000  0.000
 0.000  0.000  0.000  0.000  0.000  0.000
 0.048  0.011 -0.022  0.211  0.675 -0.527
 0.042  0.008 -0.025 -0.081  0.521 -0.665
 0.049  0.007 -0.023  0.397  0.278 -0.857
 0.054  0.004 -0.021  0.673  0.328 -0.572
 0.057 -0.000 -0.019  0.827  0.269 -0.292
 0.058 -0.004 -0.021  0.783  0.097 -0.352
 0.057  0.001 -0.018  0.931  0.188 -0.083
 0.057  0.003 -0.017  0.853  0.356 -0.305
 0.055  0.010 -0.008  0.918  0.262 -0.157
 0.054  0.015 -0.009  0.246  0.743 -0.215
 0.053  0.012 -0.015  0.603  0.516 -0.321
 0.052  0.010 -0.019  0.671  0.379 -0.508
 0.000  0.000  0.000  0.000  0.000  0.000
 0.000  0.000  0.000  0.000  0.000  0.000
 0.000  0.000  0.000  0.000  0.000  0.000
 0.000  0.000  0.000  0.000  0.000  0.000
 0.000  0.000  0.000  0.000  0.000  0.000
 0.000  0.000  0.000  0.000  0.000  0.000
 0.000  0.000  0.000  0.000  0.000  0.000
 0.000  0.000  0.000  0.000  0.000  0.000
 0.000  0.000  0.000  0.000  0.000  0.000
 0.000  0.000  0.000  0.000  0.000  0.000
 0.000  0.000  0.000  0.000  0.000  0.000
 0.000  0.000  0.000  0.000  0.000  0.000
 0.017 -0.014 -0.031 -0.086  0.149 -0.885
 0.015 -0.016 -0.031  0.022  0.003 -1.000
 0.018 -0.019 -0.031  0.025 -0.001 -1.000
 0.023 -0.018 -0.031  0.059  0.008 -0.998
 0.031 -0.020 -0.030  0.126  0.010 -0.991
 0.032 -0.021 -0.030  0.172 -0.007 -0.985
 0.032 -0.019 -0.030  0.143  0.007 -0.989
 0.031 -0.015 -0.030  0.140  0.002 -0.989
 0.030 -0.007 -0.030  0.156  0.007 -0.986
 0.029 -0.005 -0.031  0.037  0.231 -0.890
 0.028 -0.006 -0.031 -0.127  0.264 -0.809
 0.023 -0.011 -0.031  0.071 -0.010 -0.996
 0.040 -0.008 -0.029  0.187  0.048 -0.980
 0.039 -0.004 -0.029  0.215  0.131 -0.964
 0.038 -0.009 -0.029  0.179  0.034 -0.983
 0.040 -0.012 -0.029  0.191  0.006 -0.981
 0.041 -0.019 -0.029  0.186  0.002 -0.983
 0.040 -0.026 -0.029  0.181  0.003 -0.983
 0.043 -0.022 -0.028  0.288  0.024 -0.939
 0.046 -0.016 -0.028  0.291 -0.058 -0.942
 0.000  0.000  0.000  0.000  0.000  0.000
 0.055 -0.013 -0.024  0.559 -0.019 -0.755
 0.000  0.000  0.000  0.000  0.000  0.000
 0.044 -0.008 -0.028  0.309  0.113 -0.935
 0.059 -0.027 -0.016  0.845 -0.223 -0.221
 0.058 -0.022 -0.020  0.875 -0.082 -0.451
 0.057 -0.023 -0.021  0.622 -0.059 -0.713
 0.051 -0.030 -0.026  0.388  0.060 -0.887
 0.049 -0.030 -0.027  0.248 -0.050 -0.961
 0.044 -0.032 -0.028  0.198 -0.002 -0.980
 0.048 -0.032 -0.027  0.391 -0.106 -0.867
 0.052 -0.030 -0.026  0.559 -0.182 -0.613
 0.000  0.000  0.000  0.000  0.000  0.000
 0.059 -0.039 -0.016  0.830  0.040 -0.418
 0.059 -0.039 -0.016  0.732 -0.064 -0.410
 0.057 -0.029 -0.009  0.902 -0.038  0.042
 0.054 -0.056 -0.025  0.504 -0.099 -0.818
 0.056 -0.054 -0.024  0.641  0.087 -0.675
 0.055 -0.054 -0.025  0.496  0.065 -0.768
 0.049 -0.050 -0.027  0.348  0.080 -0.889
 0.041 -0.046 -0.028  0.194 -0.000 -0.981
 0.041 -0.043 -0.029  0.195  0.003 -0.981
 0.040 -0.048 -0.029  0.193 -0.001 -0.981
 0.042 -0.053 -0.028  0.195  0.003 -0.981
 0.042 -0.061 -0.028  0.190  0.003 -0.982
 0.041 -0.063 -0.029  0.186 -0.001 -0.983
 0.044 -0.062 -0.028  0.201  0.004 -0.979
 0.046 -0.060 -0.028  0.297  0.004 -0.946
 0.018 -0.052 -0.031  0.010  0.003 -1.000
 0.017 -0.053 -0.031 -0.000 -0.001 -1.000
 0.018 -0.053 -0.031  0.016 -0.002 -1.000
 0.027 -0.056 -0.031  0.079 -0.002 -0.996
 0.031 -0.061 -0.030  0.149 -0.005 -0.989
 0.034 -0.062 -0.030  0.173 -0.010 -0.985
 0.034 -0.060 -0.030  0.177 -0.000 -0.984
 0.033 -0.053 -0.030  0.159  0.000 -0.987
 0.032 -0.047 -0.030  0.162 -0.005 -0.986
 0.032 -0.044 -0.030  0.170  0.003 -0.985
 0.030 -0.046 -0.031  0.124 -0.011 -0.992
 0.026 -0.049 -0.031  0.078 -0.004 -0.995
 0.012 -0.042 -0.031  0.184  0.005 -0.887
 0.012 -0.044 -0.031  0.001 -0.001 -1.000
 0.013 -0.043 -0.031  0.009 -0.001 -1.000
 0.019 -0.035 -0.031  0.014 -0.002 -1.000
 0.025 -0.035 -0.031  0.048 -0.007 -0.998
 0.027 -0.035 -0.031  0.136  0.004 -0.989
 0.025 -0.033 -0.031  0.084  0.005 -0.994
 0.017 -0.029 -0.031  0.015  0.006 -1.000
 0.014 -0.026 -0.031  0.023 -0.007 -0.999
 0.011 -0.024 -0.031  0.062 -0.008 -0.997
 0.012 -0.029 -0.031  0.049  0.003 -0.997
 0.011 -0.034 -0.031  0.217  0.011 -0.885
 0.058 -0.067 -0.019  0.867 -0.032 -0.469
 0.058 -0.062 -0.020  0.827 -0.014 -0.507
 0.057 -0.064 -0.022  0.669 -0.027 -0.681
 0.053 -0.069 -0.025  0.591 -0.017 -0.764
 0.049 -0.071 -0.027  0.311 -0.021 -0.943
 0.045 -0.073 -0.028  0.192 -0.003 -0.981
 0.048 -0.075 -0.027  0.307 -0.031 -0.942
 0.054 -0.075 -0.024  0.601 -0.079 -0.763
 0.058 -0.079 -0.020  0.713 -0.042 -0.655
 0.059 -0.081 -0.018  0.845 -0.023 -0.489
 0.059 -0.077 -0.018  0.867 -0.000 -0.468
 0.058 -0.073 -0.020  0.787 -0.013 -0.611
 0.053 -0.093 -0.024  0.405 -0.156 -0.888
 0.054 -0.092 -0.024  0.534  0.005 -0.819
 0.053 -0.090 -0.024  0.539  0.005 -0.809
 0.048 -0.089 -0.027  0.327 -0.056 -0.938
 0.045 -0.084 -0.028  0.370 -0.037 -0.906
 0.041 -0.081 -0.028  0.198 -0.006 -0.980
 0.041 -0.087 -0.029  0.213 -0.027 -0.976
 0.044 -0.093 -0.027  0.270 -0.084 -0.959
 0.043 -0.100 -0.027  0.284 -0.072 -0.956
 0.041 -0.102 -0.027  0.319 -0.097 -0.939
 0.045 -0.098 -0.026  0.351 -0.173 -0.906
 0.048 -0.096 -0.026  0.360 -0.176 -0.900
-0.013 -0.079  0.029 -0.556  0.047  0.789
-0.011 -0.079  0.031 -0.486  0.027  0.855
-0.014 -0.081  0.029 -0.612 -0.066  0.630
-0.018 -0.080  0.026 -0.511 -0.245  0.622
-0.021 -0.080  0.023 -0.680 -0.049  0.520
 0.000  0.000  0.000  0.000  0.000  0.000
-0.022 -0.079  0.023 -0.726 -0.048  0.604
-0.020 -0.077  0.024 -0.785 -0.030  0.549
-0.020 -0.073  0.024 -0.728  0.245  0.470
-0.020 -0.068  0.024 -0.730  0.256  0.263
-0.017 -0.072  0.027 -0.595  0.129  0.553
-0.016 -0.076  0.028 -0.581 -0.017  0.800
 0.000  0.000  0.000  0.000  0.000  0.000
 0.000  0.000  0.000  0.000  0.000  0.000
 0.000  0.000  0.000  0.000  0.000  0.000
 0.000  0.000  0.000  0.000  0.000  0.000
 0.000  0.000  0.000  0.000  0.000  0.000
 0.000  0.000  0.000  0.000  0.000  0.000
 0.000  0.000  0.000  0.000  0.000  0.000
 0.000  0.000  0.000  0.000  0.000  0.000
 0.000  0.000  0.000  0.000  0.000  0.000
 0.000  0.000  0.000  0.000  0.000  0.000
 0.000  0.000  0.000  0.000  0.000  0.000
 0.000  0.000  0.000  0.000  0.000  0.000
 0.000  0.000  0.000  0.000  0.000  0.000
 0.000  0.000  0.000  0.000  0.000  0.000
 0.000  0.000  0.000  0.000  0.000  0.000
 0.000  0.000  0.000  0.000  0.000  0.000
 0.000  0.000  0.000  0.000  0.000  0.000
 0.000  0.000  0.000  0.000  0.000  0.000
 0.000  0.000  0.000  0.000  0.000  0.000
 0.000  0.000  0.000  0.000  0.000  0.000
 0.000  0.000  0.000  0.000  0.000  0.000
 0.000  0.000  0.000  0.000  0.000  0.000
 0.000  0.000  0.000  0.000  0.000  0.000
 0.000  0.000  0.000  0.000  0.000  0.000
 0.000  0.000  0.000  0.000  0.000  0.000
 0.000  0.000  0.000  0.000  0.000  0.000
 0.000  0.000  0.000  0.000  0.000  0.000
 0.000  0.000  0.000  0.000  0.000  0.000
 0.000  0.000  0.000  0.000  0.000  0.000
 0.000  0.000  0.000  0.000  0.000  0.000
 0.000  0.000  0.000  0.000  0.000  0.000
 0.000  0.000  0.000  0.000  0.000  0.000
 0.000  0.000  0.000  0.000  0.000  0.000
 0.000  0.000  0.000  0.000  0.000  0.000
 0.000  0.000  0.000  0.000  0.000  0.000
 0.000  0.000  0.000  0.000  0.000  0.000
 0.000  0.000  0.000  0.000  0.000  0.000
 0.000  0.000  0.000  0.000  0.000  0.000
 0.000  0.000  0.000  0.000  0.000  0.000
 0.000  0.000  0.000  0.000  0.000  0.000
 0.000  0.000  0.000  0.000  0.000  0.000
 0.000  0.000  0.000  0.000  0.000  0.000
 0.000  0.000  0.000  0.000  0.000  0.000
 0.000  0.000  0.000  0.000  0.000  0.000
 0.000  0.000  0.000  0.000  0.000  0.000
 0.000  0.000  0.000  0.000  0.000  0.000
 0.000  0.000  0.000  0.000  0.000  0.000
 0.000  0.000  0.000  0.000  0.000  0.000
-0.019 -0.107  0.012 -0.720 -0.289  0.180
-0.019 -0.107  0.010 -0.273 -0.535  0.059
-0.021 -0.105  0.011 -0.697 -0.451  0.187
-0.021 -0.102  0.015 -0.713 -0.280  0.222
-0.024 -0.096  0.015 -0.689 -0.288  0.298
-0.025 -0.092  0.014 -0.598 -0.204  0.257
-0.022 -0.098  0.017 -0.691 -0.287  0.308
-0.020 -0.102  0.017 -0.737 -0.410  0.349
-0.018 -0.105  0.018 -0.811 -0.309  0.417
-0.015 -0.107  0.021 -0.498 -0.696  0.302
-0.017 -0.106  0.018 -0.720 -0.579  0.358
-0.018 -0.105  0.016 -0.756 -0.456  0.231
 0.000  0.000  0.000  0.000  0.000  0.000
 0.000  0.000  0.000  0.000  0.000  0.000
 0.000  0.000  0.000  0.000  0.000  0.000
 0.000  0.000  0.000  0.000  0.000  0.000
 0.000  0.000  0.000  0.000  0.000  0.000
 0.000  0.000  0.000  0.000  0.000  0.000
 0.000  0.000  0.000  0.000  0.000  0.000
 0.000  0.000  0.000  0.000  0.000  0.000
 0.000  0.000  0.000  0.000  0.000  0.000
 0.000  0.000  0.000  0.000  0.000  0.000
 0.000  0.000  0.000  0.000  0.000  0.000
 0.000  0.000  0.000  0.000  0.000  0.000
 0.000  0.000  0.000  0.000  0.000  0.000
 0.000  0.000  0.000  0.000  0.000  0.000
 0.000  0.000  0.000  0.000  0.000  0.000
 0.000  0.000  0.000  0.000  0.000  0.000
 0.000  0.000  0.000  0.000  0.000  0.000
 0.000  0.000  0.000  0.000  0.000  0.000
 0.000  0.000  0.000  0.000  0.000  0.000
 0.000  0.000  0.000  0.000  0.000  0.000
 0.000  0.000  0.000  0.000  0.000  0.000
 0.000  0.000  0.000  0.000  0.000  0.000
 0.000  0.000  0.000  0.000  0.000  0.000
 0.000  0.000  0.000  0.000  0.000  0.000
-0.004 -0.090 -0.030 -0.332 -0.005 -0.667
-0.003 -0.089 -0.030 -0.258 -0.217 -0.898
-0.007 -0.088 -0.029 -0.363 -0.055 -0.910
-0.010 -0.089 -0.027 -0.418 -0.135 -0.733
-0.015 -0.087 -0.025 -0.508 -0.124 -0.724
-0.018 -0.088 -0.023 -0.564  0.159 -0.369
-0.015 -0.090 -0.024 -0.311 -0.446 -0.467
-0.010 -0.094 -0.027 -0.551  0.113 -0.578
-0.006 -0.101 -0.027 -0.519  0.029 -0.401
-0.004 -0.105 -0.027 -0.259 -0.405 -0.721
-0.006 -0.101 -0.027 -0.525  0.258 -0.107
-0.006 -0.095 -0.028 -0.441 -0.168 -0.570
 0.000  0.000  0.000  0.000  0.000  0.000
 0.000  0.000  0.000  0.000  0.000  0.000
-0.002 -0.106 -0.009  0.070 -0.996 -0.018
-0.016 -0.105 -0.017 -0.648 -0.437 -0.461
-0.017 -0.102 -0.016 -0.671 -0.232 -0.466
-0.023 -0.091 -0.015 -0.528 -0.285 -0.443
-0.021 -0.099 -0.013 -0.694 -0.160 -0.313
-0.018 -0.104 -0.014 -0.757 -0.096 -0.396
-0.020 -0.105 -0.009 -0.695 -0.392 -0.189
-0.019 -0.107 -0.007 -0.507 -0.498 -0.077
-0.017 -0.106 -0.011 -0.275 -0.846 -0.130
-0.015 -0.107 -0.016 -0.304 -0.753 -0.239
-0.024 -0.102  0.002 -0.706 -0.096  0.066
-0.022 -0.105  0.003 -0.727 -0.370 -0.018
-0.023 -0.102 -0.001 -0.762 -0.512 -0.088
-0.026 -0.096 -0.001 -0.678 -0.034 -0.151
-0.027 -0.092 -0.006 -0.593 -0.545 -0.147
-0.027 -0.089 -0.008 -0.779  0.001 -0.210
-0.028 -0.089 -0.005 -0.710  0.265 -0.102
-0.028 -0.091  0.001 -0.784 -0.399  0.004
-0.028 -0.090  0.005 -0.805 -0.151  0.080
-0.028 -0.089  0.010 -0.773 -0.020  0.243
-0.028 -0.091  0.007 -0.838 -0.128  0.257
-0.027 -0.095  0.002 -0.517 -0.205  0.025
-0.029 -0.077  0.006 -0.931  0.011  0.149
-0.028 -0.083  0.010 -0.717 -0.288  0.139
-0.030 -0.080  0.004 -0.874 -0.151  0.204
-0.030 -0.080  0.000 -0.953 -0.083 -0.062
-0.029 -0.080 -0.004 -0.893 -0.352 -0.087
-0.028 -0.080 -0.007 -0.664 -0.286 -0.309
-0.029 -0.078 -0.006 -0.941  0.055 -0.242
-0.029 -0.075 -0.003 -0.930  0.104 -0.213
-0.030 -0.071 -0.003 -0.689  0.123 -0.104
-0.030 -0.069 -0.002 -0.675  0.086 -0.200
-0.030 -0.072  0.001 -0.733  0.120  0.069
-0.030 -0.075  0.002 -0.937  0.131  0.158
 0.000  0.000  0.000  0.000  0.000  0.000
 0.000  0.000  0.000  0.000  0.000  0.000
 0.000  0.000  0.000  0.000  0.000  0.000
 0.000  0.000  0.000  0.000  0.000  0.000
 0.000  0.000  0.000  0.000  0.000  0.000
 0.000  0.000  0.000  0.000  0.000  0.000
 0.000  0.000  0.000  0.000  0.000  0.000
 0.000  0.000  0.000  0.000  0.000  0.000
 0.000  0.000  0.000  0.000  0.000  0.000
 0.000  0.000  0.000  0.000  0.000  0.000
 0.000  0.000  0.000  0.000  0.000  0.000
 0.000  0.000  0.000  0.000  0.000  0.000
-0.015 -0.065 -0.026 -0.588  0.105 -0.629
-0.018 -0.061 -0.023 -0.596  0.268 -0.211
-0.018 -0.066 -0.024 -0.553 -0.026 -0.475
-0.018 -0.070 -0.023 -0.617  0.047 -0.501
-0.021 -0.074 -0.021 -0.645  0.110 -0.585
-0.022 -0.077 -0.020 -0.595 -0.196 -0.456
-0.018 -0.076 -0.024 -0.456 -0.219 -0.675
-0.014 -0.073 -0.026 -0.414  0.027 -0.644
-0.009 -0.073 -0.029 -0.402 -0.183 -0.823
-0.006 -0.074 -0.030 -0.367 -0.107 -0.907
-0.008 -0.071 -0.029 -0.443  0.082 -0.809
-0.014 -0.068 -0.026 -0.556  0.010 -0.622
 0.000  0.000  0.000  0.000  0.000  0.000
 0.000  0.000  0.000  0.000  0.000  0.000
 0.000  0.000  0.000  0.000  0.000  0.000
 0.000  0.000  0.000  0.000  0.000  0.000
 0.000  0.000  0.000  0.000  0.000  0.000
 0.000  0.000  0.000  0.000  0.000  0.000
 0.000  0.000  0.000  0.000  0.000  0.000
 0.000  0.000  0.000  0.000  0.000  0.000
 0.000  0.000  0.000  0.000  0.000  0.000
 0.000  0.000  0.000  0.000  0.000  0.000
 0.000  0.000  0.000  0.000  0.000  0.000
 0.000  0.000  0.000  0.000  0.000  0.000
-0.014 -0.099  0.026 -0.683 -0.151  0.682
-0.015 -0.102  0.024 -0.728 -0.329  0.498
-0.016 -0.100  0.024 -0.721 -0.118  0.457
-0.018 -0.095  0.024 -0.568  0.180  0.406
-0.020 -0.092  0.024 -0.449 -0.398  0.389
-0.022 -0.088  0.021 -0.682 -0.068  0.457
-0.019 -0.090  0.024 -0.584 -0.055  0.493
-0.017 -0.091  0.026 -0.640  0.157  0.597
-0.014 -0.089  0.029 -0.516 -0.036  0.628
-0.011 -0.088  0.030 -0.562  0.116  0.779
-0.012 -0.092  0.029 -0.504 -0.134  0.617
-0.016 -0.095  0.026 -0.638 -0.289  0.633
