0 357 -741 1075 -185 -868 -467
1 356 -741 1074 -187 -862 -469
2 358 -741 1074 -190 -865 -468
3 359 -741 1075 -187 -863 -472
4 359 -741 1075 -184 -864 -465
5 360 -744 1071 -184 -867 -474
6 357 -738 1072 -185 -861 -470
7 354 -739 1074 -185 -860 -469
8 352 -740 1075 -185 -860 -469
9 355 -738 1076 -188 -863 -471
10 358 -741 1073 -183 -863 -468
11 357 -742 1076 -180 -870 -473
12 357 -741 1074 -183 -871 -471
13 356 -743 1078 -187 -867 -471
14 355 -741 1076 -183 -867 -473
15 357 -742 1075 -189 -865 -469
16 355 -742 1073 -189 -862 -471
17 357 -739 1071 -188 -862 -471
18 358 -741 1076 -183 -865 -472
19 357 -741 1075 -186 -863 -473
20 353 -741 1075 -186 -864 -472
21 354 -740 1072 -185 -866 -471
22 352 -739 1075 -184 -865 -473
23 352 -743 1072 -185 -861 -474
24 357 -741 1074 -183 -868 -472
25 356 -744 1074 -184 -867 -474
26 356 -742 1075 -184 -868 -470
27 353 -743 1071 -186 -864 -472
28 360 -739 1074 -185 -866 -471
29 359 -744 1070 -184 -866 -472
30 356 -740 1072 -188 -864 -472
31 355 -739 1072 -185 -863 -469
32 357 -740 1074 -185 -866 -472
33 355 -740 1071 -183 -867 -470
34 356 -740 1071 -185 -868 -472
35 355 -742 1075 -188 -868 -472
36 357 -742 1072 -185 -864 -472
37 355 -742 1072 -189 -867 -471
38 354 -743 1074 -188 -866 -472
39 355 -742 1075 -187 -865 -473
40 353 -742 1074 -185 -863 -474
41 356 -740 1073 -185 -867 -472
42 353 -740 1072 -186 -863 -472
43 356 -743 1074 -185 -861 -473
44 353 -743 1075 -187 -865 -473
45 356 -743 1074 -187 -868 -471
46 356 -743 1074 -185 -864 -469
47 358 -743 1074 -189 -862 -471
48 361 -742 1074 -185 -868 -474
49 356 -741 1074 -187 -863 -468
50 359 -742 1073 -186 -864 -469
51 357 -741 1071 -184 -867 -471
52 359 -741 1072 -186 -866 -468
53 360 -742 1074 -186 -869 -472
54 355 -744 1074 -188 -865 -471
55 358 -742 1070 -187 -865 -468
56 357 -741 1072 -186 -866 -468
57 356 -743 1073 -188 -865 -472
58 358 -743 1073 -193 -866 -472
59 360 -742 1072 -191 -865 -472
60 358 -741 1071 -189 -866 -471
61 355 -746 1071 -189 -863 -472
62 358 -741 1074 -188 -863 -473
63 355 -743 1071 -188 -865 -469
64 358 -743 1075 -187 -868 -472
65 353 -743 1071 -187 -866 -469
66 352 -745 1069 -192 -867 -471
67 356 -742 1072 -188 -866 -470
68 355 -742 1072 -189 -868 -476
69 358 -744 1073 -187 -867 -471
70 357 -744 1072 -187 -867 -471
71 355 -741 1070 -190 -866 -472
72 358 -744 1072 -190 -864 -472
73 355 -746 1072 -191 -865 -471
74 357 -740 1068 -188 -867 -471
75 356 -740 1071 -184 -864 -473
76 359 -740 1070 -190 -864 -467
77 358 -741 1070 -188 -869 -474
78 357 -743 1074 -188 -869 -473
79 354 -742 1069 -187 -866 -472
80 356 -738 1073 -187 -863 -471
81 356 -739 1069 -189 -864 -471
82 356 -741 1075 -189 -863 -471
83 359 -744 1072 -187 -864 -472
84 358 -742 1072 -186 -866 -473
85 356 -742 1071 -187 -866 -471
86 358 -746 1072 -187 -866 -470
87 357 -738 1072 -186 -863 -470
88 354 -742 1074 -186 -861 -471
89 355 -745 1075 -186 -865 -471
90 356 -738 1076 -188 -867 -470
91 354 -742 1075 -183 -869 -472
92 358 -740 1071 -187 -867 -475
93 355 -745 1073 -185 -865 -473
94 356 -744 1072 -189 -867 -472
95 357 -741 1074 -188 -865 -471
96 357 -740 1073 -185 -866 -471
97 356 -744 1071 -186 -865 -473
98 357 -739 1072 -185 -865 -472
99 358 -740 1075 -183 -867 -470
100 357 -741 1073 -188 -869 -472
101 358 -742 1074 -182 -865 -469
102 357 -741 1072 -188 -864 -470
103 354 -742 1073 -186 -867 -472
104 357 -741 1074 -182 -866 -471
105 357 -740 1071 -183 -865 -470
106 356 -740 1077 -179 -864 -471
107 354 -741 1074 -185 -867 -471
108 353 -741 1074 -186 -865 -470
109 353 -742 1075 -186 -861 -473
110 351 -741 1076 -186 -862 -473
111 354 -742 1074 -186 -864 -472
112 358 -742 1074 -185 -866 -471
113 355 -741 1074 -184 -866 -471
114 354 -740 1072 -182 -868 -471
115 355 -741 1074 -184 -867 -469
116 357 -741 1074 -185 -865 -471
117 355 -743 1072 -190 -867 -473
118 353 -744 1070 -186 -864 -472
119 355 -742 1074 -187 -866 -471
120 358 -743 1073 -187 -866 -471
121 357 -743 1074 -187 -868 -471
122 359 -742 1073 -187 -866 -467
123 360 -741 1072 -189 -867 -472
124 355 -741 1073 -184 -866 -472
125 355 -740 1070 -190 -861 -471
126 357 -743 1073 -185 -868 -473
127 354 -741 1074 -185 -868 -473
128 355 -740 1075 -183 -867 -471
129 356 -741 1071 -186 -862 -470
130 354 -744 1070 -189 -865 -474
131 354 -742 1070 -186 -863 -470
132 352 -741 1073 -187 -866 -470
133 353 -741 1074 -186 -866 -475
134 353 -742 1073 -182 -868 -470
135 357 -740 1071 -187 -865 -472
136 360 -742 1073 -186 -867 -468
137 354 -741 1074 -187 -861 -474
138 358 -742 1070 -189 -862 -470
139 355 -746 1074 -188 -868 -472
140 358 -743 1072 -184 -867 -470
141 357 -743 1071 -190 -867 -472
142 358 -739 1074 -189 -866 -471
143 357 -743 1073 -190 -867 -472
144 356 -742 1071 -189 -864 -471
145 356 -744 1070 -190 -866 -473
146 361 -743 1070 -190 -866 -469
147 357 -740 1073 -189 -865 -471
148 360 -743 1073 -189 -867 -472
149 359 -743 1071 -189 -869 -472
150 354 -743 1069 -186 -868 -470
151 357 -741 1073 -189 -868 -471
152 354 -744 1071 -187 -863 -469
153 355 -742 1073 -189 -866 -471
154 355 -743 1073 -187 -866 -474
155 355 -742 1070 -186 -863 -476
156 358 -744 1071 -189 -866 -471
157 357 -745 1073 -190 -868 -472
158 357 -741 1074 -190 -862 -471
159 360 -745 1072 -191 -864 -472
160 357 -742 1072 -190 -866 -470
161 358 -743 1070 -189 -868 -471
162 359 -741 1072 -187 -866 -471
163 358 -740 1072 -190 -869 -472
164 358 -741 1071 -192 -867 -475
165 356 -744 1068 -189 -867 -472
166 355 -743 1071 -189 -868 -471
167 357 -744 1072 -189 -863 -471
168 357 -744 1072 -192 -866 -473
169 356 -745 1072 -190 -866 -472
170 356 -745 1073 -187 -865 -469
171 359 -744 1074 -186 -864 -471
172 353 -742 1075 -186 -865 -472
173 354 -744 1074 -187 -865 -471
174 355 -744 1072 -187 -864 -469
175 355 -743 1071 -184 -863 -474
176 357 -743 1074 -188 -868 -472
177 354 -744 1074 -187 -868 -473
178 355 -742 1071 -185 -865 -470
179 357 -743 1073 -189 -864 -472
180 353 -744 1072 -188 -864 -471
181 357 -746 1072 -188 -868 -471
182 357 -742 1073 -185 -866 -472
183 359 -743 1071 -187 -866 -472
184 357 -742 1072 -184 -869 -473
185 356 -742 1069 -186 -867 -475
186 354 -741 1070 -190 -868 -475
187 355 -743 1068 -189 -866 -477
188 356 -744 1068 -188 -868 -473
189 354 -742 1075 -186 -867 -473
190 354 -744 1069 -188 -870 -471
191 354 -743 1074 -186 -868 -472
192 354 -742 1071 -187 -868 -472
193 352 -741 1072 -186 -865 -473
194 353 -743 1073 -188 -865 -474
195 355 -742 1071 -186 -864 -473
196 350 -744 1073 -185 -866 -472
197 352 -744 1073 -181 -869 -474
198 356 -744 1074 -184 -865 -472
199 354 -744 1074 -185 -869 -476
200 353 -742 1071 -187 -864 -475
201 352 -742 1072 -189 -865 -472
202 354 -739 1070 -187 -865 -467
203 353 -741 1072 -183 -866 -474
204 355 -744 1070 -186 -870 -472
205 350 -741 1073 -188 -870 -473
206 354 -741 1072 -188 -868 -471
207 353 -741 1073 -189 -866 -472
208 354 -743 1073 -190 -869 -471
209 349 -741 1072 -189 -866 -474
210 355 -743 1072 -189 -866 -475
211 356 -742 1072 -188 -869 -472
212 356 -745 1072 -185 -869 -471
213 352 -744 1074 -188 -866 -474
214 352 -741 1071 -184 -869 -472
215 352 -749 1073 -190 -867 -471
216 355 -745 1070 -188 -864 -476
217 354 -745 1075 -186 -864 -474
218 353 -747 1070 -186 -868 -474
219 352 -743 1072 -184 -868 -470
220 355 -739 1071 -188 -867 -471
221 353 -745 1071 -188 -863 -473
222 356 -744 1069 -190 -863 -476
223 352 -742 1070 -188 -864 -474
224 356 -742 1074 -188 -864 -470
225 359 -743 1073 -186 -870 -474
226 355 -743 1070 -190 -866 -473
227 357 -743 1073 -187 -868 -473
228 359 -743 1070 -188 -866 -472
229 356 -741 1072 -191 -866 -472
230 358 -744 1075 -191 -866 -473
231 358 -743 1074 -188 -868 -470
232 359 -741 1071 -185 -865 -471
233 356 -742 1075 -189 -869 -476
234 354 -743 1067 -189 -869 -475
235 356 -744 1069 -193 -867 -472
236 358 -745 1071 -191 -867 -474
237 355 -746 1074 -190 -865 -473
238 354 -743 1072 -188 -866 -471
239 354 -742 1071 -187 -866 -469
240 352 -742 1070 -189 -865 -471
241 356 -741 1070 -189 -863 -470
242 357 -742 1074 -189 -866 -471
243 358 -743 1074 -187 -863 -470
244 360 -738 1075 -191 -865 -470
245 360 -740 1073 -188 -867 -476
246 360 -741 1073 -190 -867 -471
247 356 -743 1074 -188 -867 -471
248 354 -741 1073 -187 -863 -471
249 357 -744 1074 -188 -865 -469
250 354 -744 1072 -191 -865 -473
251 356 -743 1074 -189 -867 -473
252 360 -740 1071 -189 -864 -471
253 359 -744 1071 -187 -866 -474
254 359 -741 1071 -189 -867 -473
255 357 -742 1071 -186 -871 -473
256 357 -741 1072 -188 -867 -470
257 355 -742 1070 -188 -864 -472
258 356 -741 1070 -188 -865 -469
259 354 -741 1077 -184 -867 -471
260 356 -741 1075 -188 -864 -471
261 358 -741 1070 -187 -865 -472
262 356 -742 1074 -188 -866 -472
263 357 -740 1071 -189 -868 -470
264 357 -741 1074 -186 -866 -470
265 354 -741 1075 -186 -868 -473
266 355 -745 1075 -187 -865 -471
267 354 -743 1072 -186 -866 -474
268 356 -744 1070 -185 -866 -471
269 357 -742 1073 -186 -866 -472
270 353 -744 1071 -186 -866 -472
271 356 -741 1072 -184 -867 -474
272 355 -742 1071 -185 -865 -473
273 357 -740 1072 -186 -865 -470
274 356 -741 1075 -188 -865 -474
275 358 -745 1073 -186 -866 -473
276 355 -741 1074 -184 -868 -472
277 356 -741 1072 -185 -866 -472
278 356 -740 1075 -185 -865 -471
279 354 -743 1074 -185 -866 -470
280 356 -741 1073 -187 -864 -471
281 356 -740 1077 -185 -864 -472
282 351 -742 1073 -183 -868 -472
283 353 -740 1073 -185 -864 -474
284 352 -742 1074 -185 -864 -471
285 353 -738 1071 -186 -865 -474
286 353 -739 1075 -185 -867 -474
287 354 -742 1075 -185 -866 -471
288 359 -743 1073 -184 -863 -471
289 354 -741 1071 -185 -866 -474
290 355 -742 1073 -185 -867 -472
291 353 -743 1073 -185 -866 -475
292 356 -740 1074 -184 -865 -473
293 356 -742 1071 -185 -867 -472
294 358 -741 1075 -185 -867 -472
295 357 -743 1072 -186 -870 -472
296 355 -742 1073 -183 -870 -472
297 357 -740 1074 -182 -866 -471
298 355 -742 1072 -188 -866 -472
299 354 -743 1072 -188 -864 -473
300 354 -745 1073 -183 -864 -471
301 356 -740 1073 -186 -865 -472
302 353 -744 1073 -185 -867 -469
303 354 -742 1073 -188 -865 -471
304 355 -742 1074 -186 -860 -472
305 354 -742 1075 -187 -864 -471
306 353 -743 1072 -183 -863 -472
307 356 -742 1073 -188 -865 -470
308 354 -741 1072 -185 -863 -469
309 355 -742 1073 -183 -867 -472
310 357 -746 1073 -188 -868 -473
311 358 -741 1071 -187 -867 -471
312 355 -742 1073 -190 -866 -472
313 360 -743 1076 -187 -865 -470
314 358 -744 1077 -188 -865 -472
315 353 -742 1070 -187 -865 -474
316 358 -743 1071 -187 -868 -473
317 356 -741 1072 -189 -866 -473
318 356 -744 1069 -185 -864 -472
319 356 -741 1076 -187 -864 -468
320 358 -742 1072 -191 -863 -470
321 358 -741 1072 -191 -864 -469
322 359 -745 1071 -192 -866 -469
323 359 -746 1074 -187 -869 -470
324 358 -742 1071 -187 -866 -468
325 358 -743 1074 -185 -865 -471
326 356 -742 1073 -188 -865 -475
327 354 -743 1075 -191 -861 -474
328 354 -739 1072 -190 -867 -472
329 356 -744 1070 -190 -869 -471
330 357 -744 1069 -187 -866 -474
331 362 -741 1073 -187 -863 -468
332 362 -740 1072 -189 -866 -474
333 358 -745 1074 -189 -867 -469
334 358 -742 1075 -189 -861 -471
335 358 -743 1075 -189 -867 -472
336 354 -737 1072 -189 -867 -469
337 357 -741 1072 -189 -865 -474
338 357 -741 1071 -187 -867 -472
339 359 -745 1073 -190 -867 -475
340 355 -740 1072 -190 -867 -472
341 357 -742 1074 -192 -865 -469
342 358 -745 1073 -190 -865 -470
343 358 -742 1069 -191 -864 -469
344 357 -739 1071 -185 -866 -472
345 357 -744 1073 -186 -868 -469
346 358 -742 1073 -186 -863 -474
347 354 -741 1074 -187 -866 -470
348 356 -744 1071 -192 -866 -470
349 356 -742 1074 -187 -864 -474
350 355 -743 1073 -187 -868 -470
351 356 -741 1071 -183 -864 -468
352 358 -741 1073 -183 -865 -473
353 358 -742 1075 -187 -865 -468
354 356 -742 1072 -186 -865 -470
355 354 -742 1074 -186 -864 -471
356 356 -744 1071 -189 -863 -472
357 352 -742 1073 -187 -869 -474
358 355 -743 1069 -187 -868 -471
359 354 -742 1071 -186 -869 -472
360 355 -741 1072 -185 -869 -477
361 354 -745 1072 -187 -866 -476
362 356 -740 1070 -188 -864 -473
363 352 -741 1074 -187 -866 -470
364 350 -744 1073 -188 -866 -471
365 353 -742 1074 -187 -868 -474
366 354 -743 1072 -185 -867 -468
367 354 -740 1070 -183 -866 -472
368 354 -741 1072 -184 -868 -473
369 355 -740 1074 -187 -865 -470
370 352 -743 1072 -183 -866 -472
371 352 -741 1072 -185 -869 -473
372 354 -741 1077 -187 -867 -475
373 353 -743 1075 -186 -867 -475
374 352 -745 1069 -184 -870 -473
375 354 -744 1069 -188 -868 -475
376 353 -743 1073 -184 -865 -470
377 352 -742 1074 -184 -865 -472
378 350 -742 1073 -186 -867 -473
379 355 -742 1072 -188 -865 -472
380 355 -741 1071 -185 -868 -475
381 355 -739 1073 -185 -867 -471
382 356 -744 1074 -185 -868 -475
383 356 -737 1072 -185 -870 -474
384 355 -741 1072 -186 -862 -472
385 353 -741 1073 -187 -864 -472
386 359 -742 1072 -183 -867 -472
387 356 -741 1074 -187 -867 -470
388 353 -741 1071 -185 -871 -475
389 355 -741 1073 -189 -869 -472
390 353 -741 1070 -187 -861 -475
391 355 -743 1074 -187 -866 -474
392 354 -744 1070 -186 -867 -470
393 351 -740 1071 -183 -870 -472
394 355 -742 1072 -186 -867 -474
395 355 -741 1070 -186 -866 -473
396 357 -743 1071 -191 -866 -473
397 356 -745 1073 -188 -862 -475
398 357 -743 1073 -191 -865 -474
399 356 -744 1072 -189 -864 -474
400 356 -740 1073 -190 -867 -474
401 358 -747 1073 -187 -868 -472
402 356 -740 1076 -188 -866 -471
403 357 -741 1073 -188 -864 -470
404 358 -742 1070 -187 -862 -470
405 358 -742 1070 -188 -862 -470
406 355 -743 1068 -190 -867 -474
407 358 -741 1073 -188 -867 -470
408 359 -740 1070 -188 -866 -471
409 361 -745 1073 -190 -867 -470
410 358 -743 1073 -189 -863 -472
411 356 -745 1071 -191 -864 -470
412 354 -745 1072 -191 -864 -470
413 356 -741 1069 -189 -863 -471
414 353 -742 1073 -185 -868 -471
415 356 -742 1072 -188 -866 -474
416 356 -743 1070 -189 -865 -469
417 360 -743 1072 -187 -861 -472
418 358 -744 1072 -190 -864 -475
419 356 -742 1070 -190 -865 -472
420 361 -745 1074 -191 -866 -472
421 360 -746 1071 -187 -866 -472
422 358 -742 1073 -191 -866 -472
423 359 -744 1072 -190 -871 -473
424 358 -742 1071 -191 -863 -472
425 359 -743 1070 -188 -863 -469
426 362 -741 1077 -191 -865 -471
427 359 -748 1072 -192 -864 -471
428 356 -747 1071 -191 -866 -474
429 359 -744 1072 -188 -868 -472
430 355 -742 1071 -185 -867 -472
431 355 -745 1074 -188 -864 -472
432 356 -743 1070 -189 -863 -470
433 356 -743 1074 -191 -863 -469
434 358 -743 1072 -188 -866 -472
435 355 -741 1073 -187 -867 -476
436 358 -743 1071 -186 -868 -471
437 357 -740 1071 -186 -867 -474
438 357 -742 1072 -188 -861 -469
439 357 -739 1074 -186 -864 -469
440 356 -741 1073 -187 -863 -472
441 357 -740 1071 -187 -865 -472
442 356 -739 1073 -185 -868 -472
443 354 -743 1072 -185 -866 -472
444 354 -741 1075 -186 -866 -472
445 359 -739 1072 -186 -868 -472
446 355 -742 1073 -186 -864 -472
447 352 -742 1073 -184 -863 -471
448 354 -740 1073 -186 -867 -471
449 355 -743 1074 -187 -865 -473
450 357 -745 1074 -183 -869 -472
451 356 -743 1071 -185 -866 -474
452 357 -740 1070 -182 -869 -472
453 353 -739 1072 -186 -866 -471
454 356 -737 1073 -185 -864 -472
455 354 -740 1077 -183 -863 -470
456 351 -741 1075 -183 -866 -473
457 354 -739 1075 -183 -865 -471
458 357 -741 1074 -186 -868 -473
459 353 -740 1076 -187 -867 -474
460 354 -740 1069 -185 -863 -474
461 354 -740 1073 -184 -864 -473
462 357 -740 1073 -186 -864 -473
463 351 -744 1076 -183 -868 -473
464 355 -740 1073 -183 -869 -471
465 354 -742 1072 -183 -869 -474
466 354 -741 1073 -185 -866 -472
467 353 -741 1071 -188 -860 -473
468 351 -744 1072 -186 -866 -474
469 354 -742 1073 -186 -864 -470
470 353 -745 1072 -185 -866 -472
471 354 -741 1075 -185 -868 -474
472 351 -741 1073 -184 -867 -474
473 357 -740 1071 -188 -867 -474
474 355 -742 1070 -190 -868 -471
475 356 -742 1070 -189 -863 -471
476 352 -743 1074 -187 -866 -473
477 353 -741 1073 -187 -864 -473
478 353 -744 1073 -183 -867 -473
479 357 -740 1073 -187 -867 -470
480 355 -741 1071 -186 -864 -471
481 357 -743 1070 -188 -867 -474
482 354 -744 1073 -189 -868 -473
483 358 -740 1071 -190 -869 -474
484 357 -743 1071 -190 -866 -471
485 350 -744 1075 -186 -865 -470
486 354 -744 1072 -187 -864 -474
487 353 -742 1072 -186 -870 -472
488 356 -742 1074 -189 -863 -472
489 356 -741 1071 -186 -863 -472
490 357 -742 1073 -191 -866 -469
491 354 -746 1070 -188 -865 -474
492 359 -743 1074 -189 -868 -471
493 358 -743 1070 -191 -867 -474
494 359 -743 1068 -190 -865 -474
495 357 -743 1071 -187 -868 -470
496 354 -745 1070 -191 -867 -473
497 356 -746 1070 -191 -870 -474
498 355 -744 1069 -192 -864 -472
499 361 -744 1071 -193 -866 -469
500 359 -744 1074 -192 -867 -474
501 356 -746 1068 -194 -868 -469
502 357 -745 1073 -191 -869 -471
503 359 -746 1072 -192 -867 -473
504 355 -743 1071 -190 -866 -470
505 357 -745 1072 -192 -866 -474
506 356 -745 1071 -191 -864 -471
507 355 -747 1072 -187 -868 -472
508 356 -744 1070 -191 -867 -471
509 358 -742 1073 -189 -866 -470
510 358 -745 1070 -191 -862 -472
511 355 -743 1073 -191 -866 -471
512 358 -742 1072 -191 -863 -470
513 360 -744 1074 -189 -867 -472
514 353 -742 1072 -190 -865 -472
515 355 -742 1072 -188 -863 -473
516 356 -743 1072 -189 -868 -472
517 355 -742 1071 -188 -865 -470
518 357 -742 1070 -191 -867 -471
519 356 -746 1074 -189 -870 -469
520 358 -744 1072 -192 -865 -470
521 354 -744 1072 -186 -864 -470
522 358 -740 1078 -188 -866 -468
523 357 -741 1074 -188 -864 -475
524 355 -743 1074 -186 -863 -471
525 359 -741 1076 -186 -868 -474
526 351 -741 1074 -189 -872 -474
527 356 -740 1070 -185 -869 -474
528 356 -740 1069 -189 -869 -471
529 356 -741 1072 -184 -864 -473
530 355 -742 1071 -188 -864 -475
531 356 -742 1071 -189 -866 -470
532 356 -741 1070 -187 -866 -470
533 354 -742 1071 -186 -869 -474
534 352 -744 1071 -186 -866 -470
535 353 -742 1075 -184 -868 -474
536 354 -741 1075 -188 -865 -473
537 356 -740 1073 -186 -870 -470
538 353 -746 1070 -189 -863 -472
539 353 -745 1069 -187 -867 -474
540 354 -745 1072 -186 -869 -473
541 354 -739 1072 -182 -867 -470
542 352 -740 1071 -182 -868 -475
543 352 -743 1073 -183 -864 -471
544 352 -741 1071 -186 -864 -472
545 352 -742 1072 -190 -864 -472
546 356 -743 1071 -187 -866 -475
547 355 -739 1073 -183 -865 -472
548 353 -740 1072 -188 -867 -475
549 356 -742 1074 -186 -867 -471
550 355 -741 1072 -186 -865 -475
551 351 -741 1074 -186 -866 -473
552 355 -742 1074 -185 -868 -472
553 352 -740 1072 -183 -866 -472
554 352 -739 1075 -186 -865 -471
555 355 -741 1071 -185 -868 -472
556 354 -743 1077 -185 -866 -471
557 351 -741 1071 -186 -866 -472
558 355 -743 1075 -191 -868 -473
559 356 -741 1075 -189 -864 -471
560 356 -742 1070 -186 -866 -473
561 356 -741 1074 -187 -868 -469
562 354 -741 1074 -187 -871 -477
563 353 -744 1070 -188 -868 -473
564 349 -743 1073 -184 -867 -473
565 352 -741 1072 -191 -868 -475
566 354 -747 1068 -190 -867 -471
567 355 -743 1071 -190 -868 -472
568 357 -742 1072 -188 -868 -469
569 358 -741 1072 -188 -868 -472
570 352 -744 1068 -191 -866 -472
571 356 -744 1073 -186 -868 -472
572 355 -746 1071 -186 -865 -474
573 357 -743 1075 -188 -865 -472
574 352 -741 1072 -185 -866 -472
575 355 -742 1071 -188 -865 -471
576 356 -742 1071 -192 -866 -471
577 355 -745 1073 -188 -870 -474
578 356 -742 1069 -191 -867 -473
579 357 -742 1070 -191 -867 -474
580 355 -745 1071 -191 -865 -471
581 359 -744 1070 -194 -865 -470
582 358 -745 1071 -190 -862 -470
583 358 -744 1071 -192 -868 -470
584 358 -747 1071 -192 -869 -471
585 362 -746 1069 -190 -867 -470
586 360 -740 1071 -187 -868 -472
587 360 -740 1072 -189 -865 -470
588 358 -742 1072 -191 -866 -472
589 359 -744 1072 -191 -866 -469
590 360 -740 1073 -190 -864 -469
591 357 -742 1075 -192 -867 -474
592 357 -745 1069 -189 -868 -473
593 356 -746 1070 -189 -866 -472
594 355 -744 1074 -189 -863 -470
595 356 -745 1073 -188 -864 -470
596 355 -744 1069 -194 -861 -471
597 355 -744 1071 -189 -864 -471
598 356 -744 1075 -188 -868 -469
599 356 -743 1072 -191 -868 -475
600 357 -746 1070 -191 -867 -473
601 358 -747 1070 -191 -864 -470
602 357 -741 1076 -193 -865 -473
603 359 -745 1071 -194 -866 -473
604 356 -745 1068 -191 -865 -471
605 360 -741 1072 -189 -867 -472
606 359 -742 1069 -188 -868 -470
607 357 -742 1073 -186 -867 -471
608 356 -742 1071 -190 -869 -472
609 355 -742 1071 -192 -867 -472
610 354 -742 1073 -190 -865 -472
611 355 -743 1072 -186 -863 -472
612 355 -740 1071 -187 -863 -470
613 350 -743 1071 -184 -867 -472
614 352 -741 1072 -184 -869 -471
615 355 -745 1074 -186 -866 -473
616 352 -744 1074 -184 -866 -471
617 354 -744 1073 -193 -863 -472
618 353 -745 1072 -187 -865 -473
619 358 -746 1071 -187 -868 -474
620 351 -747 1072 -181 -866 -473
621 354 -736 1074 -182 -867 -471
622 355 -743 1072 -184 -867 -474
623 354 -739 1074 -187 -864 -474
624 353 -741 1071 -190 -865 -472
625 355 -742 1075 -186 -866 -472
626 354 -744 1076 -180 -870 -472
627 358 -740 1067 -182 -869 -470
628 354 -739 1075 -182 -866 -470
629 353 -741 1073 -183 -870 -474
630 353 -738 1071 -185 -861 -474
631 352 -740 1073 -187 -862 -472
632 353 -742 1074 -188 -865 -474
633 351 -744 1073 -185 -867 -474
634 353 -742 1075 -183 -867 -473
635 354 -737 1073 -183 -868 -474
636 353 -739 1073 -184 -866 -469
637 353 -736 1077 -183 -866 -474
638 354 -742 1073 -185 -864 -475
639 352 -741 1074 -181 -863 -469
640 351 -739 1075 -184 -865 -471
641 350 -739 1073 -181 -868 -473
642 354 -740 1072 -183 -867 -474
643 353 -744 1071 -185 -865 -471
644 356 -740 1077 -186 -866 -474
645 355 -739 1076 -186 -863 -470
646 354 -740 1074 -185 -864 -469
647 354 -740 1074 -181 -863 -469
648 357 -737 1073 -184 -865 -471
649 354 -739 1075 -181 -866 -471
650 355 -741 1072 -186 -868 -474
651 356 -739 1075 -185 -867 -470
652 357 -740 1074 -187 -863 -470
653 354 -741 1073 -185 -860 -472
654 356 -740 1070 -187 -864 -468
655 355 -739 1072 -183 -866 -471
656 356 -740 1074 -183 -869 -472
657 355 -742 1073 -186 -865 -472
658 354 -739 1072 -187 -863 -473
659 359 -742 1073 -190 -862 -472
660 354 -740 1074 -191 -863 -473
661 357 -742 1074 -187 -869 -469
662 359 -743 1071 -187 -870 -468
663 356 -743 1074 -188 -865 -470
664 354 -743 1070 -189 -867 -471
665 356 -744 1072 -189 -868 -471
666 362 -741 1071 -189 -868 -470
667 359 -743 1073 -189 -862 -470
668 361 -744 1075 -192 -863 -471
669 360 -742 1070 -193 -864 -470
670 362 -744 1071 -185 -866 -471
671 358 -743 1071 -184 -867 -469
672 356 -741 1074 -189 -865 -474
673 357 -744 1071 -189 -859 -469
674 358 -740 1074 -188 -861 -472
675 360 -744 1073 -188 -864 -468
676 361 -744 1073 -187 -872 -473
677 366 -742 1073 -187 -868 -469
678 360 -745 1073 -192 -863 -470
679 360 -742 1070 -194 -858 -470
680 356 -747 1070 -193 -867 -472
681 356 -744 1072 -190 -865 -470
682 358 -742 1075 -185 -868 -469
683 354 -745 1074 -192 -866 -467
684 355 -746 1070 -195 -862 -470
685 360 -743 1074 -196 -863 -470
686 355 -746 1078 -191 -866 -472
687 356 -747 1074 -191 -865 -472
688 359 -744 1072 -189 -868 -469
689 358 -739 1069 -187 -869 -473
690 354 -742 1073 -188 -865 -468
691 357 -739 1073 -192 -864 -471
692 361 -742 1072 -194 -865 -471
693 358 -743 1074 -189 -862 -472
694 358 -742 1073 -185 -865 -473
695 357 -744 1072 -185 -871 -473
696 359 -742 1072 -186 -868 -469
697 359 -744 1071 -185 -865 -474
698 351 -745 1072 -186 -861 -471
699 357 -742 1073 -194 -864 -470
700 356 -744 1074 -190 -862 -470
701 352 -741 1072 -184 -864 -471
702 354 -740 1074 -185 -865 -473
703 355 -740 1074 -185 -869 -476
704 356 -741 1074 -185 -869 -470
705 353 -741 1074 -186 -864 -470
706 349 -744 1074 -190 -859 -471
707 353 -743 1073 -188 -860 -469
708 354 -742 1076 -183 -866 -474
709 356 -740 1075 -182 -870 -469
710 357 -740 1074 -180 -877 -473
711 361 -741 1071 -181 -870 -472
712 361 -740 1074 -187 -865 -473
713 355 -739 1073 -194 -859 -472
714 360 -741 1073 -192 -860 -471
715 359 -741 1071 -186 -869 -473
716 354 -739 1071 -177 -872 -471
717 353 -740 1075 -178 -875 -475
718 358 -737 1075 -179 -871 -472
719 350 -739 1072 -181 -864 -475
720 344 -740 1073 -189 -858 -471
721 349 -742 1078 -191 -859 -470
722 350 -741 1077 -183 -864 -472
723 350 -742 1074 -179 -866 -470
724 350 -739 1074 -177 -872 -472
725 358 -739 1074 -180 -871 -475
726 353 -740 1075 -182 -864 -472
727 345 -740 1072 -181 -855 -474
728 346 -740 1076 -187 -856 -470
729 354 -740 1075 -185 -863 -474
730 353 -741 1070 -177 -871 -474
731 355 -740 1073 -180 -874 -472
732 367 -736 1072 -185 -877 -469
733 362 -743 1074 -184 -866 -469
734 355 -740 1069 -190 -862 -476
735 354 -740 1075 -194 -856 -472
736 357 -738 1078 -190 -862 -470
737 359 -742 1072 -183 -868 -475
738 354 -738 1070 -179 -876 -476
739 355 -739 1076 -179 -875 -470
740 358 -736 1075 -185 -866 -472
741 351 -745 1072 -189 -858 -473
742 340 -745 1073 -189 -852 -469
743 352 -744 1075 -194 -859 -470
744 359 -737 1074 -186 -869 -472
745 353 -745 1069 -176 -871 -471
746 356 -739 1068 -180 -873 -473
747 363 -739 1073 -190 -870 -469
748 359 -741 1073 -194 -855 -473
749 345 -743 1070 -189 -848 -469
750 350 -747 1072 -194 -853 -470
751 361 -742 1069 -178 -872 -470
752 363 -741 1072 -170 -882 -472
753 361 -742 1068 -180 -877 -473
754 374 -742 1074 -200 -873 -468
755 367 -742 1073 -198 -853 -468
756 359 -741 1073 -201 -848 -478
757 358 -742 1076 -186 -870 -468
758 368 -741 1074 -183 -880 -468
759 363 -740 1076 -181 -871 -467
760 349 -745 1068 -190 -863 -477
761 348 -743 1077 -193 -859 -467
762 367 -746 1076 -209 -871 -470
763 361 -744 1073 -191 -865 -470
764 350 -744 1072 -191 -856 -471
765 355 -743 1074 -201 -861 -468
766 363 -742 1073 -195 -871 -470
767 356 -747 1075 -183 -873 -469
768 352 -742 1070 -185 -866 -470
769 355 -744 1073 -198 -865 -471
770 355 -745 1075 -199 -851 -471
771 355 -746 1072 -194 -854 -470
772 361 -745 1069 -185 -868 -470
773 366 -741 1072 -183 -880 -468
774 366 -742 1073 -178 -875 -475
775 361 -741 1074 -186 -864 -470
776 358 -745 1070 -200 -858 -471
777 359 -746 1070 -192 -860 -472
778 358 -743 1075 -187 -862 -470
779 358 -740 1073 -182 -868 -472
780 360 -741 1069 -185 -867 -471
781 360 -740 1069 -184 -870 -472
782 359 -743 1075 -183 -861 -471
783 350 -742 1074 -191 -864 -472
784 357 -745 1075 -202 -856 -469
785 357 -742 1071 -200 -853 -473
786 343 -750 1073 -192 -863 -476
787 343 -743 1071 -176 -883 -473
788 360 -740 1071 -185 -890 -472
789 359 -737 1071 -185 -867 -474
790 344 -743 1072 -199 -850 -474
791 343 -743 1073 -201 -848 -468
792 365 -743 1074 -195 -872 -472
793 355 -747 1076 -169 -877 -472
794 356 -740 1070 -178 -872 -473
795 361 -739 1073 -187 -868 -473
796 360 -740 1070 -186 -860 -473
797 355 -741 1076 -186 -860 -475
798 353 -738 1074 -181 -864 -473
799 358 -740 1076 -182 -865 -468
800 354 -737 1072 -183 -868 -473
801 353 -740 1073 -177 -870 -477
802 355 -736 1075 -172 -866 -466
803 360 -740 1076 -189 -872 -472
804 361 -742 1069 -187 -858 -470
805 349 -740 1072 -188 -849 -468
806 356 -739 1079 -192 -862 -471
807 356 -738 1070 -179 -879 -475
808 358 -744 1073 -168 -880 -471
809 347 -737 1072 -181 -874 -475
810 348 -740 1076 -194 -862 -475
811 345 -740 1074 -194 -850 -474
812 341 -742 1073 -193 -855 -473
813 348 -740 1077 -186 -868 -473
814 348 -743 1075 -175 -881 -471
815 352 -740 1074 -180 -874 -473
816 358 -743 1076 -194 -864 -475
817 349 -740 1074 -190 -859 -469
818 355 -745 1076 -191 -855 -472
819 358 -737 1072 -184 -865 -474
820 356 -740 1072 -168 -874 -470
821 354 -738 1068 -173 -875 -472
822 369 -738 1074 -181 -876 -472
823 364 -741 1071 -179 -869 -474
824 362 -740 1071 -193 -858 -470
825 364 -743 1074 -196 -858 -473
826 360 -744 1075 -190 -857 -470
827 348 -744 1074 -179 -859 -473
828 344 -737 1075 -169 -870 -472
829 347 -739 1077 -169 -875 -471
830 341 -739 1072 -175 -867 -475
831 340 -745 1075 -192 -850 -475
832 336 -743 1078 -199 -846 -470
833 345 -742 1076 -200 -858 -470
834 357 -744 1073 -185 -873 -474
835 351 -744 1072 -173 -887 -474
836 358 -739 1070 -173 -888 -468
837 365 -740 1074 -197 -873 -472
838 361 -741 1067 -201 -856 -469
839 358 -746 1071 -207 -846 -469
840 362 -742 1075 -207 -861 -471
841 371 -742 1072 -183 -884 -472
842 367 -747 1067 -177 -881 -469
843 369 -741 1068 -186 -882 -471
844 368 -740 1070 -185 -874 -469
845 363 -744 1071 -191 -860 -471
846 351 -746 1071 -200 -855 -470
847 354 -745 1072 -199 -852 -467
848 357 -744 1077 -198 -856 -470
849 360 -747 1070 -187 -873 -475
850 361 -743 1070 -173 -883 -469
851 362 -739 1071 -180 -883 -475
852 356 -739 1075 -190 -861 -474
853 346 -745 1074 -204 -842 -470
854 343 -744 1075 -204 -844 -473
855 347 -745 1075 -192 -861 -472
856 348 -740 1075 -172 -883 -474
857 351 -742 1068 -171 -889 -474
858 360 -741 1070 -182 -874 -471
859 361 -743 1074 -193 -854 -472
860 349 -744 1070 -194 -847 -472
861 353 -749 1072 -190 -860 -468
862 358 -742 1074 -191 -870 -470
863 364 -738 1072 -187 -869 -470
864 361 -739 1074 -180 -864 -473
865 356 -740 1070 -174 -881 -469
866 364 -740 1070 -173 -890 -471
867 359 -739 1075 -180 -865 -471
868 342 -741 1076 -196 -840 -470
869 343 -745 1071 -210 -837 -471
870 361 -747 1075 -195 -859 -468
871 367 -739 1076 -163 -893 -472
872 355 -738 1073 -167 -903 -474
873 358 -740 1072 -185 -869 -468
874 356 -744 1072 -203 -833 -468
875 335 -746 1076 -196 -830 -478
876 328 -746 1080 -179 -862 -477
877 348 -739 1079 -167 -894 -466
878 371 -742 1071 -180 -892 -472
879 370 -742 1069 -195 -868 -478
880 368 -740 1071 -210 -858 -467
881 383 -740 1076 -214 -867 -468
882 378 -741 1074 -185 -880 -470
883 348 -743 1068 -160 -861 -466
884 342 -741 1072 -177 -850 -475
885 349 -740 1078 -187 -861 -473
886 348 -742 1074 -186 -864 -475
887 351 -743 1074 -190 -866 -473
888 351 -742 1071 -189 -864 -473
889 355 -741 1075 -188 -866 -472
890 358 -740 1071 -188 -865 -472
891 355 -742 1076 -187 -866 -471
892 357 -741 1074 -185 -867 -473
893 356 -743 1073 -189 -867 -471
894 356 -741 1073 -189 -867 -470
895 355 -745 1072 -186 -865 -469
896 353 -743 1074 -187 -862 -471
897 358 -741 1077 -188 -865 -472
898 356 -740 1071 -188 -867 -471
899 356 -741 1072 -188 -867 -472
900 354 -744 1074 -186 -865 -471
901 354 -742 1073 -188 -865 -474
902 356 -744 1069 -186 -864 -472
903 355 -741 1076 -186 -864 -474
904 356 -740 1070 -185 -865 -469
905 354 -741 1072 -190 -865 -468
906 359 -743 1070 -186 -867 -469
907 355 -740 1073 -190 -867 -474
908 356 -738 1076 -186 -869 -472
909 356 -739 1074 -189 -862 -471
910 357 -743 1071 -187 -863 -474
911 357 -741 1074 -188 -863 -471
912 351 -743 1074 -186 -866 -471
913 352 -744 1074 -186 -865 -470
914 354 -743 1074 -186 -867 -474
915 355 -745 1076 -186 -866 -471
916 354 -742 1072 -188 -865 -471
917 356 -744 1074 -187 -865 -474
918 359 -742 1073 -188 -865 -476
919 357 -739 1073 -187 -868 -475
920 355 -744 1073 -185 -863 -472
921 353 -742 1075 -188 -867 -473
922 353 -741 1070 -187 -868 -474
923 356 -745 1074 -184 -869 -472
924 351 -741 1069 -188 -869 -471
925 360 -742 1073 -189 -867 -474
926 355 -745 1070 -191 -863 -472
927 354 -744 1071 -189 -864 -475
928 357 -742 1071 -188 -869 -471
929 359 -743 1069 -189 -870 -471
930 357 -743 1070 -188 -870 -472
931 352 -743 1072 -187 -867 -472
932 352 -742 1071 -191 -864 -473
933 351 -745 1071 -186 -863 -472
934 352 -745 1074 -187 -863 -469
935 355 -742 1073 -185 -869 -469
936 358 -745 1071 -184 -870 -477
937 355 -743 1070 -187 -867 -473
938 355 -742 1071 -191 -867 -474
939 355 -742 1070 -191 -862 -470
940 355 -741 1072 -190 -864 -471
941 357 -743 1071 -185 -866 -472
942 352 -742 1071 -185 -867 -472
943 354 -742 1073 -185 -869 -477
944 357 -742 1072 -182 -867 -475
945 353 -742 1073 -186 -864 -471
946 353 -742 1074 -188 -863 -472
947 353 -743 1073 -191 -859 -474
948 354 -743 1073 -188 -866 -471
949 355 -744 1075 -185 -866 -470
950 359 -743 1072 -186 -871 -474
951 359 -744 1071 -185 -867 -472
952 356 -742 1073 -189 -866 -474
953 354 -744 1072 -190 -861 -474
954 356 -743 1072 -190 -863 -472
955 354 -743 1073 -188 -863 -473
956 352 -743 1073 -184 -868 -471
957 355 -740 1074 -186 -870 -472
958 355 -746 1071 -187 -871 -470
959 356 -743 1072 -189 -867 -468
960 358 -741 1071 -193 -863 -471
961 359 -743 1075 -190 -863 -469
962 355 -741 1076 -187 -867 -471
963 357 -743 1075 -186 -866 -471
964 357 -740 1070 -182 -872 -475
965 355 -744 1073 -184 -866 -473
966 355 -741 1073 -187 -868 -471
967 358 -742 1073 -192 -866 -471
968 360 -743 1072 -189 -861 -470
969 359 -742 1070 -187 -864 -466
970 361 -742 1073 -189 -866 -470
971 357 -740 1074 -187 -869 -469
972 359 -742 1072 -184 -868 -472
973 354 -739 1072 -183 -865 -472
974 355 -743 1073 -192 -864 -470
975 357 -741 1074 -189 -865 -470
976 358 -742 1074 -190 -865 -474
977 356 -742 1073 -188 -864 -472
978 357 -740 1073 -187 -869 -473
979 358 -745 1074 -182 -867 -472
980 356 -740 1074 -185 -866 -471
981 353 -740 1070 -186 -864 -469
982 354 -742 1074 -191 -858 -471
983 357 -743 1072 -188 -866 -473
984 355 -744 1070 -186 -865 -471
985 360 -743 1074 -183 -872 -468
986 362 -738 1071 -183 -869 -472
987 356 -744 1070 -187 -864 -470
988 354 -747 1073 -192 -863 -476
989 353 -743 1070 -187 -863 -473
990 354 -742 1075 -186 -864 -471
991 355 -741 1072 -182 -863 -475
992 356 -742 1075 -184 -871 -473
993 357 -738 1071 -186 -868 -469
994 357 -741 1076 -190 -867 -470
995 357 -741 1069 -190 -864 -475
996 354 -745 1074 -192 -863 -472
997 354 -744 1072 -191 -868 -474
998 356 -741 1072 -186 -864 -473
999 352 -746 1072 -188 -869 -474
0 -3316 -701 1075 -3791 -5144 -572
1 -3312 -699 1076 -3796 -5147 -575
2 -3313 -701 1075 -3796 -5144 -573
3 -3314 -699 1075 -3797 -5140 -573
4 -3312 -699 1078 -3799 -5137 -575
5 -3307 -695 1080 -3800 -5138 -572
6 -3307 -699 1075 -3803 -5135 -574
7 -3308 -698 1076 -3801 -5132 -570
8 -3306 -699 1076 -3807 -5131 -572
9 -3308 -700 1078 -3811 -5132 -571
10 -3304 -704 1076 -3809 -5129 -571
11 -3304 -700 1077 -3811 -5122 -568
12 -3305 -701 1080 -3813 -5125 -569
13 -3306 -698 1080 -3815 -5124 -572
14 -3306 -700 1081 -3815 -5123 -570
15 -3305 -703 1081 -3817 -5122 -568
16 -3304 -699 1077 -3822 -5122 -569
17 -3304 -703 1077 -3820 -5122 -567
18 -3303 -701 1079 -3820 -5117 -570
19 -3304 -702 1081 -3823 -5117 -564
20 -3308 -701 1081 -3822 -5118 -569
21 -3306 -697 1079 -3822 -5119 -569
22 -3308 -700 1080 -3825 -5115 -570
23 -3308 -700 1080 -3822 -5117 -568
24 -3309 -701 1081 -3823 -5114 -568
25 -3309 -702 1083 -3822 -5114 -570
26 -3309 -703 1081 -3826 -5117 -568
27 -3312 -700 1080 -3825 -5113 -568
28 -3313 -701 1081 -3826 -5114 -567
29 -3316 -701 1078 -3821 -5114 -567
30 -3315 -700 1081 -3823 -5118 -570
31 -3314 -698 1081 -3821 -5115 -568
32 -3316 -703 1078 -3823 -5117 -573
33 -3318 -702 1084 -3820 -5116 -569
34 -3318 -700 1080 -3817 -5122 -574
35 -3320 -700 1081 -3817 -5118 -573
36 -3315 -701 1081 -3816 -5121 -568
37 -3317 -696 1081 -3812 -5120 -570
38 -3317 -699 1080 -3815 -5123 -571
39 -3318 -702 1078 -3810 -5123 -572
40 -3316 -706 1075 -3810 -5121 -572
41 -3323 -703 1073 -3808 -5124 -572
42 -3317 -703 1079 -3805 -5124 -568
43 -3318 -702 1077 -3804 -5128 -570
44 -3317 -704 1080 -3806 -5128 -572
45 -3312 -704 1077 -3809 -5127 -573
46 -3315 -705 1073 -3808 -5131 -571
47 -3311 -704 1074 -3805 -5131 -574
48 -3307 -700 1073 -3803 -5131 -572
49 -3308 -698 1077 -3803 -5128 -570
50 -3304 -699 1077 -3805 -5131 -571
51 -3307 -700 1076 -3805 -5131 -572
52 -3303 -698 1078 -3808 -5135 -574
53 -3301 -704 1078 -3808 -5133 -572
54 -3297 -700 1077 -3810 -5135 -569
55 -3295 -699 1076 -3808 -5139 -570
56 -3296 -697 1078 -3812 -5137 -566
57 -3292 -698 1079 -3813 -5138 -565
58 -3294 -698 1080 -3816 -5138 -567
59 -3292 -701 1078 -3820 -5139 -567
60 -3289 -702 1077 -3821 -5140 -567
61 -3287 -700 1075 -3823 -5136 -565
62 -3283 -700 1078 -3822 -5140 -569
63 -3285 -698 1076 -3828 -5146 -568
64 -3285 -697 1077 -3824 -5139 -564
65 -3286 -697 1079 -3828 -5144 -566
66 -3281 -698 1076 -3830 -5141 -569
67 -3282 -698 1078 -3827 -5143 -566
68 -3282 -702 1076 -3828 -5141 -568
69 -3282 -703 1077 -3832 -5139 -566
70 -3285 -700 1079 -3832 -5142 -569
71 -3285 -698 1078 -3832 -5138 -569
72 -3285 -700 1076 -3836 -5137 -570
73 -3287 -703 1073 -3832 -5137 -570
74 -3289 -703 1073 -3830 -5135 -570
75 -3292 -706 1075 -3828 -5134 -574
76 -3294 -706 1076 -3830 -5131 -573
77 -3295 -704 1074 -3828 -5128 -572
78 -3298 -701 1077 -3821 -5128 -573
79 -3300 -702 1076 -3823 -5130 -573
80 -3304 -706 1073 -3820 -5130 -574
81 -3306 -706 1073 -3820 -5124 -575
82 -3306 -707 1072 -3819 -5127 -572
83 -3308 -705 1073 -3815 -5121 -575
84 -3314 -706 1076 -3809 -5122 -572
85 -3317 -706 1074 -3811 -5122 -575
86 -3315 -703 1076 -3805 -5117 -572
87 -3319 -705 1077 -3803 -5120 -573
88 -3324 -700 1078 -3801 -5118 -572
89 -3327 -703 1076 -3800 -5119 -574
90 -3326 -699 1077 -3796 -5119 -570
91 -3327 -699 1083 -3794 -5120 -571
92 -3331 -695 1083 -3793 -5121 -569
93 -3331 -694 1082 -3791 -5121 -571
94 -3334 -696 1083 -3792 -5118 -571
95 -3332 -697 1081 -3792 -5117 -569
96 -3334 -698 1082 -3793 -5118 -569
97 -3335 -694 1084 -3791 -5121 -567
98 -3341 -696 1088 -3793 -5118 -567
99 -3338 -696 1088 -3793 -5120 -565
100 -3339 -694 1086 -3792 -5121 -566
101 -3336 -691 1086 -3790 -5119 -569
102 -3339 -691 1086 -3790 -5119 -567
103 -3339 -695 1086 -3790 -5122 -566
104 -3337 -693 1082 -3790 -5121 -566
105 -3338 -697 1083 -3792 -5123 -570
106 -3338 -697 1085 -3794 -5122 -568
107 -3337 -698 1083 -3794 -5122 -571
108 -3334 -698 1084 -3798 -5122 -569
109 -3330 -695 1083 -3798 -5122 -567
110 -3335 -697 1081 -3800 -5122 -571
111 -3335 -700 1080 -3802 -5122 -572
112 -3328 -702 1077 -3802 -5120 -570
113 -3326 -701 1079 -3805 -5123 -572
114 -3324 -700 1078 -3809 -5128 -573
115 -3321 -703 1078 -3807 -5126 -577
116 -3318 -701 1077 -3813 -5124 -575
117 -3316 -704 1079 -3815 -5127 -574
118 -3312 -705 1076 -3819 -5126 -572
119 -3314 -702 1071 -3819 -5122 -577
120 -3308 -705 1074 -3819 -5124 -573
121 -3307 -706 1073 -3820 -5125 -574
122 -3302 -702 1074 -3821 -5129 -574
123 -3299 -700 1074 -3817 -5129 -570
124 -3295 -706 1076 -3823 -5135 -568
125 -3295 -701 1078 -3823 -5133 -570
126 -3292 -702 1073 -3820 -5138 -572
127 -3288 -702 1077 -3825 -5137 -573
128 -3286 -701 1075 -3822 -5135 -571
129 -3285 -704 1077 -3824 -5136 -570
130 -3283 -702 1078 -3824 -5137 -569
131 -3285 -701 1076 -3827 -5135 -568
132 -3285 -703 1078 -3828 -5137 -569
133 -3283 -699 1078 -3826 -5135 -568
134 -3283 -698 1076 -3827 -5137 -569
135 -3282 -699 1078 -3826 -5139 -567
136 -3282 -701 1080 -3821 -5140 -570
137 -3279 -698 1077 -3823 -5143 -567
138 -3284 -697 1079 -3820 -5142 -567
139 -3283 -698 1077 -3821 -5141 -567
140 -3283 -697 1076 -3820 -5143 -571
141 -3284 -699 1075 -3821 -5143 -568
142 -3288 -702 1077 -3819 -5138 -569
143 -3288 -700 1076 -3820 -5139 -570
144 -3288 -698 1077 -3818 -5138 -569
145 -3293 -700 1078 -3820 -5139 -567
146 -3291 -703 1078 -3817 -5139 -569
147 -3295 -700 1075 -3812 -5136 -572
148 -3296 -704 1074 -3815 -5137 -574
149 -3297 -703 1076 -3813 -5142 -572
150 -3301 -701 1074 -3810 -5139 -571
151 -3300 -704 1073 -3813 -5136 -572
152 -3304 -701 1074 -3813 -5135 -574
153 -3306 -702 1074 -3810 -5139 -573
154 -3306 -704 1073 -3814 -5136 -574
155 -3307 -700 1069 -3815 -5133 -577
156 -3305 -705 1075 -3814 -5130 -573
157 -3309 -704 1073 -3816 -5132 -577
158 -3308 -708 1076 -3816 -5131 -572
159 -3308 -705 1073 -3820 -5129 -573
160 -3309 -703 1074 -3819 -5129 -573
161 -3309 -703 1076 -3819 -5125 -574
162 -3307 -705 1074 -3816 -5124 -575
163 -3312 -705 1075 -3824 -5123 -575
164 -3313 -702 1082 -3820 -5125 -572
165 -3308 -703 1076 -3820 -5124 -571
166 -3312 -701 1076 -3822 -5120 -571
167 -3306 -700 1078 -3820 -5121 -572
168 -3310 -700 1079 -3823 -5119 -572
169 -3309 -701 1080 -3822 -5120 -569
170 -3309 -701 1077 -3825 -5118 -569
171 -3307 -700 1085 -3825 -5116 -568
172 -3310 -698 1083 -3823 -5119 -570
173 -3309 -701 1081 -3823 -5116 -568
174 -3312 -703 1082 -3822 -5112 -567
175 -3310 -701 1082 -3824 -5114 -571
176 -3312 -699 1085 -3820 -5113 -564
177 -3312 -699 1080 -3825 -5115 -569
178 -3309 -701 1081 -3825 -5112 -567
179 -3310 -702 1083 -3820 -5115 -568
180 -3312 -699 1083 -3820 -5113 -567
181 -3313 -699 1082 -3822 -5116 -565
182 -3315 -699 1081 -3822 -5115 -570
183 -3314 -699 1080 -3819 -5113 -567
184 -3312 -698 1079 -3818 -5111 -570
185 -3311 -699 1079 -3817 -5120 -572
186 -3317 -703 1081 -3815 -5119 -571
187 -3315 -704 1077 -3815 -5117 -569
188 -3314 -702 1077 -3813 -5123 -570
189 -3316 -701 1074 -3810 -5123 -573
190 -3316 -704 1077 -3809 -5127 -574
191 -3314 -704 1075 -3805 -5128 -575
192 -3317 -702 1073 -3804 -5132 -574
193 -3316 -701 1076 -3802 -5132 -570
194 -3317 -698 1075 -3800 -5133 -575
195 -3315 -700 1075 -3799 -5135 -574
196 -3315 -703 1078 -3796 -5141 -575
197 -3314 -701 1076 -3795 -5140 -572
198 -3318 -699 1077 -3791 -5143 -577
199 -3319 -698 1076 -3789 -5145 -576
200 -3314 -700 1076 -3787 -5147 -575
201 -3318 -696 1076 -3786 -5149 -575
202 -3318 -695 1076 -3783 -5154 -574
203 -3317 -701 1076 -3786 -5156 -574
204 -3323 -699 1073 -3781 -5156 -574
205 -3316 -696 1079 -3779 -5157 -572
206 -3318 -693 1075 -3776 -5158 -569
207 -3321 -694 1079 -3775 -5157 -573
208 -3323 -692 1080 -3774 -5158 -570
209 -3319 -691 1082 -3774 -5157 -572
210 -3319 -687 1081 -3772 -5156 -572
211 -3322 -694 1080 -3772 -5156 -570
212 -3318 -692 1082 -3775 -5153 -568
213 -3320 -692 1080 -3774 -5153 -570
214 -3320 -688 1084 -3773 -5153 -567
215 -3318 -689 1084 -3774 -5149 -568
216 -3317 -694 1081 -3775 -5147 -568
217 -3317 -694 1082 -3778 -5147 -571
218 -3316 -693 1077 -3784 -5141 -573
219 -3319 -698 1081 -3787 -5141 -571
220 -3317 -699 1081 -3788 -5138 -570
221 -3319 -701 1079 -3788 -5138 -569
222 -3321 -698 1080 -3793 -5135 -573
223 -3318 -697 1079 -3793 -5132 -574
224 -3317 -695 1078 -3798 -5132 -572
225 -3315 -698 1078 -3805 -5131 -575
226 -3313 -702 1075 -3803 -5128 -572
227 -3312 -702 1077 -3813 -5126 -573
228 -3311 -702 1075 -3810 -5122 -571
229 -3309 -699 1076 -3817 -5124 -574
230 -3308 -704 1073 -3822 -5121 -576
231 -3311 -706 1075 -3825 -5119 -573
232 -3309 -706 1076 -3830 -5118 -572
233 -3309 -707 1078 -3832 -5117 -573
234 -3309 -709 1077 -3834 -5114 -574
235 -3305 -706 1074 -3834 -5116 -573
236 -3301 -708 1076 -3838 -5115 -574
237 -3300 -705 1074 -3841 -5114 -573
238 -3300 -704 1078 -3842 -5112 -570
239 -3298 -705 1074 -3845 -5116 -576
240 -3299 -704 1076 -3843 -5113 -570
241 -3296 -704 1079 -3847 -5114 -570
242 -3297 -705 1079 -3844 -5112 -571
243 -3299 -700 1078 -3847 -5110 -570
244 -3297 -702 1079 -3846 -5111 -565
245 -3294 -702 1080 -3846 -5110 -567
246 -3295 -702 1078 -3845 -5114 -565
247 -3296 -704 1080 -3838 -5114 -568
248 -3294 -701 1082 -3837 -5116 -569
249 -3297 -704 1078 -3837 -5118 -567
250 -3298 -702 1079 -3831 -5119 -569
251 -3297 -702 1078 -3836 -5122 -567
252 -3297 -699 1080 -3833 -5122 -569
253 -3294 -699 1080 -3833 -5123 -569
254 -3298 -700 1078 -3835 -5126 -568
255 -3295 -699 1078 -3826 -5126 -569
256 -3294 -699 1081 -3828 -5129 -568
257 -3294 -702 1077 -3821 -5131 -569
258 -3294 -701 1079 -3817 -5131 -571
259 -3297 -701 1079 -3815 -5135 -567
260 -3299 -699 1077 -3811 -5137 -568
261 -3298 -701 1074 -3816 -5136 -571
262 -3295 -702 1076 -3808 -5133 -571
263 -3300 -701 1078 -3809 -5142 -574
264 -3297 -701 1075 -3813 -5140 -569
265 -3300 -700 1074 -3809 -5142 -575
266 -3300 -708 1073 -3805 -5146 -576
267 -3299 -705 1073 -3804 -5141 -576
268 -3301 -709 1070 -3805 -5150 -575
269 -3301 -706 1070 -3804 -5147 -573
270 -3301 -704 1069 -3803 -5145 -577
271 -3300 -704 1070 -3798 -5146 -575
272 -3299 -702 1073 -3802 -5145 -575
273 -3302 -699 1072 -3805 -5147 -574
274 -3302 -703 1073 -3804 -5145 -575
275 -3300 -700 1070 -3804 -5145 -574
276 -3302 -701 1075 -3806 -5143 -573
277 -3302 -704 1077 -3805 -5142 -575
278 -3301 -704 1073 -3805 -5139 -572
279 -3304 -698 1078 -3805 -5142 -571
280 -3303 -700 1078 -3805 -5139 -572
281 -3303 -700 1078 -3805 -5142 -570
282 -3306 -699 1080 -3809 -5137 -568
283 -3307 -701 1081 -3808 -5137 -571
284 -3309 -698 1078 -3808 -5137 -569
285 -3307 -697 1080 -3810 -5132 -569
286 -3311 -697 1081 -3806 -5132 -567
287 -3309 -700 1082 -3811 -5126 -565
288 -3311 -694 1082 -3811 -5126 -565
289 -3315 -697 1083 -3814 -5125 -568
290 -3314 -697 1081 -3813 -5120 -568
291 -3318 -700 1080 -3813 -5119 -569
292 -3316 -700 1082 -3811 -5123 -566
293 -3316 -698 1080 -3811 -5117 -567
294 -3319 -699 1084 -3814 -5116 -569
295 -3324 -698 1081 -3812 -5118 -571
296 -3323 -695 1083 -3813 -5118 -569
297 -3322 -698 1083 -3816 -5114 -568
298 -3323 -700 1081 -3814 -5117 -570
299 -3323 -699 1078 -3813 -5118 -572
300 -3322 -701 1078 -3814 -5121 -572
301 -3322 -702 1079 -3810 -5120 -573
302 -3323 -701 1081 -3812 -5121 -576
303 -3321 -702 1077 -3807 -5118 -572
304 -3322 -703 1077 -3805 -5121 -574
305 -3320 -705 1075 -3808 -5120 -571
306 -3320 -707 1074 -3804 -5122 -576
307 -3321 -703 1076 -3804 -5125 -577
308 -3324 -706 1073 -3802 -5126 -577
309 -3327 -708 1075 -3801 -5124 -578
310 -3326 -708 1075 -3798 -5123 -576
311 -3324 -706 1076 -3797 -5128 -576
312 -3327 -705 1074 -3793 -5130 -576
313 -3326 -703 1078 -3792 -5129 -577
314 -3325 -703 1078 -3794 -5133 -579
315 -3326 -704 1077 -3792 -5129 -574
316 -3325 -700 1076 -3790 -5133 -576
317 -3326 -699 1077 -3791 -5132 -574
318 -3328 -701 1076 -3791 -5133 -573
319 -3326 -700 1080 -3790 -5134 -573
320 -3326 -700 1080 -3795 -5131 -570
321 -3322 -696 1080 -3793 -5131 -571
322 -3325 -699 1080 -3794 -5134 -570
323 -3320 -698 1080 -3791 -5134 -570
324 -3323 -695 1081 -3794 -5133 -570
325 -3321 -694 1082 -3797 -5137 -570
326 -3321 -693 1080 -3794 -5136 -568
327 -3319 -694 1081 -3800 -5134 -569
328 -3318 -693 1083 -3796 -5139 -568
329 -3317 -690 1083 -3800 -5134 -565
330 -3312 -690 1084 -3802 -5137 -564
331 -3313 -695 1085 -3805 -5140 -570
332 -3314 -696 1083 -3803 -5137 -569
333 -3313 -697 1084 -3807 -5134 -566
334 -3311 -696 1081 -3811 -5134 -568
335 -3305 -699 1078 -3809 -5134 -567
336 -3304 -700 1079 -3814 -5132 -566
337 -3301 -698 1080 -3811 -5136 -569
338 -3304 -701 1076 -3816 -5133 -570
339 -3298 -698 1076 -3818 -5130 -573
340 -3298 -702 1081 -3817 -5133 -574
341 -3297 -702 1075 -3818 -5136 -574
342 -3292 -703 1073 -3824 -5133 -572
343 -3289 -704 1071 -3826 -5132 -575
344 -3286 -706 1071 -3828 -5131 -577
345 -3285 -703 1068 -3828 -5133 -575
346 -3282 -704 1071 -3834 -5132 -573
347 -3281 -706 1072 -3830 -5131 -574
348 -3281 -709 1070 -3836 -5137 -576
349 -3276 -711 1070 -3836 -5137 -574
350 -3277 -708 1072 -3837 -5136 -572
351 -3276 -710 1069 -3837 -5136 -575
352 -3276 -708 1076 -3836 -5133 -572
353 -3275 -707 1072 -3836 -5129 -571
354 -3278 -707 1072 -3839 -5129 -572
355 -3276 -705 1073 -3839 -5131 -573
356 -3281 -709 1078 -3841 -5131 -574
357 -3281 -704 1076 -3839 -5125 -569
358 -3286 -703 1076 -3843 -5130 -573
359 -3286 -701 1077 -3837 -5123 -572
360 -3287 -700 1076 -3836 -5121 -569
361 -3291 -704 1077 -3834 -5120 -568
362 -3293 -700 1078 -3829 -5120 -570
363 -3295 -702 1080 -3833 -5118 -566
364 -3301 -701 1078 -3826 -5118 -568
365 -3304 -701 1081 -3827 -5117 -566
366 -3306 -698 1079 -3826 -5118 -566
367 -3307 -702 1079 -3826 -5115 -564
368 -3312 -697 1083 -3824 -5110 -565
369 -3314 -700 1084 -3823 -5112 -567
370 -3312 -698 1080 -3821 -5109 -563
371 -3314 -694 1082 -3819 -5112 -566
372 -3316 -694 1082 -3817 -5112 -564
373 -3322 -696 1083 -3817 -5110 -564
374 -3315 -697 1083 -3817 -5113 -566
375 -3319 -698 1083 -3816 -5114 -567
376 -3319 -697 1085 -3814 -5115 -572
377 -3319 -702 1078 -3813 -5116 -568
378 -3322 -703 1084 -3814 -5117 -568
379 -3318 -701 1081 -3812 -5120 -574
380 -3320 -702 1081 -3811 -5115 -570
381 -3319 -701 1079 -3812 -5118 -570
382 -3319 -704 1079 -3808 -5122 -571
383 -3321 -703 1076 -3808 -5125 -575
384 -3316 -700 1076 -3808 -5125 -574
385 -3315 -705 1076 -3809 -5126 -572
386 -3317 -703 1076 -3807 -5129 -573
387 -3313 -699 1078 -3805 -5126 -575
388 -3313 -705 1071 -3809 -5133 -575
389 -3312 -701 1076 -3807 -5135 -572
390 -3309 -705 1076 -3805 -5132 -575
391 -3310 -702 1076 -3808 -5130 -572
392 -3307 -704 1075 -3807 -5132 -573
393 -3304 -702 1076 -3808 -5132 -573
394 -3303 -704 1077 -3808 -5132 -573
395 -3302 -700 1075 -3811 -5136 -574
396 -3300 -703 1077 -3808 -5135 -571
397 -3303 -700 1077 -3805 -5137 -575
398 -3304 -702 1076 -3805 -5138 -571
399 -3302 -700 1077 -3805 -5134 -571
400 -3301 -697 1080 -3807 -5139 -571
401 -3303 -697 1078 -3806 -5133 -572
402 -3306 -700 1077 -3805 -5137 -573
403 -3306 -696 1078 -3802 -5138 -570
404 -3309 -695 1077 -3801 -5136 -571
405 -3309 -698 1078 -3801 -5135 -568
406 -3307 -695 1084 -3803 -5134 -569
407 -3313 -700 1081 -3800 -5131 -567
408 -3310 -695 1080 -3800 -5133 -568
409 -3315 -695 1080 -3804 -5132 -568
410 -3316 -698 1079 -3801 -5132 -569
411 -3314 -694 1082 -3800 -5135 -570
412 -3315 -696 1082 -3801 -5135 -569
413 -3314 -693 1080 -3799 -5139 -569
414 -3315 -693 1078 -3797 -5142 -571
415 -3312 -696 1080 -3799 -5142 -570
416 -3314 -694 1077 -3794 -5145 -569
417 -3314 -695 1080 -3796 -5145 -568
418 -3317 -691 1083 -3799 -5141 -572
419 -3314 -695 1080 -3798 -5142 -570
420 -3320 -695 1081 -3799 -5143 -571
421 -3322 -697 1078 -3798 -5142 -572
422 -3319 -701 1077 -3797 -5145 -575
423 -3320 -703 1078 -3796 -5141 -573
424 -3321 -700 1076 -3796 -5138 -575
425 -3322 -701 1079 -3790 -5138 -576
426 -3322 -700 1075 -3792 -5143 -575
427 -3323 -700 1076 -3792 -5137 -576
428 -3324 -700 1075 -3790 -5137 -575
429 -3326 -702 1073 -3786 -5137 -575
430 -3325 -702 1076 -3791 -5134 -577
431 -3324 -704 1076 -3793 -5132 -578
432 -3324 -702 1077 -3794 -5130 -574
433 -3324 -703 1076 -3801 -5129 -575
434 -3325 -704 1074 -3800 -5124 -576
435 -3325 -705 1073 -3799 -5124 -574
436 -3322 -706 1072 -3803 -5123 -576
437 -3320 -705 1077 -3807 -5118 -573
438 -3322 -706 1077 -3808 -5119 -575
439 -3318 -705 1076 -3813 -5121 -574
440 -3314 -702 1075 -3812 -5119 -573
441 -3314 -699 1079 -3816 -5114 -571
442 -3314 -702 1079 -3818 -5115 -574
443 -3314 -702 1079 -3820 -5111 -571
444 -3311 -703 1083 -3826 -5116 -571
445 -3315 -702 1081 -3826 -5113 -569
446 -3312 -703 1079 -3829 -5112 -565
447 -3306 -698 1082 -3829 -5113 -570
448 -3308 -702 1080 -3832 -5113 -565
449 -3303 -698 1083 -3835 -5110 -568
450 -3307 -697 1081 -3837 -5110 -566
451 -3303 -697 1079 -3838 -5114 -566
452 -3299 -698 1083 -3838 -5115 -565
453 -3299 -702 1080 -3844 -5112 -567
454 -3298 -700 1077 -3845 -5112 -563
455 -3294 -700 1081 -3843 -5118 -562
456 -3292 -701 1080 -3845 -5116 -564
457 -3289 -701 1082 -3845 -5115 -565
458 -3285 -700 1079 -3844 -5120 -566
459 -3286 -704 1074 -3848 -5125 -568
460 -3282 -700 1076 -3849 -5126 -570
461 -3277 -702 1078 -3846 -5132 -571
462 -3276 -704 1076 -3847 -5131 -569
463 -3279 -702 1076 -3842 -5134 -572
464 -3279 -706 1072 -3841 -5135 -570
465 -3277 -702 1073 -3839 -5135 -575
466 -3279 -708 1073 -3838 -5134 -573
467 -3281 -711 1070 -3836 -5139 -574
468 -3284 -710 1067 -3833 -5143 -577
469 -3284 -710 1066 -3831 -5141 -576
470 -3286 -712 1068 -3826 -5143 -576
471 -3285 -708 1068 -3823 -5143 -576
472 -3285 -708 1073 -3820 -5144 -573
473 -3282 -711 1070 -3815 -5144 -577
474 -3290 -709 1068 -3812 -5144 -576
475 -3292 -705 1066 -3812 -5146 -578
476 -3293 -706 1072 -3807 -5144 -578
477 -3296 -703 1069 -3806 -5145 -576
478 -3295 -702 1070 -3806 -5148 -573
479 -3297 -703 1070 -3803 -5148 -577
480 -3301 -701 1073 -3804 -5150 -574
481 -3302 -701 1074 -3803 -5146 -574
482 -3303 -702 1075 -3802 -5145 -573
483 -3304 -702 1077 -3801 -5147 -567
484 -3305 -698 1078 -3802 -5147 -568
485 -3306 -696 1078 -3799 -5147 -568
486 -3304 -696 1077 -3798 -5145 -569
487 -3307 -698 1080 -3795 -5145 -570
488 -3306 -691 1080 -3799 -5144 -571
489 -3311 -698 1079 -3798 -5142 -566
490 -3317 -693 1082 -3798 -5141 -567
491 -3315 -693 1081 -3798 -5141 -568
492 -3319 -694 1082 -3799 -5141 -573
493 -3322 -695 1084 -3796 -5138 -567
494 -3323 -692 1080 -3801 -5137 -570
495 -3324 -694 1083 -3798 -5135 -572
496 -3325 -697 1080 -3798 -5135 -572
497 -3326 -697 1079 -3800 -5134 -570
498 -3328 -698 1080 -3801 -5134 -570
499 -3328 -699 1077 -3801 -5128 -574
500 -3330 -701 1077 -3800 -5129 -572
501 -3329 -701 1077 -3800 -5128 -574
502 -3329 -704 1077 -3802 -5124 -577
503 -3333 -703 1079 -3800 -5124 -577
504 -3329 -705 1075 -3804 -5120 -580
505 -3329 -703 1074 -3803 -5120 -576
506 -3333 -705 1077 -3803 -5125 -577
507 -3333 -705 1076 -3799 -5121 -577
508 -3328 -703 1072 -3801 -5120 -579
509 -3330 -702 1074 -3804 -5119 -579
510 -3332 -708 1071 -3802 -5118 -581
511 -3333 -706 1073 -3804 -5123 -578
512 -3336 -704 1075 -3802 -5121 -579
513 -3336 -708 1070 -3807 -5122 -578
514 -3336 -708 1074 -3801 -5118 -579
515 -3337 -708 1075 -3801 -5121 -577
516 -3338 -703 1076 -3802 -5118 -577
517 -3337 -706 1078 -3800 -5119 -577
518 -3335 -703 1075 -3796 -5116 -573
519 -3334 -703 1078 -3800 -5120 -574
520 -3334 -703 1078 -3794 -5122 -573
521 -3338 -700 1077 -3793 -5120 -575
522 -3335 -698 1080 -3795 -5123 -572
523 -3333 -696 1083 -3795 -5122 -572
524 -3333 -692 1081 -3797 -5124 -570
525 -3330 -697 1082 -3796 -5125 -571
526 -3330 -699 1082 -3797 -5125 -570
527 -3325 -695 1085 -3793 -5130 -570
528 -3322 -696 1083 -3795 -5131 -564
529 -3322 -693 1079 -3797 -5133 -569
530 -3319 -693 1087 -3802 -5137 -568
531 -3318 -692 1084 -3800 -5138 -567
532 -3317 -692 1081 -3800 -5138 -569
533 -3316 -692 1080 -3802 -5142 -570
534 -3317 -695 1077 -3801 -5144 -570
535 -3315 -697 1077 -3804 -5145 -571
536 -3314 -696 1082 -3803 -5145 -568
537 -3311 -694 1080 -3803 -5148 -573
538 -3309 -698 1075 -3806 -5147 -571
539 -3305 -701 1077 -3806 -5148 -573
540 -3307 -703 1080 -3808 -5146 -571
541 -3303 -704 1075 -3809 -5146 -577
542 -3303 -704 1074 -3809 -5146 -573
543 -3303 -707 1071 -3809 -5148 -575
544 -3301 -705 1071 -3811 -5149 -576
545 -3298 -707 1069 -3813 -5145 -578
546 -3295 -709 1067 -3816 -5144 -580
547 -3296 -707 1070 -3816 -5148 -579
548 -3297 -713 1067 -3818 -5145 -578
549 -3293 -710 1066 -3822 -5144 -580
550 -3290 -707 1064 -3822 -5141 -578
551 -3290 -710 1065 -3826 -5140 -575
552 -3289 -706 1067 -3827 -5142 -578
553 -3289 -712 1067 -3831 -5139 -579
554 -3290 -710 1067 -3834 -5136 -574
555 -3287 -707 1070 -3836 -5137 -574
556 -3285 -707 1068 -3836 -5134 -574
557 -3281 -704 1073 -3839 -5128 -568
558 -3281 -705 1075 -3842 -5128 -570
559 -3285 -707 1072 -3838 -5130 -569
560 -3281 -705 1075 -3839 -5127 -567
561 -3285 -706 1075 -3843 -5123 -568
562 -3285 -703 1080 -3846 -5124 -569
563 -3283 -702 1080 -3846 -5121 -566
564 -3285 -702 1080 -3844 -5119 -566
565 -3286 -701 1080 -3844 -5123 -566
566 -3287 -701 1082 -3847 -5119 -563
567 -3289 -698 1080 -3848 -5117 -563
568 -3289 -701 1084 -3845 -5115 -560
569 -3289 -697 1080 -3844 -5117 -563
570 -3289 -703 1080 -3840 -5113 -565
571 -3291 -700 1081 -3839 -5115 -562
572 -3291 -701 1083 -3843 -5116 -565
573 -3294 -701 1078 -3839 -5115 -564
574 -3295 -701 1079 -3840 -5114 -562
575 -3296 -701 1079 -3839 -5118 -567
576 -3298 -701 1078 -3837 -5118 -570
577 -3303 -705 1077 -3835 -5118 -569
578 -3302 -703 1076 -3833 -5119 -573
579 -3303 -708 1077 -3829 -5118 -571
580 -3307 -703 1076 -3828 -5123 -572
581 -3309 -706 1073 -3823 -5122 -573
582 -3308 -705 1073 -3824 -5124 -577
583 -3309 -707 1073 -3819 -5128 -577
584 -3312 -708 1072 -3816 -5126 -576
585 -3313 -709 1073 -3812 -5129 -578
586 -3316 -709 1074 -3811 -5133 -580
587 -3312 -710 1069 -3813 -5132 -579
588 -3316 -710 1069 -3807 -5132 -579
589 -3316 -708 1071 -3801 -5135 -580
590 -3318 -708 1073 -3801 -5137 -577
591 -3320 -707 1073 -3802 -5135 -577
592 -3316 -706 1071 -3798 -5140 -578
593 -3318 -705 1071 -3795 -5141 -580
594 -3322 -700 1073 -3794 -5141 -576
595 -3316 -700 1074 -3789 -5143 -576
596 -3314 -697 1076 -3787 -5143 -573
597 -3319 -703 1077 -3791 -5145 -575
598 -3317 -698 1078 -3788 -5144 -572
599 -3323 -697 1078 -3789 -5145 -573
600 -3320 -701 1077 -3789 -5141 -573
601 -3322 -697 1082 -3788 -5142 -570
602 -3320 -694 1085 -3785 -5144 -569
603 -3321 -692 1085 -3787 -5140 -567
604 -3322 -696 1083 -3791 -5139 -568
605 -3324 -694 1083 -3787 -5143 -570
606 -3325 -695 1085 -3786 -5139 -570
607 -3325 -691 1086 -3788 -5140 -566
608 -3328 -691 1088 -3790 -5139 -565
609 -3323 -689 1086 -3790 -5136 -568
610 -3327 -691 1086 -3793 -5135 -569
611 -3328 -693 1084 -3791 -5137 -571
612 -3332 -694 1080 -3796 -5132 -570
613 -3332 -700 1081 -3796 -5127 -570
614 -3326 -699 1077 -3800 -5131 -574
615 -3326 -698 1079 -3800 -5128 -573
616 -3325 -699 1081 -3804 -5128 -569
617 -3329 -702 1081 -3806 -5127 -575
618 -3328 -702 1076 -3806 -5127 -574
619 -3326 -705 1076 -3805 -5125 -576
620 -3328 -706 1071 -3808 -5127 -581
621 -3327 -703 1075 -3810 -5127 -576
622 -3326 -705 1074 -3805 -5126 -583
623 -3323 -705 1076 -3811 -5125 -577
624 -3324 -704 1075 -3809 -5127 -575
625 -3327 -707 1078 -3811 -5126 -579
626 -3323 -706 1071 -3811 -5122 -577
627 -3321 -708 1073 -3811 -5123 -579
628 -3321 -708 1075 -3811 -5120 -576
629 -3321 -705 1075 -3808 -5125 -577
630 -3322 -709 1077 -3811 -5125 -576
631 -3320 -708 1076 -3813 -5123 -575
632 -3315 -706 1078 -3810 -5120 -577
633 -3315 -703 1075 -3808 -5124 -575
634 -3314 -704 1079 -3808 -5124 -575
635 -3315 -701 1076 -3807 -5126 -573
636 -3314 -698 1078 -3808 -5125 -573
637 -3314 -698 1080 -3808 -5127 -570
638 -3317 -698 1078 -3810 -5128 -572
639 -3314 -697 1081 -3807 -5128 -567
640 -3314 -698 1080 -3809 -5124 -569
641 -3316 -698 1081 -3811 -5125 -569
642 -3315 -698 1081 -3806 -5126 -569
643 -3314 -699 1084 -3808 -5128 -565
644 -3313 -699 1081 -3807 -5125 -565
645 -3314 -696 1080 -3807 -5125 -568
646 -3310 -695 1082 -3808 -5129 -567
647 -3311 -696 1079 -3808 -5129 -568
648 -3311 -701 1079 -3809 -5129 -568
649 -3310 -700 1078 -3814 -5129 -570
650 -3309 -699 1080 -3817 -5132 -569
651 -3309 -699 1076 -3815 -5129 -571
652 -3310 -699 1077 -3819 -5131 -571
653 -3306 -702 1075 -3825 -5130 -573
654 -3306 -703 1072 -3823 -5134 -574
655 -3304 -702 1076 -3828 -5135 -573
656 -3301 -706 1074 -3826 -5132 -575
657 -3303 -707 1073 -3826 -5139 -575
658 -3297 -703 1072 -3829 -5134 -576
659 -3295 -705 1072 -3831 -5138 -575
660 -3290 -705 1069 -3833 -5136 -575
661 -3287 -714 1070 -3837 -5134 -575
662 -3288 -710 1070 -3835 -5134 -575
663 -3286 -715 1069 -3843 -5135 -577
664 -3284 -714 1067 -3839 -5135 -575
665 -3282 -712 1071 -3839 -5135 -573
666 -3283 -711 1068 -3841 -5135 -576
667 -3282 -710 1071 -3845 -5134 -572
668 -3283 -712 1071 -3844 -5137 -574
669 -3276 -705 1067 -3844 -5134 -573
670 -3279 -709 1071 -3840 -5131 -569
671 -3277 -705 1074 -3841 -5134 -573
672 -3276 -706 1072 -3840 -5130 -570
673 -3275 -708 1069 -3844 -5129 -569
674 -3277 -708 1070 -3842 -5127 -573
675 -3275 -707 1074 -3844 -5129 -567
676 -3277 -707 1076 -3842 -5127 -567
677 -3276 -705 1076 -3841 -5130 -566
678 -3278 -704 1081 -3842 -5122 -567
679 -3279 -701 1078 -3840 -5125 -563
680 -3279 -704 1077 -3843 -5126 -566
681 -3282 -700 1075 -3839 -5124 -571
682 -3283 -700 1076 -3837 -5127 -570
683 -3284 -700 1079 -3837 -5129 -566
684 -3290 -701 1080 -3834 -5124 -566
685 -3295 -702 1079 -3833 -5128 -569
686 -3299 -703 1078 -3832 -5123 -568
687 -3300 -701 1078 -3831 -5124 -568
688 -3304 -706 1076 -3829 -5125 -570
689 -3308 -704 1078 -3830 -5123 -571
690 -3311 -703 1077 -3827 -5122 -570
691 -3313 -703 1076 -3821 -5123 -569
692 -3317 -703 1077 -3818 -5123 -574
693 -3320 -707 1074 -3818 -5125 -574
694 -3324 -707 1078 -3814 -5123 -575
695 -3325 -705 1076 -3813 -5123 -574
696 -3331 -703 1072 -3811 -5125 -574
697 -3330 -703 1074 -3806 -5126 -576
698 -3331 -704 1077 -3807 -5123 -575
699 -3334 -706 1077 -3803 -5126 -581
700 -3338 -706 1074 -3802 -5124 -578
701 -3337 -703 1073 -3801 -5126 -577
702 -3336 -708 1076 -3797 -5128 -577
703 -3338 -705 1073 -3795 -5128 -580
704 -3337 -705 1076 -3798 -5128 -577
705 -3341 -703 1074 -3791 -5130 -576
706 -3339 -701 1077 -3785 -5126 -577
707 -3341 -702 1076 -3786 -5128 -577
708 -3340 -700 1076 -3783 -5130 -577
709 -3341 -701 1077 -3779 -5132 -576
710 -3341 -702 1077 -3779 -5129 -576
711 -3340 -700 1078 -3778 -5131 -573
712 -3340 -697 1081 -3775 -5131 -576
713 -3342 -700 1082 -3777 -5132 -575
714 -3340 -699 1081 -3779 -5130 -574
715 -3338 -697 1082 -3778 -5133 -576
716 -3336 -696 1080 -3780 -5131 -574
717 -3333 -694 1084 -3779 -5134 -572
718 -3335 -694 1082 -3780 -5135 -573
719 -3331 -695 1082 -3784 -5135 -573
720 -3332 -694 1079 -3783 -5138 -573
721 -3324 -696 1078 -3789 -5140 -573
722 -3324 -695 1079 -3792 -5140 -571
723 -3320 -698 1077 -3795 -5143 -573
724 -3319 -700 1080 -3796 -5142 -571
725 -3317 -699 1080 -3800 -5145 -571
726 -3317 -699 1078 -3801 -5145 -571
727 -3317 -699 1077 -3805 -5145 -577
728 -3314 -699 1077 -3804 -5142 -574
729 -3313 -698 1075 -3808 -5144 -576
730 -3314 -699 1076 -3808 -5144 -574
731 -3311 -698 1075 -3810 -5145 -573
732 -3309 -702 1075 -3808 -5146 -574
733 -3311 -702 1076 -3809 -5148 -575
734 -3312 -703 1072 -3815 -5147 -580
735 -3312 -704 1072 -3812 -5147 -578
736 -3315 -705 1068 -3810 -5144 -578
737 -3312 -708 1072 -3814 -5143 -580
738 -3310 -710 1072 -3815 -5138 -579
739 -3314 -709 1069 -3815 -5142 -582
740 -3313 -709 1068 -3813 -5143 -577
741 -3311 -708 1070 -3814 -5141 -581
742 -3306 -706 1068 -3813 -5141 -580
743 -3310 -704 1069 -3814 -5137 -579
744 -3307 -703 1070 -3812 -5142 -577
745 -3305 -703 1069 -3811 -5141 -577
746 -3304 -700 1072 -3811 -5140 -574
747 -3305 -703 1075 -3811 -5140 -579
748 -3302 -703 1072 -3813 -5139 -574
749 -3303 -699 1073 -3813 -5138 -574
750 -3303 -701 1075 -3810 -5137 -571
751 -3303 -701 1074 -3813 -5136 -572
752 -3303 -700 1076 -3809 -5134 -570
753 -3302 -698 1081 -3810 -5134 -574
754 -3307 -701 1077 -3811 -5131 -570
755 -3301 -696 1081 -3806 -5130 -570
756 -3305 -697 1077 -3806 -5132 -568
757 -3306 -697 1082 -3804 -5134 -569
758 -3305 -696 1078 -3804 -5130 -570
759 -3308 -697 1080 -3806 -5130 -568
760 -3307 -698 1077 -3808 -5127 -571
761 -3309 -700 1077 -3812 -5125 -568
762 -3309 -701 1079 -3813 -5126 -570
763 -3305 -702 1080 -3817 -5121 -571
764 -3309 -702 1080 -3819 -5124 -569
765 -3307 -703 1077 -3824 -5123 -568
766 -3302 -703 1075 -3824 -5124 -571
767 -3300 -705 1075 -3832 -5128 -569
768 -3300 -708 1072 -3831 -5126 -576
769 -3298 -706 1071 -3837 -5126 -572
770 -3294 -706 1073 -3838 -5128 -570
771 -3290 -705 1074 -3844 -5128 -572
772 -3290 -705 1075 -3848 -5129 -572
773 -3288 -708 1071 -3853 -5126 -572
774 -3288 -710 1071 -3851 -5124 -574
775 -3287 -709 1070 -3855 -5129 -576
776 -3287 -712 1071 -3856 -5126 -574
777 -3288 -712 1070 -3855 -5124 -574
778 -3287 -708 1067 -3855 -5121 -574
779 -3288 -713 1073 -3856 -5123 -574
780 -3286 -713 1068 -3856 -5122 -576
781 -3289 -714 1068 -3856 -5120 -573
782 -3289 -714 1069 -3853 -5119 -575
783 -3291 -710 1070 -3852 -5116 -574
784 -3290 -711 1072 -3853 -5116 -572
785 -3290 -707 1072 -3851 -5113 -571
786 -3290 -709 1073 -3853 -5114 -571
787 -3291 -706 1073 -3849 -5115 -572
788 -3292 -708 1072 -3844 -5114 -572
789 -3294 -706 1074 -3841 -5115 -570
790 -3291 -705 1073 -3840 -5116 -565
791 -3289 -702 1080 -3835 -5119 -567
792 -3289 -697 1078 -3835 -5123 -562
793 -3290 -701 1078 -3831 -5120 -567
794 -3291 -698 1078 -3833 -5124 -571
795 -3293 -700 1081 -3827 -5125 -569
796 -3297 -701 1079 -3822 -5129 -568
797 -3294 -700 1079 -3819 -5125 -568
798 -3300 -695 1081 -3815 -5134 -570
799 -3298 -698 1081 -3810 -5135 -569
800 -3302 -695 1082 -3804 -5134 -572
801 -3301 -698 1080 -3800 -5140 -572
802 -3306 -696 1081 -3794 -5139 -576
803 -3306 -696 1080 -3790 -5142 -570
804 -3313 -694 1081 -3787 -5142 -571
805 -3316 -696 1077 -3785 -5145 -575
806 -3318 -695 1075 -3782 -5146 -573
807 -3325 -703 1076 -3780 -5149 -572
808 -3323 -702 1072 -3780 -5147 -576
809 -3326 -699 1075 -3777 -5153 -579
810 -3329 -700 1074 -3774 -5155 -575
811 -3326 -702 1075 -3773 -5155 -578
812 -3330 -703 1076 -3774 -5158 -577
813 -3328 -701 1069 -3772 -5162 -580
814 -3328 -704 1071 -3775 -5160 -579
815 -3330 -698 1069 -3774 -5159 -583
816 -3332 -702 1074 -3776 -5161 -578
817 -3332 -700 1073 -3777 -5160 -582
818 -3334 -698 1071 -3775 -5161 -579
819 -3330 -701 1075 -3774 -5156 -581
820 -3332 -698 1073 -3773 -5159 -578
821 -3333 -701 1076 -3776 -5158 -579
822 -3335 -702 1074 -3772 -5156 -574
823 -3338 -698 1075 -3773 -5152 -578
824 -3337 -699 1078 -3776 -5152 -575
825 -3338 -698 1082 -3775 -5146 -574
826 -3339 -697 1080 -3775 -5144 -576
827 -3337 -699 1078 -3777 -5143 -570
828 -3340 -695 1079 -3779 -5140 -571
829 -3341 -693 1084 -3780 -5137 -573
830 -3339 -692 1084 -3781 -5137 -569
831 -3336 -690 1082 -3783 -5132 -569
832 -3336 -693 1085 -3784 -5124 -569
833 -3337 -696 1084 -3786 -5122 -569
834 -3330 -691 1085 -3793 -5124 -567
835 -3329 -693 1082 -3794 -5120 -572
836 -3331 -693 1083 -3797 -5117 -569
837 -3329 -694 1083 -3800 -5115 -567
838 -3326 -695 1085 -3800 -5111 -570
839 -3323 -696 1083 -3804 -5111 -570
840 -3323 -699 1081 -3810 -5110 -574
841 -3322 -700 1084 -3812 -5110 -570
842 -3323 -700 1079 -3814 -5107 -569
843 -3321 -700 1080 -3812 -5107 -571
844 -3321 -701 1080 -3815 -5105 -572
845 -3320 -702 1078 -3817 -5107 -570
846 -3321 -707 1077 -3822 -5104 -573
847 -3324 -705 1076 -3823 -5109 -575
848 -3319 -707 1074 -3823 -5109 -577
849 -3322 -707 1076 -3829 -5109 -576
850 -3318 -710 1073 -3832 -5109 -574
851 -3318 -712 1073 -3835 -5108 -575
852 -3313 -711 1075 -3836 -5112 -576
853 -3317 -714 1073 -3838 -5114 -575
854 -3311 -711 1069 -3841 -5116 -575
855 -3308 -711 1072 -3843 -5120 -575
856 -3305 -712 1071 -3841 -5122 -575
857 -3305 -710 1072 -3839 -5123 -575
858 -3298 -708 1076 -3845 -5125 -572
859 -3294 -705 1074 -3843 -5126 -573
860 -3297 -710 1073 -3845 -5128 -570
861 -3295 -706 1073 -3842 -5128 -572
862 -3294 -702 1071 -3839 -5130 -570
863 -3289 -702 1076 -3839 -5131 -569
864 -3292 -703 1079 -3833 -5131 -569
865 -3289 -702 1077 -3831 -5133 -571
866 -3292 -703 1077 -3828 -5133 -567
867 -3291 -700 1076 -3824 -5136 -567
868 -3294 -705 1077 -3823 -5136 -567
869 -3291 -701 1077 -3820 -5135 -570
870 -3293 -700 1079 -3817 -5134 -565
871 -3294 -701 1078 -3817 -5133 -568
872 -3293 -700 1082 -3819 -5132 -564
873 -3293 -697 1079 -3817 -5132 -567
874 -3291 -703 1074 -3816 -5136 -567
875 -3288 -700 1077 -3818 -5137 -569
876 -3286 -699 1078 -3819 -5140 -566
877 -3281 -699 1079 -3820 -5137 -567
878 -3282 -695 1079 -3820 -5140 -567
879 -3275 -699 1078 -3821 -5140 -570
880 -3277 -701 1076 -3823 -5144 -570
881 -3272 -700 1078 -3826 -5145 -566
882 -3271 -699 1073 -3827 -5141 -567
883 -3267 -702 1073 -3830 -5146 -569
884 -3271 -704 1075 -3834 -5142 -566
885 -3271 -700 1075 -3834 -5143 -570
886 -3271 -708 1072 -3834 -5144 -570
887 -3277 -708 1072 -3836 -5149 -572
888 -3275 -709 1069 -3836 -5148 -574
889 -3275 -710 1066 -3836 -5145 -577
890 -3277 -713 1070 -3835 -5143 -576
891 -3279 -708 1065 -3838 -5144 -579
892 -3286 -710 1066 -3838 -5143 -576
893 -3285 -713 1070 -3836 -5143 -579
894 -3289 -712 1067 -3836 -5139 -578
895 -3291 -707 1068 -3838 -5137 -578
896 -3291 -716 1067 -3839 -5134 -577
897 -3298 -709 1066 -3839 -5131 -576
898 -3297 -711 1069 -3837 -5129 -577
899 -3298 -711 1069 -3835 -5126 -575
900 -3298 -709 1072 -3836 -5126 -576
901 -3302 -705 1075 -3837 -5126 -575
902 -3298 -703 1075 -3836 -5127 -573
903 -3303 -701 1078 -3834 -5118 -572
904 -3306 -702 1077 -3830 -5119 -571
905 -3307 -699 1080 -3828 -5118 -570
906 -3311 -700 1075 -3828 -5118 -568
907 -3312 -695 1081 -3822 -5116 -568
908 -3317 -696 1082 -3821 -5121 -570
909 -3324 -695 1081 -3818 -5116 -569
910 -3328 -698 1082 -3814 -5117 -566
911 -3328 -702 1085 -3810 -5116 -566
912 -3335 -697 1085 -3804 -5114 -566
913 -3340 -700 1086 -3797 -5113 -570
914 -3341 -701 1088 -3794 -5115 -573
915 -3347 -698 1086 -3787 -5113 -570
916 -3347 -697 1087 -3787 -5112 -571
917 -3352 -697 1089 -3783 -5111 -571
918 -3352 -695 1084 -3779 -5114 -578
919 -3354 -695 1086 -3778 -5115 -573
920 -3354 -697 1082 -3774 -5115 -575
921 -3355 -697 1083 -3774 -5117 -575
922 -3355 -698 1082 -3774 -5124 -575
923 -3354 -696 1082 -3773 -5122 -576
924 -3347 -696 1079 -3775 -5127 -577
925 -3352 -701 1076 -3771 -5131 -579
926 -3349 -701 1077 -3773 -5133 -577
927 -3344 -700 1075 -3775 -5134 -579
928 -3345 -702 1076 -3774 -5138 -578
929 -3342 -700 1073 -3772 -5140 -577
930 -3341 -702 1075 -3775 -5143 -580
931 -3340 -700 1075 -3775 -5146 -583
932 -3340 -704 1073 -3776 -5146 -583
933 -3339 -705 1075 -3775 -5146 -582
934 -3339 -704 1071 -3781 -5150 -580
935 -3337 -701 1072 -3780 -5149 -578
936 -3342 -703 1076 -3783 -5147 -581
937 -3339 -705 1077 -3785 -5150 -580
938 -3338 -706 1073 -3784 -5147 -582
939 -3335 -706 1076 -3787 -5146 -582
940 -3332 -703 1075 -3785 -5143 -577
941 -3329 -700 1080 -3790 -5144 -573
942 -3323 -697 1077 -3792 -5145 -571
943 -3322 -699 1079 -3792 -5145 -573
944 -3321 -697 1080 -3793 -5142 -571
945 -3316 -695 1080 -3799 -5140 -569
946 -3308 -692 1080 -3801 -5140 -568
947 -3308 -692 1080 -3804 -5135 -565
948 -3305 -696 1082 -3807 -5133 -566
949 -3301 -692 1082 -3812 -5133 -567
950 -3296 -694 1084 -3815 -5132 -563
951 -3298 -695 1079 -3819 -5129 -568
952 -3297 -694 1080 -3823 -5130 -565
953 -3292 -694 1080 -3825 -5129 -565
954 -3290 -697 1084 -3824 -5127 -564
955 -3290 -695 1082 -3828 -5130 -566
956 -3286 -698 1080 -3832 -5123 -567
957 -3286 -700 1080 -3831 -5126 -569
958 -3286 -702 1081 -3833 -5124 -568
959 -3285 -703 1076 -3839 -5122 -567
960 -3289 -705 1074 -3843 -5125 -569
961 -3286 -706 1075 -3844 -5125 -573
962 -3287 -709 1071 -3845 -5123 -573
963 -3286 -708 1074 -3840 -5122 -575
964 -3282 -709 1070 -3840 -5123 -575
965 -3288 -709 1071 -3842 -5120 -575
966 -3284 -708 1069 -3843 -5124 -578
967 -3283 -712 1068 -3844 -5125 -580
968 -3283 -711 1068 -3845 -5126 -579
969 -3282 -714 1067 -3845 -5124 -575
970 -3282 -714 1066 -3847 -5128 -578
971 -3282 -712 1066 -3846 -5130 -578
972 -3281 -714 1067 -3846 -5130 -576
973 -3281 -710 1066 -3846 -5130 -577
974 -3284 -711 1069 -3843 -5132 -576
975 -3284 -709 1068 -3845 -5135 -572
976 -3286 -712 1069 -3842 -5133 -577
977 -3287 -710 1073 -3836 -5136 -573
978 -3292 -707 1074 -3838 -5135 -572
979 -3294 -704 1074 -3834 -5131 -573
980 -3300 -703 1076 -3831 -5128 -570
981 -3300 -702 1080 -3833 -5127 -573
982 -3303 -704 1081 -3829 -5128 -572
983 -3307 -704 1079 -3826 -5125 -567
984 -3308 -704 1078 -3825 -5121 -568
985 -3310 -699 1079 -3825 -5121 -568
986 -3311 -696 1082 -3818 -5118 -565
987 -3311 -698 1084 -3815 -5118 -566
988 -3312 -696 1082 -3816 -5115 -563
989 -3315 -700 1081 -3815 -5117 -562
990 -3309 -695 1081 -3817 -5117 -564
991 -3311 -696 1083 -3815 -5117 -567
992 -3310 -696 1081 -3816 -5119 -564
993 -3310 -694 1082 -3818 -5121 -563
994 -3309 -701 1078 -3817 -5118 -570
995 -3305 -699 1081 -3820 -5121 -568
996 -3308 -699 1078 -3822 -5120 -569
997 -3309 -701 1078 -3818 -5124 -571
998 -3305 -700 1078 -3820 -5125 -569
999 -3305 -704 1079 -3820 -5122 -573
