0 -691 344 -382 309 452 318
1 -691 340 -379 307 451 322
2 -694 343 -380 312 449 321
3 -695 343 -382 309 451 322
4 -694 345 -379 312 448 323
5 -689 342 -381 311 452 320
6 -693 343 -381 311 449 321
7 -693 344 -378 311 450 321
8 -689 346 -379 309 452 321
9 -693 342 -378 310 452 320
10 -695 342 -380 308 448 321
11 -694 342 -379 310 451 322
12 -693 344 -380 313 452 320
13 -695 344 -381 312 452 323
14 -691 344 -383 310 450 323
15 -690 342 -380 310 451 326
16 -694 344 -379 310 448 322
17 -691 344 -378 310 452 324
18 -691 345 -379 312 452 323
19 -689 343 -379 312 451 323
20 -692 344 -381 311 450 324
21 -694 342 -382 312 447 319
22 -694 342 -381 311 449 320
23 -692 345 -380 312 453 322
24 -693 342 -383 309 453 321
25 -694 342 -380 308 454 321
26 -693 342 -379 309 451 322
27 -688 343 -383 309 451 320
28 -693 344 -382 311 452 322
29 -690 345 -380 313 452 323
30 -693 343 -380 310 450 324
31 -692 343 -382 311 449 322
32 -691 340 -378 310 450 322
33 -692 342 -380 311 452 322
34 -692 342 -382 313 452 322
35 -693 341 -384 308 449 321
36 -694 341 -380 310 446 321
37 -691 343 -380 310 451 323
38 -693 341 -383 312 450 323
39 -693 342 -381 310 448 320
40 -694 343 -381 310 448 324
41 -691 345 -379 308 453 323
42 -691 342 -381 310 452 323
43 -691 343 -379 311 448 320
44 -693 341 -380 307 451 322
45 -695 343 -381 311 451 321
46 -692 340 -380 309 450 323
47 -692 346 -384 308 450 322
48 -696 344 -381 311 448 323
49 -691 345 -383 311 452 321
50 -693 340 -380 310 453 323
51 -688 342 -384 311 450 321
52 -691 343 -382 309 453 322
53 -690 342 -379 309 449 320
54 -693 340 -384 310 452 321
55 -693 345 -381 309 451 323
56 -692 344 -382 312 451 323
57 -692 342 -382 313 450 325
58 -691 344 -382 310 449 321
59 -693 343 -379 311 450 322
60 -693 343 -381 312 453 322
61 -692 344 -381 311 451 322
62 -691 344 -384 309 447 323
63 -693 342 -381 312 451 320
64 -693 341 -383 310 450 322
65 -693 346 -379 306 450 320
66 -690 341 -384 312 452 322
67 -693 343 -379 315 452 324
68 -693 344 -379 309 451 323
69 -690 343 -383 310 451 324
70 -693 345 -380 309 452 324
71 -690 341 -382 312 453 321
72 -693 343 -379 308 453 322
73 -690 344 -377 308 456 323
74 -691 344 -379 312 451 321
75 -691 344 -382 308 451 322
76 -689 341 -380 307 455 321
77 -692 344 -381 309 453 322
78 -689 344 -382 311 453 324
79 -689 342 -380 310 453 323
80 -691 344 -380 311 450 324
81 -691 343 -381 311 454 325
82 -692 342 -380 309 450 326
83 -691 343 -382 309 449 323
84 -693 339 -384 310 451 320
85 -695 339 -383 316 454 322
86 -692 345 -379 309 453 322
87 -693 344 -380 313 452 320
88 -690 342 -381 313 453 317
89 -691 343 -380 314 452 323
90 -693 345 -380 313 452 321
91 -691 344 -381 308 451 324
92 -692 342 -378 311 452 321
93 -689 344 -381 309 453 324
94 -691 346 -382 308 453 323
95 -689 346 -379 311 452 323
96 -690 341 -377 310 450 320
97 -691 342 -380 306 452 322
98 -695 343 -381 307 452 322
99 -691 344 -379 310 452 324
100 -690 343 -379 309 452 324
101 -692 343 -381 309 449 322
102 -688 340 -381 314 451 323
103 -692 343 -378 312 452 323
104 -692 344 -376 309 455 323
105 -695 344 -380 308 447 320
106 -693 341 -380 315 450 320
107 -693 344 -379 310 455 322
108 -693 345 -379 309 450 320
109 -694 342 -379 313 448 321
110 -692 342 -383 311 452 322
111 -696 343 -379 312 448 321
112 -693 343 -382 310 452 322
113 -690 343 -379 313 452 322
114 -694 344 -381 309 452 323
115 -691 345 -382 308 453 323
116 -691 346 -380 311 454 322
117 -691 345 -380 310 453 325
118 -691 345 -381 309 454 322
119 -688 346 -381 310 452 323
120 -693 343 -381 310 450 321
121 -690 343 -376 309 449 321
122 -692 346 -380 308 450 321
123 -689 340 -381 309 451 322
124 -690 343 -380 311 452 322
125 -693 342 -382 310 452 320
126 -693 343 -380 310 449 320
127 -694 344 -380 313 449 319
128 -694 342 -381 311 451 325
129 -691 344 -380 311 451 322
130 -693 342 -381 313 449 320
131 -692 340 -381 312 452 320
132 -691 344 -379 314 452 323
133 -693 345 -380 310 450 319
134 -692 344 -383 308 455 321
135 -691 340 -383 314 451 322
136 -693 341 -380 312 453 322
137 -689 345 -381 312 450 322
138 -694 340 -379 312 452 323
139 -692 343 -379 311 451 319
140 -691 343 -383 310 453 323
141 -688 343 -381 310 451 323
142 -693 345 -380 314 452 323
143 -692 343 -381 308 451 320
144 -693 343 -382 308 449 318
145 -692 343 -382 311 448 321
146 -692 344 -381 308 449 320
147 -692 344 -380 313 451 322
148 -694 340 -382 312 452 325
149 -693 345 -378 313 447 319
150 -695 344 -383 310 447 322
151 -693 340 -379 308 450 321
152 -694 345 -382 312 452 321
153 -694 341 -380 310 450 319
154 -691 343 -380 311 452 324
155 -692 343 -379 311 450 325
156 -692 341 -381 311 451 320
157 -691 342 -382 308 451 323
158 -691 346 -385 310 452 322
159 -691 342 -380 311 453 324
160 -692 344 -379 310 453 324
161 -692 341 -381 309 452 322
162 -693 344 -379 310 449 321
163 -690 342 -382 310 451 324
164 -692 343 -379 304 449 322
165 -695 343 -381 309 452 323
166 -691 339 -381 311 450 320
167 -693 338 -381 309 449 324
168 -696 342 -380 308 452 323
169 -693 342 -383 310 450 323
170 -692 343 -380 314 451 322
171 -694 344 -381 306 448 322
172 -694 342 -381 307 453 321
173 -692 346 -383 308 451 319
174 -695 343 -382 313 451 319
175 -693 341 -382 310 450 320
176 -694 345 -381 314 448 320
177 -694 343 -382 312 450 323
178 -693 344 -384 313 451 322
179 -694 344 -381 311 448 323
180 -692 343 -383 311 451 321
181 -690 342 -379 312 453 326
182 -692 342 -381 311 451 322
183 -691 343 -382 310 451 321
184 -692 341 -379 310 450 318
185 -691 343 -378 311 450 321
186 -693 340 -379 309 449 321
187 -693 345 -380 311 449 324
188 -690 343 -382 307 453 322
189 -695 339 -380 312 453 322
190 -690 342 -376 314 453 324
191 -691 340 -378 310 450 324
192 -691 344 -382 310 451 322
193 -693 342 -381 312 451 325
194 -689 345 -380 315 452 320
195 -692 340 -380 314 451 321
196 -690 343 -382 308 448 319
197 -690 343 -380 310 454 320
198 -692 344 -382 312 449 322
199 -690 346 -385 312 449 317
200 -693 343 -381 314 451 324
201 -691 342 -381 311 451 322
202 -694 344 -382 310 451 321
203 -693 345 -381 313 452 326
204 -690 344 -380 309 448 321
205 -693 342 -379 308 453 322
206 -693 343 -377 307 452 322
207 -693 343 -379 311 453 320
208 -694 344 -383 311 452 325
209 -688 343 -378 305 448 324
210 -691 344 -382 312 450 324
211 -693 340 -379 310 450 324
212 -690 342 -378 314 451 323
213 -691 343 -376 311 451 324
214 -692 344 -378 311 452 322
215 -691 342 -379 313 452 321
216 -692 343 -379 310 451 319
217 -691 343 -377 313 452 320
218 -690 340 -380 313 454 321
219 -693 340 -381 312 451 322
220 -692 346 -380 312 451 319
221 -692 345 -383 314 453 321
222 -689 346 -381 310 455 322
223 -695 345 -380 309 452 324
224 -693 344 -380 313 453 323
225 -690 344 -383 311 452 321
226 -690 347 -379 310 451 322
227 -692 343 -381 310 451 324
228 -691 343 -379 312 451 324
229 -693 345 -381 308 452 325
230 -694 344 -382 309 451 323
231 -688 342 -380 311 451 325
232 -690 341 -381 313 453 323
233 -693 343 -379 308 455 323
234 -692 342 -378 310 456 322
235 -689 341 -375 310 453 324
236 -690 342 -381 309 453 320
237 -690 341 -380 313 450 322
238 -692 342 -379 311 449 321
239 -692 345 -379 310 449 321
240 -693 342 -381 313 452 320
241 -689 342 -384 310 454 321
242 -692 342 -382 311 452 321
243 -689 343 -381 308 449 322
244 -694 342 -385 308 453 321
245 -690 342 -381 310 451 322
246 -691 343 -380 310 451 323
247 -694 344 -379 310 454 325
248 -693 343 -378 314 454 325
249 -690 343 -379 307 452 322
250 -693 344 -377 311 451 322
251 -690 343 -378 312 451 322
252 -692 343 -380 307 452 323
253 -691 344 -378 311 452 323
254 -690 341 -380 308 453 326
255 -691 344 -378 310 453 323
256 -695 344 -380 312 450 323
257 -692 344 -378 311 452 326
258 -692 343 -378 313 450 323
259 -692 344 -381 311 452 318
260 -690 344 -379 315 448 321
261 -695 344 -381 313 451 323
262 -695 346 -382 310 453 320
263 -691 345 -382 313 448 318
264 -692 344 -381 312 452 320
265 -693 345 -378 311 451 323
266 -694 344 -379 312 452 318
267 -691 343 -383 311 451 323
268 -691 344 -381 310 448 323
269 -691 344 -381 311 453 323
270 -693 343 -382 309 450 320
271 -691 342 -381 309 453 322
272 -691 343 -381 311 451 322
273 -693 343 -381 310 452 321
274 -691 346 -378 311 452 323
275 -689 344 -380 308 451 322
276 -694 341 -380 310 451 323
277 -689 343 -380 308 455 323
278 -692 343 -379 311 452 323
279 -689 343 -378 310 449 321
280 -693 339 -381 310 453 321
281 -691 340 -381 311 450 322
282 -691 343 -383 312 451 320
283 -696 342 -383 313 453 323
284 -691 343 -382 309 451 322
285 -689 345 -381 310 452 322
286 -691 342 -383 309 451 322
287 -692 346 -381 311 450 324
288 -688 344 -380 310 451 323
289 -692 344 -379 311 451 322
290 -690 342 -380 313 451 324
291 -692 342 -381 310 452 321
292 -692 345 -382 306 452 321
293 -693 344 -381 309 451 322
294 -689 343 -380 310 450 324
295 -691 345 -381 311 452 327
296 -692 346 -380 309 453 322
297 -695 343 -383 311 451 325
298 -691 344 -379 309 448 322
299 -691 343 -380 310 453 325
300 -693 342 -383 312 453 322
301 -693 341 -379 309 453 322
302 -694 343 -379 312 450 323
303 -690 343 -379 312 450 320
304 -689 340 -378 315 452 322
305 -693 342 -380 313 451 323
306 -693 342 -382 315 449 321
307 -695 347 -380 313 451 322
308 -689 344 -380 314 450 324
309 -690 343 -376 313 453 323
310 -689 348 -378 315 452 322
311 -687 350 -378 314 456 325
312 -687 347 -381 313 454 326
313 -690 344 -379 312 453 323
314 -690 347 -380 313 452 323
315 -689 346 -377 314 455 324
316 -690 344 -375 311 453 324
317 -692 347 -377 311 453 326
318 -690 345 -377 310 453 319
319 -690 345 -380 314 452 324
320 -687 346 -379 308 450 322
321 -692 344 -379 311 453 323
322 -690 345 -378 309 452 321
323 -692 342 -378 307 453 323
324 -689 342 -380 311 451 324
325 -692 344 -383 311 453 322
326 -690 344 -377 310 452 322
327 -691 344 -376 308 452 324
328 -690 343 -379 308 452 322
329 -691 342 -381 311 454 323
330 -691 347 -381 315 454 324
331 -690 346 -381 312 454 323
332 -689 345 -377 311 456 323
333 -691 347 -379 311 455 324
334 -691 347 -377 311 456 320
335 -690 341 -380 315 453 327
336 -690 346 -381 312 452 326
337 -689 343 -381 310 453 323
338 -692 345 -377 312 452 327
339 -690 344 -380 313 454 322
340 -689 343 -376 309 453 324
341 -691 344 -381 311 447 322
342 -690 345 -379 313 452 326
343 -692 345 -375 313 448 320
344 -687 342 -378 310 450 323
345 -690 344 -377 314 453 323
346 -690 348 -379 312 450 322
347 -693 346 -378 311 448 324
348 -690 345 -379 314 453 323
349 -689 345 -383 312 451 322
350 -688 344 -377 313 452 320
351 -690 347 -383 312 448 324
352 -691 344 -378 315 449 322
353 -690 349 -379 314 454 323
354 -693 346 -380 307 450 322
355 -692 344 -377 312 452 325
356 -687 349 -376 312 452 324
357 -688 344 -378 312 453 324
358 -689 341 -380 312 453 323
359 -688 343 -383 312 452 321
360 -691 344 -378 314 453 324
361 -689 343 -381 308 454 325
362 -689 343 -379 311 454 327
363 -687 342 -377 309 450 320
364 -691 345 -383 310 453 324
365 -693 346 -379 311 451 327
366 -689 343 -381 312 450 323
367 -691 343 -381 310 452 328
368 -692 346 -377 311 453 323
369 -692 342 -380 310 452 323
370 -690 345 -379 311 453 323
371 -689 343 -381 313 451 320
372 -692 347 -379 313 454 325
373 -690 345 -377 313 450 322
374 -689 353 -379 313 450 324
375 -690 344 -379 309 454 321
376 -691 344 -379 312 452 322
377 -690 344 -381 314 455 323
378 -690 346 -379 312 452 326
379 -690 342 -380 311 451 322
380 -687 345 -379 314 452 324
381 -692 344 -380 308 453 323
382 -689 345 -378 313 454 322
383 -691 342 -378 310 450 323
384 -688 343 -379 312 450 325
385 -690 347 -380 309 452 323
386 -690 343 -375 311 452 323
387 -690 347 -381 309 448 324
388 -689 343 -378 308 453 323
389 -692 345 -379 310 454 323
390 -691 344 -381 311 452 321
391 -690 343 -380 313 451 325
392 -690 344 -379 314 452 323
393 -691 350 -377 313 452 324
394 -690 348 -378 317 451 322
395 -690 343 -380 314 453 323
396 -690 346 -380 314 454 323
397 -690 343 -383 310 451 321
398 -688 342 -380 314 450 326
399 -690 344 -378 314 451 327
400 -692 343 -378 311 453 323
401 -694 345 -377 311 454 320
402 -691 341 -378 312 452 322
403 -689 344 -380 313 453 323
404 -691 346 -383 311 452 325
405 -691 345 -378 311 450 325
406 -693 344 -379 310 451 323
407 -689 344 -381 310 451 326
408 -689 345 -378 311 455 323
409 -687 344 -377 308 452 324
410 -690 344 -377 310 452 326
411 -691 342 -379 312 452 319
412 -690 342 -382 309 454 324
413 -690 342 -381 314 453 323
414 -688 343 -379 312 453 324
415 -691 342 -382 311 453 324
416 -691 344 -382 312 452 323
417 -690 346 -382 311 456 324
418 -692 345 -383 310 450 323
419 -691 344 -380 312 454 324
420 -687 347 -381 315 452 324
421 -690 344 -380 315 449 324
422 -691 345 -381 312 450 325
423 -691 345 -377 312 448 323
424 -692 344 -378 309 449 322
425 -692 345 -379 312 454 323
426 -694 343 -377 311 450 324
427 -697 345 -380 312 452 325
428 -689 348 -379 311 451 323
429 -689 343 -381 312 451 322
430 -691 343 -379 308 452 324
431 -691 343 -381 311 454 323
432 -692 345 -382 311 453 319
433 -692 341 -384 310 450 322
434 -691 345 -380 312 451 319
435 -688 345 -378 311 451 321
436 -691 344 -382 311 452 324
437 -693 344 -380 314 454 321
438 -691 344 -379 315 455 322
439 -689 346 -381 315 453 321
440 -691 349 -376 313 450 321
441 -689 347 -378 315 451 321
442 -688 347 -378 315 457 324
443 -689 345 -379 313 453 322
444 -692 345 -379 314 452 324
445 -690 345 -378 311 450 325
446 -690 346 -376 310 454 323
447 -689 346 -376 309 452 322
448 -692 347 -382 308 453 322
449 -692 340 -379 311 448 325
450 -691 343 -379 312 452 322
451 -690 342 -378 312 452 320
452 -691 341 -381 310 451 321
453 -693 338 -378 310 452 321
454 -691 343 -380 313 448 323
455 -691 344 -378 314 455 325
456 -690 343 -377 311 451 324
457 -693 343 -378 310 452 323
458 -694 346 -381 313 452 320
459 -691 345 -382 312 452 323
460 -693 344 -378 312 453 320
461 -688 344 -381 314 455 321
462 -690 345 -376 312 452 326
463 -689 344 -377 313 451 325
464 -690 348 -378 312 452 325
465 -690 343 -381 311 454 325
466 -690 344 -381 311 452 324
467 -689 344 -379 313 453 323
468 -693 344 -380 309 450 322
469 -691 344 -382 308 452 324
470 -689 346 -375 313 454 324
471 -688 342 -376 314 453 325
472 -690 344 -377 312 453 323
473 -690 343 -381 314 450 326
474 -690 345 -375 310 454 322
475 -692 344 -378 311 452 322
476 -694 341 -381 310 450 321
477 -691 342 -378 315 452 321
478 -692 343 -379 311 453 323
479 -694 346 -380 311 455 322
480 -690 344 -381 314 453 321
481 -688 341 -381 315 453 319
482 -692 344 -381 314 453 326
483 -690 346 -379 314 451 327
484 -689 344 -376 311 452 325
485 -689 344 -379 310 451 326
486 -691 344 -380 313 450 325
487 -691 347 -379 312 452 323
488 -692 345 -377 310 450 324
489 -689 343 -380 311 455 325
490 -689 342 -376 310 452 320
491 -691 344 -379 312 453 322
492 -689 345 -378 312 453 322
493 -690 347 -378 312 449 321
494 -689 343 -379 314 453 326
495 -689 344 -379 310 450 324
496 -691 340 -379 311 452 322
497 -688 341 -381 311 453 321
498 -692 342 -381 307 453 325
499 -692 344 -379 311 452 321
500 -691 345 -379 308 452 325
501 -690 342 -378 313 454 325
502 -695 343 -381 310 451 323
503 -693 345 -378 311 451 322
504 -690 342 -377 314 452 324
505 -689 346 -379 313 452 325
506 -691 344 -380 311 453 324
507 -690 346 -378 314 452 325
508 -692 342 -378 312 451 323
509 -689 346 -376 313 454 323
510 -692 343 -379 311 451 320
511 -691 343 -380 311 451 325
512 -694 344 -380 314 449 325
513 -691 344 -380 311 453 320
514 -691 347 -381 314 449 323
515 -692 346 -379 311 454 327
516 -691 343 -379 313 452 325
517 -689 343 -380 311 451 324
518 -692 345 -377 313 450 323
519 -690 345 -377 312 453 322
520 -693 346 -379 312 453 323
521 -691 342 -378 314 453 321
522 -691 345 -383 314 455 324
523 -689 346 -381 312 453 325
524 -692 346 -377 311 452 324
525 -690 346 -380 311 451 326
526 -689 342 -378 312 452 322
527 -689 342 -378 315 455 323
528 -687 346 -376 311 454 324
529 -687 347 -375 312 455 324
530 -692 346 -377 311 454 325
531 -692 344 -380 311 453 324
532 -692 347 -380 312 451 325
533 -688 343 -377 311 455 322
534 -688 346 -380 314 454 323
535 -692 346 -379 315 453 324
536 -688 347 -377 310 452 323
537 -689 345 -379 312 448 321
538 -689 344 -377 310 451 325
539 -688 344 -379 309 450 323
540 -691 343 -381 312 450 323
541 -687 345 -377 311 454 322
542 -692 346 -378 310 453 324
543 -691 343 -381 313 451 324
544 -689 346 -379 310 452 326
545 -692 344 -378 311 454 324
546 -692 345 -380 309 450 321
547 -691 345 -380 313 450 323
548 -693 342 -378 313 452 320
549 -693 343 -377 311 456 322
550 -691 344 -381 315 450 320
551 -689 344 -377 312 450 321
552 -690 341 -377 314 452 323
553 -693 343 -381 310 454 320
554 -692 344 -380 309 449 327
555 -693 346 -380 312 453 321
556 -691 343 -377 313 451 327
557 -691 346 -379 314 455 325
558 -689 344 -378 314 453 324
559 -692 343 -375 313 453 321
560 -690 345 -380 311 452 327
561 -691 347 -375 310 452 324
562 -689 346 -379 310 454 321
563 -689 345 -375 312 452 327
564 -692 342 -379 314 453 322
565 -689 343 -380 312 451 321
566 -692 345 -381 315 455 321
567 -692 346 -376 311 453 324
568 -691 346 -378 310 454 324
569 -691 347 -380 314 454 327
570 -688 348 -379 314 453 326
571 -690 349 -377 315 456 326
572 -690 348 -376 315 454 323
573 -686 347 -377 314 453 324
574 -690 344 -374 313 453 323
575 -687 340 -379 310 451 324
576 -690 345 -380 312 455 324
577 -692 345 -378 310 451 325
578 -689 345 -375 310 452 325
579 -689 341 -382 310 457 325
580 -689 345 -374 313 455 325
581 -690 341 -380 311 452 320
582 -689 345 -378 313 451 324
583 -689 343 -377 310 451 323
584 -688 345 -378 312 454 325
585 -691 345 -381 311 455 324
586 -689 340 -380 315 455 327
587 -691 346 -377 308 453 322
588 -691 346 -381 311 454 323
589 -690 345 -376 314 455 323
590 -690 345 -381 315 455 325
591 -690 344 -380 310 455 322
592 -691 344 -379 311 455 325
593 -689 344 -378 313 454 326
594 -691 347 -378 315 450 325
595 -689 344 -377 312 451 323
596 -688 346 -374 313 453 322
597 -690 347 -379 312 450 322
598 -688 342 -376 312 451 324
599 -686 344 -379 312 453 327
600 -687 347 -380 309 450 325
601 -689 344 -378 310 456 325
602 -693 344 -376 308 453 323
603 -695 343 -377 309 453 321
604 -692 343 -384 311 450 322
605 -689 342 -382 310 451 324
606 -691 346 -380 311 450 322
607 -692 345 -380 310 451 324
608 -692 346 -382 312 453 324
609 -692 342 -381 310 453 320
610 -691 343 -383 310 449 324
611 -692 344 -380 313 453 323
612 -692 346 -381 310 453 322
613 -692 343 -382 314 454 326
614 -687 345 -377 314 450 318
615 -692 344 -379 310 452 321
616 -695 344 -382 313 450 323
617 -691 341 -381 313 450 321
618 -692 343 -379 310 449 321
619 -689 345 -381 310 451 323
620 -692 345 -380 309 455 323
621 -691 344 -380 312 452 325
622 -693 344 -379 311 451 323
623 -690 342 -382 312 449 321
624 -692 342 -379 313 452 323
625 -692 344 -378 308 452 324
626 -691 343 -378 308 451 324
627 -687 342 -380 309 450 320
628 -688 342 -379 312 449 325
629 -694 340 -381 311 453 323
630 -689 340 -379 309 451 322
631 -695 346 -378 312 454 326
632 -691 342 -380 311 453 318
633 -689 346 -381 314 452 324
634 -689 343 -382 311 454 322
635 -688 346 -377 311 455 326
636 -690 346 -380 311 454 322
637 -692 341 -378 311 454 325
638 -687 343 -380 312 454 324
639 -688 347 -378 310 455 325
640 -692 346 -380 311 453 325
641 -691 342 -382 312 453 321
642 -692 340 -381 314 452 325
643 -689 348 -379 311 453 328
644 -688 342 -375 313 451 323
645 -690 344 -379 309 451 324
646 -690 344 -382 310 452 322
647 -691 343 -379 313 452 325
648 -691 349 -378 311 451 323
649 -692 342 -378 312 455 323
650 -689 342 -383 314 453 322
651 -690 347 -381 313 451 325
652 -690 347 -379 311 456 322
653 -692 343 -380 312 455 326
654 -691 345 -378 314 453 320
655 -690 344 -381 314 453 321
656 -692 346 -377 310 453 324
657 -691 344 -379 313 452 322
658 -689 343 -379 313 451 325
659 -690 343 -379 315 453 324
660 -691 345 -379 313 452 320
661 -688 343 -380 311 456 324
662 -690 343 -378 311 451 324
663 -692 344 -377 313 449 324
664 -686 340 -378 312 455 320
665 -690 345 -381 312 453 325
666 -691 346 -376 312 448 326
667 -692 346 -377 313 455 325
668 -691 343 -380 313 453 322
669 -690 344 -381 311 449 323
670 -691 340 -382 308 453 323
671 -689 343 -382 310 454 322
672 -688 343 -378 309 450 324
673 -691 341 -379 310 449 322
674 -692 341 -382 309 451 321
675 -692 343 -382 308 452 322
676 -690 343 -379 311 452 321
677 -690 345 -380 313 453 323
678 -690 347 -380 310 452 324
679 -690 344 -377 310 450 323
680 -692 345 -381 312 452 323
681 -691 345 -379 309 452 321
682 -689 344 -381 313 451 323
683 -692 342 -380 313 451 326
684 -691 345 -378 313 453 323
685 -689 347 -379 312 452 325
686 -691 346 -376 310 450 323
687 -693 342 -379 311 451 324
688 -692 341 -380 311 452 324
689 -691 343 -381 310 453 327
690 -691 346 -380 312 452 325
691 -692 344 -380 312 448 320
692 -694 341 -379 310 452 321
693 -692 344 -378 309 450 317
694 -692 341 -382 311 450 320
695 -692 341 -382 311 451 320
696 -688 344 -382 309 453 324
697 -692 345 -381 313 453 321
698 -697 345 -380 311 449 320
699 -690 344 -381 309 454 319
700 -689 343 -381 312 451 321
701 -691 345 -383 313 452 321
702 -691 344 -377 309 452 322
703 -691 341 -378 311 451 323
704 -693 342 -382 311 453 324
705 -690 345 -382 311 451 325
706 -690 343 -381 311 451 319
707 -692 344 -382 312 450 323
708 -692 343 -380 309 452 326
709 -693 345 -381 310 451 322
710 -689 347 -381 308 451 324
711 -689 345 -379 311 452 321
712 -693 342 -381 312 452 323
713 -692 341 -378 310 449 323
714 -691 345 -379 311 453 323
715 -692 343 -379 312 451 320
716 -691 341 -380 309 451 320
717 -690 343 -380 308 447 323
718 -691 344 -382 308 453 323
719 -689 345 -376 311 455 323
720 -692 341 -380 310 451 323
721 -689 345 -380 311 452 321
722 -693 344 -382 313 453 322
723 -692 344 -379 311 450 323
724 -690 346 -379 312 451 323
725 -690 344 -380 311 449 321
726 -692 344 -381 307 450 326
727 -687 343 -383 311 451 323
728 -693 345 -381 309 449 324
729 -690 345 -376 311 453 322
730 -691 344 -377 311 452 323
731 -692 344 -379 312 449 321
732 -690 343 -379 312 454 323
733 -690 345 -378 313 453 323
734 -694 343 -379 310 454 325
735 -691 342 -381 307 449 323
736 -690 342 -379 311 452 321
737 -691 344 -379 310 450 321
738 -691 344 -382 311 450 323
739 -692 343 -381 313 449 321
740 -693 347 -380 310 453 322
741 -692 345 -379 309 451 321
742 -693 343 -383 309 452 320
743 -689 343 -380 310 452 318
744 -689 344 -379 311 452 323
745 -693 345 -379 314 450 327
746 -690 344 -380 312 451 323
747 -693 343 -380 310 452 324
748 -691 347 -378 313 448 324
749 -692 346 -378 314 451 325
750 -691 345 -379 314 449 321
751 -690 346 -380 312 454 323
752 -689 343 -376 312 452 323
753 -688 345 -378 310 451 322
754 -690 348 -378 310 454 325
755 -691 344 -382 314 453 325
756 -688 343 -380 309 453 325
757 -689 347 -380 313 451 321
758 -691 344 -384 309 451 321
759 -690 342 -382 311 453 322
760 -692 344 -380 311 450 325
761 -691 346 -378 310 452 322
762 -687 346 -379 313 450 326
763 -689 346 -382 313 450 322
764 -693 344 -379 311 453 321
765 -694 345 -380 311 456 323
766 -692 346 -379 308 452 321
767 -689 343 -381 310 453 322
768 -690 344 -379 311 452 325
769 -691 341 -377 310 449 322
770 -692 345 -380 308 451 325
771 -692 343 -379 309 451 323
772 -690 345 -383 313 450 326
773 -692 342 -379 312 451 323
774 -692 341 -378 313 448 324
775 -691 346 -380 313 449 326
776 -690 344 -378 313 450 326
777 -689 345 -379 309 455 323
778 -688 343 -380 315 452 324
779 -690 345 -375 310 449 328
780 -689 342 -378 312 454 323
781 -692 344 -380 314 452 322
782 -691 348 -380 315 455 323
783 -690 344 -375 314 454 323
784 -688 347 -374 308 452 323
785 -692 342 -379 314 455 323
786 -690 348 -379 309 454 323
787 -691 348 -377 315 457 324
788 -690 350 -380 316 453 327
789 -686 346 -379 314 453 321
790 -690 345 -381 312 454 324
791 -691 344 -379 314 458 326
792 -692 345 -377 311 452 323
793 -689 345 -377 307 453 321
794 -687 341 -382 309 453 317
795 -694 341 -383 310 453 323
796 -690 348 -376 314 454 327
797 -689 347 -377 312 453 322
798 -693 342 -378 313 451 322
799 -691 342 -381 311 451 319
800 -694 344 -383 313 452 324
801 -693 346 -376 310 454 326
802 -689 346 -379 311 451 323
803 -691 343 -383 311 454 320
804 -691 340 -384 310 450 324
805 -694 345 -378 312 453 322
806 -692 341 -379 310 456 322
807 -689 342 -380 316 450 324
808 -690 341 -381 315 454 323
809 -691 342 -375 314 454 326
810 -688 346 -378 310 454 326
811 -685 351 -375 313 455 328
812 -687 344 -380 312 455 322
813 -691 342 -379 312 454 326
814 -689 347 -376 313 452 324
815 -688 345 -376 311 451 325
816 -690 343 -379 307 451 322
817 -692 343 -383 311 453 325
818 -690 346 -378 310 454 323
819 -693 342 -376 309 452 322
820 -691 343 -378 309 449 325
821 -692 344 -379 311 449 318
822 -689 341 -385 312 449 323
823 -692 344 -381 308 449 321
824 -693 344 -378 312 453 323
825 -689 344 -377 313 454 321
826 -690 341 -376 308 453 321
827 -688 342 -381 311 451 323
828 -691 346 -380 311 452 323
829 -692 347 -380 310 452 321
830 -693 343 -377 315 456 322
831 -689 345 -379 312 453 321
832 -692 343 -381 313 453 324
833 -691 344 -377 311 449 327
834 -692 345 -381 308 453 320
835 -692 343 -380 315 451 322
836 -692 344 -376 315 451 322
837 -691 345 -379 310 448 323
838 -688 343 -378 312 454 324
839 -692 345 -380 310 453 323
840 -692 346 -382 311 452 324
841 -691 339 -378 313 450 322
842 -686 344 -378 312 452 328
843 -690 345 -375 310 452 324
844 -688 341 -378 310 450 323
845 -690 345 -378 311 454 321
846 -689 344 -376 311 451 326
847 -689 348 -378 313 453 326
848 -693 342 -380 310 454 320
849 -688 343 -379 309 452 324
850 -690 343 -381 311 455 327
851 -690 344 -379 310 454 326
852 -691 346 -381 310 454 326
853 -689 345 -380 312 456 325
854 -688 345 -380 311 451 325
855 -688 343 -380 309 453 323
856 -689 345 -378 311 455 327
857 -686 345 -374 311 453 324
858 -690 343 -378 316 453 324
859 -688 348 -378 312 452 324
860 -692 342 -375 311 450 321
861 -690 345 -381 313 452 323
862 -688 345 -384 310 453 324
863 -691 347 -381 312 452 324
864 -692 345 -380 309 451 322
865 -689 344 -382 311 450 319
866 -690 342 -384 314 451 323
867 -692 344 -380 312 450 323
868 -692 344 -379 314 450 321
869 -690 344 -380 314 450 322
870 -691 345 -378 308 451 325
871 -694 347 -377 312 453 325
872 -690 342 -380 310 454 324
873 -689 346 -377 310 456 323
874 -689 344 -379 314 455 325
875 -692 343 -378 311 451 324
876 -692 347 -378 311 451 325
877 -693 343 -384 310 451 322
878 -691 343 -383 310 451 322
879 -693 342 -382 309 449 324
880 -690 342 -378 310 450 320
881 -692 344 -380 310 451 322
882 -690 340 -381 310 451 325
883 -692 340 -381 310 449 322
884 -692 343 -379 310 450 324
885 -692 345 -377 312 448 323
886 -692 340 -380 310 453 322
887 -690 342 -381 308 450 321
888 -692 341 -380 313 453 324
889 -691 344 -380 309 449 322
890 -692 343 -382 308 454 323
891 -691 341 -381 312 450 322
892 -690 343 -380 311 451 324
893 -695 341 -384 309 452 321
894 -692 344 -378 312 455 324
895 -694 349 -380 309 451 322
896 -688 341 -384 308 452 323
897 -692 340 -384 308 455 322
898 -690 345 -380 310 452 326
899 -692 344 -379 312 450 324
900 -691 345 -382 311 451 321
901 -692 339 -383 309 453 324
902 -691 344 -381 310 450 322
903 -687 344 -378 312 453 321
904 -692 344 -379 307 454 326
905 -690 342 -379 309 453 324
906 -691 341 -381 313 454 322
907 -692 344 -380 311 448 326
908 -692 345 -375 311 449 328
909 -694 342 -378 313 452 322
910 -690 339 -382 311 449 326
911 -692 343 -379 312 451 323
912 -691 343 -376 310 452 325
913 -689 346 -380 312 451 320
914 -691 340 -382 313 447 321
915 -692 345 -378 310 449 323
916 -691 348 -379 312 453 322
917 -692 345 -381 313 449 319
918 -692 341 -379 311 449 320
919 -690 341 -384 311 450 324
920 -691 345 -378 313 451 321
921 -693 344 -384 309 451 321
922 -693 342 -381 309 452 319
923 -695 341 -383 311 449 320
924 -693 341 -382 313 452 320
925 -691 346 -382 309 450 322
926 -691 343 -385 308 449 321
927 -691 344 -379 310 451 320
928 -695 343 -380 309 449 322
929 -694 339 -381 307 448 322
930 -690 341 -380 307 450 322
931 -697 340 -381 315 450 322
932 -691 340 -381 307 450 325
933 -692 344 -381 309 449 320
934 -694 342 -381 308 452 320
935 -692 340 -379 310 450 322
936 -689 345 -379 307 449 322
937 -691 344 -380 309 452 320
938 -691 342 -385 311 451 321
939 -688 345 -385 309 453 324
940 -691 343 -377 308 455 326
941 -691 343 -378 308 451 326
942 -692 341 -383 313 449 321
943 -689 342 -381 313 451 323
944 -692 345 -377 309 453 321
945 -692 346 -378 310 454 325
946 -689 343 -381 309 453 321
947 -689 341 -380 311 455 322
948 -693 340 -379 312 452 323
949 -695 342 -382 311 451 322
950 -693 339 -379 310 450 323
951 -690 340 -380 313 451 320
952 -694 343 -381 312 451 322
953 -692 341 -382 312 452 326
954 -691 346 -382 310 451 321
955 -691 344 -378 309 449 320
956 -693 344 -382 315 450 320
957 -692 342 -382 313 450 323
958 -691 347 -383 311 450 323
959 -691 344 -381 309 450 321
960 -689 344 -380 308 453 319
961 -693 338 -386 311 448 320
962 -691 343 -383 311 447 321
963 -690 344 -382 311 448 325
964 -692 344 -378 307 450 323
965 -691 342 -380 310 452 322
966 -690 346 -382 308 452 320
967 -693 343 -380 310 450 323
968 -691 341 -382 310 452 320
969 -691 342 -381 310 449 320
970 -693 341 -382 307 453 322
971 -695 342 -377 313 449 325
972 -693 341 -384 312 450 322
973 -690 343 -383 311 450 322
974 -692 341 -383 309 448 320
975 -695 345 -381 310 449 320
976 -691 343 -380 311 451 324
977 -694 339 -380 310 452 322
978 -693 343 -380 313 452 325
979 -695 343 -382 309 455 323
980 -695 344 -381 312 453 322
981 -691 344 -382 310 452 320
982 -693 343 -382 309 454 322
983 -690 340 -379 310 450 322
984 -692 342 -384 308 452 325
985 -692 342 -375 306 455 323
986 -691 342 -381 311 450 322
987 -694 341 -379 305 450 321
988 -691 340 -380 309 454 320
989 -694 343 -381 308 452 324
990 -691 343 -377 307 451 323
991 -687 337 -382 307 449 321
992 -692 343 -380 306 448 323
993 -690 340 -381 308 453 324
994 -692 341 -381 308 450 320
995 -694 343 -381 311 452 322
996 -691 339 -380 309 452 324
997 -695 340 -383 308 452 321
998 -690 342 -383 309 448 320
999 -691 345 -379 309 452 323
0 -3630 5235 -728 6087 -2386 -4955
1 -3628 5229 -732 6086 -2388 -4951
2 -3633 5230 -730 6085 -2384 -4954
3 -3629 5230 -728 6086 -2387 -4955
4 -3632 5234 -728 6084 -2388 -4953
5 -3629 5232 -731 6084 -2388 -4951
6 -3631 5234 -730 6089 -2384 -4954
7 -3629 5232 -726 6085 -2388 -4955
8 -3630 5231 -730 6085 -2387 -4952
9 -3629 5233 -725 6086 -2386 -4951
10 -3630 5233 -731 6087 -2384 -4956
11 -3629 5233 -730 6089 -2387 -4951
12 -3631 5233 -728 6087 -2388 -4954
13 -3631 5234 -726 6086 -2386 -4951
14 -3628 5233 -730 6087 -2386 -4952
15 -3630 5234 -726 6087 -2389 -4954
16 -3629 5232 -728 6084 -2391 -4950
17 -3631 5232 -730 6084 -2387 -4953
18 -3631 5231 -730 6085 -2386 -4955
19 -3627 5232 -731 6084 -2387 -4955
20 -3631 5232 -728 6088 -2386 -4955
21 -3630 5236 -726 6087 -2387 -4952
22 -3631 5234 -730 6086 -2388 -4954
23 -3631 5231 -731 6086 -2390 -4953
24 -3630 5234 -730 6086 -2387 -4954
25 -3630 5231 -727 6082 -2387 -4951
26 -3624 5233 -728 6087 -2386 -4952
27 -3627 5233 -729 6083 -2388 -4952
28 -3625 5229 -729 6087 -2388 -4952
29 -3629 5233 -728 6083 -2388 -4952
30 -3628 5232 -728 6085 -2388 -4953
31 -3627 5233 -728 6082 -2385 -4954
32 -3631 5228 -728 6085 -2388 -4952
33 -3630 5231 -733 6087 -2387 -4952
34 -3629 5231 -729 6085 -2388 -4950
35 -3626 5232 -728 6086 -2386 -4951
36 -3630 5229 -728 6088 -2387 -4953
37 -3631 5231 -729 6083 -2388 -4950
38 -3632 5230 -727 6084 -2388 -4952
39 -3630 5230 -729 6085 -2386 -4952
40 -3632 5229 -729 6085 -2388 -4954
41 -3627 5232 -729 6083 -2389 -4952
42 -3632 5229 -727 6083 -2388 -4953
43 -3633 5230 -727 6083 -2387 -4955
44 -3630 5232 -730 6085 -2385 -4952
45 -3628 5228 -727 6083 -2388 -4954
46 -3630 5233 -728 6086 -2386 -4954
47 -3629 5234 -727 6089 -2386 -4952
48 -3628 5232 -729 6083 -2386 -4952
49 -3628 5231 -729 6087 -2386 -4953
50 -3630 5233 -729 6083 -2389 -4952
51 -3628 5235 -730 6086 -2387 -4948
52 -3629 5230 -728 6082 -2386 -4949
53 -3629 5230 -727 6085 -2387 -4954
54 -3629 5232 -732 6086 -2388 -4951
55 -3628 5233 -729 6086 -2385 -4953
56 -3631 5230 -727 6086 -2389 -4954
57 -3627 5232 -729 6088 -2389 -4952
58 -3629 5229 -731 6087 -2389 -4952
59 -3631 5231 -730 6087 -2387 -4952
60 -3630 5229 -729 6088 -2386 -4952
61 -3631 5227 -732 6085 -2391 -4953
62 -3631 5232 -729 6087 -2389 -4953
63 -3631 5233 -731 6086 -2389 -4954
64 -3633 5233 -730 6087 -2385 -4956
65 -3627 5231 -728 6092 -2387 -4952
66 -3628 5234 -728 6087 -2387 -4954
67 -3630 5233 -728 6087 -2388 -4953
68 -3629 5232 -730 6089 -2390 -4952
69 -3631 5231 -731 6087 -2389 -4952
70 -3631 5232 -729 6087 -2389 -4950
71 -3628 5232 -726 6087 -2387 -4953
72 -3629 5233 -727 6084 -2386 -4954
73 -3632 5233 -728 6084 -2388 -4953
74 -3629 5236 -730 6085 -2383 -4949
75 -3632 5234 -727 6087 -2384 -4953
76 -3630 5232 -729 6087 -2388 -4951
77 -3631 5233 -728 6087 -2389 -4954
78 -3629 5232 -728 6085 -2386 -4951
79 -3635 5232 -732 6085 -2390 -4954
80 -3630 5229 -729 6083 -2387 -4952
81 -3629 5231 -729 6087 -2387 -4949
82 -3632 5229 -726 6087 -2388 -4952
83 -3629 5227 -727 6084 -2389 -4956
84 -3629 5228 -730 6083 -2389 -4950
85 -3632 5234 -731 6089 -2389 -4952
86 -3631 5233 -729 6085 -2388 -4952
87 -3632 5233 -729 6087 -2386 -4952
88 -3632 5234 -728 6090 -2385 -4953
89 -3631 5232 -729 6090 -2388 -4952
90 -3632 5235 -726 6089 -2387 -4951
91 -3631 5234 -727 6090 -2388 -4952
92 -3632 5233 -725 6090 -2389 -4951
93 -3632 5232 -730 6084 -2387 -4954
94 -3629 5232 -725 6084 -2390 -4954
95 -3629 5234 -729 6086 -2390 -4953
96 -3634 5230 -725 6086 -2392 -4953
97 -3632 5233 -726 6087 -2391 -4954
98 -3633 5232 -730 6086 -2391 -4954
99 -3636 5230 -729 6087 -2390 -4953
100 -3631 5232 -728 6089 -2388 -4954
101 -3631 5234 -733 6089 -2389 -4956
102 -3630 5230 -731 6087 -2389 -4952
103 -3632 5233 -729 6086 -2388 -4954
104 -3632 5234 -729 6084 -2390 -4955
105 -3632 5235 -730 6089 -2387 -4954
106 -3631 5236 -731 6088 -2385 -4958
107 -3632 5233 -729 6090 -2390 -4954
108 -3632 5235 -726 6088 -2389 -4954
109 -3632 5233 -728 6089 -2390 -4957
110 -3633 5230 -731 6089 -2388 -4953
111 -3631 5231 -731 6088 -2387 -4953
112 -3630 5233 -731 6088 -2386 -4954
113 -3628 5233 -724 6090 -2389 -4951
114 -3629 5232 -729 6087 -2388 -4950
115 -3628 5232 -726 6090 -2389 -4950
116 -3631 5232 -731 6087 -2387 -4952
117 -3633 5231 -730 6087 -2390 -4953
118 -3631 5231 -727 6088 -2386 -4951
119 -3627 5229 -730 6086 -2386 -4952
120 -3629 5231 -726 6087 -2387 -4950
121 -3631 5231 -726 6087 -2389 -4949
122 -3631 5233 -731 6088 -2390 -4954
123 -3632 5229 -729 6088 -2389 -4953
124 -3629 5232 -730 6087 -2391 -4951
125 -3630 5231 -728 6086 -2388 -4952
126 -3631 5233 -732 6088 -2389 -4951
127 -3630 5230 -728 6086 -2388 -4948
128 -3630 5228 -727 6084 -2391 -4951
129 -3636 5227 -731 6087 -2390 -4954
130 -3633 5228 -731 6086 -2393 -4954
131 -3633 5232 -732 6087 -2391 -4954
132 -3632 5231 -731 6091 -2390 -4952
133 -3630 5229 -727 6089 -2389 -4952
134 -3632 5226 -730 6088 -2388 -4954
135 -3631 5231 -732 6087 -2390 -4949
136 -3630 5236 -727 6090 -2387 -4950
137 -3634 5232 -727 6086 -2390 -4953
138 -3635 5228 -729 6089 -2389 -4952
139 -3632 5232 -730 6090 -2387 -4953
140 -3633 5232 -729 6086 -2391 -4952
141 -3636 5231 -730 6090 -2390 -4953
142 -3631 5230 -727 6087 -2389 -4952
143 -3632 5231 -731 6090 -2395 -4955
144 -3630 5230 -730 6086 -2392 -4951
145 -3634 5231 -730 6090 -2393 -4952
146 -3632 5232 -730 6086 -2392 -4953
147 -3630 5233 -732 6089 -2390 -4954
148 -3631 5227 -732 6087 -2390 -4952
149 -3633 5234 -728 6088 -2390 -4952
150 -3631 5232 -730 6092 -2390 -4951
151 -3632 5230 -726 6089 -2390 -4956
152 -3635 5230 -728 6091 -2387 -4954
153 -3633 5234 -727 6089 -2390 -4954
154 -3633 5230 -729 6090 -2388 -4954
155 -3633 5231 -729 6091 -2389 -4952
156 -3630 5236 -729 6090 -2390 -4949
157 -3633 5232 -728 6090 -2390 -4953
158 -3635 5232 -729 6090 -2391 -4953
159 -3635 5230 -730 6090 -2391 -4952
160 -3632 5232 -726 6093 -2389 -4952
161 -3633 5231 -727 6087 -2389 -4953
162 -3632 5229 -728 6093 -2392 -4954
163 -3633 5233 -727 6089 -2391 -4950
164 -3632 5232 -729 6092 -2394 -4952
165 -3633 5233 -728 6086 -2389 -4954
166 -3632 5233 -728 6092 -2392 -4953
167 -3632 5230 -729 6094 -2389 -4951
168 -3635 5230 -728 6091 -2393 -4951
169 -3634 5233 -728 6092 -2393 -4954
170 -3636 5228 -727 6090 -2395 -4948
171 -3633 5231 -730 6093 -2391 -4954
172 -3635 5229 -728 6089 -2394 -4950
173 -3634 5232 -730 6092 -2391 -4953
174 -3637 5234 -730 6089 -2389 -4954
175 -3634 5233 -729 6092 -2394 -4954
176 -3635 5233 -727 6094 -2391 -4954
177 -3636 5234 -730 6090 -2393 -4957
178 -3636 5231 -730 6092 -2391 -4952
179 -3632 5236 -731 6093 -2393 -4953
180 -3633 5235 -728 6093 -2392 -4956
181 -3639 5234 -730 6094 -2395 -4955
182 -3633 5233 -732 6091 -2390 -4954
183 -3634 5230 -729 6095 -2391 -4952
184 -3637 5231 -730 6090 -2395 -4954
185 -3634 5234 -728 6095 -2395 -4955
186 -3633 5232 -731 6092 -2394 -4954
187 -3635 5231 -728 6092 -2394 -4952
188 -3638 5236 -728 6096 -2395 -4952
189 -3635 5234 -729 6091 -2391 -4954
190 -3635 5231 -728 6093 -2392 -4953
191 -3638 5232 -730 6094 -2392 -4958
192 -3636 5235 -729 6095 -2394 -4953
193 -3636 5232 -727 6093 -2396 -4956
194 -3638 5232 -734 6096 -2391 -4954
195 -3636 5236 -728 6098 -2396 -4952
196 -3638 5235 -727 6094 -2394 -4955
197 -3638 5233 -727 6095 -2393 -4953
198 -3636 5233 -729 6095 -2392 -4952
199 -3635 5234 -729 6094 -2391 -4952
200 -3636 5233 -730 6095 -2389 -4951
201 -3634 5234 -728 6091 -2393 -4950
202 -3635 5232 -730 6095 -2395 -4951
203 -3636 5233 -732 6093 -2392 -4954
204 -3634 5230 -730 6091 -2393 -4949
205 -3632 5234 -727 6093 -2390 -4951
206 -3633 5233 -726 6094 -2393 -4951
207 -3634 5233 -725 6093 -2391 -4950
208 -3631 5231 -727 6093 -2390 -4947
209 -3636 5230 -726 6094 -2392 -4951
210 -3634 5233 -728 6093 -2388 -4948
211 -3636 5232 -728 6096 -2393 -4950
212 -3635 5233 -727 6091 -2391 -4950
213 -3634 5230 -726 6094 -2391 -4947
214 -3633 5234 -726 6093 -2393 -4949
215 -3633 5232 -728 6095 -2390 -4949
216 -3634 5231 -729 6093 -2391 -4950
217 -3636 5235 -728 6096 -2391 -4952
218 -3633 5234 -728 6095 -2392 -4951
219 -3634 5234 -725 6096 -2391 -4949
220 -3633 5234 -727 6096 -2391 -4950
221 -3636 5234 -727 6097 -2392 -4949
222 -3635 5233 -730 6096 -2395 -4951
223 -3633 5234 -727 6096 -2395 -4951
224 -3635 5235 -732 6097 -2390 -4951
225 -3632 5234 -728 6099 -2392 -4947
226 -3634 5233 -728 6093 -2395 -4951
227 -3638 5234 -726 6096 -2392 -4948
228 -3635 5233 -727 6095 -2392 -4951
229 -3635 5233 -727 6096 -2392 -4950
230 -3633 5234 -727 6096 -2393 -4953
231 -3634 5234 -727 6098 -2394 -4950
232 -3637 5234 -726 6099 -2393 -4951
233 -3640 5236 -728 6097 -2390 -4950
234 -3635 5233 -726 6095 -2393 -4950
235 -3635 5235 -727 6097 -2396 -4951
236 -3636 5236 -726 6101 -2392 -4953
237 -3638 5235 -726 6099 -2391 -4950
238 -3635 5233 -726 6097 -2395 -4951
239 -3637 5236 -726 6098 -2395 -4951
240 -3635 5234 -726 6097 -2392 -4954
241 -3633 5236 -727 6097 -2393 -4949
242 -3638 5235 -730 6097 -2394 -4953
243 -3635 5239 -727 6098 -2395 -4951
244 -3636 5234 -727 6097 -2393 -4950
245 -3636 5237 -729 6097 -2393 -4948
246 -3635 5234 -727 6099 -2392 -4953
247 -3635 5234 -727 6096 -2394 -4952
248 -3636 5232 -725 6096 -2394 -4950
249 -3635 5230 -726 6098 -2392 -4948
250 -3634 5234 -724 6098 -2393 -4948
251 -3636 5236 -726 6094 -2396 -4948
252 -3635 5234 -725 6097 -2396 -4950
253 -3638 5233 -727 6099 -2395 -4949
254 -3637 5235 -729 6099 -2396 -4949
255 -3636 5236 -727 6100 -2395 -4949
256 -3636 5233 -727 6099 -2394 -4954
257 -3640 5234 -725 6098 -2395 -4950
258 -3637 5234 -729 6099 -2396 -4950
259 -3636 5233 -729 6101 -2395 -4950
260 -3638 5233 -728 6103 -2396 -4951
261 -3638 5236 -724 6098 -2397 -4952
262 -3637 5235 -729 6098 -2394 -4951
263 -3636 5236 -727 6098 -2395 -4949
264 -3639 5236 -727 6101 -2393 -4950
265 -3636 5236 -726 6100 -2394 -4950
266 -3636 5233 -726 6100 -2396 -4948
267 -3639 5236 -726 6100 -2397 -4955
268 -3638 5237 -727 6097 -2397 -4952
269 -3639 5235 -731 6100 -2397 -4952
270 -3637 5237 -727 6101 -2396 -4952
271 -3640 5234 -728 6100 -2398 -4950
272 -3637 5238 -726 6099 -2400 -4948
273 -3639 5237 -724 6101 -2396 -4952
274 -3640 5233 -724 6099 -2396 -4951
275 -3638 5234 -729 6100 -2401 -4950
276 -3640 5236 -727 6103 -2398 -4950
277 -3641 5236 -727 6102 -2398 -4952
278 -3644 5235 -729 6101 -2399 -4948
279 -3638 5233 -730 6104 -2397 -4953
280 -3639 5233 -726 6101 -2394 -4953
281 -3639 5238 -726 6101 -2395 -4951
282 -3639 5235 -728 6102 -2394 -4951
283 -3637 5234 -726 6100 -2394 -4949
284 -3639 5236 -728 6103 -2394 -4951
285 -3638 5236 -728 6103 -2396 -4952
286 -3637 5238 -725 6103 -2396 -4951
287 -3642 5234 -727 6099 -2396 -4951
288 -3638 5232 -730 6100 -2399 -4948
289 -3640 5234 -728 6101 -2394 -4948
290 -3642 5231 -731 6099 -2398 -4949
291 -3640 5233 -726 6099 -2398 -4951
292 -3638 5231 -726 6099 -2398 -4948
293 -3639 5233 -729 6099 -2398 -4949
294 -3639 5232 -729 6100 -2396 -4948
295 -3643 5231 -728 6097 -2398 -4949
296 -3640 5233 -727 6097 -2399 -4947
297 -3642 5233 -727 6097 -2397 -4948
298 -3640 5233 -727 6102 -2399 -4950
299 -3640 5234 -729 6100 -2401 -4948
300 -3643 5234 -729 6102 -2402 -4949
301 -3637 5233 -728 6100 -2399 -4947
302 -3637 5232 -727 6100 -2396 -4950
303 -3640 5232 -727 6102 -2395 -4949
304 -3642 5233 -728 6106 -2399 -4949
305 -3640 5236 -728 6103 -2399 -4950
306 -3637 5233 -729 6104 -2399 -4952
307 -3639 5234 -734 6107 -2398 -4954
308 -3637 5236 -729 6106 -2397 -4947
309 -3639 5234 -726 6104 -2398 -4947
310 -3640 5237 -726 6106 -2400 -4948
311 -3641 5234 -731 6105 -2399 -4950
312 -3643 5232 -730 6105 -2398 -4949
313 -3640 5234 -726 6103 -2399 -4949
314 -3640 5238 -725 6102 -2400 -4951
315 -3644 5232 -725 6101 -2399 -4953
316 -3643 5233 -731 6103 -2401 -4952
317 -3639 5232 -728 6102 -2400 -4950
318 -3642 5235 -725 6102 -2397 -4948
319 -3641 5235 -727 6102 -2398 -4949
320 -3641 5230 -729 6101 -2400 -4953
321 -3643 5231 -731 6104 -2397 -4949
322 -3640 5236 -724 6101 -2401 -4950
323 -3642 5233 -729 6101 -2402 -4951
324 -3642 5234 -730 6103 -2403 -4955
325 -3642 5236 -727 6103 -2402 -4949
326 -3643 5237 -729 6101 -2400 -4956
327 -3643 5233 -729 6106 -2399 -4951
328 -3644 5237 -730 6104 -2402 -4950
329 -3643 5232 -728 6104 -2399 -4947
330 -3641 5235 -727 6099 -2403 -4951
331 -3640 5238 -729 6101 -2400 -4949
332 -3643 5236 -727 6101 -2403 -4950
333 -3642 5234 -729 6103 -2401 -4948
334 -3643 5235 -727 6104 -2401 -4947
335 -3644 5237 -726 6103 -2402 -4946
336 -3645 5234 -726 6105 -2403 -4951
337 -3645 5232 -730 6105 -2403 -4949
338 -3644 5232 -728 6106 -2402 -4948
339 -3643 5233 -730 6102 -2402 -4949
340 -3644 5234 -726 6104 -2401 -4950
341 -3641 5234 -728 6107 -2400 -4949
342 -3641 5233 -730 6105 -2405 -4948
343 -3644 5233 -731 6105 -2404 -4948
344 -3643 5233 -730 6102 -2405 -4951
345 -3644 5232 -729 6105 -2403 -4954
346 -3645 5234 -728 6104 -2404 -4952
347 -3644 5237 -729 6106 -2404 -4951
348 -3644 5236 -727 6109 -2405 -4950
349 -3642 5234 -726 6108 -2401 -4951
350 -3645 5233 -726 6107 -2402 -4951
351 -3643 5239 -727 6108 -2402 -4950
352 -3645 5238 -726 6107 -2403 -4949
353 -3642 5237 -729 6105 -2402 -4951
354 -3644 5237 -729 6106 -2405 -4952
355 -3642 5235 -728 6106 -2404 -4951
356 -3646 5235 -726 6107 -2403 -4952
357 -3643 5237 -725 6106 -2403 -4949
358 -3643 5237 -728 6102 -2401 -4951
359 -3644 5238 -726 6108 -2402 -4950
360 -3641 5235 -727 6106 -2404 -4952
361 -3646 5235 -727 6106 -2402 -4951
362 -3646 5235 -727 6107 -2403 -4948
363 -3644 5233 -726 6107 -2403 -4951
364 -3643 5235 -728 6105 -2403 -4950
365 -3645 5233 -730 6105 -2403 -4951
366 -3644 5236 -731 6106 -2405 -4952
367 -3646 5232 -730 6108 -2403 -4951
368 -3646 5233 -727 6106 -2402 -4949
369 -3642 5235 -727 6110 -2399 -4947
370 -3645 5236 -726 6105 -2404 -4945
371 -3645 5237 -728 6108 -2403 -4948
372 -3641 5238 -725 6110 -2403 -4949
373 -3644 5234 -725 6109 -2402 -4948
374 -3644 5233 -726 6109 -2402 -4947
375 -3645 5234 -728 6105 -2403 -4948
376 -3644 5236 -728 6105 -2402 -4947
377 -3644 5236 -727 6104 -2403 -4947
378 -3641 5232 -728 6107 -2402 -4949
379 -3643 5233 -730 6108 -2403 -4947
380 -3645 5234 -728 6104 -2405 -4948
381 -3642 5232 -731 6106 -2401 -4946
382 -3643 5234 -727 6105 -2404 -4948
383 -3643 5236 -723 6105 -2403 -4949
384 -3644 5234 -725 6106 -2403 -4948
385 -3646 5233 -729 6106 -2404 -4948
386 -3646 5233 -727 6106 -2406 -4950
387 -3646 5233 -727 6105 -2405 -4951
388 -3642 5236 -729 6106 -2405 -4949
389 -3646 5232 -727 6109 -2403 -4951
390 -3647 5232 -732 6108 -2400 -4951
391 -3644 5231 -728 6107 -2404 -4950
392 -3646 5235 -728 6107 -2405 -4948
393 -3645 5232 -730 6110 -2402 -4950
394 -3642 5235 -726 6114 -2403 -4945
395 -3645 5238 -725 6109 -2402 -4951
396 -3643 5240 -726 6112 -2402 -4946
397 -3646 5236 -726 6112 -2402 -4947
398 -3642 5237 -728 6110 -2404 -4946
399 -3644 5236 -728 6113 -2401 -4950
400 -3642 5236 -724 6108 -2398 -4949
401 -3645 5237 -725 6114 -2404 -4946
402 -3646 5236 -727 6110 -2399 -4947
403 -3644 5236 -727 6109 -2402 -4945
404 -3647 5233 -726 6112 -2401 -4947
405 -3644 5236 -727 6108 -2401 -4947
406 -3644 5236 -726 6108 -2401 -4947
407 -3648 5239 -726 6111 -2404 -4946
408 -3645 5236 -723 6114 -2404 -4949
409 -3648 5238 -726 6113 -2401 -4950
410 -3645 5234 -729 6109 -2404 -4949
411 -3649 5238 -725 6117 -2404 -4950
412 -3646 5238 -726 6113 -2404 -4945
413 -3644 5238 -726 6112 -2406 -4951
414 -3645 5236 -729 6112 -2404 -4948
415 -3646 5239 -724 6112 -2402 -4945
416 -3648 5235 -727 6107 -2408 -4950
417 -3644 5234 -728 6110 -2403 -4949
418 -3645 5232 -729 6115 -2403 -4949
419 -3644 5234 -727 6109 -2406 -4949
420 -3645 5234 -729 6109 -2407 -4951
421 -3648 5233 -727 6112 -2404 -4950
422 -3645 5235 -727 6112 -2403 -4948
423 -3644 5233 -730 6111 -2404 -4949
424 -3645 5234 -730 6110 -2403 -4949
425 -3647 5235 -730 6111 -2403 -4950
426 -3644 5232 -727 6107 -2408 -4950
427 -3646 5235 -730 6111 -2408 -4950
428 -3650 5233 -726 6108 -2405 -4949
429 -3647 5232 -731 6109 -2407 -4951
430 -3650 5237 -728 6110 -2407 -4949
431 -3650 5235 -730 6112 -2407 -4951
432 -3650 5238 -727 6111 -2406 -4952
433 -3647 5234 -730 6110 -2406 -4950
434 -3649 5232 -729 6108 -2408 -4949
435 -3649 5236 -731 6110 -2405 -4951
436 -3648 5234 -729 6111 -2410 -4954
437 -3648 5236 -729 6111 -2408 -4951
438 -3648 5238 -729 6113 -2405 -4949
439 -3648 5236 -726 6112 -2404 -4946
440 -3650 5237 -732 6114 -2407 -4954
441 -3647 5236 -728 6111 -2409 -4954
442 -3649 5238 -729 6110 -2409 -4951
443 -3647 5234 -728 6111 -2408 -4952
444 -3646 5235 -727 6111 -2409 -4951
445 -3649 5236 -730 6111 -2408 -4953
446 -3650 5234 -730 6112 -2411 -4952
447 -3649 5236 -731 6108 -2408 -4953
448 -3648 5236 -728 6114 -2408 -4952
449 -3647 5232 -725 6110 -2408 -4951
450 -3646 5238 -727 6115 -2407 -4950
451 -3650 5235 -729 6110 -2407 -4948
452 -3649 5236 -726 6110 -2406 -4948
453 -3649 5233 -728 6111 -2408 -4951
454 -3650 5234 -726 6113 -2410 -4949
455 -3650 5232 -727 6112 -2404 -4948
456 -3648 5236 -728 6113 -2409 -4949
457 -3647 5237 -728 6114 -2406 -4949
458 -3647 5236 -728 6113 -2406 -4950
459 -3646 5236 -724 6113 -2407 -4949
460 -3648 5239 -729 6115 -2407 -4946
461 -3648 5236 -728 6112 -2407 -4950
462 -3649 5234 -731 6115 -2407 -4949
463 -3649 5232 -727 6115 -2407 -4946
464 -3649 5235 -727 6112 -2409 -4949
465 -3647 5235 -729 6113 -2406 -4949
466 -3650 5235 -729 6111 -2406 -4948
467 -3648 5236 -727 6114 -2409 -4949
468 -3647 5233 -729 6111 -2408 -4949
469 -3649 5234 -726 6113 -2404 -4943
470 -3650 5237 -724 6114 -2406 -4950
471 -3646 5237 -726 6116 -2409 -4950
472 -3650 5234 -728 6114 -2407 -4948
473 -3649 5233 -730 6114 -2410 -4951
474 -3649 5236 -731 6113 -2408 -4951
475 -3648 5236 -728 6116 -2408 -4950
476 -3649 5232 -731 6115 -2407 -4950
477 -3649 5236 -730 6116 -2409 -4948
478 -3650 5236 -728 6118 -2408 -4949
479 -3651 5237 -726 6118 -2410 -4951
480 -3649 5235 -729 6116 -2408 -4951
481 -3650 5234 -727 6116 -2406 -4951
482 -3648 5238 -728 6114 -2407 -4947
483 -3649 5236 -728 6115 -2406 -4949
484 -3648 5237 -725 6114 -2409 -4948
485 -3646 5239 -729 6115 -2410 -4951
486 -3650 5235 -727 6114 -2412 -4951
487 -3649 5237 -728 6115 -2409 -4947
488 -3652 5236 -726 6115 -2409 -4949
489 -3651 5238 -727 6115 -2408 -4949
490 -3651 5236 -728 6116 -2406 -4946
491 -3652 5235 -730 6116 -2408 -4948
492 -3650 5235 -727 6117 -2408 -4948
493 -3649 5234 -727 6116 -2408 -4947
494 -3650 5234 -727 6113 -2409 -4949
495 -3649 5234 -727 6118 -2408 -4949
496 -3646 5237 -729 6116 -2406 -4949
497 -3650 5233 -731 6113 -2409 -4949
498 -3648 5236 -727 6115 -2409 -4949
499 -3650 5238 -727 6117 -2412 -4946
500 -3648 5236 -724 6116 -2409 -4948
501 -3650 5235 -730 6117 -2408 -4951
502 -3652 5235 -729 6118 -2407 -4951
503 -3651 5233 -729 6115 -2408 -4949
504 -3651 5236 -726 6116 -2408 -4950
505 -3647 5241 -730 6116 -2409 -4949
506 -3649 5235 -731 6115 -2408 -4948
507 -3649 5234 -729 6118 -2407 -4950
508 -3649 5234 -729 6112 -2409 -4950
509 -3650 5233 -728 6119 -2409 -4951
510 -3653 5234 -726 6116 -2408 -4947
511 -3650 5236 -728 6115 -2409 -4948
512 -3651 5235 -727 6116 -2408 -4946
513 -3648 5235 -729 6116 -2407 -4950
514 -3652 5233 -731 6114 -2407 -4950
515 -3650 5234 -728 6113 -2409 -4949
516 -3651 5235 -729 6118 -2408 -4950
517 -3652 5234 -729 6115 -2413 -4952
518 -3652 5236 -729 6114 -2411 -4951
519 -3652 5236 -727 6116 -2410 -4950
520 -3650 5235 -729 6117 -2410 -4954
521 -3653 5239 -729 6119 -2409 -4949
522 -3651 5236 -725 6118 -2411 -4951
523 -3651 5236 -731 6117 -2410 -4950
524 -3653 5236 -727 6122 -2410 -4950
525 -3652 5237 -733 6118 -2408 -4946
526 -3650 5240 -723 6116 -2411 -4951
527 -3649 5238 -725 6119 -2409 -4949
528 -3648 5235 -729 6117 -2409 -4947
529 -3653 5239 -724 6118 -2410 -4947
530 -3653 5237 -728 6118 -2409 -4947
531 -3651 5238 -726 6119 -2409 -4948
532 -3651 5234 -728 6118 -2410 -4948
533 -3651 5235 -724 6117 -2412 -4949
534 -3651 5238 -726 6119 -2408 -4953
535 -3648 5233 -728 6115 -2406 -4948
536 -3649 5236 -729 6115 -2409 -4945
537 -3650 5236 -726 6117 -2410 -4952
538 -3651 5235 -730 6116 -2410 -4951
539 -3651 5237 -727 6116 -2414 -4946
540 -3653 5234 -728 6117 -2411 -4949
541 -3650 5235 -727 6116 -2407 -4948
542 -3653 5231 -727 6115 -2408 -4950
543 -3652 5237 -729 6117 -2410 -4947
544 -3653 5237 -729 6116 -2411 -4952
545 -3650 5235 -725 6117 -2409 -4949
546 -3650 5234 -725 6117 -2410 -4949
547 -3650 5236 -726 6117 -2412 -4948
548 -3648 5236 -727 6113 -2406 -4949
549 -3653 5236 -726 6115 -2410 -4946
550 -3653 5237 -730 6119 -2415 -4949
551 -3655 5236 -728 6118 -2410 -4948
552 -3652 5236 -726 6113 -2411 -4946
553 -3651 5236 -728 6116 -2416 -4951
554 -3654 5231 -731 6116 -2412 -4948
555 -3651 5232 -730 6114 -2412 -4949
556 -3652 5237 -728 6117 -2412 -4948
557 -3650 5232 -726 6117 -2411 -4951
558 -3651 5234 -728 6118 -2409 -4949
559 -3652 5234 -732 6116 -2410 -4950
560 -3652 5235 -730 6122 -2410 -4951
561 -3651 5233 -729 6119 -2412 -4949
562 -3654 5230 -729 6113 -2411 -4949
563 -3652 5235 -727 6118 -2410 -4947
564 -3652 5234 -727 6120 -2410 -4949
565 -3651 5235 -726 6119 -2410 -4952
566 -3652 5236 -727 6117 -2412 -4950
567 -3655 5235 -729 6116 -2411 -4946
568 -3651 5235 -726 6118 -2411 -4949
569 -3651 5236 -728 6119 -2410 -4951
570 -3652 5238 -728 6119 -2411 -4949
571 -3652 5236 -730 6119 -2411 -4950
572 -3653 5236 -730 6118 -2409 -4950
573 -3652 5234 -730 6120 -2414 -4946
574 -3653 5235 -727 6118 -2411 -4948
575 -3651 5239 -726 6122 -2411 -4948
576 -3651 5237 -730 6120 -2409 -4951
577 -3654 5234 -726 6120 -2412 -4949
578 -3652 5237 -727 6120 -2410 -4946
579 -3651 5235 -726 6119 -2411 -4948
580 -3652 5234 -729 6116 -2412 -4945
581 -3654 5235 -728 6119 -2417 -4952
582 -3652 5233 -728 6121 -2414 -4951
583 -3653 5236 -727 6119 -2411 -4949
584 -3653 5235 -728 6117 -2415 -4949
585 -3653 5236 -727 6120 -2411 -4950
586 -3649 5236 -730 6121 -2410 -4950
587 -3651 5235 -728 6118 -2412 -4948
588 -3652 5237 -727 6119 -2408 -4947
589 -3649 5238 -722 6121 -2410 -4947
590 -3650 5238 -727 6119 -2413 -4952
591 -3651 5238 -726 6119 -2409 -4948
592 -3650 5236 -728 6120 -2412 -4948
593 -3654 5235 -725 6118 -2410 -4949
594 -3652 5235 -727 6120 -2412 -4950
595 -3652 5239 -726 6125 -2409 -4946
596 -3650 5235 -728 6122 -2410 -4946
597 -3650 5238 -727 6123 -2411 -4942
598 -3653 5241 -724 6123 -2411 -4947
599 -3653 5241 -725 6121 -2410 -4946
600 -3651 5236 -725 6122 -2412 -4947
601 -3651 5236 -727 6123 -2412 -4945
602 -3649 5238 -727 6122 -2412 -4945
603 -3655 5239 -724 6120 -2411 -4948
604 -3652 5238 -723 6120 -2414 -4948
605 -3653 5238 -728 6123 -2413 -4949
606 -3652 5235 -725 6122 -2411 -4950
607 -3654 5239 -726 6124 -2411 -4946
608 -3651 5237 -727 6123 -2413 -4946
609 -3652 5238 -725 6127 -2413 -4952
610 -3652 5238 -729 6125 -2407 -4949
611 -3649 5238 -726 6123 -2411 -4945
612 -3651 5242 -720 6124 -2408 -4940
613 -3650 5241 -722 6121 -2411 -4950
614 -3652 5234 -728 6120 -2410 -4950
615 -3652 5238 -729 6120 -2414 -4945
616 -3653 5239 -725 6121 -2413 -4950
617 -3652 5238 -726 6117 -2411 -4947
618 -3652 5233 -726 6115 -2414 -4950
619 -3651 5238 -730 6125 -2415 -4950
620 -3651 5238 -729 6122 -2413 -4949
621 -3654 5233 -726 6121 -2411 -4945
622 -3653 5234 -728 6118 -2411 -4948
623 -3653 5240 -727 6119 -2409 -4946
624 -3655 5234 -730 6121 -2414 -4946
625 -3653 5234 -730 6120 -2410 -4946
626 -3650 5238 -721 6121 -2412 -4944
627 -3652 5239 -726 6118 -2413 -4948
628 -3652 5235 -727 6118 -2415 -4948
629 -3653 5239 -724 6122 -2412 -4948
630 -3652 5240 -727 6120 -2413 -4950
631 -3653 5240 -726 6121 -2414 -4947
632 -3655 5237 -725 6122 -2411 -4951
633 -3655 5239 -726 6119 -2411 -4952
634 -3651 5236 -728 6121 -2410 -4946
635 -3654 5236 -725 6119 -2412 -4944
636 -3656 5237 -723 6121 -2414 -4949
637 -3654 5237 -732 6120 -2413 -4950
638 -3653 5234 -728 6121 -2410 -4948
639 -3654 5240 -725 6118 -2410 -4945
640 -3651 5236 -724 6121 -2413 -4948
641 -3653 5236 -727 6120 -2412 -4950
642 -3653 5236 -728 6120 -2411 -4949
643 -3655 5238 -725 6120 -2412 -4948
644 -3651 5236 -727 6118 -2413 -4948
645 -3653 5236 -728 6122 -2411 -4949
646 -3653 5234 -726 6119 -2413 -4950
647 -3653 5235 -730 6118 -2414 -4950
648 -3651 5237 -726 6120 -2412 -4948
649 -3655 5237 -726 6117 -2410 -4947
650 -3652 5232 -728 6121 -2412 -4948
651 -3652 5237 -729 6119 -2411 -4949
652 -3655 5236 -730 6121 -2414 -4952
653 -3657 5239 -727 6119 -2410 -4950
654 -3651 5238 -727 6116 -2412 -4946
655 -3651 5239 -726 6120 -2412 -4950
656 -3652 5235 -730 6119 -2411 -4948
657 -3654 5238 -727 6118 -2413 -4947
658 -3651 5237 -727 6120 -2413 -4946
659 -3653 5233 -725 6121 -2413 -4951
660 -3655 5232 -727 6118 -2413 -4947
661 -3651 5239 -725 6118 -2413 -4949
662 -3652 5238 -727 6116 -2414 -4947
663 -3651 5234 -727 6122 -2415 -4948
664 -3649 5237 -727 6118 -2411 -4944
665 -3658 5236 -728 6116 -2413 -4947
666 -3651 5236 -727 6117 -2412 -4946
667 -3651 5238 -729 6119 -2413 -4948
668 -3653 5236 -729 6119 -2412 -4950
669 -3652 5235 -728 6118 -2413 -4950
670 -3653 5237 -723 6119 -2412 -4947
671 -3653 5235 -727 6121 -2411 -4947
672 -3650 5235 -730 6120 -2411 -4949
673 -3651 5236 -731 6117 -2412 -4946
674 -3653 5236 -723 6120 -2411 -4949
675 -3653 5235 -726 6121 -2411 -4951
676 -3651 5233 -729 6120 -2410 -4950
677 -3651 5236 -726 6118 -2410 -4948
678 -3652 5238 -724 6121 -2411 -4945
679 -3652 5236 -726 6120 -2410 -4949
680 -3650 5237 -729 6119 -2407 -4948
681 -3651 5239 -726 6119 -2413 -4948
682 -3648 5236 -725 6119 -2411 -4946
683 -3652 5236 -727 6122 -2411 -4946
684 -3651 5235 -726 6116 -2410 -4948
685 -3651 5238 -725 6115 -2411 -4948
686 -3648 5238 -727 6120 -2410 -4945
687 -3652 5236 -724 6119 -2411 -4946
688 -3652 5235 -726 6119 -2411 -4947
689 -3653 5233 -725 6118 -2410 -4949
690 -3654 5230 -723 6118 -2413 -4948
691 -3651 5234 -727 6119 -2411 -4948
692 -3650 5233 -727 6115 -2411 -4950
693 -3652 5236 -725 6117 -2412 -4949
694 -3649 5234 -728 6117 -2413 -4948
695 -3651 5236 -725 6117 -2412 -4946
696 -3653 5236 -728 6117 -2415 -4949
697 -3650 5235 -727 6117 -2410 -4950
698 -3650 5234 -726 6117 -2410 -4950
699 -3651 5238 -725 6116 -2413 -4947
700 -3650 5235 -729 6121 -2409 -4950
701 -3651 5235 -727 6116 -2413 -4948
702 -3652 5231 -725 6115 -2408 -4948
703 -3648 5237 -727 6115 -2409 -4946
704 -3651 5236 -730 6117 -2413 -4945
705 -3653 5233 -725 6118 -2411 -4950
706 -3650 5237 -729 6117 -2410 -4944
707 -3650 5237 -727 6117 -2409 -4948
708 -3651 5236 -730 6116 -2408 -4948
709 -3651 5236 -728 6116 -2413 -4949
710 -3653 5235 -728 6117 -2412 -4949
711 -3652 5237 -728 6119 -2411 -4949
712 -3651 5235 -726 6118 -2410 -4948
713 -3650 5236 -726 6117 -2413 -4949
714 -3649 5232 -728 6115 -2410 -4950
715 -3653 5234 -730 6119 -2411 -4946
716 -3651 5235 -725 6117 -2410 -4949
717 -3652 5240 -727 6117 -2411 -4950
718 -3654 5233 -728 6121 -2413 -4952
719 -3652 5235 -726 6116 -2410 -4949
720 -3651 5239 -728 6118 -2410 -4947
721 -3652 5233 -727 6118 -2409 -4949
722 -3650 5237 -729 6119 -2408 -4947
723 -3649 5238 -728 6119 -2410 -4947
724 -3650 5237 -725 6119 -2410 -4948
725 -3649 5234 -728 6119 -2408 -4948
726 -3648 5237 -726 6113 -2408 -4948
727 -3649 5237 -727 6118 -2410 -4951
728 -3651 5236 -725 6118 -2414 -4952
729 -3654 5236 -727 6115 -2410 -4950
730 -3647 5236 -728 6120 -2411 -4947
731 -3654 5235 -730 6117 -2411 -4947
732 -3651 5235 -725 6118 -2412 -4952
733 -3649 5236 -726 6113 -2409 -4949
734 -3652 5234 -724 6120 -2411 -4949
735 -3652 5235 -728 6118 -2410 -4949
736 -3652 5238 -728 6116 -2409 -4950
737 -3654 5236 -727 6116 -2409 -4950
738 -3650 5236 -726 6115 -2408 -4950
739 -3650 5236 -729 6113 -2411 -4950
740 -3653 5238 -729 6115 -2409 -4950
741 -3652 5239 -729 6116 -2411 -4948
742 -3650 5237 -726 6117 -2410 -4949
743 -3651 5233 -730 6116 -2414 -4950
744 -3651 5235 -724 6116 -2413 -4949
745 -3649 5237 -726 6116 -2410 -4950
746 -3652 5235 -725 6119 -2411 -4948
747 -3655 5234 -727 6119 -2412 -4954
748 -3648 5237 -726 6118 -2413 -4951
749 -3653 5236 -729 6116 -2411 -4951
750 -3649 5236 -728 6116 -2410 -4948
751 -3653 5235 -727 6116 -2409 -4946
752 -3650 5234 -727 6117 -2411 -4950
753 -3649 5236 -725 6118 -2409 -4950
754 -3649 5239 -727 6117 -2408 -4948
755 -3652 5236 -729 6117 -2409 -4951
756 -3650 5233 -728 6118 -2413 -4949
757 -3652 5238 -727 6118 -2409 -4951
758 -3652 5239 -726 6119 -2406 -4951
759 -3647 5240 -726 6118 -2412 -4950
760 -3652 5237 -726 6119 -2407 -4949
761 -3652 5238 -728 6117 -2408 -4953
762 -3653 5237 -729 6118 -2410 -4949
763 -3649 5236 -726 6117 -2408 -4950
764 -3649 5238 -726 6117 -2408 -4952
765 -3646 5238 -732 6116 -2410 -4951
766 -3648 5237 -726 6119 -2411 -4950
767 -3652 5239 -727 6116 -2411 -4948
768 -3646 5235 -728 6117 -2408 -4949
769 -3648 5239 -725 6116 -2406 -4949
770 -3649 5237 -723 6117 -2410 -4949
771 -3650 5236 -728 6115 -2407 -4952
772 -3651 5238 -726 6120 -2408 -4948
773 -3650 5236 -728 6115 -2407 -4947
774 -3649 5240 -725 6117 -2409 -4948
775 -3650 5236 -727 6117 -2408 -4952
776 -3650 5234 -730 6115 -2408 -4952
777 -3648 5235 -727 6116 -2407 -4951
778 -3647 5235 -726 6119 -2410 -4950
779 -3648 5234 -727 6120 -2408 -4948
780 -3650 5234 -726 6115 -2407 -4952
781 -3654 5236 -728 6115 -2407 -4948
782 -3648 5237 -725 6118 -2409 -4947
783 -3648 5240 -727 6114 -2406 -4948
784 -3646 5237 -726 6116 -2407 -4950
785 -3648 5241 -727 6117 -2404 -4945
786 -3650 5238 -726 6115 -2406 -4945
787 -3646 5236 -725 6116 -2406 -4948
788 -3646 5236 -727 6116 -2408 -4947
789 -3648 5238 -725 6118 -2406 -4947
790 -3645 5236 -726 6117 -2407 -4946
791 -3645 5238 -725 6116 -2407 -4945
792 -3647 5236 -725 6117 -2407 -4949
793 -3648 5234 -727 6116 -2403 -4947
794 -3649 5237 -727 6115 -2406 -4948
795 -3645 5235 -727 6117 -2406 -4946
796 -3648 5238 -725 6117 -2405 -4947
797 -3649 5238 -727 6116 -2408 -4949
798 -3646 5238 -723 6115 -2406 -4948
799 -3650 5235 -729 6115 -2406 -4949
800 -3648 5236 -728 6116 -2405 -4946
801 -3647 5237 -726 6119 -2407 -4948
802 -3649 5235 -728 6116 -2407 -4950
803 -3650 5239 -729 6114 -2404 -4951
804 -3650 5238 -729 6119 -2404 -4948
805 -3646 5238 -727 6114 -2405 -4950
806 -3647 5238 -727 6116 -2405 -4948
807 -3646 5236 -727 6114 -2404 -4948
808 -3648 5236 -728 6115 -2405 -4949
809 -3645 5239 -725 6113 -2407 -4950
810 -3643 5235 -727 6113 -2407 -4949
811 -3648 5233 -728 6112 -2404 -4947
812 -3647 5237 -730 6112 -2406 -4947
813 -3646 5233 -730 6111 -2405 -4950
814 -3645 5234 -728 6110 -2407 -4949
815 -3645 5235 -722 6113 -2406 -4947
816 -3647 5233 -729 6112 -2408 -4949
817 -3645 5234 -727 6115 -2407 -4950
818 -3648 5234 -730 6113 -2408 -4945
819 -3649 5234 -727 6115 -2407 -4947
820 -3647 5234 -728 6110 -2407 -4948
821 -3647 5235 -729 6110 -2405 -4949
822 -3644 5235 -725 6112 -2405 -4952
823 -3648 5234 -728 6112 -2405 -4950
824 -3648 5233 -729 6110 -2403 -4951
825 -3646 5234 -727 6114 -2410 -4951
826 -3647 5236 -727 6114 -2404 -4948
827 -3644 5234 -727 6111 -2405 -4948
828 -3646 5238 -729 6108 -2406 -4947
829 -3644 5235 -726 6113 -2401 -4949
830 -3647 5237 -731 6109 -2405 -4945
831 -3647 5235 -726 6110 -2402 -4948
832 -3645 5236 -729 6110 -2403 -4951
833 -3650 5232 -727 6113 -2405 -4946
834 -3647 5235 -727 6111 -2404 -4946
835 -3645 5238 -724 6112 -2404 -4947
836 -3645 5234 -727 6114 -2404 -4950
837 -3644 5235 -730 6113 -2403 -4948
838 -3641 5236 -726 6108 -2402 -4948
839 -3650 5237 -726 6112 -2405 -4949
840 -3646 5235 -727 6114 -2405 -4948
841 -3641 5239 -728 6114 -2401 -4948
842 -3645 5234 -729 6109 -2404 -4950
843 -3646 5236 -726 6113 -2405 -4948
844 -3645 5237 -727 6110 -2402 -4948
845 -3645 5233 -726 6111 -2402 -4946
846 -3645 5233 -729 6111 -2404 -4952
847 -3649 5233 -727 6115 -2401 -4950
848 -3646 5236 -731 6112 -2401 -4947
849 -3643 5237 -727 6110 -2405 -4947
850 -3645 5238 -727 6112 -2403 -4950
851 -3648 5234 -727 6111 -2400 -4950
852 -3644 5236 -725 6111 -2404 -4947
853 -3646 5238 -724 6110 -2407 -4947
854 -3644 5235 -727 6111 -2404 -4950
855 -3649 5234 -729 6109 -2406 -4951
856 -3642 5237 -727 6110 -2405 -4947
857 -3642 5238 -725 6109 -2400 -4945
858 -3648 5234 -728 6110 -2403 -4950
859 -3647 5234 -728 6110 -2404 -4952
860 -3644 5235 -729 6110 -2403 -4952
861 -3644 5232 -729 6112 -2405 -4949
862 -3647 5232 -730 6108 -2406 -4951
863 -3646 5236 -726 6109 -2406 -4950
864 -3648 5235 -727 6112 -2405 -4950
865 -3645 5231 -727 6109 -2403 -4950
866 -3649 5231 -730 6107 -2404 -4950
867 -3646 5237 -727 6107 -2401 -4952
868 -3645 5232 -728 6112 -2405 -4953
869 -3646 5233 -730 6109 -2402 -4951
870 -3644 5233 -725 6108 -2401 -4949
871 -3646 5234 -730 6109 -2403 -4953
872 -3644 5234 -729 6109 -2401 -4948
873 -3649 5237 -727 6105 -2402 -4951
874 -3643 5232 -727 6110 -2400 -4951
875 -3643 5233 -729 6112 -2403 -4949
876 -3646 5239 -728 6109 -2402 -4947
877 -3646 5234 -727 6107 -2406 -4947
878 -3644 5234 -729 6107 -2402 -4953
879 -3646 5231 -730 6110 -2403 -4948
880 -3644 5229 -728 6107 -2400 -4948
881 -3648 5235 -729 6111 -2404 -4946
882 -3641 5232 -724 6110 -2404 -4949
883 -3640 5236 -726 6111 -2399 -4950
884 -3642 5232 -730 6107 -2404 -4950
885 -3645 5234 -729 6110 -2403 -4946
886 -3646 5237 -726 6109 -2402 -4947
887 -3645 5232 -726 6108 -2402 -4949
888 -3645 5233 -729 6106 -2404 -4950
889 -3648 5232 -731 6108 -2405 -4952
890 -3647 5232 -732 6105 -2402 -4953
891 -3648 5237 -727 6105 -2403 -4949
892 -3646 5235 -727 6105 -2403 -4952
893 -3645 5231 -729 6105 -2404 -4952
894 -3644 5231 -729 6109 -2405 -4951
895 -3643 5232 -728 6106 -2404 -4949
896 -3646 5234 -726 6105 -2402 -4952
897 -3646 5233 -731 6105 -2404 -4949
898 -3642 5234 -730 6103 -2403 -4949
899 -3647 5231 -727 6105 -2406 -4948
900 -3645 5233 -729 6102 -2404 -4949
901 -3645 5232 -730 6105 -2405 -4954
902 -3645 5235 -729 6106 -2405 -4950
903 -3646 5230 -729 6107 -2404 -4952
904 -3648 5233 -730 6104 -2402 -4951
905 -3642 5231 -731 6102 -2405 -4952
906 -3646 5231 -732 6106 -2401 -4951
907 -3645 5231 -729 6104 -2404 -4951
908 -3644 5233 -731 6106 -2401 -4951
909 -3644 5232 -728 6105 -2404 -4949
910 -3646 5233 -730 6107 -2405 -4953
911 -3645 5232 -731 6105 -2400 -4954
912 -3643 5232 -730 6103 -2402 -4950
913 -3650 5232 -729 6104 -2400 -4951
914 -3644 5234 -729 6102 -2402 -4953
915 -3645 5231 -731 6101 -2404 -4952
916 -3646 5233 -729 6103 -2399 -4950
917 -3645 5234 -729 6104 -2400 -4953
918 -3648 5234 -730 6102 -2402 -4951
919 -3643 5233 -730 6105 -2402 -4949
920 -3641 5232 -730 6101 -2402 -4951
921 -3643 5233 -729 6102 -2402 -4950
922 -3647 5231 -729 6105 -2402 -4955
923 -3644 5236 -727 6104 -2402 -4951
924 -3641 5235 -729 6105 -2402 -4951
925 -3643 5234 -728 6104 -2402 -4954
926 -3645 5232 -730 6107 -2405 -4953
927 -3645 5233 -727 6104 -2405 -4953
928 -3647 5234 -729 6105 -2404 -4952
929 -3644 5233 -730 6100 -2405 -4954
930 -3642 5236 -730 6104 -2404 -4956
931 -3645 5234 -729 6102 -2402 -4952
932 -3643 5236 -727 6103 -2402 -4952
933 -3644 5232 -733 6101 -2403 -4955
934 -3645 5233 -731 6104 -2401 -4956
935 -3646 5234 -729 6104 -2404 -4955
936 -3645 5237 -729 6100 -2400 -4953
937 -3643 5239 -727 6105 -2400 -4954
938 -3642 5235 -731 6103 -2401 -4955
939 -3641 5234 -733 6101 -2401 -4951
940 -3643 5235 -730 6102 -2401 -4953
941 -3644 5234 -727 6100 -2399 -4955
942 -3646 5233 -732 6101 -2403 -4954
943 -3642 5236 -734 6102 -2403 -4953
944 -3644 5234 -729 6102 -2402 -4952
945 -3644 5236 -731 6101 -2399 -4952
946 -3644 5232 -730 6104 -2398 -4952
947 -3644 5232 -731 6105 -2401 -4954
948 -3643 5232 -730 6103 -2403 -4954
949 -3644 5235 -729 6102 -2402 -4954
950 -3641 5231 -729 6103 -2401 -4949
951 -3643 5229 -729 6101 -2400 -4950
952 -3640 5229 -728 6101 -2403 -4956
953 -3646 5232 -727 6101 -2402 -4953
954 -3643 5230 -728 6100 -2403 -4954
955 -3642 5232 -729 6099 -2404 -4952
956 -3643 5229 -732 6099 -2403 -4954
957 -3644 5234 -733 6097 -2401 -4954
958 -3639 5233 -733 6100 -2397 -4953
959 -3641 5235 -727 6098 -2399 -4951
960 -3643 5233 -730 6099 -2398 -4953
961 -3641 5232 -733 6099 -2401 -4951
962 -3640 5232 -729 6102 -2400 -4954
963 -3643 5234 -729 6099 -2400 -4951
964 -3642 5234 -729 6097 -2399 -4949
965 -3644 5233 -727 6100 -2400 -4951
966 -3638 5232 -726 6102 -2395 -4952
967 -3638 5230 -728 6100 -2400 -4954
968 -3642 5233 -725 6098 -2401 -4951
969 -3636 5233 -723 6099 -2401 -4953
970 -3637 5233 -729 6101 -2400 -4950
971 -3643 5231 -730 6099 -2399 -4950
972 -3645 5235 -727 6098 -2402 -4952
973 -3641 5230 -729 6097 -2402 -4951
974 -3641 5233 -729 6099 -2400 -4953
975 -3640 5227 -732 6099 -2400 -4954
976 -3641 5233 -729 6097 -2399 -4954
977 -3641 5236 -727 6099 -2397 -4951
978 -3638 5235 -727 6101 -2398 -4955
979 -3639 5234 -728 6101 -2399 -4950
980 -3636 5231 -728 6103 -2397 -4952
981 -3641 5235 -726 6099 -2395 -4951
982 -3637 5233 -729 6101 -2394 -4947
983 -3640 5231 -725 6096 -2400 -4954
984 -3641 5229 -727 6095 -2398 -4949
985 -3639 5232 -730 6098 -2398 -4952
986 -3640 5235 -728 6100 -2401 -4952
987 -3641 5232 -730 6096 -2398 -4948
988 -3640 5233 -728 6098 -2397 -4950
989 -3637 5233 -728 6099 -2396 -4950
990 -3639 5230 -728 6099 -2398 -4952
991 -3639 5231 -730 6098 -2397 -4950
992 -3638 5230 -730 6096 -2398 -4951
993 -3642 5233 -729 6099 -2396 -4951
994 -3639 5231 -732 6098 -2396 -4952
995 -3641 5230 -727 6099 -2396 -4951
996 -3641 5229 -728 6098 -2398 -4953
997 -3641 5230 -729 6097 -2397 -4952
998 -3640 5231 -731 6097 -2398 -4953
999 -3641 5234 -725 6097 -2398 -4951
