0 166 -1708 922 1404 -1018 615
1 167 -1711 923 1400 -1022 616
2 165 -1712 921 1402 -1019 616
3 165 -1710 918 1401 -1018 613
4 168 -1710 923 1402 -1017 616
5 164 -1709 920 1401 -1022 615
6 164 -1714 918 1398 -1020 612
7 164 -1713 921 1397 -1017 614
8 165 -1711 922 1399 -1017 613
9 166 -1712 922 1400 -1023 612
10 165 -1711 922 1396 -1018 613
11 168 -1712 923 1403 -1019 612
12 165 -1712 921 1402 -1020 615
13 162 -1713 919 1400 -1020 612
14 168 -1715 920 1401 -1018 614
15 166 -1713 920 1404 -1016 615
16 169 -1709 923 1403 -1019 617
17 166 -1709 923 1406 -1020 614
18 165 -1711 922 1399 -1020 614
19 165 -1712 921 1400 -1021 613
20 166 -1711 922 1404 -1020 613
21 166 -1710 920 1403 -1017 616
22 166 -1712 918 1402 -1016 618
23 168 -1709 922 1404 -1020 617
24 164 -1708 918 1404 -1018 613
25 168 -1711 922 1403 -1020 616
26 165 -1710 924 1403 -1017 615
27 166 -1708 922 1401 -1018 616
28 166 -1709 922 1403 -1017 616
29 167 -1708 922 1400 -1018 616
30 165 -1708 921 1398 -1021 613
31 167 -1711 923 1403 -1015 617
32 168 -1710 924 1404 -1018 619
33 165 -1711 923 1400 -1019 614
34 164 -1708 921 1400 -1019 614
35 164 -1711 923 1404 -1020 615
36 168 -1711 924 1399 -1020 612
37 165 -1715 917 1402 -1019 612
38 164 -1713 920 1402 -1017 615
39 164 -1710 922 1404 -1017 614
40 168 -1711 921 1405 -1016 615
41 169 -1710 923 1407 -1016 617
42 170 -1711 919 1406 -1016 614
43 169 -1711 921 1404 -1018 615
44 164 -1709 921 1404 -1016 616
45 166 -1713 921 1406 -1015 615
46 168 -1709 921 1402 -1017 615
47 168 -1710 922 1403 -1016 615
48 164 -1709 921 1405 -1016 618
49 163 -1710 922 1399 -1020 614
50 163 -1711 921 1400 -1017 612
51 167 -1709 923 1400 -1019 615
52 165 -1711 919 1404 -1021 614
53 166 -1713 919 1403 -1018 617
54 160 -1710 920 1406 -1019 615
55 164 -1712 919 1402 -1020 612
56 160 -1712 920 1398 -1018 612
57 164 -1709 920 1400 -1016 614
58 167 -1711 919 1403 -1025 612
59 165 -1713 921 1404 -1019 612
60 165 -1710 920 1399 -1021 614
61 168 -1714 918 1402 -1018 613
62 164 -1712 919 1403 -1019 611
63 165 -1713 919 1404 -1014 610
64 165 -1711 920 1401 -1018 613
65 165 -1716 919 1404 -1020 616
66 171 -1713 918 1402 -1018 612
67 167 -1712 922 1402 -1018 618
68 169 -1710 922 1406 -1020 618
69 166 -1708 921 1404 -1013 618
70 166 -1709 919 1400 -1018 615
71 167 -1714 921 1404 -1018 613
72 163 -1709 922 1401 -1016 613
73 168 -1711 920 1402 -1019 616
74 166 -1709 923 1402 -1020 614
75 169 -1712 922 1401 -1020 614
76 162 -1711 919 1402 -1017 616
77 165 -1712 921 1401 -1018 612
78 163 -1713 919 1402 -1022 612
79 163 -1716 921 1402 -1023 611
80 166 -1715 920 1403 -1022 611
81 166 -1713 920 1401 -1019 614
82 168 -1712 921 1402 -1018 614
83 164 -1710 920 1403 -1020 612
84 166 -1711 921 1401 -1016 614
85 167 -1712 918 1403 -1016 616
86 165 -1712 921 1403 -1018 614
87 167 -1708 921 1401 -1017 618
88 170 -1712 922 1402 -1018 617
89 166 -1710 924 1404 -1013 618
90 166 -1710 923 1403 -1018 616
91 166 -1709 923 1399 -1016 616
92 167 -1712 920 1400 -1019 616
93 166 -1711 921 1400 -1019 615
94 166 -1709 921 1402 -1019 616
95 167 -1710 923 1400 -1018 615
96 168 -1711 922 1402 -1020 615
97 170 -1711 922 1397 -1018 615
98 168 -1713 922 1401 -1020 615
99 167 -1710 922 1400 -1021 613
100 167 -1713 922 1399 -1022 615
101 165 -1713 919 1400 -1019 618
102 169 -1715 919 1401 -1021 613
103 165 -1713 922 1402 -1019 613
104 165 -1713 921 1403 -1021 614
105 167 -1713 921 1402 -1020 614
106 168 -1715 918 1402 -1020 616
107 165 -1714 920 1401 -1019 616
108 165 -1712 921 1399 -1018 613
109 168 -1714 920 1402 -1019 614
110 167 -1712 921 1400 -1017 617
111 168 -1712 921 1399 -1018 615
112 166 -1710 920 1402 -1016 615
113 168 -1711 923 1404 -1017 616
114 165 -1712 924 1399 -1019 613
115 167 -1711 922 1401 -1016 614
116 167 -1707 921 1401 -1020 612
117 166 -1711 923 1401 -1016 615
118 167 -1710 924 1400 -1016 617
119 168 -1709 924 1402 -1018 611
120 166 -1711 922 1401 -1016 616
121 167 -1712 920 1400 -1019 615
122 166 -1711 921 1400 -1019 612
123 165 -1714 920 1399 -1020 612
124 163 -1714 919 1402 -1024 614
125 168 -1713 922 1402 -1017 613
126 167 -1712 923 1402 -1019 615
127 168 -1711 924 1403 -1018 614
128 165 -1715 919 1402 -1019 615
129 168 -1711 922 1401 -1018 617
130 168 -1712 919 1400 -1017 615
131 168 -1712 920 1403 -1018 616
132 168 -1713 920 1401 -1021 613
133 167 -1711 921 1402 -1019 615
134 166 -1710 920 1401 -1016 615
135 164 -1710 923 1400 -1020 614
136 162 -1708 919 1398 -1018 611
137 168 -1712 919 1400 -1021 616
138 165 -1709 922 1401 -1018 617
139 165 -1707 919 1398 -1021 612
140 168 -1710 921 1399 -1017 614
141 165 -1709 920 1400 -1022 612
142 166 -1713 922 1401 -1016 616
143 166 -1708 919 1400 -1021 616
144 169 -1712 920 1402 -1020 613
145 165 -1710 921 1403 -1018 617
146 167 -1710 922 1401 -1019 614
147 167 -1709 921 1406 -1018 614
148 168 -1710 922 1406 -1018 614
149 168 -1713 921 1405 -1019 614
150 166 -1711 921 1405 -1018 615
151 169 -1709 922 1401 -1020 615
152 169 -1710 920 1400 -1018 615
153 169 -1711 924 1403 -1021 616
154 166 -1710 920 1399 -1018 614
155 165 -1709 920 1402 -1017 617
156 169 -1709 920 1402 -1018 615
157 167 -1711 920 1403 -1019 617
158 166 -1711 921 1400 -1017 619
159 165 -1710 923 1401 -1019 613
160 166 -1711 921 1400 -1018 614
161 166 -1708 922 1402 -1015 614
162 164 -1712 921 1402 -1018 613
163 163 -1709 920 1401 -1020 614
164 167 -1713 923 1400 -1021 614
165 164 -1712 922 1402 -1021 611
166 163 -1714 920 1400 -1020 615
167 162 -1716 918 1402 -1020 613
168 165 -1714 921 1399 -1020 614
169 167 -1713 920 1403 -1020 614
170 168 -1713 919 1400 -1017 613
171 168 -1710 922 1399 -1015 614
172 167 -1714 920 1403 -1016 613
173 163 -1713 923 1405 -1018 615
174 164 -1713 925 1402 -1015 614
175 165 -1711 920 1400 -1016 614
176 166 -1710 920 1400 -1017 617
177 163 -1711 923 1402 -1020 612
178 170 -1710 924 1400 -1019 614
179 165 -1712 920 1398 -1015 614
180 166 -1713 926 1398 -1018 616
181 164 -1709 921 1400 -1018 613
182 164 -1708 920 1400 -1021 611
183 163 -1710 924 1401 -1018 613
184 165 -1709 921 1399 -1021 614
185 166 -1709 923 1399 -1019 613
186 169 -1710 921 1404 -1022 615
187 164 -1715 923 1402 -1020 614
188 166 -1713 920 1398 -1022 613
189 165 -1713 921 1399 -1020 614
190 163 -1713 918 1405 -1020 612
191 166 -1713 920 1400 -1019 614
192 163 -1712 921 1401 -1017 616
193 166 -1710 920 1399 -1019 612
194 166 -1712 920 1403 -1019 614
195 169 -1712 923 1403 -1016 616
196 168 -1711 921 1405 -1016 616
197 168 -1710 923 1404 -1019 618
198 166 -1711 925 1401 -1016 617
199 168 -1711 919 1398 -1021 615
200 166 -1711 922 1399 -1016 617
201 166 -1711 920 1400 -1023 615
202 165 -1713 921 1399 -1016 615
203 163 -1711 922 1401 -1017 614
204 165 -1711 921 1400 -1019 613
205 166 -1713 921 1398 -1015 615
206 166 -1714 920 1400 -1021 615
207 166 -1709 923 1397 -1018 616
208 166 -1711 919 1400 -1018 617
209 167 -1711 919 1399 -1021 613
210 165 -1713 920 1403 -1019 614
211 169 -1712 922 1399 -1021 616
212 168 -1711 922 1399 -1020 615
213 164 -1713 920 1406 -1020 616
214 168 -1713 922 1404 -1018 614
215 165 -1711 920 1402 -1017 612
216 168 -1710 920 1400 -1021 613
217 164 -1713 921 1402 -1017 611
218 166 -1710 920 1400 -1017 616
219 164 -1711 921 1402 -1019 615
220 165 -1710 921 1400 -1022 614
221 165 -1712 921 1400 -1019 613
222 165 -1711 921 1398 -1022 618
223 166 -1710 920 1401 -1019 614
224 166 -1709 921 1398 -1019 612
225 165 -1712 921 1403 -1018 613
226 165 -1711 920 1401 -1022 611
227 165 -1712 922 1402 -1019 614
228 164 -1712 919 1400 -1015 614
229 166 -1711 924 1399 -1018 616
230 165 -1711 920 1400 -1021 613
231 162 -1716 918 1399 -1018 615
232 167 -1714 922 1402 -1020 617
233 166 -1710 921 1402 -1018 617
234 167 -1715 922 1404 -1019 613
235 166 -1711 920 1402 -1017 615
236 168 -1712 918 1405 -1017 615
237 167 -1714 921 1400 -1020 613
238 165 -1710 919 1403 -1018 613
239 170 -1710 921 1400 -1021 613
240 165 -1715 920 1400 -1018 613
241 169 -1711 923 1402 -1017 615
242 165 -1707 920 1400 -1018 614
243 168 -1712 921 1400 -1019 617
244 167 -1708 925 1403 -1019 615
245 166 -1709 920 1406 -1015 615
246 165 -1712 924 1396 -1021 614
247 166 -1709 922 1398 -1020 612
248 165 -1711 922 1399 -1023 612
249 164 -1708 921 1400 -1020 611
250 163 -1708 921 1398 -1021 611
251 164 -1710 921 1401 -1020 614
252 164 -1714 919 1400 -1022 611
253 164 -1711 922 1403 -1022 612
254 162 -1713 921 1402 -1020 611
255 168 -1710 921 1402 -1012 614
256 166 -1713 923 1402 -1020 616
257 169 -1713 921 1401 -1020 614
258 168 -1712 918 1400 -1018 617
259 172 -1709 923 1402 -1016 620
260 168 -1709 919 1400 -1021 610
261 166 -1712 922 1399 -1018 615
262 164 -1711 922 1399 -1021 615
263 168 -1712 921 1400 -1018 616
264 170 -1709 921 1399 -1017 613
265 166 -1708 923 1398 -1018 615
266 168 -1711 923 1399 -1018 615
267 166 -1711 921 1401 -1018 618
268 166 -1711 921 1397 -1019 614
269 166 -1714 924 1398 -1021 614
270 162 -1712 918 1398 -1018 615
271 164 -1714 919 1398 -1021 613
272 166 -1712 920 1400 -1020 615
273 164 -1713 921 1397 -1019 614
274 163 -1711 923 1398 -1021 614
275 166 -1711 921 1403 -1019 616
276 168 -1713 923 1403 -1019 616
277 167 -1713 921 1404 -1018 615
278 163 -1712 917 1406 -1020 614
279 168 -1714 918 1403 -1017 615
280 168 -1712 921 1402 -1020 614
281 170 -1711 920 1401 -1018 614
282 170 -1710 923 1404 -1017 618
283 168 -1712 922 1404 -1018 620
284 166 -1711 922 1400 -1017 615
285 165 -1711 916 1397 -1018 616
286 168 -1712 918 1402 -1018 614
287 167 -1713 923 1398 -1019 615
288 168 -1710 919 1400 -1018 614
289 166 -1708 922 1401 -1018 613
290 165 -1710 920 1398 -1017 612
291 163 -1708 922 1402 -1020 613
292 166 -1712 920 1401 -1019 617
293 165 -1707 922 1400 -1019 616
294 164 -1712 922 1399 -1020 613
295 161 -1713 918 1398 -1015 613
296 162 -1714 919 1403 -1020 614
297 160 -1713 919 1403 -1017 612
298 166 -1712 921 1402 -1019 617
299 167 -1712 920 1398 -1021 614
300 168 -1716 919 1402 -1024 617
301 166 -1712 920 1403 -1017 613
302 168 -1713 921 1400 -1018 617
303 165 -1712 919 1402 -1018 613
304 167 -1713 920 1402 -1021 612
305 169 -1708 921 1402 -1013 618
306 167 -1711 918 1403 -1020 614
307 165 -1709 922 1401 -1020 616
308 165 -1712 922 1399 -1019 613
309 164 -1709 926 1399 -1018 615
310 166 -1712 923 1398 -1019 615
311 167 -1710 922 1401 -1017 617
312 166 -1711 922 1400 -1017 616
313 166 -1708 922 1399 -1018 616
314 165 -1709 922 1403 -1019 612
315 167 -1711 919 1401 -1020 612
316 168 -1712 920 1401 -1021 613
317 166 -1712 922 1402 -1019 616
318 167 -1712 922 1400 -1019 613
319 165 -1713 922 1401 -1019 612
320 168 -1713 919 1403 -1019 615
321 168 -1711 921 1400 -1018 616
322 167 -1711 923 1401 -1020 615
323 165 -1713 920 1403 -1019 613
324 167 -1715 922 1404 -1018 612
325 167 -1714 920 1406 -1018 614
326 165 -1708 921 1402 -1015 611
327 167 -1710 924 1401 -1020 613
328 170 -1707 921 1402 -1016 615
329 166 -1711 922 1397 -1019 614
330 165 -1711 919 1399 -1019 613
331 164 -1710 924 1401 -1017 613
332 168 -1710 921 1400 -1020 615
333 165 -1712 922 1399 -1021 613
334 162 -1717 920 1400 -1017 616
335 168 -1710 921 1402 -1017 614
336 164 -1710 921 1402 -1020 615
337 167 -1713 920 1402 -1021 614
338 164 -1711 923 1399 -1022 612
339 164 -1711 920 1399 -1022 613
340 168 -1712 918 1402 -1015 618
341 167 -1712 922 1400 -1020 615
342 166 -1711 921 1402 -1020 611
343 169 -1714 919 1398 -1020 611
344 167 -1714 922 1404 -1017 616
345 165 -1712 919 1404 -1015 614
346 169 -1711 923 1402 -1016 615
347 166 -1712 920 1404 -1020 612
348 166 -1712 922 1400 -1018 615
349 165 -1710 917 1400 -1016 612
350 166 -1716 918 1400 -1019 615
351 161 -1714 919 1397 -1021 614
352 169 -1711 920 1400 -1020 613
353 163 -1709 920 1402 -1018 611
354 164 -1707 923 1400 -1014 617
355 162 -1710 925 1401 -1015 614
356 164 -1712 919 1400 -1019 615
357 163 -1710 922 1397 -1020 610
358 165 -1713 922 1401 -1019 615
359 165 -1709 922 1401 -1021 610
360 165 -1710 921 1400 -1020 614
361 167 -1712 922 1400 -1021 613
362 165 -1714 922 1403 -1020 615
363 168 -1714 923 1403 -1018 613
364 166 -1712 921 1402 -1018 614
365 169 -1713 922 1404 -1019 615
366 166 -1711 922 1403 -1019 613
367 165 -1712 919 1403 -1018 615
368 165 -1713 921 1402 -1017 615
369 169 -1714 920 1402 -1020 615
370 166 -1711 922 1403 -1020 613
371 169 -1709 922 1399 -1017 612
372 166 -1710 922 1398 -1014 616
373 167 -1712 921 1400 -1018 614
374 168 -1712 921 1400 -1020 615
375 164 -1713 924 1402 -1020 615
376 163 -1711 919 1401 -1018 613
377 162 -1709 919 1400 -1020 614
378 167 -1710 921 1399 -1019 617
379 164 -1712 917 1399 -1020 613
380 165 -1713 921 1399 -1024 613
381 166 -1713 918 1402 -1019 612
382 164 -1713 921 1400 -1020 614
383 166 -1713 921 1401 -1021 613
384 164 -1713 920 1400 -1018 614
385 165 -1711 920 1400 -1017 612
386 165 -1712 922 1397 -1019 616
387 165 -1715 916 1400 -1021 613
388 163 -1713 919 1401 -1021 613
389 167 -1711 920 1402 -1016 615
390 163 -1713 920 1399 -1014 614
391 170 -1712 922 1403 -1015 618
392 170 -1713 919 1405 -1018 618
393 168 -1709 923 1400 -1018 614
394 167 -1711 922 1400 -1018 616
395 164 -1709 923 1400 -1016 615
396 167 -1712 921 1402 -1018 613
397 167 -1711 921 1402 -1016 615
398 165 -1706 923 1397 -1018 614
399 165 -1713 918 1398 -1021 612
400 164 -1711 918 1399 -1020 613
401 161 -1712 919 1396 -1020 615
402 163 -1714 920 1398 -1020 613
403 167 -1712 921 1399 -1020 612
404 166 -1711 921 1402 -1019 616
405 165 -1713 921 1401 -1018 618
406 167 -1710 921 1398 -1022 614
407 167 -1712 918 1401 -1020 611
408 166 -1714 917 1399 -1019 615
409 167 -1714 923 1403 -1018 614
410 165 -1711 924 1400 -1022 613
411 166 -1710 922 1401 -1022 613
412 168 -1709 922 1400 -1019 616
413 167 -1710 920 1402 -1021 614
414 167 -1709 920 1405 -1022 614
415 167 -1710 923 1404 -1020 614
416 166 -1711 920 1401 -1019 613
417 168 -1710 923 1399 -1016 614
418 167 -1707 923 1397 -1019 615
419 167 -1710 920 1398 -1020 615
420 163 -1710 923 1398 -1018 619
421 166 -1710 922 1398 -1018 610
422 163 -1714 917 1400 -1017 615
423 166 -1709 922 1401 -1022 613
424 165 -1710 921 1399 -1022 613
425 163 -1711 922 1402 -1017 612
426 165 -1709 922 1398 -1020 614
427 168 -1710 921 1400 -1022 613
428 171 -1712 920 1400 -1020 616
429 167 -1712 920 1401 -1018 615
430 166 -1711 922 1403 -1018 614
431 168 -1711 921 1403 -1017 616
432 165 -1713 925 1399 -1021 614
433 167 -1711 920 1401 -1018 614
434 167 -1711 921 1402 -1019 612
435 167 -1710 921 1403 -1015 619
436 169 -1710 923 1404 -1019 615
437 167 -1713 922 1402 -1018 615
438 165 -1711 922 1403 -1017 613
439 166 -1711 922 1400 -1018 614
440 164 -1709 919 1401 -1018 615
441 166 -1711 922 1398 -1018 614
442 163 -1713 922 1396 -1023 610
443 161 -1709 920 1399 -1022 615
444 162 -1713 923 1399 -1019 612
445 164 -1711 925 1400 -1020 614
446 169 -1709 921 1401 -1022 610
447 168 -1711 923 1401 -1019 614
448 164 -1713 919 1399 -1018 614
449 168 -1708 922 1400 -1021 617
450 168 -1713 922 1401 -1019 617
451 168 -1712 919 1403 -1017 614
452 166 -1712 920 1400 -1019 612
453 166 -1708 922 1404 -1019 615
454 169 -1711 921 1400 -1019 614
455 167 -1711 919 1400 -1019 617
456 165 -1714 920 1402 -1016 613
457 169 -1708 922 1399 -1014 615
458 165 -1713 922 1402 -1019 619
459 166 -1711 920 1399 -1021 617
460 166 -1709 919 1400 -1019 617
461 165 -1710 920 1400 -1019 612
462 168 -1711 919 1400 -1019 615
463 166 -1713 921 1401 -1020 612
464 165 -1713 920 1400 -1019 613
465 166 -1712 918 1399 -1020 614
466 167 -1710 921 1398 -1021 612
467 164 -1710 921 1403 -1021 612
468 165 -1713 921 1403 -1020 613
469 166 -1709 922 1402 -1017 616
470 164 -1711 920 1405 -1019 613
471 163 -1713 921 1403 -1019 611
472 165 -1714 920 1401 -1022 615
473 166 -1713 920 1404 -1020 622
474 171 -1713 922 1401 -1017 614
475 166 -1712 920 1403 -1015 615
476 167 -1714 923 1401 -1018 616
477 171 -1710 922 1405 -1017 615
478 169 -1709 921 1403 -1019 615
479 166 -1709 925 1402 -1016 615
480 165 -1710 924 1400 -1020 613
481 165 -1710 919 1405 -1019 615
482 168 -1708 923 1404 -1019 620
483 166 -1708 922 1400 -1019 611
484 165 -1710 922 1400 -1015 615
485 166 -1709 927 1400 -1018 614
486 166 -1710 921 1400 -1018 615
487 165 -1710 921 1403 -1016 615
488 163 -1710 921 1401 -1019 616
489 167 -1712 922 1401 -1021 613
490 166 -1709 922 1403 -1020 613
491 164 -1711 922 1400 -1021 613
492 165 -1712 916 1404 -1020 612
493 165 -1714 919 1400 -1018 614
494 168 -1715 920 1402 -1017 617
495 169 -1711 921 1405 -1018 615
496 167 -1712 922 1404 -1019 611
497 166 -1710 918 1402 -1018 617
498 165 -1713 920 1405 -1020 613
499 169 -1709 924 1404 -1022 612
500 167 -1713 921 1408 -1017 617
501 167 -1712 922 1402 -1019 613
502 167 -1709 920 1401 -1016 617
503 171 -1708 923 1403 -1018 614
504 168 -1709 920 1403 -1020 611
505 165 -1711 924 1399 -1020 613
506 165 -1712 920 1402 -1016 615
507 166 -1711 924 1398 -1018 613
508 166 -1708 918 1397 -1021 613
509 164 -1712 921 1400 -1018 617
510 165 -1711 924 1403 -1019 613
511 164 -1712 920 1401 -1016 615
512 166 -1713 921 1403 -1016 614
513 167 -1711 921 1402 -1022 616
514 165 -1712 920 1401 -1017 613
515 163 -1713 919 1403 -1021 612
516 165 -1712 921 1400 -1021 613
517 167 -1713 918 1404 -1018 613
518 168 -1712 921 1408 -1020 615
519 167 -1709 921 1400 -1017 617
520 170 -1711 921 1403 -1018 618
521 167 -1711 921 1403 -1015 615
522 165 -1708 921 1399 -1020 615
523 166 -1712 918 1402 -1016 614
524 168 -1710 919 1402 -1018 616
525 166 -1710 924 1401 -1018 617
526 167 -1711 920 1404 -1018 611
527 166 -1709 920 1403 -1017 618
528 166 -1709 922 1404 -1015 614
529 165 -1711 922 1400 -1020 615
530 165 -1711 921 1400 -1018 613
531 169 -1710 922 1399 -1022 614
532 168 -1713 922 1401 -1020 613
533 167 -1709 922 1402 -1017 616
534 169 -1711 926 1404 -1016 616
535 168 -1712 923 1405 -1020 616
536 167 -1711 923 1400 -1018 614
537 167 -1711 921 1402 -1017 618
538 169 -1713 924 1401 -1018 615
539 170 -1711 921 1403 -1017 614
540 168 -1715 924 1401 -1019 618
541 168 -1712 918 1402 -1016 615
542 171 -1710 919 1399 -1018 617
543 169 -1709 921 1402 -1017 614
544 167 -1710 921 1404 -1021 617
545 167 -1709 921 1403 -1018 616
546 169 -1706 923 1397 -1017 616
547 167 -1707 923 1404 -1016 617
548 167 -1710 923 1401 -1020 613
549 167 -1709 921 1400 -1018 617
550 163 -1711 923 1402 -1018 616
551 166 -1707 922 1401 -1017 616
552 164 -1711 923 1399 -1018 617
553 166 -1711 924 1398 -1023 614
554 168 -1708 923 1400 -1021 616
555 170 -1713 922 1403 -1019 613
556 164 -1709 922 1398 -1020 613
557 167 -1711 919 1404 -1023 617
558 171 -1709 923 1401 -1024 616
559 168 -1713 921 1400 -1019 613
560 167 -1712 921 1402 -1018 617
561 167 -1709 922 1402 -1014 613
562 170 -1710 921 1408 -1019 613
563 171 -1709 920 1403 -1015 617
564 169 -1712 924 1402 -1015 615
565 168 -1712 925 1401 -1015 618
566 168 -1711 918 1404 -1017 616
567 169 -1708 925 1405 -1018 617
568 167 -1708 925 1402 -1015 614
569 165 -1710 922 1402 -1017 615
570 166 -1708 923 1401 -1022 612
571 166 -1712 923 1401 -1019 616
572 166 -1712 923 1401 -1018 613
573 166 -1710 922 1400 -1017 615
574 166 -1710 923 1402 -1017 618
575 166 -1712 921 1401 -1018 617
576 167 -1712 923 1401 -1019 615
577 168 -1711 919 1403 -1018 616
578 163 -1710 923 1404 -1019 614
579 167 -1711 924 1400 -1022 615
580 170 -1712 923 1402 -1018 615
581 166 -1714 920 1402 -1023 614
582 168 -1715 921 1403 -1015 615
583 166 -1709 922 1402 -1016 614
584 173 -1711 922 1405 -1019 616
585 170 -1713 923 1402 -1020 615
586 165 -1710 921 1403 -1020 619
587 169 -1711 923 1403 -1016 615
588 167 -1712 919 1403 -1019 614
589 169 -1711 920 1401 -1015 616
590 169 -1710 920 1406 -1015 614
591 165 -1709 919 1402 -1016 614
592 165 -1709 923 1398 -1017 615
593 164 -1711 921 1404 -1020 615
594 168 -1712 920 1398 -1020 616
595 164 -1707 921 1402 -1018 617
596 166 -1709 921 1400 -1015 613
597 168 -1709 920 1404 -1020 612
598 166 -1714 924 1399 -1021 611
599 166 -1709 921 1402 -1017 614
600 168 -1710 921 1404 -1016 612
601 169 -1710 922 1402 -1021 615
602 167 -1712 919 1403 -1019 616
603 168 -1714 920 1406 -1015 614
604 165 -1712 922 1404 -1020 615
605 167 -1711 924 1404 -1017 614
606 166 -1713 922 1406 -1020 613
607 165 -1712 921 1402 -1020 616
608 165 -1710 921 1407 -1019 616
609 165 -1710 920 1404 -1017 613
610 166 -1710 922 1405 -1014 617
611 173 -1709 924 1403 -1017 615
612 167 -1707 922 1403 -1017 617
613 166 -1708 922 1400 -1017 615
614 162 -1712 920 1400 -1015 614
615 165 -1710 926 1402 -1015 614
616 163 -1709 924 1401 -1017 614
617 169 -1710 923 1401 -1017 615
618 167 -1709 922 1403 -1016 616
619 166 -1711 922 1399 -1019 615
620 166 -1709 922 1404 -1020 616
621 169 -1711 921 1401 -1018 616
622 166 -1713 922 1400 -1017 616
623 167 -1711 924 1401 -1017 615
624 168 -1710 920 1402 -1020 615
625 167 -1709 921 1403 -1017 614
626 170 -1710 923 1403 -1015 615
627 169 -1707 923 1404 -1016 612
628 166 -1712 922 1401 -1019 614
629 170 -1714 922 1402 -1021 616
630 168 -1707 920 1402 -1017 615
631 168 -1712 923 1401 -1017 616
632 171 -1709 922 1404 -1017 618
633 168 -1708 920 1403 -1019 614
634 166 -1708 921 1402 -1017 619
635 164 -1710 921 1400 -1013 613
636 164 -1709 922 1401 -1018 615
637 168 -1710 921 1400 -1018 614
638 166 -1710 924 1398 -1020 616
639 168 -1712 920 1398 -1020 614
640 164 -1710 922 1401 -1018 616
641 167 -1710 919 1403 -1019 616
642 170 -1711 921 1403 -1017 613
643 167 -1714 924 1402 -1018 613
644 167 -1709 921 1399 -1017 613
645 166 -1712 923 1404 -1020 615
646 171 -1710 922 1404 -1016 615
647 174 -1713 922 1403 -1016 617
648 169 -1714 920 1402 -1017 613
649 169 -1712 924 1404 -1016 617
650 170 -1708 924 1406 -1015 615
651 171 -1709 926 1404 -1017 617
652 171 -1708 922 1402 -1017 617
653 169 -1712 923 1400 -1016 616
654 170 -1711 924 1401 -1017 615
655 169 -1708 924 1400 -1017 617
656 168 -1710 921 1400 -1017 617
657 166 -1711 922 1401 -1015 616
658 168 -1709 924 1400 -1020 619
659 169 -1708 925 1398 -1017 619
660 164 -1710 919 1397 -1017 616
661 164 -1708 921 1398 -1016 616
662 162 -1712 921 1400 -1016 613
663 170 -1711 924 1400 -1019 613
664 168 -1713 924 1404 -1019 616
665 168 -1712 925 1405 -1018 615
666 166 -1713 922 1404 -1016 616
667 165 -1711 922 1399 -1017 615
668 168 -1711 924 1401 -1020 614
669 171 -1711 920 1402 -1018 616
670 170 -1709 920 1403 -1016 615
671 168 -1707 924 1402 -1019 617
672 168 -1711 922 1403 -1018 616
673 170 -1707 925 1404 -1017 617
674 167 -1707 923 1397 -1013 614
675 168 -1709 924 1405 -1016 619
676 170 -1709 927 1402 -1016 616
677 171 -1707 927 1400 -1019 614
678 165 -1710 922 1403 -1017 613
679 166 -1710 920 1400 -1017 615
680 164 -1707 921 1401 -1016 614
681 164 -1710 923 1400 -1019 613
682 164 -1712 923 1401 -1018 614
683 166 -1709 922 1400 -1017 617
684 164 -1712 924 1400 -1022 616
685 168 -1709 921 1399 -1022 611
686 170 -1710 921 1403 -1019 615
687 165 -1711 920 1398 -1018 612
688 165 -1710 921 1400 -1019 617
689 172 -1711 920 1399 -1017 617
690 168 -1710 922 1400 -1019 613
691 168 -1711 923 1399 -1019 615
692 169 -1710 922 1402 -1013 614
693 165 -1711 922 1401 -1019 612
694 168 -1713 922 1403 -1017 614
695 169 -1707 925 1400 -1019 615
696 164 -1705 922 1402 -1014 614
697 169 -1706 924 1402 -1019 618
698 167 -1709 923 1399 -1020 611
699 170 -1710 920 1400 -1016 616
700 164 -1708 922 1401 -1015 617
701 165 -1709 923 1400 -1016 616
702 167 -1712 925 1403 -1020 616
703 167 -1710 925 1403 -1019 618
704 168 -1706 923 1401 -1019 614
705 168 -1711 921 1402 -1017 614
706 168 -1709 922 1406 -1018 615
707 166 -1712 924 1397 -1021 617
708 165 -1712 923 1404 -1016 616
709 168 -1710 923 1396 -1019 613
710 165 -1712 921 1399 -1018 615
711 169 -1711 924 1401 -1017 613
712 169 -1711 919 1398 -1018 620
713 165 -1714 920 1401 -1016 613
714 169 -1712 922 1403 -1016 614
715 168 -1710 923 1403 -1019 616
716 171 -1705 924 1405 -1016 616
717 168 -1710 925 1404 -1016 618
718 168 -1709 920 1402 -1014 615
719 168 -1708 921 1402 -1017 615
720 169 -1709 925 1405 -1020 618
721 163 -1713 922 1397 -1018 613
722 166 -1709 922 1403 -1014 616
723 166 -1708 922 1400 -1017 615
724 166 -1708 921 1405 -1019 616
725 167 -1710 922 1403 -1019 615
726 166 -1710 920 1400 -1017 612
727 166 -1712 925 1402 -1016 617
728 167 -1709 922 1402 -1018 616
729 166 -1709 923 1405 -1016 616
730 168 -1710 924 1400 -1016 613
731 165 -1710 922 1406 -1018 618
732 168 -1710 924 1404 -1017 617
733 167 -1710 926 1402 -1015 615
734 168 -1713 921 1401 -1018 614
735 168 -1712 925 1400 -1019 616
736 173 -1711 922 1402 -1019 615
737 168 -1709 923 1405 -1019 618
738 168 -1708 923 1403 -1016 618
739 170 -1709 924 1402 -1016 617
740 169 -1712 923 1402 -1015 617
741 167 -1709 922 1403 -1017 619
742 164 -1709 923 1402 -1014 615
743 167 -1712 923 1402 -1015 614
744 170 -1707 924 1400 -1017 615
745 164 -1711 921 1401 -1019 616
746 167 -1711 922 1398 -1017 615
747 166 -1709 921 1399 -1016 614
748 169 -1710 922 1401 -1020 616
749 168 -1710 922 1400 -1019 615
750 164 -1710 926 1400 -1019 614
751 166 -1711 922 1398 -1020 614
752 165 -1716 920 1404 -1018 615
753 168 -1713 922 1402 -1021 612
754 164 -1713 922 1400 -1016 618
755 169 -1713 921 1400 -1018 611
756 168 -1708 920 1403 -1017 615
757 170 -1710 921 1403 -1016 613
758 169 -1709 923 1401 -1019 615
759 168 -1712 920 1402 -1017 617
760 166 -1711 921 1399 -1019 615
761 168 -1713 922 1401 -1015 617
762 170 -1707 924 1401 -1014 618
763 171 -1711 924 1401 -1017 616
764 166 -1712 922 1402 -1018 616
765 169 -1710 924 1402 -1020 613
766 166 -1708 922 1397 -1018 615
767 166 -1709 923 1401 -1019 610
768 164 -1709 923 1397 -1022 613
769 164 -1711 924 1400 -1018 615
770 165 -1711 918 1401 -1019 615
771 165 -1710 921 1400 -1020 611
772 164 -1713 919 1403 -1021 611
773 164 -1713 919 1402 -1018 611
774 165 -1713 921 1401 -1019 613
775 170 -1713 920 1402 -1016 615
776 167 -1710 918 1402 -1018 611
777 168 -1710 920 1404 -1021 615
778 166 -1711 921 1401 -1018 614
779 163 -1712 920 1405 -1018 615
780 168 -1710 923 1403 -1016 617
781 171 -1710 920 1404 -1021 615
782 171 -1712 919 1401 -1015 619
783 168 -1712 921 1401 -1015 616
784 166 -1710 923 1399 -1019 617
785 171 -1711 922 1404 -1018 618
786 168 -1707 923 1400 -1019 615
787 170 -1712 922 1402 -1020 612
788 167 -1711 922 1396 -1019 611
789 166 -1711 920 1399 -1020 616
790 166 -1709 922 1400 -1018 613
791 164 -1712 923 1402 -1019 614
792 165 -1710 924 1399 -1019 614
793 168 -1713 920 1401 -1021 618
794 166 -1715 925 1397 -1021 613
795 168 -1709 922 1404 -1019 614
796 169 -1710 923 1401 -1018 616
797 169 -1707 923 1399 -1020 613
798 168 -1714 920 1401 -1020 615
799 167 -1711 920 1401 -1020 614
800 172 -1710 922 1402 -1016 617
801 169 -1710 923 1402 -1017 615
802 168 -1708 921 1404 -1016 617
803 168 -1712 921 1405 -1017 613
804 170 -1712 922 1402 -1018 618
805 170 -1711 922 1401 -1016 616
806 169 -1709 923 1403 -1016 615
807 168 -1709 922 1403 -1016 619
808 170 -1710 925 1402 -1015 616
809 166 -1706 924 1402 -1017 615
810 166 -1707 922 1402 -1015 617
811 169 -1711 922 1400 -1018 619
812 166 -1711 921 1402 -1017 617
813 168 -1709 923 1399 -1020 615
814 166 -1709 920 1402 -1020 616
815 170 -1712 925 1402 -1017 615
816 166 -1710 922 1400 -1019 618
817 167 -1713 921 1400 -1015 615
818 168 -1711 921 1401 -1018 613
819 166 -1713 918 1403 -1016 614
820 169 -1710 924 1403 -1018 612
821 169 -1712 921 1401 -1017 617
822 171 -1713 921 1400 -1018 613
823 168 -1712 920 1401 -1016 617
824 169 -1709 923 1406 -1017 616
825 168 -1710 924 1402 -1017 613
826 168 -1710 923 1400 -1017 616
827 168 -1709 922 1403 -1015 617
828 169 -1708 924 1403 -1017 615
829 168 -1709 927 1400 -1016 615
830 167 -1711 925 1401 -1016 616
831 166 -1706 923 1401 -1018 610
832 164 -1708 924 1401 -1018 614
833 164 -1711 923 1397 -1018 613
834 165 -1710 924 1401 -1016 617
835 167 -1711 923 1402 -1020 614
836 166 -1708 922 1399 -1017 616
837 166 -1711 922 1402 -1017 613
838 167 -1710 923 1398 -1018 618
839 167 -1711 922 1402 -1015 613
840 169 -1709 923 1402 -1019 615
841 167 -1713 922 1404 -1017 614
842 173 -1712 923 1402 -1018 616
843 170 -1708 921 1402 -1017 615
844 167 -1711 921 1405 -1019 615
845 168 -1710 921 1408 -1017 616
846 169 -1710 925 1402 -1017 615
847 168 -1707 926 1404 -1017 614
848 169 -1713 925 1403 -1018 613
849 166 -1708 922 1404 -1018 615
850 169 -1709 926 1399 -1019 618
851 167 -1710 921 1405 -1015 617
852 170 -1707 921 1402 -1014 618
853 169 -1708 924 1401 -1017 619
854 166 -1710 922 1403 -1016 618
855 166 -1709 925 1400 -1017 618
856 163 -1711 926 1401 -1018 615
857 167 -1707 924 1406 -1016 616
858 165 -1709 921 1402 -1020 618
859 169 -1711 923 1403 -1015 618
860 168 -1707 922 1402 -1020 616
861 166 -1712 924 1401 -1015 616
862 168 -1711 924 1401 -1014 618
863 167 -1712 923 1402 -1013 618
864 166 -1709 922 1406 -1018 618
865 168 -1710 923 1404 -1015 615
866 170 -1710 921 1404 -1019 616
867 167 -1711 922 1402 -1014 616
868 169 -1708 923 1406 -1017 618
869 169 -1709 923 1405 -1016 617
870 170 -1709 924 1405 -1016 617
871 169 -1709 925 1402 -1016 617
872 168 -1707 927 1400 -1018 616
873 167 -1709 923 1402 -1015 618
874 169 -1709 926 1406 -1017 618
875 166 -1705 925 1402 -1016 615
876 168 -1710 924 1402 -1015 616
877 167 -1708 922 1402 -1016 616
878 168 -1703 925 1399 -1016 615
879 168 -1709 923 1400 -1017 616
880 168 -1713 923 1403 -1018 613
881 168 -1710 921 1397 -1019 617
882 168 -1709 922 1405 -1015 617
883 170 -1708 922 1401 -1015 618
884 170 -1710 921 1401 -1018 614
885 165 -1711 924 1401 -1016 616
886 168 -1710 921 1403 -1015 614
887 170 -1710 922 1407 -1014 620
888 170 -1707 924 1401 -1020 616
889 167 -1709 920 1401 -1019 616
890 169 -1710 922 1402 -1016 615
891 171 -1707 924 1401 -1015 616
892 168 -1709 924 1403 -1018 615
893 164 -1711 923 1402 -1016 615
894 167 -1709 923 1398 -1015 616
895 170 -1708 923 1398 -1015 616
896 166 -1707 924 1402 -1016 613
897 166 -1707 921 1399 -1014 618
898 168 -1710 925 1400 -1016 615
899 167 -1708 923 1400 -1016 614
900 167 -1710 922 1400 -1015 617
901 168 -1709 926 1405 -1017 614
902 167 -1708 925 1398 -1019 617
903 166 -1709 923 1399 -1017 616
904 168 -1711 925 1403 -1020 616
905 167 -1710 922 1403 -1020 613
906 164 -1715 922 1402 -1019 616
907 168 -1713 919 1400 -1015 616
908 170 -1708 924 1404 -1018 614
909 168 -1708 923 1407 -1018 617
910 167 -1710 925 1402 -1021 614
911 169 -1710 923 1405 -1018 618
912 170 -1708 924 1404 -1014 619
913 168 -1707 921 1403 -1014 616
914 170 -1710 922 1403 -1018 617
915 169 -1709 925 1403 -1016 618
916 167 -1710 924 1401 -1015 619
917 166 -1711 922 1401 -1018 616
918 165 -1709 923 1398 -1021 616
919 166 -1709 921 1400 -1017 616
920 168 -1709 926 1400 -1015 615
921 168 -1710 926 1399 -1016 615
922 168 -1712 926 1401 -1019 616
923 165 -1707 922 1403 -1017 615
924 166 -1710 924 1400 -1018 617
925 167 -1709 922 1402 -1016 615
926 168 -1708 924 1403 -1016 617
927 164 -1712 923 1401 -1017 616
928 168 -1710 924 1401 -1021 614
929 168 -1713 923 1404 -1013 616
930 168 -1711 921 1403 -1018 617
931 169 -1715 922 1404 -1016 614
932 168 -1707 922 1404 -1016 615
933 169 -1708 922 1404 -1016 617
934 166 -1710 924 1403 -1014 618
935 170 -1709 924 1404 -1016 618
936 171 -1705 922 1400 -1016 620
937 165 -1709 921 1398 -1018 618
938 166 -1710 923 1401 -1017 617
939 165 -1710 923 1399 -1018 615
940 167 -1710 922 1401 -1017 613
941 162 -1708 924 1401 -1016 619
942 166 -1707 927 1399 -1018 618
943 170 -1708 926 1402 -1015 616
944 169 -1707 925 1403 -1018 616
945 168 -1707 923 1404 -1016 617
946 168 -1710 923 1399 -1016 617
947 168 -1709 925 1404 -1015 615
948 169 -1712 926 1402 -1018 616
949 166 -1709 923 1405 -1019 615
950 168 -1708 921 1404 -1016 616
951 170 -1708 923 1404 -1020 616
952 172 -1710 924 1401 -1013 618
953 167 -1711 924 1402 -1016 615
954 172 -1710 926 1406 -1018 619
955 168 -1707 922 1402 -1017 618
956 169 -1709 924 1400 -1017 615
957 170 -1706 924 1405 -1017 619
958 173 -1704 924 1403 -1016 618
959 170 -1709 926 1403 -1017 617
960 168 -1709 924 1403 -1015 618
961 170 -1708 925 1402 -1016 619
962 168 -1709 922 1400 -1017 617
963 166 -1708 924 1403 -1017 614
964 166 -1709 922 1403 -1016 617
965 169 -1709 923 1401 -1018 615
966 168 -1710 925 1402 -1016 616
967 165 -1708 925 1401 -1016 616
968 168 -1711 923 1400 -1020 615
969 172 -1707 922 1402 -1017 619
970 169 -1711 926 1404 -1017 615
971 171 -1709 924 1402 -1018 618
972 170 -1709 923 1402 -1018 615
973 169 -1712 921 1404 -1019 614
974 167 -1712 921 1403 -1015 615
975 171 -1711 924 1404 -1017 618
976 170 -1710 921 1401 -1018 614
977 166 -1708 922 1407 -1017 615
978 171 -1708 923 1400 -1013 617
979 168 -1704 920 1406 -1013 617
980 166 -1706 928 1399 -1021 615
981 168 -1708 920 1402 -1017 613
982 168 -1707 918 1404 -1016 616
983 165 -1710 925 1400 -1017 616
984 166 -1711 922 1402 -1021 614
985 167 -1708 924 1403 -1018 613
986 165 -1709 921 1402 -1017 616
987 164 -1708 920 1401 -1016 614
988 167 -1711 921 1403 -1020 615
989 165 -1710 923 1404 -1017 614
990 166 -1708 922 1401 -1018 613
991 169 -1712 920 1402 -1018 616
992 167 -1711 921 1402 -1020 614
993 166 -1713 920 1400 -1017 616
994 165 -1713 920 1404 -1020 613
995 169 -1711 922 1406 -1018 617
996 169 -1709 920 1403 -1018 618
997 164 -1710 920 1401 -1017 617
998 166 -1708 923 1401 -1016 615
999 168 -1709 923 1404 -1015 614
0 5326 -1601 985 4318 2758 573
1 5325 -1603 985 4321 2755 569
2 5329 -1602 987 4321 2755 569
3 5325 -1602 984 4318 2754 570
4 5328 -1603 986 4321 2757 574
5 5329 -1601 984 4321 2757 574
6 5325 -1601 985 4321 2757 573
7 5327 -1601 988 4318 2756 571
8 5326 -1600 986 4321 2758 574
9 5325 -1601 985 4320 2758 571
10 5327 -1600 986 4318 2759 574
11 5329 -1599 988 4321 2759 573
12 5325 -1599 986 4320 2757 572
13 5326 -1599 986 4320 2757 569
14 5325 -1602 987 4318 2759 573
15 5327 -1600 987 4321 2760 572
16 5324 -1601 989 4321 2759 572
17 5326 -1600 984 4320 2762 572
18 5325 -1602 985 4321 2757 569
19 5327 -1603 984 4324 2761 572
20 5326 -1599 984 4323 2758 573
21 5326 -1600 988 4324 2761 571
22 5325 -1600 987 4323 2759 571
23 5328 -1603 986 4321 2759 570
24 5326 -1602 985 4324 2762 573
25 5323 -1601 987 4325 2761 571
26 5324 -1601 985 4320 2758 568
27 5326 -1602 986 4322 2759 571
28 5323 -1602 985 4328 2756 571
29 5326 -1600 985 4321 2759 571
30 5322 -1598 984 4322 2763 571
31 5322 -1603 986 4322 2763 574
32 5325 -1601 988 4321 2762 570
33 5321 -1601 986 4325 2761 573
34 5322 -1597 986 4319 2763 573
35 5321 -1597 988 4320 2759 570
36 5321 -1600 986 4320 2758 571
37 5323 -1602 985 4320 2757 571
38 5317 -1601 987 4321 2759 569
39 5319 -1603 985 4317 2755 571
40 5315 -1601 984 4321 2758 569
41 5320 -1603 987 4318 2758 567
42 5319 -1600 986 4322 2759 569
43 5320 -1603 986 4326 2758 571
44 5316 -1604 988 4323 2757 569
45 5322 -1604 984 4321 2760 571
46 5321 -1603 987 4322 2761 574
47 5319 -1605 986 4322 2759 572
48 5320 -1600 986 4325 2762 571
49 5320 -1604 984 4320 2759 570
50 5321 -1600 984 4321 2761 570
51 5324 -1600 984 4319 2761 570
52 5318 -1600 982 4322 2761 568
53 5318 -1601 986 4322 2764 573
54 5316 -1602 988 4323 2761 569
55 5316 -1604 985 4322 2761 569
56 5313 -1601 986 4322 2762 570
57 5318 -1603 986 4320 2761 572
58 5315 -1599 985 4317 2762 570
59 5315 -1600 986 4319 2758 570
60 5316 -1605 986 4322 2760 570
61 5313 -1599 986 4322 2759 571
62 5315 -1601 988 4322 2760 571
63 5314 -1602 984 4323 2762 571
64 5316 -1599 986 4328 2760 574
65 5317 -1602 991 4323 2761 573
66 5319 -1603 987 4325 2764 569
67 5319 -1602 986 4325 2765 569
68 5319 -1605 985 4325 2764 569
69 5322 -1601 987 4325 2764 570
70 5324 -1601 984 4329 2764 566
71 5324 -1602 985 4329 2766 571
72 5325 -1603 985 4326 2767 569
73 5322 -1603 986 4331 2767 569
74 5322 -1600 987 4327 2765 567
75 5321 -1604 984 4331 2768 567
76 5320 -1601 985 4328 2765 571
77 5321 -1598 986 4325 2766 569
78 5322 -1600 985 4329 2765 571
79 5322 -1600 988 4328 2764 570
80 5319 -1600 983 4326 2765 568
81 5320 -1601 986 4327 2765 571
82 5320 -1601 988 4329 2766 568
83 5319 -1597 987 4326 2762 566
84 5316 -1600 986 4327 2765 571
85 5317 -1601 986 4329 2763 569
86 5316 -1604 985 4329 2762 572
87 5316 -1602 985 4328 2760 571
88 5316 -1601 985 4330 2764 572
89 5317 -1603 986 4329 2761 568
90 5316 -1603 988 4328 2761 570
91 5317 -1603 985 4329 2764 571
92 5318 -1601 989 4332 2763 568
93 5318 -1602 985 4331 2763 571
94 5319 -1597 988 4328 2766 573
95 5318 -1601 988 4327 2763 570
96 5315 -1603 987 4330 2762 571
97 5314 -1601 987 4330 2764 572
98 5318 -1600 988 4330 2762 571
99 5317 -1599 988 4330 2762 570
100 5315 -1600 987 4328 2763 572
101 5315 -1599 989 4327 2760 571
102 5315 -1599 990 4326 2760 571
103 5311 -1599 987 4326 2757 573
104 5312 -1599 990 4327 2761 571
105 5308 -1603 985 4325 2758 571
106 5309 -1599 987 4325 2758 569
107 5309 -1599 988 4327 2755 568
108 5312 -1601 987 4327 2756 573
109 5308 -1603 987 4324 2753 566
110 5311 -1602 985 4328 2752 569
111 5309 -1600 987 4329 2757 569
112 5310 -1599 985 4329 2757 570
113 5310 -1601 986 4328 2754 568
114 5312 -1604 989 4326 2755 567
115 5312 -1599 988 4330 2757 570
116 5310 -1600 988 4326 2756 573
117 5315 -1599 988 4329 2756 574
118 5311 -1598 988 4330 2756 570
119 5313 -1599 988 4331 2757 573
120 5313 -1597 990 4329 2760 570
121 5312 -1597 988 4329 2756 571
122 5315 -1599 990 4334 2758 568
123 5311 -1603 988 4333 2759 567
124 5313 -1597 987 4332 2758 569
125 5314 -1601 987 4334 2758 571
126 5319 -1600 988 4334 2759 570
127 5315 -1598 985 4333 2756 572
128 5316 -1599 986 4334 2760 568
129 5317 -1604 986 4337 2758 570
130 5320 -1601 987 4336 2762 569
131 5321 -1601 988 4339 2761 567
132 5321 -1599 989 4338 2760 572
133 5322 -1599 988 4337 2758 571
134 5321 -1599 987 4341 2758 569
135 5321 -1599 989 4338 2762 570
136 5322 -1601 988 4336 2763 571
137 5317 -1601 984 4335 2758 570
138 5318 -1599 985 4339 2762 572
139 5313 -1600 988 4340 2760 572
140 5312 -1593 990 4336 2758 569
141 5314 -1597 988 4335 2761 569
142 5315 -1597 989 4334 2756 571
143 5308 -1602 985 4335 2757 571
144 5310 -1600 990 4334 2754 569
145 5311 -1598 992 4333 2756 570
146 5312 -1596 989 4331 2754 571
147 5308 -1603 987 4334 2754 570
148 5308 -1600 985 4331 2759 568
149 5311 -1600 986 4330 2756 568
150 5311 -1599 985 4334 2757 570
151 5314 -1598 984 4334 2755 569
152 5314 -1602 986 4334 2756 568
153 5315 -1599 988 4336 2755 569
154 5311 -1598 988 4337 2757 572
155 5310 -1601 989 4337 2756 571
156 5313 -1600 985 4338 2757 567
157 5313 -1599 986 4336 2757 570
158 5313 -1598 988 4341 2756 571
159 5312 -1600 986 4342 2753 572
160 5310 -1599 985 4337 2756 570
161 5312 -1600 988 4338 2751 569
162 5314 -1598 988 4339 2755 569
163 5311 -1597 989 4334 2756 568
164 5308 -1599 991 4335 2757 572
165 5308 -1594 987 4337 2753 567
166 5308 -1599 987 4336 2755 569
167 5310 -1598 989 4337 2755 568
168 5308 -1599 988 4336 2750 569
169 5308 -1598 986 4335 2750 568
170 5306 -1601 989 4337 2754 567
171 5309 -1599 985 4338 2754 568
172 5308 -1601 991 4339 2754 571
173 5308 -1600 986 4340 2756 570
174 5309 -1599 989 4339 2752 570
175 5308 -1601 986 4338 2751 571
176 5309 -1601 986 4339 2750 571
177 5312 -1600 987 4344 2754 568
178 5311 -1601 987 4344 2754 569
179 5312 -1599 988 4345 2758 571
180 5313 -1596 987 4347 2757 568
181 5313 -1596 988 4345 2756 571
182 5314 -1596 988 4346 2756 569
183 5314 -1595 991 4345 2756 568
184 5310 -1597 986 4345 2754 572
185 5312 -1598 985 4346 2755 569
186 5311 -1597 987 4345 2752 569
187 5313 -1597 989 4345 2756 570
188 5309 -1597 988 4344 2755 569
189 5310 -1595 989 4340 2755 568
190 5306 -1598 988 4343 2752 570
191 5306 -1598 988 4341 2752 567
192 5308 -1599 986 4342 2753 567
193 5309 -1595 988 4343 2751 567
194 5309 -1597 986 4342 2754 569
195 5309 -1597 987 4345 2751 568
196 5309 -1597 990 4343 2753 570
197 5307 -1599 987 4344 2753 571
198 5309 -1599 985 4344 2750 571
199 5306 -1599 984 4344 2750 568
200 5310 -1599 990 4345 2749 570
201 5309 -1597 988 4344 2748 571
202 5308 -1599 989 4346 2749 571
203 5306 -1596 988 4344 2747 568
204 5312 -1598 984 4350 2750 567
205 5310 -1593 991 4345 2751 569
206 5308 -1595 988 4344 2748 569
207 5307 -1596 988 4348 2747 568
208 5307 -1593 986 4342 2746 571
209 5306 -1598 986 4343 2745 567
210 5310 -1598 990 4344 2749 569
211 5307 -1599 988 4345 2745 568
212 5308 -1597 991 4344 2750 570
213 5304 -1596 988 4346 2749 567
214 5310 -1593 988 4345 2746 567
215 5306 -1598 987 4348 2746 570
216 5309 -1598 987 4344 2747 569
217 5309 -1599 989 4347 2748 567
218 5304 -1597 987 4346 2746 570
219 5307 -1599 987 4348 2750 569
220 5305 -1600 989 4346 2749 566
221 5307 -1599 985 4348 2748 569
222 5307 -1599 981 4346 2745 571
223 5306 -1595 987 4348 2748 566
224 5306 -1596 990 4347 2748 565
225 5306 -1598 987 4347 2746 570
226 5306 -1595 986 4348 2748 568
227 5305 -1595 989 4346 2750 568
228 5306 -1595 986 4344 2748 567
229 5304 -1598 987 4346 2747 569
230 5305 -1596 988 4347 2745 567
231 5303 -1595 987 4346 2743 568
232 5305 -1598 987 4348 2746 566
233 5310 -1598 985 4347 2748 569
234 5306 -1595 985 4353 2745 569
235 5308 -1598 988 4346 2744 567
236 5312 -1596 986 4351 2747 565
237 5308 -1596 987 4350 2747 567
238 5308 -1597 986 4353 2746 573
239 5309 -1597 988 4354 2746 568
240 5314 -1595 988 4353 2748 567
241 5309 -1597 985 4357 2747 571
242 5312 -1599 988 4355 2746 569
243 5311 -1598 986 4354 2749 566
244 5315 -1595 989 4352 2748 568
245 5308 -1599 986 4353 2746 571
246 5313 -1596 984 4351 2747 571
247 5312 -1599 989 4355 2747 567
248 5312 -1596 984 4353 2747 570
249 5311 -1596 986 4356 2743 567
250 5309 -1597 985 4354 2745 569
251 5308 -1595 985 4354 2743 567
252 5309 -1597 986 4351 2747 569
253 5310 -1593 986 4350 2742 566
254 5308 -1595 988 4352 2739 566
255 5311 -1598 986 4349 2742 567
256 5308 -1593 987 4351 2742 568
257 5311 -1594 987 4353 2740 567
258 5308 -1595 984 4353 2739 570
259 5307 -1599 986 4353 2742 568
260 5311 -1597 988 4355 2739 565
261 5309 -1599 984 4353 2738 567
262 5310 -1597 987 4356 2739 569
263 5311 -1596 987 4355 2737 569
264 5310 -1600 987 4357 2740 567
265 5311 -1595 987 4354 2739 568
266 5311 -1596 988 4352 2739 568
267 5310 -1594 987 4354 2734 567
268 5311 -1599 984 4353 2739 569
269 5310 -1596 985 4353 2738 568
270 5309 -1593 986 4350 2735 567
271 5306 -1596 987 4352 2732 569
272 5307 -1595 988 4352 2736 569
273 5305 -1596 985 4353 2736 568
274 5304 -1596 986 4348 2731 568
275 5303 -1600 984 4351 2733 566
276 5303 -1597 987 4346 2730 567
277 5303 -1597 986 4349 2732 567
278 5302 -1598 986 4348 2728 564
279 5305 -1595 986 4352 2728 568
280 5305 -1594 987 4354 2734 571
281 5306 -1597 987 4351 2731 567
282 5303 -1597 982 4353 2728 567
283 5306 -1597 986 4352 2730 567
284 5308 -1598 989 4354 2731 569
285 5307 -1599 985 4354 2732 570
286 5308 -1597 983 4356 2733 569
287 5310 -1597 986 4358 2732 569
288 5309 -1595 985 4358 2732 566
289 5311 -1595 988 4357 2733 568
290 5314 -1596 987 4360 2733 569
291 5313 -1592 984 4359 2734 568
292 5314 -1594 988 4362 2734 570
293 5311 -1592 989 4359 2737 569
294 5312 -1591 988 4360 2735 568
295 5313 -1592 986 4359 2734 567
296 5312 -1594 987 4355 2733 567
297 5310 -1594 988 4358 2733 565
298 5313 -1594 984 4360 2734 567
299 5312 -1595 988 4358 2738 568
300 5310 -1594 986 4360 2733 567
301 5310 -1595 985 4362 2731 564
302 5310 -1596 988 4363 2729 567
303 5313 -1593 988 4359 2730 567
304 5312 -1592 987 4362 2732 565
305 5311 -1597 988 4363 2734 567
306 5312 -1593 983 4364 2734 568
307 5310 -1597 982 4363 2733 568
308 5311 -1594 989 4365 2734 568
309 5313 -1596 986 4366 2733 570
310 5315 -1594 986 4366 2734 568
311 5313 -1592 989 4364 2735 569
312 5313 -1594 986 4368 2737 567
313 5311 -1592 984 4365 2732 567
314 5313 -1590 989 4368 2732 569
315 5311 -1592 989 4362 2733 569
316 5307 -1595 986 4364 2736 564
317 5313 -1593 989 4363 2734 569
318 5312 -1588 990 4365 2731 565
319 5309 -1594 988 4362 2735 562
320 5308 -1596 987 4363 2733 566
321 5307 -1593 985 4361 2730 566
322 5310 -1596 985 4364 2729 566
323 5310 -1594 983 4364 2734 564
324 5309 -1593 983 4365 2729 567
325 5308 -1598 983 4363 2727 565
326 5307 -1596 987 4363 2732 564
327 5308 -1597 987 4363 2728 566
328 5306 -1596 982 4364 2732 565
329 5306 -1591 988 4365 2730 567
330 5311 -1596 984 4365 2729 568
331 5307 -1593 986 4364 2728 568
332 5308 -1594 985 4363 2726 567
333 5307 -1594 986 4362 2728 570
334 5308 -1596 985 4360 2727 565
335 5306 -1597 983 4363 2727 567
336 5307 -1590 989 4361 2726 568
337 5307 -1594 987 4361 2727 565
338 5304 -1592 987 4363 2726 568
339 5306 -1594 987 4359 2726 567
340 5307 -1591 989 4360 2726 566
341 5306 -1593 985 4362 2724 567
342 5306 -1594 982 4364 2722 566
343 5304 -1595 986 4363 2725 568
344 5307 -1592 985 4362 2724 570
345 5304 -1595 984 4364 2722 564
346 5310 -1595 985 4365 2724 568
347 5309 -1593 986 4365 2724 568
348 5309 -1592 987 4364 2726 568
349 5311 -1593 984 4367 2724 563
350 5312 -1594 985 4365 2722 570
351 5313 -1590 987 4365 2726 569
352 5311 -1591 989 4366 2724 567
353 5313 -1595 985 4363 2723 567
354 5312 -1596 985 4363 2726 567
355 5311 -1591 985 4368 2724 568
356 5308 -1592 984 4363 2722 569
357 5311 -1597 984 4365 2719 565
358 5309 -1593 985 4365 2722 567
359 5306 -1593 989 4362 2724 565
360 5315 -1592 983 4365 2722 568
361 5312 -1590 985 4369 2719 566
362 5310 -1594 987 4365 2720 572
363 5310 -1592 985 4366 2719 565
364 5312 -1593 984 4366 2720 569
365 5315 -1593 988 4366 2720 567
366 5314 -1594 987 4368 2719 569
367 5312 -1594 984 4365 2718 567
368 5318 -1593 987 4368 2721 569
369 5316 -1591 985 4369 2722 568
370 5314 -1595 987 4370 2724 569
371 5321 -1592 985 4371 2717 564
372 5318 -1592 983 4371 2723 567
373 5316 -1594 986 4370 2722 569
374 5319 -1593 985 4370 2723 565
375 5321 -1595 983 4371 2718 569
376 5319 -1592 986 4370 2721 568
377 5320 -1593 987 4371 2720 567
378 5318 -1591 987 4372 2721 568
379 5320 -1593 986 4369 2720 570
380 5317 -1590 983 4368 2718 569
381 5320 -1590 987 4368 2719 569
382 5317 -1590 986 4364 2717 567
383 5317 -1593 987 4366 2717 568
384 5315 -1590 988 4367 2717 570
385 5315 -1591 989 4372 2720 571
386 5313 -1592 988 4366 2717 568
387 5314 -1591 988 4368 2717 570
388 5317 -1594 988 4368 2716 568
389 5314 -1589 984 4369 2718 567
390 5314 -1594 984 4367 2718 567
391 5315 -1590 984 4370 2717 567
392 5314 -1592 985 4368 2717 569
393 5317 -1593 985 4370 2716 568
394 5317 -1593 983 4370 2716 569
395 5315 -1591 986 4370 2717 573
396 5317 -1596 987 4370 2717 568
397 5319 -1594 985 4371 2718 567
398 5318 -1589 989 4365 2714 568
399 5315 -1591 986 4368 2718 567
400 5319 -1590 982 4369 2720 567
401 5316 -1591 983 4366 2717 569
402 5316 -1591 985 4368 2714 568
403 5315 -1590 986 4368 2717 569
404 5312 -1590 985 4371 2719 567
405 5316 -1594 990 4371 2721 567
406 5315 -1594 988 4365 2716 567
407 5315 -1593 987 4369 2718 565
408 5313 -1594 985 4367 2713 567
409 5315 -1593 986 4368 2718 568
410 5316 -1589 985 4371 2716 566
411 5314 -1595 985 4372 2715 568
412 5315 -1593 985 4368 2718 565
413 5316 -1593 986 4371 2716 566
414 5316 -1592 983 4369 2715 569
415 5316 -1591 984 4371 2712 568
416 5320 -1591 988 4372 2716 568
417 5318 -1593 984 4372 2718 570
418 5318 -1589 986 4373 2717 569
419 5317 -1590 987 4370 2711 567
420 5317 -1592 984 4371 2717 569
421 5316 -1590 984 4374 2715 568
422 5319 -1591 983 4374 2720 566
423 5320 -1593 988 4375 2719 570
424 5318 -1589 984 4371 2714 570
425 5320 -1591 986 4369 2716 566
426 5317 -1589 984 4369 2715 565
427 5319 -1591 985 4374 2714 569
428 5319 -1591 985 4370 2714 569
429 5320 -1591 986 4372 2715 567
430 5320 -1594 985 4370 2715 568
431 5318 -1594 984 4369 2712 565
432 5320 -1593 984 4371 2714 562
433 5318 -1590 986 4371 2712 567
434 5319 -1593 983 4374 2714 566
435 5314 -1597 982 4369 2714 566
436 5317 -1590 985 4373 2711 568
437 5317 -1593 984 4370 2715 568
438 5318 -1591 984 4370 2711 569
439 5320 -1593 983 4369 2711 569
440 5316 -1592 983 4369 2715 566
441 5318 -1593 986 4369 2713 565
442 5318 -1591 984 4371 2712 569
443 5318 -1592 986 4369 2709 568
444 5315 -1590 983 4366 2710 566
445 5317 -1591 982 4367 2709 566
446 5311 -1590 986 4367 2706 567
447 5319 -1590 982 4365 2707 567
448 5314 -1593 985 4364 2707 567
449 5314 -1592 984 4366 2705 564
450 5312 -1591 983 4366 2703 565
451 5316 -1590 980 4364 2705 567
452 5312 -1595 984 4366 2704 569
453 5315 -1593 982 4367 2707 568
454 5316 -1591 984 4367 2709 567
455 5318 -1591 984 4368 2707 567
456 5320 -1593 984 4366 2708 567
457 5320 -1591 986 4370 2710 565
458 5321 -1590 980 4368 2706 564
459 5320 -1593 986 4371 2711 568
460 5324 -1594 983 4371 2709 566
461 5324 -1591 984 4370 2708 567
462 5322 -1593 986 4370 2709 568
463 5320 -1592 986 4374 2710 568
464 5321 -1590 986 4374 2711 570
465 5322 -1591 985 4368 2712 570
466 5322 -1592 986 4368 2710 566
467 5322 -1587 986 4369 2708 568
468 5320 -1591 984 4371 2709 569
469 5322 -1590 988 4371 2711 568
470 5322 -1590 986 4371 2709 569
471 5322 -1590 983 4366 2707 568
472 5322 -1590 983 4369 2709 571
473 5323 -1592 984 4367 2707 565
474 5320 -1594 981 4371 2709 570
475 5322 -1589 985 4374 2711 571
476 5323 -1592 982 4370 2707 562
477 5321 -1591 982 4372 2708 567
478 5323 -1591 982 4373 2711 570
479 5324 -1589 984 4373 2712 569
480 5323 -1592 986 4375 2712 567
481 5326 -1591 987 4374 2711 567
482 5328 -1588 986 4377 2710 571
483 5329 -1589 985 4375 2711 570
484 5327 -1590 983 4372 2712 570
485 5326 -1592 986 4373 2712 570
486 5328 -1588 985 4372 2710 569
487 5331 -1590 983 4371 2714 566
488 5327 -1589 987 4373 2710 570
489 5326 -1591 986 4372 2709 569
490 5325 -1589 985 4371 2709 569
491 5324 -1591 984 4370 2710 570
492 5325 -1589 983 4367 2710 569
493 5326 -1590 986 4369 2710 565
494 5323 -1589 985 4369 2707 566
495 5324 -1592 986 4370 2704 566
496 5326 -1592 983 4365 2708 567
497 5324 -1592 984 4367 2708 566
498 5324 -1592 984 4369 2707 565
499 5323 -1591 984 4369 2704 569
500 5324 -1597 984 4371 2707 565
501 5326 -1591 982 4368 2704 562
502 5322 -1592 983 4370 2708 568
503 5323 -1592 984 4371 2706 567
504 5327 -1590 981 4368 2704 570
505 5324 -1592 985 4367 2706 570
506 5324 -1590 985 4370 2708 571
507 5327 -1590 986 4367 2708 566
508 5324 -1591 983 4368 2706 571
509 5324 -1591 985 4368 2703 569
510 5321 -1590 984 4364 2705 569
511 5325 -1587 983 4365 2708 567
512 5324 -1594 983 4366 2707 566
513 5326 -1591 985 4366 2706 566
514 5324 -1590 984 4363 2706 569
515 5323 -1590 984 4367 2706 571
516 5326 -1593 985 4365 2705 567
517 5324 -1590 980 4367 2706 565
518 5327 -1591 986 4366 2707 567
519 5326 -1591 986 4364 2707 565
520 5329 -1591 984 4366 2710 568
521 5325 -1595 982 4365 2709 567
522 5329 -1590 982 4365 2706 567
523 5325 -1592 983 4368 2708 565
524 5326 -1590 985 4364 2707 571
525 5328 -1593 983 4370 2707 569
526 5324 -1591 985 4364 2706 569
527 5326 -1594 984 4362 2706 569
528 5327 -1594 979 4367 2711 567
529 5328 -1591 982 4364 2708 570
530 5329 -1588 984 4364 2707 571
531 5330 -1589 985 4363 2709 572
532 5324 -1588 984 4360 2708 568
533 5328 -1586 987 4362 2708 570
534 5327 -1592 983 4364 2708 567
535 5327 -1590 984 4365 2707 569
536 5327 -1594 984 4361 2708 571
537 5326 -1593 981 4358 2706 567
538 5326 -1593 982 4361 2706 567
539 5326 -1591 982 4365 2709 571
540 5327 -1594 985 4363 2707 571
541 5326 -1591 984 4364 2708 570
542 5328 -1594 985 4364 2709 569
543 5331 -1593 983 4365 2707 568
544 5332 -1595 982 4364 2709 566
545 5331 -1596 983 4365 2709 568
546 5332 -1593 982 4362 2708 569
547 5329 -1591 986 4362 2708 569
548 5328 -1594 983 4362 2709 570
549 5328 -1595 981 4365 2710 570
550 5329 -1591 983 4361 2708 569
551 5329 -1589 983 4358 2709 566
552 5327 -1591 985 4362 2708 572
553 5328 -1590 984 4361 2709 573
554 5326 -1590 983 4359 2706 572
555 5323 -1594 987 4361 2712 571
556 5323 -1590 986 4361 2707 569
557 5323 -1593 986 4361 2709 573
558 5327 -1591 982 4360 2708 570
559 5325 -1591 983 4361 2710 571
560 5327 -1594 984 4358 2706 566
561 5327 -1594 983 4362 2709 570
562 5325 -1593 985 4361 2709 567
563 5329 -1594 982 4362 2709 573
564 5330 -1592 982 4361 2709 566
565 5325 -1595 983 4361 2711 567
566 5330 -1591 983 4360 2708 567
567 5329 -1591 983 4364 2713 571
568 5332 -1590 982 4364 2712 569
569 5335 -1594 983 4365 2714 569
570 5332 -1593 985 4362 2714 569
571 5336 -1592 984 4362 2713 569
572 5336 -1594 983 4364 2714 571
573 5336 -1591 983 4363 2716 571
574 5334 -1592 986 4362 2712 569
575 5332 -1593 983 4362 2714 570
576 5332 -1591 984 4362 2714 572
577 5333 -1592 986 4361 2713 572
578 5331 -1592 985 4359 2716 569
579 5333 -1592 983 4356 2715 569
580 5330 -1593 986 4359 2713 569
581 5332 -1594 982 4356 2712 569
582 5329 -1591 985 4358 2712 570
583 5328 -1592 982 4360 2713 568
584 5328 -1594 982 4357 2710 569
585 5329 -1594 983 4357 2709 566
586 5330 -1594 984 4361 2711 567
587 5328 -1596 984 4357 2710 568
588 5328 -1595 984 4357 2709 572
589 5331 -1594 982 4359 2709 567
590 5331 -1595 983 4360 2712 567
591 5329 -1593 983 4356 2717 572
592 5332 -1592 985 4358 2714 567
593 5334 -1592 984 4356 2712 568
594 5329 -1592 982 4358 2712 571
595 5330 -1595 985 4357 2716 569
596 5332 -1591 986 4357 2714 566
597 5332 -1590 988 4358 2713 571
598 5332 -1592 985 4357 2713 570
599 5330 -1593 983 4358 2714 565
600 5330 -1590 984 4354 2714 570
601 5331 -1593 982 4358 2717 570
602 5329 -1594 985 4360 2712 568
603 5331 -1593 982 4353 2713 568
604 5328 -1595 980 4357 2712 570
605 5330 -1593 982 4351 2714 570
606 5331 -1592 982 4355 2712 568
607 5325 -1596 981 4354 2709 569
608 5328 -1591 983 4357 2711 566
609 5330 -1595 986 4352 2714 569
610 5327 -1594 982 4354 2710 569
611 5327 -1593 980 4352 2711 569
612 5327 -1598 982 4353 2710 568
613 5328 -1595 986 4351 2716 571
614 5328 -1591 984 4352 2711 571
615 5330 -1594 982 4355 2713 568
616 5328 -1591 983 4353 2713 569
617 5332 -1593 983 4352 2710 573
618 5333 -1594 983 4352 2715 570
619 5330 -1591 986 4353 2715 570
620 5330 -1593 984 4351 2716 569
621 5330 -1594 981 4353 2715 565
622 5325 -1594 984 4349 2715 569
623 5329 -1593 983 4349 2709 567
624 5332 -1594 980 4349 2717 566
625 5329 -1594 983 4352 2715 567
626 5330 -1594 984 4352 2712 568
627 5333 -1597 984 4351 2717 570
628 5328 -1593 981 4352 2716 568
629 5334 -1595 982 4354 2717 566
630 5336 -1594 981 4356 2718 570
631 5335 -1594 982 4354 2721 573
632 5334 -1595 981 4352 2718 572
633 5336 -1596 979 4356 2718 571
634 5336 -1593 982 4357 2722 569
635 5335 -1593 984 4356 2719 573
636 5336 -1592 983 4354 2718 570
637 5337 -1594 984 4354 2724 570
638 5338 -1593 984 4350 2716 571
639 5333 -1593 985 4354 2716 571
640 5335 -1594 982 4352 2718 571
641 5332 -1593 985 4351 2715 567
642 5337 -1596 983 4352 2718 569
643 5335 -1592 981 4352 2717 568
644 5332 -1595 982 4352 2721 569
645 5337 -1592 984 4347 2719 570
646 5334 -1594 982 4349 2721 572
647 5338 -1593 983 4348 2720 568
648 5338 -1595 987 4351 2718 569
649 5338 -1595 983 4350 2721 569
650 5336 -1593 978 4348 2720 565
651 5340 -1595 987 4350 2719 568
652 5338 -1595 983 4351 2720 570
653 5338 -1594 983 4351 2720 571
654 5338 -1594 984 4351 2719 573
655 5337 -1595 983 4353 2723 570
656 5338 -1594 986 4351 2718 569
657 5338 -1594 988 4350 2718 570
658 5331 -1595 982 4347 2722 573
659 5335 -1592 982 4349 2722 571
660 5335 -1591 981 4348 2722 570
661 5334 -1594 983 4343 2718 571
662 5336 -1595 982 4347 2718 569
663 5336 -1595 982 4347 2719 569
664 5330 -1596 985 4343 2721 569
665 5334 -1595 983 4344 2720 572
666 5331 -1591 984 4345 2719 570
667 5332 -1594 986 4344 2719 571
668 5331 -1592 986 4345 2721 570
669 5332 -1598 983 4342 2719 569
670 5333 -1599 983 4340 2719 570
671 5330 -1596 984 4342 2719 569
672 5332 -1597 981 4342 2721 570
673 5332 -1598 984 4345 2721 573
674 5333 -1595 985 4342 2721 572
675 5336 -1594 984 4341 2722 572
676 5332 -1595 986 4346 2720 570
677 5333 -1594 984 4342 2724 570
678 5336 -1596 983 4339 2720 570
679 5332 -1594 985 4342 2723 571
680 5334 -1595 983 4343 2725 568
681 5333 -1595 985 4340 2725 572
682 5334 -1594 982 4340 2724 571
683 5335 -1596 985 4342 2726 570
684 5334 -1593 986 4340 2724 574
685 5334 -1594 984 4340 2724 572
686 5333 -1591 982 4338 2726 572
687 5332 -1593 985 4338 2724 569
688 5333 -1594 985 4340 2724 570
689 5331 -1593 983 4338 2723 570
690 5332 -1593 979 4340 2724 571
691 5331 -1594 984 4338 2726 573
692 5331 -1595 984 4341 2724 573
693 5330 -1597 981 4337 2728 569
694 5333 -1598 982 4338 2724 571
695 5332 -1597 982 4340 2726 572
696 5331 -1596 984 4339 2724 569
697 5331 -1596 981 4339 2729 569
698 5330 -1599 982 4341 2728 572
699 5334 -1595 985 4340 2730 574
700 5332 -1597 984 4341 2729 570
701 5334 -1596 984 4339 2732 572
702 5336 -1595 982 4338 2730 571
703 5336 -1593 982 4339 2734 570
704 5337 -1598 984 4340 2736 569
705 5336 -1595 985 4339 2732 568
706 5335 -1596 982 4339 2734 573
707 5336 -1597 982 4342 2733 571
708 5336 -1595 984 4340 2734 571
709 5340 -1594 986 4336 2733 572
710 5337 -1593 984 4337 2734 572
711 5338 -1595 984 4337 2734 571
712 5339 -1596 985 4336 2731 571
713 5336 -1594 985 4334 2735 569
714 5336 -1595 984 4337 2736 570
715 5337 -1595 986 4338 2732 572
716 5334 -1596 983 4336 2736 569
717 5334 -1599 983 4338 2736 570
718 5339 -1596 985 4339 2736 571
719 5334 -1596 984 4339 2734 571
720 5337 -1599 982 4339 2734 570
721 5337 -1597 983 4340 2735 574
722 5335 -1597 985 4338 2737 574
723 5336 -1599 984 4338 2735 569
724 5334 -1597 987 4340 2737 572
725 5337 -1594 986 4337 2735 572
726 5335 -1595 986 4335 2737 573
727 5335 -1597 982 4339 2737 571
728 5334 -1595 984 4337 2736 572
729 5333 -1595 985 4335 2736 571
730 5334 -1600 986 4335 2733 568
731 5332 -1596 982 4334 2734 569
732 5333 -1597 983 4330 2734 571
733 5334 -1595 984 4333 2735 571
734 5333 -1600 985 4332 2736 572
735 5333 -1597 982 4333 2733 570
736 5334 -1601 985 4331 2732 573
737 5339 -1598 982 4334 2737 570
738 5335 -1598 980 4333 2736 569
739 5333 -1599 984 4333 2734 572
740 5332 -1599 984 4331 2735 570
741 5330 -1596 984 4331 2735 570
742 5334 -1600 984 4335 2735 571
743 5331 -1597 987 4334 2734 572
744 5331 -1599 983 4332 2735 573
745 5334 -1599 987 4331 2736 569
746 5331 -1597 986 4333 2735 573
747 5331 -1598 983 4328 2737 568
748 5329 -1598 985 4334 2736 570
749 5329 -1595 988 4334 2736 570
750 5329 -1595 985 4331 2738 573
751 5331 -1596 985 4327 2738 570
752 5330 -1599 981 4328 2736 569
753 5330 -1597 986 4325 2739 570
754 5332 -1599 982 4327 2737 571
755 5331 -1597 984 4330 2735 570
756 5332 -1596 982 4332 2737 570
757 5331 -1596 985 4332 2742 570
758 5332 -1596 987 4331 2741 569
759 5330 -1601 982 4333 2741 568
760 5333 -1597 986 4329 2738 572
761 5333 -1599 984 4330 2741 572
762 5327 -1599 984 4331 2741 569
763 5333 -1601 981 4332 2739 569
764 5330 -1601 984 4328 2747 572
765 5335 -1597 985 4328 2740 570
766 5331 -1597 983 4329 2745 571
767 5332 -1601 984 4329 2740 572
768 5333 -1599 985 4327 2744 569
769 5332 -1599 982 4327 2744 571
770 5331 -1596 984 4327 2742 571
771 5332 -1596 982 4326 2742 568
772 5328 -1599 982 4326 2742 570
773 5328 -1596 984 4326 2743 568
774 5326 -1598 982 4327 2744 570
775 5332 -1596 984 4326 2743 569
776 5330 -1595 987 4326 2744 572
777 5329 -1598 986 4325 2742 568
778 5330 -1597 985 4325 2744 569
779 5330 -1599 983 4327 2742 570
780 5328 -1597 984 4326 2742 571
781 5331 -1598 983 4326 2744 567
782 5328 -1602 984 4329 2744 570
783 5329 -1599 984 4330 2750 569
784 5332 -1599 982 4328 2747 572
785 5335 -1597 983 4325 2748 570
786 5334 -1601 983 4331 2749 572
787 5330 -1600 987 4330 2747 570
788 5335 -1597 986 4328 2747 573
789 5332 -1599 984 4329 2750 570
790 5332 -1597 985 4330 2748 572
791 5333 -1598 986 4328 2750 573
792 5331 -1599 989 4326 2747 573
793 5329 -1598 983 4327 2749 572
794 5330 -1601 982 4326 2749 571
795 5331 -1599 986 4325 2749 572
796 5326 -1599 987 4323 2747 572
797 5328 -1599 983 4325 2749 569
798 5331 -1597 988 4324 2746 570
799 5329 -1600 984 4322 2748 572
800 5327 -1601 984 4324 2746 570
801 5328 -1599 984 4325 2747 572
802 5328 -1599 984 4328 2747 571
803 5327 -1600 983 4324 2749 572
804 5332 -1597 985 4320 2748 572
805 5329 -1599 984 4324 2748 571
806 5330 -1599 984 4326 2746 570
807 5331 -1601 979 4325 2748 573
808 5333 -1599 985 4323 2749 571
809 5334 -1603 982 4326 2748 570
810 5333 -1601 987 4325 2752 572
811 5330 -1598 985 4324 2750 571
812 5331 -1597 983 4325 2749 576
813 5330 -1600 983 4323 2751 570
814 5331 -1596 984 4325 2753 572
815 5334 -1597 984 4323 2752 574
816 5330 -1596 985 4324 2750 573
817 5335 -1599 987 4321 2751 573
818 5331 -1598 985 4323 2750 568
819 5332 -1598 984 4324 2749 573
820 5333 -1597 984 4324 2751 573
821 5332 -1602 983 4323 2749 573
822 5333 -1600 983 4324 2750 570
823 5330 -1600 983 4322 2749 569
824 5335 -1603 984 4325 2751 571
825 5333 -1602 983 4328 2746 569
826 5333 -1603 984 4326 2752 570
827 5330 -1601 986 4327 2754 572
828 5334 -1598 985 4327 2752 572
829 5335 -1601 983 4326 2753 571
830 5332 -1600 984 4322 2753 572
831 5331 -1598 985 4325 2754 573
832 5331 -1601 981 4326 2752 574
833 5334 -1601 983 4325 2753 573
834 5331 -1595 985 4326 2753 572
835 5329 -1597 987 4324 2751 569
836 5328 -1599 984 4320 2751 570
837 5330 -1599 984 4323 2750 574
838 5330 -1600 985 4323 2750 570
839 5331 -1600 985 4322 2750 571
840 5330 -1598 982 4319 2750 571
841 5329 -1600 985 4318 2750 572
842 5329 -1602 989 4324 2749 572
843 5328 -1601 986 4322 2751 570
844 5329 -1600 986 4321 2752 570
845 5328 -1599 984 4318 2753 570
846 5325 -1603 984 4321 2754 574
847 5327 -1603 987 4321 2751 570
848 5328 -1605 980 4319 2753 573
849 5327 -1605 984 4319 2752 570
850 5324 -1603 985 4320 2753 571
851 5326 -1602 986 4322 2751 575
852 5324 -1600 983 4318 2751 573
853 5324 -1601 983 4321 2754 572
854 5324 -1601 985 4318 2752 569
855 5321 -1601 983 4314 2755 574
856 5323 -1600 985 4316 2752 571
857 5322 -1601 985 4316 2754 571
858 5318 -1598 984 4315 2752 569
859 5324 -1600 985 4314 2751 571
860 5320 -1600 985 4317 2754 573
861 5317 -1600 987 4317 2756 572
862 5320 -1602 986 4318 2755 569
863 5320 -1599 985 4316 2752 571
864 5320 -1602 982 4320 2755 571
865 5320 -1601 984 4318 2752 569
866 5321 -1600 985 4316 2758 571
867 5319 -1602 983 4318 2758 571
868 5322 -1606 986 4320 2759 569
869 5326 -1603 985 4321 2757 572
870 5321 -1601 986 4320 2760 569
871 5324 -1603 984 4321 2760 573
872 5328 -1603 984 4321 2762 569
873 5327 -1605 987 4322 2760 569
874 5326 -1600 987 4323 2762 572
875 5326 -1598 986 4325 2763 573
876 5325 -1601 987 4321 2761 573
877 5326 -1601 987 4321 2762 572
878 5323 -1602 986 4321 2763 569
879 5327 -1600 984 4318 2766 572
880 5326 -1603 984 4320 2765 571
881 5325 -1601 984 4320 2762 570
882 5321 -1596 985 4319 2766 571
883 5323 -1602 987 4319 2763 571
884 5325 -1602 984 4321 2764 570
885 5324 -1604 985 4322 2764 569
886 5326 -1601 990 4323 2763 572
887 5324 -1602 987 4318 2766 572
888 5323 -1603 984 4320 2763 570
889 5324 -1603 986 4318 2762 574
890 5324 -1601 985 4320 2766 572
891 5325 -1605 985 4320 2765 569
892 5324 -1604 986 4319 2765 571
893 5322 -1605 986 4321 2764 570
894 5324 -1605 988 4323 2766 573
895 5324 -1603 985 4321 2765 569
896 5324 -1602 984 4323 2764 573
897 5325 -1601 985 4323 2764 570
898 5323 -1606 986 4323 2768 572
899 5323 -1602 986 4321 2765 572
900 5325 -1602 985 4320 2765 574
901 5319 -1603 988 4321 2764 571
902 5324 -1598 985 4319 2765 573
903 5322 -1601 986 4319 2766 573
904 5322 -1600 986 4318 2767 571
905 5323 -1603 986 4318 2766 570
906 5321 -1601 988 4319 2762 570
907 5319 -1607 984 4323 2760 571
908 5321 -1603 986 4321 2762 570
909 5321 -1603 984 4320 2760 569
910 5322 -1603 982 4316 2759 569
911 5317 -1604 982 4319 2762 573
912 5319 -1603 985 4318 2761 571
913 5320 -1603 985 4318 2757 570
914 5319 -1602 984 4319 2760 569
915 5320 -1601 983 4316 2761 570
916 5319 -1605 983 4315 2764 569
917 5320 -1605 982 4316 2761 573
918 5319 -1604 982 4318 2765 575
919 5320 -1604 986 4317 2764 570
920 5316 -1603 985 4318 2762 570
921 5320 -1602 986 4316 2764 571
922 5321 -1602 984 4318 2762 571
923 5318 -1601 987 4318 2759 572
924 5320 -1600 985 4315 2761 574
925 5318 -1605 984 4317 2761 570
926 5319 -1601 988 4312 2761 578
927 5321 -1601 986 4316 2761 569
928 5321 -1599 987 4318 2761 571
929 5318 -1601 985 4315 2760 569
930 5318 -1604 986 4316 2760 571
931 5318 -1601 984 4315 2762 569
932 5320 -1603 986 4318 2760 566
933 5322 -1600 986 4316 2762 571
934 5318 -1605 984 4318 2760 571
935 5317 -1604 984 4319 2764 572
936 5320 -1603 987 4313 2761 569
937 5322 -1605 981 4316 2762 570
938 5320 -1603 982 4319 2761 570
939 5321 -1602 986 4319 2765 571
940 5319 -1603 986 4317 2763 569
941 5322 -1601 989 4315 2762 573
942 5317 -1603 983 4316 2762 572
943 5319 -1598 986 4318 2765 569
944 5320 -1602 986 4317 2766 574
945 5317 -1601 983 4318 2766 573
946 5318 -1603 984 4316 2763 572
947 5320 -1602 983 4318 2762 572
948 5318 -1601 988 4317 2765 572
949 5320 -1604 986 4318 2763 571
950 5320 -1603 983 4319 2766 569
951 5321 -1599 988 4322 2765 572
952 5319 -1602 986 4322 2766 571
953 5319 -1603 984 4319 2767 566
954 5320 -1604 985 4321 2766 570
955 5321 -1603 988 4320 2768 569
956 5321 -1603 987 4321 2766 569
957 5322 -1604 986 4323 2766 568
958 5325 -1603 983 4323 2769 570
959 5320 -1602 987 4321 2766 573
960 5322 -1601 989 4322 2766 568
961 5318 -1604 983 4322 2769 571
962 5318 -1602 983 4322 2768 569
963 5321 -1600 987 4323 2770 571
964 5319 -1598 985 4320 2771 571
965 5317 -1601 990 4320 2770 571
966 5318 -1600 988 4322 2770 573
967 5316 -1601 986 4317 2768 569
968 5314 -1599 983 4318 2768 571
969 5316 -1599 985 4317 2765 569
970 5312 -1603 986 4316 2765 570
971 5312 -1601 988 4316 2765 571
972 5314 -1601 985 4317 2764 568
973 5316 -1601 988 4318 2766 569
974 5316 -1598 984 4319 2764 570
975 5311 -1606 984 4319 2763 566
976 5314 -1606 983 4320 2767 571
977 5317 -1605 988 4318 2764 572
978 5317 -1600 986 4319 2766 571
979 5319 -1599 985 4322 2766 569
980 5315 -1603 986 4320 2764 570
981 5319 -1600 986 4324 2765 569
982 5316 -1600 986 4320 2766 571
983 5318 -1601 986 4322 2765 570
984 5316 -1599 986 4322 2766 571
985 5319 -1599 988 4324 2765 571
986 5315 -1601 986 4321 2767 569
987 5316 -1602 985 4322 2766 573
988 5319 -1601 987 4321 2766 568
989 5317 -1601 988 4318 2769 572
990 5316 -1601 985 4319 2765 573
991 5316 -1598 988 4319 2763 571
992 5315 -1600 989 4322 2764 572
993 5314 -1603 985 4321 2763 568
994 5313 -1603 988 4319 2762 571
995 5317 -1601 988 4321 2761 569
996 5315 -1602 986 4325 2765 568
997 5315 -1603 982 4323 2764 570
998 5319 -1603 984 4322 2764 571
999 5314 -1602 986 4328 2766 571
