0 -220 -1966 598 1310 -987 1183
1 -219 -1964 598 1312 -985 1188
2 -217 -1963 600 1312 -985 1186
3 -219 -1965 602 1312 -982 1188
4 -220 -1965 600 1312 -984 1186
5 -219 -1966 600 1312 -984 1185
6 -220 -1965 602 1310 -986 1188
7 -220 -1964 599 1311 -981 1189
8 -218 -1965 600 1311 -988 1185
9 -216 -1963 600 1311 -984 1188
10 -220 -1967 601 1308 -984 1189
11 -219 -1964 601 1309 -982 1189
12 -216 -1964 603 1312 -980 1191
13 -216 -1964 599 1311 -982 1188
14 -220 -1962 600 1310 -984 1189
15 -219 -1966 596 1309 -985 1189
16 -218 -1962 602 1310 -986 1189
17 -223 -1964 603 1308 -983 1188
18 -220 -1965 601 1310 -988 1188
19 -219 -1964 600 1310 -983 1187
20 -216 -1963 601 1310 -983 1188
21 -218 -1967 600 1310 -983 1185
22 -214 -1964 597 1310 -988 1187
23 -218 -1967 600 1311 -984 1191
24 -223 -1964 602 1314 -986 1191
25 -220 -1963 601 1312 -982 1189
26 -218 -1966 600 1307 -985 1187
27 -220 -1963 601 1308 -987 1189
28 -218 -1965 599 1311 -984 1191
29 -215 -1964 598 1310 -985 1185
30 -220 -1963 602 1309 -985 1188
31 -219 -1964 601 1309 -985 1190
32 -224 -1965 600 1309 -988 1188
33 -222 -1965 601 1310 -981 1184
34 -218 -1962 599 1308 -986 1188
35 -219 -1965 600 1310 -982 1185
36 -217 -1966 600 1310 -985 1186
37 -222 -1966 599 1309 -984 1188
38 -220 -1966 602 1308 -986 1187
39 -216 -1966 600 1312 -986 1188
40 -222 -1968 598 1308 -985 1186
41 -222 -1967 599 1307 -987 1187
42 -218 -1967 600 1309 -989 1187
43 -218 -1966 601 1310 -983 1189
44 -219 -1965 600 1312 -987 1188
45 -220 -1967 600 1308 -985 1187
46 -220 -1967 599 1310 -985 1186
47 -218 -1963 599 1308 -987 1186
48 -217 -1967 602 1310 -983 1188
49 -218 -1966 602 1309 -985 1185
50 -218 -1966 601 1308 -986 1187
51 -220 -1965 598 1306 -984 1188
52 -220 -1964 600 1308 -984 1188
53 -219 -1968 601 1308 -982 1188
54 -218 -1967 600 1313 -983 1188
55 -214 -1966 600 1311 -986 1186
56 -221 -1966 602 1311 -986 1186
57 -219 -1964 602 1310 -987 1187
58 -217 -1964 600 1312 -986 1188
59 -219 -1964 598 1310 -987 1187
60 -218 -1965 604 1310 -984 1188
61 -216 -1969 599 1315 -986 1188
62 -219 -1967 600 1315 -985 1188
63 -221 -1968 601 1309 -986 1188
64 -219 -1961 598 1308 -989 1186
65 -218 -1966 601 1314 -986 1187
66 -217 -1965 598 1310 -984 1188
67 -215 -1963 600 1312 -985 1185
68 -217 -1965 602 1311 -984 1188
69 -218 -1963 605 1312 -983 1189
70 -216 -1964 600 1314 -983 1188
71 -217 -1966 599 1309 -984 1188
72 -218 -1965 598 1310 -985 1185
73 -218 -1965 598 1310 -986 1185
74 -217 -1965 602 1310 -985 1186
75 -218 -1965 601 1309 -985 1187
76 -220 -1963 602 1312 -986 1189
77 -218 -1967 602 1311 -987 1188
78 -220 -1964 601 1310 -984 1189
79 -221 -1967 600 1308 -984 1189
80 -220 -1966 602 1310 -982 1186
81 -217 -1964 600 1310 -986 1187
82 -219 -1964 599 1311 -984 1188
83 -220 -1964 600 1311 -987 1186
84 -218 -1964 602 1311 -984 1188
85 -218 -1963 602 1310 -987 1189
86 -218 -1965 604 1311 -987 1189
87 -216 -1963 598 1311 -982 1186
88 -218 -1965 599 1312 -986 1187
89 -217 -1965 600 1312 -984 1188
90 -219 -1963 599 1312 -985 1186
91 -217 -1966 599 1310 -985 1186
92 -216 -1965 601 1309 -987 1186
93 -220 -1966 599 1309 -984 1189
94 -216 -1963 601 1312 -983 1187
95 -218 -1963 600 1310 -982 1189
96 -219 -1963 603 1311 -985 1189
97 -218 -1964 600 1313 -986 1188
98 -218 -1964 603 1313 -982 1190
99 -220 -1962 603 1313 -980 1191
100 -218 -1966 600 1310 -988 1188
101 -216 -1968 599 1308 -985 1187
102 -219 -1966 603 1314 -984 1188
103 -218 -1966 600 1310 -986 1189
104 -219 -1966 603 1311 -985 1187
105 -218 -1964 598 1311 -988 1187
106 -217 -1967 599 1313 -986 1188
107 -218 -1963 604 1313 -984 1191
108 -216 -1964 601 1314 -983 1188
109 -217 -1966 601 1312 -983 1187
110 -219 -1963 598 1312 -989 1189
111 -218 -1962 601 1313 -984 1187
112 -220 -1968 601 1311 -986 1184
113 -219 -1967 600 1313 -984 1188
114 -219 -1965 601 1310 -983 1184
115 -217 -1965 602 1312 -984 1189
116 -216 -1964 601 1311 -988 1188
117 -218 -1965 603 1308 -984 1186
118 -221 -1967 600 1307 -985 1187
119 -220 -1966 602 1309 -984 1184
120 -219 -1968 600 1306 -981 1188
121 -220 -1966 596 1304 -983 1189
122 -219 -1967 600 1305 -984 1186
123 -222 -1967 600 1309 -986 1189
124 -221 -1968 601 1310 -984 1185
125 -221 -1967 603 1311 -986 1188
126 -220 -1965 598 1310 -987 1185
127 -222 -1969 596 1306 -990 1183
128 -220 -1968 599 1309 -986 1188
129 -220 -1968 598 1313 -985 1187
130 -220 -1966 597 1308 -985 1188
131 -222 -1967 596 1310 -986 1186
132 -218 -1965 598 1311 -989 1184
133 -218 -1964 600 1311 -985 1191
134 -215 -1965 600 1310 -984 1187
135 -220 -1968 597 1311 -983 1189
136 -220 -1962 601 1310 -986 1183
137 -219 -1963 602 1313 -983 1188
138 -219 -1964 601 1313 -983 1187
139 -218 -1967 599 1311 -985 1185
140 -216 -1967 600 1308 -984 1188
141 -217 -1963 602 1307 -983 1187
142 -219 -1963 600 1308 -986 1188
143 -217 -1964 602 1312 -983 1185
144 -219 -1966 598 1308 -986 1188
145 -221 -1965 599 1313 -981 1189
146 -220 -1966 600 1306 -985 1188
147 -220 -1963 601 1312 -986 1185
148 -218 -1965 599 1308 -987 1190
149 -216 -1966 600 1311 -985 1187
150 -220 -1967 600 1310 -986 1184
151 -222 -1966 601 1311 -986 1188
152 -220 -1969 598 1308 -986 1187
153 -220 -1967 597 1308 -986 1188
154 -219 -1967 600 1312 -984 1186
155 -217 -1965 600 1312 -985 1188
156 -218 -1963 601 1310 -985 1189
157 -217 -1964 601 1312 -982 1191
158 -219 -1967 600 1310 -982 1188
159 -219 -1966 599 1309 -984 1186
160 -216 -1965 603 1311 -982 1188
161 -220 -1966 601 1309 -985 1188
162 -218 -1964 601 1310 -985 1186
163 -221 -1965 601 1307 -984 1186
164 -217 -1961 602 1312 -982 1188
165 -220 -1965 602 1311 -986 1189
166 -220 -1965 602 1310 -984 1189
167 -218 -1966 603 1311 -986 1189
168 -220 -1963 602 1313 -985 1186
169 -219 -1964 601 1309 -984 1186
170 -219 -1966 600 1314 -984 1188
171 -218 -1967 602 1310 -983 1190
172 -216 -1963 601 1313 -987 1186
173 -222 -1966 599 1314 -984 1186
174 -218 -1968 602 1312 -982 1189
175 -216 -1969 602 1313 -984 1187
176 -219 -1965 600 1309 -982 1186
177 -219 -1967 600 1310 -991 1185
178 -220 -1964 601 1313 -981 1185
179 -220 -1965 599 1310 -987 1187
180 -216 -1964 604 1313 -984 1187
181 -215 -1963 599 1309 -979 1188
182 -217 -1964 599 1310 -987 1188
183 -218 -1965 604 1309 -982 1188
184 -217 -1964 601 1309 -985 1190
185 -215 -1965 603 1310 -984 1187
186 -218 -1963 600 1314 -982 1189
187 -218 -1964 602 1310 -985 1187
188 -217 -1963 602 1311 -985 1187
189 -220 -1964 598 1308 -988 1186
190 -217 -1964 602 1309 -987 1187
191 -218 -1966 602 1313 -983 1188
192 -217 -1964 600 1311 -990 1186
193 -219 -1965 597 1310 -984 1186
194 -218 -1966 600 1316 -984 1187
195 -216 -1967 600 1310 -986 1189
196 -215 -1965 601 1311 -984 1190
197 -217 -1966 600 1313 -982 1187
198 -216 -1965 601 1312 -982 1188
199 -216 -1966 602 1310 -984 1186
200 -215 -1961 606 1314 -984 1189
201 -219 -1964 603 1312 -981 1190
202 -216 -1964 602 1312 -982 1188
203 -216 -1965 603 1311 -984 1186
204 -218 -1965 600 1310 -982 1188
205 -215 -1963 604 1314 -983 1190
206 -219 -1964 602 1309 -981 1188
207 -215 -1966 602 1313 -980 1189
208 -216 -1962 602 1312 -980 1192
209 -214 -1961 603 1308 -981 1190
210 -218 -1961 603 1311 -986 1188
211 -218 -1962 602 1310 -987 1185
212 -215 -1965 602 1311 -986 1187
213 -220 -1965 600 1313 -984 1190
214 -217 -1965 604 1313 -984 1188
215 -218 -1962 603 1314 -985 1188
216 -218 -1966 601 1311 -983 1191
217 -216 -1966 601 1313 -983 1189
218 -219 -1965 601 1316 -986 1189
219 -218 -1961 603 1312 -984 1189
220 -218 -1964 600 1313 -982 1186
221 -214 -1959 602 1312 -984 1188
222 -217 -1963 602 1312 -982 1188
223 -215 -1960 601 1313 -982 1189
224 -215 -1964 603 1316 -985 1186
225 -214 -1964 601 1311 -985 1188
226 -217 -1961 604 1313 -982 1193
227 -217 -1965 603 1314 -982 1190
228 -218 -1964 603 1311 -980 1185
229 -218 -1963 600 1310 -981 1190
230 -217 -1963 605 1310 -982 1189
231 -215 -1964 603 1312 -983 1189
232 -220 -1964 603 1308 -982 1189
233 -213 -1963 601 1313 -985 1192
234 -218 -1966 600 1311 -984 1190
235 -218 -1965 600 1310 -986 1184
236 -217 -1965 602 1314 -985 1189
237 -217 -1964 600 1310 -985 1189
238 -218 -1965 600 1313 -984 1190
239 -217 -1962 600 1313 -983 1188
240 -217 -1965 603 1313 -982 1187
241 -215 -1964 601 1312 -986 1188
242 -214 -1962 602 1312 -980 1190
243 -217 -1964 600 1312 -984 1190
244 -220 -1963 602 1312 -984 1189
245 -217 -1962 605 1312 -987 1191
246 -214 -1963 602 1314 -982 1189
247 -220 -1965 600 1306 -983 1187
248 -220 -1962 600 1313 -984 1193
249 -217 -1967 604 1314 -983 1188
250 -215 -1962 603 1313 -982 1190
251 -216 -1961 603 1312 -983 1189
252 -219 -1963 601 1310 -983 1190
253 -218 -1965 603 1311 -983 1191
254 -216 -1963 601 1313 -984 1191
255 -218 -1963 602 1308 -983 1191
256 -221 -1964 603 1310 -983 1190
257 -217 -1965 604 1312 -983 1186
258 -219 -1966 604 1311 -983 1190
259 -216 -1963 601 1313 -984 1188
260 -217 -1965 601 1312 -984 1188
261 -216 -1965 602 1314 -985 1189
262 -216 -1961 604 1313 -984 1189
263 -216 -1964 603 1313 -985 1190
264 -218 -1961 600 1307 -980 1187
265 -216 -1963 601 1313 -980 1187
266 -218 -1966 601 1311 -983 1189
267 -215 -1966 598 1308 -980 1189
268 -217 -1961 603 1312 -981 1186
269 -216 -1964 602 1310 -984 1191
270 -220 -1964 602 1308 -986 1189
271 -215 -1963 601 1311 -983 1188
272 -219 -1961 602 1310 -984 1188
273 -220 -1964 603 1308 -986 1188
274 -215 -1962 604 1313 -983 1190
275 -215 -1964 603 1310 -985 1191
276 -216 -1965 602 1309 -983 1189
277 -218 -1964 602 1313 -982 1189
278 -219 -1966 600 1309 -987 1187
279 -218 -1966 602 1311 -985 1188
280 -217 -1964 601 1310 -983 1187
281 -218 -1964 600 1317 -982 1187
282 -218 -1965 600 1312 -985 1188
283 -221 -1966 597 1315 -984 1189
284 -217 -1963 603 1313 -982 1187
285 -218 -1962 603 1312 -983 1189
286 -219 -1963 606 1311 -983 1188
287 -218 -1965 598 1312 -982 1191
288 -216 -1965 602 1313 -981 1190
289 -214 -1959 600 1310 -982 1190
290 -216 -1963 602 1312 -982 1189
291 -215 -1963 603 1309 -982 1191
292 -218 -1963 602 1313 -983 1189
293 -220 -1964 604 1312 -980 1187
294 -219 -1967 599 1308 -985 1189
295 -216 -1965 600 1310 -983 1188
296 -216 -1963 600 1311 -985 1188
297 -217 -1964 602 1313 -980 1189
298 -216 -1963 601 1312 -982 1193
299 -220 -1965 603 1312 -981 1190
300 -219 -1964 599 1311 -983 1191
301 -219 -1965 603 1310 -986 1189
302 -217 -1965 599 1311 -986 1188
303 -217 -1963 601 1312 -984 1189
304 -217 -1964 602 1311 -983 1189
305 -216 -1966 600 1313 -986 1190
306 -220 -1963 603 1314 -985 1187
307 -217 -1966 604 1313 -983 1188
308 -218 -1966 602 1312 -986 1190
309 -220 -1963 602 1310 -984 1191
310 -215 -1962 602 1311 -983 1189
311 -217 -1965 601 1309 -983 1188
312 -219 -1964 601 1310 -983 1189
313 -219 -1965 605 1309 -984 1190
314 -217 -1966 603 1308 -980 1190
315 -216 -1964 603 1310 -983 1190
316 -213 -1965 603 1311 -983 1189
317 -216 -1965 602 1310 -981 1188
318 -218 -1961 604 1313 -983 1189
319 -218 -1965 603 1310 -983 1191
320 -220 -1966 601 1309 -982 1190
321 -219 -1968 601 1309 -984 1186
322 -217 -1964 600 1312 -986 1185
323 -216 -1966 601 1312 -983 1189
324 -217 -1963 601 1311 -985 1191
325 -217 -1964 601 1314 -986 1186
326 -218 -1965 598 1312 -984 1188
327 -216 -1965 604 1311 -985 1189
328 -217 -1965 600 1314 -982 1189
329 -218 -1964 601 1311 -983 1186
330 -216 -1964 603 1313 -985 1189
331 -218 -1965 601 1309 -983 1190
332 -221 -1966 601 1309 -985 1190
333 -218 -1964 602 1310 -985 1188
334 -220 -1963 601 1307 -984 1191
335 -216 -1961 602 1311 -983 1187
336 -219 -1962 602 1310 -987 1187
337 -218 -1966 603 1311 -983 1189
338 -218 -1965 600 1311 -982 1189
339 -219 -1962 602 1308 -985 1187
340 -217 -1963 600 1312 -985 1191
341 -218 -1966 604 1312 -981 1189
342 -219 -1964 602 1308 -984 1188
343 -218 -1964 604 1310 -984 1191
344 -217 -1963 600 1312 -985 1187
345 -221 -1964 598 1310 -985 1186
346 -217 -1964 601 1311 -985 1188
347 -220 -1963 598 1312 -986 1189
348 -216 -1964 600 1313 -981 1187
349 -218 -1963 600 1315 -987 1189
350 -217 -1963 601 1315 -984 1188
351 -218 -1966 601 1309 -986 1188
352 -219 -1969 601 1310 -986 1188
353 -218 -1963 599 1313 -985 1188
354 -217 -1965 597 1311 -985 1187
355 -220 -1964 600 1308 -987 1184
356 -215 -1965 600 1313 -980 1185
357 -216 -1966 600 1311 -986 1189
358 -220 -1961 606 1310 -988 1187
359 -217 -1963 599 1314 -983 1189
360 -218 -1969 600 1308 -983 1187
361 -219 -1965 598 1311 -983 1189
362 -217 -1961 602 1312 -982 1189
363 -217 -1964 601 1310 -985 1189
364 -218 -1966 596 1312 -985 1190
365 -216 -1963 599 1308 -983 1189
366 -217 -1962 603 1310 -980 1188
367 -218 -1965 600 1310 -984 1187
368 -219 -1965 598 1314 -986 1188
369 -217 -1965 601 1312 -984 1187
370 -216 -1963 600 1314 -983 1189
371 -216 -1965 601 1316 -982 1189
372 -218 -1965 603 1314 -984 1188
373 -216 -1965 600 1313 -982 1188
374 -216 -1965 603 1311 -981 1189
375 -216 -1962 601 1311 -983 1189
376 -219 -1966 603 1315 -983 1187
377 -214 -1963 600 1313 -984 1186
378 -217 -1963 600 1311 -982 1189
379 -217 -1962 601 1310 -982 1188
380 -218 -1963 600 1314 -982 1190
381 -218 -1964 601 1311 -982 1188
382 -217 -1965 601 1310 -983 1186
383 -216 -1962 602 1310 -983 1189
384 -219 -1966 603 1308 -984 1191
385 -218 -1966 601 1309 -986 1187
386 -219 -1964 601 1307 -985 1189
387 -219 -1966 598 1306 -985 1187
388 -217 -1968 602 1313 -983 1188
389 -216 -1967 602 1311 -985 1188
390 -218 -1969 602 1312 -984 1189
391 -216 -1966 598 1312 -984 1187
392 -219 -1967 602 1311 -982 1189
393 -217 -1966 598 1312 -987 1186
394 -215 -1962 600 1312 -986 1190
395 -217 -1966 603 1315 -984 1186
396 -219 -1963 601 1310 -984 1185
397 -220 -1962 599 1313 -987 1185
398 -217 -1964 599 1311 -985 1185
399 -219 -1964 602 1312 -982 1188
400 -220 -1965 601 1311 -984 1188
401 -217 -1964 604 1312 -984 1188
402 -218 -1964 603 1311 -985 1186
403 -217 -1962 603 1312 -985 1190
404 -217 -1961 602 1312 -982 1188
405 -214 -1963 601 1314 -980 1190
406 -217 -1967 601 1309 -981 1190
407 -219 -1967 598 1313 -984 1189
408 -216 -1965 600 1313 -984 1187
409 -221 -1965 604 1313 -987 1189
410 -218 -1963 600 1311 -984 1189
411 -218 -1968 603 1313 -986 1187
412 -217 -1966 601 1313 -985 1185
413 -214 -1964 602 1313 -986 1188
414 -217 -1965 601 1312 -986 1190
415 -216 -1964 602 1312 -984 1188
416 -221 -1963 599 1315 -984 1188
417 -218 -1963 599 1312 -986 1187
418 -218 -1963 601 1312 -988 1188
419 -220 -1963 602 1314 -985 1189
420 -218 -1964 600 1311 -982 1189
421 -216 -1963 603 1309 -984 1186
422 -218 -1962 599 1312 -984 1186
423 -217 -1965 599 1311 -985 1188
424 -220 -1964 601 1312 -984 1186
425 -221 -1966 599 1312 -986 1186
426 -218 -1964 602 1310 -983 1187
427 -213 -1963 601 1311 -982 1187
428 -220 -1969 595 1314 -984 1189
429 -219 -1964 601 1309 -985 1189
430 -216 -1965 600 1309 -987 1187
431 -218 -1967 598 1312 -982 1188
432 -219 -1967 600 1313 -985 1187
433 -218 -1966 601 1310 -986 1188
434 -219 -1966 601 1314 -983 1187
435 -217 -1966 599 1313 -984 1190
436 -217 -1967 601 1314 -984 1188
437 -217 -1963 602 1311 -984 1190
438 -219 -1962 604 1314 -983 1189
439 -218 -1964 603 1311 -985 1189
440 -217 -1962 599 1311 -988 1185
441 -218 -1963 601 1312 -985 1189
442 -218 -1963 601 1313 -986 1185
443 -218 -1965 600 1311 -987 1191
444 -218 -1964 600 1310 -983 1189
445 -218 -1962 601 1311 -983 1188
446 -220 -1965 601 1313 -982 1190
447 -215 -1965 604 1310 -982 1189
448 -219 -1963 602 1310 -982 1191
449 -216 -1965 600 1308 -987 1189
450 -217 -1965 603 1313 -984 1189
451 -216 -1963 601 1311 -988 1187
452 -217 -1965 600 1308 -984 1188
453 -215 -1965 605 1311 -983 1191
454 -217 -1964 601 1309 -985 1189
455 -218 -1964 600 1309 -982 1188
456 -218 -1965 597 1311 -987 1189
457 -218 -1965 600 1313 -984 1188
458 -215 -1965 602 1310 -986 1188
459 -220 -1963 598 1313 -986 1183
460 -215 -1961 601 1309 -985 1185
461 -218 -1963 600 1312 -986 1188
462 -220 -1966 600 1314 -982 1186
463 -217 -1965 599 1312 -986 1189
464 -214 -1965 600 1310 -986 1188
465 -219 -1963 599 1309 -987 1187
466 -216 -1962 602 1312 -986 1188
467 -218 -1962 603 1313 -983 1189
468 -218 -1964 600 1313 -983 1189
469 -214 -1962 601 1310 -985 1189
470 -216 -1964 599 1310 -982 1191
471 -218 -1962 599 1311 -983 1187
472 -218 -1966 600 1311 -984 1188
473 -217 -1963 601 1309 -981 1189
474 -219 -1965 598 1309 -984 1188
475 -219 -1967 599 1309 -984 1188
476 -214 -1966 601 1313 -984 1189
477 -215 -1962 600 1312 -984 1187
478 -218 -1965 601 1314 -985 1189
479 -216 -1966 601 1313 -985 1187
480 -219 -1963 600 1314 -984 1187
481 -215 -1964 601 1315 -983 1189
482 -217 -1964 602 1313 -984 1187
483 -218 -1965 600 1314 -984 1189
484 -220 -1965 600 1312 -987 1187
485 -217 -1967 601 1311 -987 1189
486 -218 -1964 602 1311 -980 1190
487 -221 -1965 600 1312 -986 1186
488 -217 -1964 599 1310 -985 1187
489 -219 -1962 603 1310 -982 1189
490 -216 -1965 604 1311 -983 1188
491 -216 -1964 600 1313 -984 1190
492 -217 -1963 602 1311 -984 1188
493 -216 -1964 601 1310 -983 1189
494 -215 -1964 601 1309 -983 1188
495 -215 -1965 601 1311 -984 1186
496 -213 -1965 602 1311 -984 1189
497 -219 -1966 598 1310 -984 1187
498 -218 -1965 601 1312 -984 1188
499 -218 -1965 601 1314 -986 1184
500 -216 -1964 600 1312 -983 1188
501 -215 -1963 601 1310 -984 1189
502 -215 -1963 601 1314 -984 1189
503 -219 -1963 602 1312 -980 1187
504 -217 -1964 603 1313 -985 1188
505 -218 -1965 603 1312 -982 1189
506 -219 -1964 602 1311 -982 1190
507 -216 -1960 601 1310 -983 1190
508 -218 -1962 604 1315 -982 1190
509 -218 -1964 604 1311 -986 1190
510 -217 -1966 602 1311 -986 1188
511 -217 -1965 601 1310 -986 1189
512 -217 -1963 602 1313 -983 1188
513 -218 -1963 604 1315 -983 1188
514 -218 -1962 602 1313 -982 1187
515 -218 -1963 604 1311 -984 1188
516 -218 -1966 602 1311 -984 1189
517 -217 -1966 600 1314 -978 1192
518 -217 -1965 601 1311 -985 1188
519 -216 -1965 603 1312 -986 1187
520 -218 -1964 600 1310 -982 1187
521 -218 -1966 601 1313 -982 1189
522 -216 -1962 601 1312 -982 1191
523 -213 -1963 600 1315 -982 1191
524 -216 -1966 598 1311 -984 1188
525 -217 -1964 601 1310 -983 1191
526 -217 -1964 599 1310 -984 1188
527 -218 -1967 596 1314 -987 1187
528 -219 -1966 603 1310 -986 1190
529 -220 -1970 599 1313 -983 1188
530 -216 -1963 602 1312 -986 1189
531 -220 -1962 600 1312 -985 1188
532 -220 -1965 600 1312 -985 1189
533 -216 -1964 602 1310 -985 1189
534 -216 -1961 604 1313 -984 1189
535 -217 -1963 600 1312 -984 1191
536 -219 -1967 601 1310 -989 1190
537 -216 -1965 603 1308 -985 1187
538 -216 -1962 604 1312 -980 1187
539 -216 -1966 599 1308 -984 1187
540 -221 -1966 601 1311 -981 1187
541 -215 -1965 601 1313 -983 1187
542 -217 -1967 600 1309 -984 1186
543 -218 -1966 601 1312 -983 1190
544 -219 -1965 600 1311 -985 1183
545 -222 -1969 596 1312 -984 1185
546 -216 -1964 601 1313 -981 1190
547 -219 -1964 602 1314 -983 1192
548 -219 -1964 601 1310 -987 1183
549 -217 -1963 603 1313 -984 1187
550 -219 -1963 600 1313 -985 1184
551 -217 -1964 603 1311 -984 1187
552 -216 -1963 601 1312 -984 1189
553 -218 -1965 602 1313 -981 1189
554 -218 -1962 599 1310 -984 1186
555 -218 -1966 603 1310 -983 1188
556 -214 -1964 600 1310 -983 1188
557 -218 -1965 603 1311 -982 1188
558 -213 -1965 602 1313 -985 1188
559 -220 -1965 599 1310 -983 1188
560 -218 -1968 600 1311 -984 1186
561 -217 -1966 600 1309 -986 1189
562 -218 -1966 601 1309 -986 1188
563 -216 -1967 602 1312 -987 1189
564 -219 -1965 599 1316 -986 1188
565 -218 -1964 595 1310 -985 1187
566 -214 -1964 603 1310 -984 1189
567 -218 -1962 600 1312 -982 1189
568 -219 -1962 605 1314 -983 1183
569 -216 -1965 600 1316 -979 1187
570 -217 -1964 601 1309 -984 1190
571 -219 -1964 600 1312 -986 1186
572 -218 -1964 600 1312 -982 1188
573 -215 -1966 604 1312 -983 1188
574 -219 -1965 602 1311 -983 1189
575 -218 -1965 600 1310 -984 1187
576 -214 -1964 600 1311 -984 1188
577 -217 -1965 600 1313 -984 1192
578 -220 -1966 599 1313 -980 1188
579 -218 -1966 602 1312 -984 1189
580 -221 -1962 604 1310 -983 1186
581 -218 -1964 602 1309 -982 1190
582 -217 -1967 600 1308 -984 1189
583 -215 -1966 601 1311 -984 1186
584 -218 -1968 601 1312 -985 1186
585 -217 -1967 599 1311 -984 1191
586 -217 -1966 598 1312 -986 1187
587 -220 -1967 599 1310 -984 1187
588 -214 -1965 603 1313 -986 1187
589 -215 -1964 598 1310 -981 1191
590 -215 -1967 601 1314 -979 1188
591 -217 -1962 601 1313 -984 1188
592 -219 -1962 598 1312 -986 1189
593 -219 -1966 599 1313 -984 1187
594 -221 -1965 600 1316 -984 1187
595 -219 -1963 603 1313 -983 1192
596 -218 -1962 605 1313 -984 1187
597 -217 -1965 602 1313 -985 1189
598 -215 -1967 601 1312 -984 1188
599 -217 -1962 602 1307 -982 1189
600 -217 -1960 603 1312 -982 1191
601 -219 -1962 604 1312 -980 1188
602 -216 -1963 600 1311 -987 1187
603 -216 -1963 602 1309 -983 1188
604 -216 -1963 600 1312 -985 1188
605 -219 -1968 602 1312 -986 1189
606 -215 -1966 597 1313 -985 1190
607 -218 -1963 604 1313 -983 1189
608 -213 -1965 599 1310 -986 1188
609 -217 -1965 600 1311 -984 1191
610 -219 -1964 602 1314 -983 1188
611 -216 -1963 606 1314 -983 1187
612 -216 -1963 601 1310 -984 1192
613 -216 -1967 600 1313 -981 1189
614 -217 -1963 603 1315 -984 1190
615 -218 -1966 601 1312 -984 1188
616 -216 -1963 602 1312 -984 1192
617 -217 -1961 604 1310 -983 1189
618 -217 -1962 604 1313 -981 1187
619 -217 -1961 602 1312 -981 1191
620 -216 -1963 603 1313 -980 1190
621 -214 -1961 602 1316 -980 1191
622 -216 -1958 602 1310 -981 1189
623 -215 -1964 602 1312 -983 1187
624 -216 -1964 604 1312 -978 1187
625 -217 -1961 602 1311 -982 1189
626 -216 -1964 602 1312 -984 1189
627 -218 -1964 604 1313 -983 1188
628 -214 -1965 604 1316 -983 1189
629 -215 -1967 600 1312 -983 1189
630 -217 -1966 601 1318 -983 1187
631 -214 -1963 603 1314 -984 1191
632 -214 -1964 601 1312 -987 1190
633 -215 -1963 603 1315 -984 1187
634 -218 -1960 602 1315 -982 1189
635 -219 -1965 599 1313 -985 1192
636 -218 -1963 602 1313 -981 1189
637 -214 -1963 604 1313 -984 1189
638 -217 -1968 599 1311 -985 1189
639 -216 -1965 603 1311 -983 1190
640 -218 -1964 600 1312 -980 1191
641 -217 -1962 602 1314 -983 1189
642 -216 -1966 602 1311 -982 1188
643 -216 -1964 605 1314 -982 1191
644 -217 -1965 602 1312 -981 1190
645 -216 -1965 605 1313 -982 1188
646 -218 -1963 600 1312 -983 1192
647 -212 -1964 604 1318 -981 1190
648 -217 -1964 601 1310 -984 1185
649 -218 -1965 603 1313 -983 1186
650 -220 -1966 601 1309 -983 1188
651 -215 -1965 603 1313 -982 1188
652 -218 -1966 600 1313 -983 1188
653 -217 -1962 601 1311 -982 1191
654 -216 -1964 604 1311 -984 1191
655 -217 -1965 600 1317 -983 1189
656 -215 -1962 602 1313 -984 1189
657 -219 -1966 604 1312 -979 1191
658 -218 -1961 602 1313 -980 1189
659 -215 -1965 599 1311 -984 1189
660 -216 -1963 603 1313 -983 1189
661 -216 -1963 600 1311 -983 1189
662 -219 -1964 602 1313 -981 1190
663 -218 -1963 601 1313 -980 1188
664 -219 -1963 603 1309 -981 1188
665 -217 -1963 602 1312 -982 1189
666 -216 -1964 603 1308 -982 1192
667 -216 -1964 605 1309 -981 1189
668 -217 -1965 600 1311 -985 1188
669 -216 -1966 601 1314 -985 1187
670 -215 -1964 603 1309 -984 1189
671 -218 -1964 604 1309 -983 1188
672 -216 -1964 603 1308 -985 1186
673 -218 -1965 600 1311 -986 1187
674 -219 -1964 600 1315 -982 1186
675 -218 -1965 600 1312 -983 1189
676 -214 -1964 603 1312 -980 1190
677 -216 -1961 604 1316 -981 1191
678 -214 -1964 604 1310 -981 1191
679 -216 -1962 602 1311 -978 1191
680 -218 -1965 600 1310 -981 1188
681 -217 -1963 602 1313 -985 1187
682 -217 -1963 603 1313 -982 1189
683 -214 -1963 602 1310 -981 1189
684 -215 -1960 603 1313 -982 1190
685 -217 -1966 599 1310 -982 1191
686 -218 -1963 600 1309 -983 1190
687 -216 -1963 604 1310 -982 1190
688 -214 -1961 605 1311 -981 1190
689 -215 -1964 605 1315 -982 1193
690 -217 -1961 602 1310 -982 1191
691 -215 -1964 603 1308 -984 1189
692 -215 -1962 602 1312 -982 1187
693 -214 -1962 603 1308 -983 1188
694 -216 -1962 604 1311 -982 1193
695 -215 -1964 605 1315 -983 1190
696 -211 -1960 602 1313 -982 1192
697 -213 -1961 602 1314 -984 1190
698 -216 -1961 604 1314 -981 1193
699 -214 -1963 603 1313 -979 1190
700 -216 -1964 602 1310 -983 1187
701 -216 -1964 604 1312 -983 1190
702 -217 -1964 602 1311 -980 1189
703 -216 -1964 603 1312 -984 1192
704 -215 -1962 601 1313 -981 1191
705 -217 -1961 604 1311 -981 1189
706 -213 -1966 604 1313 -981 1188
707 -215 -1963 604 1312 -981 1193
708 -215 -1964 604 1312 -982 1192
709 -219 -1962 604 1310 -982 1192
710 -216 -1964 601 1309 -986 1189
711 -216 -1963 601 1310 -982 1192
712 -221 -1968 601 1312 -985 1186
713 -218 -1963 603 1310 -981 1188
714 -216 -1961 602 1310 -986 1187
715 -216 -1963 602 1311 -981 1190
716 -217 -1964 604 1311 -985 1188
717 -215 -1965 601 1314 -987 1189
718 -216 -1963 604 1313 -984 1189
719 -218 -1963 601 1313 -983 1189
720 -213 -1963 603 1314 -981 1192
721 -214 -1961 604 1311 -982 1188
722 -217 -1962 603 1312 -981 1190
723 -214 -1963 604 1311 -983 1191
724 -214 -1964 604 1315 -982 1189
725 -214 -1960 601 1310 -981 1191
726 -216 -1961 604 1311 -981 1191
727 -215 -1964 604 1314 -983 1193
728 -218 -1962 600 1310 -982 1187
729 -215 -1963 600 1313 -981 1191
730 -217 -1963 603 1311 -980 1189
731 -216 -1962 604 1316 -984 1191
732 -220 -1963 604 1310 -981 1191
733 -218 -1966 602 1313 -984 1189
734 -217 -1964 602 1311 -982 1187
735 -216 -1964 605 1313 -984 1190
736 -214 -1965 600 1309 -982 1186
737 -214 -1963 603 1314 -980 1189
738 -214 -1964 604 1312 -982 1191
739 -216 -1961 604 1316 -982 1191
740 -214 -1962 603 1316 -979 1192
741 -214 -1961 602 1314 -982 1190
742 -212 -1962 604 1312 -979 1190
743 -214 -1961 604 1313 -982 1191
744 -218 -1961 603 1313 -982 1192
745 -215 -1962 606 1311 -980 1191
746 -216 -1960 606 1315 -983 1190
747 -215 -1964 604 1313 -984 1189
748 -215 -1959 604 1314 -979 1190
749 -217 -1963 602 1313 -980 1189
750 -216 -1961 603 1309 -981 1189
751 -218 -1961 604 1316 -980 1192
752 -216 -1964 604 1310 -983 1186
753 -215 -1963 601 1311 -983 1188
754 -217 -1962 601 1308 -981 1189
755 -214 -1963 604 1309 -980 1190
756 -215 -1964 599 1311 -979 1189
757 -216 -1960 604 1310 -984 1187
758 -214 -1963 598 1309 -982 1192
759 -217 -1963 605 1311 -982 1188
760 -214 -1960 602 1312 -982 1191
761 -213 -1963 604 1313 -984 1187
762 -217 -1962 605 1315 -980 1188
763 -215 -1962 602 1313 -981 1189
764 -218 -1958 605 1313 -982 1190
765 -214 -1964 598 1312 -984 1192
766 -215 -1964 601 1310 -981 1189
767 -216 -1964 601 1311 -983 1189
768 -213 -1963 603 1311 -984 1187
769 -215 -1960 602 1314 -983 1189
770 -217 -1963 603 1316 -981 1189
771 -216 -1966 602 1312 -983 1191
772 -218 -1964 606 1312 -981 1189
773 -216 -1962 603 1313 -980 1189
774 -214 -1964 604 1316 -983 1191
775 -216 -1967 601 1308 -980 1191
776 -220 -1964 603 1312 -983 1191
777 -218 -1966 604 1311 -984 1190
778 -215 -1964 604 1314 -982 1190
779 -217 -1962 605 1311 -982 1189
780 -214 -1965 606 1311 -986 1192
781 -216 -1964 602 1312 -982 1191
782 -216 -1962 602 1315 -983 1190
783 -216 -1965 604 1313 -981 1192
784 -216 -1963 601 1312 -980 1193
785 -214 -1964 604 1314 -979 1189
786 -216 -1964 604 1314 -982 1189
787 -214 -1964 605 1313 -981 1190
788 -219 -1965 601 1310 -985 1187
789 -219 -1964 600 1312 -985 1188
790 -219 -1961 602 1312 -983 1188
791 -220 -1966 600 1312 -985 1188
792 -216 -1962 602 1311 -981 1187
793 -218 -1962 602 1311 -981 1188
794 -214 -1961 602 1312 -981 1190
795 -216 -1960 602 1311 -983 1188
796 -216 -1963 603 1311 -982 1189
797 -217 -1965 600 1310 -983 1188
798 -215 -1962 602 1310 -981 1188
799 -215 -1963 600 1309 -980 1190
800 -218 -1963 601 1312 -981 1189
801 -216 -1964 602 1313 -981 1189
802 -216 -1963 601 1313 -984 1189
803 -216 -1963 602 1310 -985 1190
804 -217 -1966 601 1309 -980 1188
805 -216 -1960 600 1312 -985 1189
806 -214 -1964 602 1312 -983 1187
807 -215 -1963 603 1316 -981 1190
808 -216 -1963 601 1310 -981 1189
809 -216 -1961 601 1312 -981 1192
810 -216 -1965 604 1310 -984 1190
811 -216 -1964 601 1313 -985 1188
812 -214 -1964 602 1313 -984 1188
813 -217 -1962 600 1313 -984 1190
814 -215 -1964 601 1308 -983 1190
815 -216 -1963 603 1311 -984 1190
816 -218 -1960 605 1314 -983 1187
817 -215 -1961 600 1311 -983 1189
818 -218 -1963 602 1310 -984 1188
819 -212 -1963 604 1312 -986 1186
820 -215 -1963 602 1310 -982 1190
821 -218 -1961 602 1310 -984 1188
822 -213 -1961 604 1312 -986 1189
823 -212 -1963 601 1310 -981 1191
824 -214 -1961 601 1313 -982 1188
825 -218 -1962 602 1313 -983 1190
826 -214 -1964 602 1312 -981 1191
827 -216 -1962 603 1311 -984 1190
828 -214 -1962 598 1311 -982 1190
829 -216 -1965 602 1313 -984 1191
830 -213 -1965 604 1315 -983 1189
831 -216 -1963 603 1310 -984 1190
832 -216 -1961 602 1311 -981 1189
833 -216 -1962 603 1312 -984 1190
834 -213 -1963 602 1312 -983 1191
835 -218 -1963 603 1313 -984 1190
836 -216 -1963 604 1310 -985 1190
837 -213 -1965 601 1310 -981 1189
838 -217 -1965 603 1310 -977 1189
839 -215 -1960 603 1315 -978 1191
840 -216 -1963 603 1314 -980 1191
841 -216 -1960 602 1314 -981 1187
842 -216 -1963 603 1312 -983 1188
843 -217 -1965 602 1311 -981 1190
844 -217 -1965 602 1313 -984 1187
845 -213 -1966 601 1314 -983 1193
846 -214 -1966 602 1314 -980 1192
847 -214 -1963 600 1313 -978 1188
848 -216 -1964 605 1313 -981 1189
849 -216 -1963 602 1311 -983 1188
850 -217 -1966 602 1313 -983 1190
851 -216 -1964 602 1313 -983 1189
852 -217 -1964 601 1308 -984 1190
853 -217 -1966 601 1311 -983 1191
854 -217 -1963 603 1307 -983 1191
855 -216 -1959 603 1311 -982 1188
856 -215 -1960 604 1314 -981 1188
857 -217 -1961 600 1311 -979 1192
858 -213 -1963 604 1310 -983 1190
859 -218 -1964 603 1310 -984 1191
860 -214 -1964 602 1307 -980 1189
861 -216 -1962 605 1311 -981 1190
862 -217 -1961 603 1308 -985 1191
863 -216 -1963 604 1310 -986 1190
864 -215 -1964 600 1312 -985 1190
865 -214 -1965 602 1313 -983 1189
866 -214 -1966 602 1314 -985 1187
867 -215 -1963 603 1313 -983 1190
868 -216 -1964 603 1316 -980 1191
869 -215 -1964 605 1311 -983 1189
870 -215 -1963 604 1311 -979 1190
871 -217 -1963 603 1313 -978 1189
872 -218 -1964 603 1310 -981 1192
873 -215 -1964 604 1313 -980 1189
874 -216 -1962 598 1308 -984 1188
875 -219 -1962 602 1313 -982 1188
876 -219 -1965 604 1312 -981 1189
877 -217 -1965 601 1312 -982 1190
878 -216 -1961 605 1313 -984 1188
879 -217 -1964 603 1312 -984 1189
880 -217 -1963 601 1313 -983 1190
881 -218 -1963 604 1312 -980 1193
882 -214 -1962 603 1310 -981 1190
883 -214 -1960 604 1311 -983 1192
884 -216 -1963 601 1306 -980 1187
885 -218 -1966 599 1313 -984 1187
886 -217 -1963 604 1314 -982 1189
887 -214 -1966 604 1315 -983 1188
888 -213 -1963 600 1312 -984 1190
889 -215 -1963 605 1312 -983 1191
890 -214 -1964 602 1312 -986 1192
891 -214 -1960 601 1314 -981 1194
892 -214 -1961 606 1313 -980 1190
893 -213 -1961 603 1314 -981 1190
894 -215 -1960 604 1313 -982 1193
895 -214 -1959 602 1312 -984 1190
896 -212 -1964 606 1317 -983 1189
897 -217 -1961 603 1314 -982 1189
898 -217 -1962 603 1312 -985 1189
899 -219 -1959 601 1312 -981 1192
900 -215 -1964 603 1313 -983 1188
901 -217 -1961 604 1315 -981 1190
902 -217 -1961 603 1312 -982 1190
903 -217 -1962 601 1313 -982 1189
904 -214 -1962 604 1308 -984 1191
905 -218 -1961 601 1312 -984 1188
906 -219 -1964 601 1313 -983 1190
907 -219 -1965 600 1310 -985 1192
908 -217 -1965 602 1311 -981 1189
909 -216 -1963 600 1312 -981 1192
910 -218 -1965 600 1313 -982 1189
911 -214 -1964 600 1312 -986 1189
912 -218 -1965 599 1311 -981 1189
913 -217 -1965 601 1308 -985 1186
914 -217 -1963 603 1310 -985 1188
915 -213 -1966 600 1312 -983 1189
916 -215 -1963 602 1311 -984 1189
917 -214 -1961 604 1315 -982 1191
918 -218 -1963 603 1311 -981 1190
919 -213 -1961 605 1316 -982 1190
920 -216 -1964 601 1315 -981 1189
921 -217 -1962 601 1312 -986 1187
922 -220 -1963 603 1312 -985 1190
923 -218 -1962 603 1313 -980 1189
924 -215 -1963 599 1313 -984 1192
925 -216 -1963 602 1312 -983 1189
926 -219 -1967 600 1310 -984 1186
927 -216 -1966 601 1314 -986 1187
928 -216 -1966 602 1314 -981 1190
929 -217 -1964 600 1311 -981 1188
930 -215 -1962 600 1311 -985 1189
931 -217 -1966 599 1314 -985 1189
932 -219 -1966 596 1312 -985 1186
933 -220 -1967 601 1312 -985 1187
934 -218 -1966 601 1313 -985 1187
935 -216 -1965 600 1310 -982 1190
936 -216 -1965 599 1312 -983 1188
937 -215 -1965 601 1313 -981 1189
938 -216 -1961 604 1309 -983 1191
939 -217 -1961 601 1309 -985 1189
940 -217 -1965 602 1312 -981 1192
941 -218 -1961 601 1314 -986 1189
942 -218 -1961 602 1311 -982 1187
943 -215 -1965 603 1310 -988 1188
944 -215 -1964 599 1311 -984 1189
945 -217 -1966 602 1314 -987 1191
946 -219 -1962 603 1312 -983 1189
947 -218 -1965 601 1314 -984 1188
948 -220 -1966 603 1312 -983 1189
949 -221 -1964 600 1310 -985 1187
950 -212 -1964 600 1310 -984 1189
951 -216 -1963 600 1315 -983 1193
952 -213 -1966 598 1313 -984 1190
953 -216 -1966 603 1312 -985 1187
954 -217 -1965 601 1312 -985 1192
955 -215 -1963 604 1311 -984 1188
956 -215 -1963 602 1311 -983 1191
957 -216 -1964 600 1310 -982 1187
958 -215 -1963 603 1313 -982 1189
959 -214 -1962 604 1311 -984 1189
960 -217 -1967 598 1311 -986 1188
961 -217 -1964 601 1309 -984 1184
962 -218 -1963 599 1310 -983 1188
963 -217 -1962 603 1313 -983 1190
964 -218 -1965 600 1313 -984 1190
965 -216 -1963 602 1313 -984 1188
966 -219 -1963 603 1314 -983 1189
967 -216 -1962 605 1313 -986 1189
968 -216 -1961 600 1310 -983 1189
969 -214 -1963 602 1314 -986 1188
970 -217 -1961 605 1309 -985 1188
971 -216 -1963 602 1312 -985 1189
972 -220 -1965 599 1312 -984 1187
973 -219 -1966 600 1311 -985 1186
974 -219 -1967 599 1314 -982 1189
975 -215 -1962 600 1311 -985 1184
976 -217 -1965 604 1310 -981 1189
977 -216 -1964 600 1313 -984 1188
978 -213 -1965 604 1312 -983 1189
979 -215 -1965 603 1314 -983 1189
980 -218 -1963 602 1314 -983 1189
981 -214 -1965 601 1315 -981 1186
982 -215 -1964 601 1312 -985 1191
983 -217 -1964 603 1317 -985 1189
984 -220 -1968 598 1307 -985 1190
985 -217 -1966 599 1313 -985 1188
986 -218 -1964 601 1310 -983 1190
987 -220 -1961 598 1311 -985 1189
988 -215 -1962 601 1313 -983 1191
989 -216 -1963 602 1310 -984 1188
990 -216 -1961 603 1311 -980 1187
991 -217 -1962 602 1314 -982 1191
992 -217 -1960 602 1312 -982 1190
993 -221 -1965 600 1313 -985 1187
994 -218 -1967 597 1312 -986 1187
995 -221 -1966 602 1313 -980 1188
996 -217 -1965 600 1312 -984 1188
997 -220 -1964 602 1312 -983 1186
998 -219 -1966 598 1310 -986 1187
999 -217 -1964 600 1312 -981 1191
0 2954 -7239 754 -4422 1954 6254
1 2957 -7238 756 -4419 1954 6253
2 2957 -7241 754 -4417 1955 6257
3 2954 -7242 753 -4420 1955 6253
4 2957 -7241 753 -4420 1954 6253
5 2953 -7241 756 -4418 1955 6253
6 2957 -7240 751 -4417 1953 6254
7 2952 -7241 753 -4418 1954 6253
8 2954 -7242 752 -4418 1954 6253
9 2954 -7236 752 -4417 1954 6255
10 2954 -7242 753 -4417 1951 6254
11 2956 -7237 751 -4417 1956 6253
12 2958 -7239 752 -4418 1953 6256
13 2955 -7241 750 -4416 1955 6256
14 2957 -7240 755 -4417 1956 6253
15 2953 -7241 752 -4416 1956 6256
16 2954 -7240 754 -4415 1955 6250
17 2955 -7239 751 -4415 1953 6253
18 2955 -7238 752 -4417 1951 6256
19 2954 -7240 753 -4413 1950 6253
20 2956 -7239 751 -4414 1951 6253
21 2954 -7239 753 -4415 1954 6253
22 2955 -7239 753 -4414 1953 6248
23 2954 -7237 752 -4415 1952 6253
24 2952 -7238 749 -4416 1952 6252
25 2952 -7238 755 -4415 1951 6251
26 2955 -7239 751 -4416 1951 6255
27 2952 -7237 752 -4412 1954 6251
28 2953 -7240 752 -4413 1952 6253
29 2953 -7243 751 -4416 1951 6250
30 2954 -7241 752 -4417 1949 6251
31 2952 -7240 752 -4415 1952 6249
32 2953 -7236 752 -4411 1951 6249
33 2956 -7241 751 -4414 1951 6251
34 2957 -7241 751 -4413 1954 6250
35 2955 -7241 753 -4412 1952 6252
36 2956 -7240 751 -4412 1953 6251
37 2951 -7238 747 -4416 1953 6251
38 2954 -7240 752 -4412 1950 6253
39 2954 -7243 750 -4411 1950 6251
40 2953 -7242 752 -4412 1951 6249
41 2952 -7242 751 -4412 1949 6251
42 2952 -7240 747 -4412 1948 6247
43 2952 -7237 753 -4410 1950 6249
44 2951 -7242 750 -4415 1951 6250
45 2950 -7239 753 -4413 1952 6251
46 2954 -7239 748 -4410 1953 6250
47 2951 -7241 750 -4411 1951 6248
48 2953 -7240 752 -4412 1946 6249
49 2955 -7238 751 -4412 1950 6250
50 2950 -7242 750 -4411 1949 6247
51 2951 -7241 747 -4414 1947 6244
52 2954 -7243 750 -4411 1952 6246
53 2950 -7241 746 -4411 1951 6245
54 2952 -7242 749 -4410 1951 6248
55 2951 -7243 748 -4411 1952 6245
56 2952 -7240 750 -4412 1950 6249
57 2955 -7240 747 -4414 1951 6248
58 2953 -7242 749 -4410 1952 6249
59 2951 -7241 747 -4412 1953 6249
60 2950 -7242 752 -4412 1950 6251
61 2953 -7242 753 -4412 1949 6251
62 2953 -7240 749 -4411 1952 6248
63 2952 -7238 749 -4414 1951 6250
64 2953 -7238 752 -4409 1953 6251
65 2956 -7239 750 -4410 1954 6252
66 2955 -7240 751 -4410 1952 6252
67 2953 -7236 752 -4410 1950 6251
68 2954 -7238 751 -4412 1953 6254
69 2954 -7239 751 -4408 1948 6249
70 2954 -7242 748 -4408 1950 6249
71 2952 -7243 749 -4410 1948 6250
72 2954 -7242 748 -4412 1949 6250
73 2954 -7241 750 -4408 1949 6252
74 2952 -7241 750 -4408 1951 6249
75 2954 -7246 750 -4409 1951 6249
76 2951 -7245 750 -4409 1951 6246
77 2953 -7240 747 -4413 1947 6251
78 2957 -7239 750 -4409 1951 6249
79 2952 -7241 749 -4408 1952 6246
80 2955 -7239 747 -4407 1952 6249
81 2955 -7235 748 -4408 1948 6249
82 2954 -7236 749 -4408 1951 6250
83 2953 -7241 750 -4410 1954 6252
84 2953 -7240 750 -4405 1952 6248
85 2952 -7237 750 -4407 1951 6253
86 2954 -7241 752 -4410 1950 6251
87 2952 -7237 753 -4407 1951 6249
88 2953 -7241 748 -4410 1948 6248
89 2952 -7240 753 -4407 1950 6251
90 2953 -7239 748 -4407 1949 6251
91 2954 -7242 751 -4409 1950 6250
92 2952 -7243 747 -4409 1951 6249
93 2953 -7240 750 -4408 1951 6247
94 2952 -7238 749 -4405 1953 6250
95 2950 -7240 748 -4409 1948 6249
96 2954 -7239 752 -4409 1948 6252
97 2954 -7240 749 -4407 1949 6249
98 2955 -7242 747 -4407 1949 6246
99 2954 -7241 748 -4405 1949 6248
100 2952 -7240 750 -4406 1951 6252
101 2957 -7243 749 -4407 1950 6250
102 2954 -7242 750 -4408 1948 6248
103 2954 -7241 748 -4408 1950 6247
104 2951 -7239 750 -4406 1948 6249
105 2951 -7243 746 -4406 1951 6253
106 2954 -7242 750 -4408 1949 6250
107 2954 -7242 751 -4408 1951 6250
108 2953 -7241 748 -4409 1948 6249
109 2951 -7241 750 -4410 1949 6251
110 2953 -7240 750 -4407 1950 6251
111 2953 -7241 748 -4407 1951 6249
112 2953 -7243 750 -4404 1951 6251
113 2954 -7239 746 -4404 1947 6251
114 2954 -7243 749 -4407 1951 6251
115 2954 -7239 749 -4408 1952 6251
116 2956 -7243 746 -4409 1949 6249
117 2955 -7241 749 -4408 1952 6252
118 2958 -7239 749 -4407 1948 6255
119 2952 -7243 749 -4406 1952 6252
120 2955 -7245 748 -4405 1951 6249
121 2954 -7241 750 -4406 1949 6253
122 2958 -7241 749 -4404 1950 6253
123 2958 -7244 749 -4407 1950 6254
124 2956 -7242 750 -4407 1952 6250
125 2955 -7243 752 -4407 1952 6249
126 2953 -7239 747 -4408 1953 6252
127 2954 -7242 749 -4408 1951 6251
128 2954 -7243 750 -4405 1952 6252
129 2952 -7242 750 -4405 1952 6250
130 2956 -7239 750 -4406 1950 6250
131 2956 -7242 751 -4406 1950 6254
132 2954 -7243 748 -4408 1950 6251
133 2957 -7244 747 -4410 1950 6253
134 2952 -7243 749 -4407 1950 6253
135 2954 -7242 747 -4407 1948 6253
136 2957 -7241 752 -4408 1950 6255
137 2955 -7243 749 -4410 1952 6253
138 2951 -7247 747 -4407 1951 6250
139 2955 -7244 747 -4407 1951 6255
140 2953 -7245 748 -4407 1951 6253
141 2952 -7246 746 -4406 1948 6250
142 2956 -7244 747 -4406 1949 6251
143 2955 -7243 746 -4406 1951 6250
144 2954 -7244 749 -4409 1948 6251
145 2954 -7246 747 -4408 1947 6253
146 2954 -7247 747 -4408 1950 6252
147 2953 -7246 747 -4407 1950 6254
148 2954 -7244 748 -4410 1949 6253
149 2955 -7246 752 -4406 1949 6252
150 2955 -7243 749 -4407 1949 6253
151 2956 -7242 752 -4405 1954 6254
152 2955 -7243 750 -4405 1950 6254
153 2953 -7247 750 -4402 1951 6253
154 2954 -7244 751 -4408 1951 6253
155 2950 -7245 747 -4405 1953 6251
156 2953 -7249 747 -4409 1946 6250
157 2953 -7244 748 -4408 1950 6252
158 2956 -7245 751 -4405 1948 6253
159 2954 -7245 747 -4405 1951 6253
160 2951 -7247 748 -4409 1951 6251
161 2954 -7246 749 -4408 1945 6252
162 2954 -7244 749 -4403 1945 6255
163 2953 -7241 750 -4402 1948 6253
164 2955 -7241 749 -4402 1949 6253
165 2954 -7245 748 -4401 1949 6252
166 2953 -7243 747 -4402 1949 6253
167 2953 -7242 748 -4400 1950 6251
168 2954 -7242 748 -4404 1947 6250
169 2952 -7243 749 -4402 1952 6250
170 2953 -7242 747 -4401 1949 6248
171 2950 -7242 749 -4402 1949 6254
172 2950 -7241 748 -4402 1949 6251
173 2950 -7242 747 -4402 1949 6247
174 2952 -7239 749 -4401 1945 6251
175 2949 -7242 750 -4401 1946 6250
176 2952 -7240 749 -4403 1948 6248
177 2952 -7237 749 -4402 1950 6250
178 2951 -7242 748 -4402 1947 6250
179 2951 -7238 749 -4400 1948 6249
180 2950 -7241 748 -4402 1946 6248
181 2948 -7243 747 -4400 1942 6247
182 2948 -7242 747 -4400 1944 6246
183 2952 -7242 748 -4400 1948 6247
184 2949 -7243 748 -4398 1949 6249
185 2949 -7242 749 -4396 1946 6249
186 2951 -7239 750 -4397 1947 6249
187 2952 -7241 746 -4397 1947 6247
188 2951 -7238 750 -4399 1947 6249
189 2948 -7243 745 -4397 1946 6250
190 2951 -7240 748 -4397 1950 6249
191 2951 -7241 747 -4397 1946 6250
192 2949 -7238 750 -4396 1948 6249
193 2950 -7239 749 -4396 1946 6250
194 2950 -7239 747 -4398 1946 6247
195 2949 -7241 746 -4398 1942 6251
196 2951 -7241 749 -4398 1946 6248
197 2949 -7239 747 -4397 1943 6251
198 2949 -7244 751 -4396 1945 6247
199 2950 -7240 747 -4397 1944 6252
200 2952 -7237 748 -4392 1948 6250
201 2949 -7239 747 -4396 1946 6250
202 2948 -7241 746 -4397 1944 6247
203 2949 -7239 749 -4396 1945 6247
204 2952 -7242 747 -4396 1946 6249
205 2950 -7240 749 -4396 1947 6248
206 2949 -7239 748 -4395 1945 6248
207 2950 -7237 750 -4391 1946 6248
208 2950 -7240 748 -4397 1945 6248
209 2949 -7240 747 -4396 1944 6248
210 2949 -7236 752 -4392 1947 6248
211 2950 -7238 751 -4395 1948 6249
212 2948 -7239 750 -4394 1944 6247
213 2950 -7235 748 -4397 1945 6250
214 2951 -7239 750 -4393 1945 6247
215 2950 -7239 749 -4397 1945 6249
216 2948 -7239 749 -4398 1946 6248
217 2950 -7238 750 -4395 1949 6250
218 2949 -7241 750 -4393 1946 6248
219 2948 -7240 752 -4397 1945 6249
220 2948 -7239 749 -4395 1947 6252
221 2947 -7241 750 -4395 1943 6250
222 2951 -7240 751 -4397 1946 6252
223 2949 -7239 749 -4395 1945 6248
224 2950 -7235 750 -4394 1946 6251
225 2948 -7243 748 -4396 1947 6248
226 2950 -7245 750 -4394 1945 6250
227 2948 -7244 747 -4394 1945 6247
228 2950 -7243 749 -4393 1946 6248
229 2949 -7240 747 -4391 1944 6252
230 2950 -7241 749 -4393 1950 6250
231 2948 -7242 751 -4394 1946 6252
232 2950 -7239 750 -4397 1948 6253
233 2948 -7243 754 -4396 1949 6252
234 2948 -7242 752 -4396 1948 6253
235 2949 -7240 753 -4389 1943 6251
236 2952 -7242 747 -4399 1946 6247
237 2948 -7243 748 -4394 1946 6254
238 2950 -7240 749 -4397 1948 6247
239 2948 -7240 750 -4394 1947 6248
240 2950 -7240 751 -4396 1947 6255
241 2948 -7240 749 -4397 1946 6251
242 2949 -7243 751 -4393 1942 6253
243 2952 -7242 752 -4394 1945 6254
244 2949 -7244 750 -4393 1945 6249
245 2953 -7240 751 -4392 1945 6250
246 2948 -7242 751 -4394 1944 6252
247 2951 -7240 750 -4393 1945 6252
248 2951 -7242 750 -4391 1944 6253
249 2949 -7240 749 -4388 1949 6251
250 2951 -7241 751 -4392 1945 6251
251 2951 -7243 751 -4394 1948 6252
252 2949 -7241 746 -4392 1947 6252
253 2949 -7240 752 -4391 1946 6250
254 2952 -7243 748 -4393 1947 6253
255 2947 -7241 748 -4395 1947 6252
256 2951 -7243 750 -4392 1947 6251
257 2948 -7241 750 -4394 1946 6251
258 2949 -7240 748 -4396 1949 6251
259 2948 -7241 749 -4395 1948 6249
260 2949 -7241 750 -4392 1945 6251
261 2951 -7240 752 -4395 1949 6250
262 2949 -7240 748 -4398 1945 6249
263 2948 -7244 749 -4395 1945 6253
264 2947 -7238 751 -4394 1943 6254
265 2950 -7243 751 -4397 1944 6250
266 2947 -7243 753 -4393 1943 6250
267 2946 -7243 752 -4394 1948 6253
268 2948 -7246 749 -4393 1947 6249
269 2947 -7242 749 -4394 1942 6254
270 2946 -7242 749 -4394 1942 6252
271 2948 -7242 747 -4392 1946 6255
272 2949 -7245 747 -4394 1944 6251
273 2946 -7244 750 -4392 1943 6251
274 2948 -7242 750 -4395 1947 6253
275 2949 -7244 751 -4390 1947 6251
276 2947 -7243 752 -4393 1941 6251
277 2951 -7243 754 -4391 1946 6252
278 2947 -7243 752 -4395 1940 6252
279 2950 -7239 753 -4392 1945 6250
280 2948 -7244 749 -4393 1944 6253
281 2948 -7243 749 -4392 1944 6256
282 2947 -7241 752 -4395 1942 6254
283 2947 -7242 752 -4392 1947 6253
284 2948 -7245 751 -4394 1942 6252
285 2945 -7240 747 -4396 1943 6252
286 2950 -7242 748 -4398 1944 6252
287 2948 -7243 750 -4393 1945 6256
288 2944 -7243 752 -4395 1942 6250
289 2946 -7244 748 -4393 1945 6253
290 2947 -7245 752 -4390 1943 6252
291 2950 -7244 751 -4391 1939 6253
292 2948 -7243 751 -4392 1944 6250
293 2946 -7244 748 -4393 1943 6255
294 2947 -7240 749 -4392 1945 6253
295 2947 -7239 752 -4392 1943 6254
296 2947 -7244 750 -4388 1945 6253
297 2948 -7240 753 -4388 1948 6252
298 2950 -7245 752 -4392 1945 6252
299 2948 -7243 753 -4391 1946 6254
300 2947 -7242 752 -4391 1946 6256
301 2948 -7244 747 -4394 1944 6249
302 2946 -7242 748 -4392 1940 6252
303 2944 -7242 748 -4389 1944 6250
304 2944 -7242 748 -4395 1945 6253
305 2947 -7242 752 -4393 1943 6252
306 2947 -7243 750 -4394 1945 6251
307 2945 -7241 751 -4392 1943 6257
308 2944 -7241 750 -4391 1944 6253
309 2947 -7241 750 -4392 1946 6254
310 2946 -7242 752 -4393 1946 6254
311 2949 -7243 752 -4389 1944 6255
312 2946 -7241 750 -4393 1943 6254
313 2948 -7240 748 -4391 1945 6254
314 2945 -7245 748 -4391 1941 6253
315 2946 -7245 752 -4392 1945 6256
316 2948 -7243 750 -4390 1947 6253
317 2946 -7241 752 -4391 1946 6251
318 2947 -7240 752 -4387 1945 6254
319 2947 -7240 753 -4389 1947 6257
320 2946 -7241 753 -4391 1944 6252
321 2947 -7241 754 -4391 1940 6254
322 2945 -7241 750 -4390 1944 6255
323 2944 -7239 753 -4389 1944 6251
324 2945 -7240 754 -4388 1946 6254
325 2944 -7240 752 -4391 1943 6248
326 2948 -7239 754 -4390 1943 6252
327 2946 -7240 751 -4390 1944 6252
328 2944 -7239 752 -4388 1942 6253
329 2945 -7240 752 -4391 1942 6249
330 2943 -7240 753 -4385 1944 6252
331 2943 -7238 752 -4383 1939 6250
332 2944 -7237 753 -4388 1942 6252
333 2948 -7240 753 -4388 1944 6251
334 2945 -7239 753 -4386 1942 6252
335 2946 -7242 754 -4387 1941 6250
336 2948 -7235 753 -4385 1939 6250
337 2943 -7236 754 -4385 1943 6253
338 2939 -7240 751 -4387 1942 6251
339 2944 -7237 752 -4386 1939 6242
340 2943 -7235 752 -4387 1940 6251
341 2944 -7236 755 -4385 1945 6250
342 2943 -7233 754 -4385 1944 6249
343 2945 -7239 751 -4385 1943 6247
344 2944 -7234 755 -4387 1945 6251
345 2943 -7237 755 -4384 1943 6251
346 2942 -7235 752 -4384 1942 6253
347 2943 -7239 754 -4386 1943 6253
348 2945 -7234 754 -4387 1939 6248
349 2944 -7233 755 -4387 1944 6251
350 2943 -7237 754 -4384 1942 6250
351 2945 -7237 753 -4384 1942 6251
352 2944 -7234 756 -4383 1944 6252
353 2944 -7238 751 -4388 1941 6248
354 2945 -7238 750 -4386 1942 6251
355 2944 -7237 755 -4381 1939 6248
356 2942 -7236 756 -4386 1941 6251
357 2945 -7239 753 -4384 1941 6251
358 2946 -7236 753 -4384 1941 6249
359 2945 -7234 755 -4386 1941 6254
360 2944 -7238 755 -4382 1943 6254
361 2947 -7237 752 -4384 1940 6252
362 2948 -7233 754 -4384 1944 6253
363 2945 -7235 752 -4385 1945 6256
364 2944 -7236 753 -4383 1946 6253
365 2946 -7236 755 -4382 1946 6252
366 2946 -7235 754 -4385 1944 6254
367 2944 -7237 754 -4383 1946 6254
368 2945 -7235 756 -4385 1944 6252
369 2945 -7235 757 -4385 1943 6254
370 2947 -7236 754 -4384 1945 6255
371 2946 -7236 756 -4387 1946 6253
372 2945 -7237 755 -4390 1943 6255
373 2943 -7236 752 -4389 1942 6256
374 2946 -7238 754 -4387 1945 6253
375 2945 -7238 754 -4386 1942 6254
376 2946 -7238 756 -4384 1943 6256
377 2948 -7237 758 -4385 1947 6256
378 2946 -7236 758 -4386 1942 6254
379 2946 -7242 756 -4387 1947 6253
380 2948 -7239 753 -4386 1942 6251
381 2945 -7232 755 -4386 1943 6255
382 2949 -7237 760 -4384 1945 6259
383 2945 -7237 755 -4387 1944 6253
384 2946 -7238 755 -4389 1949 6257
385 2945 -7238 755 -4386 1946 6258
386 2947 -7237 754 -4386 1947 6255
387 2946 -7239 754 -4388 1940 6257
388 2945 -7239 753 -4390 1946 6258
389 2946 -7234 756 -4389 1946 6255
390 2948 -7240 755 -4389 1948 6257
391 2945 -7236 755 -4387 1946 6257
392 2947 -7237 759 -4390 1944 6258
393 2946 -7238 759 -4384 1945 6255
394 2946 -7242 756 -4386 1945 6253
395 2943 -7237 757 -4387 1944 6258
396 2948 -7238 756 -4391 1944 6255
397 2945 -7240 759 -4389 1948 6259
398 2945 -7238 757 -4389 1946 6257
399 2945 -7238 756 -4389 1943 6256
400 2946 -7241 758 -4388 1942 6256
401 2944 -7238 757 -4390 1947 6258
402 2947 -7239 757 -4389 1944 6256
403 2947 -7238 759 -4387 1947 6260
404 2948 -7241 757 -4388 1945 6259
405 2949 -7232 757 -4392 1946 6257
406 2943 -7235 757 -4389 1947 6260
407 2944 -7240 756 -4388 1941 6261
408 2948 -7238 755 -4387 1948 6254
409 2947 -7236 759 -4390 1947 6258
410 2948 -7237 760 -4388 1945 6259
411 2946 -7239 756 -4389 1946 6259
412 2947 -7241 758 -4389 1949 6257
413 2943 -7237 758 -4392 1945 6259
414 2942 -7240 758 -4391 1946 6257
415 2943 -7236 756 -4391 1943 6256
416 2947 -7234 758 -4388 1942 6256
417 2945 -7237 758 -4387 1944 6260
418 2945 -7239 757 -4386 1944 6259
419 2948 -7238 760 -4388 1946 6256
420 2945 -7235 756 -4387 1944 6259
421 2945 -7239 756 -4386 1945 6257
422 2945 -7241 753 -4390 1945 6253
423 2943 -7239 758 -4386 1947 6258
424 2945 -7239 762 -4388 1945 6258
425 2947 -7238 757 -4389 1944 6261
426 2945 -7237 758 -4387 1945 6258
427 2946 -7235 758 -4391 1944 6261
428 2944 -7236 761 -4388 1946 6258
429 2947 -7239 754 -4394 1948 6257
430 2948 -7236 762 -4388 1946 6257
431 2946 -7232 761 -4382 1942 6262
432 2947 -7236 758 -4387 1947 6256
433 2945 -7238 756 -4391 1944 6261
434 2946 -7236 762 -4390 1946 6258
435 2944 -7231 763 -4386 1946 6261
436 2944 -7235 759 -4386 1945 6261
437 2942 -7239 757 -4390 1947 6257
438 2945 -7234 760 -4388 1948 6255
439 2944 -7234 762 -4388 1942 6258
440 2942 -7234 762 -4387 1946 6259
441 2942 -7233 761 -4389 1946 6257
442 2943 -7236 758 -4387 1941 6255
443 2945 -7237 759 -4388 1945 6259
444 2944 -7236 758 -4386 1945 6259
445 2941 -7237 757 -4384 1945 6259
446 2945 -7237 758 -4388 1944 6252
447 2944 -7236 760 -4388 1942 6256
448 2947 -7229 763 -4385 1944 6258
449 2944 -7235 760 -4386 1944 6261
450 2944 -7236 755 -4387 1945 6256
451 2946 -7235 759 -4391 1948 6255
452 2947 -7231 760 -4388 1944 6258
453 2947 -7229 763 -4387 1943 6262
454 2944 -7236 758 -4389 1946 6254
455 2944 -7236 760 -4391 1948 6252
456 2943 -7230 764 -4389 1945 6256
457 2944 -7231 763 -4388 1943 6259
458 2940 -7234 760 -4387 1944 6256
459 2945 -7231 759 -4388 1947 6254
460 2941 -7232 760 -4388 1946 6260
461 2942 -7235 765 -4388 1943 6258
462 2941 -7236 759 -4392 1943 6257
463 2946 -7233 761 -4389 1944 6253
464 2943 -7232 762 -4386 1944 6257
465 2944 -7233 762 -4384 1943 6255
466 2943 -7234 760 -4384 1945 6257
467 2945 -7232 761 -4386 1946 6260
468 2942 -7231 764 -4390 1946 6258
469 2942 -7230 763 -4389 1944 6257
470 2944 -7232 762 -4388 1945 6259
471 2944 -7234 758 -4386 1945 6257
472 2943 -7233 762 -4389 1944 6258
473 2943 -7229 763 -4388 1950 6258
474 2944 -7230 763 -4390 1947 6258
475 2944 -7230 762 -4385 1946 6257
476 2944 -7235 762 -4389 1944 6259
477 2945 -7230 765 -4387 1945 6259
478 2941 -7229 763 -4389 1944 6256
479 2941 -7230 762 -4390 1948 6256
480 2942 -7231 760 -4387 1944 6258
481 2942 -7230 759 -4388 1942 6258
482 2942 -7236 761 -4390 1942 6257
483 2944 -7233 759 -4389 1939 6255
484 2942 -7233 760 -4390 1944 6259
485 2942 -7231 767 -4384 1945 6258
486 2944 -7232 763 -4389 1945 6256
487 2940 -7233 763 -4390 1944 6256
488 2947 -7230 762 -4385 1943 6256
489 2943 -7229 767 -4387 1945 6256
490 2947 -7231 766 -4387 1946 6258
491 2942 -7231 763 -4385 1946 6258
492 2941 -7231 762 -4384 1946 6259
493 2943 -7231 764 -4390 1945 6259
494 2942 -7232 763 -4385 1943 6259
495 2946 -7230 761 -4387 1947 6256
496 2941 -7234 761 -4388 1947 6258
497 2942 -7229 763 -4390 1945 6259
498 2942 -7231 763 -4388 1947 6259
499 2944 -7229 766 -4388 1943 6259
500 2942 -7231 765 -4392 1944 6261
501 2942 -7232 767 -4389 1949 6261
502 2943 -7232 764 -4391 1943 6258
503 2942 -7231 764 -4390 1946 6256
504 2942 -7228 767 -4391 1943 6255
505 2943 -7232 762 -4390 1944 6253
506 2943 -7231 763 -4389 1944 6257
507 2944 -7232 763 -4391 1940 6256
508 2942 -7232 768 -4390 1944 6261
509 2944 -7233 766 -4387 1945 6257
510 2946 -7230 764 -4389 1944 6261
511 2944 -7233 765 -4388 1946 6257
512 2945 -7233 765 -4384 1948 6261
513 2943 -7230 764 -4389 1947 6260
514 2943 -7228 764 -4389 1948 6262
515 2943 -7230 764 -4387 1944 6262
516 2942 -7231 766 -4391 1946 6259
517 2947 -7234 763 -4391 1946 6261
518 2942 -7233 763 -4391 1945 6262
519 2943 -7232 767 -4392 1945 6262
520 2943 -7232 764 -4390 1945 6263
521 2942 -7234 768 -4390 1945 6261
522 2940 -7231 767 -4390 1948 6263
523 2942 -7231 767 -4392 1945 6261
524 2942 -7231 768 -4392 1947 6261
525 2944 -7229 766 -4395 1948 6259
526 2942 -7232 766 -4392 1944 6260
527 2945 -7231 766 -4394 1946 6262
528 2944 -7234 768 -4391 1944 6262
529 2942 -7235 768 -4391 1946 6260
530 2942 -7234 765 -4393 1947 6263
531 2944 -7234 763 -4392 1945 6260
532 2945 -7232 769 -4390 1945 6261
533 2944 -7232 764 -4392 1947 6263
534 2943 -7235 765 -4392 1948 6264
535 2943 -7233 763 -4393 1947 6264
536 2945 -7229 767 -4389 1950 6263
537 2943 -7231 765 -4396 1949 6265
538 2945 -7228 765 -4392 1950 6264
539 2945 -7231 766 -4391 1949 6267
540 2946 -7228 767 -4392 1948 6265
541 2945 -7231 767 -4392 1945 6264
542 2947 -7231 767 -4391 1950 6265
543 2945 -7230 768 -4393 1949 6263
544 2943 -7230 765 -4394 1949 6263
545 2942 -7229 769 -4395 1946 6261
546 2943 -7231 765 -4395 1948 6263
547 2947 -7231 766 -4397 1945 6263
548 2943 -7233 769 -4391 1950 6264
549 2944 -7231 766 -4399 1948 6262
550 2946 -7230 768 -4395 1950 6264
551 2945 -7232 770 -4391 1949 6264
552 2948 -7231 767 -4395 1948 6266
553 2945 -7230 767 -4393 1950 6266
554 2943 -7232 768 -4393 1946 6266
555 2946 -7232 768 -4393 1948 6263
556 2947 -7230 767 -4392 1949 6263
557 2947 -7226 766 -4392 1947 6264
558 2948 -7229 769 -4394 1949 6266
559 2948 -7228 767 -4392 1950 6265
560 2946 -7232 768 -4393 1951 6266
561 2947 -7230 768 -4395 1950 6266
562 2946 -7226 773 -4391 1948 6269
563 2946 -7226 771 -4395 1949 6265
564 2945 -7231 768 -4396 1947 6265
565 2945 -7228 767 -4394 1950 6267
566 2944 -7229 768 -4396 1946 6265
567 2946 -7229 768 -4394 1949 6265
568 2943 -7229 771 -4394 1949 6265
569 2944 -7229 770 -4393 1945 6264
570 2943 -7229 770 -4396 1945 6269
571 2946 -7230 768 -4394 1949 6260
572 2942 -7231 769 -4394 1948 6265
573 2945 -7231 769 -4393 1951 6262
574 2943 -7229 768 -4393 1946 6264
575 2943 -7230 770 -4393 1947 6263
576 2946 -7226 769 -4394 1948 6267
577 2945 -7228 770 -4390 1951 6266
578 2945 -7228 772 -4393 1949 6264
579 2944 -7227 769 -4394 1951 6264
580 2947 -7228 770 -4391 1946 6263
581 2947 -7229 769 -4393 1947 6264
582 2945 -7229 770 -4391 1947 6265
583 2942 -7227 771 -4393 1944 6263
584 2941 -7229 769 -4395 1946 6264
585 2947 -7228 770 -4394 1950 6263
586 2943 -7227 771 -4392 1950 6264
587 2943 -7226 769 -4396 1947 6265
588 2942 -7227 770 -4394 1948 6265
589 2943 -7230 771 -4392 1949 6266
590 2938 -7230 771 -4395 1946 6264
591 2941 -7228 767 -4398 1948 6266
592 2941 -7227 771 -4394 1948 6262
593 2939 -7226 772 -4396 1947 6262
594 2944 -7230 769 -4392 1946 6264
595 2942 -7227 772 -4395 1950 6265
596 2944 -7230 768 -4394 1949 6263
597 2948 -7228 769 -4392 1947 6264
598 2946 -7228 769 -4392 1948 6263
599 2945 -7224 771 -4392 1950 6265
600 2946 -7225 770 -4391 1951 6265
601 2944 -7225 774 -4392 1951 6267
602 2941 -7225 773 -4391 1946 6265
603 2943 -7230 771 -4392 1949 6264
604 2944 -7227 772 -4393 1950 6264
605 2941 -7225 771 -4394 1954 6267
606 2943 -7227 771 -4394 1949 6265
607 2944 -7225 770 -4396 1948 6266
608 2941 -7228 772 -4393 1950 6266
609 2942 -7224 773 -4394 1948 6264
610 2945 -7227 774 -4391 1950 6266
611 2942 -7226 773 -4390 1950 6263
612 2942 -7225 773 -4395 1947 6264
613 2946 -7227 771 -4395 1949 6264
614 2944 -7225 771 -4394 1949 6266
615 2942 -7225 772 -4397 1950 6265
616 2944 -7225 769 -4394 1949 6267
617 2943 -7226 773 -4394 1950 6264
618 2944 -7224 774 -4392 1949 6267
619 2944 -7225 775 -4394 1947 6264
620 2944 -7226 774 -4390 1950 6264
621 2943 -7225 772 -4393 1949 6268
622 2945 -7223 777 -4390 1952 6266
623 2944 -7222 772 -4394 1952 6264
624 2943 -7223 774 -4391 1948 6261
625 2940 -7225 772 -4393 1950 6262
626 2945 -7223 773 -4395 1949 6263
627 2943 -7222 776 -4396 1947 6265
628 2945 -7223 772 -4396 1953 6265
629 2941 -7225 771 -4397 1950 6262
630 2942 -7227 774 -4392 1948 6267
631 2940 -7220 772 -4394 1949 6265
632 2944 -7220 775 -4394 1949 6267
633 2940 -7223 772 -4394 1949 6264
634 2942 -7225 774 -4397 1948 6262
635 2944 -7226 775 -4396 1951 6263
636 2944 -7225 774 -4396 1950 6265
637 2943 -7223 774 -4394 1946 6263
638 2945 -7226 771 -4394 1948 6264
639 2944 -7223 773 -4396 1949 6262
640 2942 -7219 774 -4394 1952 6266
641 2948 -7221 779 -4394 1948 6266
642 2946 -7227 773 -4396 1951 6262
643 2943 -7225 773 -4396 1953 6263
644 2943 -7223 773 -4394 1949 6264
645 2944 -7222 774 -4394 1946 6265
646 2943 -7226 774 -4393 1952 6267
647 2942 -7222 773 -4393 1949 6265
648 2946 -7225 776 -4394 1953 6268
649 2945 -7219 779 -4396 1953 6265
650 2944 -7219 778 -4397 1952 6265
651 2945 -7224 772 -4392 1952 6266
652 2943 -7223 779 -4396 1948 6266
653 2944 -7223 775 -4398 1952 6267
654 2945 -7221 778 -4396 1950 6268
655 2942 -7226 775 -4395 1950 6266
656 2945 -7222 780 -4398 1949 6265
657 2946 -7224 775 -4398 1950 6269
658 2947 -7226 776 -4400 1951 6266
659 2943 -7224 774 -4396 1952 6264
660 2945 -7227 771 -4398 1950 6267
661 2943 -7224 776 -4396 1949 6267
662 2944 -7224 774 -4399 1953 6265
663 2943 -7225 771 -4398 1948 6263
664 2945 -7226 770 -4395 1949 6265
665 2945 -7224 776 -4397 1949 6268
666 2946 -7223 774 -4398 1952 6269
667 2947 -7222 776 -4397 1951 6267
668 2945 -7222 775 -4398 1952 6267
669 2946 -7225 771 -4397 1951 6265
670 2944 -7224 776 -4398 1949 6265
671 2945 -7221 775 -4398 1954 6267
672 2946 -7225 776 -4398 1952 6270
673 2946 -7222 776 -4401 1951 6265
674 2944 -7224 774 -4402 1952 6269
675 2943 -7225 776 -4399 1951 6269
676 2942 -7227 776 -4400 1951 6271
677 2943 -7224 775 -4401 1950 6268
678 2948 -7227 776 -4399 1952 6268
679 2948 -7224 778 -4399 1951 6272
680 2944 -7226 775 -4401 1954 6272
681 2946 -7227 779 -4400 1953 6269
682 2947 -7223 775 -4400 1954 6270
683 2946 -7227 775 -4403 1955 6270
684 2948 -7229 776 -4402 1953 6271
685 2945 -7225 777 -4400 1957 6268
686 2947 -7228 774 -4399 1957 6271
687 2947 -7225 777 -4402 1955 6271
688 2946 -7226 778 -4401 1954 6270
689 2946 -7225 777 -4404 1953 6269
690 2951 -7226 776 -4404 1956 6270
691 2948 -7222 778 -4403 1958 6272
692 2947 -7227 775 -4404 1952 6271
693 2949 -7228 778 -4402 1952 6271
694 2946 -7226 776 -4404 1954 6271
695 2947 -7226 776 -4406 1957 6274
696 2945 -7225 777 -4405 1958 6271
697 2948 -7227 778 -4406 1952 6274
698 2944 -7226 777 -4407 1955 6273
699 2950 -7225 778 -4406 1957 6272
700 2948 -7227 779 -4402 1957 6272
701 2945 -7227 780 -4405 1957 6272
702 2948 -7225 774 -4405 1954 6271
703 2945 -7230 778 -4407 1955 6272
704 2953 -7225 778 -4404 1955 6274
705 2951 -7227 779 -4404 1956 6273
706 2949 -7227 777 -4404 1958 6270
707 2949 -7227 778 -4403 1956 6273
708 2949 -7225 776 -4404 1955 6273
709 2949 -7226 776 -4406 1956 6275
710 2950 -7225 776 -4404 1955 6271
711 2948 -7224 781 -4403 1952 6272
712 2951 -7227 780 -4407 1957 6274
713 2949 -7226 776 -4406 1956 6271
714 2945 -7227 777 -4406 1956 6271
715 2944 -7227 776 -4408 1956 6272
716 2947 -7228 776 -4409 1954 6269
717 2946 -7225 777 -4407 1954 6269
718 2944 -7225 776 -4407 1953 6270
719 2945 -7224 780 -4406 1958 6271
720 2946 -7226 778 -4409 1954 6271
721 2948 -7227 780 -4410 1953 6275
722 2949 -7223 779 -4407 1953 6272
723 2948 -7227 779 -4406 1954 6270
724 2948 -7227 776 -4406 1952 6270
725 2949 -7227 779 -4408 1953 6268
726 2945 -7226 778 -4407 1954 6269
727 2947 -7230 774 -4408 1953 6270
728 2948 -7226 775 -4408 1953 6270
729 2946 -7221 777 -4408 1957 6270
730 2951 -7224 779 -4404 1957 6272
731 2948 -7224 778 -4404 1953 6271
732 2947 -7222 777 -4407 1954 6272
733 2949 -7224 779 -4407 1957 6268
734 2949 -7222 776 -4405 1952 6270
735 2949 -7222 777 -4406 1956 6273
736 2946 -7223 778 -4406 1953 6266
737 2944 -7223 779 -4404 1958 6271
738 2947 -7219 777 -4404 1954 6271
739 2951 -7221 776 -4405 1953 6268
740 2952 -7221 780 -4404 1953 6270
741 2946 -7221 780 -4408 1955 6270
742 2944 -7220 780 -4406 1957 6266
743 2946 -7222 780 -4406 1951 6267
744 2946 -7223 775 -4406 1955 6266
745 2946 -7219 778 -4405 1953 6267
746 2944 -7223 781 -4403 1952 6268
747 2945 -7223 777 -4402 1960 6272
748 2946 -7220 774 -4408 1953 6268
749 2944 -7226 777 -4405 1953 6264
750 2947 -7220 778 -4404 1951 6266
751 2946 -7218 779 -4402 1954 6268
752 2945 -7216 781 -4402 1953 6266
753 2947 -7218 776 -4400 1954 6265
754 2946 -7221 776 -4408 1953 6267
755 2948 -7219 781 -4405 1953 6266
756 2950 -7215 778 -4408 1952 6268
757 2946 -7218 780 -4408 1954 6267
758 2946 -7221 775 -4404 1954 6265
759 2946 -7219 778 -4404 1952 6264
760 2946 -7217 779 -4404 1956 6270
761 2946 -7220 777 -4402 1955 6266
762 2943 -7218 778 -4406 1952 6266
763 2947 -7221 778 -4406 1953 6264
764 2945 -7222 779 -4405 1955 6265
765 2946 -7219 776 -4407 1951 6265
766 2944 -7222 781 -4405 1954 6265
767 2944 -7221 778 -4406 1953 6266
768 2948 -7220 778 -4402 1953 6263
769 2946 -7219 780 -4407 1954 6265
770 2947 -7217 780 -4407 1954 6265
771 2947 -7219 777 -4407 1956 6266
772 2951 -7218 781 -4405 1956 6266
773 2948 -7221 777 -4406 1956 6268
774 2943 -7216 779 -4405 1955 6265
775 2947 -7219 777 -4408 1956 6262
776 2946 -7222 779 -4406 1952 6268
777 2947 -7218 778 -4412 1956 6266
778 2944 -7218 780 -4410 1955 6269
779 2948 -7219 778 -4406 1956 6267
780 2944 -7219 776 -4406 1956 6267
781 2943 -7220 780 -4408 1954 6265
782 2946 -7221 781 -4408 1955 6267
783 2947 -7220 782 -4409 1956 6265
784 2947 -7221 777 -4408 1956 6267
785 2944 -7221 778 -4408 1956 6265
786 2948 -7219 781 -4410 1951 6267
787 2946 -7222 779 -4412 1955 6268
788 2949 -7223 777 -4411 1954 6265
789 2948 -7223 775 -4410 1956 6269
790 2945 -7223 779 -4411 1955 6268
791 2948 -7223 778 -4411 1954 6269
792 2947 -7224 777 -4410 1954 6265
793 2947 -7220 780 -4411 1956 6267
794 2950 -7221 780 -4410 1956 6266
795 2951 -7218 781 -4410 1959 6269
796 2948 -7222 780 -4411 1956 6268
797 2950 -7223 780 -4412 1956 6271
798 2948 -7222 778 -4408 1958 6272
799 2947 -7223 776 -4413 1954 6268
800 2948 -7222 776 -4415 1956 6269
801 2950 -7227 778 -4412 1955 6268
802 2948 -7222 779 -4412 1958 6271
803 2951 -7225 780 -4418 1957 6271
804 2950 -7224 779 -4415 1954 6273
805 2952 -7223 780 -4416 1958 6270
806 2949 -7223 779 -4412 1958 6272
807 2952 -7226 777 -4416 1956 6272
808 2950 -7224 780 -4417 1957 6273
809 2948 -7223 781 -4416 1957 6272
810 2951 -7226 778 -4417 1956 6272
811 2950 -7227 779 -4418 1957 6271
812 2951 -7226 779 -4420 1959 6271
813 2951 -7225 779 -4416 1958 6272
814 2950 -7223 779 -4414 1959 6272
815 2953 -7226 779 -4417 1961 6269
816 2953 -7226 779 -4416 1960 6272
817 2954 -7224 781 -4419 1960 6271
818 2951 -7222 781 -4419 1960 6273
819 2951 -7226 777 -4418 1961 6272
820 2950 -7226 779 -4416 1961 6273
821 2951 -7224 778 -4421 1960 6270
822 2952 -7223 781 -4419 1960 6271
823 2952 -7225 778 -4419 1960 6270
824 2952 -7225 777 -4418 1962 6275
825 2952 -7224 779 -4417 1960 6273
826 2954 -7223 778 -4418 1961 6271
827 2951 -7223 781 -4416 1963 6272
828 2953 -7224 780 -4418 1959 6270
829 2948 -7224 781 -4419 1962 6268
830 2954 -7220 779 -4420 1958 6273
831 2950 -7227 776 -4420 1959 6272
832 2951 -7225 774 -4419 1959 6271
833 2950 -7224 776 -4419 1958 6267
834 2953 -7227 780 -4415 1960 6271
835 2953 -7222 780 -4421 1957 6271
836 2952 -7225 778 -4417 1956 6270
837 2948 -7225 778 -4417 1960 6269
838 2953 -7224 778 -4420 1959 6272
839 2951 -7224 777 -4416 1960 6271
840 2954 -7218 776 -4415 1961 6270
841 2947 -7224 776 -4418 1957 6269
842 2953 -7222 778 -4421 1957 6266
843 2951 -7221 780 -4418 1963 6270
844 2952 -7218 782 -4418 1960 6271
845 2955 -7223 778 -4423 1961 6270
846 2953 -7222 780 -4420 1960 6269
847 2949 -7225 777 -4419 1959 6270
848 2949 -7222 781 -4418 1958 6268
849 2951 -7223 778 -4422 1958 6274
850 2950 -7223 778 -4420 1958 6269
851 2951 -7225 777 -4416 1960 6271
852 2956 -7219 779 -4418 1960 6273
853 2953 -7221 780 -4417 1964 6275
854 2952 -7222 779 -4418 1959 6273
855 2955 -7222 779 -4417 1963 6272
856 2954 -7222 780 -4416 1961 6269
857 2951 -7223 780 -4416 1962 6271
858 2953 -7223 777 -4417 1960 6271
859 2957 -7222 776 -4419 1962 6272
860 2954 -7222 779 -4420 1961 6270
861 2955 -7222 783 -4422 1961 6271
862 2951 -7227 780 -4420 1959 6273
863 2950 -7220 777 -4422 1962 6270
864 2952 -7222 780 -4419 1960 6268
865 2954 -7223 779 -4420 1961 6274
866 2950 -7223 776 -4420 1959 6268
867 2952 -7223 779 -4419 1962 6269
868 2954 -7220 776 -4424 1961 6270
869 2950 -7222 777 -4421 1959 6269
870 2950 -7221 776 -4422 1957 6270
871 2951 -7221 781 -4422 1961 6271
872 2952 -7222 777 -4419 1960 6270
873 2952 -7223 777 -4424 1959 6269
874 2951 -7224 777 -4422 1957 6271
875 2953 -7221 777 -4419 1960 6265
876 2949 -7223 777 -4421 1959 6269
877 2951 -7223 778 -4420 1959 6266
878 2950 -7221 778 -4419 1958 6268
879 2950 -7227 779 -4417 1962 6270
880 2952 -7223 778 -4419 1959 6269
881 2955 -7222 777 -4421 1963 6269
882 2950 -7226 782 -4416 1961 6269
883 2953 -7224 778 -4421 1958 6269
884 2949 -7219 778 -4419 1962 6267
885 2950 -7222 778 -4419 1959 6272
886 2950 -7220 778 -4422 1958 6268
887 2951 -7222 780 -4421 1961 6266
888 2952 -7221 779 -4420 1957 6266
889 2954 -7219 780 -4422 1960 6268
890 2956 -7221 778 -4423 1959 6270
891 2953 -7222 777 -4421 1958 6268
892 2950 -7224 777 -4422 1961 6272
893 2950 -7223 780 -4422 1959 6271
894 2952 -7222 777 -4422 1958 6268
895 2953 -7219 779 -4424 1960 6272
896 2954 -7226 778 -4420 1960 6270
897 2954 -7222 781 -4421 1962 6268
898 2955 -7225 774 -4424 1959 6271
899 2952 -7224 776 -4419 1959 6268
900 2952 -7225 777 -4424 1959 6269
901 2954 -7222 778 -4422 1963 6270
902 2953 -7222 779 -4422 1963 6267
903 2954 -7222 776 -4419 1959 6270
904 2955 -7222 775 -4421 1958 6269
905 2954 -7224 779 -4421 1961 6270
906 2954 -7223 776 -4422 1959 6268
907 2954 -7222 777 -4424 1960 6269
908 2952 -7224 775 -4422 1959 6267
909 2951 -7221 778 -4419 1960 6266
910 2950 -7222 777 -4422 1960 6267
911 2948 -7224 776 -4422 1959 6267
912 2954 -7223 776 -4420 1958 6267
913 2950 -7219 778 -4418 1960 6266
914 2951 -7220 778 -4421 1963 6269
915 2951 -7219 781 -4423 1957 6267
916 2951 -7221 778 -4420 1960 6266
917 2954 -7219 778 -4422 1956 6265
918 2952 -7219 777 -4421 1962 6268
919 2953 -7220 778 -4417 1961 6267
920 2951 -7221 776 -4418 1961 6269
921 2952 -7225 777 -4417 1962 6265
922 2952 -7223 775 -4417 1962 6265
923 2953 -7221 776 -4419 1958 6266
924 2953 -7219 776 -4420 1960 6267
925 2951 -7219 776 -4420 1959 6264
926 2953 -7220 780 -4420 1963 6268
927 2953 -7221 776 -4424 1959 6265
928 2952 -7219 779 -4416 1962 6263
929 2951 -7219 778 -4421 1958 6267
930 2951 -7222 778 -4423 1958 6266
931 2948 -7221 779 -4421 1959 6267
932 2952 -7218 779 -4423 1959 6269
933 2951 -7219 778 -4420 1961 6267
934 2951 -7222 774 -4424 1960 6264
935 2953 -7222 775 -4422 1959 6266
936 2954 -7222 776 -4421 1961 6266
937 2949 -7223 777 -4420 1963 6267
938 2955 -7221 777 -4427 1960 6267
939 2952 -7224 776 -4423 1958 6265
940 2953 -7225 777 -4423 1962 6266
941 2956 -7227 773 -4423 1962 6263
942 2951 -7226 775 -4422 1961 6269
943 2954 -7223 775 -4420 1960 6267
944 2954 -7225 775 -4422 1961 6267
945 2955 -7222 776 -4423 1964 6270
946 2955 -7223 773 -4422 1964 6270
947 2956 -7221 776 -4421 1957 6264
948 2953 -7227 772 -4422 1960 6267
949 2953 -7225 773 -4424 1962 6267
950 2955 -7221 775 -4424 1962 6270
951 2955 -7225 774 -4422 1962 6266
952 2954 -7224 773 -4422 1960 6270
953 2954 -7222 776 -4422 1964 6267
954 2955 -7224 780 -4423 1960 6267
955 2956 -7226 780 -4424 1962 6268
956 2956 -7225 775 -4420 1961 6269
957 2956 -7223 775 -4424 1964 6270
958 2955 -7223 778 -4425 1962 6270
959 2956 -7225 774 -4423 1963 6269
960 2953 -7225 776 -4424 1961 6268
961 2955 -7223 779 -4422 1961 6267
962 2955 -7228 774 -4423 1959 6268
963 2954 -7226 774 -4426 1961 6267
964 2956 -7227 777 -4424 1963 6269
965 2954 -7227 774 -4425 1962 6268
966 2956 -7226 775 -4422 1959 6267
967 2957 -7225 775 -4426 1962 6268
968 2959 -7226 777 -4428 1963 6267
969 2956 -7225 776 -4422 1962 6269
970 2955 -7226 774 -4426 1962 6269
971 2958 -7224 778 -4426 1967 6267
972 2957 -7228 775 -4426 1962 6268
973 2956 -7224 775 -4424 1962 6269
974 2954 -7225 777 -4426 1962 6270
975 2956 -7224 772 -4426 1961 6270
976 2957 -7224 773 -4427 1961 6270
977 2956 -7226 777 -4427 1962 6267
978 2957 -7227 775 -4428 1963 6268
979 2958 -7223 776 -4427 1963 6273
980 2959 -7225 780 -4428 1965 6273
981 2956 -7225 775 -4428 1964 6271
982 2954 -7228 776 -4428 1960 6274
983 2958 -7229 773 -4429 1963 6272
984 2955 -7231 773 -4428 1962 6271
985 2956 -7229 777 -4430 1964 6268
986 2957 -7230 770 -4428 1965 6270
987 2958 -7224 774 -4425 1962 6272
988 2959 -7226 774 -4428 1964 6266
989 2957 -7225 775 -4426 1962 6270
990 2958 -7229 774 -4428 1962 6269
991 2955 -7227 772 -4429 1959 6269
992 2959 -7226 773 -4426 1964 6271
993 2956 -7226 772 -4427 1961 6269
994 2958 -7227 774 -4425 1962 6268
995 2958 -7226 772 -4423 1962 6270
996 2958 -7226 777 -4422 1962 6267
997 2955 -7225 775 -4421 1960 6267
998 2957 -7225 773 -4423 1963 6269
999 2954 -7226 776 -4423 1963 6265
