0 1255 1099 435 -949 -81 -2742
1 1256 1103 440 -950 -82 -2744
2 1255 1098 438 -948 -84 -2742
3 1255 1098 439 -947 -81 -2745
4 1251 1101 437 -945 -81 -2741
5 1253 1102 436 -945 -81 -2743
6 1254 1104 439 -949 -81 -2740
7 1253 1100 436 -947 -81 -2741
8 1252 1099 439 -948 -81 -2744
9 1256 1100 441 -949 -80 -2746
10 1252 1104 439 -950 -81 -2747
11 1256 1101 436 -946 -81 -2744
12 1251 1098 439 -948 -80 -2743
13 1256 1098 438 -946 -83 -2744
14 1254 1099 437 -945 -80 -2744
15 1254 1097 437 -951 -81 -2745
16 1256 1095 434 -954 -81 -2744
17 1256 1100 436 -956 -78 -2745
18 1258 1102 437 -959 -81 -2737
19 1258 1095 434 -954 -79 -2739
20 1255 1096 438 -953 -80 -2743
21 1256 1099 441 -952 -78 -2742
22 1260 1096 438 -954 -80 -2744
23 1256 1099 437 -953 -77 -2742
24 1258 1099 439 -951 -80 -2743
25 1253 1096 438 -950 -82 -2745
26 1254 1102 438 -949 -82 -2743
27 1257 1100 437 -947 -84 -2744
28 1252 1099 439 -947 -83 -2744
29 1254 1098 437 -949 -86 -2745
30 1253 1101 435 -947 -80 -2743
31 1253 1102 437 -945 -82 -2742
32 1254 1102 440 -942 -80 -2741
33 1255 1100 439 -951 -84 -2745
34 1253 1098 438 -949 -79 -2744
35 1255 1098 437 -949 -80 -2740
36 1255 1098 438 -948 -80 -2744
37 1251 1098 438 -952 -80 -2745
38 1255 1100 439 -950 -79 -2744
39 1256 1096 440 -949 -81 -2742
40 1259 1099 438 -949 -78 -2740
41 1258 1101 440 -950 -76 -2742
42 1258 1101 438 -948 -79 -2739
43 1256 1098 440 -949 -78 -2740
44 1257 1099 435 -947 -79 -2743
45 1256 1100 440 -953 -80 -2742
46 1261 1099 437 -949 -75 -2740
47 1258 1095 438 -952 -81 -2742
48 1254 1100 437 -955 -80 -2742
49 1253 1098 440 -949 -81 -2742
50 1254 1098 439 -949 -82 -2743
51 1257 1099 440 -952 -81 -2742
52 1252 1099 435 -951 -81 -2741
53 1255 1098 441 -950 -82 -2743
54 1255 1098 435 -948 -79 -2743
55 1253 1098 436 -948 -81 -2743
56 1255 1098 436 -945 -81 -2743
57 1252 1102 437 -951 -80 -2745
58 1251 1100 441 -948 -80 -2744
59 1255 1102 437 -942 -78 -2743
60 1256 1102 443 -946 -80 -2742
61 1255 1101 442 -948 -77 -2741
62 1253 1099 439 -949 -83 -2744
63 1255 1100 440 -948 -82 -2741
64 1255 1101 438 -944 -81 -2743
65 1257 1098 437 -947 -80 -2742
66 1252 1098 439 -949 -80 -2740
67 1256 1102 441 -951 -76 -2739
68 1256 1101 438 -952 -78 -2745
69 1257 1098 439 -952 -81 -2742
70 1257 1101 440 -952 -81 -2738
71 1256 1099 437 -950 -80 -2744
72 1257 1100 437 -952 -81 -2739
73 1256 1097 440 -951 -78 -2742
74 1252 1100 439 -952 -83 -2744
75 1254 1098 436 -951 -80 -2743
76 1255 1095 434 -949 -82 -2745
77 1254 1102 438 -948 -82 -2740
78 1253 1100 434 -951 -83 -2743
79 1255 1099 437 -947 -75 -2745
80 1254 1099 435 -948 -83 -2744
81 1252 1101 436 -949 -82 -2744
82 1256 1097 438 -950 -83 -2743
83 1256 1101 438 -950 -80 -2743
84 1254 1099 438 -945 -82 -2744
85 1256 1101 438 -949 -80 -2745
86 1254 1098 435 -951 -81 -2740
87 1254 1100 437 -946 -81 -2741
88 1257 1103 439 -948 -78 -2745
89 1256 1101 440 -943 -82 -2741
90 1258 1101 438 -945 -81 -2739
91 1261 1105 439 -949 -80 -2742
92 1256 1100 442 -947 -78 -2741
93 1260 1098 439 -947 -79 -2741
94 1255 1100 438 -951 -78 -2741
95 1256 1102 440 -950 -80 -2741
96 1258 1099 435 -949 -80 -2740
97 1257 1102 438 -950 -79 -2740
98 1260 1098 439 -950 -78 -2741
99 1254 1101 440 -951 -78 -2742
100 1258 1097 438 -950 -80 -2740
101 1257 1098 440 -952 -76 -2741
102 1258 1100 440 -950 -82 -2741
103 1259 1099 439 -949 -85 -2745
104 1253 1097 435 -949 -80 -2744
105 1256 1097 438 -950 -81 -2745
106 1254 1099 434 -947 -80 -2744
107 1253 1101 439 -946 -79 -2746
108 1255 1100 441 -949 -83 -2742
109 1251 1100 436 -949 -83 -2746
110 1249 1098 439 -949 -83 -2745
111 1254 1099 433 -946 -81 -2744
112 1255 1099 439 -949 -81 -2745
113 1256 1097 437 -949 -82 -2743
114 1256 1096 437 -948 -80 -2745
115 1252 1099 438 -948 -80 -2745
116 1253 1103 440 -948 -78 -2746
117 1253 1097 434 -948 -84 -2743
118 1252 1098 440 -950 -80 -2745
119 1254 1095 438 -950 -80 -2743
120 1258 1098 435 -950 -76 -2741
121 1255 1100 436 -951 -80 -2741
122 1256 1098 439 -950 -78 -2740
123 1255 1100 436 -954 -80 -2745
124 1253 1096 435 -950 -80 -2743
125 1255 1097 437 -949 -81 -2741
126 1256 1098 435 -949 -84 -2746
127 1254 1098 437 -953 -81 -2744
128 1254 1096 438 -952 -81 -2743
129 1253 1096 438 -952 -81 -2744
130 1253 1098 439 -952 -82 -2743
131 1254 1098 436 -955 -80 -2741
132 1254 1097 437 -951 -80 -2744
133 1253 1097 437 -947 -82 -2745
134 1255 1098 439 -950 -81 -2745
135 1255 1100 433 -949 -81 -2743
136 1257 1101 438 -949 -79 -2743
137 1252 1099 439 -946 -80 -2743
138 1253 1100 435 -951 -80 -2744
139 1254 1098 435 -947 -81 -2744
140 1256 1098 440 -951 -80 -2742
141 1255 1101 439 -947 -83 -2745
142 1254 1101 442 -948 -82 -2742
143 1255 1102 436 -948 -81 -2744
144 1253 1099 439 -947 -80 -2745
145 1254 1101 436 -948 -82 -2744
146 1254 1103 436 -950 -83 -2740
147 1256 1099 437 -949 -80 -2745
148 1256 1099 438 -951 -80 -2742
149 1256 1099 435 -948 -77 -2739
150 1256 1101 440 -952 -77 -2740
151 1258 1104 440 -949 -77 -2740
152 1258 1098 440 -949 -77 -2740
153 1260 1099 440 -955 -79 -2740
154 1259 1102 441 -954 -77 -2741
155 1258 1101 438 -957 -77 -2741
156 1258 1097 438 -948 -80 -2743
157 1256 1098 437 -952 -81 -2745
158 1258 1100 439 -946 -82 -2745
159 1255 1099 439 -948 -81 -2743
160 1255 1103 436 -948 -81 -2742
161 1256 1102 434 -944 -80 -2744
162 1254 1100 438 -946 -82 -2747
163 1255 1103 437 -945 -81 -2746
164 1250 1098 434 -946 -84 -2742
165 1253 1101 437 -947 -83 -2742
166 1253 1102 437 -942 -83 -2743
167 1252 1104 436 -943 -83 -2741
168 1255 1100 440 -949 -82 -2745
169 1253 1100 439 -950 -79 -2745
170 1253 1097 438 -953 -81 -2745
171 1253 1098 437 -949 -77 -2742
172 1253 1097 437 -950 -83 -2744
173 1255 1098 436 -951 -80 -2744
174 1256 1099 437 -952 -79 -2740
175 1257 1100 440 -953 -79 -2741
176 1255 1099 437 -953 -80 -2742
177 1257 1099 437 -950 -79 -2744
178 1257 1099 439 -950 -80 -2742
179 1253 1098 437 -951 -80 -2739
180 1257 1099 439 -950 -80 -2741
181 1253 1100 438 -949 -80 -2741
182 1253 1099 437 -949 -78 -2746
183 1259 1099 438 -949 -77 -2739
184 1258 1098 441 -948 -77 -2740
185 1259 1102 441 -947 -76 -2742
186 1256 1102 441 -946 -80 -2744
187 1256 1102 437 -945 -78 -2739
188 1251 1101 441 -951 -82 -2740
189 1255 1101 435 -950 -78 -2743
190 1253 1097 438 -950 -82 -2744
191 1253 1098 439 -946 -81 -2743
192 1255 1100 439 -945 -81 -2744
193 1251 1102 440 -946 -81 -2746
194 1254 1100 437 -942 -81 -2744
195 1250 1102 440 -944 -84 -2743
196 1250 1101 437 -942 -83 -2744
197 1247 1098 437 -943 -82 -2743
198 1256 1099 436 -945 -80 -2745
199 1254 1101 436 -952 -81 -2746
200 1252 1098 437 -951 -79 -2741
201 1257 1099 438 -952 -79 -2744
202 1255 1098 437 -953 -80 -2744
203 1259 1099 437 -954 -81 -2742
204 1258 1098 436 -956 -76 -2741
205 1261 1098 438 -957 -77 -2740
206 1260 1099 440 -957 -80 -2741
207 1258 1100 440 -956 -78 -2741
208 1257 1099 440 -952 -76 -2740
209 1259 1101 438 -952 -79 -2739
210 1256 1100 440 -950 -78 -2741
211 1258 1102 439 -944 -79 -2741
212 1256 1102 440 -939 -79 -2741
213 1256 1103 443 -942 -79 -2740
214 1253 1105 440 -942 -78 -2738
215 1253 1102 440 -939 -81 -2740
216 1252 1102 441 -939 -82 -2744
217 1252 1097 438 -942 -83 -2746
218 1251 1103 439 -940 -81 -2745
219 1252 1103 438 -944 -82 -2744
220 1255 1099 440 -948 -80 -2743
221 1257 1101 441 -948 -77 -2740
222 1256 1101 440 -953 -79 -2741
223 1257 1102 434 -950 -78 -2740
224 1259 1102 441 -951 -77 -2738
225 1261 1101 440 -958 -76 -2743
226 1257 1098 438 -956 -75 -2744
227 1261 1099 435 -957 -78 -2742
228 1254 1096 435 -955 -77 -2742
229 1256 1098 438 -953 -79 -2744
230 1254 1095 438 -947 -80 -2740
231 1255 1099 442 -950 -80 -2747
232 1252 1098 436 -948 -80 -2746
233 1256 1098 436 -950 -81 -2744
234 1254 1099 436 -947 -80 -2743
235 1257 1102 440 -946 -80 -2745
236 1255 1101 438 -948 -82 -2742
237 1255 1099 436 -945 -82 -2742
238 1254 1101 434 -941 -82 -2741
239 1252 1100 437 -946 -83 -2744
240 1254 1099 437 -947 -80 -2742
241 1256 1101 440 -949 -78 -2744
242 1257 1101 439 -951 -78 -2741
243 1259 1103 436 -951 -81 -2742
244 1253 1102 441 -950 -83 -2742
245 1253 1098 439 -945 -79 -2743
246 1256 1101 441 -945 -80 -2742
247 1253 1100 442 -945 -81 -2741
248 1251 1102 439 -943 -79 -2742
249 1253 1102 436 -946 -81 -2740
250 1257 1104 443 -950 -80 -2741
251 1256 1099 434 -953 -80 -2741
252 1257 1098 439 -953 -78 -2743
253 1257 1097 440 -952 -76 -2743
254 1255 1098 436 -952 -81 -2744
255 1254 1097 439 -950 -77 -2742
256 1255 1098 435 -955 -79 -2744
257 1257 1098 436 -954 -81 -2740
258 1259 1099 435 -951 -80 -2740
259 1258 1097 437 -954 -78 -2742
260 1256 1097 439 -955 -75 -2742
261 1256 1097 437 -950 -74 -2739
262 1256 1101 442 -951 -75 -2741
263 1255 1098 436 -943 -80 -2738
264 1255 1098 438 -942 -77 -2742
265 1254 1102 440 -941 -81 -2741
266 1253 1098 440 -945 -81 -2743
267 1254 1103 439 -946 -81 -2740
268 1252 1104 439 -946 -82 -2741
269 1251 1098 438 -943 -81 -2742
270 1251 1101 437 -947 -83 -2741
271 1256 1099 439 -947 -82 -2748
272 1254 1099 437 -947 -83 -2743
273 1255 1099 437 -947 -83 -2743
274 1256 1098 437 -949 -80 -2742
275 1252 1100 437 -952 -83 -2743
276 1254 1098 435 -952 -80 -2744
277 1256 1097 441 -955 -80 -2740
278 1259 1099 437 -951 -77 -2742
279 1257 1097 437 -952 -84 -2741
280 1259 1100 436 -949 -81 -2742
281 1255 1099 436 -951 -77 -2742
282 1253 1102 437 -949 -78 -2745
283 1255 1097 438 -949 -82 -2742
284 1252 1097 438 -948 -83 -2746
285 1256 1098 436 -954 -80 -2746
286 1256 1099 436 -955 -80 -2742
287 1258 1099 436 -953 -76 -2743
288 1257 1098 437 -952 -80 -2743
289 1254 1098 439 -949 -79 -2741
290 1254 1099 438 -947 -84 -2744
291 1252 1102 438 -948 -83 -2744
292 1256 1098 437 -945 -80 -2742
293 1256 1103 442 -947 -81 -2742
294 1256 1100 437 -948 -79 -2741
295 1257 1102 440 -947 -79 -2744
296 1257 1103 441 -943 -78 -2742
297 1252 1102 441 -946 -80 -2742
298 1248 1101 438 -942 -79 -2744
299 1252 1101 439 -941 -83 -2744
300 1252 1101 437 -943 -80 -2741
301 1255 1099 438 -946 -78 -2741
302 1255 1102 436 -945 -77 -2739
303 1256 1102 442 -949 -73 -2740
304 1256 1099 438 -946 -75 -2743
305 1259 1101 440 -948 -76 -2741
306 1260 1100 440 -953 -83 -2739
307 1257 1098 438 -950 -82 -2741
308 1257 1098 437 -952 -77 -2744
309 1258 1102 440 -953 -79 -2741
310 1258 1096 437 -954 -80 -2745
311 1258 1096 433 -956 -80 -2741
312 1258 1100 437 -955 -82 -2743
313 1260 1099 437 -954 -79 -2739
314 1258 1099 437 -950 -80 -2741
315 1257 1100 438 -946 -80 -2743
316 1256 1100 438 -944 -80 -2742
317 1254 1102 437 -943 -80 -2741
318 1252 1103 440 -943 -79 -2743
319 1252 1104 441 -943 -80 -2743
320 1253 1104 440 -945 -80 -2743
321 1257 1104 439 -950 -83 -2745
322 1253 1099 439 -948 -76 -2742
323 1255 1105 442 -949 -82 -2742
324 1252 1102 439 -947 -81 -2744
325 1250 1103 437 -943 -82 -2741
326 1249 1103 438 -944 -83 -2745
327 1253 1103 437 -945 -83 -2743
328 1256 1099 437 -949 -78 -2743
329 1260 1099 439 -952 -82 -2740
330 1260 1098 440 -949 -77 -2745
331 1258 1097 438 -951 -77 -2744
332 1257 1096 436 -952 -75 -2741
333 1259 1099 439 -954 -80 -2739
334 1260 1098 440 -947 -76 -2742
335 1259 1099 438 -949 -80 -2740
336 1258 1098 440 -952 -77 -2740
337 1258 1099 438 -960 -74 -2744
338 1259 1101 440 -957 -71 -2739
339 1259 1101 442 -957 -74 -2740
340 1260 1100 442 -952 -75 -2740
341 1258 1104 441 -946 -78 -2743
342 1254 1103 442 -945 -78 -2740
343 1252 1102 442 -941 -82 -2740
344 1253 1102 439 -941 -83 -2744
345 1252 1101 438 -938 -81 -2741
346 1251 1102 440 -939 -80 -2741
347 1251 1100 440 -940 -80 -2740
348 1258 1108 439 -941 -83 -2746
349 1254 1100 439 -941 -83 -2746
350 1250 1099 435 -937 -88 -2745
351 1249 1101 435 -941 -86 -2746
352 1251 1100 438 -940 -83 -2745
353 1255 1104 442 -947 -79 -2741
354 1256 1101 441 -954 -77 -2742
355 1262 1098 436 -957 -74 -2740
356 1263 1102 436 -964 -74 -2741
357 1265 1098 436 -966 -70 -2739
358 1266 1098 440 -963 -72 -2736
359 1262 1098 440 -964 -75 -2740
360 1256 1099 438 -956 -77 -2740
361 1256 1099 436 -952 -77 -2739
362 1257 1098 438 -951 -78 -2740
363 1256 1099 437 -954 -78 -2741
364 1253 1102 439 -948 -82 -2741
365 1255 1099 438 -944 -82 -2745
366 1253 1099 435 -942 -83 -2747
367 1249 1098 436 -937 -86 -2744
368 1250 1101 438 -933 -88 -2747
369 1248 1103 438 -932 -88 -2744
370 1248 1101 436 -938 -89 -2744
371 1252 1101 439 -944 -84 -2743
372 1252 1100 438 -950 -79 -2746
373 1257 1102 438 -959 -79 -2743
374 1257 1097 437 -959 -72 -2741
375 1257 1101 442 -956 -78 -2739
376 1259 1100 438 -953 -77 -2740
377 1260 1098 440 -952 -80 -2743
378 1259 1102 438 -950 -77 -2742
379 1256 1102 439 -957 -76 -2742
380 1253 1098 436 -955 -77 -2741
381 1256 1098 438 -952 -77 -2745
382 1257 1096 439 -953 -77 -2742
383 1257 1100 438 -953 -78 -2741
384 1258 1100 438 -943 -81 -2740
385 1254 1101 439 -939 -85 -2742
386 1254 1103 438 -937 -79 -2742
387 1253 1098 439 -938 -83 -2743
388 1251 1100 438 -939 -80 -2741
389 1257 1101 440 -949 -82 -2741
390 1258 1103 441 -950 -77 -2743
391 1263 1100 442 -955 -75 -2740
392 1261 1097 439 -952 -73 -2741
393 1259 1102 437 -948 -76 -2741
394 1257 1103 442 -951 -74 -2739
395 1258 1104 442 -948 -75 -2740
396 1256 1102 444 -946 -81 -2742
397 1253 1101 441 -948 -79 -2743
398 1256 1100 440 -949 -80 -2746
399 1256 1101 441 -949 -77 -2740
400 1257 1103 440 -947 -78 -2740
401 1252 1103 441 -942 -79 -2740
402 1253 1100 439 -939 -84 -2746
403 1252 1101 433 -940 -86 -2742
404 1252 1099 436 -941 -85 -2746
405 1255 1102 434 -944 -84 -2741
406 1258 1098 438 -947 -82 -2740
407 1256 1095 435 -955 -80 -2745
408 1260 1099 438 -955 -76 -2744
409 1263 1097 441 -961 -76 -2740
410 1260 1098 438 -960 -77 -2742
411 1259 1100 437 -955 -77 -2743
412 1255 1095 437 -953 -81 -2744
413 1256 1100 438 -950 -81 -2743
414 1251 1097 441 -954 -78 -2745
415 1251 1099 438 -950 -78 -2744
416 1252 1098 440 -952 -78 -2744
417 1256 1098 438 -952 -81 -2744
418 1256 1100 438 -948 -78 -2743
419 1255 1101 440 -945 -83 -2744
420 1255 1100 437 -939 -84 -2744
421 1247 1100 437 -937 -88 -2744
422 1250 1099 436 -939 -82 -2747
423 1250 1098 435 -942 -81 -2746
424 1255 1098 437 -952 -79 -2741
425 1261 1099 436 -959 -80 -2740
426 1261 1096 439 -960 -79 -2739
427 1263 1101 439 -956 -80 -2742
428 1259 1097 435 -949 -78 -2739
429 1256 1101 437 -949 -78 -2742
430 1255 1102 437 -948 -81 -2741
431 1254 1100 440 -946 -84 -2743
432 1251 1102 438 -948 -84 -2744
433 1255 1100 436 -950 -80 -2743
434 1254 1101 437 -950 -76 -2740
435 1257 1104 442 -947 -73 -2738
436 1253 1102 441 -947 -78 -2739
437 1253 1103 438 -937 -80 -2744
438 1252 1100 439 -937 -85 -2747
439 1253 1103 438 -943 -87 -2743
440 1254 1100 438 -946 -82 -2738
441 1258 1098 438 -956 -78 -2738
442 1265 1097 436 -960 -72 -2739
443 1261 1095 436 -964 -77 -2743
444 1262 1095 435 -965 -75 -2741
445 1260 1098 437 -961 -79 -2741
446 1259 1097 437 -951 -82 -2741
447 1258 1097 437 -946 -83 -2744
448 1254 1099 440 -944 -82 -2740
449 1252 1099 440 -943 -81 -2742
450 1249 1101 439 -948 -78 -2744
451 1250 1100 437 -948 -82 -2747
452 1250 1102 435 -945 -84 -2747
453 1250 1098 436 -943 -84 -2745
454 1251 1101 433 -939 -86 -2748
455 1248 1100 437 -939 -85 -2745
456 1250 1100 435 -938 -83 -2746
457 1251 1097 439 -944 -83 -2744
458 1250 1097 437 -948 -83 -2743
459 1257 1097 436 -958 -77 -2743
460 1260 1097 436 -962 -75 -2742
461 1265 1096 440 -972 -74 -2736
462 1262 1097 436 -966 -75 -2739
463 1258 1097 438 -957 -80 -2742
464 1255 1095 438 -951 -82 -2743
465 1254 1096 438 -946 -85 -2743
466 1253 1099 437 -949 -85 -2743
467 1254 1097 437 -948 -86 -2745
468 1252 1096 434 -948 -80 -2745
469 1254 1095 436 -951 -81 -2746
470 1255 1099 439 -955 -76 -2744
471 1250 1100 438 -946 -79 -2745
472 1248 1101 435 -943 -82 -2747
473 1248 1098 435 -940 -82 -2744
474 1248 1100 435 -938 -84 -2748
475 1251 1103 437 -949 -82 -2745
476 1256 1096 438 -955 -81 -2741
477 1261 1100 438 -959 -76 -2740
478 1258 1100 439 -964 -76 -2743
479 1260 1099 438 -956 -75 -2742
480 1258 1102 440 -950 -79 -2741
481 1260 1101 441 -942 -85 -2741
482 1255 1104 439 -934 -87 -2743
483 1249 1102 438 -935 -87 -2744
484 1248 1099 436 -948 -80 -2747
485 1247 1096 435 -953 -78 -2745
486 1253 1097 434 -958 -76 -2741
487 1255 1098 436 -958 -79 -2746
488 1252 1095 436 -949 -82 -2744
489 1249 1095 432 -948 -83 -2743
490 1247 1098 437 -945 -83 -2744
491 1247 1096 436 -943 -84 -2744
492 1249 1098 435 -950 -84 -2744
493 1250 1099 433 -955 -84 -2745
494 1255 1098 435 -959 -82 -2746
495 1260 1097 437 -965 -79 -2740
496 1263 1095 434 -969 -77 -2739
497 1264 1095 436 -965 -79 -2742
498 1261 1095 438 -956 -80 -2741
499 1253 1100 436 -946 -83 -2743
500 1249 1094 434 -946 -84 -2743
501 1249 1096 433 -946 -81 -2744
502 1251 1096 437 -950 -82 -2747
503 1255 1101 439 -952 -83 -2747
504 1251 1096 436 -946 -83 -2750
505 1248 1095 435 -945 -83 -2751
506 1245 1100 431 -938 -85 -2745
507 1245 1104 437 -933 -86 -2749
508 1245 1104 440 -924 -87 -2750
509 1243 1102 438 -932 -90 -2749
510 1249 1102 439 -937 -88 -2742
511 1254 1100 441 -955 -80 -2740
512 1256 1100 439 -973 -72 -2742
513 1263 1096 438 -975 -72 -2741
514 1266 1093 437 -972 -73 -2743
515 1260 1094 434 -965 -78 -2740
516 1262 1095 438 -954 -83 -2738
517 1260 1095 436 -947 -84 -2739
518 1254 1098 437 -940 -85 -2741
519 1254 1096 436 -942 -84 -2746
520 1251 1096 432 -950 -82 -2740
521 1258 1097 435 -957 -76 -2742
522 1262 1096 436 -958 -78 -2741
523 1262 1096 435 -953 -83 -2744
524 1256 1099 433 -944 -81 -2742
525 1250 1100 438 -940 -84 -2744
526 1248 1103 438 -942 -82 -2744
527 1248 1104 440 -942 -78 -2744
528 1252 1106 442 -949 -75 -2742
529 1256 1104 441 -959 -78 -2739
530 1262 1099 437 -958 -74 -2744
531 1261 1098 439 -956 -79 -2744
532 1258 1103 440 -945 -83 -2741
533 1250 1104 439 -932 -87 -2743
534 1246 1106 439 -930 -87 -2747
535 1250 1100 435 -930 -87 -2746
536 1250 1098 440 -939 -85 -2743
537 1256 1108 440 -949 -83 -2739
538 1261 1102 441 -958 -77 -2739
539 1262 1094 437 -962 -74 -2744
540 1258 1095 433 -960 -73 -2746
541 1254 1097 438 -953 -77 -2745
542 1258 1096 439 -948 -81 -2744
543 1253 1099 441 -944 -86 -2743
544 1252 1100 440 -942 -85 -2740
545 1259 1103 441 -954 -81 -2740
546 1263 1098 440 -963 -73 -2737
547 1260 1097 438 -971 -64 -2738
548 1264 1099 439 -968 -71 -2738
549 1262 1098 440 -960 -79 -2738
550 1261 1097 439 -951 -80 -2738
551 1261 1101 440 -946 -82 -2740
552 1255 1102 439 -943 -80 -2742
553 1250 1101 438 -938 -79 -2740
554 1249 1105 438 -934 -79 -2742
555 1250 1106 444 -942 -80 -2741
556 1252 1101 437 -944 -76 -2743
557 1253 1101 438 -940 -81 -2743
558 1253 1102 437 -934 -83 -2745
559 1250 1104 438 -922 -90 -2744
560 1242 1106 437 -912 -93 -2748
561 1237 1104 437 -914 -96 -2748
562 1238 1109 442 -931 -86 -2744
563 1249 1106 443 -959 -75 -2744
564 1264 1100 441 -979 -67 -2738
565 1275 1096 437 -984 -68 -2738
566 1272 1095 437 -980 -70 -2734
567 1269 1097 442 -976 -66 -2736
568 1268 1097 442 -973 -63 -2739
569 1262 1092 440 -963 -68 -2741
570 1263 1097 437 -952 -78 -2736
571 1255 1100 442 -944 -78 -2736
572 1254 1101 442 -948 -83 -2742
573 1260 1093 434 -955 -81 -2747
574 1259 1094 437 -950 -76 -2744
575 1255 1104 439 -940 -82 -2740
576 1248 1106 435 -918 -88 -2751
577 1238 1098 429 -902 -99 -2756
578 1237 1103 435 -905 -102 -2747
579 1239 1111 446 -925 -92 -2736
580 1251 1111 447 -948 -82 -2743
581 1258 1097 433 -965 -73 -2749
582 1259 1094 431 -969 -72 -2745
583 1262 1097 439 -974 -69 -2734
584 1267 1105 449 -970 -71 -2736
585 1266 1097 441 -960 -79 -2745
586 1257 1092 428 -953 -86 -2747
587 1251 1095 435 -945 -81 -2741
588 1255 1100 439 -952 -80 -2740
589 1260 1098 443 -956 -78 -2740
590 1260 1098 439 -950 -77 -2746
591 1259 1101 439 -947 -80 -2741
592 1255 1099 439 -942 -80 -2742
593 1253 1099 439 -946 -81 -2743
594 1254 1099 437 -949 -80 -2740
595 1260 1097 437 -953 -82 -2742
596 1256 1096 437 -952 -79 -2743
597 1256 1096 439 -953 -80 -2744
598 1259 1100 438 -952 -79 -2737
599 1257 1099 441 -951 -78 -2741
600 1254 1100 441 -949 -79 -2741
601 1257 1103 439 -949 -81 -2739
602 1257 1101 441 -949 -81 -2742
603 1257 1099 439 -946 -81 -2743
604 1253 1100 437 -945 -84 -2741
605 1250 1101 440 -944 -83 -2744
606 1255 1104 439 -945 -80 -2744
607 1253 1097 437 -944 -82 -2743
608 1252 1099 440 -944 -81 -2744
609 1254 1100 438 -944 -83 -2745
610 1251 1099 435 -945 -83 -2743
611 1255 1103 438 -946 -80 -2744
612 1250 1103 438 -948 -80 -2745
613 1252 1101 437 -950 -81 -2746
614 1251 1100 435 -952 -82 -2743
615 1256 1101 440 -950 -80 -2741
616 1254 1096 437 -955 -81 -2742
617 1257 1095 435 -957 -80 -2742
618 1257 1095 439 -956 -79 -2745
619 1255 1095 432 -956 -79 -2743
620 1257 1096 433 -957 -80 -2743
621 1256 1095 436 -959 -80 -2742
622 1259 1095 434 -955 -81 -2741
623 1256 1095 439 -956 -83 -2742
624 1256 1094 434 -958 -82 -2744
625 1254 1097 437 -951 -79 -2743
626 1256 1099 437 -949 -81 -2744
627 1254 1099 436 -948 -83 -2746
628 1253 1098 437 -950 -84 -2742
629 1250 1099 433 -947 -82 -2745
630 1250 1098 436 -947 -85 -2746
631 1249 1102 435 -945 -84 -2749
632 1248 1099 437 -943 -81 -2747
633 1250 1098 436 -941 -82 -2744
634 1251 1102 437 -947 -82 -2745
635 1254 1100 436 -943 -86 -2747
636 1252 1098 436 -946 -83 -2746
637 1247 1098 437 -946 -86 -2745
638 1252 1099 438 -949 -84 -2743
639 1255 1099 435 -949 -83 -2743
640 1255 1097 435 -954 -82 -2744
641 1254 1094 433 -956 -81 -2742
642 1254 1096 436 -957 -78 -2745
643 1256 1096 434 -960 -78 -2743
644 1257 1096 436 -961 -78 -2742
645 1255 1094 434 -962 -79 -2744
646 1258 1097 434 -957 -80 -2742
647 1256 1098 439 -957 -83 -2741
648 1257 1094 434 -956 -81 -2744
649 1253 1099 438 -950 -79 -2742
650 1255 1099 439 -947 -79 -2739
651 1256 1098 440 -947 -80 -2743
652 1256 1101 440 -945 -80 -2740
653 1253 1102 440 -945 -83 -2742
654 1253 1101 438 -943 -82 -2741
655 1253 1102 438 -941 -81 -2743
656 1251 1101 441 -941 -82 -2742
657 1250 1105 438 -942 -81 -2743
658 1253 1103 441 -941 -84 -2744
659 1250 1103 441 -943 -83 -2746
660 1249 1100 437 -947 -84 -2743
661 1251 1100 439 -946 -81 -2743
662 1253 1098 436 -948 -80 -2744
663 1253 1100 436 -949 -81 -2743
664 1254 1100 438 -948 -81 -2743
665 1257 1100 439 -950 -79 -2743
666 1253 1097 439 -952 -76 -2742
667 1256 1097 437 -957 -78 -2744
668 1258 1096 434 -956 -78 -2740
669 1258 1098 435 -961 -80 -2742
670 1259 1096 437 -957 -78 -2741
671 1257 1098 437 -958 -76 -2745
672 1259 1094 438 -959 -78 -2742
673 1255 1094 435 -957 -79 -2744
674 1255 1096 437 -956 -79 -2742
675 1256 1097 436 -955 -82 -2743
676 1254 1098 436 -951 -82 -2744
677 1252 1096 440 -947 -80 -2744
678 1252 1101 439 -946 -81 -2745
679 1254 1099 439 -946 -85 -2740
680 1251 1099 437 -944 -83 -2746
681 1251 1103 440 -944 -84 -2742
682 1250 1101 440 -943 -85 -2744
683 1253 1099 437 -942 -82 -2749
684 1252 1101 438 -941 -81 -2744
685 1252 1101 438 -944 -83 -2743
686 1249 1100 440 -946 -85 -2746
687 1251 1100 433 -948 -80 -2744
688 1252 1100 438 -950 -81 -2746
689 1250 1098 437 -951 -81 -2744
690 1257 1098 437 -954 -81 -2743
691 1257 1099 437 -956 -80 -2743
692 1253 1098 437 -954 -83 -2744
693 1255 1096 434 -953 -78 -2745
694 1258 1095 435 -955 -82 -2744
695 1259 1094 440 -957 -78 -2741
696 1257 1097 434 -955 -80 -2742
697 1259 1098 436 -954 -79 -2740
698 1257 1095 437 -958 -78 -2740
699 1258 1097 437 -953 -81 -2741
700 1254 1098 438 -953 -78 -2743
701 1256 1095 436 -949 -80 -2745
702 1253 1097 438 -949 -81 -2743
703 1251 1097 436 -950 -81 -2746
704 1251 1099 436 -947 -85 -2747
705 1250 1099 438 -946 -83 -2746
706 1249 1100 438 -950 -82 -2744
707 1252 1098 434 -945 -82 -2744
708 1250 1101 436 -944 -83 -2742
709 1250 1103 437 -944 -81 -2743
710 1251 1103 436 -945 -82 -2745
711 1253 1101 439 -947 -80 -2746
712 1255 1104 438 -947 -82 -2741
713 1255 1098 438 -944 -79 -2741
714 1254 1100 440 -944 -82 -2742
715 1252 1103 439 -947 -79 -2744
716 1253 1098 439 -949 -79 -2742
717 1256 1097 439 -951 -80 -2741
718 1256 1098 440 -951 -78 -2742
719 1258 1099 438 -952 -75 -2742
720 1259 1100 441 -953 -77 -2741
721 1256 1098 440 -954 -78 -2740
722 1259 1098 440 -956 -76 -2742
723 1257 1100 438 -956 -75 -2741
724 1258 1097 437 -954 -77 -2742
725 1258 1100 437 -952 -82 -2742
726 1255 1100 439 -951 -78 -2740
727 1256 1097 439 -946 -80 -2741
728 1253 1099 437 -947 -81 -2743
729 1251 1100 438 -950 -81 -2747
730 1254 1098 437 -947 -82 -2743
731 1253 1101 439 -948 -83 -2744
732 1254 1098 436 -949 -85 -2744
733 1252 1101 437 -949 -81 -2744
734 1254 1101 440 -945 -81 -2748
735 1254 1100 438 -942 -82 -2746
736 1254 1100 439 -945 -83 -2745
737 1253 1100 437 -944 -83 -2743
738 1249 1105 436 -944 -81 -2743
739 1252 1099 439 -947 -86 -2742
740 1255 1103 439 -948 -82 -2741
741 1257 1098 439 -950 -82 -2746
742 1255 1103 436 -948 -79 -2744
743 1254 1100 437 -950 -79 -2741
744 1254 1102 436 -950 -80 -2743
745 1252 1103 437 -951 -82 -2742
746 1257 1099 440 -956 -83 -2742
747 1259 1099 435 -957 -77 -2741
748 1259 1099 439 -955 -80 -2740
749 1256 1099 438 -958 -82 -2741
750 1257 1096 432 -959 -80 -2744
751 1256 1095 435 -954 -79 -2743
752 1253 1094 435 -953 -82 -2745
753 1254 1097 436 -951 -82 -2744
754 1255 1095 434 -953 -77 -2745
755 1253 1101 435 -947 -84 -2744
756 1251 1098 437 -950 -81 -2745
757 1253 1096 433 -949 -80 -2746
758 1253 1097 438 -947 -82 -2744
759 1249 1099 437 -948 -85 -2744
760 1251 1098 438 -945 -83 -2746
761 1247 1100 435 -946 -84 -2746
762 1251 1100 436 -948 -86 -2747
763 1250 1099 436 -945 -82 -2746
764 1252 1100 438 -944 -82 -2745
765 1249 1100 438 -946 -83 -2747
766 1248 1096 432 -949 -83 -2749
767 1251 1097 437 -947 -85 -2746
768 1251 1096 436 -950 -84 -2747
769 1254 1100 433 -955 -82 -2745
770 1256 1092 434 -957 -81 -2742
771 1260 1099 437 -956 -80 -2741
772 1257 1098 435 -955 -79 -2742
773 1253 1093 438 -956 -82 -2743
774 1257 1096 437 -961 -80 -2741
775 1257 1098 436 -956 -84 -2745
776 1257 1093 437 -956 -80 -2744
777 1256 1095 436 -951 -81 -2744
778 1255 1095 436 -954 -81 -2745
779 1254 1096 436 -952 -82 -2744
780 1253 1097 435 -948 -81 -2744
781 1255 1098 439 -946 -86 -2745
782 1252 1097 435 -948 -85 -2746
783 1254 1099 435 -949 -81 -2748
784 1253 1100 435 -945 -82 -2746
785 1251 1101 437 -947 -86 -2744
786 1252 1099 433 -947 -83 -2747
787 1250 1096 435 -944 -85 -2746
788 1251 1100 437 -945 -84 -2751
789 1249 1099 436 -945 -88 -2742
790 1250 1096 435 -944 -84 -2746
791 1247 1102 436 -946 -84 -2745
792 1253 1099 437 -948 -79 -2742
793 1251 1102 439 -947 -81 -2743
794 1254 1099 437 -950 -81 -2740
795 1254 1101 438 -954 -81 -2742
796 1255 1096 438 -957 -83 -2744
797 1254 1098 436 -958 -80 -2741
798 1257 1097 432 -956 -82 -2743
799 1260 1098 437 -963 -78 -2744
800 1258 1092 434 -955 -81 -2742
801 1257 1094 435 -958 -79 -2748
802 1255 1096 435 -961 -81 -2742
803 1256 1093 435 -956 -79 -2743
804 1256 1098 434 -953 -79 -2743
805 1253 1098 435 -952 -81 -2744
806 1253 1095 434 -950 -86 -2746
807 1250 1097 436 -951 -86 -2741
808 1253 1097 433 -951 -81 -2748
809 1251 1100 438 -946 -81 -2748
810 1252 1101 437 -944 -87 -2749
811 1251 1100 436 -943 -87 -2745
812 1248 1097 437 -944 -83 -2746
813 1248 1099 436 -945 -86 -2746
814 1248 1098 435 -944 -87 -2746
815 1250 1100 436 -949 -82 -2746
816 1246 1101 434 -948 -84 -2746
817 1252 1098 437 -948 -83 -2749
818 1251 1098 435 -950 -80 -2745
819 1250 1098 437 -956 -84 -2745
820 1253 1096 439 -957 -81 -2744
821 1253 1097 436 -956 -80 -2744
822 1255 1098 437 -957 -81 -2745
823 1256 1094 434 -956 -80 -2741
824 1256 1096 433 -958 -79 -2744
825 1256 1096 438 -955 -80 -2744
826 1257 1096 437 -957 -78 -2745
827 1258 1098 436 -956 -80 -2744
828 1255 1096 439 -956 -79 -2742
829 1254 1097 436 -953 -81 -2744
830 1256 1096 436 -955 -78 -2745
831 1256 1096 436 -950 -80 -2741
832 1252 1096 436 -953 -81 -2743
833 1253 1099 437 -948 -85 -2742
834 1252 1098 436 -944 -81 -2744
835 1254 1102 440 -944 -84 -2743
836 1250 1100 438 -945 -87 -2745
837 1249 1097 438 -947 -89 -2745
838 1250 1100 433 -945 -83 -2748
839 1248 1102 440 -942 -82 -2744
840 1248 1100 437 -944 -82 -2744
841 1252 1098 436 -943 -82 -2747
842 1249 1100 434 -947 -85 -2744
843 1253 1102 435 -948 -83 -2744
844 1255 1099 438 -950 -80 -2743
845 1252 1099 436 -952 -82 -2745
846 1254 1097 436 -956 -83 -2746
847 1252 1096 433 -956 -78 -2745
848 1255 1097 437 -955 -80 -2742
849 1259 1095 439 -957 -81 -2744
850 1255 1095 438 -959 -79 -2741
851 1256 1095 436 -957 -78 -2740
852 1257 1096 438 -957 -78 -2745
853 1258 1096 436 -953 -78 -2743
854 1254 1097 438 -952 -81 -2742
855 1253 1096 437 -954 -80 -2743
856 1254 1098 437 -948 -83 -2742
857 1254 1099 436 -950 -85 -2741
858 1254 1098 434 -950 -84 -2745
859 1254 1098 439 -944 -83 -2745
860 1252 1103 436 -946 -83 -2747
861 1250 1102 439 -946 -82 -2744
862 1252 1102 438 -944 -82 -2745
863 1253 1102 440 -942 -81 -2744
864 1255 1102 438 -940 -81 -2741
865 1254 1106 439 -945 -78 -2742
866 1252 1102 439 -945 -81 -2742
867 1255 1103 438 -944 -79 -2740
868 1255 1104 440 -947 -83 -2744
869 1254 1101 442 -950 -80 -2744
870 1253 1099 440 -950 -79 -2744
871 1251 1101 442 -949 -80 -2740
872 1260 1100 441 -949 -76 -2743
873 1259 1100 438 -953 -80 -2742
874 1255 1099 437 -953 -79 -2745
875 1256 1096 436 -957 -77 -2743
876 1257 1096 435 -955 -79 -2743
877 1257 1097 437 -959 -78 -2741
878 1259 1093 435 -955 -77 -2740
879 1255 1097 437 -955 -82 -2742
880 1258 1100 436 -951 -77 -2739
881 1256 1098 440 -949 -79 -2742
882 1252 1100 438 -949 -79 -2742
883 1251 1099 436 -945 -83 -2743
884 1253 1100 439 -946 -82 -2743
885 1255 1102 434 -945 -87 -2745
886 1252 1101 437 -944 -85 -2746
887 1254 1100 438 -946 -83 -2744
888 1249 1100 438 -946 -81 -2745
889 1250 1103 435 -945 -82 -2746
890 1255 1103 438 -942 -81 -2741
891 1253 1100 437 -946 -82 -2745
892 1252 1099 439 -947 -81 -2743
893 1256 1102 439 -945 -81 -2744
894 1254 1102 438 -946 -79 -2740
895 1256 1100 438 -948 -82 -2741
896 1257 1097 439 -950 -81 -2744
897 1259 1097 438 -950 -81 -2740
898 1260 1100 438 -950 -81 -2742
899 1258 1100 438 -955 -79 -2740
900 1258 1098 440 -955 -76 -2739
901 1262 1097 434 -956 -76 -2742
902 1261 1100 440 -957 -78 -2741
903 1258 1099 440 -956 -80 -2741
904 1256 1099 436 -954 -80 -2743
905 1259 1099 439 -950 -78 -2742
906 1259 1096 437 -950 -82 -2746
907 1257 1100 437 -950 -80 -2745
908 1258 1100 439 -948 -81 -2742
909 1255 1101 437 -949 -81 -2744
910 1253 1100 439 -946 -82 -2746
911 1253 1099 437 -946 -85 -2746
912 1252 1097 436 -946 -82 -2744
913 1254 1103 437 -945 -82 -2745
914 1251 1103 440 -945 -83 -2743
915 1250 1099 436 -946 -84 -2745
916 1250 1096 438 -946 -82 -2744
917 1249 1101 435 -947 -82 -2742
918 1253 1101 440 -944 -78 -2743
919 1254 1099 440 -947 -81 -2742
920 1258 1099 440 -948 -81 -2742
921 1255 1098 438 -947 -82 -2741
922 1255 1101 437 -950 -79 -2741
923 1254 1100 435 -955 -81 -2744
924 1259 1098 437 -954 -76 -2742
925 1256 1097 439 -956 -81 -2742
926 1257 1099 437 -955 -78 -2740
927 1256 1101 439 -950 -77 -2741
928 1257 1100 436 -956 -82 -2743
929 1257 1095 434 -953 -77 -2743
930 1256 1097 435 -950 -77 -2745
931 1256 1096 439 -950 -81 -2743
932 1256 1096 435 -950 -79 -2740
933 1255 1101 434 -948 -83 -2741
934 1253 1097 435 -948 -80 -2740
935 1252 1098 436 -946 -82 -2741
936 1253 1099 436 -948 -83 -2744
937 1254 1098 437 -949 -84 -2746
938 1249 1099 436 -950 -84 -2744
939 1251 1097 437 -949 -80 -2743
940 1252 1099 438 -947 -83 -2742
941 1249 1100 435 -947 -83 -2745
942 1252 1099 434 -948 -82 -2746
943 1252 1097 436 -950 -84 -2745
944 1250 1097 436 -948 -84 -2745
945 1255 1099 439 -946 -81 -2744
946 1255 1102 437 -947 -78 -2744
947 1252 1099 438 -952 -82 -2747
948 1252 1098 435 -950 -82 -2744
949 1251 1098 436 -952 -82 -2743
950 1250 1097 436 -951 -82 -2744
951 1255 1095 436 -953 -82 -2743
952 1254 1097 436 -957 -82 -2741
953 1256 1096 436 -955 -81 -2742
954 1255 1097 436 -957 -77 -2742
955 1258 1096 436 -955 -82 -2742
956 1253 1096 435 -954 -80 -2742
957 1256 1095 435 -952 -82 -2743
958 1255 1095 437 -955 -81 -2741
959 1254 1098 437 -949 -79 -2741
960 1253 1095 439 -953 -82 -2745
961 1255 1095 438 -948 -79 -2741
962 1250 1101 436 -951 -81 -2744
963 1250 1096 439 -948 -81 -2747
964 1255 1099 436 -946 -85 -2743
965 1252 1098 436 -948 -85 -2744
966 1252 1101 438 -945 -81 -2744
967 1252 1100 438 -944 -82 -2745
968 1250 1097 438 -944 -82 -2743
969 1252 1099 438 -947 -82 -2746
970 1253 1098 436 -947 -79 -2745
971 1254 1097 437 -947 -81 -2745
972 1252 1097 437 -952 -83 -2742
973 1256 1097 438 -955 -83 -2745
974 1253 1101 437 -949 -82 -2744
975 1255 1097 435 -950 -82 -2746
976 1254 1098 437 -948 -80 -2741
977 1252 1099 438 -953 -80 -2744
978 1253 1095 436 -953 -77 -2743
979 1253 1092 435 -953 -75 -2744
980 1258 1097 437 -956 -80 -2744
981 1256 1095 435 -956 -78 -2745
982 1257 1099 437 -955 -80 -2742
983 1254 1095 436 -956 -80 -2743
984 1256 1097 436 -955 -79 -2742
985 1255 1098 437 -949 -80 -2742
986 1255 1099 440 -948 -80 -2746
987 1255 1100 436 -949 -80 -2742
988 1252 1096 438 -947 -83 -2744
989 1252 1099 436 -947 -82 -2742
990 1252 1100 437 -948 -81 -2743
991 1250 1100 436 -943 -84 -2744
992 1252 1100 438 -939 -84 -2743
993 1253 1102 440 -942 -83 -2745
994 1253 1099 437 -945 -83 -2741
995 1252 1102 439 -945 -83 -2745
996 1249 1097 437 -948 -83 -2744
997 1251 1098 440 -950 -86 -2747
998 1252 1098 438 -948 -82 -2747
999 1255 1100 434 -952 -79 -2745
0 1364 6200 -19 -1072 -159 -7946
1 1363 6201 -20 -1073 -165 -7945
2 1363 6203 -18 -1074 -164 -7946
3 1362 6200 -19 -1072 -161 -7947
4 1363 6198 -17 -1077 -161 -7948
5 1361 6200 -18 -1073 -161 -7944
6 1362 6200 -15 -1073 -162 -7949
7 1363 6202 -17 -1075 -160 -7946
8 1365 6198 -16 -1076 -163 -7949
9 1362 6199 -16 -1079 -164 -7945
10 1364 6197 -22 -1076 -161 -7947
11 1365 6197 -19 -1079 -159 -7947
12 1365 6199 -18 -1082 -162 -7949
13 1367 6197 -18 -1079 -157 -7948
14 1364 6203 -20 -1082 -158 -7946
15 1367 6196 -19 -1080 -157 -7947
16 1365 6199 -18 -1084 -159 -7946
17 1368 6198 -19 -1084 -157 -7951
18 1369 6199 -20 -1080 -157 -7948
19 1371 6200 -18 -1079 -158 -7946
20 1367 6202 -16 -1080 -157 -7947
21 1368 6198 -17 -1080 -159 -7950
22 1364 6199 -16 -1078 -158 -7948
23 1366 6204 -15 -1075 -161 -7945
24 1364 6202 -13 -1073 -161 -7946
25 1366 6200 -19 -1073 -160 -7947
26 1361 6202 -18 -1075 -161 -7945
27 1363 6201 -15 -1074 -161 -7945
28 1364 6203 -17 -1076 -160 -7947
29 1365 6199 -18 -1078 -162 -7949
30 1364 6198 -19 -1077 -161 -7946
31 1363 6202 -17 -1080 -163 -7948
32 1366 6198 -16 -1083 -156 -7949
33 1369 6196 -19 -1087 -154 -7947
34 1368 6200 -17 -1088 -156 -7948
35 1368 6200 -19 -1086 -160 -7948
36 1368 6199 -20 -1083 -158 -7945
37 1368 6200 -15 -1084 -158 -7950
38 1367 6199 -18 -1083 -156 -7946
39 1368 6199 -16 -1089 -153 -7948
40 1367 6200 -18 -1082 -157 -7947
41 1371 6199 -19 -1080 -158 -7944
42 1369 6198 -15 -1082 -157 -7948
43 1368 6200 -18 -1080 -160 -7945
44 1364 6201 -20 -1079 -157 -7942
45 1365 6200 -18 -1077 -156 -7945
46 1369 6202 -17 -1074 -156 -7943
47 1370 6201 -16 -1074 -157 -7943
48 1365 6203 -12 -1076 -155 -7945
49 1368 6203 -16 -1082 -159 -7945
50 1369 6203 -15 -1080 -158 -7944
51 1368 6201 -20 -1078 -157 -7942
52 1366 6201 -15 -1081 -154 -7944
53 1369 6199 -17 -1083 -159 -7947
54 1367 6201 -14 -1085 -157 -7944
55 1373 6196 -17 -1086 -156 -7944
56 1374 6198 -16 -1089 -157 -7945
57 1374 6200 -16 -1088 -154 -7948
58 1371 6198 -17 -1090 -152 -7950
59 1372 6197 -19 -1087 -151 -7943
60 1372 6199 -16 -1093 -151 -7941
61 1371 6200 -16 -1092 -155 -7944
62 1375 6198 -19 -1093 -152 -7944
63 1372 6200 -16 -1088 -152 -7943
64 1371 6200 -16 -1089 -155 -7945
65 1369 6201 -18 -1084 -157 -7942
66 1369 6204 -17 -1086 -153 -7944
67 1369 6203 -15 -1083 -156 -7944
68 1368 6204 -15 -1084 -154 -7945
69 1371 6203 -16 -1082 -155 -7944
70 1368 6204 -15 -1084 -159 -7941
71 1367 6202 -16 -1080 -154 -7943
72 1370 6206 -14 -1081 -152 -7941
73 1370 6207 -15 -1083 -155 -7941
74 1373 6208 -12 -1086 -154 -7943
75 1367 6204 -14 -1084 -156 -7940
76 1371 6202 -14 -1089 -155 -7942
77 1372 6205 -14 -1093 -153 -7944
78 1377 6205 -14 -1096 -148 -7942
79 1374 6204 -16 -1101 -152 -7942
80 1374 6200 -21 -1096 -152 -7941
81 1375 6202 -19 -1096 -153 -7943
82 1375 6202 -18 -1094 -152 -7944
83 1377 6203 -17 -1098 -149 -7940
84 1378 6199 -19 -1099 -146 -7943
85 1377 6201 -17 -1098 -150 -7941
86 1374 6202 -20 -1092 -150 -7941
87 1374 6205 -14 -1090 -151 -7940
88 1372 6203 -13 -1086 -151 -7942
89 1373 6208 -15 -1089 -155 -7940
90 1369 6204 -14 -1085 -155 -7942
91 1370 6203 -17 -1086 -153 -7944
92 1371 6206 -14 -1086 -150 -7940
93 1371 6205 -13 -1090 -152 -7942
94 1370 6208 -17 -1091 -150 -7940
95 1369 6208 -11 -1092 -149 -7942
96 1375 6208 -14 -1094 -150 -7940
97 1375 6207 -13 -1097 -149 -7939
98 1375 6206 -13 -1098 -150 -7941
99 1377 6206 -14 -1100 -147 -7939
100 1377 6209 -14 -1096 -148 -7939
101 1379 6209 -14 -1100 -146 -7939
102 1375 6206 -10 -1103 -144 -7936
103 1379 6208 -13 -1104 -147 -7939
104 1380 6204 -11 -1099 -150 -7940
105 1379 6204 -12 -1102 -148 -7939
106 1379 6205 -13 -1107 -145 -7939
107 1382 6206 -14 -1103 -145 -7939
108 1377 6208 -12 -1104 -144 -7939
109 1377 6207 -12 -1099 -145 -7940
110 1375 6208 -11 -1098 -148 -7939
111 1377 6206 -11 -1099 -149 -7939
112 1379 6208 -11 -1100 -149 -7940
113 1379 6208 -12 -1099 -148 -7939
114 1377 6210 -11 -1098 -149 -7937
115 1375 6207 -9 -1094 -149 -7941
116 1375 6211 -9 -1095 -150 -7938
117 1375 6210 -12 -1094 -147 -7939
118 1373 6208 -10 -1096 -148 -7938
119 1377 6210 -12 -1098 -148 -7941
120 1379 6212 -13 -1103 -146 -7938
121 1377 6212 -9 -1104 -142 -7936
122 1382 6211 -11 -1104 -138 -7932
123 1383 6212 -9 -1108 -142 -7934
124 1381 6207 -9 -1110 -143 -7936
125 1382 6210 -10 -1108 -141 -7936
126 1382 6212 -7 -1111 -143 -7936
127 1385 6211 -12 -1108 -143 -7937
128 1387 6211 -9 -1111 -142 -7935
129 1381 6211 -9 -1108 -141 -7934
130 1384 6212 -10 -1106 -144 -7934
131 1382 6212 -9 -1106 -142 -7934
132 1379 6210 -9 -1106 -144 -7935
133 1381 6213 -9 -1103 -144 -7932
134 1378 6211 -12 -1105 -140 -7935
135 1382 6211 -8 -1104 -145 -7932
136 1381 6212 -10 -1104 -140 -7933
137 1384 6212 -9 -1107 -140 -7935
138 1384 6212 -8 -1104 -141 -7931
139 1384 6214 -8 -1102 -140 -7931
140 1382 6213 -5 -1106 -142 -7931
141 1382 6210 -7 -1106 -141 -7934
142 1385 6216 -8 -1106 -140 -7934
143 1385 6213 -9 -1108 -140 -7932
144 1385 6215 -11 -1110 -140 -7932
145 1386 6211 -11 -1115 -139 -7932
146 1389 6211 -8 -1112 -139 -7931
147 1388 6213 -10 -1114 -136 -7931
148 1387 6212 -8 -1111 -138 -7932
149 1389 6212 -10 -1113 -139 -7928
150 1387 6211 -7 -1113 -138 -7930
151 1390 6212 -8 -1116 -134 -7931
152 1388 6211 -6 -1115 -137 -7933
153 1386 6212 -9 -1116 -138 -7931
154 1385 6214 -8 -1112 -139 -7931
155 1383 6212 -8 -1113 -140 -7928
156 1386 6215 -5 -1110 -139 -7928
157 1388 6216 -5 -1111 -139 -7932
158 1388 6217 -4 -1109 -136 -7931
159 1386 6217 -5 -1108 -139 -7929
160 1386 6218 -6 -1110 -139 -7929
161 1389 6217 -6 -1109 -134 -7928
162 1389 6214 -4 -1114 -137 -7930
163 1390 6216 -5 -1116 -136 -7928
164 1389 6220 -5 -1115 -131 -7924
165 1387 6216 -7 -1118 -135 -7928
166 1388 6216 -8 -1114 -137 -7933
167 1388 6214 -6 -1116 -134 -7930
168 1390 6215 -6 -1116 -133 -7927
169 1388 6217 -7 -1120 -134 -7929
170 1390 6215 -5 -1119 -136 -7930
171 1389 6218 -9 -1120 -135 -7930
172 1392 6216 -5 -1119 -134 -7926
173 1391 6219 -4 -1120 -131 -7927
174 1394 6216 -6 -1116 -132 -7926
175 1389 6216 -5 -1112 -130 -7929
176 1388 6217 -4 -1114 -132 -7927
177 1393 6220 -2 -1116 -134 -7927
178 1389 6217 -6 -1116 -135 -7929
179 1389 6217 -7 -1117 -135 -7926
180 1391 6221 -4 -1117 -133 -7931
181 1390 6217 -6 -1117 -134 -7930
182 1391 6218 -6 -1117 -133 -7927
183 1390 6214 -6 -1118 -129 -7927
184 1390 6221 -3 -1116 -132 -7930
185 1392 6220 -6 -1116 -134 -7926
186 1395 6216 -3 -1118 -131 -7930
187 1395 6223 -2 -1123 -130 -7928
188 1393 6216 -4 -1128 -129 -7925
189 1394 6219 -6 -1125 -130 -7926
190 1396 6219 -6 -1123 -128 -7927
191 1396 6217 -4 -1126 -128 -7927
192 1398 6219 -4 -1124 -129 -7926
193 1395 6218 -4 -1119 -129 -7930
194 1392 6221 -3 -1121 -133 -7928
195 1395 6217 -5 -1120 -128 -7929
196 1396 6218 -4 -1122 -129 -7928
197 1393 6218 -1 -1121 -132 -7930
198 1390 6220 -4 -1123 -129 -7925
199 1391 6220 -3 -1123 -128 -7926
200 1393 6220 -2 -1120 -130 -7927
201 1396 6219 -1 -1119 -132 -7925
202 1395 6221 -4 -1120 -132 -7929
203 1392 6220 -6 -1118 -128 -7926
204 1391 6219 -5 -1121 -133 -7927
205 1393 6216 -5 -1120 -129 -7929
206 1390 6220 -6 -1124 -130 -7927
207 1395 6218 -4 -1123 -131 -7929
208 1396 6217 -3 -1125 -127 -7928
209 1397 6219 -3 -1121 -127 -7927
210 1398 6220 -4 -1125 -127 -7926
211 1396 6219 -4 -1131 -129 -7926
212 1396 6217 -3 -1126 -128 -7926
213 1398 6215 -8 -1124 -130 -7926
214 1396 6217 -5 -1125 -128 -7926
215 1396 6221 -6 -1130 -128 -7927
216 1398 6217 -2 -1132 -128 -7928
217 1395 6216 -6 -1128 -127 -7925
218 1396 6215 -5 -1124 -131 -7929
219 1396 6215 -3 -1123 -127 -7923
220 1397 6221 -1 -1121 -131 -7929
221 1394 6218 -3 -1123 -130 -7930
222 1392 6220 -5 -1124 -128 -7930
223 1395 6217 -9 -1121 -130 -7928
224 1392 6218 -5 -1121 -131 -7927
225 1394 6217 -4 -1119 -131 -7928
226 1392 6217 -2 -1121 -131 -7925
227 1393 6216 -4 -1123 -130 -7928
228 1396 6217 -2 -1124 -128 -7929
229 1396 6218 -6 -1127 -130 -7928
230 1395 6218 -8 -1127 -129 -7929
231 1393 6215 -4 -1127 -127 -7925
232 1396 6215 -5 -1127 -130 -7930
233 1396 6214 -5 -1130 -129 -7931
234 1399 6217 -4 -1132 -129 -7930
235 1394 6215 -8 -1130 -127 -7929
236 1398 6217 -3 -1130 -125 -7928
237 1399 6214 -8 -1123 -125 -7924
238 1399 6222 -4 -1128 -124 -7928
239 1397 6217 -2 -1125 -122 -7926
240 1398 6219 -4 -1128 -124 -7929
241 1402 6222 -3 -1125 -129 -7926
242 1399 6218 -3 -1124 -126 -7928
243 1395 6220 -1 -1122 -129 -7929
244 1391 6217 -5 -1126 -131 -7928
245 1394 6216 -8 -1121 -130 -7928
246 1395 6216 -4 -1121 -130 -7931
247 1391 6217 -6 -1122 -130 -7925
248 1394 6214 -9 -1122 -130 -7929
249 1396 6216 -4 -1121 -131 -7929
250 1395 6219 -4 -1125 -128 -7930
251 1393 6214 -7 -1126 -129 -7929
252 1394 6216 -6 -1129 -128 -7930
253 1394 6220 -7 -1127 -125 -7929
254 1397 6219 -4 -1125 -126 -7927
255 1398 6217 -2 -1128 -129 -7927
256 1399 6217 -7 -1127 -124 -7926
257 1399 6218 -3 -1129 -127 -7927
258 1394 6220 -4 -1130 -125 -7929
259 1395 6216 -8 -1131 -127 -7930
260 1396 6216 -6 -1128 -127 -7930
261 1398 6217 -6 -1129 -128 -7930
262 1397 6220 1 -1125 -128 -7925
263 1399 6219 -5 -1124 -130 -7926
264 1399 6217 -7 -1124 -126 -7928
265 1396 6217 -6 -1121 -131 -7931
266 1393 6219 -3 -1123 -127 -7928
267 1394 6218 -4 -1124 -130 -7930
268 1391 6220 -5 -1122 -132 -7928
269 1395 6217 -6 -1122 -131 -7925
270 1395 6219 -6 -1124 -130 -7933
271 1393 6217 -4 -1123 -129 -7928
272 1394 6216 -8 -1122 -130 -7928
273 1390 6215 -8 -1123 -129 -7929
274 1393 6218 -3 -1125 -131 -7932
275 1394 6215 -7 -1121 -128 -7933
276 1398 6215 -6 -1125 -127 -7927
277 1394 6217 -1 -1126 -123 -7929
278 1398 6220 -6 -1129 -125 -7931
279 1401 6219 -5 -1124 -129 -7927
280 1394 6220 -5 -1127 -126 -7927
281 1398 6218 -4 -1124 -126 -7927
282 1399 6220 -3 -1127 -127 -7929
283 1396 6218 0 -1122 -127 -7929
284 1398 6218 -4 -1124 -127 -7929
285 1399 6220 -4 -1123 -126 -7926
286 1398 6218 -4 -1122 -126 -7927
287 1395 6219 -2 -1117 -129 -7927
288 1393 6218 -4 -1117 -130 -7926
289 1392 6216 -5 -1118 -134 -7930
290 1391 6218 -6 -1118 -134 -7930
291 1392 6219 -5 -1120 -133 -7928
292 1389 6219 -6 -1122 -132 -7930
293 1392 6216 -5 -1117 -130 -7928
294 1390 6218 -7 -1119 -133 -7930
295 1394 6217 -6 -1119 -131 -7930
296 1391 6218 -4 -1119 -132 -7928
297 1393 6215 -5 -1122 -131 -7930
298 1395 6214 -6 -1122 -132 -7928
299 1394 6214 -7 -1126 -133 -7929
300 1391 6215 -8 -1122 -129 -7929
301 1392 6217 -4 -1124 -131 -7929
302 1393 6217 -7 -1120 -129 -7930
303 1395 6216 -4 -1124 -134 -7929
304 1393 6214 0 -1123 -132 -7928
305 1393 6215 -6 -1126 -133 -7929
306 1393 6217 -4 -1125 -129 -7929
307 1393 6216 -5 -1122 -129 -7928
308 1390 6217 -4 -1118 -129 -7929
309 1390 6217 -8 -1115 -131 -7925
310 1393 6219 -5 -1115 -129 -7926
311 1392 6220 -1 -1116 -131 -7923
312 1395 6219 -1 -1113 -129 -7922
313 1395 6220 0 -1112 -130 -7923
314 1396 6223 1 -1112 -134 -7924
315 1392 6218 0 -1115 -135 -7925
316 1391 6217 -2 -1112 -133 -7929
317 1390 6220 -6 -1114 -131 -7928
318 1388 6216 -4 -1115 -131 -7930
319 1388 6217 -4 -1118 -134 -7928
320 1388 6219 -8 -1118 -131 -7927
321 1390 6218 -3 -1122 -133 -7930
322 1393 6219 -7 -1121 -132 -7927
323 1395 6216 -4 -1121 -133 -7926
324 1395 6219 -6 -1119 -132 -7926
325 1392 6218 -3 -1120 -133 -7927
326 1392 6217 -2 -1121 -132 -7924
327 1391 6220 -6 -1119 -132 -7926
328 1392 6218 -5 -1123 -131 -7929
329 1388 6219 -6 -1121 -133 -7926
330 1391 6218 -6 -1118 -133 -7927
331 1388 6220 -3 -1112 -133 -7925
332 1384 6218 -3 -1115 -136 -7928
333 1386 6222 -4 -1112 -137 -7926
334 1385 6222 -1 -1110 -136 -7922
335 1388 6223 -2 -1111 -132 -7924
336 1388 6222 -2 -1109 -135 -7923
337 1388 6224 -2 -1111 -134 -7926
338 1388 6224 -1 -1107 -133 -7924
339 1387 6222 -4 -1110 -135 -7920
340 1390 6224 -1 -1111 -134 -7923
341 1389 6224 2 -1112 -133 -7925
342 1387 6223 -1 -1111 -134 -7922
343 1391 6222 -1 -1114 -133 -7923
344 1392 6220 -4 -1116 -132 -7923
345 1388 6223 -3 -1117 -133 -7922
346 1389 6219 -4 -1117 -134 -7924
347 1388 6221 -5 -1116 -136 -7923
348 1391 6224 1 -1118 -133 -7922
349 1385 6225 0 -1119 -135 -7923
350 1390 6224 -1 -1116 -135 -7922
351 1390 6226 3 -1116 -134 -7922
352 1389 6222 -1 -1114 -136 -7924
353 1387 6224 0 -1110 -138 -7923
354 1384 6226 1 -1111 -139 -7924
355 1385 6225 1 -1110 -138 -7922
356 1385 6223 -1 -1110 -138 -7922
357 1383 6222 2 -1108 -142 -7921
358 1384 6223 -2 -1107 -139 -7924
359 1383 6228 2 -1105 -136 -7919
360 1385 6228 1 -1109 -138 -7919
361 1384 6227 1 -1104 -137 -7921
362 1387 6229 0 -1107 -138 -7918
363 1383 6226 0 -1109 -136 -7921
364 1386 6228 -1 -1110 -137 -7918
365 1384 6230 1 -1111 -136 -7922
366 1387 6229 1 -1110 -137 -7921
367 1390 6229 1 -1109 -135 -7917
368 1385 6229 4 -1109 -138 -7918
369 1386 6229 3 -1109 -135 -7920
370 1389 6230 1 -1111 -135 -7919
371 1387 6227 2 -1110 -137 -7918
372 1390 6228 1 -1116 -137 -7921
373 1389 6230 4 -1113 -133 -7919
374 1389 6228 4 -1112 -138 -7919
375 1387 6228 4 -1109 -137 -7921
376 1386 6232 6 -1106 -140 -7918
377 1386 6231 1 -1106 -141 -7920
378 1381 6232 5 -1108 -139 -7915
379 1384 6233 3 -1106 -141 -7914
380 1383 6235 8 -1103 -142 -7916
381 1385 6232 5 -1101 -140 -7916
382 1381 6235 4 -1103 -142 -7915
383 1378 6234 4 -1104 -135 -7918
384 1384 6232 5 -1105 -140 -7914
385 1383 6232 2 -1106 -142 -7914
386 1381 6230 4 -1108 -143 -7913
387 1388 6233 8 -1106 -138 -7914
388 1386 6232 7 -1108 -139 -7914
389 1384 6237 6 -1111 -139 -7910
390 1386 6233 8 -1109 -138 -7911
391 1386 6234 4 -1113 -140 -7914
392 1385 6234 5 -1114 -140 -7909
393 1384 6234 3 -1114 -141 -7916
394 1383 6236 3 -1110 -139 -7912
395 1382 6232 4 -1108 -140 -7915
396 1383 6234 3 -1105 -141 -7914
397 1380 6238 6 -1107 -140 -7914
398 1381 6235 6 -1104 -140 -7915
399 1379 6236 4 -1105 -144 -7913
400 1382 6233 6 -1108 -141 -7909
401 1382 6237 8 -1103 -140 -7909
402 1382 6236 7 -1102 -140 -7912
403 1379 6239 8 -1102 -144 -7909
404 1379 6240 7 -1101 -143 -7910
405 1381 6237 7 -1099 -142 -7908
406 1380 6236 8 -1104 -144 -7914
407 1380 6238 12 -1104 -144 -7907
408 1382 6238 11 -1105 -140 -7912
409 1383 6241 5 -1108 -142 -7905
410 1380 6238 7 -1107 -144 -7907
411 1382 6238 8 -1106 -142 -7907
412 1379 6238 7 -1109 -141 -7912
413 1383 6238 6 -1107 -143 -7910
414 1380 6242 7 -1107 -144 -7909
415 1380 6240 8 -1108 -141 -7906
416 1380 6240 10 -1108 -142 -7908
417 1384 6242 9 -1106 -143 -7905
418 1382 6241 8 -1109 -145 -7908
419 1379 6245 14 -1107 -141 -7909
420 1382 6242 8 -1109 -142 -7906
421 1380 6244 9 -1106 -141 -7905
422 1381 6244 11 -1106 -143 -7904
423 1379 6243 11 -1102 -139 -7905
424 1384 6245 11 -1104 -140 -7904
425 1378 6246 13 -1104 -139 -7904
426 1380 6246 14 -1100 -140 -7901
427 1381 6247 12 -1098 -142 -7901
428 1383 6249 15 -1097 -140 -7901
429 1381 6251 19 -1101 -140 -7902
430 1383 6249 15 -1105 -141 -7904
431 1380 6241 13 -1102 -141 -7901
432 1379 6248 15 -1104 -141 -7898
433 1381 6248 13 -1105 -140 -7901
434 1379 6247 14 -1106 -143 -7906
435 1382 6248 14 -1106 -142 -7901
436 1380 6248 13 -1106 -141 -7900
437 1379 6246 17 -1106 -141 -7901
438 1383 6250 14 -1105 -141 -7901
439 1383 6249 15 -1109 -141 -7899
440 1379 6251 16 -1103 -138 -7899
441 1383 6251 18 -1101 -140 -7897
442 1384 6254 19 -1102 -138 -7896
443 1382 6254 19 -1104 -140 -7895
444 1382 6253 18 -1103 -140 -7896
445 1383 6251 19 -1100 -142 -7899
446 1379 6252 15 -1102 -141 -7900
447 1378 6253 20 -1103 -140 -7898
448 1382 6253 17 -1101 -139 -7898
449 1382 6252 16 -1102 -144 -7898
450 1379 6252 18 -1104 -144 -7896
451 1382 6255 18 -1104 -143 -7895
452 1380 6253 16 -1107 -143 -7892
453 1380 6254 16 -1106 -142 -7894
454 1382 6257 19 -1104 -143 -7896
455 1387 6256 16 -1100 -138 -7892
456 1383 6254 18 -1102 -142 -7896
457 1380 6257 20 -1100 -141 -7890
458 1383 6257 20 -1101 -140 -7896
459 1384 6257 22 -1105 -139 -7892
460 1381 6258 20 -1104 -138 -7891
461 1385 6256 21 -1102 -139 -7892
462 1385 6258 20 -1104 -138 -7890
463 1382 6258 22 -1102 -136 -7892
464 1384 6258 21 -1104 -140 -7894
465 1384 6262 21 -1103 -139 -7888
466 1382 6257 19 -1104 -140 -7894
467 1380 6261 21 -1104 -143 -7890
468 1382 6258 17 -1105 -142 -7891
469 1381 6256 19 -1102 -141 -7891
470 1380 6256 22 -1102 -142 -7893
471 1382 6257 22 -1103 -144 -7893
472 1383 6257 20 -1102 -145 -7889
473 1379 6258 20 -1104 -143 -7891
474 1383 6257 20 -1104 -142 -7888
475 1383 6253 22 -1106 -144 -7890
476 1382 6259 22 -1104 -142 -7890
477 1381 6258 20 -1105 -142 -7892
478 1383 6259 22 -1106 -142 -7889
479 1382 6260 24 -1102 -140 -7889
480 1380 6259 19 -1105 -141 -7888
481 1384 6261 23 -1107 -138 -7888
482 1385 6261 24 -1108 -138 -7890
483 1382 6258 22 -1102 -142 -7887
484 1381 6258 23 -1104 -141 -7888
485 1383 6261 24 -1102 -140 -7890
486 1380 6260 22 -1103 -139 -7889
487 1382 6261 24 -1101 -140 -7887
488 1385 6263 25 -1103 -142 -7886
489 1384 6264 27 -1102 -139 -7888
490 1382 6265 26 -1101 -140 -7886
491 1383 6262 24 -1105 -142 -7886
492 1383 6260 22 -1101 -139 -7889
493 1383 6263 30 -1103 -139 -7886
494 1382 6264 26 -1101 -140 -7885
495 1384 6267 24 -1102 -138 -7887
496 1383 6264 23 -1105 -141 -7890
497 1382 6261 22 -1109 -141 -7886
498 1380 6261 22 -1106 -140 -7889
499 1381 6265 26 -1108 -138 -7887
500 1383 6262 22 -1104 -140 -7889
501 1384 6264 25 -1106 -142 -7886
502 1383 6265 25 -1102 -141 -7888
503 1381 6261 22 -1105 -140 -7887
504 1382 6265 24 -1103 -138 -7885
505 1386 6268 26 -1106 -138 -7883
506 1385 6265 28 -1102 -135 -7883
507 1388 6266 29 -1102 -138 -7885
508 1382 6263 23 -1106 -139 -7886
509 1379 6266 22 -1104 -142 -7888
510 1379 6264 25 -1105 -143 -7886
511 1382 6265 24 -1104 -142 -7888
512 1382 6268 27 -1105 -141 -7885
513 1381 6264 26 -1102 -138 -7890
514 1383 6264 24 -1104 -139 -7885
515 1380 6266 26 -1105 -138 -7885
516 1382 6268 27 -1107 -140 -7888
517 1379 6266 25 -1103 -140 -7887
518 1381 6265 27 -1105 -141 -7886
519 1380 6264 23 -1106 -137 -7888
520 1379 6266 25 -1103 -140 -7889
521 1383 6264 24 -1105 -138 -7887
522 1384 6264 24 -1106 -140 -7889
523 1381 6266 26 -1106 -138 -7883
524 1383 6264 27 -1104 -141 -7888
525 1385 6263 25 -1107 -136 -7889
526 1382 6265 25 -1100 -136 -7885
527 1385 6266 28 -1101 -138 -7881
528 1387 6270 28 -1101 -140 -7886
529 1381 6264 25 -1101 -140 -7882
530 1385 6269 29 -1100 -138 -7888
531 1386 6265 25 -1099 -138 -7884
532 1383 6266 27 -1105 -138 -7886
533 1383 6263 28 -1102 -139 -7889
534 1383 6265 24 -1103 -141 -7888
535 1381 6264 26 -1102 -138 -7887
536 1381 6268 24 -1106 -141 -7888
537 1382 6266 26 -1108 -140 -7885
538 1382 6260 24 -1104 -138 -7883
539 1381 6265 26 -1106 -140 -7885
540 1381 6264 30 -1104 -139 -7887
541 1383 6266 24 -1103 -137 -7886
542 1384 6263 25 -1106 -137 -7886
543 1387 6263 28 -1105 -139 -7886
544 1385 6264 27 -1101 -139 -7886
545 1383 6264 28 -1105 -140 -7884
546 1385 6264 26 -1101 -135 -7883
547 1380 6263 26 -1105 -140 -7884
548 1386 6265 26 -1100 -137 -7884
549 1384 6264 29 -1105 -140 -7887
550 1384 6262 23 -1102 -139 -7884
551 1382 6263 26 -1100 -138 -7887
552 1383 6264 30 -1102 -141 -7880
553 1384 6265 26 -1101 -142 -7887
554 1381 6264 27 -1103 -141 -7887
555 1380 6263 24 -1103 -142 -7891
556 1382 6263 26 -1106 -141 -7890
557 1382 6261 22 -1105 -139 -7887
558 1381 6264 26 -1106 -141 -7886
559 1384 6261 28 -1104 -143 -7886
560 1385 6264 25 -1103 -139 -7889
561 1385 6261 25 -1107 -140 -7889
562 1382 6261 25 -1107 -141 -7885
563 1379 6264 24 -1103 -138 -7888
564 1384 6264 25 -1103 -140 -7886
565 1384 6261 26 -1104 -141 -7890
566 1384 6263 24 -1105 -143 -7887
567 1378 6263 22 -1103 -143 -7890
568 1382 6259 20 -1101 -137 -7885
569 1387 6263 23 -1102 -138 -7885
570 1379 6262 24 -1105 -140 -7890
571 1382 6260 23 -1100 -141 -7885
572 1381 6259 25 -1103 -142 -7886
573 1383 6261 25 -1102 -141 -7888
574 1379 6262 25 -1100 -141 -7889
575 1381 6266 24 -1103 -140 -7886
576 1382 6267 27 -1101 -139 -7887
577 1377 6262 22 -1102 -140 -7886
578 1382 6261 22 -1101 -142 -7887
579 1380 6265 26 -1100 -142 -7887
580 1383 6260 26 -1100 -140 -7885
581 1384 6261 27 -1099 -137 -7888
582 1384 6263 22 -1101 -141 -7888
583 1382 6262 24 -1102 -140 -7888
584 1383 6263 26 -1104 -136 -7889
585 1386 6263 25 -1099 -133 -7887
586 1382 6264 23 -1106 -140 -7889
587 1386 6266 28 -1101 -138 -7887
588 1384 6263 23 -1103 -140 -7887
589 1382 6261 22 -1102 -140 -7889
590 1385 6263 24 -1096 -142 -7888
591 1382 6264 23 -1100 -139 -7886
592 1381 6260 27 -1102 -138 -7889
593 1382 6262 24 -1099 -140 -7890
594 1381 6260 24 -1100 -143 -7892
595 1379 6259 20 -1101 -143 -7888
596 1377 6260 23 -1099 -144 -7888
597 1378 6262 21 -1096 -141 -7891
598 1379 6263 24 -1099 -144 -7888
599 1377 6263 25 -1096 -142 -7889
600 1380 6263 23 -1097 -140 -7890
601 1383 6260 23 -1098 -141 -7889
602 1380 6262 24 -1098 -142 -7891
603 1379 6262 20 -1101 -144 -7892
604 1376 6257 23 -1098 -144 -7890
605 1379 6258 20 -1101 -143 -7891
606 1381 6262 21 -1104 -141 -7888
607 1378 6260 23 -1100 -143 -7892
608 1376 6259 20 -1099 -146 -7895
609 1380 6258 23 -1103 -144 -7892
610 1381 6261 23 -1100 -142 -7890
611 1382 6262 21 -1101 -143 -7892
612 1379 6259 21 -1100 -142 -7892
613 1380 6259 22 -1098 -142 -7889
614 1378 6258 24 -1097 -141 -7890
615 1378 6258 22 -1098 -146 -7894
616 1378 6261 21 -1095 -143 -7894
617 1378 6261 22 -1094 -143 -7890
618 1378 6260 22 -1096 -143 -7890
619 1375 6257 20 -1090 -146 -7893
620 1379 6260 21 -1094 -149 -7892
621 1375 6263 21 -1094 -146 -7892
622 1375 6258 22 -1095 -146 -7893
623 1378 6259 19 -1094 -147 -7891
624 1372 6257 23 -1093 -145 -7895
625 1376 6261 20 -1093 -144 -7891
626 1379 6257 25 -1096 -143 -7892
627 1378 6259 23 -1094 -146 -7890
628 1376 6259 21 -1098 -143 -7889
629 1379 6256 21 -1098 -143 -7891
630 1378 6259 22 -1098 -145 -7890
631 1376 6256 24 -1096 -144 -7892
632 1378 6259 22 -1092 -142 -7890
633 1377 6259 22 -1094 -148 -7890
634 1376 6256 18 -1099 -147 -7896
635 1376 6255 20 -1096 -144 -7892
636 1376 6254 21 -1095 -148 -7893
637 1374 6254 20 -1093 -150 -7894
638 1374 6256 18 -1091 -148 -7892
639 1375 6256 21 -1091 -149 -7894
640 1375 6259 19 -1090 -150 -7894
641 1374 6255 21 -1090 -150 -7892
642 1372 6260 19 -1085 -151 -7893
643 1372 6259 22 -1087 -152 -7893
644 1372 6259 18 -1088 -150 -7895
645 1370 6257 23 -1091 -150 -7892
646 1375 6256 21 -1091 -148 -7894
647 1373 6258 23 -1093 -147 -7893
648 1376 6258 19 -1092 -145 -7891
649 1378 6259 20 -1091 -142 -7890
650 1379 6259 24 -1090 -146 -7888
651 1379 6260 22 -1095 -147 -7892
652 1376 6260 21 -1093 -148 -7888
653 1374 6256 21 -1090 -144 -7893
654 1372 6259 20 -1092 -152 -7892
655 1373 6255 21 -1087 -151 -7892
656 1374 6260 18 -1090 -149 -7890
657 1372 6259 18 -1090 -152 -7891
658 1369 6256 18 -1087 -151 -7895
659 1371 6258 20 -1083 -151 -7892
660 1371 6258 21 -1085 -153 -7890
661 1372 6261 22 -1082 -153 -7892
662 1369 6259 21 -1081 -150 -7890
663 1372 6260 23 -1083 -148 -7889
664 1368 6260 22 -1087 -150 -7891
665 1370 6260 22 -1084 -152 -7892
666 1368 6259 24 -1085 -150 -7886
667 1371 6260 21 -1084 -153 -7889
668 1371 6261 22 -1084 -151 -7889
669 1368 6260 20 -1084 -151 -7895
670 1369 6257 20 -1088 -152 -7889
671 1368 6258 21 -1088 -150 -7892
672 1371 6261 22 -1089 -150 -7890
673 1371 6259 22 -1087 -152 -7891
674 1368 6260 21 -1087 -152 -7886
675 1372 6260 19 -1088 -151 -7888
676 1372 6260 20 -1088 -153 -7890
677 1369 6259 21 -1081 -154 -7892
678 1370 6259 22 -1082 -155 -7889
679 1367 6261 22 -1080 -154 -7892
680 1367 6261 21 -1084 -154 -7890
681 1371 6260 23 -1082 -155 -7890
682 1373 6261 25 -1083 -154 -7890
683 1369 6259 19 -1079 -156 -7892
684 1369 6262 25 -1080 -152 -7889
685 1368 6263 22 -1080 -153 -7888
686 1367 6263 24 -1077 -152 -7887
687 1369 6263 26 -1078 -155 -7890
688 1368 6266 25 -1076 -150 -7885
689 1370 6266 26 -1079 -151 -7887
690 1370 6264 26 -1081 -152 -7888
691 1370 6266 25 -1082 -154 -7888
692 1370 6266 24 -1077 -151 -7888
693 1369 6268 25 -1083 -151 -7888
694 1368 6264 26 -1077 -155 -7887
695 1371 6262 23 -1073 -155 -7887
696 1367 6265 26 -1077 -155 -7888
697 1364 6264 27 -1076 -153 -7887
698 1369 6267 23 -1077 -156 -7885
699 1367 6266 25 -1076 -153 -7885
700 1365 6263 26 -1078 -158 -7885
701 1368 6267 27 -1075 -156 -7889
702 1365 6265 26 -1076 -157 -7888
703 1364 6265 23 -1074 -157 -7887
704 1365 6265 26 -1071 -158 -7888
705 1363 6263 24 -1074 -156 -7886
706 1366 6267 26 -1071 -160 -7885
707 1367 6265 28 -1074 -155 -7881
708 1360 6266 25 -1072 -158 -7887
709 1361 6266 26 -1076 -158 -7884
710 1362 6263 24 -1075 -158 -7885
711 1364 6268 23 -1076 -157 -7886
712 1364 6267 28 -1074 -159 -7886
713 1362 6265 24 -1075 -158 -7883
714 1364 6266 28 -1069 -154 -7882
715 1364 6268 29 -1074 -156 -7886
716 1368 6264 28 -1072 -158 -7883
717 1364 6267 28 -1072 -156 -7883
718 1365 6269 30 -1071 -159 -7881
719 1364 6269 28 -1067 -158 -7881
720 1362 6266 27 -1069 -160 -7883
721 1362 6267 24 -1068 -157 -7881
722 1363 6270 27 -1069 -159 -7882
723 1361 6266 31 -1068 -158 -7881
724 1362 6269 26 -1068 -163 -7882
725 1363 6271 29 -1072 -161 -7882
726 1361 6270 30 -1071 -161 -7882
727 1358 6268 27 -1069 -161 -7887
728 1362 6268 26 -1068 -164 -7881
729 1360 6271 29 -1070 -159 -7884
730 1362 6269 31 -1068 -162 -7879
731 1358 6269 29 -1067 -159 -7880
732 1363 6273 26 -1067 -160 -7881
733 1360 6273 30 -1067 -158 -7882
734 1365 6271 28 -1072 -160 -7882
735 1364 6273 32 -1069 -161 -7878
736 1360 6273 30 -1065 -160 -7878
737 1363 6273 31 -1065 -162 -7879
738 1361 6273 29 -1067 -163 -7882
739 1363 6269 30 -1068 -160 -7878
740 1360 6272 28 -1068 -158 -7877
741 1362 6272 30 -1065 -160 -7878
742 1361 6275 32 -1066 -160 -7881
743 1358 6271 31 -1065 -161 -7881
744 1357 6272 28 -1067 -162 -7880
745 1356 6272 30 -1066 -164 -7877
746 1357 6270 30 -1061 -163 -7880
747 1359 6272 32 -1065 -165 -7881
748 1358 6274 30 -1061 -166 -7881
749 1360 6272 29 -1058 -164 -7880
750 1358 6276 31 -1062 -161 -7876
751 1358 6274 33 -1064 -159 -7879
752 1358 6274 30 -1063 -167 -7881
753 1357 6274 26 -1065 -168 -7878
754 1356 6272 30 -1064 -167 -7873
755 1358 6274 29 -1064 -168 -7878
756 1355 6275 29 -1067 -167 -7879
757 1357 6271 27 -1065 -164 -7878
758 1357 6274 30 -1065 -164 -7880
759 1354 6272 32 -1064 -164 -7879
760 1358 6273 31 -1064 -166 -7882
761 1357 6275 30 -1061 -164 -7879
762 1357 6278 31 -1060 -164 -7875
763 1356 6277 34 -1064 -164 -7876
764 1352 6276 32 -1064 -163 -7878
765 1354 6275 33 -1057 -166 -7877
766 1352 6275 33 -1059 -167 -7876
767 1353 6278 33 -1058 -170 -7880
768 1351 6275 34 -1057 -170 -7878
769 1350 6276 30 -1057 -166 -7879
770 1354 6277 29 -1059 -165 -7878
771 1353 6277 28 -1057 -169 -7881
772 1352 6277 31 -1054 -171 -7876
773 1349 6276 32 -1055 -167 -7875
774 1355 6278 32 -1061 -169 -7877
775 1355 6278 28 -1064 -171 -7880
776 1352 6276 32 -1062 -167 -7878
777 1352 6276 31 -1063 -171 -7878
778 1353 6275 29 -1061 -168 -7878
779 1351 6278 32 -1061 -165 -7878
780 1355 6279 30 -1064 -166 -7877
781 1354 6277 31 -1064 -165 -7875
782 1355 6277 31 -1058 -167 -7874
783 1352 6277 31 -1058 -167 -7878
784 1352 6279 30 -1058 -169 -7875
785 1351 6280 33 -1057 -171 -7877
786 1353 6278 34 -1058 -166 -7877
787 1351 6280 31 -1056 -168 -7877
788 1349 6277 29 -1057 -169 -7879
789 1350 6276 30 -1054 -170 -7878
790 1351 6279 30 -1055 -172 -7873
791 1351 6280 31 -1057 -172 -7874
792 1352 6278 30 -1058 -172 -7877
793 1354 6275 30 -1056 -170 -7875
794 1352 6280 34 -1056 -171 -7876
795 1352 6278 30 -1057 -172 -7875
796 1351 6275 32 -1053 -171 -7880
797 1349 6274 32 -1056 -172 -7877
798 1350 6280 30 -1057 -171 -7879
799 1354 6277 31 -1057 -171 -7876
800 1351 6274 30 -1056 -173 -7877
801 1354 6279 34 -1058 -170 -7877
802 1350 6277 34 -1058 -171 -7875
803 1351 6275 33 -1062 -168 -7879
804 1351 6275 32 -1061 -168 -7878
805 1352 6275 33 -1058 -172 -7872
806 1352 6275 35 -1060 -170 -7876
807 1351 6277 31 -1055 -169 -7875
808 1349 6276 31 -1053 -172 -7878
809 1348 6274 28 -1054 -172 -7878
810 1350 6275 29 -1050 -173 -7875
811 1348 6280 33 -1054 -173 -7875
812 1349 6277 33 -1049 -173 -7877
813 1348 6276 33 -1053 -173 -7877
814 1348 6277 29 -1051 -173 -7880
815 1351 6274 32 -1054 -171 -7877
816 1349 6281 30 -1054 -174 -7877
817 1348 6274 31 -1053 -176 -7876
818 1349 6279 34 -1053 -171 -7876
819 1346 6275 31 -1058 -171 -7878
820 1349 6277 33 -1059 -169 -7875
821 1347 6280 32 -1059 -171 -7878
822 1352 6274 30 -1060 -170 -7878
823 1349 6276 31 -1053 -170 -7877
824 1350 6274 33 -1054 -172 -7876
825 1348 6278 29 -1052 -171 -7876
826 1349 6275 31 -1052 -174 -7877
827 1351 6276 33 -1052 -172 -7875
828 1347 6275 31 -1055 -175 -7878
829 1347 6274 28 -1054 -174 -7879
830 1349 6274 29 -1055 -174 -7876
831 1349 6275 29 -1052 -169 -7878
832 1346 6275 28 -1053 -172 -7880
833 1351 6274 27 -1051 -172 -7881
834 1346 6276 31 -1052 -173 -7878
835 1347 6274 29 -1052 -177 -7877
836 1348 6272 29 -1055 -177 -7880
837 1348 6272 31 -1053 -171 -7875
838 1349 6278 30 -1053 -172 -7879
839 1348 6275 32 -1056 -172 -7878
840 1346 6276 29 -1054 -172 -7879
841 1344 6273 32 -1055 -172 -7880
842 1348 6276 30 -1057 -173 -7880
843 1344 6273 31 -1058 -176 -7877
844 1350 6272 29 -1057 -174 -7878
845 1349 6274 30 -1054 -174 -7880
846 1348 6272 30 -1051 -173 -7878
847 1347 6273 30 -1052 -172 -7876
848 1349 6274 33 -1048 -174 -7880
849 1344 6270 31 -1047 -173 -7880
850 1346 6273 32 -1048 -177 -7879
851 1344 6272 29 -1048 -175 -7883
852 1343 6271 27 -1048 -174 -7884
853 1341 6268 26 -1050 -175 -7885
854 1343 6273 30 -1052 -174 -7884
855 1348 6270 26 -1054 -173 -7880
856 1347 6268 29 -1055 -170 -7879
857 1349 6273 28 -1055 -172 -7880
858 1347 6272 27 -1056 -175 -7884
859 1349 6268 26 -1054 -173 -7883
860 1349 6268 27 -1055 -174 -7883
861 1345 6272 28 -1056 -176 -7886
862 1347 6270 26 -1052 -177 -7883
863 1344 6269 26 -1055 -176 -7884
864 1344 6269 27 -1052 -177 -7886
865 1344 6268 26 -1053 -176 -7886
866 1347 6268 24 -1053 -175 -7884
867 1346 6269 24 -1054 -177 -7885
868 1346 6267 25 -1051 -175 -7888
869 1346 6264 20 -1057 -180 -7887
870 1344 6268 27 -1054 -175 -7886
871 1347 6265 24 -1056 -177 -7885
872 1345 6262 24 -1055 -173 -7886
873 1344 6263 26 -1052 -177 -7887
874 1348 6264 24 -1054 -174 -7884
875 1345 6266 22 -1053 -174 -7885
876 1344 6269 26 -1049 -177 -7888
877 1343 6265 23 -1045 -175 -7885
878 1346 6267 26 -1049 -174 -7888
879 1346 6268 23 -1051 -177 -7891
880 1346 6263 20 -1052 -173 -7888
881 1347 6265 23 -1054 -173 -7887
882 1345 6266 22 -1055 -173 -7890
883 1348 6260 22 -1054 -173 -7889
884 1347 6264 23 -1058 -172 -7890
885 1348 6266 24 -1057 -171 -7891
886 1345 6262 19 -1054 -172 -7893
887 1349 6263 24 -1053 -174 -7888
888 1349 6262 21 -1057 -178 -7893
889 1346 6262 20 -1053 -175 -7890
890 1345 6260 18 -1053 -174 -7892
891 1348 6261 23 -1054 -175 -7891
892 1348 6260 18 -1052 -173 -7893
893 1345 6259 20 -1053 -174 -7894
894 1346 6259 19 -1054 -173 -7891
895 1349 6261 23 -1054 -175 -7891
896 1347 6262 21 -1054 -174 -7893
897 1344 6259 19 -1055 -174 -7893
898 1345 6257 20 -1052 -176 -7894
899 1347 6259 20 -1053 -173 -7892
900 1345 6259 17 -1051 -176 -7893
901 1345 6257 17 -1049 -176 -7893
902 1344 6255 16 -1052 -175 -7896
903 1346 6257 16 -1050 -176 -7897
904 1345 6255 16 -1054 -177 -7896
905 1347 6254 13 -1054 -176 -7893
906 1347 6256 15 -1057 -177 -7896
907 1346 6255 13 -1056 -173 -7895
908 1349 6256 19 -1057 -175 -7895
909 1349 6254 16 -1060 -175 -7897
910 1348 6254 14 -1060 -173 -7900
911 1347 6252 15 -1059 -175 -7898
912 1350 6255 12 -1053 -176 -7898
913 1346 6252 19 -1057 -176 -7901
914 1348 6254 16 -1060 -177 -7902
915 1347 6254 16 -1055 -173 -7901
916 1346 6252 17 -1056 -174 -7903
917 1346 6253 16 -1058 -173 -7900
918 1345 6252 15 -1052 -175 -7901
919 1345 6253 15 -1051 -176 -7902
920 1345 6250 15 -1055 -175 -7902
921 1342 6251 14 -1054 -172 -7901
922 1347 6249 15 -1056 -174 -7902
923 1344 6248 14 -1054 -176 -7899
924 1343 6252 13 -1058 -172 -7901
925 1349 6251 15 -1058 -176 -7904
926 1347 6250 12 -1059 -174 -7906
927 1351 6250 8 -1057 -175 -7906
928 1343 6252 14 -1054 -171 -7901
929 1349 6252 16 -1051 -169 -7900
930 1349 6248 17 -1054 -175 -7900
931 1346 6250 10 -1059 -172 -7904
932 1347 6248 15 -1058 -171 -7903
933 1350 6247 12 -1060 -171 -7905
934 1347 6246 14 -1060 -173 -7905
935 1348 6249 14 -1057 -169 -7899
936 1352 6250 15 -1058 -170 -7907
937 1346 6246 7 -1055 -175 -7907
938 1349 6246 12 -1055 -170 -7905
939 1348 6250 14 -1055 -172 -7905
940 1344 6246 10 -1054 -175 -7905
941 1351 6243 10 -1056 -172 -7905
942 1347 6245 7 -1056 -173 -7910
943 1348 6245 7 -1059 -173 -7904
944 1349 6247 11 -1058 -170 -7910
945 1349 6244 7 -1055 -170 -7906
946 1349 6244 9 -1055 -173 -7905
947 1352 6247 11 -1053 -170 -7906
948 1348 6247 10 -1058 -172 -7908
949 1349 6244 10 -1054 -171 -7906
950 1346 6245 10 -1055 -171 -7907
951 1348 6243 8 -1057 -175 -7909
952 1346 6241 4 -1056 -175 -7907
953 1346 6242 9 -1057 -172 -7908
954 1350 6245 10 -1058 -169 -7910
955 1352 6244 10 -1059 -171 -7909
956 1352 6242 9 -1062 -172 -7907
957 1348 6242 8 -1060 -171 -7910
958 1352 6242 12 -1060 -167 -7909
959 1352 6239 9 -1064 -169 -7910
960 1355 6237 8 -1061 -171 -7908
961 1349 6240 8 -1066 -170 -7909
962 1353 6237 8 -1057 -170 -7906
963 1348 6241 6 -1056 -172 -7912
964 1349 6240 4 -1055 -174 -7908
965 1349 6238 5 -1051 -174 -7909
966 1348 6240 8 -1059 -173 -7908
967 1348 6237 5 -1057 -173 -7913
968 1352 6239 7 -1059 -171 -7906
969 1352 6237 8 -1061 -169 -7914
970 1349 6239 6 -1061 -167 -7909
971 1350 6238 6 -1062 -169 -7911
972 1348 6239 5 -1061 -168 -7915
973 1352 6238 6 -1058 -168 -7909
974 1353 6240 9 -1060 -171 -7910
975 1350 6239 5 -1058 -168 -7911
976 1351 6235 4 -1061 -168 -7912
977 1348 6238 7 -1060 -170 -7910
978 1351 6237 5 -1059 -171 -7913
979 1347 6237 5 -1058 -167 -7912
980 1355 6236 6 -1056 -169 -7911
981 1353 6239 5 -1056 -170 -7911
982 1351 6234 6 -1057 -169 -7910
983 1354 6240 6 -1057 -167 -7908
984 1352 6236 8 -1058 -166 -7912
985 1354 6236 3 -1061 -166 -7911
986 1352 6236 8 -1061 -169 -7909
987 1355 6235 9 -1062 -166 -7913
988 1353 6238 3 -1061 -166 -7912
989 1349 6235 8 -1058 -168 -7914
990 1354 6234 7 -1058 -170 -7914
991 1353 6237 5 -1057 -168 -7914
992 1350 6236 4 -1059 -170 -7914
993 1348 6234 4 -1062 -168 -7912
994 1353 6238 9 -1062 -168 -7913
995 1351 6237 6 -1062 -169 -7913
996 1353 6235 3 -1065 -165 -7914
997 1354 6234 6 -1066 -165 -7913
998 1353 6234 6 -1064 -167 -7916
999 1353 6234 5 -1062 -168 -7913
