0 1871 1212 188 -1318 -339 -2483
1 1872 1210 186 -1319 -336 -2484
2 1868 1213 183 -1316 -334 -2486
3 1869 1213 187 -1320 -336 -2489
4 1868 1210 186 -1319 -332 -2487
5 1869 1208 185 -1319 -336 -2484
6 1869 1207 186 -1319 -334 -2486
7 1867 1207 187 -1318 -331 -2485
8 1869 1207 184 -1319 -336 -2487
9 1870 1211 186 -1318 -337 -2485
10 1868 1208 187 -1316 -339 -2488
11 1869 1211 187 -1315 -339 -2484
12 1872 1208 185 -1314 -340 -2487
13 1873 1210 186 -1313 -338 -2486
14 1876 1213 185 -1316 -338 -2485
15 1870 1211 188 -1314 -337 -2484
16 1874 1213 185 -1312 -337 -2486
17 1874 1216 181 -1312 -338 -2485
18 1873 1213 186 -1312 -340 -2487
19 1874 1211 187 -1315 -343 -2486
20 1870 1214 183 -1313 -343 -2483
21 1877 1214 183 -1312 -338 -2484
22 1874 1214 185 -1313 -338 -2486
23 1873 1216 186 -1315 -337 -2486
24 1868 1211 187 -1317 -335 -2486
25 1868 1213 182 -1316 -334 -2485
26 1868 1213 182 -1316 -334 -2485
27 1866 1210 186 -1319 -335 -2487
28 1869 1209 185 -1319 -332 -2487
29 1870 1210 185 -1316 -333 -2482
30 1870 1212 184 -1315 -331 -2485
31 1873 1215 187 -1316 -336 -2482
32 1869 1212 187 -1317 -338 -2487
33 1872 1210 186 -1318 -338 -2485
34 1867 1211 184 -1316 -338 -2484
35 1872 1212 183 -1314 -339 -2484
36 1874 1212 187 -1313 -340 -2486
37 1871 1212 189 -1313 -338 -2482
38 1874 1218 188 -1314 -340 -2482
39 1878 1213 189 -1312 -336 -2483
40 1875 1216 185 -1310 -337 -2485
41 1872 1214 188 -1314 -338 -2490
42 1874 1213 186 -1316 -338 -2489
43 1872 1212 184 -1315 -336 -2485
44 1870 1214 187 -1313 -335 -2482
45 1871 1216 188 -1314 -333 -2483
46 1868 1214 188 -1317 -333 -2486
47 1871 1214 185 -1316 -336 -2481
48 1873 1214 186 -1313 -333 -2482
49 1870 1216 189 -1313 -335 -2483
50 1874 1214 190 -1318 -336 -2482
51 1871 1210 186 -1315 -335 -2484
52 1871 1214 185 -1313 -331 -2479
53 1872 1214 190 -1313 -333 -2483
54 1872 1214 190 -1312 -332 -2483
55 1873 1213 189 -1313 -335 -2483
56 1874 1215 185 -1314 -335 -2481
57 1871 1211 188 -1314 -335 -2485
58 1869 1215 191 -1312 -337 -2484
59 1874 1215 189 -1310 -336 -2483
60 1872 1214 188 -1310 -336 -2484
61 1874 1214 184 -1312 -337 -2485
62 1873 1216 188 -1317 -336 -2483
63 1870 1216 189 -1312 -338 -2482
64 1873 1212 185 -1316 -339 -2485
65 1873 1212 185 -1312 -336 -2484
66 1875 1216 186 -1314 -333 -2483
67 1873 1212 186 -1315 -334 -2482
68 1870 1214 190 -1316 -333 -2483
69 1869 1212 188 -1314 -334 -2483
70 1872 1211 186 -1316 -334 -2483
71 1872 1213 186 -1313 -334 -2484
72 1873 1216 188 -1314 -332 -2483
73 1870 1214 187 -1316 -334 -2484
74 1876 1213 187 -1313 -333 -2485
75 1872 1213 189 -1317 -334 -2485
76 1873 1213 189 -1310 -334 -2483
77 1877 1216 190 -1311 -334 -2480
78 1876 1214 189 -1312 -336 -2483
79 1876 1216 190 -1309 -335 -2481
80 1876 1216 191 -1308 -337 -2482
81 1876 1217 187 -1308 -339 -2482
82 1872 1216 188 -1310 -335 -2481
83 1877 1216 191 -1309 -336 -2485
84 1875 1216 191 -1311 -335 -2482
85 1877 1215 188 -1313 -332 -2481
86 1875 1215 188 -1314 -334 -2484
87 1875 1214 188 -1312 -339 -2481
88 1872 1214 187 -1314 -334 -2486
89 1872 1211 185 -1314 -335 -2482
90 1870 1213 188 -1312 -333 -2483
91 1870 1214 188 -1316 -332 -2483
92 1875 1213 188 -1314 -329 -2480
93 1873 1215 190 -1317 -328 -2482
94 1873 1215 191 -1312 -331 -2482
95 1875 1213 189 -1313 -330 -2481
96 1875 1216 188 -1312 -333 -2480
97 1874 1215 189 -1309 -334 -2482
98 1877 1216 189 -1313 -335 -2478
99 1876 1217 189 -1313 -335 -2481
100 1875 1215 187 -1310 -339 -2479
101 1874 1216 188 -1308 -338 -2481
102 1875 1217 190 -1312 -336 -2482
103 1876 1216 189 -1307 -336 -2486
104 1874 1214 187 -1310 -336 -2481
105 1877 1215 187 -1309 -335 -2482
106 1876 1215 190 -1310 -334 -2480
107 1876 1217 188 -1315 -339 -2485
108 1871 1216 185 -1316 -337 -2485
109 1872 1216 187 -1312 -333 -2483
110 1867 1212 188 -1315 -334 -2484
111 1870 1210 185 -1316 -333 -2484
112 1871 1214 186 -1316 -335 -2483
113 1873 1214 188 -1315 -332 -2483
114 1872 1211 189 -1313 -332 -2481
115 1873 1212 187 -1311 -332 -2481
116 1872 1211 188 -1315 -329 -2484
117 1873 1211 188 -1317 -330 -2481
118 1871 1214 188 -1316 -335 -2480
119 1867 1212 187 -1316 -333 -2484
120 1872 1214 186 -1316 -335 -2483
121 1873 1213 187 -1312 -335 -2484
122 1873 1213 189 -1311 -336 -2481
123 1873 1212 187 -1310 -338 -2486
124 1876 1216 185 -1310 -341 -2482
125 1875 1218 186 -1310 -338 -2484
126 1876 1216 186 -1310 -342 -2484
127 1874 1214 190 -1311 -338 -2485
128 1875 1214 187 -1310 -339 -2484
129 1873 1217 186 -1311 -338 -2484
130 1874 1212 186 -1314 -340 -2484
131 1874 1215 184 -1311 -338 -2482
132 1870 1217 188 -1316 -332 -2482
133 1871 1210 190 -1314 -336 -2485
134 1868 1214 188 -1318 -330 -2484
135 1869 1211 187 -1316 -331 -2484
136 1868 1210 186 -1315 -331 -2486
137 1870 1208 187 -1316 -329 -2484
138 1866 1215 188 -1316 -332 -2485
139 1868 1214 189 -1318 -332 -2483
140 1871 1214 188 -1315 -333 -2485
141 1870 1211 189 -1316 -334 -2483
142 1871 1213 188 -1314 -339 -2485
143 1872 1214 186 -1315 -335 -2484
144 1870 1215 185 -1314 -339 -2484
145 1870 1214 186 -1311 -335 -2483
146 1875 1216 189 -1312 -336 -2483
147 1871 1212 187 -1312 -337 -2480
148 1874 1216 188 -1311 -337 -2482
149 1875 1216 189 -1310 -338 -2485
150 1875 1217 186 -1307 -341 -2486
151 1876 1215 188 -1309 -342 -2480
152 1876 1216 184 -1311 -341 -2483
153 1878 1215 186 -1314 -337 -2485
154 1875 1216 188 -1315 -333 -2478
155 1873 1213 185 -1311 -335 -2484
156 1872 1213 186 -1314 -335 -2482
157 1872 1214 185 -1317 -333 -2484
158 1871 1210 188 -1314 -333 -2487
159 1869 1211 186 -1318 -332 -2481
160 1872 1213 188 -1314 -331 -2483
161 1869 1210 188 -1321 -335 -2485
162 1870 1211 189 -1319 -330 -2486
163 1873 1211 187 -1321 -329 -2486
164 1871 1210 186 -1314 -330 -2484
165 1874 1215 190 -1316 -336 -2483
166 1870 1214 190 -1316 -336 -2483
167 1872 1214 185 -1315 -336 -2484
168 1872 1213 187 -1313 -337 -2485
169 1875 1216 188 -1314 -341 -2483
170 1876 1215 188 -1314 -341 -2485
171 1878 1212 186 -1309 -336 -2481
172 1876 1218 187 -1313 -338 -2484
173 1875 1216 189 -1311 -338 -2480
174 1873 1216 187 -1308 -338 -2480
175 1876 1216 187 -1310 -339 -2482
176 1876 1218 188 -1314 -339 -2485
177 1873 1213 188 -1312 -339 -2483
178 1874 1214 185 -1313 -336 -2484
179 1874 1214 187 -1318 -336 -2486
180 1871 1211 189 -1318 -333 -2487
181 1872 1212 186 -1317 -331 -2485
182 1871 1212 187 -1317 -332 -2484
183 1870 1212 189 -1316 -329 -2479
184 1871 1213 189 -1316 -327 -2482
185 1872 1215 190 -1313 -333 -2483
186 1872 1212 188 -1314 -332 -2482
187 1873 1216 190 -1317 -334 -2483
188 1874 1215 188 -1315 -334 -2486
189 1871 1210 190 -1314 -336 -2481
190 1875 1215 187 -1314 -339 -2482
191 1871 1215 188 -1315 -339 -2484
192 1872 1213 188 -1311 -338 -2488
193 1872 1212 184 -1312 -342 -2485
194 1873 1215 185 -1315 -339 -2487
195 1873 1214 184 -1316 -341 -2488
196 1874 1215 186 -1315 -341 -2486
197 1872 1211 186 -1311 -339 -2485
198 1874 1212 187 -1313 -339 -2485
199 1872 1215 186 -1313 -338 -2486
200 1875 1214 185 -1312 -336 -2483
201 1876 1217 188 -1313 -334 -2482
202 1875 1217 187 -1311 -334 -2480
203 1875 1215 189 -1313 -331 -2481
204 1873 1214 189 -1313 -333 -2483
205 1872 1218 189 -1314 -334 -2484
206 1874 1215 190 -1312 -332 -2480
207 1871 1216 185 -1316 -330 -2482
208 1874 1215 187 -1314 -331 -2481
209 1871 1215 188 -1315 -332 -2480
210 1873 1213 186 -1314 -330 -2482
211 1872 1215 189 -1315 -339 -2484
212 1870 1212 186 -1315 -334 -2481
213 1875 1214 187 -1314 -336 -2482
214 1872 1212 189 -1311 -337 -2488
215 1871 1215 185 -1309 -336 -2481
216 1875 1216 189 -1312 -335 -2482
217 1875 1217 190 -1312 -337 -2482
218 1877 1212 186 -1310 -336 -2484
219 1875 1215 186 -1316 -341 -2483
220 1875 1214 187 -1313 -339 -2482
221 1876 1216 184 -1310 -336 -2483
222 1871 1215 189 -1313 -336 -2484
223 1871 1214 187 -1312 -336 -2482
224 1872 1216 187 -1313 -334 -2484
225 1872 1214 186 -1315 -333 -2484
226 1872 1213 189 -1315 -333 -2483
227 1873 1214 187 -1314 -336 -2484
228 1870 1215 187 -1315 -336 -2481
229 1872 1215 187 -1312 -334 -2484
230 1871 1212 187 -1316 -336 -2483
231 1871 1212 186 -1315 -333 -2484
232 1874 1215 187 -1313 -332 -2483
233 1871 1214 188 -1310 -334 -2485
234 1874 1214 185 -1315 -337 -2483
235 1873 1214 187 -1313 -336 -2486
236 1872 1211 187 -1314 -337 -2485
237 1872 1212 185 -1312 -336 -2485
238 1873 1212 188 -1315 -335 -2482
239 1874 1215 186 -1313 -336 -2485
240 1875 1211 185 -1312 -336 -2483
241 1874 1215 187 -1314 -336 -2483
242 1872 1216 185 -1314 -338 -2488
243 1871 1213 183 -1316 -339 -2486
244 1875 1215 184 -1315 -338 -2485
245 1872 1216 188 -1316 -336 -2485
246 1872 1213 188 -1316 -338 -2482
247 1869 1211 186 -1315 -336 -2482
248 1872 1215 185 -1313 -337 -2482
249 1873 1213 187 -1313 -333 -2482
250 1875 1214 187 -1317 -336 -2487
251 1872 1210 186 -1314 -335 -2486
252 1874 1212 186 -1315 -336 -2483
253 1874 1211 187 -1313 -336 -2487
254 1871 1210 187 -1315 -337 -2483
255 1870 1213 185 -1312 -339 -2486
256 1870 1214 186 -1314 -338 -2483
257 1875 1216 186 -1312 -335 -2485
258 1872 1213 189 -1311 -336 -2486
259 1872 1215 188 -1316 -338 -2485
260 1877 1215 187 -1314 -337 -2483
261 1872 1212 184 -1312 -336 -2484
262 1871 1213 183 -1312 -334 -2484
263 1872 1212 187 -1314 -339 -2485
264 1873 1215 188 -1314 -338 -2483
265 1874 1215 188 -1315 -336 -2483
266 1872 1212 185 -1315 -332 -2484
267 1871 1216 187 -1315 -334 -2483
268 1873 1216 189 -1315 -335 -2482
269 1873 1216 192 -1311 -334 -2482
270 1872 1215 187 -1310 -331 -2482
271 1876 1214 192 -1312 -332 -2482
272 1873 1214 186 -1316 -331 -2484
273 1872 1212 189 -1314 -335 -2483
274 1874 1215 189 -1313 -336 -2484
275 1872 1212 188 -1314 -338 -2484
276 1871 1214 189 -1318 -336 -2482
277 1875 1212 188 -1314 -336 -2484
278 1870 1213 187 -1316 -335 -2482
279 1876 1212 186 -1313 -337 -2486
280 1873 1214 188 -1312 -336 -2483
281 1875 1213 189 -1315 -339 -2481
282 1875 1213 187 -1311 -342 -2481
283 1874 1214 184 -1312 -336 -2481
284 1877 1215 186 -1313 -336 -2483
285 1875 1216 185 -1312 -336 -2483
286 1875 1216 184 -1311 -332 -2483
287 1874 1215 191 -1310 -333 -2481
288 1873 1217 190 -1313 -332 -2480
289 1871 1217 188 -1311 -331 -2482
290 1874 1214 190 -1313 -332 -2481
291 1875 1213 192 -1313 -334 -2482
292 1872 1213 187 -1314 -334 -2483
293 1874 1215 187 -1314 -332 -2483
294 1874 1211 188 -1315 -335 -2484
295 1874 1210 185 -1314 -336 -2483
296 1872 1211 187 -1317 -334 -2487
297 1872 1215 186 -1315 -336 -2485
298 1875 1213 186 -1313 -337 -2481
299 1874 1212 186 -1312 -337 -2482
300 1873 1212 187 -1314 -336 -2485
301 1872 1213 187 -1315 -334 -2484
302 1869 1215 187 -1314 -336 -2481
303 1872 1212 188 -1316 -336 -2484
304 1872 1216 186 -1313 -337 -2482
305 1872 1215 187 -1312 -336 -2482
306 1875 1215 188 -1313 -336 -2485
307 1873 1211 184 -1312 -337 -2484
308 1875 1214 184 -1312 -337 -2481
309 1870 1215 186 -1313 -337 -2485
310 1875 1213 186 -1312 -340 -2483
311 1873 1215 188 -1316 -337 -2485
312 1871 1212 184 -1317 -335 -2486
313 1870 1216 187 -1319 -331 -2482
314 1872 1216 191 -1319 -332 -2481
315 1876 1215 189 -1316 -333 -2480
316 1875 1214 188 -1316 -336 -2484
317 1871 1211 187 -1312 -333 -2483
318 1876 1214 188 -1313 -334 -2483
319 1876 1215 187 -1314 -334 -2483
320 1875 1212 186 -1314 -336 -2483
321 1877 1214 189 -1314 -340 -2485
322 1878 1216 186 -1311 -339 -2482
323 1873 1214 189 -1316 -337 -2484
324 1871 1210 185 -1318 -334 -2486
325 1868 1214 186 -1312 -334 -2481
326 1872 1215 187 -1313 -339 -2486
327 1876 1212 187 -1312 -338 -2484
328 1875 1215 185 -1314 -339 -2480
329 1875 1215 190 -1313 -336 -2480
330 1871 1213 186 -1311 -336 -2483
331 1876 1217 188 -1315 -331 -2482
332 1875 1211 192 -1310 -335 -2481
333 1877 1219 188 -1313 -333 -2479
334 1872 1214 192 -1311 -333 -2479
335 1875 1214 189 -1313 -334 -2483
336 1877 1214 186 -1311 -332 -2483
337 1879 1216 191 -1314 -332 -2483
338 1873 1214 188 -1312 -335 -2483
339 1877 1214 190 -1313 -335 -2482
340 1875 1214 186 -1313 -336 -2484
341 1872 1212 188 -1313 -336 -2482
342 1872 1212 187 -1308 -331 -2483
343 1873 1216 187 -1312 -334 -2482
344 1873 1218 190 -1311 -333 -2481
345 1876 1213 189 -1312 -332 -2484
346 1878 1216 190 -1310 -334 -2482
347 1875 1215 190 -1313 -333 -2482
348 1876 1215 189 -1311 -331 -2484
349 1877 1216 192 -1312 -334 -2481
350 1874 1215 190 -1313 -332 -2484
351 1874 1215 187 -1313 -329 -2483
352 1873 1213 188 -1315 -335 -2484
353 1872 1214 188 -1312 -335 -2484
354 1872 1215 188 -1315 -336 -2483
355 1876 1215 187 -1313 -332 -2483
356 1873 1213 188 -1314 -333 -2486
357 1874 1212 187 -1315 -336 -2485
358 1872 1213 189 -1313 -336 -2481
359 1873 1211 186 -1313 -335 -2484
360 1869 1211 186 -1315 -335 -2482
361 1875 1213 185 -1314 -336 -2484
362 1872 1214 190 -1316 -336 -2483
363 1872 1211 190 -1314 -336 -2482
364 1873 1214 188 -1313 -334 -2483
365 1874 1215 188 -1315 -336 -2486
366 1872 1212 188 -1312 -335 -2482
367 1870 1214 189 -1314 -332 -2481
368 1872 1213 186 -1314 -335 -2486
369 1873 1214 186 -1312 -334 -2485
370 1874 1215 188 -1314 -339 -2486
371 1874 1216 188 -1316 -338 -2484
372 1875 1211 187 -1316 -338 -2481
373 1872 1215 186 -1311 -340 -2483
374 1871 1210 186 -1316 -337 -2485
375 1874 1215 187 -1313 -336 -2480
376 1872 1212 187 -1317 -332 -2485
377 1871 1214 188 -1317 -332 -2484
378 1870 1212 184 -1312 -333 -2484
379 1872 1212 186 -1314 -335 -2480
380 1872 1211 189 -1314 -335 -2487
381 1873 1211 188 -1316 -335 -2483
382 1871 1213 188 -1312 -334 -2485
383 1874 1213 187 -1315 -332 -2485
384 1872 1211 191 -1315 -335 -2481
385 1872 1214 188 -1311 -335 -2481
386 1875 1214 185 -1313 -336 -2480
387 1875 1215 187 -1308 -338 -2481
388 1875 1217 188 -1311 -335 -2482
389 1875 1214 187 -1310 -335 -2480
390 1874 1216 188 -1310 -335 -2478
391 1876 1220 189 -1309 -337 -2484
392 1878 1216 188 -1315 -336 -2482
393 1873 1213 187 -1315 -337 -2482
394 1872 1213 191 -1314 -335 -2483
395 1869 1216 189 -1315 -334 -2484
396 1873 1214 189 -1310 -334 -2482
397 1870 1213 188 -1311 -335 -2482
398 1872 1211 187 -1315 -333 -2485
399 1878 1217 189 -1312 -334 -2480
400 1871 1212 186 -1314 -335 -2484
401 1871 1214 190 -1315 -336 -2485
402 1871 1216 188 -1316 -336 -2485
403 1871 1212 188 -1318 -334 -2483
404 1872 1212 187 -1315 -334 -2482
405 1872 1213 181 -1316 -334 -2483
406 1870 1214 191 -1315 -334 -2482
407 1870 1213 185 -1313 -333 -2484
408 1875 1215 189 -1316 -335 -2484
409 1876 1216 188 -1314 -333 -2483
410 1874 1217 188 -1310 -336 -2484
411 1870 1214 187 -1312 -336 -2483
412 1872 1218 190 -1312 -337 -2483
413 1873 1214 187 -1314 -335 -2486
414 1874 1215 189 -1310 -339 -2484
415 1875 1215 187 -1312 -337 -2481
416 1877 1214 186 -1310 -335 -2479
417 1879 1215 190 -1313 -334 -2480
418 1874 1214 188 -1310 -334 -2482
419 1874 1216 191 -1312 -334 -2483
420 1874 1217 186 -1313 -334 -2481
421 1870 1217 191 -1317 -333 -2481
422 1874 1216 187 -1315 -334 -2482
423 1868 1211 186 -1316 -335 -2480
424 1873 1211 188 -1316 -333 -2482
425 1868 1211 187 -1318 -335 -2481
426 1873 1213 187 -1315 -332 -2482
427 1872 1210 188 -1316 -338 -2484
428 1871 1210 185 -1316 -333 -2485
429 1874 1217 190 -1316 -332 -2482
430 1872 1216 188 -1310 -334 -2483
431 1871 1211 187 -1317 -334 -2481
432 1871 1217 190 -1313 -334 -2484
433 1872 1214 183 -1312 -335 -2482
434 1873 1214 186 -1314 -335 -2483
435 1872 1215 188 -1313 -338 -2483
436 1872 1216 185 -1312 -337 -2485
437 1874 1211 185 -1310 -335 -2483
438 1870 1215 183 -1312 -339 -2487
439 1874 1211 184 -1310 -335 -2484
440 1877 1219 188 -1308 -337 -2482
441 1878 1218 191 -1310 -338 -2479
442 1876 1217 189 -1311 -335 -2482
443 1874 1217 189 -1310 -334 -2482
444 1875 1215 191 -1313 -333 -2479
445 1874 1217 190 -1314 -333 -2481
446 1871 1215 193 -1309 -334 -2483
447 1873 1215 191 -1313 -335 -2482
448 1873 1215 190 -1312 -332 -2483
449 1873 1213 186 -1319 -335 -2485
450 1872 1213 188 -1313 -333 -2487
451 1874 1214 187 -1316 -335 -2485
452 1872 1212 187 -1313 -336 -2483
453 1873 1215 187 -1316 -332 -2482
454 1871 1210 189 -1315 -333 -2484
455 1870 1214 189 -1314 -334 -2483
456 1871 1212 185 -1313 -333 -2488
457 1870 1212 189 -1315 -335 -2481
458 1872 1216 190 -1311 -334 -2482
459 1875 1215 187 -1313 -335 -2486
460 1872 1214 185 -1317 -338 -2486
461 1872 1213 184 -1312 -338 -2486
462 1874 1215 185 -1311 -339 -2482
463 1873 1216 189 -1312 -338 -2483
464 1872 1215 188 -1310 -341 -2479
465 1876 1217 189 -1311 -336 -2483
466 1876 1216 189 -1312 -335 -2482
467 1878 1217 190 -1310 -334 -2480
468 1874 1218 189 -1311 -336 -2483
469 1878 1217 188 -1309 -336 -2483
470 1875 1216 188 -1311 -336 -2481
471 1876 1216 189 -1312 -333 -2480
472 1874 1216 189 -1315 -332 -2483
473 1873 1213 185 -1316 -331 -2485
474 1872 1212 187 -1314 -331 -2479
475 1876 1217 189 -1312 -328 -2481
476 1876 1214 191 -1311 -331 -2478
477 1875 1218 190 -1314 -337 -2483
478 1873 1209 188 -1317 -332 -2479
479 1874 1217 189 -1311 -331 -2481
480 1875 1215 189 -1314 -330 -2479
481 1872 1216 190 -1311 -329 -2479
482 1873 1215 191 -1313 -330 -2482
483 1874 1216 190 -1311 -329 -2482
484 1873 1216 190 -1312 -332 -2481
485 1873 1217 190 -1315 -332 -2483
486 1874 1214 189 -1312 -334 -2480
487 1877 1218 188 -1313 -335 -2479
488 1876 1214 188 -1310 -337 -2483
489 1878 1218 189 -1311 -339 -2481
490 1877 1217 190 -1310 -336 -2482
491 1878 1218 190 -1309 -334 -2480
492 1879 1218 188 -1311 -336 -2479
493 1878 1219 191 -1307 -337 -2480
494 1877 1220 190 -1308 -338 -2480
495 1873 1215 189 -1311 -333 -2478
496 1875 1214 187 -1313 -337 -2484
497 1872 1217 190 -1314 -336 -2482
498 1871 1212 186 -1316 -336 -2480
499 1874 1213 188 -1317 -336 -2480
500 1874 1214 189 -1317 -334 -2485
501 1869 1212 186 -1314 -333 -2483
502 1872 1213 189 -1316 -331 -2484
503 1871 1213 185 -1314 -329 -2481
504 1869 1213 190 -1313 -332 -2485
505 1875 1216 184 -1315 -332 -2483
506 1869 1215 187 -1315 -337 -2484
507 1870 1208 188 -1314 -332 -2482
508 1873 1213 190 -1312 -333 -2482
509 1873 1213 189 -1315 -334 -2483
510 1873 1214 187 -1312 -335 -2482
511 1875 1213 188 -1309 -336 -2482
512 1873 1218 187 -1314 -338 -2480
513 1874 1215 187 -1310 -336 -2482
514 1874 1215 187 -1309 -339 -2483
515 1878 1221 188 -1306 -339 -2479
516 1878 1218 188 -1308 -336 -2479
517 1877 1217 189 -1308 -336 -2478
518 1879 1219 191 -1307 -334 -2481
519 1876 1220 192 -1311 -331 -2478
520 1878 1216 189 -1308 -332 -2480
521 1876 1216 192 -1309 -333 -2480
522 1875 1216 189 -1309 -333 -2481
523 1876 1218 192 -1311 -335 -2481
524 1875 1216 189 -1309 -329 -2479
525 1872 1213 192 -1315 -334 -2481
526 1872 1214 190 -1316 -331 -2484
527 1872 1212 188 -1314 -329 -2478
528 1872 1214 189 -1314 -331 -2482
529 1872 1211 191 -1315 -331 -2484
530 1873 1212 189 -1312 -328 -2482
531 1872 1215 189 -1315 -330 -2482
532 1873 1215 188 -1314 -330 -2483
533 1876 1215 188 -1313 -333 -2484
534 1871 1215 193 -1313 -332 -2480
535 1872 1216 190 -1310 -332 -2479
536 1875 1215 188 -1312 -333 -2482
537 1874 1214 188 -1311 -336 -2482
538 1877 1213 187 -1309 -337 -2482
539 1877 1217 186 -1311 -336 -2482
540 1877 1215 188 -1306 -339 -2479
541 1878 1216 191 -1307 -336 -2481
542 1875 1216 186 -1309 -333 -2481
543 1877 1220 186 -1310 -335 -2481
544 1876 1217 190 -1310 -334 -2481
545 1875 1218 188 -1313 -332 -2481
546 1871 1219 188 -1311 -336 -2482
547 1873 1214 191 -1313 -335 -2482
548 1874 1214 189 -1312 -332 -2482
549 1873 1214 189 -1312 -331 -2484
550 1871 1214 190 -1318 -332 -2480
551 1872 1214 190 -1314 -331 -2481
552 1872 1216 189 -1314 -330 -2482
553 1872 1216 189 -1316 -330 -2482
554 1875 1216 190 -1312 -328 -2480
555 1875 1219 193 -1310 -328 -2481
556 1876 1217 189 -1313 -330 -2481
557 1873 1214 192 -1313 -330 -2478
558 1874 1218 193 -1309 -331 -2476
559 1877 1218 191 -1311 -330 -2479
560 1876 1218 191 -1309 -333 -2479
561 1875 1215 188 -1310 -334 -2482
562 1878 1218 191 -1311 -336 -2479
563 1875 1216 190 -1307 -335 -2478
564 1880 1216 191 -1309 -336 -2481
565 1876 1217 190 -1308 -336 -2481
566 1876 1218 192 -1308 -336 -2482
567 1879 1220 190 -1308 -331 -2482
568 1876 1213 189 -1310 -334 -2480
569 1875 1218 189 -1309 -336 -2481
570 1877 1216 189 -1313 -334 -2484
571 1876 1218 190 -1314 -334 -2480
572 1878 1215 189 -1312 -330 -2482
573 1872 1214 188 -1312 -335 -2483
574 1874 1215 189 -1313 -332 -2480
575 1874 1216 189 -1310 -331 -2484
576 1873 1216 190 -1315 -331 -2484
577 1873 1214 189 -1316 -333 -2480
578 1874 1216 191 -1315 -331 -2484
579 1876 1216 192 -1313 -329 -2481
580 1872 1214 190 -1313 -334 -2483
581 1877 1214 190 -1313 -335 -2481
582 1872 1215 191 -1311 -335 -2481
583 1878 1219 185 -1313 -333 -2480
584 1875 1215 186 -1314 -333 -2481
585 1876 1214 187 -1312 -332 -2480
586 1876 1215 188 -1309 -333 -2478
587 1876 1221 191 -1308 -330 -2481
588 1877 1216 189 -1314 -333 -2484
589 1876 1216 188 -1312 -338 -2480
590 1873 1215 187 -1313 -336 -2484
591 1878 1214 189 -1309 -333 -2480
592 1879 1217 188 -1311 -333 -2480
593 1875 1216 192 -1306 -334 -2478
594 1876 1216 188 -1310 -330 -2479
595 1874 1218 191 -1309 -332 -2482
596 1877 1219 193 -1313 -335 -2483
597 1879 1217 191 -1309 -332 -2479
598 1876 1213 190 -1306 -335 -2482
599 1876 1215 190 -1312 -336 -2480
600 1874 1217 193 -1313 -333 -2480
601 1874 1215 186 -1314 -336 -2485
602 1873 1214 187 -1310 -333 -2481
603 1873 1217 188 -1314 -336 -2483
604 1871 1215 186 -1313 -334 -2484
605 1871 1211 187 -1314 -331 -2485
606 1870 1214 186 -1316 -333 -2484
607 1869 1213 188 -1315 -333 -2482
608 1872 1214 188 -1312 -333 -2486
609 1872 1212 189 -1312 -334 -2485
610 1874 1214 189 -1311 -335 -2480
611 1875 1218 189 -1314 -336 -2486
612 1872 1213 188 -1312 -336 -2482
613 1874 1214 188 -1313 -334 -2484
614 1873 1216 191 -1309 -331 -2482
615 1876 1218 190 -1309 -332 -2479
616 1873 1214 189 -1311 -330 -2479
617 1878 1217 190 -1312 -336 -2478
618 1877 1218 189 -1310 -337 -2480
619 1877 1219 187 -1311 -336 -2481
620 1876 1214 190 -1314 -335 -2482
621 1879 1217 190 -1313 -329 -2481
622 1875 1218 189 -1308 -332 -2482
623 1875 1216 189 -1310 -335 -2483
624 1876 1218 190 -1311 -332 -2479
625 1878 1220 193 -1308 -332 -2480
626 1877 1220 191 -1307 -330 -2481
627 1876 1219 188 -1312 -333 -2484
628 1873 1217 191 -1309 -334 -2479
629 1875 1218 190 -1314 -329 -2482
630 1874 1216 187 -1311 -329 -2482
631 1875 1215 191 -1312 -332 -2480
632 1877 1213 192 -1313 -331 -2480
633 1876 1218 190 -1315 -329 -2481
634 1874 1214 187 -1316 -332 -2483
635 1872 1213 189 -1313 -331 -2482
636 1870 1215 191 -1315 -330 -2484
637 1871 1214 188 -1314 -332 -2484
638 1874 1211 189 -1316 -334 -2481
639 1873 1213 187 -1313 -337 -2484
640 1875 1214 188 -1312 -335 -2486
641 1877 1218 189 -1311 -335 -2481
642 1875 1216 188 -1308 -332 -2479
643 1875 1218 190 -1314 -337 -2482
644 1873 1216 184 -1312 -338 -2483
645 1875 1217 187 -1311 -336 -2483
646 1875 1214 190 -1312 -339 -2483
647 1877 1214 188 -1310 -337 -2481
648 1875 1216 186 -1311 -335 -2483
649 1871 1214 188 -1312 -335 -2482
650 1876 1216 188 -1312 -335 -2481
651 1874 1218 189 -1312 -333 -2481
652 1873 1214 188 -1313 -336 -2481
653 1873 1214 188 -1313 -335 -2482
654 1872 1216 186 -1314 -334 -2484
655 1869 1215 190 -1314 -335 -2482
656 1872 1214 189 -1315 -331 -2482
657 1872 1211 188 -1314 -332 -2480
658 1875 1212 188 -1315 -331 -2481
659 1870 1214 191 -1312 -332 -2483
660 1873 1216 190 -1316 -333 -2484
661 1873 1216 188 -1312 -332 -2484
662 1874 1214 188 -1313 -336 -2480
663 1877 1215 188 -1313 -335 -2480
664 1875 1217 191 -1314 -336 -2483
665 1874 1214 190 -1313 -337 -2485
666 1876 1215 187 -1309 -334 -2485
667 1878 1216 189 -1309 -336 -2482
668 1875 1215 188 -1309 -339 -2482
669 1877 1217 188 -1310 -336 -2485
670 1875 1216 189 -1311 -339 -2486
671 1877 1215 186 -1311 -337 -2481
672 1875 1215 190 -1312 -336 -2481
673 1874 1216 189 -1314 -336 -2482
674 1869 1215 188 -1313 -333 -2484
675 1872 1211 187 -1314 -333 -2483
676 1874 1215 190 -1313 -336 -2481
677 1870 1214 187 -1313 -335 -2482
678 1871 1215 186 -1315 -334 -2482
679 1871 1214 190 -1310 -328 -2485
680 1872 1214 187 -1316 -334 -2486
681 1874 1213 189 -1315 -337 -2483
682 1870 1215 187 -1310 -330 -2483
683 1873 1210 185 -1315 -332 -2486
684 1873 1215 187 -1311 -332 -2482
685 1875 1215 192 -1309 -332 -2481
686 1877 1217 188 -1313 -335 -2484
687 1874 1215 191 -1313 -336 -2481
688 1872 1214 189 -1316 -339 -2481
689 1872 1214 190 -1310 -338 -2482
690 1873 1214 186 -1311 -334 -2484
691 1875 1217 187 -1309 -337 -2484
692 1878 1216 191 -1308 -334 -2483
693 1874 1215 189 -1311 -336 -2484
694 1874 1215 186 -1314 -338 -2483
695 1874 1213 187 -1313 -335 -2484
696 1873 1217 188 -1308 -332 -2484
697 1874 1216 189 -1316 -337 -2482
698 1875 1217 190 -1313 -338 -2481
699 1874 1214 188 -1313 -334 -2485
700 1874 1213 187 -1315 -333 -2481
701 1875 1215 190 -1313 -332 -2483
702 1872 1213 188 -1316 -333 -2484
703 1869 1215 186 -1313 -333 -2485
704 1871 1212 189 -1315 -334 -2481
705 1875 1213 188 -1311 -334 -2485
706 1876 1215 190 -1316 -334 -2484
707 1873 1216 189 -1313 -332 -2483
708 1875 1218 190 -1311 -334 -2482
709 1875 1217 190 -1313 -333 -2483
710 1875 1213 186 -1314 -336 -2482
711 1875 1217 190 -1313 -334 -2481
712 1874 1213 188 -1314 -336 -2486
713 1870 1216 187 -1311 -336 -2484
714 1874 1215 186 -1314 -335 -2482
715 1875 1215 187 -1315 -333 -2481
716 1873 1215 187 -1313 -338 -2485
717 1876 1217 188 -1310 -333 -2480
718 1875 1214 186 -1310 -333 -2482
719 1875 1214 189 -1313 -338 -2482
720 1874 1214 184 -1316 -335 -2486
721 1870 1216 185 -1315 -339 -2483
722 1871 1214 188 -1310 -334 -2484
723 1872 1214 188 -1310 -336 -2484
724 1871 1215 188 -1315 -333 -2485
725 1872 1217 184 -1313 -334 -2485
726 1873 1216 188 -1314 -336 -2482
727 1872 1213 187 -1313 -332 -2480
728 1876 1215 188 -1314 -331 -2482
729 1872 1213 186 -1314 -332 -2485
730 1872 1215 189 -1316 -333 -2484
731 1873 1215 191 -1312 -335 -2482
732 1873 1214 187 -1314 -334 -2483
733 1875 1216 186 -1311 -336 -2482
734 1873 1215 186 -1310 -335 -2486
735 1874 1215 188 -1313 -336 -2483
736 1872 1211 185 -1312 -334 -2484
737 1873 1215 187 -1311 -336 -2482
738 1873 1214 186 -1313 -338 -2484
739 1873 1212 189 -1315 -339 -2483
740 1877 1216 187 -1312 -332 -2478
741 1878 1214 189 -1311 -332 -2480
742 1876 1213 187 -1314 -335 -2480
743 1875 1217 186 -1313 -333 -2482
744 1875 1213 190 -1313 -333 -2481
745 1874 1214 188 -1316 -330 -2482
746 1873 1215 190 -1316 -332 -2485
747 1874 1212 189 -1315 -332 -2484
748 1871 1211 188 -1317 -332 -2484
749 1872 1214 186 -1316 -334 -2484
750 1872 1214 188 -1313 -339 -2482
751 1871 1213 189 -1316 -335 -2482
752 1872 1214 188 -1312 -336 -2483
753 1873 1214 184 -1312 -335 -2483
754 1875 1216 188 -1314 -340 -2486
755 1872 1214 186 -1314 -338 -2484
756 1872 1216 188 -1313 -336 -2484
757 1873 1214 184 -1314 -338 -2486
758 1871 1215 184 -1311 -339 -2483
759 1871 1214 187 -1313 -336 -2484
760 1872 1215 185 -1314 -335 -2486
761 1870 1214 187 -1312 -335 -2484
762 1870 1214 187 -1317 -336 -2484
763 1873 1213 188 -1314 -333 -2480
764 1874 1213 189 -1314 -333 -2487
765 1871 1211 188 -1314 -332 -2484
766 1872 1215 188 -1315 -332 -2480
767 1872 1215 189 -1313 -332 -2481
768 1872 1216 189 -1313 -336 -2483
769 1873 1215 186 -1314 -334 -2482
770 1872 1214 189 -1315 -334 -2482
771 1874 1214 186 -1315 -333 -2483
772 1873 1215 188 -1312 -333 -2482
773 1874 1215 191 -1312 -335 -2483
774 1871 1213 189 -1315 -333 -2482
775 1872 1212 187 -1312 -333 -2481
776 1874 1215 189 -1310 -335 -2482
777 1873 1217 187 -1309 -338 -2484
778 1873 1215 187 -1311 -337 -2484
779 1876 1213 186 -1312 -337 -2485
780 1876 1214 187 -1314 -337 -2483
781 1870 1212 186 -1314 -339 -2483
782 1873 1215 188 -1316 -338 -2482
783 1877 1212 186 -1313 -335 -2480
784 1877 1215 189 -1313 -335 -2484
785 1877 1213 189 -1316 -334 -2484
786 1873 1213 186 -1313 -335 -2479
787 1872 1216 187 -1316 -334 -2482
788 1870 1213 188 -1311 -331 -2480
789 1870 1215 189 -1313 -329 -2481
790 1872 1214 191 -1312 -332 -2479
791 1872 1217 189 -1311 -330 -2480
792 1875 1217 192 -1314 -337 -2483
793 1871 1215 187 -1314 -333 -2480
794 1874 1216 185 -1317 -337 -2486
795 1871 1212 186 -1313 -336 -2486
796 1877 1215 189 -1313 -333 -2483
797 1875 1218 187 -1314 -336 -2484
798 1873 1213 184 -1312 -337 -2483
799 1873 1213 186 -1312 -337 -2483
800 1873 1213 187 -1314 -336 -2484
801 1875 1212 186 -1313 -339 -2483
802 1872 1215 191 -1308 -337 -2480
803 1875 1213 189 -1315 -335 -2485
804 1872 1214 185 -1312 -335 -2485
805 1872 1212 185 -1315 -334 -2482
806 1876 1214 186 -1314 -333 -2481
807 1871 1216 189 -1313 -334 -2482
808 1874 1215 191 -1315 -335 -2483
809 1871 1211 190 -1316 -336 -2484
810 1876 1212 188 -1314 -333 -2480
811 1871 1213 189 -1314 -335 -2484
812 1873 1213 187 -1314 -335 -2484
813 1875 1212 187 -1314 -336 -2486
814 1873 1214 184 -1312 -334 -2482
815 1874 1212 188 -1313 -333 -2482
816 1873 1215 186 -1317 -334 -2484
817 1872 1213 188 -1315 -335 -2484
818 1872 1214 188 -1315 -336 -2485
819 1872 1215 186 -1313 -338 -2482
820 1874 1216 189 -1310 -340 -2484
821 1873 1215 186 -1312 -339 -2482
822 1875 1218 186 -1317 -340 -2487
823 1876 1214 185 -1312 -336 -2485
824 1875 1214 187 -1314 -335 -2482
825 1872 1212 191 -1318 -334 -2481
826 1874 1216 189 -1311 -337 -2482
827 1872 1213 188 -1310 -339 -2482
828 1872 1215 187 -1313 -336 -2485
829 1875 1215 185 -1314 -334 -2482
830 1872 1214 185 -1315 -334 -2483
831 1874 1219 188 -1315 -332 -2484
832 1869 1215 187 -1316 -333 -2483
833 1872 1213 187 -1314 -332 -2482
834 1871 1212 188 -1313 -333 -2483
835 1872 1214 190 -1314 -334 -2481
836 1873 1214 188 -1315 -335 -2484
837 1875 1214 187 -1315 -336 -2484
838 1875 1214 190 -1314 -335 -2484
839 1876 1212 187 -1311 -337 -2482
840 1877 1215 187 -1315 -334 -2484
841 1875 1216 184 -1313 -336 -2482
842 1873 1214 186 -1312 -341 -2481
843 1873 1215 186 -1309 -337 -2485
844 1872 1215 187 -1311 -340 -2482
845 1877 1214 185 -1310 -338 -2487
846 1870 1214 189 -1315 -336 -2482
847 1874 1213 189 -1316 -339 -2481
848 1872 1214 188 -1313 -337 -2485
849 1871 1210 183 -1316 -338 -2484
850 1873 1213 185 -1318 -336 -2484
851 1869 1214 187 -1315 -335 -2484
852 1870 1215 186 -1314 -333 -2483
853 1872 1210 187 -1313 -332 -2484
854 1870 1213 187 -1315 -332 -2485
855 1872 1212 191 -1318 -335 -2485
856 1871 1215 189 -1314 -331 -2481
857 1872 1215 190 -1313 -335 -2485
858 1872 1213 187 -1315 -335 -2484
859 1871 1215 188 -1314 -339 -2484
860 1873 1214 189 -1312 -334 -2484
861 1873 1214 188 -1314 -336 -2484
862 1876 1214 191 -1312 -337 -2482
863 1874 1216 185 -1312 -337 -2483
864 1872 1214 188 -1314 -338 -2482
865 1874 1212 186 -1312 -336 -2485
866 1874 1214 187 -1314 -338 -2483
867 1874 1215 188 -1317 -339 -2484
868 1872 1214 188 -1315 -336 -2484
869 1872 1214 186 -1314 -336 -2485
870 1873 1214 189 -1315 -340 -2484
871 1872 1213 188 -1312 -335 -2483
872 1874 1213 189 -1313 -336 -2483
873 1872 1214 189 -1315 -337 -2485
874 1874 1214 185 -1312 -337 -2481
875 1874 1213 187 -1314 -332 -2482
876 1874 1216 188 -1315 -336 -2488
877 1871 1210 186 -1317 -335 -2484
878 1875 1213 187 -1317 -332 -2486
879 1870 1215 188 -1314 -335 -2486
880 1871 1210 187 -1315 -334 -2484
881 1873 1212 188 -1312 -330 -2483
882 1872 1211 188 -1316 -332 -2484
883 1871 1214 187 -1315 -337 -2484
884 1874 1213 187 -1313 -335 -2483
885 1874 1215 189 -1315 -339 -2481
886 1876 1216 188 -1315 -335 -2481
887 1875 1215 187 -1309 -337 -2483
888 1874 1214 184 -1312 -338 -2483
889 1876 1216 187 -1313 -340 -2482
890 1875 1214 187 -1311 -337 -2485
891 1874 1215 188 -1312 -332 -2483
892 1876 1214 186 -1312 -333 -2484
893 1875 1215 190 -1315 -337 -2486
894 1874 1213 190 -1310 -336 -2484
895 1874 1214 186 -1315 -334 -2482
896 1872 1215 188 -1313 -337 -2485
897 1872 1211 188 -1313 -336 -2484
898 1872 1213 189 -1316 -333 -2484
899 1872 1212 189 -1313 -334 -2484
900 1870 1211 187 -1316 -335 -2485
901 1873 1213 188 -1314 -334 -2482
902 1872 1212 186 -1315 -333 -2482
903 1871 1214 188 -1313 -333 -2482
904 1872 1217 191 -1311 -330 -2480
905 1874 1214 187 -1313 -331 -2483
906 1874 1214 187 -1313 -335 -2481
907 1874 1215 191 -1313 -334 -2481
908 1875 1218 190 -1310 -335 -2481
909 1877 1215 188 -1308 -339 -2483
910 1877 1216 188 -1308 -336 -2479
911 1875 1218 190 -1312 -334 -2482
912 1874 1218 187 -1312 -334 -2480
913 1875 1216 186 -1314 -337 -2485
914 1876 1215 188 -1311 -336 -2480
915 1873 1216 190 -1313 -333 -2481
916 1874 1216 189 -1316 -334 -2485
917 1874 1213 186 -1312 -332 -2484
918 1874 1212 189 -1314 -334 -2483
919 1872 1213 188 -1318 -333 -2482
920 1872 1211 186 -1317 -333 -2483
921 1871 1211 186 -1316 -334 -2482
922 1870 1214 187 -1315 -335 -2487
923 1871 1213 191 -1315 -338 -2482
924 1870 1214 186 -1315 -334 -2487
925 1871 1211 184 -1314 -336 -2484
926 1868 1214 187 -1314 -336 -2486
927 1872 1213 187 -1315 -332 -2486
928 1868 1215 187 -1314 -335 -2486
929 1871 1216 187 -1312 -335 -2481
930 1872 1216 186 -1313 -336 -2487
931 1873 1213 185 -1312 -336 -2484
932 1876 1216 190 -1310 -337 -2478
933 1875 1216 189 -1313 -337 -2484
934 1876 1212 187 -1315 -338 -2484
935 1873 1216 186 -1315 -336 -2484
936 1875 1216 187 -1312 -337 -2482
937 1872 1212 188 -1317 -337 -2483
938 1870 1216 186 -1314 -338 -2485
939 1872 1215 187 -1315 -336 -2484
940 1872 1215 189 -1315 -336 -2486
941 1867 1212 186 -1316 -335 -2482
942 1869 1209 187 -1316 -331 -2484
943 1867 1212 185 -1315 -331 -2482
944 1871 1211 189 -1315 -335 -2482
945 1871 1210 188 -1315 -335 -2486
946 1875 1212 184 -1316 -337 -2483
947 1867 1214 185 -1316 -335 -2484
948 1872 1213 188 -1317 -336 -2486
949 1873 1211 185 -1315 -335 -2486
950 1873 1214 187 -1314 -334 -2486
951 1873 1213 186 -1312 -336 -2484
952 1876 1216 189 -1312 -337 -2483
953 1873 1218 187 -1313 -339 -2483
954 1870 1212 186 -1311 -338 -2482
955 1872 1215 184 -1317 -337 -2485
956 1872 1212 188 -1315 -335 -2484
957 1873 1215 191 -1315 -335 -2483
958 1877 1214 187 -1313 -337 -2481
959 1874 1215 191 -1311 -336 -2482
960 1872 1218 187 -1313 -337 -2487
961 1872 1216 187 -1312 -336 -2482
962 1872 1216 187 -1315 -335 -2483
963 1875 1214 186 -1312 -335 -2481
964 1869 1214 188 -1312 -334 -2483
965 1875 1214 187 -1313 -335 -2483
966 1871 1213 189 -1316 -333 -2483
967 1873 1214 190 -1316 -333 -2485
968 1872 1214 187 -1315 -332 -2487
969 1873 1213 190 -1316 -334 -2485
970 1872 1213 185 -1317 -333 -2482
971 1872 1215 189 -1314 -331 -2481
972 1874 1215 191 -1316 -335 -2481
973 1873 1213 183 -1312 -336 -2482
974 1875 1216 188 -1309 -335 -2481
975 1876 1218 186 -1312 -338 -2482
976 1873 1215 189 -1313 -337 -2480
977 1876 1216 188 -1313 -336 -2480
978 1875 1213 189 -1312 -337 -2483
979 1873 1216 190 -1310 -337 -2484
980 1871 1221 188 -1312 -339 -2478
981 1875 1214 186 -1311 -337 -2480
982 1874 1216 187 -1313 -337 -2482
983 1876 1213 186 -1310 -334 -2485
984 1873 1216 187 -1313 -334 -2479
985 1872 1214 185 -1314 -334 -2481
986 1872 1218 186 -1314 -331 -2483
987 1873 1214 190 -1312 -336 -2480
988 1872 1214 189 -1314 -333 -2484
989 1871 1210 190 -1316 -333 -2484
990 1874 1214 190 -1318 -334 -2481
991 1875 1214 188 -1315 -333 -2479
992 1872 1216 187 -1315 -330 -2484
993 1874 1216 187 -1313 -332 -2482
994 1872 1212 188 -1312 -335 -2482
995 1874 1212 189 -1314 -333 -2482
996 1874 1213 187 -1314 -335 -2482
997 1873 1216 189 -1311 -337 -2483
998 1872 1214 188 -1310 -336 -2484
999 1873 1213 189 -1314 -336 -2483
0 2033 6122 -5714 -1380 -506 -2920
1 2031 6122 -5713 -1377 -505 -2918
2 2033 6118 -5715 -1372 -507 -2917
3 2035 6118 -5716 -1369 -510 -2917
4 2037 6123 -5715 -1374 -514 -2917
5 2037 6120 -5714 -1372 -517 -2916
6 2041 6120 -5715 -1369 -515 -2918
7 2040 6119 -5716 -1371 -517 -2921
8 2039 6120 -5718 -1366 -518 -2916
9 2043 6120 -5713 -1367 -514 -2918
10 2041 6120 -5711 -1370 -512 -2915
11 2039 6121 -5712 -1370 -514 -2914
12 2036 6120 -5712 -1370 -510 -2917
13 2036 6120 -5715 -1376 -507 -2917
14 2033 6118 -5714 -1375 -506 -2917
15 2033 6117 -5714 -1372 -501 -2917
16 2039 6118 -5713 -1372 -500 -2916
17 2035 6119 -5715 -1377 -504 -2918
18 2036 6122 -5713 -1374 -505 -2915
19 2034 6120 -5712 -1375 -502 -2920
20 2036 6120 -5714 -1375 -506 -2915
21 2033 6116 -5716 -1376 -507 -2917
22 2034 6116 -5717 -1376 -509 -2919
23 2036 6117 -5717 -1371 -508 -2920
24 2034 6118 -5716 -1373 -510 -2919
25 2039 6118 -5719 -1371 -516 -2919
26 2040 6117 -5718 -1368 -518 -2920
27 2040 6118 -5715 -1368 -517 -2916
28 2043 6119 -5716 -1365 -518 -2919
29 2040 6120 -5714 -1370 -517 -2917
30 2042 6121 -5716 -1367 -519 -2916
31 2042 6117 -5717 -1366 -516 -2919
32 2044 6122 -5714 -1368 -520 -2920
33 2044 6121 -5715 -1367 -515 -2917
34 2040 6119 -5716 -1369 -517 -2920
35 2040 6118 -5715 -1371 -514 -2918
36 2039 6118 -5715 -1370 -512 -2917
37 2037 6121 -5712 -1373 -507 -2921
38 2037 6120 -5713 -1373 -507 -2917
39 2035 6121 -5715 -1370 -508 -2917
40 2039 6120 -5714 -1371 -507 -2917
41 2036 6120 -5716 -1373 -507 -2918
42 2035 6118 -5717 -1373 -508 -2919
43 2038 6120 -5718 -1370 -513 -2919
44 2040 6119 -5715 -1372 -513 -2918
45 2034 6120 -5713 -1372 -512 -2919
46 2039 6116 -5718 -1370 -513 -2922
47 2038 6120 -5718 -1370 -518 -2918
48 2040 6119 -5714 -1368 -518 -2920
49 2038 6121 -5718 -1367 -520 -2919
50 2039 6120 -5720 -1371 -524 -2922
51 2041 6120 -5715 -1364 -523 -2919
52 2042 6123 -5712 -1369 -523 -2919
53 2042 6122 -5713 -1365 -520 -2917
54 2042 6121 -5715 -1361 -523 -2919
55 2042 6122 -5712 -1363 -523 -2917
56 2040 6122 -5717 -1369 -524 -2920
57 2039 6119 -5716 -1368 -520 -2915
58 2038 6121 -5721 -1367 -518 -2917
59 2040 6119 -5716 -1368 -519 -2919
60 2038 6121 -5719 -1370 -514 -2921
61 2038 6118 -5718 -1370 -516 -2917
62 2037 6117 -5716 -1373 -518 -2920
63 2039 6120 -5715 -1366 -514 -2919
64 2039 6117 -5719 -1369 -514 -2920
65 2038 6120 -5716 -1369 -517 -2917
66 2039 6122 -5716 -1369 -515 -2915
67 2036 6118 -5718 -1371 -516 -2922
68 2037 6118 -5719 -1372 -520 -2921
69 2036 6117 -5719 -1369 -525 -2921
70 2043 6118 -5718 -1370 -523 -2921
71 2041 6120 -5715 -1368 -528 -2918
72 2042 6117 -5717 -1365 -526 -2918
73 2041 6121 -5713 -1366 -528 -2919
74 2044 6121 -5716 -1365 -527 -2920
75 2044 6119 -5717 -1364 -527 -2920
76 2041 6119 -5714 -1371 -526 -2917
77 2041 6119 -5715 -1365 -521 -2915
78 2045 6122 -5715 -1365 -525 -2917
79 2046 6118 -5714 -1364 -527 -2916
80 2043 6121 -5714 -1366 -526 -2917
81 2043 6120 -5716 -1366 -521 -2916
82 2043 6122 -5716 -1365 -521 -2917
83 2044 6122 -5715 -1366 -523 -2917
84 2045 6119 -5713 -1365 -524 -2917
85 2042 6122 -5713 -1369 -524 -2920
86 2043 6117 -5712 -1369 -524 -2917
87 2044 6117 -5712 -1372 -525 -2917
88 2042 6122 -5718 -1368 -524 -2920
89 2044 6118 -5716 -1369 -526 -2919
90 2041 6122 -5716 -1365 -527 -2918
91 2042 6122 -5716 -1365 -524 -2917
92 2044 6119 -5710 -1365 -530 -2917
93 2043 6122 -5718 -1365 -527 -2917
94 2045 6121 -5713 -1365 -529 -2920
95 2045 6122 -5714 -1365 -524 -2917
96 2044 6123 -5712 -1366 -524 -2916
97 2046 6119 -5712 -1364 -529 -2916
98 2044 6123 -5715 -1364 -528 -2918
99 2048 6123 -5714 -1366 -531 -2916
100 2047 6121 -5715 -1365 -531 -2918
101 2049 6121 -5713 -1363 -530 -2916
102 2047 6124 -5714 -1367 -533 -2918
103 2045 6120 -5714 -1367 -530 -2917
104 2044 6119 -5717 -1366 -527 -2917
105 2045 6119 -5713 -1367 -524 -2917
106 2045 6124 -5712 -1365 -526 -2915
107 2041 6125 -5713 -1365 -529 -2915
108 2045 6120 -5714 -1366 -527 -2915
109 2045 6121 -5711 -1363 -529 -2912
110 2046 6125 -5711 -1368 -531 -2916
111 2046 6121 -5712 -1362 -530 -2914
112 2047 6124 -5715 -1362 -533 -2911
113 2044 6123 -5710 -1362 -529 -2915
114 2044 6123 -5710 -1365 -529 -2915
115 2043 6124 -5712 -1364 -530 -2914
116 2045 6124 -5712 -1363 -528 -2915
117 2046 6127 -5714 -1361 -529 -2912
118 2048 6120 -5711 -1359 -533 -2912
119 2044 6123 -5711 -1363 -531 -2913
120 2047 6124 -5711 -1362 -531 -2915
121 2046 6123 -5714 -1361 -532 -2915
122 2047 6122 -5715 -1362 -535 -2911
123 2047 6119 -5711 -1359 -532 -2912
124 2046 6122 -5712 -1363 -531 -2913
125 2047 6128 -5712 -1363 -532 -2912
126 2045 6123 -5709 -1363 -531 -2914
127 2044 6125 -5710 -1366 -531 -2910
128 2047 6125 -5709 -1362 -534 -2912
129 2048 6125 -5713 -1363 -532 -2911
130 2048 6124 -5710 -1364 -533 -2915
131 2045 6124 -5710 -1364 -532 -2910
132 2046 6125 -5711 -1365 -533 -2915
133 2044 6124 -5710 -1362 -533 -2910
134 2047 6126 -5710 -1366 -533 -2913
135 2047 6125 -5711 -1362 -536 -2912
136 2050 6128 -5709 -1360 -540 -2911
137 2048 6128 -5712 -1358 -538 -2912
138 2047 6123 -5710 -1361 -540 -2911
139 2050 6124 -5710 -1361 -538 -2910
140 2048 6127 -5706 -1363 -537 -2909
141 2047 6128 -5710 -1363 -533 -2912
142 2049 6124 -5711 -1359 -533 -2910
143 2047 6126 -5708 -1360 -534 -2910
144 2047 6125 -5711 -1362 -535 -2912
145 2047 6125 -5707 -1360 -537 -2909
146 2045 6126 -5711 -1362 -535 -2910
147 2045 6124 -5713 -1364 -534 -2911
148 2046 6129 -5710 -1360 -532 -2914
149 2046 6125 -5709 -1362 -536 -2909
150 2047 6122 -5711 -1366 -532 -2913
151 2048 6126 -5712 -1363 -536 -2910
152 2043 6124 -5711 -1362 -531 -2908
153 2046 6128 -5710 -1361 -531 -2908
154 2047 6126 -5710 -1358 -532 -2910
155 2047 6125 -5710 -1360 -535 -2912
156 2051 6127 -5708 -1359 -537 -2907
157 2050 6129 -5706 -1360 -536 -2907
158 2052 6127 -5712 -1359 -538 -2910
159 2047 6127 -5711 -1361 -540 -2907
160 2052 6128 -5707 -1359 -537 -2906
161 2050 6127 -5706 -1361 -542 -2909
162 2050 6127 -5710 -1355 -537 -2907
163 2050 6128 -5709 -1356 -541 -2908
164 2052 6127 -5706 -1359 -542 -2907
165 2052 6128 -5706 -1360 -541 -2909
166 2054 6130 -5708 -1358 -540 -2906
167 2052 6130 -5705 -1358 -535 -2906
168 2049 6127 -5703 -1358 -533 -2907
169 2051 6128 -5705 -1361 -531 -2905
170 2048 6128 -5706 -1359 -531 -2907
171 2044 6128 -5708 -1362 -532 -2908
172 2047 6125 -5706 -1364 -535 -2908
173 2048 6131 -5704 -1363 -535 -2903
174 2048 6127 -5708 -1365 -538 -2908
175 2049 6125 -5710 -1363 -538 -2908
176 2046 6126 -5708 -1362 -540 -2908
177 2047 6128 -5707 -1362 -540 -2908
178 2049 6130 -5704 -1360 -542 -2908
179 2048 6128 -5707 -1360 -540 -2906
180 2049 6127 -5706 -1360 -539 -2904
181 2050 6130 -5706 -1359 -541 -2903
182 2053 6130 -5705 -1357 -538 -2907
183 2054 6126 -5707 -1357 -541 -2902
184 2052 6129 -5704 -1357 -541 -2903
185 2051 6129 -5706 -1355 -540 -2901
186 2052 6131 -5707 -1355 -538 -2905
187 2052 6127 -5702 -1356 -540 -2903
188 2052 6130 -5707 -1360 -540 -2902
189 2052 6132 -5704 -1358 -537 -2901
190 2048 6130 -5706 -1361 -539 -2906
191 2050 6130 -5707 -1358 -536 -2907
192 2049 6129 -5701 -1362 -537 -2902
193 2049 6131 -5701 -1358 -535 -2908
194 2051 6128 -5705 -1360 -537 -2903
195 2049 6128 -5705 -1361 -539 -2903
196 2049 6125 -5708 -1363 -539 -2905
197 2051 6127 -5707 -1362 -538 -2907
198 2048 6129 -5707 -1362 -534 -2904
199 2047 6126 -5706 -1363 -536 -2905
200 2048 6128 -5706 -1363 -539 -2908
201 2049 6130 -5707 -1361 -536 -2905
202 2049 6131 -5705 -1360 -540 -2907
203 2049 6132 -5705 -1358 -538 -2905
204 2048 6128 -5707 -1358 -542 -2906
205 2051 6129 -5706 -1358 -541 -2905
206 2052 6133 -5705 -1358 -542 -2905
207 2051 6133 -5704 -1357 -542 -2906
208 2048 6134 -5707 -1355 -543 -2904
209 2051 6130 -5703 -1359 -541 -2905
210 2053 6132 -5707 -1359 -541 -2906
211 2049 6127 -5703 -1359 -543 -2904
212 2046 6126 -5704 -1362 -542 -2909
213 2049 6128 -5705 -1359 -542 -2905
214 2047 6129 -5706 -1361 -540 -2904
215 2047 6127 -5706 -1362 -537 -2908
216 2050 6129 -5705 -1360 -537 -2903
217 2049 6132 -5703 -1357 -537 -2905
218 2050 6130 -5703 -1360 -536 -2904
219 2044 6131 -5706 -1363 -540 -2904
220 2044 6130 -5704 -1359 -535 -2904
221 2047 6127 -5705 -1363 -536 -2906
222 2048 6132 -5706 -1363 -537 -2903
223 2045 6131 -5703 -1363 -539 -2904
224 2048 6130 -5706 -1362 -537 -2903
225 2046 6132 -5705 -1362 -536 -2904
226 2045 6129 -5704 -1356 -542 -2906
227 2047 6132 -5705 -1356 -541 -2905
228 2048 6131 -5703 -1357 -538 -2903
229 2045 6129 -5703 -1358 -542 -2904
230 2049 6131 -5704 -1359 -542 -2900
231 2051 6132 -5703 -1358 -544 -2900
232 2051 6135 -5701 -1356 -541 -2902
233 2054 6134 -5705 -1357 -539 -2902
234 2050 6130 -5701 -1358 -538 -2900
235 2052 6134 -5699 -1361 -541 -2903
236 2051 6132 -5704 -1360 -542 -2904
237 2050 6132 -5704 -1358 -538 -2903
238 2051 6128 -5704 -1361 -537 -2906
239 2048 6132 -5705 -1363 -538 -2905
240 2046 6129 -5705 -1362 -540 -2905
241 2049 6127 -5704 -1364 -536 -2903
242 2043 6132 -5702 -1363 -535 -2902
243 2043 6129 -5703 -1363 -532 -2906
244 2043 6129 -5706 -1363 -534 -2903
245 2048 6132 -5702 -1364 -536 -2906
246 2048 6128 -5707 -1360 -537 -2903
247 2049 6130 -5707 -1361 -538 -2901
248 2048 6130 -5706 -1361 -539 -2902
249 2048 6131 -5703 -1362 -535 -2902
250 2047 6128 -5704 -1360 -538 -2902
251 2049 6130 -5704 -1358 -542 -2905
252 2047 6131 -5704 -1360 -541 -2901
253 2046 6130 -5703 -1361 -541 -2904
254 2051 6129 -5702 -1359 -542 -2905
255 2051 6130 -5703 -1360 -543 -2902
256 2050 6131 -5703 -1359 -545 -2903
257 2052 6133 -5705 -1362 -540 -2903
258 2050 6134 -5707 -1360 -540 -2903
259 2048 6127 -5705 -1359 -540 -2901
260 2048 6130 -5702 -1362 -536 -2902
261 2048 6130 -5702 -1362 -535 -2904
262 2046 6131 -5707 -1361 -536 -2907
263 2046 6128 -5704 -1363 -532 -2902
264 2045 6132 -5696 -1362 -528 -2899
265 2048 6133 -5699 -1363 -531 -2902
266 2047 6130 -5700 -1362 -528 -2904
267 2046 6129 -5702 -1359 -528 -2900
268 2050 6132 -5701 -1362 -534 -2899
269 2048 6136 -5700 -1358 -531 -2896
270 2050 6131 -5703 -1363 -534 -2900
271 2050 6132 -5706 -1358 -530 -2903
272 2053 6136 -5705 -1358 -533 -2899
273 2054 6133 -5700 -1361 -534 -2903
274 2049 6133 -5700 -1356 -533 -2900
275 2050 6137 -5703 -1360 -533 -2901
276 2052 6132 -5702 -1354 -532 -2898
277 2052 6133 -5699 -1362 -536 -2900
278 2049 6133 -5702 -1359 -533 -2902
279 2048 6131 -5704 -1358 -536 -2902
280 2044 6130 -5702 -1360 -533 -2901
281 2048 6133 -5700 -1362 -532 -2902
282 2049 6136 -5698 -1359 -530 -2903
283 2049 6137 -5701 -1360 -531 -2901
284 2049 6134 -5703 -1358 -534 -2899
285 2048 6136 -5699 -1357 -532 -2900
286 2050 6133 -5701 -1360 -529 -2902
287 2051 6132 -5701 -1363 -528 -2900
288 2047 6134 -5701 -1364 -529 -2900
289 2048 6134 -5703 -1364 -526 -2897
290 2046 6134 -5702 -1359 -527 -2902
291 2048 6133 -5704 -1360 -528 -2900
292 2047 6134 -5700 -1363 -528 -2900
293 2049 6136 -5698 -1361 -522 -2898
294 2049 6133 -5700 -1363 -526 -2901
295 2048 6136 -5703 -1357 -529 -2900
296 2049 6134 -5703 -1359 -533 -2898
297 2048 6136 -5701 -1362 -537 -2901
298 2047 6134 -5702 -1358 -533 -2903
299 2047 6133 -5702 -1360 -530 -2901
300 2045 6133 -5709 -1358 -528 -2901
301 2044 6132 -5704 -1360 -529 -2899
302 2045 6136 -5698 -1360 -526 -2901
303 2046 6136 -5704 -1360 -529 -2900
304 2043 6134 -5704 -1362 -529 -2902
305 2046 6132 -5701 -1362 -530 -2898
306 2044 6133 -5700 -1360 -530 -2900
307 2049 6134 -5703 -1358 -529 -2898
308 2050 6133 -5700 -1358 -529 -2899
309 2048 6136 -5703 -1359 -529 -2898
310 2044 6139 -5698 -1363 -528 -2899
311 2047 6134 -5699 -1362 -527 -2900
312 2043 6134 -5700 -1362 -527 -2902
313 2049 6134 -5707 -1358 -528 -2898
314 2047 6132 -5702 -1361 -529 -2897
315 2047 6134 -5697 -1362 -525 -2901
316 2047 6133 -5703 -1359 -523 -2900
317 2044 6136 -5702 -1360 -522 -2901
318 2044 6135 -5698 -1359 -527 -2900
319 2044 6138 -5700 -1362 -528 -2896
320 2045 6137 -5702 -1362 -524 -2901
321 2044 6131 -5699 -1362 -529 -2903
322 2046 6134 -5702 -1361 -527 -2896
323 2045 6137 -5699 -1362 -525 -2898
324 2047 6135 -5700 -1364 -524 -2902
325 2045 6131 -5702 -1362 -528 -2902
326 2044 6134 -5703 -1361 -530 -2898
327 2048 6137 -5697 -1363 -524 -2899
328 2044 6130 -5703 -1363 -525 -2901
329 2045 6133 -5705 -1362 -523 -2902
330 2046 6135 -5699 -1363 -524 -2892
331 2043 6139 -5693 -1362 -524 -2897
332 2046 6132 -5700 -1362 -521 -2900
333 2047 6134 -5704 -1363 -523 -2900
334 2046 6136 -5699 -1361 -523 -2896
335 2047 6138 -5698 -1363 -526 -2897
336 2047 6134 -5698 -1362 -525 -2897
337 2042 6132 -5702 -1365 -526 -2898
338 2044 6135 -5700 -1361 -524 -2898
339 2043 6135 -5697 -1368 -522 -2898
340 2044 6134 -5700 -1366 -524 -2904
341 2043 6134 -5703 -1364 -525 -2901
342 2043 6135 -5702 -1365 -524 -2900
343 2044 6136 -5698 -1363 -527 -2898
344 2045 6134 -5702 -1362 -526 -2900
345 2044 6134 -5701 -1363 -525 -2901
346 2047 6132 -5701 -1363 -522 -2899
347 2045 6133 -5700 -1365 -524 -2899
348 2043 6135 -5698 -1366 -523 -2894
349 2043 6131 -5701 -1366 -522 -2901
350 2043 6132 -5703 -1366 -524 -2898
351 2043 6135 -5701 -1366 -518 -2898
352 2044 6132 -5699 -1366 -522 -2898
353 2041 6134 -5701 -1364 -518 -2901
354 2039 6134 -5698 -1365 -520 -2900
355 2039 6138 -5702 -1364 -522 -2898
356 2040 6134 -5699 -1363 -524 -2898
357 2042 6134 -5702 -1365 -525 -2898
358 2044 6136 -5700 -1363 -526 -2896
359 2043 6135 -5697 -1361 -523 -2898
360 2043 6137 -5702 -1359 -526 -2898
361 2045 6134 -5699 -1360 -525 -2896
362 2043 6135 -5695 -1363 -524 -2898
363 2043 6135 -5702 -1363 -524 -2897
364 2043 6136 -5702 -1366 -520 -2897
365 2042 6137 -5701 -1368 -520 -2897
366 2041 6134 -5702 -1366 -519 -2897
367 2038 6134 -5701 -1367 -520 -2899
368 2041 6135 -5700 -1366 -521 -2896
369 2041 6136 -5698 -1366 -520 -2896
370 2039 6134 -5697 -1368 -519 -2899
371 2042 6132 -5698 -1364 -517 -2895
372 2041 6137 -5701 -1367 -520 -2896
373 2040 6137 -5699 -1367 -518 -2898
374 2041 6138 -5699 -1368 -519 -2898
375 2041 6139 -5702 -1365 -513 -2894
376 2040 6136 -5700 -1367 -515 -2898
377 2037 6140 -5697 -1366 -519 -2896
378 2042 6136 -5699 -1364 -522 -2896
379 2038 6134 -5699 -1368 -523 -2896
380 2039 6136 -5697 -1366 -520 -2897
381 2041 6139 -5700 -1371 -521 -2896
382 2043 6139 -5700 -1362 -518 -2895
383 2042 6140 -5697 -1363 -524 -2892
384 2041 6139 -5701 -1363 -525 -2900
385 2045 6138 -5700 -1364 -525 -2894
386 2046 6137 -5697 -1360 -525 -2891
387 2047 6139 -5696 -1366 -522 -2896
388 2044 6138 -5697 -1365 -522 -2897
389 2042 6137 -5699 -1369 -520 -2895
390 2041 6138 -5701 -1367 -515 -2897
391 2036 6140 -5696 -1367 -513 -2894
392 2038 6134 -5700 -1367 -513 -2897
393 2037 6136 -5698 -1369 -513 -2898
394 2037 6140 -5697 -1370 -511 -2896
395 2036 6136 -5701 -1372 -510 -2891
396 2034 6139 -5697 -1370 -513 -2895
397 2039 6138 -5697 -1370 -515 -2894
398 2038 6139 -5696 -1368 -519 -2892
399 2036 6138 -5700 -1367 -518 -2898
400 2042 6141 -5694 -1366 -518 -2890
401 2040 6139 -5694 -1364 -523 -2893
402 2041 6139 -5697 -1365 -520 -2892
403 2041 6140 -5697 -1363 -522 -2890
404 2042 6138 -5694 -1365 -523 -2892
405 2041 6140 -5695 -1365 -521 -2892
406 2040 6140 -5697 -1365 -521 -2890
407 2041 6139 -5695 -1363 -522 -2894
408 2040 6141 -5695 -1363 -524 -2893
409 2043 6142 -5696 -1367 -520 -2892
410 2040 6138 -5695 -1365 -518 -2892
411 2043 6139 -5697 -1366 -516 -2891
412 2040 6139 -5696 -1368 -518 -2893
413 2039 6142 -5695 -1370 -515 -2892
414 2038 6139 -5697 -1366 -512 -2893
415 2038 6136 -5696 -1369 -509 -2894
416 2036 6139 -5692 -1370 -512 -2891
417 2037 6143 -5694 -1373 -513 -2890
418 2036 6139 -5697 -1377 -509 -2887
419 2036 6139 -5695 -1374 -512 -2890
420 2035 6140 -5695 -1367 -513 -2889
421 2037 6143 -5695 -1369 -513 -2890
422 2039 6144 -5693 -1367 -517 -2888
423 2042 6140 -5693 -1363 -518 -2888
424 2043 6140 -5693 -1366 -523 -2886
425 2042 6142 -5692 -1366 -520 -2889
426 2046 6143 -5693 -1363 -522 -2887
427 2047 6145 -5693 -1365 -519 -2888
428 2045 6141 -5691 -1365 -521 -2889
429 2040 6141 -5692 -1368 -520 -2889
430 2040 6141 -5694 -1365 -517 -2889
431 2036 6145 -5694 -1368 -515 -2889
432 2037 6141 -5693 -1369 -512 -2889
433 2036 6143 -5690 -1371 -514 -2888
434 2035 6143 -5692 -1371 -513 -2887
435 2035 6141 -5690 -1369 -511 -2888
436 2037 6139 -5692 -1373 -515 -2889
437 2039 6143 -5691 -1369 -513 -2885
438 2040 6147 -5693 -1368 -514 -2888
439 2038 6143 -5692 -1371 -516 -2889
440 2038 6144 -5692 -1369 -511 -2887
441 2034 6140 -5691 -1369 -509 -2885
442 2036 6146 -5688 -1370 -513 -2885
443 2037 6144 -5691 -1368 -511 -2887
444 2040 6145 -5691 -1366 -508 -2886
445 2042 6145 -5687 -1368 -512 -2882
446 2041 6148 -5690 -1367 -512 -2884
447 2039 6148 -5689 -1370 -514 -2883
448 2040 6146 -5691 -1365 -516 -2882
449 2040 6148 -5689 -1367 -514 -2882
450 2041 6149 -5688 -1363 -520 -2880
451 2041 6147 -5687 -1366 -518 -2880
452 2040 6145 -5689 -1362 -516 -2881
453 2040 6151 -5688 -1367 -517 -2883
454 2039 6148 -5688 -1367 -517 -2882
455 2038 6143 -5690 -1370 -515 -2882
456 2037 6144 -5688 -1365 -509 -2883
457 2036 6148 -5686 -1370 -508 -2881
458 2034 6150 -5688 -1370 -508 -2880
459 2035 6148 -5687 -1371 -504 -2881
460 2035 6150 -5688 -1371 -503 -2881
461 2037 6146 -5689 -1370 -507 -2880
462 2040 6152 -5689 -1370 -507 -2879
463 2037 6147 -5688 -1370 -509 -2885
464 2039 6146 -5688 -1369 -512 -2881
465 2039 6148 -5689 -1371 -514 -2883
466 2034 6148 -5691 -1370 -514 -2880
467 2036 6150 -5689 -1367 -512 -2882
468 2036 6153 -5684 -1364 -510 -2880
469 2035 6149 -5687 -1366 -514 -2879
470 2039 6152 -5686 -1366 -513 -2882
471 2034 6149 -5683 -1363 -514 -2879
472 2037 6154 -5684 -1364 -514 -2877
473 2040 6152 -5683 -1360 -516 -2877
474 2043 6152 -5686 -1365 -515 -2878
475 2040 6152 -5686 -1365 -514 -2878
476 2037 6148 -5689 -1366 -513 -2877
477 2036 6150 -5686 -1369 -514 -2876
478 2034 6149 -5684 -1369 -511 -2878
479 2036 6148 -5690 -1368 -511 -2879
480 2038 6152 -5683 -1367 -508 -2877
481 2039 6152 -5685 -1370 -506 -2874
482 2038 6152 -5682 -1367 -507 -2876
483 2039 6149 -5682 -1370 -503 -2877
484 2035 6152 -5683 -1371 -504 -2875
485 2035 6152 -5681 -1373 -501 -2875
486 2033 6151 -5687 -1369 -505 -2877
487 2034 6151 -5686 -1371 -506 -2876
488 2038 6153 -5684 -1366 -508 -2873
489 2040 6157 -5681 -1365 -511 -2874
490 2036 6151 -5685 -1365 -516 -2874
491 2039 6154 -5685 -1362 -514 -2875
492 2038 6154 -5680 -1368 -513 -2874
493 2040 6154 -5682 -1365 -516 -2877
494 2040 6152 -5684 -1363 -516 -2877
495 2039 6154 -5683 -1366 -512 -2874
496 2038 6160 -5680 -1364 -516 -2871
497 2038 6152 -5681 -1364 -513 -2873
498 2040 6153 -5683 -1363 -511 -2877
499 2043 6154 -5682 -1361 -507 -2872
500 2039 6155 -5679 -1368 -510 -2872
501 2043 6152 -5679 -1370 -507 -2871
502 2039 6154 -5683 -1368 -504 -2873
503 2038 6155 -5682 -1371 -507 -2871
504 2039 6156 -5680 -1369 -505 -2871
505 2037 6155 -5680 -1374 -507 -2874
506 2037 6154 -5679 -1369 -504 -2871
507 2038 6153 -5681 -1372 -500 -2870
508 2033 6159 -5679 -1372 -501 -2871
509 2034 6153 -5681 -1372 -499 -2873
510 2034 6153 -5681 -1369 -507 -2869
511 2034 6153 -5679 -1369 -508 -2869
512 2037 6151 -5680 -1367 -513 -2873
513 2038 6156 -5677 -1366 -518 -2871
514 2041 6154 -5680 -1363 -513 -2872
515 2044 6157 -5680 -1365 -515 -2872
516 2038 6151 -5680 -1364 -517 -2872
517 2043 6158 -5678 -1368 -515 -2871
518 2040 6156 -5682 -1365 -515 -2874
519 2039 6156 -5680 -1368 -509 -2870
520 2038 6155 -5679 -1368 -511 -2866
521 2039 6159 -5678 -1372 -509 -2868
522 2036 6152 -5680 -1370 -509 -2873
523 2037 6155 -5681 -1371 -508 -2871
524 2034 6159 -5678 -1371 -504 -2868
525 2037 6160 -5677 -1370 -504 -2868
526 2033 6154 -5680 -1371 -500 -2870
527 2035 6155 -5681 -1374 -500 -2868
528 2033 6157 -5677 -1374 -501 -2864
529 2034 6158 -5680 -1369 -504 -2870
530 2036 6158 -5678 -1370 -502 -2870
531 2037 6158 -5677 -1371 -498 -2865
532 2037 6160 -5673 -1370 -499 -2864
533 2034 6158 -5675 -1371 -505 -2871
534 2035 6158 -5676 -1371 -508 -2868
535 2035 6159 -5675 -1368 -506 -2867
536 2035 6159 -5679 -1369 -508 -2870
537 2035 6157 -5677 -1368 -510 -2871
538 2041 6159 -5679 -1363 -517 -2865
539 2042 6162 -5677 -1361 -519 -2865
540 2045 6158 -5681 -1362 -520 -2867
541 2044 6159 -5678 -1362 -519 -2865
542 2047 6160 -5678 -1367 -512 -2868
543 2041 6160 -5678 -1369 -508 -2867
544 2033 6159 -5676 -1370 -501 -2868
545 2031 6162 -5679 -1371 -498 -2866
546 2031 6156 -5678 -1373 -495 -2868
547 2030 6160 -5677 -1374 -495 -2870
548 2028 6156 -5678 -1373 -496 -2867
549 2030 6158 -5678 -1373 -498 -2868
550 2031 6162 -5679 -1373 -501 -2865
551 2032 6156 -5678 -1371 -500 -2866
552 2033 6157 -5675 -1372 -503 -2869
553 2033 6158 -5679 -1369 -499 -2866
554 2038 6163 -5676 -1367 -504 -2868
555 2035 6160 -5674 -1365 -509 -2868
556 2040 6162 -5677 -1366 -510 -2862
557 2038 6162 -5678 -1364 -508 -2866
558 2038 6160 -5674 -1366 -511 -2864
559 2035 6161 -5677 -1367 -504 -2867
560 2035 6162 -5676 -1366 -504 -2862
561 2034 6162 -5675 -1370 -499 -2862
562 2033 6159 -5672 -1369 -504 -2865
563 2030 6161 -5678 -1367 -506 -2866
564 2033 6160 -5676 -1368 -509 -2863
565 2037 6161 -5677 -1365 -511 -2867
566 2038 6159 -5677 -1368 -512 -2863
567 2036 6160 -5679 -1368 -512 -2868
568 2040 6164 -5675 -1370 -508 -2864
569 2036 6160 -5677 -1371 -504 -2865
570 2033 6162 -5674 -1373 -499 -2867
571 2028 6158 -5676 -1373 -492 -2865
572 2028 6160 -5673 -1375 -491 -2871
573 2027 6160 -5673 -1376 -493 -2865
574 2026 6156 -5673 -1375 -495 -2865
575 2030 6158 -5675 -1376 -499 -2865
576 2031 6160 -5676 -1374 -501 -2867
577 2038 6159 -5678 -1370 -505 -2865
578 2036 6158 -5674 -1366 -507 -2866
579 2042 6161 -5678 -1364 -508 -2864
580 2040 6161 -5675 -1362 -508 -2858
581 2042 6165 -5676 -1365 -507 -2860
582 2044 6162 -5674 -1363 -508 -2861
583 2044 6165 -5675 -1364 -506 -2862
584 2043 6166 -5674 -1361 -507 -2862
585 2041 6163 -5673 -1368 -503 -2863
586 2034 6164 -5673 -1370 -498 -2862
587 2033 6161 -5672 -1373 -493 -2864
588 2027 6160 -5673 -1378 -490 -2867
589 2024 6157 -5673 -1377 -488 -2865
590 2027 6158 -5677 -1378 -491 -2861
591 2029 6158 -5673 -1375 -493 -2864
592 2036 6158 -5674 -1370 -499 -2865
593 2037 6161 -5673 -1369 -502 -2862
594 2038 6162 -5673 -1369 -503 -2862
595 2040 6163 -5672 -1369 -502 -2858
596 2039 6164 -5675 -1369 -497 -2863
597 2040 6160 -5671 -1366 -495 -2860
598 2034 6164 -5674 -1370 -497 -2861
599 2033 6165 -5674 -1373 -497 -2863
600 2032 6158 -5673 -1370 -495 -2863
601 2031 6159 -5677 -1374 -496 -2866
602 2032 6161 -5675 -1370 -495 -2865
603 2032 6160 -5675 -1373 -496 -2864
604 2035 6161 -5675 -1370 -495 -2867
605 2034 6161 -5676 -1371 -500 -2867
606 2034 6160 -5677 -1372 -500 -2866
607 2033 6161 -5674 -1370 -499 -2863
608 2036 6160 -5674 -1373 -495 -2865
609 2034 6159 -5680 -1373 -496 -2867
610 2029 6160 -5676 -1371 -494 -2863
611 2030 6164 -5672 -1372 -496 -2863
612 2031 6161 -5674 -1369 -492 -2864
613 2033 6164 -5671 -1372 -491 -2864
614 2032 6163 -5677 -1371 -495 -2862
615 2032 6163 -5675 -1371 -497 -2860
616 2033 6162 -5674 -1369 -495 -2861
617 2035 6161 -5675 -1372 -497 -2867
618 2036 6164 -5676 -1370 -497 -2864
619 2033 6162 -5676 -1372 -494 -2867
620 2029 6162 -5679 -1374 -493 -2865
621 2031 6162 -5674 -1371 -493 -2862
622 2032 6163 -5672 -1369 -493 -2865
623 2028 6162 -5675 -1372 -492 -2864
624 2029 6162 -5672 -1376 -490 -2865
625 2027 6163 -5675 -1375 -488 -2864
626 2028 6161 -5673 -1374 -492 -2864
627 2029 6163 -5675 -1372 -489 -2861
628 2029 6161 -5676 -1373 -490 -2862
629 2032 6165 -5672 -1373 -493 -2861
630 2031 6160 -5674 -1374 -494 -2862
631 2030 6163 -5675 -1378 -492 -2864
632 2032 6162 -5679 -1374 -491 -2865
633 2030 6163 -5675 -1374 -490 -2862
634 2031 6165 -5673 -1373 -492 -2866
635 2028 6160 -5676 -1370 -492 -2866
636 2031 6160 -5674 -1376 -490 -2864
637 2029 6161 -5676 -1373 -490 -2864
638 2030 6163 -5675 -1371 -486 -2860
639 2032 6169 -5671 -1374 -487 -2862
640 2030 6164 -5673 -1370 -484 -2864
641 2032 6161 -5672 -1375 -483 -2862
642 2030 6165 -5672 -1372 -487 -2861
643 2030 6163 -5672 -1371 -485 -2864
644 2030 6161 -5672 -1372 -489 -2860
645 2032 6165 -5676 -1372 -487 -2862
646 2029 6167 -5673 -1375 -486 -2860
647 2028 6164 -5673 -1371 -484 -2864
648 2029 6163 -5672 -1373 -482 -2864
649 2028 6160 -5673 -1375 -484 -2864
650 2028 6163 -5676 -1374 -483 -2866
651 2025 6163 -5677 -1374 -485 -2866
652 2030 6162 -5675 -1374 -485 -2863
653 2032 6165 -5675 -1374 -486 -2862
654 2027 6159 -5677 -1375 -488 -2868
655 2030 6163 -5676 -1377 -486 -2866
656 2029 6164 -5674 -1374 -487 -2865
657 2027 6160 -5673 -1375 -486 -2866
658 2028 6159 -5676 -1375 -486 -2860
659 2028 6163 -5677 -1369 -485 -2864
660 2032 6159 -5674 -1374 -484 -2862
661 2031 6164 -5674 -1374 -486 -2863
662 2032 6162 -5675 -1374 -483 -2860
663 2029 6165 -5675 -1374 -483 -2862
664 2033 6162 -5674 -1374 -483 -2863
665 2029 6166 -5674 -1373 -477 -2865
666 2029 6162 -5674 -1374 -479 -2864
667 2031 6161 -5672 -1376 -481 -2865
668 2025 6163 -5672 -1380 -479 -2865
669 2025 6162 -5673 -1376 -480 -2863
670 2031 6162 -5671 -1377 -479 -2861
671 2028 6159 -5674 -1378 -482 -2865
672 2027 6159 -5676 -1376 -482 -2866
673 2029 6163 -5678 -1377 -479 -2866
674 2027 6159 -5677 -1375 -482 -2867
675 2028 6157 -5675 -1374 -485 -2866
676 2027 6159 -5676 -1376 -481 -2866
677 2027 6161 -5675 -1377 -477 -2865
678 2027 6162 -5673 -1377 -478 -2862
679 2029 6162 -5675 -1375 -475 -2866
680 2026 6160 -5673 -1381 -479 -2863
681 2026 6159 -5676 -1378 -483 -2866
682 2028 6161 -5674 -1375 -482 -2866
683 2028 6161 -5677 -1374 -483 -2865
684 2028 6162 -5674 -1376 -478 -2868
685 2026 6158 -5677 -1378 -478 -2866
686 2026 6159 -5675 -1378 -480 -2867
687 2024 6155 -5676 -1379 -476 -2866
688 2022 6162 -5677 -1379 -474 -2867
689 2025 6162 -5678 -1379 -474 -2864
690 2024 6161 -5674 -1380 -472 -2863
691 2023 6159 -5672 -1376 -474 -2863
692 2025 6161 -5671 -1380 -477 -2863
693 2025 6162 -5671 -1377 -476 -2868
694 2030 6163 -5676 -1377 -473 -2862
695 2026 6162 -5670 -1378 -476 -2865
696 2029 6163 -5676 -1379 -474 -2862
697 2026 6160 -5673 -1378 -477 -2865
698 2025 6160 -5674 -1376 -475 -2868
699 2020 6160 -5677 -1377 -471 -2866
700 2020 6162 -5675 -1379 -472 -2865
701 2026 6161 -5676 -1381 -474 -2866
702 2026 6158 -5677 -1380 -471 -2866
703 2025 6160 -5675 -1377 -478 -2869
704 2025 6163 -5675 -1378 -474 -2866
705 2024 6159 -5677 -1377 -475 -2866
706 2024 6160 -5675 -1379 -473 -2865
707 2026 6161 -5677 -1376 -475 -2866
708 2024 6161 -5676 -1377 -472 -2864
709 2025 6160 -5675 -1374 -472 -2869
710 2024 6162 -5677 -1377 -470 -2865
711 2022 6164 -5677 -1381 -476 -2865
712 2021 6163 -5674 -1380 -469 -2863
713 2022 6164 -5673 -1380 -467 -2865
714 2022 6162 -5673 -1380 -465 -2864
715 2025 6161 -5677 -1382 -468 -2866
716 2023 6162 -5677 -1380 -465 -2866
717 2022 6161 -5678 -1382 -467 -2869
718 2022 6159 -5677 -1381 -469 -2867
719 2022 6161 -5677 -1382 -467 -2864
720 2019 6163 -5675 -1378 -470 -2865
721 2022 6162 -5672 -1379 -470 -2866
722 2023 6163 -5676 -1381 -469 -2863
723 2022 6165 -5676 -1380 -466 -2862
724 2024 6165 -5674 -1378 -467 -2865
725 2026 6162 -5676 -1380 -469 -2865
726 2026 6163 -5674 -1377 -471 -2865
727 2022 6166 -5672 -1374 -468 -2862
728 2024 6164 -5673 -1378 -466 -2864
729 2022 6164 -5671 -1377 -467 -2861
730 2024 6166 -5672 -1379 -465 -2865
731 2020 6160 -5676 -1381 -464 -2865
732 2023 6164 -5674 -1378 -464 -2864
733 2023 6164 -5675 -1382 -468 -2865
734 2018 6160 -5676 -1382 -464 -2866
735 2019 6160 -5676 -1384 -467 -2866
736 2023 6161 -5673 -1382 -464 -2865
737 2022 6161 -5673 -1379 -462 -2863
738 2022 6164 -5673 -1380 -464 -2863
739 2019 6162 -5676 -1381 -466 -2867
740 2019 6163 -5677 -1382 -467 -2864
741 2020 6163 -5675 -1383 -463 -2864
742 2019 6158 -5679 -1386 -464 -2866
743 2020 6163 -5678 -1381 -462 -2865
744 2019 6162 -5677 -1382 -464 -2863
745 2020 6161 -5677 -1381 -464 -2865
746 2022 6159 -5676 -1381 -465 -2864
747 2024 6164 -5676 -1382 -462 -2866
748 2022 6162 -5674 -1380 -464 -2861
749 2024 6164 -5672 -1381 -463 -2864
750 2021 6162 -5676 -1383 -463 -2862
751 2021 6162 -5675 -1384 -468 -2861
752 2020 6159 -5673 -1379 -464 -2867
753 2022 6165 -5670 -1383 -464 -2865
754 2022 6162 -5673 -1380 -461 -2863
755 2023 6162 -5673 -1380 -459 -2864
756 2023 6162 -5671 -1380 -460 -2861
757 2021 6161 -5674 -1382 -460 -2864
758 2018 6160 -5672 -1384 -461 -2866
759 2017 6160 -5676 -1383 -462 -2865
760 2018 6160 -5676 -1387 -460 -2864
761 2018 6160 -5674 -1384 -460 -2862
762 2019 6159 -5674 -1384 -462 -2863
763 2019 6158 -5673 -1385 -462 -2867
764 2023 6159 -5674 -1379 -457 -2864
765 2020 6164 -5674 -1383 -457 -2862
766 2022 6163 -5672 -1384 -457 -2863
767 2019 6163 -5672 -1381 -462 -2862
768 2020 6164 -5674 -1380 -459 -2863
769 2019 6164 -5674 -1381 -461 -2861
770 2022 6164 -5674 -1381 -460 -2863
771 2017 6162 -5672 -1381 -460 -2863
772 2019 6160 -5677 -1383 -464 -2864
773 2021 6160 -5676 -1386 -461 -2865
774 2017 6162 -5674 -1382 -461 -2864
775 2018 6161 -5676 -1385 -462 -2865
776 2017 6164 -5675 -1389 -462 -2866
777 2017 6162 -5673 -1383 -459 -2865
778 2020 6160 -5678 -1381 -458 -2861
779 2017 6162 -5675 -1384 -463 -2865
780 2020 6160 -5673 -1388 -457 -2866
781 2017 6163 -5677 -1386 -460 -2863
782 2017 6162 -5673 -1386 -457 -2864
783 2018 6161 -5672 -1385 -457 -2863
784 2019 6162 -5673 -1384 -460 -2866
785 2015 6160 -5675 -1383 -459 -2865
786 2015 6162 -5674 -1384 -463 -2865
787 2019 6163 -5676 -1382 -462 -2863
788 2019 6162 -5672 -1385 -460 -2867
789 2017 6164 -5677 -1385 -458 -2864
790 2018 6161 -5676 -1387 -461 -2863
791 2017 6161 -5675 -1385 -461 -2864
792 2018 6163 -5675 -1386 -459 -2866
793 2019 6160 -5676 -1383 -461 -2864
794 2015 6162 -5674 -1387 -460 -2867
795 2016 6161 -5673 -1383 -459 -2861
796 2018 6164 -5673 -1381 -459 -2864
797 2018 6163 -5675 -1382 -458 -2866
798 2019 6164 -5677 -1382 -461 -2860
799 2016 6164 -5679 -1381 -462 -2864
800 2020 6162 -5677 -1384 -462 -2865
801 2015 6163 -5679 -1384 -460 -2864
802 2019 6165 -5674 -1384 -457 -2861
803 2012 6162 -5674 -1386 -460 -2864
804 2015 6163 -5675 -1389 -456 -2863
805 2017 6162 -5676 -1384 -457 -2861
806 2017 6166 -5672 -1383 -455 -2859
807 2016 6163 -5673 -1385 -455 -2861
808 2020 6163 -5674 -1384 -455 -2864
809 2014 6164 -5674 -1382 -455 -2861
810 2015 6164 -5676 -1383 -452 -2863
811 2016 6164 -5675 -1383 -454 -2864
812 2019 6166 -5672 -1383 -454 -2864
813 2020 6164 -5673 -1383 -459 -2862
814 2016 6165 -5672 -1381 -457 -2860
815 2020 6167 -5674 -1385 -455 -2861
816 2017 6167 -5671 -1380 -460 -2862
817 2020 6164 -5671 -1380 -457 -2861
818 2018 6165 -5670 -1381 -457 -2863
819 2019 6165 -5679 -1384 -459 -2861
820 2017 6162 -5676 -1384 -457 -2861
821 2016 6163 -5674 -1384 -459 -2864
822 2017 6163 -5676 -1382 -461 -2865
823 2017 6164 -5672 -1386 -459 -2866
824 2018 6163 -5674 -1385 -459 -2863
825 2015 6164 -5674 -1385 -461 -2863
826 2018 6162 -5677 -1382 -458 -2862
827 2016 6162 -5675 -1383 -461 -2862
828 2019 6160 -5671 -1385 -463 -2867
829 2015 6161 -5678 -1383 -461 -2862
830 2017 6164 -5674 -1388 -458 -2864
831 2016 6161 -5675 -1386 -458 -2865
832 2015 6161 -5673 -1387 -460 -2864
833 2019 6161 -5675 -1384 -453 -2866
834 2015 6163 -5672 -1386 -456 -2862
835 2020 6163 -5674 -1387 -457 -2866
836 2015 6162 -5673 -1390 -462 -2865
837 2017 6161 -5675 -1386 -460 -2865
838 2017 6163 -5676 -1386 -460 -2863
839 2016 6161 -5674 -1383 -459 -2864
840 2020 6163 -5673 -1383 -461 -2859
841 2019 6166 -5673 -1382 -456 -2860
842 2020 6165 -5672 -1381 -460 -2863
843 2020 6163 -5671 -1382 -458 -2862
844 2023 6165 -5671 -1379 -460 -2861
845 2020 6167 -5670 -1382 -464 -2859
846 2022 6162 -5674 -1382 -464 -2861
847 2019 6163 -5671 -1382 -464 -2862
848 2020 6161 -5675 -1383 -462 -2865
849 2019 6165 -5672 -1381 -463 -2863
850 2018 6164 -5673 -1381 -462 -2862
851 2018 6161 -5672 -1382 -457 -2862
852 2019 6163 -5675 -1386 -458 -2862
853 2015 6161 -5674 -1387 -456 -2862
854 2019 6164 -5675 -1386 -456 -2864
855 2018 6162 -5674 -1386 -456 -2863
856 2018 6162 -5674 -1384 -459 -2863
857 2017 6164 -5674 -1381 -458 -2862
858 2019 6160 -5672 -1384 -459 -2862
859 2017 6162 -5673 -1382 -459 -2866
860 2020 6162 -5677 -1382 -460 -2862
861 2019 6161 -5672 -1382 -459 -2867
862 2019 6166 -5670 -1385 -460 -2866
863 2019 6164 -5673 -1382 -459 -2863
864 2021 6161 -5674 -1380 -459 -2863
865 2020 6164 -5672 -1382 -467 -2863
866 2020 6164 -5674 -1378 -467 -2862
867 2022 6162 -5676 -1379 -465 -2868
868 2019 6162 -5675 -1380 -462 -2862
869 2020 6163 -5675 -1385 -464 -2866
870 2022 6164 -5676 -1383 -458 -2863
871 2021 6168 -5672 -1379 -461 -2864
872 2022 6165 -5673 -1382 -462 -2862
873 2019 6167 -5674 -1379 -464 -2861
874 2023 6165 -5677 -1380 -463 -2862
875 2018 6164 -5673 -1383 -461 -2863
876 2017 6161 -5674 -1382 -459 -2865
877 2017 6161 -5678 -1386 -456 -2863
878 2017 6161 -5673 -1383 -460 -2865
879 2015 6163 -5673 -1386 -460 -2860
880 2020 6158 -5675 -1385 -461 -2866
881 2016 6161 -5676 -1382 -462 -2865
882 2021 6165 -5676 -1383 -463 -2864
883 2018 6161 -5676 -1382 -461 -2864
884 2021 6160 -5677 -1380 -461 -2864
885 2016 6163 -5675 -1383 -462 -2864
886 2020 6162 -5676 -1377 -462 -2864
887 2017 6160 -5677 -1382 -466 -2866
888 2018 6161 -5676 -1378 -463 -2865
889 2019 6164 -5676 -1377 -466 -2865
890 2019 6164 -5677 -1377 -470 -2867
891 2021 6164 -5675 -1377 -469 -2866
892 2021 6164 -5674 -1378 -469 -2864
893 2021 6164 -5676 -1381 -470 -2865
894 2020 6161 -5675 -1379 -468 -2865
895 2020 6160 -5677 -1379 -469 -2866
896 2019 6160 -5674 -1380 -465 -2865
897 2017 6162 -5677 -1380 -469 -2864
898 2019 6163 -5679 -1383 -468 -2865
899 2019 6161 -5678 -1382 -465 -2868
900 2019 6162 -5677 -1382 -466 -2868
901 2020 6160 -5677 -1383 -464 -2868
902 2018 6159 -5677 -1382 -466 -2869
903 2016 6162 -5677 -1384 -466 -2869
904 2019 6162 -5678 -1383 -464 -2869
905 2017 6161 -5680 -1381 -461 -2868
906 2018 6162 -5674 -1381 -463 -2866
907 2025 6163 -5677 -1384 -469 -2866
908 2020 6159 -5679 -1380 -466 -2867
909 2021 6159 -5677 -1383 -470 -2871
910 2024 6159 -5679 -1379 -470 -2867
911 2022 6161 -5674 -1379 -471 -2868
912 2020 6160 -5677 -1376 -467 -2867
913 2024 6162 -5678 -1378 -470 -2867
914 2019 6158 -5679 -1374 -467 -2868
915 2020 6158 -5677 -1378 -470 -2867
916 2025 6159 -5675 -1376 -469 -2867
917 2024 6161 -5675 -1378 -469 -2864
918 2025 6156 -5677 -1382 -477 -2869
919 2024 6158 -5679 -1378 -472 -2869
920 2024 6155 -5679 -1379 -471 -2872
921 2020 6159 -5678 -1381 -469 -2869
922 2023 6160 -5680 -1380 -467 -2865
923 2019 6160 -5679 -1380 -468 -2867
924 2023 6158 -5677 -1379 -469 -2870
925 2026 6158 -5677 -1379 -468 -2869
926 2024 6158 -5672 -1379 -469 -2870
927 2025 6157 -5678 -1380 -468 -2867
928 2023 6160 -5676 -1378 -466 -2870
929 2024 6158 -5678 -1384 -470 -2870
930 2021 6156 -5677 -1381 -469 -2872
931 2023 6160 -5679 -1379 -470 -2869
932 2024 6157 -5679 -1378 -472 -2870
933 2024 6155 -5677 -1378 -472 -2869
934 2024 6158 -5679 -1380 -473 -2872
935 2023 6154 -5680 -1380 -477 -2874
936 2026 6158 -5677 -1377 -476 -2875
937 2026 6157 -5681 -1375 -473 -2868
938 2025 6159 -5678 -1377 -478 -2870
939 2024 6152 -5680 -1377 -474 -2875
940 2024 6157 -5679 -1378 -474 -2875
941 2024 6158 -5681 -1378 -477 -2872
942 2021 6159 -5678 -1376 -474 -2871
943 2025 6160 -5680 -1375 -472 -2871
944 2026 6156 -5680 -1375 -475 -2870
945 2024 6160 -5678 -1377 -473 -2870
946 2026 6159 -5680 -1380 -475 -2871
947 2023 6155 -5682 -1380 -474 -2871
948 2022 6154 -5683 -1379 -475 -2871
949 2020 6151 -5679 -1379 -474 -2873
950 2021 6154 -5684 -1377 -469 -2868
951 2024 6159 -5682 -1376 -472 -2870
952 2023 6153 -5680 -1379 -472 -2873
953 2021 6156 -5681 -1376 -476 -2873
954 2024 6156 -5682 -1379 -481 -2873
955 2025 6154 -5683 -1379 -476 -2874
956 2025 6152 -5684 -1378 -478 -2876
957 2022 6153 -5683 -1379 -477 -2874
958 2021 6156 -5684 -1379 -475 -2874
959 2022 6153 -5682 -1379 -476 -2876
960 2024 6153 -5684 -1381 -473 -2874
961 2020 6155 -5683 -1382 -475 -2879
962 2022 6152 -5683 -1376 -480 -2877
963 2026 6155 -5685 -1377 -476 -2876
964 2023 6153 -5681 -1377 -476 -2874
965 2021 6158 -5683 -1378 -470 -2875
966 2022 6155 -5684 -1379 -475 -2875
967 2021 6154 -5683 -1380 -478 -2875
968 2022 6153 -5683 -1378 -478 -2876
969 2019 6153 -5686 -1372 -480 -2873
970 2021 6153 -5684 -1377 -481 -2876
971 2024 6153 -5685 -1377 -477 -2877
972 2022 6152 -5685 -1377 -477 -2878
973 2022 6152 -5685 -1377 -477 -2876
974 2022 6152 -5683 -1376 -477 -2875
975 2023 6148 -5685 -1375 -477 -2877
976 2024 6151 -5683 -1374 -480 -2880
977 2027 6151 -5685 -1374 -481 -2878
978 2021 6154 -5684 -1374 -481 -2877
979 2026 6155 -5681 -1376 -477 -2877
980 2024 6157 -5682 -1380 -475 -2877
981 2025 6151 -5685 -1378 -480 -2879
982 2025 6152 -5688 -1376 -477 -2878
983 2020 6152 -5688 -1377 -477 -2882
984 2023 6150 -5685 -1380 -476 -2880
985 2021 6151 -5685 -1379 -477 -2880
986 2021 6152 -5686 -1375 -479 -2880
987 2022 6147 -5684 -1380 -478 -2879
988 2019 6151 -5686 -1378 -479 -2882
989 2023 6149 -5687 -1377 -475 -2883
990 2022 6152 -5685 -1374 -475 -2879
991 2022 6154 -5684 -1375 -477 -2877
992 2025 6151 -5686 -1375 -479 -2879
993 2029 6151 -5684 -1373 -476 -2877
994 2024 6152 -5684 -1374 -479 -2878
995 2025 6151 -5689 -1372 -479 -2881
996 2028 6149 -5683 -1374 -481 -2882
997 2028 6152 -5687 -1375 -481 -2882
998 2026 6149 -5688 -1373 -482 -2878
999 2026 6147 -5687 -1377 -482 -2883
