0 1222 759 668 -1997 949 -2571
1 1221 760 664 -1993 945 -2566
2 1226 761 666 -1993 940 -2569
3 1227 762 664 -1992 933 -2572
4 1228 761 664 -1992 934 -2570
5 1226 763 665 -1993 936 -2572
6 1227 763 667 -1992 938 -2574
7 1228 761 663 -1996 944 -2572
8 1221 762 665 -1995 947 -2573
9 1226 764 666 -1998 947 -2574
10 1223 758 665 -1993 948 -2570
11 1225 762 667 -1994 948 -2572
12 1227 763 669 -1993 947 -2568
13 1226 761 667 -1998 944 -2569
14 1224 762 666 -1996 945 -2572
15 1224 761 665 -1995 944 -2571
16 1224 758 664 -1996 944 -2570
17 1224 759 664 -1994 946 -2572
18 1224 762 668 -1997 947 -2571
19 1221 760 669 -1997 946 -2575
20 1223 758 662 -1998 945 -2573
21 1226 760 665 -1995 944 -2572
22 1222 760 665 -1995 945 -2572
23 1224 758 669 -1995 938 -2573
24 1223 760 664 -1996 941 -2573
25 1225 760 665 -1997 944 -2572
26 1228 761 665 -1992 942 -2570
27 1226 761 662 -1996 945 -2569
28 1225 762 665 -1995 942 -2569
29 1222 760 669 -1993 945 -2571
30 1226 760 663 -1996 945 -2571
31 1220 756 667 -1995 943 -2573
32 1227 761 664 -1993 941 -2569
33 1226 759 665 -1994 942 -2569
34 1224 761 667 -1997 944 -2571
35 1223 759 664 -1995 948 -2573
36 1225 761 665 -1997 947 -2571
37 1222 758 667 -1994 948 -2572
38 1224 760 662 -1997 951 -2571
39 1222 759 666 -1996 948 -2571
40 1224 758 663 -1997 951 -2572
41 1222 758 668 -1997 950 -2571
42 1223 758 666 -1991 946 -2569
43 1223 761 667 -1994 944 -2572
44 1224 765 668 -1994 946 -2568
45 1225 761 666 -1995 944 -2571
46 1227 760 668 -1993 945 -2568
47 1225 763 666 -1994 942 -2570
48 1227 758 666 -1993 939 -2571
49 1228 762 668 -1991 941 -2568
50 1225 761 667 -1992 941 -2568
51 1229 763 666 -1990 942 -2566
52 1228 761 667 -1994 944 -2570
53 1226 764 666 -1993 946 -2572
54 1225 763 666 -1995 947 -2570
55 1228 760 664 -1998 948 -2573
56 1226 755 665 -1996 946 -2570
57 1222 761 664 -1998 945 -2573
58 1222 757 667 -1999 948 -2571
59 1222 757 665 -1999 946 -2571
60 1224 756 666 -1998 951 -2576
61 1224 759 670 -1999 947 -2572
62 1221 760 667 -1995 947 -2571
63 1223 757 666 -1998 947 -2572
64 1222 762 668 -1994 947 -2572
65 1221 760 663 -1995 943 -2572
66 1227 760 666 -1995 944 -2575
67 1224 763 664 -1995 945 -2569
68 1226 763 664 -1993 939 -2569
69 1224 761 666 -1994 939 -2570
70 1229 763 661 -1996 941 -2572
71 1226 761 665 -1993 939 -2573
72 1227 760 667 -1995 943 -2572
73 1225 761 666 -1995 941 -2573
74 1222 760 663 -1996 940 -2569
75 1226 760 661 -1997 941 -2575
76 1229 759 662 -1995 939 -2571
77 1222 760 661 -1994 942 -2571
78 1224 761 664 -1998 941 -2572
79 1224 757 667 -1997 943 -2572
80 1222 757 663 -2001 944 -2574
81 1221 758 667 -1999 945 -2572
82 1223 759 666 -2000 951 -2570
83 1221 757 666 -1999 951 -2572
84 1221 758 667 -2000 952 -2570
85 1224 763 666 -1997 948 -2573
86 1224 757 667 -1997 949 -2570
87 1225 761 667 -1996 948 -2568
88 1226 761 666 -1995 945 -2572
89 1224 760 665 -1995 943 -2571
90 1226 762 666 -1991 947 -2568
91 1227 763 667 -1991 944 -2569
92 1229 763 667 -1992 939 -2571
93 1225 760 665 -1993 942 -2572
94 1228 763 668 -1990 941 -2569
95 1229 766 665 -1991 942 -2571
96 1227 765 663 -1989 940 -2571
97 1229 766 667 -1990 941 -2569
98 1228 763 666 -1993 940 -2571
99 1226 762 666 -1993 942 -2572
100 1225 760 666 -2000 943 -2573
101 1222 759 665 -1993 945 -2572
102 1224 757 666 -1995 942 -2571
103 1222 762 666 -1999 948 -2570
104 1223 762 669 -1997 949 -2573
105 1223 760 667 -1997 949 -2573
106 1222 760 668 -1997 949 -2568
107 1225 761 669 -1997 948 -2566
108 1224 762 667 -1995 951 -2568
109 1225 762 667 -1994 949 -2570
110 1224 760 668 -1996 949 -2569
111 1223 762 668 -1991 944 -2572
112 1227 762 668 -1993 947 -2567
113 1228 764 669 -1992 944 -2569
114 1228 761 666 -1989 940 -2572
115 1226 763 662 -1993 942 -2570
116 1227 764 667 -1994 943 -2568
117 1228 762 667 -1991 940 -2570
118 1226 762 666 -1995 944 -2572
119 1228 762 664 -1994 939 -2572
120 1228 762 664 -1994 942 -2571
121 1224 758 664 -1992 940 -2573
122 1223 761 663 -1991 942 -2576
123 1223 765 664 -1994 946 -2571
124 1226 762 665 -1993 945 -2572
125 1227 761 668 -1993 947 -2571
126 1223 760 668 -1997 948 -2575
127 1226 759 664 -1997 949 -2570
128 1220 760 665 -1998 951 -2570
129 1220 760 665 -1997 951 -2572
130 1220 761 667 -1999 952 -2572
131 1223 760 668 -2001 949 -2575
132 1224 758 667 -1998 946 -2571
133 1224 758 667 -1995 945 -2572
134 1226 761 667 -1998 944 -2572
135 1226 763 665 -1994 941 -2570
136 1226 760 665 -1994 939 -2572
137 1225 758 665 -1993 940 -2574
138 1225 758 667 -1990 940 -2571
139 1225 761 661 -1992 941 -2575
140 1224 760 662 -1993 943 -2573
141 1225 762 664 -1990 940 -2573
142 1226 761 660 -1995 940 -2575
143 1227 762 668 -1995 942 -2569
144 1226 761 665 -1992 944 -2571
145 1226 763 663 -1996 942 -2572
146 1226 758 664 -1997 946 -2572
147 1221 758 667 -1994 949 -2574
148 1221 758 664 -1994 952 -2572
149 1222 761 666 -1997 951 -2572
150 1221 761 667 -1994 950 -2570
151 1222 760 669 -1998 950 -2569
152 1224 761 669 -1997 949 -2569
153 1227 762 668 -1996 950 -2568
154 1229 765 666 -1994 947 -2570
155 1225 758 668 -1995 948 -2571
156 1222 759 668 -1995 946 -2570
157 1227 758 667 -1994 943 -2572
158 1227 758 666 -1992 940 -2573
159 1225 756 664 -1993 939 -2574
160 1226 761 667 -1992 939 -2570
161 1226 761 666 -1995 937 -2577
162 1226 762 664 -1996 937 -2570
163 1225 760 662 -1993 941 -2570
164 1226 764 669 -1992 940 -2572
165 1227 765 664 -1996 941 -2568
166 1224 758 663 -1994 942 -2573
167 1225 758 663 -1996 940 -2574
168 1224 760 660 -1992 943 -2572
169 1223 759 664 -1994 946 -2570
170 1221 760 665 -1996 945 -2575
171 1223 761 665 -1993 944 -2573
172 1221 758 666 -2001 948 -2570
173 1222 758 664 -1998 946 -2571
174 1221 761 667 -1998 949 -2571
175 1223 760 666 -1999 949 -2576
176 1222 760 665 -1998 950 -2574
177 1221 757 666 -1999 945 -2569
178 1225 762 664 -1999 944 -2573
179 1227 758 662 -1996 944 -2572
180 1222 759 666 -1999 946 -2571
181 1224 760 662 -1994 941 -2572
182 1226 760 667 -1992 940 -2573
183 1226 759 663 -1993 941 -2571
184 1231 761 666 -1994 938 -2571
185 1226 758 664 -1993 937 -2573
186 1227 761 664 -1994 940 -2570
187 1225 762 661 -1993 942 -2574
188 1228 762 664 -1992 942 -2574
189 1224 760 662 -1993 946 -2575
190 1226 762 667 -1991 947 -2570
191 1221 761 665 -1996 948 -2572
192 1224 762 666 -1999 946 -2570
193 1224 758 666 -1999 949 -2570
194 1224 759 667 -2000 949 -2573
195 1223 759 668 -1997 949 -2571
196 1219 759 669 -1996 949 -2570
197 1223 761 668 -1998 949 -2572
198 1222 758 664 -1997 946 -2569
199 1220 757 667 -1998 945 -2572
200 1225 762 667 -1994 944 -2572
201 1222 761 666 -1995 944 -2570
202 1226 761 666 -1993 945 -2569
203 1227 761 668 -1995 944 -2571
204 1225 763 664 -1990 939 -2570
205 1225 765 667 -1995 940 -2575
206 1228 762 664 -1990 943 -2571
207 1229 760 665 -1991 942 -2571
208 1231 763 666 -1990 943 -2572
209 1224 759 664 -1990 940 -2572
210 1227 762 668 -1993 943 -2569
211 1226 765 667 -1992 943 -2571
212 1229 761 666 -1995 947 -2571
213 1226 762 665 -1997 949 -2570
214 1222 760 666 -1996 948 -2572
215 1224 760 667 -2000 944 -2574
216 1221 758 664 -1998 951 -2573
217 1224 759 667 -1999 949 -2569
218 1220 758 666 -1998 947 -2571
219 1221 757 666 -2000 947 -2571
220 1223 759 665 -1997 948 -2573
221 1221 760 666 -1998 949 -2573
222 1222 761 665 -1994 949 -2571
223 1222 760 663 -1997 942 -2572
224 1222 758 664 -1996 944 -2573
225 1226 761 664 -1993 944 -2572
226 1225 756 662 -1993 940 -2574
227 1226 758 664 -1994 939 -2572
228 1222 757 662 -1996 937 -2573
229 1227 759 663 -1992 936 -2575
230 1225 758 661 -1992 940 -2573
231 1225 761 663 -1992 936 -2572
232 1224 761 663 -1996 938 -2574
233 1219 758 663 -1995 943 -2571
234 1224 758 665 -1999 944 -2574
235 1222 758 664 -1995 947 -2574
236 1221 759 665 -1998 945 -2576
237 1221 758 667 -1999 946 -2576
238 1220 757 667 -1998 946 -2572
239 1220 758 667 -1997 949 -2571
240 1222 758 664 -1999 948 -2572
241 1222 759 667 -2001 948 -2568
242 1222 762 667 -1997 947 -2572
243 1223 760 666 -1997 945 -2572
244 1221 757 662 -1995 945 -2572
245 1222 758 666 -1996 941 -2571
246 1224 760 666 -1998 942 -2572
247 1225 760 665 -1995 942 -2571
248 1229 762 665 -1990 943 -2574
249 1227 762 666 -1994 944 -2573
250 1227 763 667 -1993 941 -2571
251 1226 765 665 -1990 942 -2569
252 1231 763 667 -1990 938 -2570
253 1230 763 662 -1993 938 -2571
254 1228 762 666 -1991 940 -2570
255 1226 760 665 -1993 941 -2572
256 1227 760 665 -1996 944 -2571
257 1223 761 666 -1996 943 -2572
258 1223 758 664 -1998 947 -2572
259 1220 761 665 -1996 949 -2572
260 1222 759 667 -1999 948 -2570
261 1218 757 661 -1999 951 -2569
262 1223 758 668 -1998 947 -2572
263 1220 760 665 -1997 944 -2571
264 1219 759 665 -1999 948 -2571
265 1226 763 668 -1998 947 -2572
266 1227 759 667 -1994 948 -2571
267 1227 761 668 -1995 946 -2566
268 1227 761 666 -1995 945 -2569
269 1224 762 668 -1994 942 -2570
270 1230 759 668 -1990 943 -2568
271 1225 763 668 -1995 942 -2570
272 1225 759 661 -1993 937 -2573
273 1229 759 664 -1996 934 -2574
274 1225 759 662 -1994 939 -2573
275 1229 759 661 -1995 940 -2573
276 1227 760 664 -1996 939 -2570
277 1226 763 667 -1995 942 -2573
278 1225 761 664 -1993 945 -2573
279 1223 759 667 -1994 944 -2571
280 1222 761 663 -1994 944 -2575
281 1223 756 668 -1995 950 -2570
282 1223 762 668 -1999 946 -2572
283 1220 758 666 -1999 949 -2571
284 1219 759 670 -2000 947 -2569
285 1218 756 666 -1999 947 -2571
286 1224 760 668 -1998 947 -2571
287 1223 755 664 -1997 946 -2573
288 1224 758 667 -1998 945 -2572
289 1222 756 662 -1995 942 -2570
290 1225 761 664 -1997 940 -2574
291 1223 759 664 -1992 940 -2571
292 1225 759 666 -1992 942 -2571
293 1226 760 663 -1992 941 -2573
294 1226 760 664 -1996 941 -2571
295 1222 760 665 -1996 941 -2573
296 1224 761 665 -1995 940 -2573
297 1229 763 666 -1993 939 -2574
298 1224 760 662 -1994 941 -2574
299 1223 758 661 -1994 942 -2573
300 1221 759 666 -1995 941 -2573
301 1222 760 666 -1994 945 -2568
302 1220 760 666 -1996 943 -2572
303 1220 758 662 -1995 947 -2571
304 1220 758 663 -1996 949 -2570
305 1222 761 666 -1999 947 -2573
306 1222 758 663 -1994 947 -2575
307 1221 760 665 -1996 944 -2575
308 1223 758 668 -2002 945 -2571
309 1225 757 665 -2003 943 -2570
310 1223 757 665 -1997 942 -2574
311 1220 760 666 -1997 944 -2576
312 1224 760 665 -1997 946 -2570
313 1224 759 665 -1997 942 -2573
314 1224 757 664 -1993 942 -2571
315 1227 762 662 -1993 944 -2572
316 1226 761 662 -1995 939 -2572
317 1224 761 665 -1994 939 -2572
318 1222 760 664 -1993 941 -2572
319 1229 762 662 -1993 938 -2573
320 1227 763 664 -1994 938 -2573
321 1226 758 664 -1994 944 -2571
322 1224 759 666 -1990 946 -2569
323 1226 764 667 -1992 945 -2569
324 1224 762 666 -1993 945 -2571
325 1225 762 668 -1996 945 -2571
326 1225 759 666 -1999 945 -2572
327 1222 759 664 -1994 946 -2572
328 1226 760 667 -2000 948 -2571
329 1222 758 664 -1997 950 -2573
330 1226 760 666 -1994 950 -2571
331 1226 762 668 -1995 946 -2570
332 1223 762 667 -1998 948 -2571
333 1226 761 669 -1994 944 -2571
334 1221 760 665 -1993 945 -2573
335 1227 762 665 -1996 942 -2569
336 1225 762 668 -1996 943 -2568
337 1226 761 667 -1993 940 -2575
338 1226 759 659 -1992 938 -2570
339 1229 763 662 -1994 935 -2574
340 1227 759 664 -1997 938 -2572
341 1226 761 664 -1993 940 -2571
342 1230 761 665 -1993 941 -2569
343 1220 757 665 -1994 940 -2571
344 1222 761 664 -1995 945 -2573
345 1222 761 662 -1999 943 -2573
346 1222 760 666 -1997 952 -2571
347 1220 759 664 -2001 949 -2574
348 1221 761 666 -1999 951 -2571
349 1221 755 667 -2000 949 -2572
350 1225 756 664 -1999 947 -2573
351 1223 760 666 -1999 946 -2572
352 1228 761 663 -1995 947 -2570
353 1223 758 667 -1998 941 -2573
354 1221 760 662 -1995 943 -2572
355 1225 761 664 -1996 942 -2573
356 1224 759 663 -1999 945 -2572
357 1226 760 663 -1994 942 -2573
358 1224 761 664 -1991 939 -2571
359 1226 761 663 -1990 940 -2575
360 1225 762 664 -1992 938 -2571
361 1227 762 665 -1993 937 -2571
362 1226 762 666 -1993 940 -2574
363 1223 761 664 -1992 945 -2573
364 1224 757 661 -1995 944 -2570
365 1224 759 664 -1992 948 -2574
366 1223 760 666 -1994 942 -2571
367 1223 761 667 -1996 946 -2574
368 1224 758 666 -1998 945 -2568
369 1222 760 668 -1997 947 -2571
370 1225 758 667 -1998 947 -2571
371 1221 756 667 -1995 946 -2573
372 1222 757 665 -2001 946 -2570
373 1222 761 664 -1996 947 -2571
374 1224 758 664 -1997 945 -2577
375 1222 758 667 -2000 946 -2572
376 1223 759 667 -1999 948 -2573
377 1222 760 664 -1996 942 -2574
378 1226 760 665 -1995 942 -2572
379 1223 760 664 -1993 940 -2573
380 1227 757 664 -1994 940 -2574
381 1229 761 666 -1994 942 -2570
382 1228 760 664 -1993 940 -2569
383 1229 760 662 -1991 943 -2576
384 1227 759 663 -1994 937 -2573
385 1226 760 664 -1993 941 -2570
386 1226 760 663 -1997 941 -2569
387 1226 761 665 -1992 939 -2575
388 1227 762 664 -1995 939 -2571
389 1226 760 662 -1998 946 -2572
390 1224 761 665 -1995 948 -2572
391 1219 759 666 -1996 947 -2572
392 1222 759 664 -1998 950 -2573
393 1221 759 666 -1996 947 -2573
394 1222 760 666 -1999 947 -2570
395 1224 756 668 -1999 947 -2572
396 1224 756 664 -1997 945 -2574
397 1225 757 666 -2000 945 -2571
398 1222 758 667 -1994 946 -2572
399 1220 759 668 -1995 946 -2569
400 1222 758 665 -1994 946 -2572
401 1224 761 666 -1996 945 -2570
402 1225 758 665 -1993 942 -2570
403 1226 758 662 -1990 941 -2573
404 1225 765 666 -1994 939 -2572
405 1229 758 662 -1991 937 -2573
406 1228 760 662 -1992 936 -2572
407 1228 759 660 -1994 937 -2571
408 1228 762 664 -1992 938 -2571
409 1227 760 663 -1996 943 -2572
410 1225 760 667 -1995 940 -2572
411 1223 759 663 -1991 941 -2571
412 1224 760 664 -1993 942 -2569
413 1224 761 663 -1996 945 -2568
414 1222 761 666 -2001 947 -2572
415 1221 758 664 -1999 949 -2575
416 1221 756 667 -2001 949 -2570
417 1223 758 664 -2000 954 -2573
418 1221 758 665 -1999 951 -2571
419 1219 760 670 -1996 953 -2568
420 1220 758 670 -1998 950 -2571
421 1223 758 664 -2000 949 -2569
422 1225 756 666 -1999 948 -2570
423 1223 759 666 -1995 944 -2571
424 1223 761 667 -1994 945 -2573
425 1227 761 663 -1992 941 -2570
426 1228 765 664 -1994 940 -2570
427 1226 762 664 -1990 941 -2573
428 1227 762 665 -1992 939 -2570
429 1226 760 665 -1992 941 -2573
430 1227 761 663 -1994 936 -2570
431 1228 761 660 -1992 938 -2570
432 1226 761 663 -1991 943 -2570
433 1229 762 666 -1992 940 -2573
434 1226 761 665 -1992 946 -2572
435 1226 765 665 -1993 945 -2569
436 1223 762 666 -1998 951 -2571
437 1224 762 670 -1996 950 -2570
438 1220 759 665 -2001 947 -2571
439 1219 758 666 -1994 950 -2573
440 1220 758 668 -1999 949 -2570
441 1223 759 666 -1997 946 -2573
442 1221 757 664 -2000 948 -2569
443 1221 762 664 -1996 951 -2571
444 1220 762 665 -1994 946 -2572
445 1222 763 666 -1997 943 -2573
446 1224 760 664 -1997 942 -2570
447 1226 761 665 -1993 944 -2569
448 1226 763 667 -1993 942 -2568
449 1226 762 665 -1991 941 -2572
450 1226 761 665 -1993 943 -2569
451 1230 763 667 -1992 944 -2573
452 1226 763 667 -1994 942 -2568
453 1228 766 666 -1989 947 -2570
454 1227 758 667 -1994 943 -2571
455 1227 763 667 -1991 944 -2571
456 1229 764 667 -1995 943 -2569
457 1224 761 668 -1993 945 -2571
458 1222 759 666 -1995 946 -2573
459 1220 761 664 -1995 942 -2573
460 1221 760 666 -1995 948 -2571
461 1223 760 663 -1995 941 -2570
462 1225 760 668 -1993 942 -2572
463 1229 763 666 -1993 948 -2568
464 1226 760 672 -1998 953 -2570
465 1224 762 666 -1995 951 -2571
466 1223 763 667 -1993 947 -2569
467 1226 760 665 -1997 949 -2568
468 1222 757 666 -1994 946 -2568
469 1221 756 666 -1996 949 -2570
470 1224 760 666 -1995 947 -2569
471 1227 762 666 -1996 946 -2569
472 1226 762 666 -1991 944 -2569
473 1228 760 667 -1992 943 -2571
474 1228 760 667 -1990 941 -2568
475 1229 762 669 -1993 939 -2575
476 1227 763 663 -1997 939 -2572
477 1224 758 664 -1996 944 -2574
478 1225 759 663 -1995 944 -2573
479 1223 760 661 -1996 941 -2573
480 1223 759 664 -1992 947 -2571
481 1223 761 665 -1994 944 -2570
482 1225 759 667 -2000 943 -2573
483 1223 759 666 -1996 946 -2570
484 1224 761 665 -1996 942 -2571
485 1227 760 665 -1994 945 -2570
486 1224 760 667 -1997 945 -2574
487 1222 762 664 -1995 948 -2568
488 1223 761 663 -1996 946 -2570
489 1226 761 670 -1998 943 -2571
490 1226 760 667 -1994 941 -2571
491 1228 760 666 -1993 939 -2569
492 1224 763 665 -1995 942 -2571
493 1224 759 666 -1996 943 -2571
494 1225 758 666 -1998 945 -2573
495 1221 758 665 -1995 945 -2573
496 1219 757 667 -1996 945 -2575
497 1224 758 665 -1996 944 -2574
498 1222 760 666 -1994 949 -2573
499 1221 759 663 -1998 942 -2572
500 1221 759 665 -1994 941 -2571
501 1226 762 663 -1994 941 -2570
502 1226 760 667 -1995 944 -2573
503 1224 757 664 -1995 946 -2572
504 1226 760 664 -1995 947 -2569
505 1224 760 663 -1997 947 -2571
506 1223 760 666 -1997 944 -2573
507 1222 758 664 -1999 944 -2571
508 1226 760 665 -1997 943 -2570
509 1225 759 663 -1998 939 -2571
510 1225 764 663 -1994 939 -2572
511 1226 761 666 -1994 939 -2572
512 1227 761 667 -1992 942 -2572
513 1226 760 669 -1993 944 -2570
514 1225 763 668 -1993 945 -2570
515 1223 758 665 -1995 947 -2573
516 1220 760 666 -1995 947 -2574
517 1224 761 667 -1997 946 -2570
518 1223 759 664 -1990 946 -2573
519 1226 762 666 -1996 942 -2569
520 1225 758 664 -1996 945 -2572
521 1224 763 667 -1996 947 -2573
522 1223 758 667 -1995 948 -2572
523 1222 759 666 -1998 948 -2571
524 1224 762 667 -1997 948 -2570
525 1222 760 664 -1993 943 -2574
526 1222 758 662 -1995 945 -2570
527 1227 756 667 -1997 942 -2570
528 1222 763 664 -1996 944 -2570
529 1225 760 664 -1996 943 -2573
530 1225 759 663 -1997 945 -2572
531 1224 761 664 -1994 947 -2571
532 1224 759 666 -1991 946 -2572
533 1225 760 663 -1993 945 -2574
534 1225 765 665 -1991 941 -2570
535 1226 763 666 -1992 943 -2570
536 1226 761 665 -1994 940 -2573
537 1228 763 664 -1992 943 -2571
538 1228 762 662 -1993 938 -2570
539 1228 765 665 -1991 943 -2568
540 1227 761 668 -1996 940 -2574
541 1225 760 663 -1996 944 -2570
542 1225 762 666 -1998 942 -2572
543 1222 759 666 -1996 944 -2572
544 1224 759 665 -1996 946 -2572
545 1222 759 667 -2002 944 -2571
546 1223 760 666 -1999 948 -2572
547 1224 759 667 -1998 950 -2572
548 1222 757 663 -1998 949 -2572
549 1224 758 669 -2000 951 -2570
550 1225 758 668 -2001 949 -2575
551 1221 760 666 -2002 952 -2573
552 1222 760 667 -1997 947 -2573
553 1224 758 664 -1994 945 -2571
554 1223 756 660 -1998 943 -2572
555 1226 759 662 -1996 941 -2574
556 1227 758 664 -1993 940 -2574
557 1226 762 666 -1992 941 -2573
558 1226 760 664 -1995 940 -2573
559 1225 760 666 -1992 938 -2573
560 1225 760 665 -1992 937 -2575
561 1228 762 667 -1989 937 -2574
562 1225 763 662 -1991 936 -2571
563 1229 766 660 -1992 936 -2570
564 1229 763 664 -1992 939 -2571
565 1228 760 666 -1994 939 -2573
566 1224 762 663 -1998 942 -2570
567 1227 760 664 -1995 945 -2570
568 1225 762 667 -1996 946 -2572
569 1223 760 666 -1997 952 -2573
570 1220 759 666 -2000 954 -2569
571 1223 764 670 -1997 955 -2570
572 1218 761 666 -1998 955 -2570
573 1219 760 666 -1997 957 -2571
574 1219 757 669 -1998 956 -2571
575 1221 762 672 -1996 953 -2573
576 1221 759 665 -2000 946 -2573
577 1221 761 666 -1996 944 -2573
578 1223 758 664 -1992 941 -2572
579 1228 761 667 -1993 936 -2574
580 1229 760 663 -1993 932 -2571
581 1229 761 661 -1989 932 -2572
582 1231 763 666 -1991 932 -2571
583 1230 763 665 -1985 934 -2568
584 1229 763 664 -1987 935 -2569
585 1231 764 663 -1986 938 -2567
586 1229 762 670 -1994 939 -2567
587 1225 761 665 -1993 940 -2577
588 1224 763 669 -1996 950 -2570
589 1222 757 664 -1998 949 -2573
590 1221 756 666 -2000 954 -2571
591 1220 758 665 -2000 954 -2572
592 1220 756 664 -1997 954 -2574
593 1220 761 668 -1999 952 -2573
594 1222 758 666 -2000 953 -2572
595 1223 761 664 -1997 948 -2574
596 1223 758 665 -2001 946 -2572
597 1223 757 667 -1998 942 -2571
598 1222 760 665 -1998 944 -2573
599 1222 759 668 -1995 942 -2573
600 1225 762 664 -1994 941 -2571
601 1224 760 663 -1994 943 -2570
602 1226 763 666 -1997 941 -2571
603 1229 760 666 -1995 941 -2567
604 1227 763 669 -1992 940 -2573
605 1226 763 662 -1992 937 -2571
606 1226 761 667 -1992 939 -2571
607 1225 760 665 -1994 938 -2574
608 1223 760 660 -1996 941 -2573
609 1223 759 664 -1999 945 -2573
610 1222 762 666 -1994 943 -2573
611 1222 761 661 -1995 947 -2574
612 1223 759 664 -1994 947 -2573
613 1222 762 666 -1997 944 -2574
614 1223 762 663 -1997 945 -2570
615 1223 760 666 -1997 944 -2572
616 1226 760 666 -2000 942 -2572
617 1222 760 664 -1999 945 -2572
618 1223 758 665 -1998 952 -2573
619 1216 760 666 -1999 946 -2573
620 1220 756 668 -1998 948 -2572
621 1222 760 665 -1998 948 -2572
622 1224 760 667 -1998 943 -2572
623 1221 758 664 -1997 943 -2572
624 1223 758 665 -1996 943 -2573
625 1225 762 667 -1997 940 -2573
626 1222 761 662 -1996 943 -2576
627 1226 761 664 -1994 943 -2573
628 1227 761 662 -1993 941 -2573
629 1224 759 661 -1996 939 -2578
630 1224 762 660 -1996 939 -2575
631 1223 762 664 -1990 937 -2571
632 1230 763 664 -1988 943 -2569
633 1229 764 667 -1992 938 -2571
634 1230 760 664 -1989 940 -2573
635 1229 762 667 -1994 945 -2572
636 1228 763 664 -1996 947 -2567
637 1225 763 670 -1998 950 -2570
638 1223 760 668 -1999 950 -2573
639 1222 760 668 -1999 948 -2567
640 1225 762 665 -1995 945 -2568
641 1226 758 667 -1993 948 -2568
642 1226 762 669 -1991 946 -2569
643 1229 763 669 -1994 949 -2567
644 1222 758 665 -1996 948 -2572
645 1223 763 668 -1996 951 -2576
646 1224 761 665 -1995 948 -2574
647 1225 759 662 -1996 944 -2571
648 1222 763 664 -1990 947 -2574
649 1224 759 664 -1996 936 -2572
650 1228 761 665 -1992 936 -2573
651 1226 760 663 -1993 934 -2573
652 1227 762 667 -1995 936 -2571
653 1224 762 666 -1995 940 -2572
654 1224 760 662 -1995 942 -2574
655 1220 760 665 -1997 944 -2574
656 1220 757 662 -1994 946 -2575
657 1225 762 665 -1997 947 -2570
658 1222 762 666 -1998 949 -2570
659 1224 759 663 -1996 949 -2569
660 1224 756 668 -1995 946 -2568
661 1225 758 666 -1993 947 -2571
662 1224 759 667 -1998 947 -2571
663 1226 760 666 -1999 948 -2573
664 1222 763 668 -1996 947 -2572
665 1226 761 668 -1994 946 -2570
666 1224 765 666 -1994 942 -2574
667 1225 763 665 -1993 937 -2572
668 1226 760 663 -1989 939 -2573
669 1226 761 667 -1992 937 -2571
670 1225 763 664 -1995 941 -2572
671 1227 760 667 -1994 946 -2568
672 1225 763 672 -1999 948 -2572
673 1220 760 666 -1994 952 -2575
674 1218 760 665 -1997 946 -2576
675 1223 757 666 -1997 944 -2572
676 1225 760 663 -2000 939 -2571
677 1227 760 665 -1995 938 -2572
678 1225 757 663 -1999 943 -2571
679 1224 760 663 -1997 943 -2570
680 1224 764 664 -1996 949 -2571
681 1222 758 666 -1994 951 -2573
682 1222 761 667 -1996 946 -2572
683 1221 759 660 -1996 947 -2575
684 1221 756 664 -1998 943 -2571
685 1223 761 662 -1992 942 -2573
686 1225 758 665 -1991 941 -2571
687 1223 762 663 -1992 941 -2571
688 1224 760 667 -1994 942 -2572
689 1224 758 663 -1998 941 -2572
690 1222 761 665 -1998 943 -2574
691 1224 759 667 -1998 943 -2574
692 1221 757 664 -1995 945 -2572
693 1226 762 665 -1995 940 -2572
694 1227 763 665 -1996 941 -2570
695 1223 760 665 -1994 941 -2573
696 1226 755 665 -1996 944 -2574
697 1224 759 665 -1999 948 -2570
698 1223 760 666 -2000 946 -2572
699 1222 757 664 -1998 946 -2573
700 1220 756 665 -1998 947 -2574
701 1218 760 664 -1993 945 -2574
702 1225 759 664 -1994 940 -2569
703 1227 758 666 -1993 940 -2573
704 1226 760 664 -1996 939 -2571
705 1224 758 665 -1997 939 -2572
706 1225 761 663 -1998 945 -2572
707 1223 759 663 -1995 947 -2571
708 1221 759 667 -1995 947 -2575
709 1219 756 665 -1996 950 -2574
710 1221 758 666 -1994 951 -2574
711 1227 757 664 -1993 945 -2571
712 1226 763 665 -1994 942 -2571
713 1229 757 667 -1988 939 -2570
714 1224 761 666 -1993 939 -2576
715 1227 760 667 -1993 939 -2567
716 1226 759 666 -1998 941 -2570
717 1225 761 665 -1996 939 -2574
718 1228 758 661 -1997 938 -2570
719 1224 761 663 -1994 941 -2571
720 1228 759 665 -1994 943 -2571
721 1228 760 666 -1993 944 -2571
722 1223 762 668 -1997 952 -2568
723 1221 758 666 -1995 954 -2570
724 1221 757 671 -2002 956 -2574
725 1218 758 664 -2001 953 -2574
726 1218 757 664 -2002 952 -2572
727 1221 758 663 -1994 951 -2571
728 1225 763 666 -1995 946 -2571
729 1227 761 664 -1992 939 -2573
730 1225 757 661 -1992 938 -2571
731 1230 764 664 -1992 938 -2571
732 1228 763 662 -1992 942 -2570
733 1227 766 668 -1992 943 -2570
734 1227 764 667 -1995 936 -2573
735 1228 760 666 -1993 937 -2571
736 1225 764 665 -1992 938 -2571
737 1227 762 663 -1991 937 -2573
738 1224 761 666 -1990 940 -2570
739 1226 758 664 -1994 943 -2575
740 1224 760 664 -1994 946 -2572
741 1222 762 665 -1997 950 -2570
742 1220 762 666 -1998 951 -2572
743 1217 758 664 -2000 949 -2571
744 1224 760 662 -1999 948 -2572
745 1225 762 666 -1997 943 -2571
746 1223 760 664 -1996 942 -2570
747 1223 760 666 -1995 945 -2573
748 1225 758 665 -1993 950 -2570
749 1222 756 666 -1997 950 -2572
750 1220 762 664 -1998 953 -2569
751 1220 760 667 -2003 950 -2573
752 1222 758 666 -1997 946 -2575
753 1225 762 664 -1993 942 -2569
754 1228 762 667 -1990 933 -2570
755 1232 764 663 -1988 930 -2569
756 1232 764 666 -1989 928 -2570
757 1230 764 659 -1990 931 -2569
758 1225 761 662 -1992 936 -2569
759 1226 761 664 -1995 940 -2572
760 1229 759 662 -1993 943 -2571
761 1224 762 663 -1996 949 -2572
762 1221 760 662 -1993 949 -2574
763 1223 762 665 -1995 951 -2571
764 1225 760 669 -1996 952 -2569
765 1225 759 670 -1996 954 -2572
766 1222 755 668 -2000 962 -2572
767 1219 762 667 -2004 964 -2570
768 1216 761 669 -1997 966 -2572
769 1221 760 671 -1995 957 -2570
770 1222 763 672 -1996 950 -2569
771 1228 762 672 -1990 939 -2569
772 1229 764 664 -1987 932 -2570
773 1237 764 664 -1985 927 -2569
774 1236 764 667 -1991 929 -2569
775 1232 763 665 -1988 936 -2573
776 1228 762 664 -1994 941 -2573
777 1225 763 666 -1994 947 -2575
778 1222 758 666 -1998 950 -2573
779 1220 760 666 -1996 952 -2571
780 1219 757 667 -1998 948 -2573
781 1221 759 667 -1997 948 -2573
782 1222 759 664 -1997 945 -2572
783 1223 758 661 -1997 944 -2573
784 1224 758 664 -1994 944 -2571
785 1224 759 664 -1998 945 -2571
786 1224 759 661 -1996 943 -2573
787 1224 759 664 -1993 944 -2570
788 1221 758 665 -1999 944 -2571
789 1220 762 666 -1998 943 -2573
790 1225 762 666 -1996 943 -2573
791 1223 762 664 -1994 945 -2573
792 1225 759 663 -1996 945 -2571
793 1223 758 664 -1996 942 -2572
794 1224 760 666 -1994 944 -2574
795 1223 758 668 -1994 941 -2572
796 1223 760 664 -1997 942 -2571
797 1222 759 663 -1994 940 -2573
798 1225 762 663 -1994 940 -2570
799 1225 762 662 -1997 945 -2575
800 1222 761 664 -1998 945 -2573
801 1221 760 666 -1992 945 -2575
802 1221 758 664 -1994 946 -2569
803 1228 762 667 -1999 944 -2572
804 1226 759 665 -1995 943 -2571
805 1227 759 662 -1998 944 -2570
806 1226 759 664 -1996 944 -2573
807 1224 758 664 -1994 941 -2574
808 1223 759 666 -1995 942 -2571
809 1223 760 665 -1993 942 -2571
810 1228 758 666 -1997 939 -2572
811 1223 756 662 -1997 944 -2574
812 1223 760 664 -1997 944 -2573
813 1224 759 664 -1996 943 -2572
814 1221 758 663 -1990 943 -2573
815 1224 760 664 -1995 945 -2572
816 1223 761 669 -1997 947 -2569
817 1225 762 668 -1993 945 -2569
818 1228 764 664 -1994 946 -2569
819 1229 759 668 -1993 946 -2571
820 1227 759 668 -1995 947 -2568
821 1227 760 667 -1996 946 -2572
822 1226 761 668 -1996 948 -2571
823 1224 761 666 -1997 946 -2572
824 1223 760 670 -1993 944 -2573
825 1225 762 665 -1996 945 -2570
826 1228 758 664 -1994 945 -2572
827 1226 760 665 -1996 944 -2570
828 1226 761 665 -1993 944 -2571
829 1225 761 664 -1992 943 -2572
830 1225 762 665 -1994 945 -2572
831 1225 763 666 -1992 944 -2569
832 1227 762 663 -1995 941 -2572
833 1226 760 666 -1995 943 -2569
834 1227 760 667 -1994 945 -2569
835 1225 762 668 -1995 943 -2569
836 1226 760 669 -1994 946 -2570
837 1225 762 667 -1990 946 -2570
838 1226 765 665 -1997 942 -2574
839 1226 756 664 -1995 945 -2572
840 1224 760 666 -1999 946 -2572
841 1225 759 666 -1997 948 -2571
842 1226 760 668 -1999 946 -2572
843 1223 757 665 -1996 945 -2573
844 1224 760 665 -1995 945 -2573
845 1224 760 666 -1995 947 -2572
846 1222 763 664 -1997 947 -2568
847 1224 761 665 -1995 948 -2566
848 1222 756 666 -1997 947 -2573
849 1224 760 667 -1998 949 -2571
850 1223 761 669 -1996 948 -2569
851 1223 756 663 -1995 945 -2573
852 1223 758 667 -1995 942 -2571
853 1225 760 666 -1993 944 -2568
854 1226 760 664 -1991 942 -2568
855 1225 764 668 -1992 938 -2569
856 1226 762 665 -1989 941 -2569
857 1230 764 667 -1995 939 -2570
858 1227 765 669 -1992 944 -2567
859 1230 763 665 -1989 944 -2565
860 1232 763 665 -1992 944 -2568
861 1223 765 665 -1991 943 -2574
862 1226 760 666 -1993 943 -2572
863 1226 762 668 -1997 943 -2570
864 1223 758 665 -1996 946 -2573
865 1222 761 666 -1997 950 -2572
866 1224 759 667 -1995 949 -2570
867 1221 756 667 -1998 949 -2573
868 1223 757 666 -1996 950 -2573
869 1224 759 669 -1996 949 -2572
870 1220 760 665 -1999 949 -2572
871 1220 759 667 -1996 950 -2569
872 1225 759 666 -2000 946 -2571
873 1224 756 663 -1995 942 -2571
874 1224 759 666 -1994 945 -2573
875 1226 758 666 -1995 941 -2566
876 1224 761 666 -1998 943 -2574
877 1225 760 664 -1996 942 -2574
878 1225 762 664 -1998 938 -2574
879 1227 760 664 -1995 938 -2574
880 1225 762 663 -1994 934 -2570
881 1225 759 663 -1992 936 -2573
882 1227 762 663 -1992 937 -2574
883 1226 763 665 -1993 938 -2575
884 1223 760 664 -1995 939 -2575
885 1221 760 663 -1996 943 -2573
886 1224 759 667 -1996 944 -2571
887 1224 758 664 -1996 943 -2573
888 1219 759 664 -1998 947 -2574
889 1222 755 664 -1996 941 -2574
890 1218 759 666 -1997 948 -2574
891 1224 758 666 -2000 946 -2571
892 1224 756 663 -1998 947 -2573
893 1225 758 668 -2000 951 -2570
894 1222 759 666 -1999 952 -2574
895 1222 759 665 -2000 953 -2574
896 1220 759 666 -1995 948 -2573
897 1221 759 665 -1995 946 -2572
898 1223 761 665 -1995 940 -2571
899 1224 761 666 -1998 941 -2569
900 1228 761 665 -1991 943 -2572
901 1226 762 663 -1993 942 -2570
902 1227 763 665 -1988 941 -2570
903 1228 764 665 -1992 940 -2572
904 1230 761 665 -1990 939 -2572
905 1228 763 664 -1994 938 -2570
906 1227 761 665 -1992 939 -2572
907 1231 762 665 -1992 942 -2566
908 1229 760 665 -1990 941 -2571
909 1227 761 665 -1992 940 -2574
910 1224 760 666 -1996 945 -2570
911 1221 757 665 -1998 948 -2573
912 1219 758 665 -1997 946 -2574
913 1222 758 665 -2003 951 -2571
914 1223 758 666 -1998 951 -2574
915 1221 758 664 -2001 947 -2571
916 1219 760 667 -1998 945 -2571
917 1222 758 665 -1995 948 -2572
918 1221 760 666 -1996 947 -2569
919 1224 762 668 -1999 946 -2571
920 1225 760 666 -1995 946 -2572
921 1224 761 666 -1999 946 -2572
922 1224 760 666 -1996 945 -2569
923 1223 759 665 -1998 945 -2576
924 1226 760 663 -1993 941 -2571
925 1223 760 664 -1991 943 -2570
926 1224 759 665 -1991 940 -2572
927 1228 761 665 -1992 941 -2569
928 1227 765 665 -1994 942 -2571
929 1230 760 664 -1993 940 -2568
930 1224 762 663 -1993 939 -2571
931 1224 760 662 -1995 939 -2574
932 1223 759 664 -1995 938 -2574
933 1222 763 662 -1994 941 -2576
934 1222 758 665 -1995 942 -2572
935 1223 760 663 -1995 946 -2573
936 1224 757 664 -2000 945 -2572
937 1218 756 666 -1998 947 -2572
938 1222 757 665 -2000 946 -2571
939 1219 759 664 -1998 951 -2570
940 1220 760 667 -2000 948 -2571
941 1222 760 669 -1998 950 -2573
942 1223 757 668 -1997 946 -2573
943 1224 761 665 -1997 946 -2571
944 1222 759 664 -1996 942 -2570
945 1225 762 665 -1996 939 -2572
946 1221 761 663 -1996 942 -2572
947 1224 759 666 -1996 944 -2573
948 1226 758 664 -1997 939 -2572
949 1224 762 664 -1994 939 -2571
950 1225 761 662 -1993 939 -2574
951 1224 759 663 -1995 936 -2573
952 1223 760 665 -1993 941 -2575
953 1224 759 665 -1995 942 -2575
954 1224 761 662 -1995 941 -2569
955 1224 761 664 -1994 938 -2570
956 1222 758 664 -1996 942 -2572
957 1225 759 664 -1996 943 -2571
958 1220 758 666 -1998 946 -2572
959 1219 761 664 -1997 944 -2574
960 1223 759 663 -1997 946 -2573
961 1222 759 662 -1999 945 -2572
962 1224 760 665 -1997 944 -2573
963 1223 761 665 -1996 944 -2573
964 1221 759 666 -1995 944 -2571
965 1223 763 665 -1997 944 -2572
966 1224 758 667 -1995 946 -2572
967 1224 757 663 -1997 944 -2572
968 1222 759 666 -1994 940 -2571
969 1226 758 665 -1995 942 -2574
970 1221 759 665 -1996 943 -2573
971 1223 758 663 -1997 944 -2573
972 1223 758 665 -2000 942 -2574
973 1220 757 665 -1998 945 -2572
974 1221 757 664 -1996 939 -2571
975 1223 757 666 -1997 941 -2570
976 1223 760 662 -1997 942 -2574
977 1224 756 664 -1996 943 -2574
978 1223 760 663 -1993 940 -2575
979 1224 759 664 -1999 942 -2570
980 1222 755 661 -2000 946 -2574
981 1222 756 664 -1999 944 -2578
982 1223 758 665 -1996 944 -2574
983 1224 759 663 -1996 939 -2574
984 1221 758 662 -1996 942 -2574
985 1226 760 664 -1997 941 -2573
986 1226 756 664 -1996 942 -2573
987 1221 759 660 -1996 944 -2576
988 1226 760 663 -1995 942 -2573
989 1225 760 665 -1995 942 -2574
990 1225 760 662 -1996 944 -2572
991 1224 761 664 -1994 943 -2572
992 1227 761 663 -1993 942 -2574
993 1226 762 665 -1992 941 -2573
994 1227 760 666 -1996 942 -2570
995 1226 760 665 -1997 946 -2570
996 1226 762 666 -1995 949 -2568
997 1221 759 666 -1997 950 -2573
998 1220 762 671 -1998 948 -2569
999 1222 758 666 -1998 951 -2573
0 835 -5154 5581 -2166 1493 -3034
1 842 -5154 5584 -2165 1492 -3034
2 839 -5153 5585 -2164 1498 -3033
3 836 -5153 5584 -2167 1499 -3031
4 841 -5152 5587 -2169 1495 -3033
5 836 -5155 5585 -2164 1499 -3029
6 837 -5147 5587 -2162 1500 -3028
7 837 -5151 5588 -2166 1503 -3030
8 838 -5145 5591 -2167 1504 -3031
9 836 -5150 5587 -2163 1504 -3028
10 837 -5146 5593 -2166 1504 -3030
11 835 -5146 5590 -2167 1503 -3031
12 838 -5144 5592 -2168 1502 -3030
13 839 -5146 5593 -2164 1502 -3029
14 838 -5144 5594 -2163 1500 -3027
15 840 -5141 5596 -2165 1500 -3028
16 839 -5143 5592 -2164 1502 -3026
17 835 -5145 5593 -2167 1505 -3027
18 836 -5143 5594 -2167 1501 -3027
19 836 -5144 5592 -2169 1500 -3030
20 834 -5145 5593 -2166 1500 -3029
21 833 -5145 5592 -2169 1501 -3027
22 833 -5143 5593 -2168 1499 -3030
23 834 -5140 5592 -2167 1503 -3030
24 833 -5142 5596 -2169 1503 -3025
25 831 -5142 5594 -2168 1508 -3025
26 835 -5141 5596 -2174 1505 -3029
27 830 -5143 5595 -2170 1504 -3028
28 833 -5143 5594 -2170 1505 -3029
29 831 -5140 5596 -2168 1506 -3026
30 832 -5138 5600 -2172 1504 -3026
31 829 -5140 5597 -2171 1506 -3027
32 834 -5140 5597 -2172 1505 -3024
33 829 -5138 5597 -2174 1505 -3024
34 831 -5139 5598 -2169 1508 -3025
35 830 -5139 5603 -2170 1506 -3026
36 829 -5135 5599 -2168 1508 -3024
37 830 -5139 5598 -2171 1505 -3026
38 830 -5137 5598 -2173 1510 -3024
39 829 -5138 5603 -2170 1505 -3024
40 830 -5136 5603 -2170 1503 -3025
41 829 -5139 5600 -2171 1505 -3024
42 832 -5139 5599 -2171 1504 -3027
43 829 -5137 5604 -2172 1508 -3024
44 831 -5136 5600 -2169 1506 -3026
45 830 -5135 5599 -2171 1509 -3023
46 825 -5132 5602 -2172 1508 -3022
47 829 -5135 5601 -2174 1511 -3023
48 829 -5134 5604 -2173 1509 -3023
49 826 -5136 5603 -2176 1509 -3020
50 823 -5133 5607 -2175 1510 -3020
51 825 -5134 5606 -2175 1511 -3025
52 826 -5135 5605 -2176 1514 -3020
53 827 -5128 5607 -2174 1512 -3021
54 827 -5130 5604 -2176 1512 -3020
55 828 -5133 5611 -2174 1514 -3021
56 829 -5132 5607 -2173 1511 -3021
57 826 -5131 5608 -2173 1510 -3022
58 827 -5132 5608 -2176 1507 -3020
59 826 -5130 5607 -2178 1509 -3020
60 829 -5129 5608 -2173 1512 -3016
61 828 -5127 5608 -2171 1514 -3020
62 829 -5130 5609 -2173 1511 -3020
63 826 -5129 5608 -2175 1513 -3024
64 825 -5128 5610 -2173 1515 -3018
65 828 -5124 5611 -2178 1512 -3021
66 829 -5127 5615 -2175 1516 -3018
67 826 -5128 5609 -2175 1514 -3020
68 828 -5126 5612 -2178 1512 -3019
69 826 -5127 5609 -2177 1513 -3015
70 824 -5127 5613 -2180 1513 -3017
71 823 -5127 5611 -2179 1518 -3019
72 821 -5125 5612 -2181 1516 -3019
73 822 -5127 5612 -2180 1518 -3019
74 823 -5126 5613 -2178 1517 -3019
75 822 -5126 5615 -2179 1515 -3019
76 822 -5123 5611 -2175 1522 -3020
77 823 -5125 5614 -2185 1519 -3016
78 823 -5123 5618 -2178 1519 -3016
79 822 -5124 5615 -2178 1512 -3016
80 820 -5121 5616 -2178 1515 -3015
81 826 -5119 5615 -2178 1514 -3021
82 822 -5122 5614 -2178 1519 -3015
83 822 -5122 5617 -2176 1516 -3015
84 822 -5117 5615 -2178 1517 -3014
85 820 -5120 5617 -2179 1517 -3015
86 823 -5120 5618 -2179 1518 -3015
87 822 -5120 5617 -2182 1516 -3015
88 821 -5121 5612 -2181 1519 -3018
89 821 -5123 5618 -2183 1520 -3017
90 820 -5120 5619 -2182 1522 -3015
91 816 -5121 5617 -2182 1521 -3013
92 821 -5121 5619 -2179 1522 -3013
93 820 -5122 5619 -2178 1523 -3013
94 819 -5120 5619 -2178 1521 -3014
95 820 -5120 5620 -2181 1522 -3014
96 824 -5116 5621 -2180 1528 -3011
97 821 -5117 5620 -2180 1526 -3012
98 820 -5117 5624 -2183 1525 -3014
99 820 -5116 5617 -2183 1523 -3010
100 819 -5119 5619 -2182 1518 -3013
101 820 -5118 5620 -2180 1527 -3013
102 818 -5117 5625 -2182 1521 -3007
103 818 -5115 5620 -2184 1520 -3013
104 818 -5115 5620 -2180 1516 -3014
105 820 -5117 5619 -2182 1519 -3011
106 819 -5117 5623 -2180 1519 -3015
107 819 -5118 5620 -2181 1520 -3012
108 819 -5115 5622 -2179 1521 -3011
109 819 -5116 5620 -2183 1520 -3012
110 821 -5117 5622 -2183 1520 -3014
111 818 -5113 5623 -2183 1527 -3012
112 819 -5113 5622 -2185 1525 -3014
113 816 -5115 5622 -2184 1525 -3012
114 819 -5114 5625 -2185 1531 -3010
115 815 -5112 5623 -2186 1531 -3010
116 815 -5113 5625 -2187 1527 -3012
117 816 -5112 5626 -2187 1528 -3013
118 817 -5113 5626 -2185 1529 -3008
119 817 -5109 5625 -2182 1529 -3006
120 819 -5110 5624 -2184 1526 -3007
121 816 -5111 5626 -2181 1531 -3008
122 817 -5113 5628 -2185 1526 -3008
123 816 -5111 5624 -2184 1521 -3012
124 816 -5108 5623 -2182 1523 -3008
125 815 -5111 5625 -2182 1527 -3010
126 818 -5113 5626 -2180 1529 -3009
127 818 -5110 5629 -2181 1528 -3011
128 817 -5109 5628 -2180 1530 -3008
129 817 -5108 5626 -2178 1526 -3008
130 813 -5108 5630 -2186 1522 -3011
131 816 -5109 5625 -2182 1526 -3012
132 815 -5110 5626 -2184 1528 -3009
133 816 -5111 5626 -2186 1527 -3007
134 816 -5112 5627 -2187 1529 -3009
135 818 -5110 5629 -2189 1530 -3009
136 815 -5111 5626 -2187 1528 -3007
137 813 -5111 5629 -2188 1526 -3007
138 811 -5108 5627 -2185 1531 -3009
139 812 -5109 5627 -2187 1533 -3011
140 811 -5110 5630 -2190 1533 -3009
141 813 -5110 5628 -2190 1534 -3009
142 812 -5108 5628 -2186 1534 -3011
143 816 -5110 5630 -2186 1532 -3011
144 815 -5110 5628 -2185 1531 -3005
145 815 -5105 5625 -2184 1531 -3010
146 817 -5106 5627 -2186 1529 -3008
147 816 -5109 5628 -2186 1530 -3007
148 816 -5107 5629 -2184 1528 -3009
149 816 -5104 5632 -2184 1529 -3004
150 814 -5105 5628 -2183 1531 -3007
151 815 -5107 5628 -2186 1531 -3006
152 813 -5107 5630 -2186 1531 -3006
153 812 -5106 5630 -2184 1535 -3006
154 813 -5103 5632 -2186 1531 -3007
155 816 -5101 5634 -2186 1535 -3005
156 812 -5107 5631 -2190 1531 -3008
157 811 -5103 5631 -2185 1531 -3009
158 812 -5106 5632 -2187 1531 -3008
159 815 -5105 5634 -2186 1534 -3008
160 809 -5105 5629 -2188 1532 -3009
161 812 -5107 5630 -2189 1538 -3004
162 813 -5101 5632 -2190 1535 -3007
163 810 -5103 5634 -2190 1539 -3007
164 811 -5104 5631 -2189 1535 -3007
165 810 -5105 5634 -2188 1536 -3007
166 812 -5103 5633 -2189 1533 -3005
167 813 -5103 5631 -2187 1536 -3004
168 811 -5105 5633 -2187 1532 -3006
169 814 -5105 5630 -2188 1532 -3006
170 813 -5100 5630 -2188 1534 -3008
171 810 -5102 5631 -2188 1531 -3005
172 811 -5104 5633 -2185 1530 -3008
173 812 -5105 5631 -2189 1529 -3002
174 813 -5106 5633 -2191 1530 -3007
175 814 -5104 5632 -2189 1530 -3007
176 810 -5104 5633 -2189 1531 -3006
177 808 -5105 5630 -2185 1537 -3005
178 810 -5103 5635 -2190 1533 -3004
179 809 -5103 5633 -2192 1537 -3005
180 810 -5107 5634 -2193 1534 -3005
181 811 -5103 5633 -2190 1531 -3007
182 810 -5105 5635 -2190 1534 -3003
183 814 -5100 5633 -2190 1532 -3005
184 812 -5103 5636 -2190 1535 -3003
185 813 -5103 5634 -2188 1537 -3006
186 809 -5102 5636 -2190 1538 -3004
187 808 -5100 5633 -2190 1539 -3002
188 812 -5102 5635 -2195 1534 -3003
189 809 -5102 5636 -2188 1534 -3002
190 808 -5098 5634 -2191 1537 -3003
191 809 -5100 5638 -2190 1539 -3001
192 808 -5100 5637 -2193 1535 -3005
193 808 -5098 5638 -2188 1537 -3006
194 810 -5099 5638 -2190 1539 -3007
195 809 -5100 5637 -2188 1532 -3002
196 809 -5101 5637 -2190 1531 -3003
197 811 -5098 5637 -2187 1531 -3003
198 808 -5101 5636 -2191 1538 -3003
199 811 -5096 5640 -2192 1536 -3006
200 810 -5099 5638 -2186 1537 -3003
201 811 -5099 5639 -2187 1536 -3001
202 812 -5096 5638 -2186 1539 -3000
203 809 -5095 5641 -2186 1537 -2999
204 808 -5097 5641 -2190 1537 -3004
205 811 -5099 5638 -2189 1536 -3001
206 809 -5098 5635 -2188 1538 -3002
207 811 -5097 5640 -2191 1541 -3000
208 808 -5097 5638 -2192 1538 -3001
209 808 -5098 5640 -2192 1539 -3001
210 807 -5097 5642 -2190 1538 -2999
211 807 -5096 5638 -2191 1537 -3000
212 809 -5094 5639 -2192 1540 -3001
213 809 -5094 5641 -2194 1542 -3001
214 809 -5097 5642 -2191 1540 -3000
215 808 -5096 5643 -2192 1538 -3000
216 808 -5093 5640 -2190 1539 -2997
217 809 -5096 5642 -2190 1536 -3000
218 808 -5095 5641 -2190 1536 -3003
219 810 -5091 5640 -2187 1538 -2999
220 807 -5092 5642 -2193 1538 -2999
221 808 -5093 5643 -2190 1538 -2998
222 808 -5095 5641 -2192 1539 -3002
223 807 -5098 5642 -2192 1537 -3006
224 807 -5094 5643 -2187 1538 -3003
225 810 -5091 5640 -2192 1536 -2998
226 810 -5089 5642 -2189 1536 -2998
227 808 -5093 5642 -2193 1537 -2996
228 812 -5091 5646 -2190 1538 -3000
229 808 -5093 5644 -2190 1537 -2999
230 806 -5092 5645 -2190 1537 -2999
231 805 -5090 5643 -2190 1539 -3000
232 811 -5092 5644 -2193 1541 -2997
233 806 -5094 5644 -2194 1540 -3000
234 804 -5092 5646 -2191 1538 -2997
235 810 -5089 5647 -2192 1544 -2998
236 805 -5090 5646 -2194 1543 -2998
237 804 -5091 5648 -2192 1546 -2993
238 806 -5087 5646 -2190 1547 -2995
239 807 -5088 5650 -2192 1542 -3000
240 807 -5089 5645 -2191 1543 -2995
241 809 -5092 5648 -2191 1543 -2998
242 807 -5090 5647 -2193 1541 -2998
243 807 -5087 5648 -2191 1543 -2996
244 809 -5089 5651 -2192 1539 -2995
245 808 -5086 5648 -2190 1538 -2995
246 808 -5088 5648 -2189 1537 -2996
247 811 -5085 5650 -2192 1539 -2995
248 806 -5084 5649 -2191 1540 -2995
249 807 -5086 5647 -2188 1541 -2995
250 808 -5088 5650 -2192 1540 -2994
251 806 -5087 5649 -2191 1541 -2997
252 808 -5083 5650 -2192 1541 -2994
253 805 -5087 5654 -2192 1541 -2997
254 809 -5084 5652 -2197 1543 -2998
255 804 -5084 5653 -2196 1544 -2994
256 804 -5083 5649 -2194 1543 -2993
257 803 -5084 5650 -2197 1550 -2995
258 802 -5084 5650 -2198 1546 -2995
259 802 -5085 5653 -2193 1546 -2995
260 804 -5082 5654 -2196 1546 -2994
261 804 -5083 5654 -2193 1547 -2996
262 805 -5085 5652 -2194 1546 -2990
263 802 -5085 5656 -2196 1543 -2994
264 807 -5081 5655 -2194 1544 -2991
265 808 -5080 5655 -2192 1542 -2995
266 806 -5081 5653 -2194 1541 -2992
267 804 -5084 5657 -2192 1541 -2990
268 805 -5081 5653 -2191 1542 -2995
269 810 -5080 5656 -2192 1539 -2992
270 804 -5082 5654 -2190 1539 -2991
271 808 -5079 5654 -2193 1540 -2992
272 809 -5080 5656 -2193 1542 -2991
273 804 -5081 5657 -2192 1540 -2992
274 805 -5080 5656 -2195 1542 -2995
275 806 -5081 5654 -2192 1541 -2991
276 808 -5077 5656 -2192 1542 -2992
277 805 -5079 5655 -2192 1543 -2990
278 805 -5078 5655 -2199 1546 -2990
279 804 -5077 5659 -2198 1545 -2990
280 804 -5077 5656 -2198 1548 -2990
281 801 -5078 5661 -2194 1547 -2990
282 801 -5077 5656 -2198 1548 -2992
283 803 -5074 5660 -2197 1546 -2988
284 803 -5080 5662 -2197 1548 -2988
285 801 -5075 5658 -2196 1549 -2986
286 804 -5079 5661 -2196 1547 -2988
287 802 -5073 5662 -2193 1549 -2987
288 802 -5074 5661 -2195 1548 -2992
289 806 -5074 5661 -2196 1546 -2987
290 804 -5074 5657 -2192 1543 -2988
291 807 -5072 5661 -2193 1539 -2989
292 804 -5073 5659 -2189 1541 -2986
293 804 -5072 5666 -2189 1541 -2986
294 808 -5068 5663 -2194 1546 -2989
295 805 -5072 5662 -2193 1543 -2988
296 805 -5070 5666 -2189 1545 -2985
297 806 -5069 5661 -2192 1542 -2985
298 805 -5071 5664 -2193 1543 -2988
299 802 -5071 5666 -2193 1546 -2986
300 801 -5073 5666 -2196 1546 -2985
301 803 -5070 5663 -2194 1548 -2986
302 801 -5071 5665 -2197 1549 -2986
303 800 -5069 5668 -2197 1550 -2984
304 802 -5069 5664 -2197 1548 -2985
305 804 -5070 5668 -2197 1549 -2984
306 802 -5073 5665 -2198 1550 -2984
307 802 -5066 5664 -2197 1550 -2986
308 801 -5071 5669 -2196 1549 -2987
309 802 -5067 5664 -2198 1550 -2984
310 803 -5070 5664 -2194 1548 -2986
311 803 -5069 5667 -2194 1542 -2985
312 803 -5069 5670 -2196 1546 -2983
313 804 -5069 5665 -2194 1543 -2987
314 804 -5067 5669 -2195 1546 -2984
315 803 -5068 5671 -2191 1545 -2984
316 803 -5063 5671 -2196 1547 -2984
317 805 -5068 5672 -2194 1546 -2985
318 804 -5068 5669 -2196 1544 -2985
319 805 -5066 5670 -2197 1544 -2986
320 806 -5063 5671 -2195 1545 -2984
321 803 -5064 5671 -2193 1547 -2981
322 802 -5064 5673 -2195 1548 -2981
323 804 -5067 5674 -2195 1547 -2982
324 801 -5066 5673 -2197 1550 -2980
325 798 -5062 5672 -2199 1550 -2984
326 801 -5059 5672 -2198 1547 -2981
327 801 -5062 5675 -2195 1551 -2981
328 801 -5060 5671 -2196 1551 -2979
329 801 -5062 5676 -2196 1549 -2981
330 802 -5061 5675 -2202 1551 -2983
331 798 -5065 5675 -2197 1552 -2981
332 799 -5065 5676 -2196 1552 -2982
333 800 -5061 5675 -2195 1550 -2980
334 801 -5060 5678 -2196 1550 -2979
335 803 -5062 5677 -2198 1547 -2978
336 802 -5059 5678 -2196 1548 -2978
337 801 -5059 5679 -2196 1553 -2978
338 803 -5059 5678 -2196 1549 -2979
339 804 -5058 5679 -2194 1550 -2978
340 804 -5057 5678 -2193 1547 -2981
341 803 -5059 5680 -2193 1549 -2977
342 803 -5054 5683 -2198 1545 -2978
343 804 -5057 5679 -2200 1550 -2979
344 802 -5058 5679 -2197 1546 -2979
345 802 -5057 5680 -2197 1549 -2979
346 803 -5058 5678 -2197 1552 -2977
347 796 -5058 5679 -2195 1552 -2978
348 799 -5058 5678 -2194 1550 -2976
349 801 -5056 5682 -2196 1547 -2978
350 801 -5055 5681 -2199 1552 -2977
351 797 -5056 5681 -2197 1550 -2977
352 799 -5057 5680 -2196 1553 -2978
353 800 -5055 5683 -2200 1556 -2976
354 799 -5051 5684 -2194 1554 -2972
355 802 -5048 5685 -2193 1551 -2975
356 804 -5054 5684 -2194 1550 -2974
357 803 -5049 5684 -2197 1550 -2976
358 799 -5052 5686 -2201 1550 -2976
359 802 -5055 5681 -2195 1553 -2974
360 802 -5051 5683 -2197 1549 -2975
361 802 -5053 5684 -2197 1550 -2973
362 800 -5055 5682 -2197 1551 -2977
363 799 -5055 5684 -2197 1551 -2974
364 805 -5050 5684 -2200 1550 -2974
365 801 -5049 5686 -2196 1551 -2978
366 806 -5049 5685 -2200 1552 -2974
367 798 -5053 5682 -2197 1553 -2971
368 800 -5050 5686 -2197 1553 -2976
369 798 -5049 5687 -2196 1550 -2976
370 798 -5050 5686 -2197 1551 -2973
371 801 -5050 5686 -2198 1553 -2970
372 799 -5050 5686 -2197 1554 -2971
373 802 -5049 5687 -2198 1555 -2974
374 803 -5048 5691 -2197 1556 -2972
375 799 -5048 5688 -2197 1556 -2972
376 799 -5050 5686 -2196 1553 -2974
377 800 -5048 5687 -2196 1551 -2973
378 800 -5048 5686 -2197 1551 -2976
379 799 -5047 5688 -2200 1552 -2973
380 804 -5047 5685 -2199 1553 -2973
381 798 -5048 5687 -2198 1553 -2971
382 796 -5046 5691 -2198 1552 -2972
383 800 -5048 5689 -2196 1552 -2972
384 800 -5049 5688 -2198 1548 -2970
385 803 -5045 5687 -2194 1552 -2971
386 799 -5045 5690 -2198 1551 -2971
387 804 -5045 5687 -2199 1552 -2975
388 802 -5049 5688 -2201 1555 -2972
389 795 -5047 5688 -2198 1554 -2973
390 798 -5044 5687 -2198 1555 -2971
391 799 -5047 5690 -2200 1553 -2969
392 798 -5047 5687 -2196 1558 -2969
393 797 -5046 5690 -2197 1552 -2978
394 800 -5043 5690 -2199 1554 -2975
395 798 -5047 5689 -2200 1553 -2972
396 800 -5047 5689 -2197 1552 -2971
397 799 -5045 5690 -2195 1554 -2971
398 801 -5046 5692 -2199 1556 -2970
399 800 -5042 5691 -2196 1550 -2973
400 800 -5048 5687 -2195 1549 -2974
401 802 -5045 5687 -2197 1548 -2970
402 800 -5047 5689 -2199 1553 -2975
403 797 -5047 5687 -2198 1557 -2972
404 800 -5045 5691 -2196 1555 -2968
405 799 -5045 5689 -2196 1557 -2970
406 801 -5041 5687 -2195 1555 -2970
407 801 -5043 5692 -2196 1556 -2968
408 799 -5041 5692 -2194 1555 -2970
409 796 -5044 5691 -2202 1555 -2967
410 800 -5042 5692 -2201 1556 -2967
411 800 -5041 5689 -2199 1556 -2968
412 804 -5040 5690 -2196 1558 -2970
413 802 -5043 5690 -2199 1555 -2967
414 798 -5043 5691 -2195 1555 -2968
415 801 -5045 5692 -2198 1552 -2967
416 800 -5042 5693 -2197 1554 -2970
417 803 -5041 5691 -2200 1554 -2973
418 800 -5045 5689 -2200 1556 -2970
419 800 -5043 5690 -2199 1553 -2971
420 796 -5047 5689 -2199 1555 -2972
421 799 -5048 5690 -2197 1552 -2970
422 801 -5043 5688 -2197 1554 -2969
423 800 -5045 5688 -2197 1553 -2968
424 801 -5044 5694 -2195 1555 -2970
425 802 -5045 5691 -2199 1554 -2970
426 803 -5044 5693 -2198 1555 -2970
427 803 -5043 5692 -2198 1551 -2968
428 801 -5044 5692 -2198 1551 -2969
429 801 -5046 5691 -2201 1553 -2972
430 800 -5045 5690 -2199 1555 -2969
431 799 -5043 5689 -2199 1556 -2969
432 800 -5047 5688 -2197 1557 -2971
433 800 -5043 5691 -2201 1558 -2972
434 796 -5047 5690 -2199 1555 -2972
435 798 -5046 5690 -2198 1558 -2971
436 800 -5048 5687 -2199 1554 -2969
437 801 -5048 5690 -2200 1553 -2971
438 798 -5047 5690 -2199 1554 -2970
439 805 -5047 5693 -2197 1556 -2972
440 799 -5044 5692 -2201 1554 -2973
441 798 -5046 5689 -2197 1551 -2972
442 799 -5047 5686 -2197 1550 -2973
443 803 -5048 5684 -2193 1548 -2971
444 802 -5046 5690 -2195 1547 -2968
445 802 -5045 5687 -2198 1552 -2972
446 801 -5049 5688 -2199 1551 -2969
447 803 -5049 5685 -2197 1553 -2971
448 804 -5046 5688 -2197 1550 -2974
449 799 -5045 5686 -2197 1552 -2971
450 802 -5052 5686 -2197 1554 -2973
451 800 -5049 5684 -2198 1551 -2974
452 799 -5047 5686 -2200 1557 -2970
453 802 -5051 5686 -2203 1553 -2972
454 799 -5049 5686 -2201 1555 -2972
455 798 -5050 5683 -2199 1554 -2974
456 801 -5050 5686 -2197 1555 -2973
457 799 -5049 5686 -2199 1551 -2972
458 796 -5050 5684 -2197 1551 -2972
459 798 -5048 5685 -2198 1552 -2972
460 802 -5051 5686 -2200 1557 -2975
461 800 -5051 5686 -2199 1556 -2974
462 801 -5048 5686 -2196 1554 -2972
463 804 -5049 5688 -2195 1550 -2975
464 802 -5048 5684 -2194 1548 -2971
465 804 -5050 5687 -2195 1547 -2975
466 806 -5053 5684 -2196 1549 -2974
467 804 -5049 5682 -2196 1547 -2977
468 805 -5051 5683 -2197 1548 -2976
469 801 -5055 5683 -2196 1550 -2979
470 796 -5053 5683 -2195 1550 -2975
471 800 -5053 5685 -2197 1548 -2978
472 800 -5055 5682 -2195 1550 -2976
473 800 -5056 5681 -2199 1550 -2977
474 800 -5053 5682 -2196 1550 -2979
475 801 -5057 5683 -2198 1552 -2978
476 800 -5056 5681 -2198 1550 -2977
477 797 -5051 5685 -2195 1552 -2976
478 798 -5054 5682 -2200 1551 -2974
479 798 -5058 5682 -2197 1551 -2980
480 800 -5057 5682 -2195 1550 -2976
481 802 -5056 5680 -2198 1549 -2973
482 804 -5054 5682 -2196 1552 -2980
483 801 -5055 5679 -2197 1553 -2976
484 800 -5056 5680 -2198 1551 -2978
485 799 -5056 5679 -2198 1551 -2976
486 799 -5056 5678 -2196 1549 -2979
487 802 -5056 5681 -2194 1546 -2977
488 805 -5055 5680 -2198 1548 -2977
489 802 -5057 5679 -2196 1546 -2978
490 803 -5058 5676 -2197 1544 -2979
491 801 -5058 5678 -2196 1548 -2977
492 803 -5058 5678 -2196 1544 -2978
493 805 -5057 5678 -2196 1547 -2980
494 801 -5057 5677 -2196 1548 -2980
495 804 -5056 5678 -2194 1548 -2975
496 804 -5059 5679 -2192 1547 -2979
497 805 -5059 5680 -2193 1551 -2978
498 805 -5058 5676 -2193 1550 -2980
499 805 -5061 5677 -2196 1551 -2977
500 805 -5060 5678 -2193 1552 -2977
501 804 -5059 5678 -2194 1548 -2976
502 802 -5060 5678 -2196 1550 -2975
503 803 -5059 5677 -2198 1554 -2979
504 802 -5061 5677 -2199 1553 -2978
505 808 -5058 5677 -2197 1553 -2979
506 805 -5058 5676 -2195 1547 -2980
507 806 -5062 5675 -2193 1550 -2982
508 807 -5060 5673 -2191 1549 -2979
509 807 -5060 5675 -2195 1545 -2981
510 803 -5062 5673 -2194 1546 -2982
511 803 -5063 5672 -2196 1545 -2980
512 805 -5063 5672 -2194 1545 -2985
513 803 -5065 5671 -2195 1547 -2982
514 802 -5065 5671 -2197 1545 -2981
515 801 -5066 5672 -2194 1544 -2983
516 804 -5065 5673 -2196 1538 -2983
517 805 -5067 5669 -2194 1540 -2986
518 805 -5067 5670 -2195 1542 -2985
519 808 -5068 5667 -2191 1546 -2980
520 808 -5060 5674 -2191 1545 -2983
521 807 -5064 5671 -2194 1547 -2982
522 804 -5062 5670 -2197 1547 -2985
523 804 -5066 5665 -2197 1546 -2984
524 804 -5064 5665 -2197 1547 -2982
525 803 -5067 5669 -2196 1548 -2986
526 805 -5068 5670 -2199 1550 -2981
527 804 -5068 5666 -2196 1547 -2985
528 803 -5067 5666 -2196 1547 -2983
529 805 -5065 5666 -2195 1545 -2985
530 804 -5072 5668 -2194 1543 -2983
531 808 -5069 5667 -2195 1543 -2984
532 807 -5067 5663 -2195 1542 -2989
533 808 -5069 5664 -2195 1543 -2983
534 806 -5068 5666 -2191 1542 -2986
535 804 -5070 5663 -2193 1537 -2988
536 808 -5072 5661 -2192 1540 -2986
537 807 -5070 5665 -2193 1538 -2988
538 809 -5068 5669 -2193 1540 -2985
539 808 -5072 5663 -2194 1541 -2987
540 805 -5069 5664 -2194 1538 -2986
541 806 -5068 5664 -2192 1541 -2984
542 807 -5073 5661 -2191 1541 -2988
543 802 -5074 5662 -2193 1544 -2989
544 803 -5071 5660 -2196 1544 -2986
545 806 -5075 5663 -2195 1542 -2988
546 806 -5073 5662 -2195 1543 -2989
547 805 -5074 5662 -2195 1543 -2989
548 807 -5074 5664 -2194 1547 -2986
549 803 -5072 5663 -2192 1546 -2992
550 806 -5072 5661 -2191 1543 -2989
551 808 -5073 5662 -2192 1544 -2988
552 807 -5073 5663 -2191 1544 -2984
553 809 -5073 5663 -2193 1540 -2990
554 807 -5076 5660 -2194 1539 -2988
555 809 -5079 5657 -2192 1539 -2990
556 809 -5078 5656 -2192 1541 -2989
557 808 -5076 5661 -2190 1537 -2990
558 811 -5075 5661 -2191 1537 -2989
559 813 -5076 5659 -2187 1538 -2989
560 813 -5074 5661 -2188 1541 -2984
561 810 -5076 5662 -2193 1539 -2990
562 804 -5080 5656 -2192 1541 -2991
563 810 -5075 5657 -2193 1539 -2990
564 809 -5077 5656 -2192 1540 -2989
565 804 -5083 5657 -2194 1540 -2991
566 808 -5081 5657 -2192 1539 -2992
567 807 -5077 5656 -2192 1535 -2992
568 810 -5079 5660 -2190 1539 -2992
569 811 -5078 5658 -2192 1541 -2990
570 812 -5078 5658 -2194 1541 -2990
571 810 -5079 5656 -2191 1547 -2989
572 812 -5077 5660 -2191 1545 -2988
573 808 -5076 5659 -2188 1540 -2990
574 811 -5079 5660 -2187 1541 -2989
575 813 -5079 5658 -2192 1537 -2995
576 811 -5081 5656 -2190 1537 -2993
577 813 -5078 5657 -2191 1536 -2990
578 808 -5080 5653 -2191 1535 -2990
579 811 -5082 5655 -2192 1538 -2994
580 809 -5083 5655 -2189 1538 -2995
581 812 -5083 5653 -2186 1537 -2994
582 814 -5080 5657 -2191 1532 -2991
583 813 -5079 5655 -2188 1536 -2991
584 816 -5081 5655 -2188 1533 -2993
585 812 -5083 5656 -2188 1536 -2993
586 815 -5082 5657 -2187 1533 -2993
587 812 -5084 5654 -2190 1540 -2994
588 814 -5078 5656 -2191 1538 -2993
589 812 -5078 5656 -2190 1538 -2993
590 811 -5083 5654 -2190 1538 -2994
591 812 -5084 5657 -2191 1537 -2991
592 816 -5081 5657 -2190 1534 -2993
593 815 -5085 5654 -2190 1537 -2991
594 811 -5082 5653 -2189 1536 -2995
595 813 -5086 5653 -2191 1532 -2993
596 815 -5084 5654 -2187 1536 -2990
597 815 -5082 5655 -2187 1533 -2990
598 815 -5080 5655 -2190 1534 -2993
599 812 -5083 5656 -2190 1538 -2992
600 814 -5086 5650 -2190 1534 -2994
601 813 -5087 5651 -2188 1534 -2996
602 814 -5087 5652 -2189 1534 -2994
603 813 -5085 5649 -2191 1534 -2995
604 811 -5088 5651 -2189 1534 -2996
605 812 -5083 5652 -2186 1532 -2995
606 812 -5092 5650 -2185 1537 -2994
607 817 -5085 5652 -2186 1530 -2996
608 815 -5083 5653 -2187 1534 -2993
609 818 -5087 5652 -2188 1531 -2995
610 812 -5090 5649 -2187 1529 -2998
611 813 -5085 5651 -2186 1532 -2996
612 812 -5085 5647 -2185 1529 -2994
613 815 -5086 5649 -2185 1529 -2997
614 813 -5091 5650 -2189 1531 -2997
615 815 -5088 5652 -2187 1535 -2994
616 815 -5087 5651 -2189 1535 -2993
617 813 -5086 5648 -2187 1532 -2995
618 812 -5087 5646 -2187 1530 -2996
619 817 -5087 5647 -2186 1528 -2994
620 814 -5085 5654 -2188 1532 -2995
621 815 -5093 5649 -2187 1536 -2999
622 815 -5089 5648 -2191 1533 -2997
623 814 -5086 5648 -2181 1535 -2994
624 815 -5087 5652 -2184 1530 -2996
625 818 -5086 5653 -2184 1530 -2992
626 818 -5086 5648 -2183 1532 -2997
627 819 -5089 5647 -2181 1533 -2996
628 820 -5086 5649 -2183 1530 -2996
629 821 -5083 5650 -2181 1528 -2992
630 819 -5084 5652 -2183 1529 -2996
631 818 -5086 5648 -2186 1530 -2996
632 819 -5085 5650 -2182 1531 -2995
633 814 -5086 5649 -2187 1531 -2995
634 817 -5084 5649 -2186 1528 -2996
635 820 -5089 5648 -2185 1526 -2996
636 821 -5089 5647 -2186 1527 -2996
637 818 -5088 5648 -2182 1528 -2999
638 819 -5089 5648 -2183 1532 -2997
639 815 -5088 5646 -2184 1529 -2994
640 817 -5088 5647 -2185 1530 -2994
641 817 -5090 5648 -2184 1528 -2995
642 819 -5090 5647 -2185 1528 -2997
643 818 -5090 5648 -2185 1529 -2997
644 814 -5090 5650 -2184 1530 -2995
645 816 -5089 5649 -2188 1530 -2998
646 818 -5091 5647 -2185 1531 -2997
647 819 -5091 5646 -2182 1524 -3000
648 818 -5091 5646 -2183 1524 -2999
649 818 -5090 5643 -2186 1523 -3000
650 818 -5090 5647 -2186 1523 -2997
651 822 -5089 5646 -2180 1522 -2997
652 820 -5090 5642 -2181 1519 -2998
653 821 -5087 5644 -2184 1523 -2997
654 819 -5090 5645 -2184 1523 -2996
655 822 -5091 5644 -2183 1526 -2997
656 820 -5090 5643 -2184 1526 -2999
657 820 -5091 5645 -2187 1524 -2997
658 820 -5090 5646 -2187 1526 -2998
659 817 -5092 5644 -2186 1530 -2997
660 816 -5091 5642 -2181 1526 -2997
661 817 -5092 5645 -2183 1528 -2995
662 819 -5093 5642 -2185 1525 -2996
663 823 -5092 5644 -2186 1523 -2998
664 819 -5092 5642 -2181 1524 -2998
665 817 -5094 5644 -2182 1524 -2999
666 819 -5091 5642 -2183 1524 -2998
667 817 -5096 5643 -2186 1522 -2998
668 817 -5092 5638 -2185 1522 -3000
669 821 -5094 5640 -2185 1520 -2998
670 821 -5093 5641 -2180 1521 -3001
671 822 -5089 5645 -2179 1516 -2998
672 821 -5091 5643 -2178 1520 -2999
673 824 -5093 5640 -2181 1518 -3000
674 822 -5093 5641 -2182 1516 -3000
675 821 -5094 5641 -2179 1520 -2998
676 821 -5093 5644 -2183 1519 -3001
677 821 -5097 5642 -2182 1519 -2999
678 820 -5095 5642 -2185 1522 -3000
679 819 -5095 5641 -2182 1522 -3001
680 821 -5096 5641 -2182 1522 -3002
681 818 -5094 5639 -2182 1523 -3001
682 817 -5099 5641 -2184 1525 -3000
683 820 -5095 5641 -2182 1525 -3001
684 819 -5095 5642 -2187 1522 -2999
685 817 -5098 5638 -2183 1522 -3001
686 820 -5096 5640 -2180 1516 -3001
687 823 -5098 5641 -2181 1515 -3002
688 821 -5096 5641 -2179 1514 -3001
689 823 -5098 5639 -2180 1517 -3002
690 825 -5098 5639 -2178 1512 -3001
691 826 -5095 5638 -2179 1514 -3003
692 824 -5095 5640 -2180 1513 -3003
693 821 -5100 5637 -2179 1517 -3001
694 824 -5097 5641 -2179 1517 -2999
695 824 -5093 5642 -2178 1522 -3001
696 825 -5098 5637 -2179 1515 -3005
697 821 -5098 5638 -2180 1513 -3005
698 827 -5099 5636 -2177 1514 -3003
699 822 -5100 5638 -2180 1515 -3001
700 824 -5101 5639 -2181 1515 -3001
701 824 -5098 5637 -2179 1517 -3002
702 827 -5099 5639 -2178 1519 -3003
703 824 -5098 5638 -2184 1515 -3003
704 826 -5103 5634 -2181 1516 -3001
705 824 -5102 5638 -2179 1520 -3003
706 826 -5098 5638 -2178 1519 -3003
707 821 -5102 5639 -2180 1518 -3004
708 824 -5102 5636 -2182 1516 -3003
709 827 -5101 5639 -2182 1516 -3005
710 826 -5102 5637 -2179 1512 -3003
711 824 -5100 5637 -2179 1511 -3005
712 827 -5102 5635 -2180 1511 -3002
713 824 -5105 5638 -2176 1509 -3008
714 826 -5104 5634 -2175 1512 -3003
715 825 -5102 5636 -2174 1509 -3006
716 827 -5103 5633 -2171 1506 -3003
717 827 -5100 5633 -2176 1509 -3006
718 827 -5107 5631 -2177 1510 -3008
719 827 -5105 5634 -2174 1509 -3008
720 828 -5104 5633 -2173 1508 -3006
721 825 -5103 5635 -2179 1509 -3006
722 826 -5103 5633 -2177 1512 -3001
723 825 -5106 5635 -2178 1513 -3006
724 828 -5104 5632 -2176 1512 -3005
725 828 -5104 5633 -2178 1510 -3005
726 831 -5106 5635 -2178 1512 -3003
727 831 -5105 5634 -2176 1512 -3005
728 830 -5102 5635 -2178 1513 -3007
729 830 -5107 5633 -2175 1519 -3003
730 830 -5102 5636 -2176 1515 -3004
731 829 -5106 5635 -2173 1515 -3004
732 827 -5107 5632 -2176 1512 -3006
733 828 -5108 5631 -2178 1508 -3005
734 831 -5108 5632 -2173 1506 -3006
735 827 -5107 5630 -2173 1506 -3009
736 831 -5108 5629 -2171 1504 -3011
737 826 -5106 5628 -2173 1503 -3009
738 830 -5106 5629 -2171 1501 -3010
739 832 -5109 5628 -2175 1503 -3011
740 830 -5110 5630 -2174 1501 -3012
741 831 -5106 5627 -2175 1503 -3012
742 830 -5111 5625 -2172 1503 -3010
743 830 -5114 5626 -2173 1502 -3010
744 830 -5114 5628 -2172 1509 -3012
745 829 -5111 5627 -2178 1506 -3012
746 830 -5109 5628 -2172 1510 -3010
747 831 -5107 5627 -2177 1507 -3011
748 830 -5113 5626 -2176 1507 -3008
749 831 -5108 5628 -2178 1505 -3012
750 831 -5115 5624 -2175 1504 -3010
751 832 -5114 5622 -2177 1504 -3014
752 830 -5114 5623 -2171 1503 -3011
753 831 -5114 5625 -2173 1507 -3013
754 831 -5111 5623 -2174 1504 -3013
755 832 -5115 5623 -2171 1503 -3013
756 833 -5117 5623 -2171 1503 -3012
757 833 -5117 5621 -2170 1503 -3016
758 830 -5117 5622 -2172 1505 -3011
759 831 -5116 5618 -2174 1501 -3016
760 832 -5120 5619 -2167 1503 -3013
761 835 -5116 5622 -2169 1502 -3013
762 836 -5113 5624 -2171 1496 -3012
763 835 -5117 5621 -2170 1495 -3014
764 836 -5118 5617 -2172 1500 -3018
765 834 -5117 5619 -2170 1496 -3014
766 837 -5118 5617 -2171 1498 -3014
767 834 -5117 5617 -2171 1498 -3016
768 836 -5120 5621 -2173 1500 -3013
769 833 -5121 5616 -2173 1500 -3014
770 836 -5119 5618 -2171 1500 -3015
771 835 -5117 5615 -2173 1502 -3017
772 835 -5122 5614 -2175 1502 -3016
773 832 -5123 5617 -2172 1502 -3016
774 833 -5122 5614 -2170 1500 -3018
775 831 -5122 5609 -2170 1502 -3020
776 832 -5125 5614 -2171 1501 -3020
777 833 -5124 5611 -2170 1500 -3016
778 835 -5125 5613 -2171 1498 -3017
779 835 -5125 5611 -2171 1498 -3018
780 835 -5126 5613 -2170 1494 -3020
781 835 -5121 5609 -2168 1495 -3018
782 835 -5126 5611 -2168 1493 -3018
783 835 -5127 5608 -2165 1494 -3017
784 841 -5126 5611 -2167 1492 -3019
785 837 -5126 5611 -2171 1494 -3019
786 837 -5125 5608 -2168 1495 -3019
787 837 -5128 5612 -2168 1495 -3019
788 840 -5130 5606 -2167 1494 -3020
789 841 -5130 5607 -2168 1490 -3019
790 842 -5129 5606 -2168 1491 -3023
791 842 -5131 5604 -2166 1495 -3019
792 837 -5131 5606 -2170 1495 -3021
793 836 -5131 5605 -2171 1500 -3024
794 834 -5131 5606 -2172 1500 -3023
795 834 -5135 5604 -2169 1502 -3020
796 836 -5132 5605 -2167 1504 -3021
797 838 -5133 5606 -2166 1500 -3019
798 840 -5134 5604 -2167 1499 -3023
799 839 -5130 5607 -2168 1498 -3023
800 841 -5134 5603 -2165 1495 -3020
801 841 -5136 5607 -2163 1491 -3027
802 842 -5133 5604 -2164 1491 -3022
803 840 -5135 5606 -2164 1489 -3022
804 842 -5136 5603 -2164 1490 -3025
805 843 -5137 5603 -2165 1485 -3021
806 844 -5140 5600 -2160 1486 -3023
807 841 -5137 5600 -2165 1487 -3022
808 842 -5138 5602 -2163 1488 -3026
809 839 -5138 5599 -2166 1491 -3027
810 840 -5139 5596 -2165 1492 -3030
811 842 -5142 5597 -2169 1493 -3026
812 840 -5141 5598 -2167 1498 -3025
813 845 -5139 5599 -2161 1498 -3026
814 844 -5142 5597 -2166 1499 -3028
815 839 -5144 5595 -2167 1496 -3027
816 842 -5142 5597 -2170 1495 -3027
817 839 -5148 5596 -2166 1496 -3029
818 839 -5144 5594 -2169 1491 -3027
819 842 -5144 5594 -2164 1492 -3026
820 844 -5141 5598 -2161 1493 -3026
821 842 -5144 5596 -2163 1488 -3026
822 844 -5145 5593 -2165 1484 -3032
823 846 -5148 5594 -2165 1484 -3029
824 845 -5148 5590 -2160 1484 -3030
825 842 -5147 5593 -2164 1485 -3028
826 844 -5148 5594 -2163 1484 -3030
827 845 -5150 5590 -2163 1484 -3032
828 843 -5152 5590 -2162 1486 -3031
829 841 -5152 5588 -2163 1484 -3032
830 845 -5148 5589 -2160 1488 -3029
831 842 -5148 5590 -2162 1488 -3032
832 845 -5150 5589 -2164 1487 -3031
833 842 -5150 5591 -2163 1492 -3036
834 842 -5149 5589 -2163 1491 -3031
835 841 -5153 5590 -2166 1496 -3031
836 844 -5151 5589 -2164 1493 -3032
837 842 -5157 5588 -2167 1492 -3033
838 844 -5153 5588 -2160 1492 -3031
839 848 -5154 5587 -2164 1489 -3035
840 846 -5155 5588 -2164 1486 -3035
841 846 -5156 5581 -2164 1482 -3035
842 847 -5154 5588 -2164 1483 -3034
843 846 -5157 5585 -2160 1484 -3033
844 849 -5154 5586 -2160 1482 -3036
845 848 -5156 5586 -2161 1482 -3033
846 851 -5155 5585 -2160 1485 -3032
847 850 -5158 5583 -2161 1480 -3036
848 849 -5156 5582 -2158 1481 -3032
849 851 -5157 5584 -2161 1483 -3039
850 846 -5163 5580 -2159 1485 -3036
851 849 -5161 5580 -2164 1486 -3036
852 848 -5161 5580 -2164 1492 -3036
853 840 -5163 5581 -2166 1491 -3040
854 844 -5160 5581 -2162 1492 -3038
855 846 -5161 5579 -2162 1485 -3039
856 850 -5160 5580 -2164 1484 -3039
857 848 -5160 5578 -2162 1482 -3037
858 850 -5161 5576 -2162 1480 -3038
859 848 -5162 5576 -2160 1479 -3038
860 846 -5162 5578 -2160 1479 -3039
861 847 -5164 5578 -2163 1484 -3038
862 849 -5166 5575 -2162 1484 -3042
863 847 -5164 5575 -2162 1485 -3039
864 845 -5166 5572 -2163 1483 -3039
865 846 -5165 5571 -2160 1482 -3042
866 851 -5163 5573 -2158 1482 -3041
867 850 -5169 5575 -2157 1485 -3041
868 849 -5168 5573 -2160 1485 -3038
869 848 -5166 5573 -2162 1486 -3042
870 846 -5164 5574 -2159 1486 -3043
871 848 -5163 5575 -2154 1487 -3041
872 851 -5166 5572 -2157 1482 -3043
873 852 -5163 5572 -2157 1480 -3042
874 853 -5165 5571 -2159 1481 -3042
875 847 -5169 5569 -2162 1478 -3042
876 848 -5167 5569 -2158 1482 -3042
877 848 -5165 5571 -2158 1483 -3045
878 850 -5169 5570 -2158 1484 -3044
879 845 -5170 5567 -2160 1484 -3043
880 850 -5169 5569 -2159 1483 -3046
881 848 -5174 5570 -2159 1487 -3041
882 850 -5167 5571 -2160 1487 -3042
883 852 -5167 5571 -2161 1483 -3044
884 853 -5171 5565 -2159 1481 -3045
885 850 -5171 5568 -2157 1484 -3044
886 851 -5172 5567 -2158 1486 -3044
887 847 -5171 5567 -2158 1483 -3044
888 851 -5170 5566 -2158 1486 -3044
889 851 -5169 5567 -2157 1486 -3041
890 852 -5173 5567 -2154 1485 -3047
891 850 -5172 5570 -2156 1483 -3043
892 850 -5172 5566 -2155 1479 -3043
893 853 -5171 5567 -2156 1480 -3047
894 851 -5174 5565 -2159 1476 -3049
895 850 -5176 5563 -2158 1478 -3049
896 854 -5175 5562 -2160 1482 -3047
897 853 -5175 5563 -2162 1480 -3049
898 850 -5175 5563 -2158 1481 -3045
899 849 -5173 5564 -2162 1480 -3046
900 851 -5178 5562 -2158 1477 -3049
901 852 -5175 5564 -2160 1479 -3047
902 851 -5176 5559 -2159 1480 -3049
903 852 -5177 5561 -2162 1480 -3047
904 852 -5178 5562 -2161 1480 -3048
905 850 -5178 5560 -2161 1481 -3050
906 847 -5177 5560 -2158 1483 -3049
907 847 -5178 5559 -2160 1482 -3050
908 852 -5179 5561 -2161 1482 -3050
909 850 -5178 5562 -2163 1480 -3048
910 853 -5176 5561 -2160 1479 -3049
911 852 -5175 5559 -2156 1476 -3048
912 849 -5177 5556 -2157 1476 -3049
913 853 -5177 5556 -2159 1474 -3052
914 851 -5181 5559 -2160 1477 -3050
915 850 -5180 5558 -2162 1479 -3049
916 850 -5181 5557 -2164 1482 -3047
917 850 -5180 5558 -2161 1476 -3048
918 851 -5183 5556 -2156 1479 -3050
919 849 -5181 5556 -2157 1479 -3050
920 850 -5181 5555 -2161 1475 -3051
921 853 -5180 5557 -2160 1476 -3051
922 849 -5182 5553 -2159 1480 -3050
923 852 -5181 5555 -2158 1477 -3052
924 853 -5185 5556 -2157 1478 -3051
925 853 -5179 5559 -2156 1476 -3050
926 852 -5182 5559 -2157 1480 -3050
927 852 -5184 5553 -2155 1479 -3053
928 852 -5178 5555 -2157 1478 -3053
929 852 -5182 5557 -2156 1480 -3050
930 855 -5180 5559 -2161 1478 -3049
931 852 -5182 5554 -2160 1482 -3051
932 849 -5184 5558 -2160 1483 -3052
933 851 -5182 5556 -2164 1481 -3050
934 847 -5186 5555 -2161 1482 -3052
935 849 -5186 5553 -2162 1479 -3051
936 852 -5183 5557 -2160 1478 -3052
937 850 -5184 5555 -2160 1480 -3049
938 850 -5182 5557 -2158 1476 -3051
939 849 -5184 5552 -2160 1474 -3052
940 850 -5184 5554 -2160 1476 -3052
941 851 -5180 5555 -2155 1480 -3052
942 852 -5183 5559 -2156 1476 -3048
943 850 -5187 5554 -2158 1476 -3059
944 848 -5185 5556 -2158 1476 -3052
945 850 -5184 5555 -2156 1475 -3050
946 852 -5184 5556 -2155 1477 -3052
947 853 -5184 5553 -2159 1478 -3053
948 852 -5186 5556 -2159 1481 -3050
949 852 -5187 5555 -2156 1480 -3052
950 852 -5182 5556 -2158 1479 -3051
951 854 -5182 5557 -2160 1480 -3051
952 851 -5184 5556 -2158 1479 -3055
953 852 -5182 5555 -2159 1477 -3052
954 852 -5186 5555 -2160 1476 -3053
955 850 -5186 5557 -2158 1479 -3054
956 852 -5179 5557 -2157 1485 -3051
957 854 -5184 5553 -2160 1482 -3052
958 853 -5182 5556 -2160 1485 -3051
959 852 -5183 5558 -2157 1484 -3049
960 851 -5181 5556 -2155 1482 -3051
961 852 -5185 5556 -2157 1477 -3053
962 852 -5186 5553 -2159 1476 -3051
963 852 -5186 5550 -2154 1471 -3053
964 853 -5184 5551 -2156 1475 -3055
965 850 -5187 5553 -2157 1476 -3053
966 852 -5185 5554 -2159 1477 -3052
967 851 -5186 5553 -2160 1482 -3053
968 847 -5186 5553 -2161 1479 -3057
969 852 -5187 5554 -2160 1483 -3052
970 847 -5188 5554 -2158 1479 -3052
971 848 -5184 5554 -2158 1479 -3054
972 848 -5186 5556 -2157 1475 -3052
973 853 -5188 5554 -2159 1478 -3051
974 854 -5187 5555 -2163 1479 -3052
975 853 -5187 5553 -2160 1475 -3052
976 850 -5185 5554 -2159 1475 -3052
977 854 -5186 5553 -2157 1474 -3052
978 852 -5185 5552 -2156 1477 -3051
979 851 -5185 5558 -2160 1477 -3053
980 853 -5185 5553 -2162 1480 -3053
981 847 -5185 5556 -2160 1478 -3051
982 851 -5182 5557 -2159 1482 -3053
983 849 -5184 5555 -2160 1482 -3054
984 848 -5187 5557 -2160 1481 -3054
985 849 -5187 5555 -2162 1483 -3056
986 848 -5185 5555 -2159 1476 -3052
987 849 -5185 5556 -2159 1476 -3053
988 853 -5187 5555 -2158 1474 -3054
989 853 -5189 5552 -2155 1472 -3051
990 859 -5184 5553 -2157 1471 -3056
991 853 -5182 5554 -2153 1473 -3050
992 854 -5183 5555 -2156 1474 -3053
993 853 -5185 5557 -2156 1476 -3050
994 853 -5184 5557 -2157 1477 -3052
995 851 -5184 5558 -2157 1478 -3050
996 854 -5186 5556 -2162 1477 -3049
997 853 -5187 5556 -2160 1480 -3052
998 850 -5185 5559 -2157 1480 -3048
999 855 -5186 5558 -2160 1482 -3050
