0 1923 568 481 -2306 567 -2269
1 1924 563 482 -2306 569 -2275
2 1924 564 479 -2308 570 -2269
3 1925 567 481 -2308 568 -2272
4 1926 565 484 -2308 568 -2273
5 1925 563 481 -2305 568 -2269
6 1926 564 480 -2306 569 -2270
7 1922 563 486 -2304 567 -2271
8 1923 563 481 -2303 568 -2273
9 1923 563 480 -2306 568 -2270
10 1926 564 480 -2300 568 -2272
11 1922 564 481 -2306 568 -2277
12 1922 563 477 -2298 566 -2273
13 1920 566 477 -2303 567 -2273
14 1916 564 480 -2300 564 -2275
15 1920 565 479 -2300 567 -2273
16 1921 563 479 -2301 568 -2273
17 1921 564 481 -2303 570 -2272
18 1925 567 481 -2303 571 -2271
19 1927 567 483 -2304 571 -2268
20 1926 566 482 -2307 572 -2271
21 1929 561 482 -2308 571 -2272
22 1925 560 475 -2310 571 -2271
23 1927 562 482 -2310 568 -2273
24 1924 567 482 -2308 569 -2271
25 1927 563 480 -2307 572 -2271
26 1927 563 483 -2309 571 -2272
27 1925 564 480 -2305 571 -2271
28 1924 564 482 -2306 570 -2269
29 1924 566 481 -2308 568 -2270
30 1925 559 481 -2305 571 -2275
31 1926 565 479 -2308 569 -2270
32 1925 562 480 -2304 569 -2274
33 1925 565 480 -2304 566 -2274
34 1923 566 479 -2300 564 -2273
35 1922 565 483 -2299 566 -2273
36 1920 565 479 -2300 569 -2275
37 1922 565 480 -2300 564 -2273
38 1921 565 480 -2300 563 -2276
39 1921 565 480 -2299 564 -2275
40 1922 561 482 -2302 565 -2275
41 1923 565 479 -2304 568 -2273
42 1924 564 479 -2305 569 -2272
43 1922 563 480 -2300 568 -2275
44 1924 563 482 -2307 564 -2273
45 1922 562 481 -2309 567 -2273
46 1928 565 479 -2309 568 -2272
47 1928 566 480 -2313 570 -2273
48 1929 564 478 -2309 571 -2269
49 1932 565 482 -2312 571 -2270
50 1929 565 481 -2310 571 -2266
51 1928 562 479 -2308 572 -2270
52 1928 561 482 -2306 570 -2271
53 1929 563 483 -2308 569 -2272
54 1928 566 482 -2308 572 -2267
55 1925 563 477 -2302 568 -2272
56 1923 563 481 -2305 566 -2273
57 1920 561 479 -2300 568 -2273
58 1922 566 479 -2300 566 -2274
59 1919 567 479 -2301 566 -2275
60 1921 566 480 -2300 568 -2277
61 1923 564 483 -2299 565 -2275
62 1920 565 479 -2298 565 -2275
63 1921 566 482 -2298 562 -2276
64 1923 566 480 -2303 567 -2273
65 1921 566 482 -2301 564 -2276
66 1922 562 481 -2304 568 -2276
67 1924 566 481 -2305 565 -2271
68 1925 567 477 -2309 566 -2274
69 1926 561 479 -2308 569 -2269
70 1923 563 483 -2316 571 -2271
71 1926 563 483 -2313 570 -2271
72 1927 563 483 -2311 571 -2270
73 1927 562 481 -2311 572 -2272
74 1925 564 481 -2309 568 -2268
75 1925 565 481 -2310 569 -2270
76 1928 561 481 -2312 571 -2270
77 1929 564 480 -2308 569 -2273
78 1926 560 479 -2306 563 -2274
79 1925 566 479 -2307 566 -2271
80 1923 561 484 -2303 568 -2269
81 1925 561 479 -2304 568 -2275
82 1923 566 483 -2306 568 -2276
83 1920 565 480 -2303 563 -2275
84 1923 564 478 -2302 568 -2275
85 1921 566 478 -2301 564 -2274
86 1920 565 479 -2304 569 -2274
87 1923 562 481 -2299 568 -2273
88 1920 565 480 -2299 563 -2277
89 1919 565 477 -2301 567 -2273
90 1921 563 482 -2301 564 -2273
91 1922 564 480 -2303 567 -2273
92 1924 561 479 -2303 568 -2271
93 1925 565 482 -2308 568 -2274
94 1928 566 484 -2307 573 -2272
95 1928 567 486 -2305 573 -2268
96 1929 565 485 -2308 571 -2269
97 1931 566 484 -2311 572 -2272
98 1927 560 481 -2311 571 -2275
99 1927 561 478 -2309 570 -2271
100 1927 558 479 -2308 569 -2271
101 1926 563 480 -2305 570 -2272
102 1926 561 482 -2304 568 -2272
103 1924 564 482 -2305 568 -2273
104 1923 563 483 -2305 570 -2272
105 1926 563 478 -2304 570 -2270
106 1923 569 479 -2302 566 -2271
107 1920 565 480 -2301 567 -2274
108 1923 563 477 -2298 564 -2274
109 1920 564 479 -2299 569 -2275
110 1921 566 479 -2298 568 -2273
111 1921 568 482 -2303 568 -2273
112 1924 568 481 -2304 567 -2273
113 1925 567 482 -2305 572 -2273
114 1924 563 480 -2308 568 -2272
115 1926 563 480 -2304 567 -2271
116 1923 565 485 -2306 568 -2272
117 1923 563 481 -2305 568 -2272
118 1923 562 481 -2306 571 -2273
119 1928 567 482 -2308 572 -2272
120 1928 564 482 -2307 568 -2273
121 1930 563 481 -2306 571 -2269
122 1925 564 481 -2307 571 -2269
123 1925 567 484 -2305 570 -2272
124 1927 565 479 -2303 570 -2271
125 1925 569 480 -2307 569 -2272
126 1923 566 482 -2304 569 -2273
127 1923 564 482 -2301 568 -2268
128 1926 562 479 -2303 569 -2275
129 1924 565 479 -2303 568 -2272
130 1925 563 480 -2303 570 -2274
131 1925 566 482 -2303 570 -2272
132 1927 564 481 -2300 568 -2273
133 1927 565 483 -2303 567 -2274
134 1922 570 481 -2305 567 -2272
135 1924 565 479 -2304 569 -2274
136 1920 566 481 -2302 570 -2272
137 1927 565 480 -2305 570 -2271
138 1929 564 483 -2305 572 -2272
139 1924 566 478 -2306 570 -2272
140 1925 565 482 -2305 570 -2273
141 1928 566 484 -2303 567 -2271
142 1926 567 479 -2302 572 -2271
143 1924 564 485 -2302 568 -2267
144 1925 567 482 -2304 571 -2270
145 1923 565 481 -2303 568 -2274
146 1924 563 480 -2305 570 -2271
147 1922 567 479 -2302 568 -2273
148 1924 566 480 -2306 567 -2271
149 1925 565 480 -2304 565 -2277
150 1921 563 478 -2299 565 -2273
151 1923 562 482 -2301 568 -2273
152 1924 564 482 -2307 564 -2270
153 1926 568 480 -2303 568 -2268
154 1930 562 481 -2305 571 -2270
155 1928 562 482 -2309 571 -2271
156 1926 562 479 -2309 570 -2271
157 1925 564 482 -2308 564 -2271
158 1927 563 483 -2310 570 -2274
159 1927 560 481 -2305 569 -2272
160 1928 562 482 -2303 572 -2271
161 1928 568 483 -2307 569 -2266
162 1924 565 483 -2305 571 -2268
163 1927 565 477 -2304 570 -2271
164 1927 566 484 -2303 570 -2271
165 1927 566 484 -2299 570 -2270
166 1926 567 484 -2302 569 -2271
167 1926 568 485 -2298 573 -2270
168 1924 567 484 -2300 567 -2272
169 1921 565 481 -2298 568 -2273
170 1925 566 484 -2303 565 -2273
171 1922 564 478 -2300 564 -2272
172 1926 567 481 -2303 571 -2272
173 1925 566 481 -2304 569 -2271
174 1925 563 480 -2305 566 -2273
175 1922 563 482 -2304 569 -2274
176 1925 567 480 -2304 569 -2271
177 1921 562 480 -2308 571 -2271
178 1924 565 482 -2309 566 -2269
179 1927 560 481 -2310 570 -2269
180 1926 562 479 -2310 571 -2272
181 1928 564 482 -2311 572 -2268
182 1926 564 483 -2311 572 -2270
183 1929 563 481 -2311 570 -2271
184 1928 561 480 -2304 572 -2271
185 1922 567 483 -2305 569 -2272
186 1924 563 480 -2303 565 -2273
187 1924 565 481 -2305 569 -2272
188 1925 566 478 -2303 568 -2273
189 1923 563 481 -2300 571 -2272
190 1923 566 481 -2301 568 -2272
191 1920 566 480 -2300 568 -2272
192 1918 566 480 -2299 565 -2277
193 1921 564 477 -2300 566 -2273
194 1916 564 478 -2300 566 -2273
195 1924 566 483 -2297 569 -2272
196 1921 564 483 -2302 563 -2276
197 1918 568 480 -2300 566 -2272
198 1925 565 482 -2304 565 -2273
199 1923 566 480 -2305 568 -2272
200 1925 565 485 -2306 570 -2273
201 1920 562 480 -2308 567 -2270
202 1926 563 483 -2308 569 -2271
203 1927 562 482 -2311 569 -2271
204 1927 564 485 -2313 571 -2270
205 1927 564 480 -2316 571 -2268
206 1927 563 478 -2314 572 -2268
207 1931 562 482 -2310 571 -2270
208 1927 561 483 -2308 569 -2271
209 1926 565 479 -2310 569 -2272
210 1926 565 482 -2306 568 -2277
211 1923 563 480 -2303 564 -2272
212 1920 564 480 -2299 566 -2276
213 1921 565 478 -2302 566 -2272
214 1920 563 479 -2300 564 -2275
215 1919 563 479 -2301 568 -2275
216 1921 565 483 -2298 565 -2274
217 1923 565 476 -2301 567 -2277
218 1922 564 483 -2301 565 -2274
219 1921 566 479 -2299 567 -2273
220 1918 564 480 -2302 566 -2275
221 1921 562 479 -2304 565 -2271
222 1922 560 480 -2303 570 -2272
223 1924 568 482 -2305 573 -2269
224 1926 563 483 -2306 571 -2269
225 1929 566 483 -2308 573 -2269
226 1928 565 482 -2310 573 -2268
227 1926 564 481 -2306 572 -2268
228 1927 568 484 -2310 572 -2266
229 1931 565 484 -2309 572 -2271
230 1927 562 479 -2310 570 -2271
231 1924 560 481 -2310 570 -2271
232 1926 561 481 -2311 569 -2272
233 1930 564 478 -2308 570 -2271
234 1927 562 482 -2307 570 -2272
235 1924 562 480 -2302 569 -2272
236 1923 563 477 -2302 564 -2271
237 1924 564 482 -2299 564 -2274
238 1920 565 481 -2301 566 -2272
239 1923 563 480 -2298 568 -2273
240 1924 566 483 -2298 567 -2270
241 1924 567 482 -2296 567 -2272
242 1920 567 482 -2295 567 -2271
243 1921 568 484 -2298 570 -2271
244 1924 565 483 -2302 567 -2273
245 1923 566 482 -2303 570 -2275
246 1925 566 482 -2303 568 -2275
247 1924 567 486 -2306 568 -2273
248 1926 564 482 -2306 569 -2272
249 1926 564 482 -2309 567 -2272
250 1928 564 483 -2311 570 -2271
251 1926 565 482 -2309 570 -2269
252 1928 565 483 -2309 571 -2269
253 1927 565 482 -2310 571 -2269
254 1930 565 481 -2310 574 -2266
255 1927 565 482 -2305 571 -2270
256 1928 565 481 -2305 569 -2271
257 1928 567 480 -2302 569 -2270
258 1927 566 483 -2302 572 -2271
259 1926 566 484 -2301 570 -2272
260 1924 564 481 -2301 566 -2272
261 1919 564 482 -2303 564 -2270
262 1924 564 482 -2303 563 -2276
263 1921 561 480 -2303 562 -2273
264 1920 565 481 -2304 564 -2274
265 1921 563 480 -2300 564 -2272
266 1920 565 481 -2302 568 -2277
267 1922 563 479 -2301 563 -2276
268 1922 564 480 -2305 567 -2275
269 1922 562 478 -2308 565 -2273
270 1928 564 480 -2308 570 -2270
271 1922 561 479 -2308 568 -2272
272 1925 562 478 -2309 569 -2276
273 1925 561 482 -2309 570 -2273
274 1925 562 481 -2306 571 -2272
275 1925 563 480 -2309 569 -2272
276 1923 566 480 -2308 569 -2269
277 1929 566 481 -2304 572 -2268
278 1927 566 484 -2305 567 -2271
279 1924 563 480 -2306 570 -2273
280 1919 564 482 -2304 567 -2270
281 1921 564 479 -2305 569 -2270
282 1924 567 481 -2309 569 -2270
283 1923 564 480 -2307 569 -2271
284 1926 565 482 -2302 571 -2271
285 1924 566 479 -2303 570 -2272
286 1924 564 479 -2305 570 -2273
287 1923 563 482 -2304 568 -2272
288 1922 563 479 -2304 566 -2272
289 1923 565 482 -2302 568 -2271
290 1923 564 480 -2302 565 -2275
291 1923 563 480 -2303 568 -2273
292 1926 566 482 -2304 572 -2269
293 1925 568 482 -2304 570 -2274
294 1925 566 480 -2301 571 -2269
295 1925 565 483 -2300 571 -2268
296 1924 568 484 -2307 567 -2271
297 1928 567 482 -2303 571 -2270
298 1928 566 482 -2304 570 -2268
299 1930 568 481 -2308 571 -2268
300 1926 566 478 -2304 573 -2270
301 1928 566 484 -2304 571 -2271
302 1926 565 481 -2301 569 -2269
303 1924 565 483 -2303 569 -2268
304 1926 566 481 -2300 569 -2269
305 1924 564 483 -2304 567 -2270
306 1927 567 480 -2306 569 -2271
307 1924 567 483 -2301 569 -2272
308 1925 565 480 -2300 571 -2274
309 1926 565 482 -2304 571 -2272
310 1928 566 483 -2301 570 -2272
311 1925 567 485 -2304 573 -2272
312 1926 564 480 -2305 569 -2269
313 1925 563 480 -2307 571 -2274
314 1927 562 482 -2307 571 -2271
315 1923 564 484 -2305 573 -2269
316 1925 564 481 -2307 570 -2272
317 1925 568 483 -2305 568 -2274
318 1925 565 481 -2303 567 -2273
319 1925 564 480 -2303 567 -2270
320 1924 564 482 -2304 565 -2272
321 1926 562 484 -2307 567 -2271
322 1923 564 478 -2304 567 -2273
323 1922 561 483 -2304 565 -2272
324 1924 565 480 -2302 567 -2274
325 1925 563 480 -2303 566 -2270
326 1925 563 480 -2303 565 -2274
327 1923 563 480 -2303 568 -2273
328 1926 568 481 -2301 568 -2272
329 1925 564 484 -2303 568 -2272
330 1926 564 483 -2302 572 -2269
331 1925 566 480 -2304 571 -2268
332 1928 568 486 -2303 569 -2271
333 1928 565 485 -2305 569 -2269
334 1926 563 481 -2307 569 -2272
335 1923 563 482 -2307 567 -2271
336 1927 563 482 -2304 570 -2269
337 1926 565 483 -2305 571 -2273
338 1927 567 481 -2308 567 -2272
339 1926 567 484 -2306 568 -2270
340 1925 564 482 -2306 571 -2272
341 1925 565 481 -2303 570 -2274
342 1929 565 481 -2306 571 -2270
343 1923 564 478 -2306 567 -2273
344 1925 564 483 -2302 566 -2274
345 1923 562 480 -2305 567 -2274
346 1920 562 480 -2304 567 -2272
347 1924 565 481 -2306 566 -2276
348 1924 564 480 -2302 568 -2275
349 1921 565 482 -2300 566 -2273
350 1920 565 484 -2303 565 -2271
351 1920 563 480 -2300 567 -2273
352 1924 566 482 -2305 568 -2274
353 1923 563 482 -2303 566 -2274
354 1923 563 479 -2302 565 -2272
355 1925 561 478 -2305 567 -2274
356 1926 565 483 -2311 567 -2271
357 1923 561 482 -2310 569 -2274
358 1925 563 481 -2309 572 -2270
359 1926 561 480 -2307 569 -2269
360 1927 560 481 -2310 570 -2270
361 1926 565 481 -2308 570 -2270
362 1929 561 477 -2310 569 -2269
363 1929 563 482 -2313 570 -2272
364 1928 564 479 -2312 570 -2272
365 1927 563 480 -2309 573 -2272
366 1928 563 480 -2305 569 -2273
367 1923 562 478 -2301 569 -2275
368 1921 565 479 -2304 563 -2274
369 1923 563 480 -2306 563 -2274
370 1923 565 479 -2301 567 -2273
371 1923 566 478 -2301 570 -2273
372 1920 565 481 -2298 567 -2272
373 1924 561 481 -2299 564 -2275
374 1922 569 479 -2298 568 -2272
375 1925 567 482 -2299 566 -2274
376 1922 564 483 -2301 567 -2273
377 1920 563 482 -2304 567 -2273
378 1929 563 482 -2304 571 -2272
379 1925 567 482 -2306 569 -2272
380 1926 567 483 -2304 572 -2270
381 1931 566 483 -2308 569 -2269
382 1928 562 480 -2310 570 -2269
383 1928 564 482 -2309 570 -2270
384 1929 563 480 -2312 569 -2271
385 1930 566 483 -2309 571 -2270
386 1931 565 479 -2312 569 -2270
387 1930 567 483 -2306 573 -2268
388 1927 562 485 -2307 577 -2267
389 1927 565 486 -2305 571 -2269
390 1925 568 485 -2302 570 -2270
391 1926 565 483 -2300 566 -2271
392 1923 565 481 -2301 567 -2275
393 1922 562 482 -2300 570 -2273
394 1923 562 478 -2301 570 -2273
395 1922 566 482 -2299 569 -2273
396 1923 567 482 -2297 567 -2271
397 1921 567 485 -2298 566 -2272
398 1924 568 482 -2296 565 -2272
399 1922 568 483 -2300 570 -2275
400 1922 566 482 -2303 569 -2275
401 1923 564 480 -2304 568 -2271
402 1923 559 482 -2303 570 -2272
403 1923 562 480 -2305 571 -2271
404 1926 565 480 -2306 570 -2272
405 1927 565 482 -2308 572 -2269
406 1931 563 483 -2311 568 -2269
407 1926 564 481 -2310 570 -2270
408 1925 566 483 -2309 569 -2269
409 1929 562 478 -2307 569 -2272
410 1926 563 478 -2310 571 -2271
411 1928 566 481 -2304 572 -2273
412 1928 565 481 -2308 571 -2274
413 1928 566 479 -2306 570 -2269
414 1926 563 482 -2303 568 -2272
415 1926 565 481 -2301 569 -2269
416 1925 566 482 -2300 570 -2270
417 1924 568 482 -2297 570 -2269
418 1925 568 484 -2297 568 -2270
419 1923 568 485 -2303 567 -2271
420 1925 567 482 -2301 566 -2274
421 1925 564 480 -2302 568 -2275
422 1923 563 480 -2302 571 -2271
423 1923 564 484 -2305 571 -2273
424 1923 563 479 -2305 570 -2272
425 1925 566 479 -2305 567 -2273
426 1926 565 480 -2301 571 -2270
427 1925 565 483 -2305 570 -2272
428 1928 564 481 -2306 569 -2273
429 1927 564 481 -2309 573 -2270
430 1926 564 484 -2307 569 -2272
431 1929 560 480 -2309 570 -2269
432 1925 564 480 -2307 568 -2269
433 1922 563 479 -2304 569 -2270
434 1927 565 483 -2307 571 -2268
435 1926 564 483 -2304 569 -2270
436 1923 564 483 -2303 570 -2272
437 1923 565 483 -2302 570 -2272
438 1922 567 483 -2305 572 -2270
439 1922 563 483 -2304 569 -2272
440 1924 564 482 -2304 568 -2272
441 1926 565 480 -2302 570 -2271
442 1922 565 483 -2298 568 -2272
443 1922 565 483 -2302 566 -2272
444 1919 565 481 -2300 569 -2271
445 1924 564 483 -2301 569 -2271
446 1925 566 484 -2303 570 -2270
447 1927 567 482 -2301 570 -2271
448 1925 569 483 -2300 569 -2269
449 1927 566 484 -2305 573 -2269
450 1930 565 480 -2302 571 -2270
451 1926 564 482 -2305 570 -2268
452 1922 566 484 -2304 570 -2271
453 1927 566 485 -2305 570 -2270
454 1927 565 480 -2305 569 -2275
455 1927 564 481 -2308 571 -2272
456 1926 563 478 -2308 571 -2270
457 1927 566 482 -2303 571 -2269
458 1927 563 477 -2309 569 -2270
459 1922 563 480 -2305 568 -2272
460 1928 564 483 -2305 566 -2273
461 1927 565 483 -2302 567 -2271
462 1926 566 480 -2304 571 -2270
463 1922 563 480 -2306 570 -2270
464 1925 566 484 -2305 570 -2271
465 1924 562 482 -2305 570 -2270
466 1927 565 480 -2305 567 -2271
467 1924 565 480 -2304 569 -2270
468 1926 565 483 -2306 568 -2271
469 1928 565 482 -2301 570 -2271
470 1923 565 484 -2301 566 -2271
471 1924 566 481 -2304 564 -2272
472 1920 564 481 -2306 567 -2273
473 1925 566 481 -2308 569 -2272
474 1925 563 483 -2309 568 -2271
475 1925 565 480 -2307 570 -2272
476 1927 563 482 -2305 568 -2272
477 1927 563 484 -2307 571 -2274
478 1925 563 482 -2304 570 -2270
479 1924 564 482 -2304 566 -2268
480 1926 562 480 -2304 573 -2271
481 1926 566 483 -2306 570 -2271
482 1930 565 484 -2303 570 -2268
483 1922 565 484 -2302 569 -2268
484 1926 568 487 -2304 567 -2267
485 1925 566 482 -2299 572 -2267
486 1927 566 482 -2302 570 -2270
487 1926 564 484 -2303 569 -2268
488 1925 565 482 -2303 568 -2271
489 1926 566 482 -2305 568 -2270
490 1926 565 481 -2304 570 -2269
491 1925 564 482 -2305 568 -2270
492 1925 565 481 -2304 568 -2272
493 1926 565 479 -2307 573 -2269
494 1924 564 480 -2307 568 -2271
495 1922 562 479 -2304 572 -2270
496 1925 562 481 -2303 567 -2272
497 1925 561 478 -2305 567 -2273
498 1926 565 478 -2305 569 -2271
499 1927 567 484 -2305 569 -2276
500 1925 565 484 -2304 568 -2269
501 1926 566 481 -2306 567 -2274
502 1924 568 481 -2304 568 -2272
503 1924 566 480 -2304 570 -2272
504 1920 565 480 -2303 568 -2272
505 1926 564 481 -2302 570 -2270
506 1927 565 484 -2304 568 -2271
507 1924 565 482 -2303 569 -2271
508 1923 566 483 -2301 570 -2271
509 1925 568 486 -2301 570 -2268
510 1925 566 484 -2300 570 -2271
511 1925 566 483 -2303 573 -2270
512 1926 568 484 -2301 569 -2272
513 1924 569 483 -2302 570 -2268
514 1927 565 482 -2304 573 -2270
515 1928 568 485 -2308 573 -2266
516 1930 562 483 -2305 575 -2268
517 1930 567 482 -2308 572 -2269
518 1928 564 481 -2306 575 -2270
519 1927 564 481 -2306 569 -2269
520 1927 567 481 -2300 567 -2271
521 1927 568 482 -2303 571 -2270
522 1925 565 483 -2302 567 -2271
523 1926 567 483 -2301 571 -2271
524 1925 566 483 -2299 569 -2273
525 1926 568 480 -2298 571 -2271
526 1924 567 483 -2298 568 -2273
527 1923 568 480 -2301 568 -2271
528 1924 566 480 -2298 567 -2272
529 1924 567 483 -2300 566 -2273
530 1924 566 483 -2302 566 -2269
531 1924 565 482 -2306 569 -2276
532 1923 564 483 -2305 569 -2269
533 1927 565 480 -2304 569 -2270
534 1927 564 480 -2307 570 -2271
535 1923 561 479 -2305 572 -2271
536 1927 568 480 -2305 572 -2268
537 1927 566 486 -2303 573 -2269
538 1928 568 483 -2309 572 -2268
539 1928 564 484 -2309 571 -2269
540 1928 568 482 -2308 571 -2270
541 1928 564 482 -2311 569 -2272
542 1926 561 478 -2307 570 -2271
543 1926 564 480 -2306 568 -2272
544 1923 563 482 -2308 569 -2275
545 1926 567 482 -2305 568 -2272
546 1925 565 478 -2302 567 -2273
547 1922 565 478 -2300 566 -2271
548 1922 566 481 -2298 564 -2272
549 1920 565 481 -2296 564 -2275
550 1921 568 481 -2298 562 -2276
551 1922 566 483 -2299 565 -2273
552 1920 565 480 -2298 565 -2273
553 1923 563 481 -2303 564 -2273
554 1924 563 478 -2301 568 -2271
555 1920 563 480 -2303 567 -2274
556 1922 563 481 -2303 569 -2274
557 1924 565 483 -2304 570 -2272
558 1930 566 482 -2304 575 -2268
559 1928 564 482 -2309 573 -2267
560 1929 568 484 -2308 570 -2270
561 1929 563 478 -2311 571 -2269
562 1927 564 481 -2309 573 -2273
563 1931 568 479 -2307 572 -2268
564 1929 565 484 -2306 571 -2267
565 1932 565 482 -2304 570 -2270
566 1927 565 486 -2304 574 -2268
567 1929 567 482 -2308 571 -2267
568 1927 567 481 -2303 570 -2271
569 1926 568 483 -2300 571 -2269
570 1926 568 483 -2299 570 -2268
571 1926 567 482 -2303 565 -2273
572 1924 563 480 -2301 567 -2273
573 1922 566 482 -2299 564 -2274
574 1923 570 480 -2298 569 -2273
575 1923 565 483 -2298 568 -2271
576 1922 568 483 -2304 565 -2276
577 1923 563 478 -2302 566 -2273
578 1924 565 480 -2301 568 -2275
579 1926 565 481 -2302 569 -2275
580 1929 566 482 -2304 570 -2270
581 1927 568 482 -2302 571 -2271
582 1928 567 484 -2301 567 -2271
583 1925 564 485 -2304 570 -2271
584 1928 563 482 -2306 572 -2269
585 1928 566 484 -2309 571 -2267
586 1927 566 483 -2308 571 -2271
587 1929 564 482 -2308 570 -2272
588 1927 562 480 -2309 569 -2272
589 1925 562 478 -2307 570 -2271
590 1929 562 481 -2308 569 -2272
591 1925 561 482 -2309 568 -2272
592 1926 560 480 -2310 569 -2273
593 1927 566 478 -2305 570 -2269
594 1920 561 482 -2307 571 -2276
595 1923 564 480 -2306 568 -2274
596 1925 566 483 -2301 566 -2276
597 1921 562 481 -2300 565 -2272
598 1924 567 480 -2301 567 -2273
599 1921 564 480 -2302 564 -2276
600 1918 565 483 -2301 566 -2271
601 1921 567 480 -2301 567 -2273
602 1923 565 480 -2303 568 -2276
603 1924 564 482 -2306 566 -2276
604 1924 568 480 -2303 564 -2273
605 1920 565 482 -2300 566 -2273
606 1920 564 479 -2304 566 -2269
607 1922 562 480 -2305 571 -2272
608 1925 564 484 -2310 568 -2272
609 1926 563 480 -2309 571 -2270
610 1926 566 479 -2308 571 -2270
611 1925 561 482 -2311 573 -2270
612 1924 563 480 -2311 571 -2272
613 1925 559 481 -2307 569 -2269
614 1925 565 480 -2304 569 -2272
615 1924 563 480 -2308 568 -2271
616 1927 561 476 -2306 570 -2270
617 1924 562 484 -2308 571 -2272
618 1924 564 481 -2305 570 -2270
619 1923 562 483 -2310 570 -2273
620 1923 564 479 -2306 569 -2271
621 1921 565 482 -2305 566 -2271
622 1919 564 480 -2302 564 -2274
623 1921 564 479 -2301 566 -2275
624 1922 563 480 -2300 564 -2274
625 1921 565 480 -2300 569 -2272
626 1923 566 482 -2304 568 -2273
627 1925 563 480 -2302 566 -2270
628 1923 566 480 -2300 567 -2270
629 1925 567 480 -2301 569 -2271
630 1928 569 483 -2303 568 -2271
631 1927 566 484 -2301 570 -2270
632 1927 567 482 -2304 568 -2270
633 1932 567 484 -2308 572 -2273
634 1927 563 483 -2307 571 -2272
635 1930 568 484 -2309 568 -2270
636 1929 569 484 -2306 571 -2267
637 1929 567 485 -2310 568 -2270
638 1923 565 482 -2308 569 -2271
639 1926 564 481 -2304 568 -2270
640 1926 565 483 -2304 569 -2270
641 1922 563 481 -2307 565 -2273
642 1925 565 480 -2302 567 -2273
643 1923 563 481 -2306 570 -2272
644 1929 563 485 -2303 567 -2270
645 1928 567 486 -2303 566 -2271
646 1923 563 481 -2299 568 -2272
647 1922 565 480 -2306 568 -2272
648 1923 564 479 -2300 567 -2270
649 1922 563 479 -2301 563 -2272
650 1923 563 483 -2303 570 -2273
651 1923 565 483 -2301 566 -2272
652 1922 563 481 -2304 565 -2273
653 1924 567 480 -2305 567 -2273
654 1927 567 477 -2306 572 -2270
655 1924 564 481 -2306 569 -2272
656 1927 563 481 -2305 568 -2272
657 1926 564 480 -2306 568 -2271
658 1926 568 481 -2307 568 -2274
659 1926 563 480 -2310 567 -2270
660 1927 564 478 -2304 567 -2273
661 1924 569 483 -2307 569 -2270
662 1924 566 480 -2301 573 -2268
663 1926 563 481 -2307 570 -2271
664 1922 563 480 -2303 571 -2273
665 1927 566 481 -2302 567 -2272
666 1925 563 483 -2303 565 -2272
667 1925 565 479 -2304 565 -2271
668 1925 567 482 -2303 570 -2272
669 1923 567 480 -2304 568 -2274
670 1921 564 479 -2303 567 -2274
671 1923 562 481 -2305 567 -2274
672 1924 567 483 -2306 567 -2271
673 1925 563 481 -2303 569 -2272
674 1926 565 482 -2304 570 -2271
675 1925 565 485 -2305 571 -2273
676 1924 563 482 -2303 568 -2272
677 1927 565 485 -2303 571 -2272
678 1926 565 479 -2306 570 -2273
679 1926 565 481 -2305 567 -2272
680 1925 564 481 -2303 566 -2271
681 1927 565 480 -2303 572 -2272
682 1925 566 482 -2305 571 -2269
683 1924 566 481 -2302 569 -2276
684 1928 562 483 -2302 569 -2275
685 1922 566 479 -2303 568 -2271
686 1926 568 481 -2301 570 -2272
687 1923 564 482 -2302 572 -2273
688 1922 566 479 -2301 570 -2274
689 1923 565 483 -2302 572 -2274
690 1924 565 482 -2302 568 -2272
691 1924 564 480 -2301 571 -2271
692 1921 567 481 -2302 569 -2269
693 1925 569 484 -2304 570 -2268
694 1926 566 483 -2306 570 -2269
695 1927 564 480 -2303 570 -2269
696 1929 566 480 -2304 574 -2268
697 1929 565 483 -2306 572 -2268
698 1928 565 484 -2306 570 -2274
699 1926 562 483 -2308 571 -2269
700 1928 567 484 -2304 569 -2270
701 1928 564 483 -2303 573 -2269
702 1926 565 484 -2304 571 -2273
703 1927 564 482 -2304 572 -2274
704 1926 565 481 -2305 566 -2270
705 1923 569 481 -2301 567 -2277
706 1926 565 480 -2302 570 -2271
707 1922 568 482 -2300 567 -2272
708 1922 564 482 -2300 566 -2271
709 1918 565 483 -2302 566 -2274
710 1926 565 480 -2300 573 -2271
711 1926 568 484 -2300 569 -2272
712 1927 567 485 -2300 568 -2269
713 1929 567 486 -2303 571 -2270
714 1926 565 484 -2302 573 -2269
715 1925 567 483 -2304 571 -2267
716 1929 569 484 -2302 572 -2268
717 1927 567 484 -2299 570 -2269
718 1930 567 483 -2303 572 -2264
719 1926 565 481 -2303 569 -2270
720 1930 566 484 -2306 571 -2267
721 1931 568 483 -2306 570 -2272
722 1924 562 484 -2308 572 -2266
723 1927 565 481 -2307 572 -2271
724 1930 565 480 -2307 573 -2268
725 1927 564 484 -2305 573 -2269
726 1929 564 483 -2305 571 -2270
727 1926 565 486 -2304 569 -2272
728 1924 565 483 -2304 568 -2273
729 1923 565 482 -2301 567 -2274
730 1922 563 483 -2300 566 -2272
731 1921 565 482 -2300 569 -2272
732 1919 565 482 -2300 566 -2272
733 1924 568 480 -2299 567 -2272
734 1923 566 484 -2299 566 -2274
735 1924 568 481 -2298 567 -2275
736 1927 566 482 -2296 568 -2274
737 1920 567 481 -2300 568 -2270
738 1924 567 482 -2302 570 -2276
739 1927 568 482 -2303 571 -2270
740 1924 567 484 -2306 569 -2274
741 1928 567 483 -2306 571 -2272
742 1927 566 480 -2309 571 -2271
743 1928 566 485 -2311 573 -2270
744 1927 563 483 -2311 573 -2268
745 1929 564 480 -2312 571 -2271
746 1929 562 479 -2309 571 -2271
747 1929 562 481 -2308 568 -2271
748 1930 564 479 -2310 571 -2270
749 1928 561 485 -2311 568 -2272
750 1927 563 481 -2307 571 -2271
751 1927 563 480 -2305 568 -2269
752 1923 566 482 -2301 573 -2272
753 1924 566 483 -2298 564 -2273
754 1920 567 480 -2296 567 -2273
755 1924 564 482 -2300 566 -2273
756 1922 570 483 -2299 566 -2271
757 1921 565 482 -2298 565 -2275
758 1920 568 479 -2299 568 -2276
759 1925 567 481 -2298 566 -2270
760 1927 566 484 -2296 569 -2270
761 1922 565 485 -2299 568 -2270
762 1927 568 485 -2301 571 -2271
763 1927 568 484 -2305 570 -2267
764 1930 568 484 -2307 573 -2268
765 1930 564 486 -2308 575 -2269
766 1930 565 484 -2311 575 -2265
767 1933 564 482 -2313 573 -2270
768 1932 563 484 -2312 576 -2267
769 1933 566 483 -2308 575 -2267
770 1930 565 487 -2307 575 -2270
771 1930 562 482 -2306 574 -2269
772 1927 568 484 -2302 574 -2270
773 1927 566 482 -2299 571 -2272
774 1925 567 484 -2300 568 -2270
775 1923 568 484 -2299 566 -2270
776 1921 566 484 -2299 564 -2271
777 1920 565 483 -2297 567 -2276
778 1918 567 479 -2295 568 -2272
779 1922 566 484 -2294 568 -2271
780 1922 567 482 -2299 566 -2275
781 1926 567 481 -2297 569 -2271
782 1926 566 483 -2296 569 -2269
783 1927 568 484 -2302 569 -2273
784 1928 567 484 -2304 571 -2267
785 1925 565 483 -2302 574 -2272
786 1926 567 483 -2306 575 -2268
787 1932 567 484 -2308 571 -2269
788 1929 566 484 -2305 568 -2274
789 1931 566 487 -2306 569 -2271
790 1927 562 484 -2307 569 -2267
791 1929 565 481 -2309 571 -2271
792 1925 567 480 -2308 571 -2271
793 1924 564 481 -2301 568 -2271
794 1926 566 482 -2302 570 -2268
795 1926 566 484 -2306 566 -2272
796 1927 564 483 -2308 566 -2268
797 1924 565 478 -2304 570 -2273
798 1924 561 482 -2306 569 -2272
799 1923 566 482 -2303 568 -2273
800 1922 566 483 -2303 570 -2273
801 1922 564 480 -2300 565 -2275
802 1926 565 482 -2298 567 -2270
803 1923 563 480 -2302 566 -2274
804 1924 565 479 -2301 566 -2271
805 1924 567 480 -2304 568 -2272
806 1926 565 482 -2305 569 -2274
807 1927 562 482 -2303 570 -2273
808 1927 565 478 -2303 571 -2274
809 1928 563 478 -2304 569 -2268
810 1928 567 480 -2306 570 -2272
811 1926 562 483 -2303 566 -2270
812 1927 567 481 -2306 570 -2274
813 1925 562 482 -2304 572 -2269
814 1928 568 482 -2303 572 -2270
815 1927 565 485 -2304 572 -2270
816 1929 562 484 -2304 566 -2273
817 1923 561 482 -2303 568 -2271
818 1926 563 481 -2304 567 -2269
819 1924 562 482 -2306 567 -2270
820 1924 563 481 -2306 570 -2270
821 1927 564 478 -2308 571 -2273
822 1926 563 480 -2310 570 -2269
823 1926 563 483 -2305 565 -2270
824 1925 567 483 -2305 570 -2271
825 1926 564 478 -2302 566 -2272
826 1923 564 483 -2304 568 -2270
827 1923 567 481 -2305 571 -2272
828 1922 564 482 -2300 569 -2271
829 1925 566 483 -2304 568 -2273
830 1924 567 481 -2303 568 -2272
831 1924 566 480 -2302 571 -2273
832 1925 567 481 -2303 568 -2271
833 1924 564 482 -2301 570 -2270
834 1925 566 483 -2302 570 -2272
835 1923 566 483 -2302 566 -2268
836 1926 568 482 -2300 567 -2272
837 1930 565 486 -2299 571 -2270
838 1925 565 483 -2300 571 -2268
839 1924 569 486 -2301 568 -2270
840 1921 568 485 -2301 571 -2267
841 1925 564 482 -2306 569 -2271
842 1925 562 480 -2307 570 -2271
843 1926 565 481 -2307 573 -2267
844 1927 566 479 -2302 573 -2268
845 1925 566 484 -2305 569 -2269
846 1925 564 482 -2310 570 -2270
847 1926 565 479 -2307 573 -2272
848 1928 566 484 -2308 571 -2272
849 1925 567 483 -2308 571 -2268
850 1926 562 483 -2304 569 -2270
851 1926 565 484 -2307 569 -2272
852 1924 564 483 -2302 572 -2273
853 1924 567 482 -2304 568 -2271
854 1925 564 484 -2298 570 -2272
855 1924 568 481 -2302 572 -2273
856 1926 566 481 -2301 562 -2270
857 1926 563 482 -2300 565 -2270
858 1924 567 478 -2298 565 -2275
859 1922 566 478 -2302 571 -2271
860 1923 565 483 -2304 569 -2275
861 1923 567 483 -2304 573 -2270
862 1924 565 480 -2303 568 -2270
863 1925 565 480 -2301 568 -2272
864 1922 565 484 -2306 567 -2273
865 1925 565 484 -2305 571 -2270
866 1925 566 484 -2305 570 -2272
867 1925 566 480 -2306 571 -2272
868 1924 566 482 -2304 570 -2269
869 1924 565 485 -2304 571 -2270
870 1924 565 482 -2303 573 -2270
871 1928 565 483 -2305 570 -2271
872 1930 565 483 -2306 571 -2269
873 1930 566 484 -2306 573 -2267
874 1929 566 487 -2305 574 -2270
875 1927 563 483 -2306 573 -2270
876 1929 568 483 -2304 572 -2269
877 1927 565 485 -2304 572 -2269
878 1927 566 483 -2307 569 -2271
879 1927 563 480 -2301 568 -2272
880 1925 563 481 -2299 565 -2272
881 1925 563 479 -2300 563 -2274
882 1920 564 483 -2300 563 -2270
883 1928 565 480 -2301 568 -2274
884 1926 563 481 -2302 566 -2272
885 1924 565 478 -2297 570 -2271
886 1922 565 481 -2301 571 -2272
887 1924 564 484 -2300 574 -2271
888 1923 564 483 -2307 568 -2271
889 1925 564 483 -2305 573 -2270
890 1924 566 481 -2306 568 -2273
891 1925 563 479 -2304 569 -2274
892 1925 561 485 -2305 567 -2270
893 1925 567 483 -2307 569 -2272
894 1926 563 480 -2306 570 -2271
895 1925 565 480 -2307 567 -2270
896 1926 565 483 -2304 568 -2269
897 1926 565 481 -2306 567 -2270
898 1924 564 481 -2307 570 -2270
899 1926 562 481 -2310 567 -2271
900 1927 562 482 -2309 568 -2270
901 1927 563 479 -2307 570 -2269
902 1927 562 482 -2306 572 -2269
903 1929 562 485 -2309 573 -2270
904 1928 566 484 -2305 569 -2270
905 1931 564 481 -2304 570 -2268
906 1927 565 480 -2300 566 -2269
907 1927 570 484 -2300 568 -2270
908 1923 566 483 -2297 569 -2271
909 1925 564 486 -2295 566 -2272
910 1923 566 481 -2295 565 -2274
911 1923 570 481 -2296 565 -2272
912 1922 565 482 -2301 564 -2275
913 1920 565 479 -2299 563 -2274
914 1920 561 482 -2300 567 -2273
915 1923 567 482 -2300 569 -2269
916 1923 566 481 -2301 570 -2268
917 1926 568 484 -2306 569 -2271
918 1928 564 479 -2307 571 -2272
919 1926 564 481 -2311 573 -2269
920 1932 565 485 -2310 574 -2270
921 1928 567 481 -2309 573 -2269
922 1927 565 482 -2308 572 -2270
923 1930 563 483 -2309 573 -2268
924 1930 564 482 -2308 572 -2266
925 1929 563 483 -2307 571 -2273
926 1927 564 480 -2307 570 -2270
927 1927 567 484 -2308 572 -2268
928 1928 565 484 -2302 572 -2272
929 1929 567 481 -2302 571 -2271
930 1924 567 481 -2301 570 -2272
931 1923 565 484 -2298 570 -2273
932 1924 565 484 -2295 564 -2272
933 1922 568 483 -2297 565 -2272
934 1922 567 483 -2297 564 -2271
935 1920 567 483 -2300 567 -2273
936 1920 565 481 -2298 563 -2275
937 1919 565 480 -2301 566 -2275
938 1923 563 479 -2304 568 -2272
939 1923 564 481 -2304 566 -2272
940 1922 563 482 -2305 567 -2273
941 1925 564 480 -2308 570 -2273
942 1927 559 483 -2307 573 -2271
943 1926 565 479 -2312 574 -2270
944 1929 563 482 -2311 572 -2274
945 1927 562 481 -2313 570 -2270
946 1929 562 482 -2312 568 -2268
947 1925 562 480 -2311 571 -2268
948 1927 564 481 -2310 570 -2271
949 1931 565 482 -2304 570 -2270
950 1925 565 487 -2306 572 -2270
951 1924 564 484 -2302 571 -2272
952 1924 565 486 -2302 570 -2271
953 1923 566 482 -2298 568 -2273
954 1925 565 481 -2301 566 -2273
955 1923 566 482 -2297 567 -2270
956 1919 565 481 -2298 568 -2274
957 1920 567 480 -2298 567 -2272
958 1923 567 481 -2297 565 -2269
959 1922 566 480 -2299 564 -2274
960 1922 564 480 -2302 566 -2276
961 1922 562 481 -2302 568 -2276
962 1926 565 483 -2304 568 -2272
963 1922 562 482 -2303 566 -2275
964 1925 561 480 -2308 570 -2272
965 1927 563 480 -2310 570 -2271
966 1926 565 481 -2310 572 -2267
967 1929 563 483 -2306 569 -2268
968 1928 563 484 -2310 569 -2272
969 1924 563 480 -2311 569 -2268
970 1926 562 482 -2307 568 -2273
971 1923 563 480 -2309 568 -2270
972 1927 561 479 -2309 571 -2270
973 1923 562 480 -2306 567 -2274
974 1922 562 480 -2307 565 -2273
975 1923 559 479 -2304 566 -2276
976 1922 562 479 -2304 571 -2273
977 1924 563 479 -2303 565 -2273
978 1917 565 481 -2301 563 -2277
979 1922 564 480 -2300 563 -2276
980 1922 566 477 -2300 563 -2271
981 1921 566 482 -2299 563 -2278
982 1924 565 482 -2301 565 -2273
983 1920 566 479 -2302 568 -2273
984 1924 564 480 -2304 570 -2272
985 1923 561 482 -2303 569 -2271
986 1924 561 482 -2308 570 -2270
987 1922 560 480 -2312 569 -2272
988 1928 564 481 -2310 569 -2273
989 1928 562 480 -2312 568 -2270
990 1925 564 482 -2308 571 -2272
991 1927 563 481 -2309 568 -2272
992 1927 562 480 -2308 571 -2273
993 1924 564 482 -2307 570 -2269
994 1927 564 481 -2308 570 -2272
995 1924 567 479 -2307 570 -2272
996 1930 563 483 -2304 568 -2272
997 1925 567 481 -2304 568 -2272
998 1928 566 482 -2302 568 -2268
999 1926 568 483 -2301 568 -2269
0 2068 -5106 383 -2745 927 2442
1 2067 -5105 384 -2748 926 2443
2 2068 -5106 385 -2748 926 2442
3 2066 -5107 385 -2752 933 2441
4 2068 -5107 383 -2754 922 2442
5 2068 -5106 379 -2752 930 2442
6 2067 -5107 383 -2750 929 2441
7 2067 -5107 383 -2752 928 2442
8 2066 -5109 386 -2752 927 2442
9 2070 -5104 387 -2750 925 2443
10 2065 -5106 382 -2750 926 2441
11 2068 -5103 384 -2749 928 2442
12 2069 -5108 386 -2750 931 2442
13 2065 -5106 380 -2750 928 2441
14 2066 -5106 383 -2750 924 2440
15 2067 -5105 382 -2751 927 2436
16 2067 -5106 382 -2746 927 2440
17 2068 -5109 386 -2747 925 2440
18 2067 -5104 383 -2745 924 2441
19 2065 -5106 380 -2743 926 2438
20 2065 -5104 380 -2744 926 2442
21 2065 -5104 384 -2741 927 2442
22 2065 -5102 385 -2744 925 2443
23 2067 -5104 383 -2742 924 2442
24 2066 -5104 383 -2743 926 2441
25 2069 -5104 383 -2745 925 2438
26 2069 -5104 383 -2746 924 2443
27 2069 -5106 380 -2744 928 2442
28 2071 -5105 384 -2747 929 2442
29 2072 -5104 383 -2749 930 2442
30 2070 -5102 380 -2749 926 2440
31 2069 -5106 381 -2748 925 2438
32 2067 -5108 379 -2745 923 2438
33 2065 -5107 380 -2745 927 2440
34 2066 -5108 382 -2748 924 2441
35 2066 -5107 382 -2746 925 2441
36 2065 -5106 381 -2742 927 2442
37 2066 -5105 381 -2739 927 2438
38 2068 -5106 385 -2738 925 2441
39 2067 -5104 380 -2737 922 2436
40 2065 -5106 379 -2740 929 2441
41 2063 -5104 382 -2740 927 2439
42 2064 -5109 381 -2744 927 2439
43 2064 -5106 382 -2738 926 2441
44 2067 -5111 380 -2739 928 2441
45 2069 -5107 383 -2740 926 2439
46 2068 -5107 379 -2742 928 2439
47 2068 -5109 382 -2741 925 2440
48 2071 -5107 379 -2738 927 2437
49 2067 -5108 380 -2744 922 2437
50 2063 -5110 378 -2744 922 2437
51 2065 -5107 376 -2745 924 2438
52 2068 -5112 379 -2744 924 2441
53 2067 -5108 382 -2741 927 2437
54 2067 -5106 380 -2740 924 2439
55 2066 -5108 379 -2744 924 2439
56 2064 -5110 378 -2740 924 2441
57 2063 -5113 377 -2744 923 2438
58 2068 -5108 376 -2743 922 2438
59 2065 -5112 377 -2743 922 2437
60 2065 -5109 375 -2737 922 2435
61 2064 -5111 382 -2739 924 2437
62 2065 -5112 375 -2739 920 2436
63 2063 -5113 376 -2738 924 2436
64 2062 -5114 374 -2737 918 2437
65 2064 -5109 375 -2736 921 2435
66 2063 -5112 376 -2738 924 2437
67 2064 -5111 378 -2736 920 2436
68 2064 -5113 377 -2736 924 2439
69 2065 -5110 377 -2739 924 2442
70 2065 -5113 378 -2740 923 2438
71 2069 -5113 378 -2740 925 2438
72 2065 -5114 375 -2743 927 2438
73 2065 -5114 375 -2739 922 2437
74 2067 -5110 375 -2739 927 2437
75 2067 -5112 377 -2739 925 2436
76 2066 -5108 378 -2741 925 2437
77 2067 -5111 378 -2740 924 2436
78 2063 -5109 377 -2741 922 2440
79 2065 -5111 375 -2740 922 2432
80 2063 -5113 372 -2738 924 2434
81 2062 -5112 374 -2736 919 2437
82 2061 -5112 374 -2732 924 2437
83 2064 -5108 374 -2733 923 2432
84 2063 -5112 375 -2738 922 2439
85 2064 -5113 373 -2736 924 2436
86 2066 -5110 376 -2739 922 2437
87 2066 -5113 373 -2734 920 2436
88 2065 -5115 373 -2736 924 2437
89 2066 -5114 377 -2735 925 2434
90 2067 -5111 370 -2738 924 2435
91 2062 -5115 374 -2736 924 2436
92 2065 -5114 372 -2737 922 2439
93 2063 -5114 375 -2739 924 2434
94 2067 -5111 370 -2736 924 2435
95 2065 -5116 373 -2741 924 2432
96 2063 -5113 372 -2741 922 2436
97 2064 -5118 369 -2742 924 2434
98 2066 -5115 373 -2737 923 2434
99 2065 -5118 370 -2734 925 2431
100 2060 -5115 370 -2735 922 2431
101 2061 -5113 371 -2736 924 2435
102 2065 -5116 371 -2738 920 2432
103 2062 -5113 370 -2737 920 2433
104 2063 -5110 371 -2735 920 2430
105 2066 -5114 370 -2736 920 2432
106 2063 -5115 367 -2734 922 2433
107 2063 -5113 367 -2735 922 2431
108 2061 -5116 368 -2733 924 2433
109 2064 -5112 370 -2736 920 2430
110 2060 -5114 367 -2737 921 2431
111 2064 -5117 366 -2738 922 2429
112 2064 -5114 367 -2738 921 2429
113 2065 -5115 368 -2740 920 2429
114 2065 -5118 366 -2739 920 2432
115 2064 -5117 367 -2737 923 2432
116 2063 -5117 368 -2737 921 2428
117 2063 -5117 366 -2737 922 2433
118 2064 -5115 368 -2739 920 2432
119 2063 -5114 367 -2737 922 2431
120 2064 -5115 369 -2742 920 2433
121 2064 -5117 365 -2739 922 2430
122 2067 -5117 366 -2737 920 2430
123 2062 -5114 368 -2734 923 2432
124 2065 -5115 369 -2737 923 2432
125 2064 -5118 367 -2734 925 2433
126 2066 -5115 370 -2730 924 2433
127 2064 -5118 369 -2734 924 2431
128 2066 -5119 366 -2733 923 2428
129 2063 -5116 365 -2737 922 2430
130 2063 -5116 365 -2735 922 2430
131 2064 -5118 368 -2735 923 2431
132 2064 -5116 364 -2731 922 2431
133 2063 -5119 366 -2737 919 2428
134 2064 -5120 365 -2735 922 2428
135 2062 -5118 364 -2734 920 2430
136 2060 -5117 363 -2735 920 2428
137 2062 -5120 368 -2734 921 2430
138 2065 -5117 364 -2734 924 2429
139 2065 -5118 366 -2737 922 2432
140 2063 -5120 364 -2733 919 2430
141 2063 -5119 363 -2734 920 2429
142 2066 -5119 362 -2735 921 2426
143 2065 -5119 364 -2733 924 2429
144 2066 -5118 361 -2732 921 2426
145 2060 -5119 362 -2735 921 2425
146 2063 -5121 362 -2737 916 2429
147 2065 -5123 360 -2737 919 2427
148 2064 -5122 361 -2735 920 2429
149 2064 -5122 363 -2733 916 2428
150 2063 -5121 363 -2733 919 2427
151 2058 -5123 361 -2736 919 2426
152 2060 -5124 358 -2736 915 2426
153 2064 -5123 357 -2732 919 2430
154 2066 -5122 360 -2733 919 2425
155 2063 -5124 359 -2732 916 2426
156 2062 -5122 360 -2731 918 2427
157 2060 -5124 358 -2735 919 2428
158 2064 -5121 358 -2733 922 2431
159 2062 -5123 360 -2731 921 2425
160 2063 -5120 359 -2730 918 2428
161 2062 -5121 360 -2732 924 2428
162 2068 -5120 360 -2733 924 2427
163 2064 -5121 360 -2732 921 2426
164 2065 -5124 364 -2730 923 2425
165 2062 -5122 362 -2732 924 2430
166 2065 -5125 357 -2734 926 2431
167 2067 -5121 360 -2736 925 2428
168 2067 -5121 358 -2733 924 2425
169 2061 -5122 360 -2733 921 2426
170 2064 -5123 359 -2732 922 2431
171 2063 -5122 361 -2729 923 2424
172 2065 -5121 360 -2730 921 2425
173 2063 -5122 356 -2732 921 2424
174 2063 -5123 357 -2731 921 2425
175 2062 -5126 355 -2732 919 2423
176 2064 -5125 356 -2728 917 2424
177 2062 -5124 357 -2728 917 2426
178 2061 -5124 356 -2727 918 2421
179 2058 -5125 357 -2726 923 2423
180 2061 -5123 356 -2729 915 2423
181 2063 -5124 357 -2729 920 2422
182 2063 -5126 353 -2733 922 2423
183 2064 -5124 356 -2732 920 2424
184 2058 -5126 355 -2735 920 2423
185 2064 -5128 356 -2732 919 2423
186 2063 -5131 353 -2729 920 2423
187 2064 -5126 354 -2731 920 2424
188 2064 -5122 358 -2732 923 2425
189 2065 -5125 356 -2735 923 2423
190 2062 -5123 351 -2730 920 2420
191 2059 -5124 355 -2730 923 2422
192 2065 -5124 355 -2726 922 2424
193 2059 -5125 355 -2726 922 2421
194 2063 -5125 353 -2730 919 2423
195 2064 -5124 352 -2729 921 2422
196 2062 -5125 350 -2729 920 2422
197 2063 -5128 351 -2725 920 2422
198 2060 -5128 355 -2725 920 2422
199 2059 -5130 354 -2727 916 2421
200 2061 -5127 351 -2725 920 2419
201 2062 -5127 349 -2728 919 2421
202 2058 -5128 351 -2728 915 2418
203 2059 -5129 350 -2728 916 2420
204 2060 -5130 344 -2725 921 2422
205 2061 -5129 352 -2728 920 2422
206 2062 -5129 350 -2724 922 2418
207 2060 -5128 352 -2724 922 2420
208 2060 -5129 352 -2727 919 2418
209 2062 -5128 348 -2728 914 2417
210 2059 -5131 349 -2731 916 2414
211 2061 -5129 347 -2727 914 2416
212 2060 -5133 348 -2730 916 2419
213 2059 -5130 350 -2731 920 2419
214 2063 -5133 348 -2731 917 2416
215 2062 -5131 345 -2727 914 2417
216 2058 -5131 345 -2727 915 2415
217 2060 -5136 347 -2728 917 2420
218 2059 -5133 348 -2728 917 2417
219 2062 -5132 345 -2726 918 2416
220 2062 -5134 344 -2727 915 2417
221 2060 -5134 344 -2725 918 2417
222 2057 -5133 345 -2724 913 2419
223 2056 -5133 346 -2724 916 2415
224 2057 -5132 342 -2726 915 2416
225 2055 -5133 345 -2723 914 2419
226 2058 -5132 346 -2723 918 2415
227 2060 -5131 346 -2724 919 2421
228 2059 -5134 340 -2728 916 2414
229 2058 -5136 343 -2727 912 2415
230 2057 -5134 342 -2728 916 2417
231 2060 -5136 340 -2727 915 2414
232 2061 -5134 342 -2727 916 2417
233 2063 -5133 342 -2723 918 2416
234 2062 -5136 344 -2723 915 2419
235 2058 -5137 339 -2726 914 2413
236 2056 -5135 344 -2729 915 2414
237 2062 -5138 342 -2727 915 2417
238 2060 -5134 340 -2724 914 2416
239 2058 -5134 343 -2723 912 2415
240 2054 -5135 344 -2724 918 2415
241 2059 -5134 343 -2724 916 2414
242 2060 -5132 343 -2722 915 2412
243 2058 -5137 339 -2722 912 2413
244 2057 -5134 340 -2719 912 2415
245 2056 -5134 343 -2721 915 2416
246 2055 -5136 340 -2723 913 2415
247 2054 -5136 341 -2725 916 2413
248 2058 -5136 343 -2724 915 2416
249 2057 -5136 341 -2723 917 2414
250 2058 -5137 340 -2722 917 2411
251 2059 -5137 344 -2722 914 2412
252 2055 -5138 339 -2721 913 2412
253 2058 -5135 337 -2723 915 2415
254 2057 -5134 340 -2724 914 2414
255 2055 -5137 336 -2723 914 2415
256 2061 -5137 338 -2724 913 2411
257 2057 -5138 337 -2724 913 2414
258 2058 -5139 339 -2723 912 2413
259 2055 -5139 337 -2723 913 2411
260 2055 -5138 335 -2723 915 2413
261 2054 -5143 337 -2722 911 2412
262 2058 -5135 337 -2717 912 2408
263 2052 -5136 333 -2719 914 2412
264 2054 -5138 336 -2718 911 2413
265 2055 -5139 333 -2717 915 2408
266 2055 -5141 336 -2717 916 2413
267 2056 -5133 335 -2717 912 2411
268 2055 -5139 336 -2716 914 2413
269 2055 -5139 338 -2718 912 2411
270 2058 -5135 336 -2722 914 2413
271 2057 -5135 338 -2720 916 2411
272 2056 -5134 337 -2716 914 2414
273 2058 -5138 337 -2716 917 2414
274 2057 -5136 340 -2719 914 2415
275 2056 -5137 335 -2718 913 2412
276 2058 -5140 333 -2722 917 2411
277 2057 -5143 333 -2721 914 2410
278 2056 -5138 335 -2722 917 2407
279 2058 -5138 335 -2722 916 2410
280 2055 -5138 334 -2717 912 2411
281 2057 -5142 334 -2716 912 2410
282 2054 -5141 332 -2717 915 2410
283 2054 -5141 337 -2714 910 2411
284 2053 -5138 334 -2716 912 2408
285 2054 -5141 336 -2719 911 2411
286 2054 -5142 335 -2713 913 2408
287 2052 -5140 334 -2717 913 2411
288 2054 -5142 331 -2716 910 2409
289 2054 -5140 332 -2714 912 2407
290 2052 -5140 332 -2713 911 2409
291 2051 -5141 332 -2711 912 2406
292 2054 -5139 332 -2712 913 2410
293 2055 -5142 331 -2713 912 2407
294 2055 -5143 332 -2713 910 2407
295 2052 -5139 334 -2715 913 2410
296 2055 -5141 332 -2718 913 2411
297 2056 -5143 332 -2719 913 2407
298 2057 -5140 333 -2719 914 2409
299 2057 -5142 332 -2718 915 2412
300 2058 -5141 331 -2717 911 2408
301 2055 -5142 329 -2714 914 2408
302 2053 -5144 329 -2718 913 2406
303 2055 -5140 333 -2715 912 2408
304 2056 -5142 330 -2718 915 2408
305 2056 -5140 333 -2717 914 2407
306 2057 -5141 332 -2714 911 2409
307 2052 -5142 330 -2712 911 2406
308 2050 -5142 329 -2709 912 2408
309 2052 -5142 333 -2707 910 2407
310 2052 -5143 333 -2707 911 2409
311 2052 -5143 335 -2708 911 2410
312 2055 -5143 332 -2707 911 2407
313 2053 -5141 334 -2709 909 2410
314 2058 -5141 332 -2708 911 2410
315 2054 -5138 334 -2709 910 2411
316 2056 -5140 333 -2710 910 2408
317 2053 -5143 332 -2706 912 2411
318 2055 -5139 334 -2710 913 2410
319 2057 -5141 332 -2715 915 2408
320 2054 -5142 334 -2720 913 2408
321 2057 -5143 331 -2716 915 2411
322 2057 -5142 330 -2716 916 2408
323 2063 -5141 331 -2715 916 2410
324 2059 -5137 332 -2716 913 2411
325 2058 -5138 334 -2712 910 2410
326 2055 -5143 331 -2710 909 2407
327 2054 -5137 331 -2707 909 2409
328 2056 -5140 329 -2710 909 2408
329 2056 -5142 328 -2709 910 2409
330 2055 -5145 330 -2707 911 2407
331 2053 -5144 330 -2709 908 2409
332 2053 -5144 330 -2707 908 2407
333 2054 -5144 329 -2708 910 2406
334 2055 -5138 328 -2712 908 2409
335 2053 -5145 329 -2705 907 2405
336 2048 -5145 332 -2712 910 2405
337 2050 -5145 328 -2711 910 2408
338 2055 -5143 329 -2716 911 2408
339 2054 -5141 329 -2711 910 2407
340 2055 -5142 331 -2708 911 2408
341 2058 -5140 331 -2709 914 2406
342 2055 -5142 331 -2711 912 2411
343 2055 -5139 330 -2711 910 2411
344 2057 -5140 332 -2712 912 2409
345 2057 -5141 333 -2712 914 2409
346 2057 -5143 334 -2711 912 2411
347 2056 -5142 330 -2711 913 2411
348 2057 -5142 330 -2710 910 2404
349 2057 -5143 327 -2711 910 2407
350 2052 -5141 332 -2711 910 2407
351 2051 -5143 326 -2708 911 2407
352 2053 -5143 328 -2707 909 2406
353 2055 -5143 329 -2708 910 2404
354 2054 -5140 333 -2711 912 2408
355 2056 -5141 332 -2707 911 2403
356 2054 -5144 331 -2707 909 2408
357 2052 -5144 328 -2707 912 2407
358 2052 -5144 332 -2705 912 2407
359 2052 -5142 328 -2708 912 2408
360 2051 -5142 328 -2708 912 2406
361 2052 -5142 326 -2708 910 2407
362 2052 -5141 335 -2709 910 2406
363 2056 -5142 328 -2709 910 2408
364 2054 -5140 331 -2706 911 2408
365 2055 -5140 330 -2707 910 2407
366 2058 -5142 331 -2714 911 2409
367 2052 -5143 329 -2712 911 2406
368 2055 -5139 329 -2716 912 2410
369 2059 -5141 331 -2715 916 2409
370 2059 -5144 331 -2716 913 2408
371 2059 -5141 328 -2716 912 2410
372 2059 -5144 329 -2715 912 2406
373 2058 -5143 330 -2716 912 2408
374 2054 -5143 328 -2709 909 2409
375 2054 -5141 329 -2709 910 2408
376 2056 -5141 329 -2706 910 2405
377 2054 -5143 327 -2706 910 2407
378 2052 -5142 328 -2706 907 2404
379 2048 -5142 326 -2705 910 2406
380 2050 -5142 330 -2702 910 2407
381 2049 -5142 326 -2708 909 2406
382 2051 -5144 325 -2707 910 2407
383 2052 -5144 326 -2709 906 2409
384 2055 -5145 327 -2711 907 2405
385 2055 -5143 327 -2716 909 2408
386 2058 -5140 328 -2717 911 2406
387 2054 -5145 329 -2713 911 2407
388 2057 -5139 327 -2715 911 2405
389 2056 -5143 331 -2717 912 2408
390 2057 -5146 329 -2718 913 2409
391 2057 -5140 327 -2716 913 2409
392 2058 -5143 329 -2716 914 2408
393 2055 -5144 327 -2716 912 2409
394 2057 -5142 325 -2715 912 2407
395 2055 -5144 330 -2712 913 2407
396 2057 -5143 330 -2715 913 2408
397 2055 -5144 328 -2711 913 2411
398 2056 -5142 330 -2712 911 2406
399 2055 -5143 327 -2709 906 2407
400 2054 -5145 328 -2708 909 2408
401 2053 -5146 332 -2707 908 2406
402 2050 -5143 329 -2705 908 2403
403 2053 -5142 326 -2706 907 2408
404 2054 -5139 328 -2706 910 2408
405 2058 -5142 329 -2704 909 2409
406 2054 -5142 329 -2708 910 2410
407 2053 -5140 329 -2712 910 2410
408 2061 -5142 329 -2714 912 2411
409 2059 -5142 328 -2717 912 2407
410 2058 -5140 330 -2721 912 2405
411 2057 -5145 328 -2723 916 2408
412 2060 -5147 332 -2722 915 2407
413 2059 -5144 328 -2718 912 2408
414 2062 -5143 329 -2720 912 2411
415 2060 -5143 331 -2720 912 2408
416 2055 -5144 327 -2716 913 2410
417 2058 -5146 324 -2719 913 2406
418 2056 -5143 329 -2714 912 2405
419 2057 -5141 329 -2715 914 2406
420 2059 -5144 327 -2715 913 2409
421 2051 -5141 332 -2715 914 2404
422 2055 -5142 330 -2712 913 2409
423 2055 -5144 329 -2711 912 2408
424 2057 -5145 327 -2714 910 2404
425 2052 -5144 325 -2710 910 2405
426 2054 -5144 328 -2707 912 2408
427 2057 -5140 333 -2709 911 2407
428 2057 -5140 330 -2710 912 2408
429 2056 -5139 332 -2711 914 2408
430 2061 -5140 330 -2710 916 2413
431 2063 -5134 334 -2716 920 2413
432 2065 -5142 333 -2719 917 2412
433 2066 -5138 336 -2723 922 2415
434 2065 -5140 335 -2723 923 2409
435 2069 -5142 332 -2724 926 2413
436 2067 -5140 334 -2724 923 2409
437 2066 -5144 329 -2726 922 2409
438 2063 -5143 332 -2726 919 2411
439 2064 -5138 330 -2717 920 2407
440 2062 -5141 331 -2718 918 2412
441 2061 -5143 332 -2712 915 2409
442 2058 -5140 332 -2713 910 2409
443 2060 -5142 332 -2710 914 2407
444 2058 -5138 329 -2709 912 2407
445 2056 -5140 331 -2712 913 2408
446 2060 -5142 329 -2713 913 2409
447 2057 -5140 332 -2715 916 2409
448 2060 -5141 332 -2718 918 2408
449 2060 -5140 332 -2719 916 2408
450 2062 -5142 331 -2719 920 2408
451 2061 -5142 332 -2721 921 2407
452 2064 -5140 333 -2719 921 2409
453 2063 -5142 329 -2719 919 2408
454 2063 -5139 332 -2721 919 2409
455 2064 -5138 332 -2722 925 2410
456 2065 -5140 334 -2727 919 2408
457 2065 -5140 330 -2725 918 2409
458 2068 -5140 331 -2725 919 2409
459 2064 -5138 332 -2725 920 2410
460 2067 -5142 330 -2730 920 2410
461 2067 -5142 331 -2729 921 2410
462 2067 -5142 330 -2727 924 2409
463 2068 -5140 334 -2727 923 2411
464 2070 -5139 334 -2726 921 2413
465 2065 -5139 334 -2723 921 2410
466 2066 -5141 334 -2721 917 2409
467 2060 -5141 331 -2719 917 2408
468 2059 -5143 330 -2711 914 2406
469 2058 -5142 331 -2713 915 2408
470 2061 -5141 331 -2713 911 2407
471 2059 -5142 329 -2720 915 2408
472 2060 -5139 328 -2723 915 2407
473 2061 -5140 328 -2731 917 2409
474 2062 -5146 330 -2731 922 2408
475 2065 -5141 329 -2731 919 2407
476 2062 -5140 328 -2732 922 2413
477 2069 -5140 333 -2738 923 2410
478 2070 -5147 331 -2733 927 2413
479 2071 -5138 331 -2734 925 2413
480 2070 -5141 332 -2732 921 2414
481 2068 -5140 331 -2734 923 2413
482 2070 -5138 330 -2730 924 2412
483 2068 -5138 332 -2728 923 2411
484 2068 -5141 332 -2727 920 2410
485 2063 -5139 333 -2722 918 2408
486 2062 -5140 333 -2723 920 2409
487 2063 -5138 333 -2723 921 2410
488 2061 -5143 329 -2730 919 2408
489 2064 -5142 328 -2732 919 2405
490 2064 -5145 329 -2732 920 2408
491 2067 -5143 332 -2732 922 2411
492 2068 -5146 326 -2732 920 2407
493 2066 -5143 328 -2733 923 2407
494 2065 -5142 332 -2732 920 2409
495 2067 -5143 327 -2732 920 2409
496 2064 -5144 331 -2732 919 2407
497 2064 -5145 328 -2732 920 2408
498 2063 -5143 331 -2731 921 2406
499 2064 -5140 332 -2734 920 2408
500 2064 -5144 329 -2737 923 2408
501 2070 -5142 329 -2735 922 2407
502 2070 -5140 330 -2736 923 2408
503 2066 -5145 331 -2740 922 2406
504 2068 -5143 328 -2739 924 2406
505 2067 -5147 329 -2737 922 2410
506 2070 -5141 331 -2739 923 2409
507 2071 -5143 330 -2736 921 2409
508 2070 -5142 330 -2738 924 2408
509 2071 -5143 332 -2734 928 2412
510 2071 -5137 331 -2736 926 2413
511 2071 -5141 331 -2736 928 2413
512 2071 -5139 327 -2735 926 2408
513 2069 -5142 332 -2736 924 2409
514 2071 -5143 332 -2738 923 2409
515 2069 -5141 331 -2737 923 2407
516 2068 -5141 328 -2734 923 2409
517 2068 -5142 331 -2734 923 2408
518 2067 -5141 330 -2734 923 2410
519 2066 -5140 327 -2738 921 2406
520 2067 -5142 331 -2735 922 2411
521 2068 -5143 331 -2740 924 2407
522 2070 -5143 331 -2742 928 2408
523 2069 -5144 326 -2747 927 2407
524 2069 -5142 330 -2749 927 2406
525 2070 -5142 329 -2748 926 2405
526 2069 -5143 330 -2745 925 2408
527 2070 -5147 328 -2746 928 2410
528 2072 -5142 329 -2750 926 2407
529 2072 -5143 328 -2747 925 2408
530 2072 -5147 330 -2744 923 2406
531 2066 -5144 328 -2743 924 2405
532 2070 -5142 332 -2746 926 2407
533 2073 -5144 330 -2746 924 2405
534 2071 -5146 329 -2746 923 2404
535 2068 -5147 328 -2749 920 2406
536 2071 -5144 328 -2744 925 2407
537 2066 -5144 327 -2743 921 2406
538 2066 -5146 327 -2742 922 2407
539 2067 -5146 331 -2745 923 2406
540 2066 -5146 328 -2744 924 2404
541 2065 -5145 330 -2745 925 2406
542 2070 -5145 329 -2748 921 2405
543 2065 -5146 326 -2747 921 2408
544 2070 -5147 328 -2750 925 2404
545 2067 -5147 327 -2750 921 2407
546 2070 -5144 327 -2751 925 2406
547 2071 -5147 328 -2752 926 2405
548 2072 -5145 326 -2757 926 2406
549 2077 -5144 328 -2759 923 2408
550 2074 -5145 325 -2754 927 2406
551 2073 -5146 326 -2759 929 2411
552 2073 -5147 327 -2758 927 2408
553 2073 -5145 326 -2756 924 2405
554 2072 -5145 324 -2752 926 2408
555 2070 -5146 325 -2752 924 2404
556 2071 -5146 326 -2754 922 2407
557 2072 -5147 324 -2748 922 2404
558 2067 -5145 329 -2749 921 2405
559 2068 -5148 326 -2750 921 2407
560 2071 -5147 328 -2752 923 2405
561 2068 -5147 325 -2750 923 2406
562 2069 -5145 326 -2751 922 2404
563 2066 -5147 327 -2751 922 2407
564 2072 -5146 327 -2752 923 2404
565 2069 -5144 330 -2756 923 2407
566 2071 -5144 330 -2753 923 2407
567 2073 -5147 326 -2756 928 2407
568 2069 -5146 329 -2761 928 2406
569 2072 -5148 325 -2760 928 2408
570 2075 -5145 331 -2765 928 2407
571 2073 -5147 327 -2763 929 2405
572 2074 -5144 329 -2759 927 2405
573 2073 -5145 325 -2762 927 2408
574 2073 -5145 328 -2764 926 2408
575 2072 -5145 330 -2759 931 2411
576 2074 -5142 328 -2760 929 2409
577 2077 -5145 329 -2758 928 2409
578 2073 -5142 332 -2758 924 2409
579 2071 -5142 329 -2755 926 2411
580 2072 -5142 330 -2756 927 2406
581 2067 -5144 328 -2758 925 2409
582 2072 -5146 325 -2758 926 2403
583 2068 -5145 328 -2753 925 2405
584 2074 -5145 328 -2752 928 2408
585 2075 -5144 330 -2752 931 2408
586 2071 -5147 328 -2758 925 2408
587 2072 -5145 326 -2762 928 2408
588 2072 -5145 326 -2763 928 2407
589 2073 -5145 327 -2763 926 2408
590 2075 -5147 327 -2763 929 2404
591 2075 -5147 327 -2765 928 2409
592 2074 -5144 326 -2766 929 2406
593 2074 -5144 330 -2767 930 2409
594 2075 -5143 328 -2769 932 2406
595 2079 -5141 329 -2765 932 2411
596 2078 -5147 328 -2768 930 2411
597 2075 -5142 328 -2767 933 2408
598 2077 -5147 328 -2763 929 2407
599 2075 -5142 331 -2762 929 2405
600 2074 -5142 330 -2761 929 2406
601 2074 -5142 331 -2758 931 2408
602 2075 -5142 329 -2759 928 2405
603 2074 -5139 329 -2754 927 2408
604 2073 -5142 330 -2756 930 2408
605 2072 -5144 332 -2759 927 2407
606 2072 -5145 330 -2758 929 2412
607 2073 -5143 331 -2761 931 2404
608 2072 -5141 329 -2760 928 2404
609 2075 -5146 328 -2763 928 2407
610 2076 -5145 333 -2764 932 2411
611 2077 -5142 330 -2766 932 2410
612 2077 -5140 335 -2771 930 2410
613 2080 -5144 332 -2775 934 2408
614 2080 -5141 332 -2772 933 2410
615 2079 -5148 332 -2768 932 2411
616 2077 -5143 332 -2773 931 2408
617 2080 -5142 330 -2772 933 2410
618 2079 -5145 332 -2772 932 2409
619 2078 -5140 331 -2772 931 2409
620 2079 -5143 331 -2769 930 2408
621 2079 -5145 330 -2766 931 2409
622 2077 -5142 332 -2767 928 2408
623 2074 -5146 331 -2766 930 2409
624 2074 -5142 332 -2764 929 2406
625 2075 -5141 334 -2764 929 2407
626 2076 -5141 333 -2764 929 2409
627 2072 -5141 328 -2763 928 2409
628 2071 -5142 334 -2767 927 2408
629 2073 -5144 332 -2766 929 2406
630 2070 -5145 333 -2769 930 2408
631 2073 -5143 330 -2766 930 2410
632 2076 -5143 333 -2771 927 2407
633 2074 -5142 331 -2773 928 2408
634 2078 -5142 334 -2771 934 2408
635 2079 -5140 334 -2776 930 2412
636 2078 -5142 335 -2774 936 2414
637 2083 -5140 337 -2776 935 2413
638 2086 -5143 332 -2775 935 2414
639 2083 -5139 337 -2775 934 2412
640 2082 -5138 335 -2776 937 2416
641 2082 -5139 338 -2774 934 2411
642 2078 -5140 335 -2771 932 2411
643 2079 -5142 333 -2772 935 2413
644 2077 -5137 336 -2770 933 2413
645 2076 -5139 336 -2768 934 2411
646 2074 -5142 336 -2769 933 2410
647 2074 -5141 338 -2771 929 2410
648 2074 -5143 333 -2763 927 2410
649 2074 -5140 336 -2765 927 2412
650 2074 -5140 335 -2762 928 2411
651 2073 -5141 336 -2764 929 2413
652 2076 -5141 336 -2769 931 2414
653 2077 -5137 335 -2769 930 2408
654 2077 -5140 339 -2771 933 2411
655 2079 -5139 336 -2772 935 2412
656 2082 -5141 337 -2778 934 2414
657 2082 -5139 339 -2779 936 2415
658 2083 -5136 336 -2779 936 2415
659 2082 -5141 339 -2780 935 2415
660 2083 -5138 338 -2779 936 2415
661 2084 -5140 338 -2781 933 2416
662 2081 -5137 339 -2781 936 2414
663 2081 -5137 339 -2781 935 2415
664 2082 -5138 340 -2777 937 2415
665 2083 -5136 339 -2775 935 2414
666 2079 -5139 340 -2774 934 2411
667 2078 -5140 340 -2771 933 2412
668 2076 -5140 337 -2770 931 2411
669 2080 -5137 339 -2771 930 2412
670 2074 -5137 341 -2771 935 2415
671 2075 -5137 340 -2766 934 2416
672 2076 -5138 340 -2768 931 2417
673 2081 -5133 346 -2766 931 2415
674 2079 -5133 340 -2767 930 2415
675 2076 -5133 344 -2771 933 2419
676 2079 -5135 344 -2771 937 2416
677 2080 -5134 344 -2770 936 2418
678 2081 -5129 342 -2777 935 2415
679 2083 -5131 341 -2778 938 2417
680 2082 -5133 345 -2780 935 2419
681 2084 -5135 343 -2786 937 2420
682 2088 -5134 341 -2785 938 2419
683 2084 -5132 344 -2783 935 2418
684 2082 -5136 344 -2785 934 2416
685 2083 -5135 343 -2783 938 2418
686 2084 -5131 342 -2781 936 2416
687 2080 -5132 346 -2780 937 2418
688 2082 -5132 345 -2778 934 2418
689 2079 -5133 348 -2776 935 2417
690 2079 -5129 346 -2776 931 2416
691 2076 -5133 344 -2773 934 2416
692 2077 -5132 346 -2773 935 2414
693 2076 -5132 348 -2774 932 2417
694 2077 -5132 347 -2774 932 2416
695 2078 -5131 346 -2769 929 2418
696 2078 -5132 346 -2772 934 2420
697 2076 -5132 345 -2775 933 2416
698 2076 -5130 350 -2776 930 2416
699 2075 -5133 348 -2775 938 2422
700 2080 -5135 348 -2780 935 2419
701 2082 -5130 346 -2784 937 2418
702 2086 -5130 350 -2784 937 2422
703 2084 -5130 347 -2787 936 2419
704 2083 -5130 348 -2788 941 2421
705 2086 -5130 349 -2787 939 2422
706 2087 -5130 349 -2785 936 2420
707 2086 -5129 349 -2784 934 2424
708 2083 -5127 350 -2785 935 2421
709 2084 -5129 352 -2781 935 2423
710 2085 -5128 352 -2778 938 2422
711 2083 -5128 349 -2776 935 2422
712 2078 -5130 349 -2774 933 2424
713 2075 -5127 353 -2772 933 2421
714 2077 -5128 353 -2773 933 2421
715 2077 -5126 348 -2772 929 2420
716 2077 -5128 352 -2771 932 2421
717 2080 -5129 352 -2776 932 2421
718 2077 -5127 353 -2777 936 2422
719 2079 -5130 349 -2779 934 2425
720 2080 -5129 355 -2779 937 2425
721 2085 -5123 354 -2779 939 2428
722 2088 -5124 357 -2783 940 2425
723 2083 -5127 355 -2784 938 2424
724 2089 -5126 355 -2786 940 2425
725 2086 -5126 359 -2784 940 2430
726 2085 -5123 356 -2785 939 2426
727 2082 -5125 356 -2787 940 2428
728 2090 -5127 356 -2787 939 2424
729 2087 -5125 353 -2787 940 2425
730 2084 -5128 354 -2785 937 2424
731 2083 -5126 357 -2782 940 2427
732 2081 -5129 358 -2780 937 2423
733 2084 -5128 359 -2778 939 2425
734 2081 -5123 357 -2776 936 2425
735 2080 -5125 355 -2779 931 2427
736 2082 -5123 358 -2776 934 2425
737 2080 -5123 358 -2777 935 2422
738 2080 -5124 360 -2773 936 2426
739 2079 -5122 361 -2774 936 2429
740 2082 -5124 360 -2778 937 2426
741 2080 -5120 358 -2778 939 2430
742 2083 -5122 356 -2784 935 2426
743 2084 -5123 358 -2785 940 2425
744 2084 -5124 360 -2788 940 2426
745 2083 -5124 358 -2791 938 2427
746 2084 -5125 359 -2791 940 2427
747 2087 -5120 361 -2792 940 2425
748 2087 -5128 365 -2792 939 2431
749 2087 -5123 355 -2790 940 2428
750 2090 -5121 362 -2792 942 2428
751 2087 -5121 362 -2789 939 2426
752 2086 -5124 362 -2787 940 2428
753 2086 -5124 359 -2786 938 2427
754 2086 -5123 363 -2786 934 2428
755 2083 -5123 361 -2785 937 2426
756 2080 -5122 361 -2786 935 2427
757 2079 -5123 362 -2779 935 2427
758 2079 -5122 361 -2780 934 2428
759 2080 -5121 362 -2777 936 2427
760 2079 -5123 360 -2778 933 2425
761 2080 -5121 358 -2779 936 2425
762 2078 -5124 362 -2784 935 2427
763 2077 -5121 363 -2782 934 2429
764 2082 -5118 363 -2785 937 2428
765 2084 -5121 359 -2792 939 2429
766 2085 -5120 364 -2794 943 2430
767 2089 -5121 363 -2796 939 2433
768 2088 -5122 362 -2794 939 2432
769 2088 -5122 364 -2795 939 2430
770 2089 -5119 365 -2794 943 2432
771 2090 -5115 368 -2796 945 2433
772 2088 -5119 367 -2793 946 2429
773 2086 -5118 366 -2793 942 2430
774 2087 -5118 366 -2788 943 2433
775 2088 -5115 368 -2787 940 2433
776 2087 -5117 367 -2787 940 2432
777 2087 -5117 366 -2783 938 2432
778 2084 -5120 367 -2783 940 2431
779 2080 -5118 371 -2784 937 2431
780 2084 -5119 366 -2781 936 2433
781 2083 -5118 366 -2782 935 2433
782 2082 -5117 368 -2784 936 2434
783 2082 -5116 365 -2787 935 2429
784 2081 -5121 369 -2788 936 2429
785 2082 -5116 368 -2787 936 2429
786 2083 -5116 370 -2792 939 2432
787 2080 -5121 368 -2792 938 2432
788 2084 -5117 367 -2795 939 2432
789 2085 -5115 369 -2795 941 2432
790 2090 -5119 369 -2797 943 2433
791 2089 -5118 367 -2799 942 2432
792 2090 -5117 367 -2799 943 2436
793 2085 -5117 367 -2797 944 2436
794 2088 -5118 370 -2799 946 2436
795 2089 -5115 369 -2798 941 2432
796 2092 -5119 368 -2796 944 2433
797 2089 -5115 369 -2797 940 2433
798 2086 -5116 370 -2792 939 2435
799 2085 -5119 370 -2790 941 2431
800 2084 -5118 367 -2788 940 2433
801 2084 -5117 365 -2784 938 2434
802 2082 -5117 371 -2784 940 2434
803 2081 -5113 371 -2783 936 2433
804 2082 -5119 365 -2786 934 2433
805 2084 -5116 368 -2784 939 2432
806 2082 -5120 370 -2790 939 2434
807 2080 -5115 369 -2791 940 2435
808 2084 -5112 370 -2790 941 2436
809 2085 -5116 372 -2791 938 2435
810 2086 -5113 372 -2796 938 2434
811 2090 -5117 374 -2796 943 2435
812 2088 -5114 373 -2799 944 2437
813 2093 -5113 375 -2801 949 2439
814 2092 -5111 374 -2801 946 2435
815 2090 -5112 373 -2801 946 2438
816 2096 -5114 373 -2799 946 2439
817 2094 -5110 375 -2801 946 2439
818 2091 -5115 375 -2802 946 2438
819 2093 -5113 377 -2800 940 2435
820 2090 -5114 376 -2796 943 2440
821 2088 -5114 374 -2792 944 2435
822 2089 -5113 375 -2792 940 2437
823 2088 -5113 371 -2787 942 2436
824 2088 -5111 376 -2790 938 2436
825 2083 -5114 373 -2786 939 2437
826 2085 -5114 375 -2787 942 2438
827 2085 -5112 377 -2788 941 2438
828 2083 -5113 376 -2787 942 2436
829 2084 -5112 374 -2793 942 2439
830 2085 -5114 376 -2794 943 2436
831 2088 -5112 375 -2795 944 2437
832 2091 -5113 378 -2798 945 2437
833 2089 -5116 378 -2802 945 2435
834 2093 -5112 376 -2806 945 2435
835 2091 -5112 375 -2805 945 2440
836 2089 -5113 376 -2806 946 2438
837 2092 -5112 375 -2806 944 2438
838 2096 -5114 376 -2804 944 2437
839 2094 -5111 375 -2804 945 2441
840 2092 -5112 376 -2806 949 2437
841 2092 -5111 377 -2805 945 2440
842 2095 -5110 378 -2800 947 2439
843 2091 -5110 378 -2800 948 2439
844 2091 -5111 379 -2795 943 2438
845 2088 -5111 378 -2793 941 2435
846 2088 -5109 379 -2797 941 2437
847 2084 -5110 374 -2794 942 2433
848 2086 -5111 375 -2793 940 2435
849 2085 -5113 375 -2795 939 2435
850 2081 -5110 376 -2794 942 2435
851 2086 -5112 374 -2796 941 2435
852 2084 -5112 375 -2800 943 2436
853 2085 -5112 377 -2802 942 2435
854 2088 -5112 376 -2804 941 2440
855 2089 -5113 375 -2807 943 2439
856 2088 -5111 378 -2805 946 2439
857 2089 -5112 377 -2808 946 2437
858 2095 -5114 375 -2811 948 2439
859 2093 -5111 376 -2812 949 2439
860 2094 -5109 377 -2815 947 2438
861 2095 -5109 379 -2811 947 2438
862 2093 -5112 378 -2810 950 2438
863 2095 -5110 377 -2808 947 2438
864 2092 -5111 380 -2807 947 2439
865 2092 -5110 380 -2805 948 2439
866 2091 -5110 379 -2805 942 2438
867 2093 -5112 378 -2802 946 2439
868 2088 -5109 381 -2800 944 2439
869 2088 -5113 375 -2800 944 2437
870 2088 -5111 378 -2800 942 2435
871 2086 -5112 378 -2800 943 2438
872 2085 -5112 379 -2800 941 2438
873 2086 -5111 378 -2800 944 2436
874 2088 -5109 380 -2801 944 2440
875 2088 -5109 382 -2804 943 2439
876 2091 -5111 380 -2808 946 2437
877 2091 -5112 379 -2806 947 2439
878 2093 -5111 382 -2813 946 2440
879 2091 -5111 379 -2814 949 2441
880 2095 -5113 380 -2813 947 2439
881 2094 -5110 383 -2816 946 2440
882 2094 -5108 380 -2816 947 2440
883 2096 -5112 379 -2813 945 2439
884 2095 -5110 380 -2814 949 2442
885 2093 -5111 382 -2812 947 2440
886 2094 -5110 377 -2815 947 2442
887 2091 -5109 380 -2810 944 2439
888 2092 -5109 380 -2808 943 2442
889 2091 -5109 380 -2809 944 2440
890 2090 -5107 379 -2805 944 2437
891 2089 -5110 381 -2808 944 2439
892 2090 -5112 381 -2804 941 2439
893 2088 -5113 380 -2803 944 2438
894 2091 -5111 380 -2801 947 2440
895 2088 -5111 382 -2806 943 2438
896 2085 -5111 379 -2808 945 2442
897 2091 -5110 382 -2812 944 2439
898 2093 -5111 380 -2810 947 2439
899 2092 -5112 381 -2811 948 2438
900 2091 -5110 384 -2813 947 2442
901 2094 -5111 382 -2817 947 2437
902 2095 -5107 382 -2816 948 2441
903 2094 -5108 381 -2815 951 2444
904 2099 -5111 384 -2816 951 2445
905 2097 -5109 383 -2820 952 2441
906 2095 -5112 380 -2818 949 2440
907 2094 -5107 381 -2819 952 2444
908 2096 -5108 382 -2817 951 2439
909 2091 -5110 381 -2817 948 2442
910 2094 -5107 382 -2814 947 2441
911 2093 -5112 382 -2812 947 2440
912 2090 -5110 381 -2807 945 2441
913 2093 -5109 382 -2807 947 2443
914 2091 -5105 384 -2809 948 2439
915 2089 -5108 382 -2807 947 2441
916 2089 -5106 381 -2805 946 2442
917 2089 -5104 387 -2810 943 2442
918 2090 -5106 382 -2808 945 2443
919 2090 -5108 382 -2810 947 2440
920 2092 -5109 381 -2813 947 2445
921 2095 -5106 385 -2817 947 2443
922 2096 -5106 385 -2816 951 2440
923 2093 -5107 383 -2818 951 2443
924 2096 -5104 384 -2817 949 2443
925 2097 -5106 385 -2817 950 2440
926 2095 -5106 379 -2819 951 2442
927 2097 -5108 383 -2821 952 2441
928 2095 -5108 385 -2816 953 2442
929 2097 -5107 387 -2813 950 2446
930 2094 -5109 383 -2816 950 2440
931 2094 -5107 385 -2815 949 2445
932 2095 -5109 386 -2814 949 2440
933 2097 -5110 385 -2812 948 2438
934 2093 -5104 387 -2811 950 2445
935 2096 -5104 386 -2811 950 2446
936 2093 -5105 390 -2807 948 2444
937 2092 -5105 384 -2808 948 2445
938 2090 -5104 387 -2811 946 2442
939 2089 -5105 386 -2809 944 2443
940 2093 -5104 388 -2809 945 2441
941 2092 -5107 383 -2813 948 2443
942 2094 -5105 387 -2817 948 2441
943 2095 -5104 386 -2817 947 2444
944 2095 -5106 383 -2814 949 2444
945 2092 -5107 388 -2814 951 2443
946 2095 -5102 385 -2817 952 2444
947 2098 -5105 387 -2823 950 2442
948 2095 -5104 386 -2821 949 2444
949 2098 -5106 387 -2824 953 2445
950 2097 -5107 387 -2821 953 2440
951 2097 -5104 385 -2821 952 2443
952 2096 -5109 384 -2819 953 2446
953 2097 -5104 388 -2816 949 2444
954 2095 -5103 386 -2816 946 2443
955 2094 -5106 384 -2811 949 2442
956 2096 -5104 388 -2813 950 2443
957 2092 -5103 390 -2814 948 2444
958 2096 -5102 389 -2813 948 2445
959 2093 -5106 387 -2810 945 2443
960 2092 -5104 386 -2810 948 2443
961 2092 -5108 387 -2809 949 2441
962 2095 -5104 390 -2811 948 2441
963 2095 -5103 389 -2812 949 2444
964 2093 -5103 389 -2812 950 2447
965 2097 -5103 391 -2815 952 2449
966 2095 -5103 389 -2818 953 2446
967 2098 -5103 389 -2818 951 2448
968 2100 -5103 390 -2817 953 2448
969 2099 -5103 391 -2816 951 2446
970 2100 -5100 389 -2819 948 2447
971 2097 -5102 389 -2821 949 2446
972 2101 -5102 387 -2817 952 2451
973 2097 -5104 392 -2817 954 2450
974 2099 -5101 391 -2818 950 2447
975 2094 -5099 392 -2816 950 2447
976 2094 -5102 390 -2816 948 2450
977 2095 -5102 389 -2817 949 2445
978 2094 -5104 390 -2814 948 2446
979 2095 -5105 389 -2813 946 2450
980 2093 -5102 386 -2810 949 2447
981 2087 -5104 387 -2814 945 2443
982 2090 -5103 390 -2812 945 2444
983 2092 -5103 391 -2812 946 2444
984 2093 -5102 388 -2816 945 2447
985 2088 -5106 390 -2813 951 2444
986 2092 -5102 390 -2816 950 2445
987 2094 -5102 392 -2814 947 2445
988 2095 -5101 390 -2818 946 2445
989 2096 -5102 390 -2816 949 2446
990 2095 -5103 393 -2819 949 2446
991 2098 -5102 390 -2821 949 2447
992 2098 -5101 392 -2819 949 2448
993 2099 -5102 390 -2820 949 2450
994 2095 -5104 393 -2820 948 2451
995 2095 -5102 392 -2821 952 2443
996 2098 -5100 392 -2816 950 2447
997 2095 -5100 393 -2813 950 2449
998 2100 -5102 394 -2813 949 2450
999 2096 -5102 395 -2813 948 2448
