0 2146 1417 1471 -1831 335 -3187
1 2144 1421 1470 -1830 334 -3189
2 2143 1418 1472 -1831 332 -3187
3 2146 1418 1471 -1834 336 -3189
4 2146 1419 1474 -1830 335 -3187
5 2144 1418 1471 -1831 332 -3187
6 2142 1421 1472 -1829 334 -3186
7 2146 1418 1471 -1830 333 -3191
8 2147 1419 1474 -1833 336 -3188
9 2144 1419 1471 -1830 336 -3187
10 2147 1423 1473 -1828 338 -3187
11 2144 1420 1473 -1828 336 -3189
12 2144 1417 1473 -1831 334 -3189
13 2148 1419 1471 -1832 335 -3189
14 2146 1418 1474 -1829 335 -3187
15 2146 1420 1469 -1828 333 -3187
16 2143 1422 1469 -1827 336 -3188
17 2141 1416 1470 -1830 337 -3193
18 2144 1421 1471 -1827 331 -3186
19 2144 1419 1471 -1830 332 -3190
20 2144 1417 1470 -1833 334 -3186
21 2143 1419 1473 -1831 332 -3189
22 2143 1417 1470 -1833 331 -3191
23 2145 1417 1471 -1832 332 -3189
24 2147 1419 1470 -1834 332 -3188
25 2143 1416 1472 -1830 333 -3189
26 2147 1419 1472 -1832 335 -3194
27 2143 1416 1471 -1830 334 -3187
28 2143 1421 1471 -1828 333 -3190
29 2145 1419 1473 -1832 333 -3189
30 2144 1421 1472 -1829 338 -3189
31 2147 1420 1469 -1830 335 -3185
32 2142 1419 1471 -1831 337 -3192
33 2143 1421 1474 -1830 336 -3192
34 2144 1419 1471 -1830 334 -3188
35 2143 1415 1470 -1828 336 -3187
36 2147 1418 1471 -1832 337 -3188
37 2143 1415 1472 -1830 339 -3190
38 2146 1420 1471 -1828 334 -3190
39 2146 1419 1472 -1831 332 -3189
40 2144 1418 1471 -1832 336 -3188
41 2145 1418 1470 -1829 338 -3188
42 2145 1418 1475 -1830 334 -3189
43 2143 1420 1472 -1829 332 -3188
44 2145 1421 1471 -1825 337 -3185
45 2148 1421 1474 -1828 335 -3187
46 2146 1421 1473 -1830 337 -3191
47 2147 1420 1472 -1832 335 -3188
48 2145 1420 1474 -1832 333 -3189
49 2144 1419 1471 -1830 334 -3193
50 2147 1417 1470 -1826 337 -3186
51 2148 1422 1475 -1831 335 -3189
52 2147 1420 1472 -1832 335 -3187
53 2146 1420 1469 -1830 339 -3190
54 2145 1419 1473 -1829 333 -3187
55 2146 1416 1472 -1830 335 -3190
56 2144 1418 1472 -1830 333 -3190
57 2147 1419 1472 -1832 333 -3188
58 2146 1417 1471 -1826 335 -3187
59 2143 1420 1471 -1829 337 -3189
60 2144 1418 1471 -1829 332 -3193
61 2144 1419 1472 -1830 334 -3190
62 2146 1418 1471 -1831 334 -3186
63 2149 1418 1470 -1830 333 -3190
64 2145 1417 1471 -1829 336 -3192
65 2143 1416 1470 -1828 336 -3189
66 2144 1418 1474 -1826 334 -3188
67 2144 1420 1472 -1832 335 -3189
68 2145 1418 1472 -1831 334 -3190
69 2146 1420 1472 -1828 336 -3189
70 2145 1421 1475 -1827 335 -3189
71 2143 1419 1473 -1830 334 -3189
72 2146 1418 1474 -1829 335 -3187
73 2148 1419 1474 -1831 332 -3190
74 2147 1420 1472 -1831 335 -3188
75 2146 1416 1471 -1831 333 -3187
76 2144 1421 1473 -1830 338 -3190
77 2144 1420 1472 -1826 336 -3187
78 2148 1417 1473 -1830 332 -3189
79 2148 1419 1472 -1829 336 -3189
80 2145 1417 1472 -1829 334 -3190
81 2144 1416 1473 -1828 337 -3185
82 2143 1416 1472 -1831 334 -3187
83 2148 1419 1472 -1828 335 -3192
84 2144 1419 1472 -1832 334 -3191
85 2145 1418 1473 -1826 333 -3186
86 2146 1421 1474 -1828 334 -3188
87 2146 1418 1471 -1828 334 -3189
88 2146 1419 1471 -1830 332 -3189
89 2147 1420 1474 -1829 338 -3189
90 2146 1418 1469 -1828 338 -3191
91 2145 1419 1471 -1832 332 -3187
92 2144 1418 1471 -1828 334 -3190
93 2146 1416 1470 -1830 334 -3188
94 2145 1421 1471 -1832 331 -3188
95 2148 1418 1472 -1832 336 -3186
96 2145 1416 1469 -1830 333 -3190
97 2146 1418 1470 -1829 334 -3186
98 2145 1420 1470 -1826 336 -3189
99 2147 1421 1474 -1831 333 -3188
100 2145 1420 1468 -1831 335 -3186
101 2146 1417 1471 -1833 335 -3188
102 2144 1421 1473 -1828 335 -3187
103 2141 1419 1474 -1831 330 -3188
104 2144 1418 1471 -1832 334 -3187
105 2148 1419 1472 -1832 335 -3188
106 2147 1418 1474 -1829 334 -3187
107 2144 1416 1471 -1833 334 -3190
108 2144 1418 1471 -1829 335 -3192
109 2147 1417 1473 -1829 335 -3187
110 2145 1418 1472 -1832 334 -3189
111 2143 1417 1472 -1830 338 -3188
112 2148 1418 1471 -1830 337 -3188
113 2143 1420 1477 -1830 338 -3188
114 2147 1416 1472 -1828 336 -3187
115 2144 1420 1471 -1829 336 -3190
116 2145 1418 1472 -1828 336 -3189
117 2149 1418 1474 -1831 336 -3188
118 2146 1419 1473 -1829 335 -3185
119 2143 1420 1473 -1827 336 -3190
120 2144 1421 1472 -1832 335 -3187
121 2146 1418 1473 -1830 336 -3189
122 2147 1419 1471 -1827 335 -3190
123 2146 1419 1475 -1829 337 -3190
124 2147 1419 1471 -1827 331 -3190
125 2144 1419 1472 -1829 336 -3189
126 2144 1419 1472 -1832 336 -3189
127 2144 1419 1473 -1830 335 -3186
128 2146 1416 1474 -1831 337 -3188
129 2145 1418 1473 -1831 336 -3188
130 2143 1415 1470 -1828 338 -3187
131 2144 1417 1471 -1830 336 -3188
132 2147 1416 1471 -1830 334 -3189
133 2148 1417 1473 -1832 335 -3188
134 2143 1420 1471 -1830 334 -3187
135 2146 1416 1475 -1830 332 -3190
136 2141 1420 1471 -1829 332 -3188
137 2145 1421 1471 -1831 336 -3190
138 2146 1416 1469 -1832 336 -3190
139 2146 1416 1471 -1830 337 -3190
140 2143 1418 1472 -1829 336 -3186
141 2145 1422 1472 -1828 335 -3190
142 2146 1420 1473 -1831 334 -3188
143 2141 1418 1469 -1826 333 -3191
144 2146 1419 1474 -1829 333 -3190
145 2146 1414 1471 -1831 337 -3188
146 2144 1420 1472 -1832 335 -3192
147 2143 1417 1469 -1832 332 -3192
148 2141 1414 1473 -1830 336 -3188
149 2144 1419 1473 -1831 334 -3188
150 2147 1419 1473 -1833 335 -3189
151 2142 1418 1470 -1831 337 -3189
152 2144 1416 1471 -1832 337 -3190
153 2145 1417 1471 -1832 336 -3190
154 2144 1418 1473 -1833 335 -3189
155 2147 1420 1469 -1831 333 -3189
156 2146 1418 1471 -1830 334 -3188
157 2143 1417 1470 -1830 338 -3188
158 2143 1416 1470 -1833 332 -3191
159 2143 1416 1472 -1830 332 -3193
160 2143 1415 1470 -1835 333 -3191
161 2146 1419 1473 -1831 335 -3187
162 2142 1417 1472 -1830 333 -3190
163 2145 1416 1473 -1828 336 -3188
164 2144 1415 1472 -1830 333 -3189
165 2147 1417 1471 -1829 332 -3189
166 2147 1419 1474 -1832 334 -3189
167 2144 1419 1471 -1833 334 -3193
168 2141 1418 1470 -1831 334 -3189
169 2143 1418 1472 -1830 333 -3187
170 2145 1418 1472 -1832 333 -3189
171 2146 1418 1470 -1830 329 -3188
172 2145 1418 1471 -1830 333 -3188
173 2143 1418 1473 -1831 336 -3189
174 2143 1416 1471 -1830 334 -3189
175 2146 1418 1470 -1834 332 -3189
176 2147 1416 1471 -1829 333 -3192
177 2145 1418 1472 -1830 334 -3189
178 2141 1420 1472 -1828 335 -3187
179 2143 1420 1472 -1827 336 -3188
180 2147 1420 1472 -1830 334 -3189
181 2147 1418 1474 -1829 335 -3189
182 2144 1416 1472 -1831 335 -3189
183 2142 1418 1472 -1831 336 -3187
184 2147 1418 1473 -1828 335 -3189
185 2149 1421 1474 -1829 338 -3189
186 2146 1418 1472 -1828 334 -3187
187 2146 1421 1470 -1830 334 -3187
188 2143 1419 1470 -1829 336 -3189
189 2144 1420 1472 -1831 337 -3189
190 2145 1416 1473 -1828 334 -3190
191 2148 1420 1473 -1828 333 -3193
192 2148 1417 1472 -1831 332 -3189
193 2145 1421 1471 -1827 334 -3189
194 2144 1418 1474 -1831 336 -3186
195 2145 1420 1472 -1827 333 -3186
196 2148 1419 1470 -1830 332 -3188
197 2148 1420 1471 -1825 336 -3187
198 2146 1418 1473 -1828 337 -3191
199 2147 1417 1474 -1830 335 -3190
200 2144 1419 1470 -1829 335 -3190
201 2144 1419 1469 -1831 333 -3188
202 2147 1422 1471 -1834 337 -3188
203 2146 1422 1473 -1832 334 -3189
204 2145 1417 1471 -1831 334 -3190
205 2146 1421 1468 -1829 336 -3190
206 2147 1417 1472 -1830 333 -3187
207 2145 1418 1473 -1831 335 -3189
208 2143 1418 1472 -1827 337 -3190
209 2141 1418 1471 -1832 336 -3190
210 2144 1419 1468 -1830 334 -3189
211 2148 1421 1477 -1832 332 -3188
212 2148 1422 1472 -1830 333 -3189
213 2143 1419 1473 -1830 334 -3193
214 2144 1418 1470 -1830 335 -3190
215 2144 1420 1472 -1832 335 -3190
216 2147 1419 1472 -1830 333 -3189
217 2146 1419 1470 -1833 335 -3191
218 2146 1418 1470 -1830 334 -3190
219 2143 1420 1472 -1830 337 -3190
220 2144 1419 1473 -1831 334 -3187
221 2142 1418 1476 -1828 335 -3188
222 2146 1422 1471 -1828 332 -3190
223 2146 1419 1468 -1831 332 -3192
224 2145 1418 1468 -1833 335 -3189
225 2144 1419 1475 -1832 336 -3188
226 2145 1415 1471 -1828 334 -3188
227 2145 1421 1468 -1829 332 -3188
228 2146 1420 1475 -1827 334 -3188
229 2144 1419 1470 -1831 333 -3189
230 2144 1418 1474 -1829 332 -3188
231 2146 1421 1473 -1836 334 -3188
232 2147 1416 1472 -1832 335 -3187
233 2143 1418 1472 -1829 335 -3192
234 2144 1417 1473 -1832 335 -3189
235 2148 1420 1470 -1829 334 -3185
236 2144 1419 1473 -1829 333 -3189
237 2144 1417 1469 -1831 335 -3192
238 2144 1416 1472 -1831 335 -3192
239 2143 1420 1471 -1831 335 -3189
240 2146 1421 1471 -1829 335 -3186
241 2146 1418 1472 -1834 337 -3188
242 2145 1418 1470 -1832 332 -3190
243 2141 1414 1471 -1829 336 -3191
244 2143 1420 1473 -1831 333 -3189
245 2143 1422 1473 -1828 336 -3185
246 2147 1422 1474 -1832 333 -3189
247 2145 1420 1472 -1830 338 -3187
248 2146 1421 1471 -1828 337 -3187
249 2144 1420 1473 -1826 336 -3186
250 2147 1423 1472 -1830 336 -3186
251 2148 1420 1473 -1826 337 -3189
252 2149 1421 1475 -1829 337 -3190
253 2148 1420 1472 -1832 336 -3187
254 2143 1422 1472 -1828 338 -3188
255 2146 1422 1471 -1830 337 -3188
256 2146 1419 1475 -1828 337 -3190
257 2146 1418 1472 -1832 337 -3187
258 2144 1419 1474 -1830 336 -3190
259 2144 1420 1475 -1831 336 -3188
260 2143 1416 1472 -1827 334 -3186
261 2147 1415 1470 -1830 333 -3191
262 2147 1416 1473 -1831 330 -3188
263 2146 1419 1470 -1829 333 -3190
264 2145 1421 1471 -1829 333 -3187
265 2146 1419 1476 -1829 334 -3187
266 2148 1416 1473 -1829 335 -3189
267 2147 1419 1467 -1826 333 -3187
268 2148 1419 1472 -1830 336 -3187
269 2146 1420 1474 -1831 336 -3188
270 2143 1418 1470 -1831 340 -3186
271 2142 1419 1473 -1830 335 -3189
272 2144 1419 1472 -1831 334 -3188
273 2147 1423 1471 -1829 335 -3186
274 2147 1419 1472 -1831 337 -3188
275 2147 1420 1471 -1830 338 -3184
276 2146 1418 1471 -1827 336 -3186
277 2149 1420 1474 -1829 334 -3186
278 2148 1420 1473 -1829 334 -3190
279 2147 1418 1474 -1830 334 -3186
280 2146 1420 1472 -1830 340 -3188
281 2144 1417 1471 -1828 334 -3191
282 2144 1423 1474 -1828 336 -3187
283 2150 1420 1477 -1827 334 -3190
284 2146 1417 1474 -1831 340 -3189
285 2144 1417 1473 -1832 335 -3189
286 2145 1418 1474 -1828 334 -3188
287 2143 1418 1473 -1828 337 -3187
288 2149 1419 1471 -1829 331 -3190
289 2147 1419 1475 -1830 337 -3189
290 2147 1421 1473 -1830 336 -3188
291 2143 1420 1475 -1828 337 -3184
292 2144 1420 1471 -1829 337 -3187
293 2146 1420 1475 -1830 335 -3186
294 2145 1419 1475 -1831 332 -3189
295 2148 1422 1471 -1830 339 -3187
296 2147 1421 1469 -1830 338 -3187
297 2146 1422 1474 -1828 339 -3189
298 2145 1420 1472 -1830 336 -3189
299 2147 1418 1475 -1829 332 -3189
300 2148 1419 1474 -1830 335 -3185
301 2147 1418 1473 -1830 340 -3186
302 2144 1420 1475 -1830 339 -3185
303 2147 1420 1472 -1824 337 -3185
304 2147 1420 1471 -1829 335 -3188
305 2148 1418 1473 -1828 338 -3188
306 2144 1420 1473 -1830 336 -3186
307 2145 1419 1474 -1828 340 -3188
308 2143 1419 1476 -1827 338 -3189
309 2148 1422 1476 -1826 332 -3187
310 2150 1418 1475 -1826 335 -3188
311 2146 1421 1473 -1832 333 -3188
312 2144 1420 1473 -1826 339 -3186
313 2147 1420 1473 -1828 338 -3186
314 2145 1420 1474 -1831 336 -3185
315 2146 1419 1472 -1827 334 -3189
316 2145 1419 1472 -1829 333 -3188
317 2143 1419 1474 -1831 336 -3189
318 2147 1419 1470 -1832 336 -3188
319 2148 1419 1474 -1828 337 -3185
320 2147 1421 1473 -1830 335 -3188
321 2150 1421 1474 -1832 338 -3188
322 2143 1420 1472 -1831 337 -3189
323 2146 1420 1469 -1828 336 -3185
324 2146 1421 1475 -1830 334 -3189
325 2147 1421 1474 -1828 334 -3188
326 2147 1420 1473 -1829 336 -3190
327 2144 1419 1472 -1827 336 -3190
328 2145 1420 1473 -1831 338 -3188
329 2147 1419 1472 -1829 334 -3184
330 2147 1421 1474 -1829 335 -3188
331 2148 1420 1470 -1828 334 -3188
332 2147 1418 1470 -1831 339 -3186
333 2143 1419 1473 -1834 336 -3191
334 2146 1420 1471 -1828 337 -3188
335 2147 1421 1472 -1830 334 -3189
336 2146 1420 1473 -1827 337 -3186
337 2146 1419 1474 -1826 335 -3186
338 2146 1419 1475 -1829 337 -3188
339 2147 1419 1472 -1830 338 -3186
340 2150 1420 1471 -1830 333 -3189
341 2149 1418 1471 -1829 333 -3189
342 2147 1418 1473 -1830 337 -3184
343 2145 1423 1473 -1828 338 -3186
344 2146 1420 1473 -1830 336 -3187
345 2146 1421 1470 -1831 333 -3189
346 2148 1418 1471 -1829 333 -3188
347 2147 1418 1472 -1833 334 -3187
348 2146 1419 1474 -1830 338 -3184
349 2146 1421 1473 -1829 339 -3187
350 2146 1420 1474 -1828 337 -3187
351 2147 1423 1471 -1830 333 -3190
352 2149 1420 1474 -1830 334 -3188
353 2145 1418 1475 -1830 339 -3188
354 2142 1418 1472 -1829 339 -3189
355 2144 1418 1472 -1829 333 -3190
356 2147 1419 1470 -1828 336 -3187
357 2148 1422 1472 -1828 334 -3185
358 2143 1419 1474 -1830 335 -3187
359 2143 1420 1470 -1828 339 -3186
360 2147 1420 1470 -1830 336 -3188
361 2148 1422 1474 -1828 333 -3188
362 2148 1419 1474 -1830 335 -3188
363 2146 1419 1473 -1832 337 -3186
364 2147 1418 1473 -1830 337 -3187
365 2144 1420 1474 -1830 340 -3186
366 2146 1422 1476 -1828 331 -3187
367 2151 1420 1471 -1829 329 -3190
368 2147 1419 1475 -1831 336 -3190
369 2144 1417 1470 -1831 336 -3191
370 2143 1418 1472 -1827 339 -3186
371 2146 1422 1480 -1830 333 -3190
372 2142 1418 1469 -1828 332 -3187
373 2147 1422 1473 -1826 332 -3188
374 2144 1421 1472 -1829 339 -3189
375 2142 1419 1473 -1832 338 -3189
376 2145 1418 1471 -1830 337 -3188
377 2149 1420 1472 -1826 331 -3191
378 2146 1421 1473 -1828 336 -3189
379 2143 1419 1474 -1830 337 -3188
380 2140 1420 1474 -1832 338 -3189
381 2146 1419 1474 -1831 337 -3186
382 2151 1419 1472 -1828 332 -3191
383 2150 1422 1472 -1827 332 -3187
384 2147 1418 1475 -1829 335 -3186
385 2143 1422 1471 -1830 341 -3186
386 2140 1418 1475 -1830 335 -3188
387 2147 1421 1473 -1829 329 -3189
388 2147 1420 1469 -1827 332 -3189
389 2147 1421 1473 -1825 334 -3189
390 2143 1420 1470 -1826 339 -3184
391 2144 1420 1476 -1834 339 -3190
392 2146 1421 1470 -1828 335 -3188
393 2150 1418 1474 -1827 331 -3192
394 2148 1420 1472 -1829 334 -3186
395 2143 1421 1474 -1832 338 -3191
396 2145 1421 1471 -1828 339 -3188
397 2146 1416 1471 -1830 337 -3188
398 2149 1419 1473 -1829 332 -3187
399 2150 1422 1476 -1828 334 -3186
400 2148 1417 1471 -1830 336 -3188
401 2142 1420 1471 -1832 342 -3192
402 2142 1419 1473 -1832 334 -3190
403 2147 1420 1470 -1829 329 -3189
404 2150 1420 1474 -1833 331 -3186
405 2146 1419 1472 -1830 339 -3189
406 2140 1418 1471 -1831 338 -3188
407 2139 1418 1470 -1830 338 -3191
408 2144 1419 1472 -1829 333 -3187
409 2150 1422 1471 -1827 330 -3186
410 2146 1419 1469 -1828 335 -3194
411 2142 1418 1472 -1832 336 -3188
412 2141 1420 1470 -1830 337 -3186
413 2147 1421 1474 -1830 336 -3186
414 2149 1420 1472 -1826 330 -3188
415 2147 1420 1472 -1828 333 -3188
416 2144 1418 1471 -1830 337 -3190
417 2139 1417 1472 -1833 339 -3188
418 2147 1421 1472 -1829 335 -3187
419 2151 1421 1474 -1828 330 -3185
420 2145 1418 1471 -1829 332 -3190
421 2143 1417 1470 -1829 340 -3189
422 2143 1423 1476 -1832 339 -3186
423 2145 1420 1475 -1830 339 -3186
424 2148 1419 1469 -1834 333 -3186
425 2151 1418 1471 -1828 337 -3188
426 2142 1418 1472 -1830 338 -3189
427 2143 1419 1471 -1831 337 -3186
428 2143 1422 1473 -1831 333 -3188
429 2150 1420 1470 -1832 332 -3191
430 2149 1422 1471 -1830 334 -3190
431 2142 1420 1470 -1827 336 -3188
432 2142 1422 1474 -1831 339 -3190
433 2144 1416 1476 -1832 338 -3187
434 2149 1416 1471 -1832 333 -3190
435 2151 1419 1471 -1827 332 -3185
436 2147 1420 1473 -1824 340 -3189
437 2144 1422 1475 -1826 341 -3187
438 2143 1420 1473 -1830 339 -3187
439 2152 1419 1472 -1832 338 -3186
440 2153 1419 1471 -1829 331 -3184
441 2150 1423 1477 -1825 337 -3188
442 2139 1419 1473 -1825 343 -3190
443 2142 1417 1473 -1831 336 -3188
444 2149 1418 1475 -1832 336 -3187
445 2154 1421 1472 -1829 334 -3187
446 2149 1426 1477 -1825 336 -3187
447 2140 1421 1473 -1828 341 -3186
448 2141 1416 1473 -1832 341 -3191
449 2144 1418 1471 -1833 334 -3186
450 2153 1422 1477 -1827 333 -3184
451 2147 1423 1476 -1830 333 -3188
452 2144 1420 1473 -1830 340 -3187
453 2140 1418 1470 -1832 339 -3190
454 2145 1420 1473 -1831 336 -3188
455 2152 1421 1474 -1829 329 -3186
456 2152 1421 1477 -1829 332 -3188
457 2147 1420 1472 -1830 336 -3187
458 2141 1417 1473 -1827 342 -3188
459 2145 1415 1474 -1829 336 -3187
460 2148 1422 1476 -1830 332 -3186
461 2151 1420 1474 -1830 330 -3187
462 2147 1418 1473 -1827 336 -3190
463 2141 1416 1471 -1825 341 -3188
464 2144 1422 1472 -1830 336 -3186
465 2145 1420 1475 -1830 335 -3186
466 2148 1419 1473 -1830 332 -3190
467 2149 1415 1468 -1831 334 -3188
468 2140 1416 1471 -1827 336 -3187
469 2146 1423 1476 -1831 335 -3187
470 2148 1423 1473 -1828 333 -3186
471 2149 1418 1470 -1831 336 -3189
472 2144 1416 1471 -1828 335 -3192
473 2144 1419 1473 -1830 334 -3189
474 2145 1420 1475 -1832 336 -3185
475 2144 1418 1473 -1831 333 -3190
476 2146 1415 1469 -1831 334 -3190
477 2144 1418 1469 -1835 336 -3192
478 2146 1422 1471 -1830 338 -3187
479 2142 1420 1474 -1829 335 -3190
480 2146 1419 1472 -1830 331 -3190
481 2147 1418 1469 -1830 332 -3194
482 2147 1419 1471 -1829 335 -3189
483 2144 1417 1475 -1828 335 -3187
484 2147 1419 1470 -1831 337 -3186
485 2148 1423 1473 -1830 337 -3187
486 2148 1416 1470 -1829 337 -3188
487 2143 1419 1473 -1827 335 -3184
488 2147 1420 1473 -1828 335 -3184
489 2141 1420 1475 -1828 337 -3185
490 2147 1418 1472 -1830 336 -3190
491 2147 1416 1471 -1831 334 -3189
492 2146 1419 1472 -1831 333 -3186
493 2145 1421 1471 -1827 337 -3186
494 2145 1420 1475 -1830 335 -3188
495 2146 1419 1470 -1829 337 -3191
496 2145 1419 1472 -1832 334 -3186
497 2148 1420 1473 -1826 334 -3188
498 2149 1420 1474 -1826 338 -3184
499 2147 1419 1474 -1833 331 -3189
500 2142 1416 1470 -1831 335 -3192
501 2146 1418 1470 -1832 331 -3188
502 2149 1419 1470 -1830 332 -3186
503 2147 1420 1474 -1827 336 -3191
504 2144 1419 1473 -1829 338 -3191
505 2147 1420 1472 -1830 340 -3188
506 2146 1418 1472 -1828 338 -3183
507 2147 1422 1476 -1832 336 -3187
508 2144 1422 1475 -1830 336 -3186
509 2145 1417 1472 -1830 339 -3188
510 2146 1419 1472 -1834 335 -3189
511 2144 1422 1476 -1835 336 -3187
512 2147 1423 1474 -1833 334 -3190
513 2147 1419 1473 -1828 336 -3189
514 2144 1420 1470 -1826 339 -3189
515 2142 1415 1469 -1826 338 -3186
516 2145 1420 1474 -1829 332 -3187
517 2149 1418 1472 -1832 334 -3187
518 2146 1417 1473 -1828 334 -3186
519 2146 1419 1473 -1828 334 -3189
520 2145 1420 1474 -1829 335 -3189
521 2145 1421 1473 -1827 332 -3189
522 2147 1421 1473 -1829 335 -3192
523 2147 1417 1469 -1829 333 -3190
524 2145 1418 1470 -1823 336 -3188
525 2144 1420 1471 -1827 335 -3188
526 2145 1423 1478 -1830 335 -3190
527 2146 1420 1472 -1830 334 -3186
528 2146 1415 1471 -1830 335 -3188
529 2144 1418 1471 -1830 337 -3190
530 2144 1419 1475 -1831 339 -3186
531 2144 1419 1474 -1832 335 -3188
532 2146 1419 1471 -1832 332 -3188
533 2148 1419 1470 -1834 331 -3184
534 2147 1419 1472 -1831 335 -3187
535 2145 1419 1475 -1828 334 -3188
536 2142 1417 1473 -1829 334 -3189
537 2147 1419 1474 -1832 334 -3191
538 2148 1420 1469 -1828 335 -3188
539 2146 1422 1472 -1830 334 -3186
540 2144 1420 1472 -1831 334 -3190
541 2146 1418 1472 -1830 334 -3190
542 2145 1418 1471 -1829 331 -3189
543 2146 1419 1471 -1831 331 -3189
544 2148 1418 1472 -1828 337 -3189
545 2144 1419 1473 -1829 333 -3186
546 2145 1419 1474 -1828 336 -3189
547 2149 1418 1472 -1828 337 -3188
548 2149 1418 1474 -1829 331 -3189
549 2145 1423 1474 -1830 335 -3187
550 2147 1419 1472 -1833 337 -3191
551 2144 1414 1471 -1829 339 -3188
552 2144 1418 1472 -1829 333 -3190
553 2146 1421 1474 -1829 335 -3190
554 2149 1421 1469 -1832 330 -3187
555 2147 1420 1467 -1832 337 -3189
556 2144 1416 1473 -1832 333 -3188
557 2141 1420 1471 -1830 334 -3189
558 2142 1421 1473 -1832 332 -3186
559 2144 1417 1471 -1831 334 -3188
560 2148 1417 1471 -1835 334 -3187
561 2144 1416 1472 -1831 334 -3190
562 2142 1419 1472 -1829 333 -3190
563 2143 1414 1472 -1830 333 -3189
564 2143 1415 1470 -1830 335 -3192
565 2146 1416 1473 -1829 335 -3191
566 2145 1415 1469 -1830 335 -3188
567 2144 1416 1472 -1830 337 -3189
568 2141 1422 1471 -1824 332 -3189
569 2143 1415 1470 -1831 332 -3188
570 2146 1418 1471 -1830 334 -3187
571 2148 1418 1473 -1832 339 -3187
572 2147 1421 1474 -1827 337 -3186
573 2142 1419 1472 -1829 336 -3188
574 2146 1419 1472 -1830 335 -3190
575 2147 1418 1468 -1830 335 -3188
576 2150 1419 1471 -1829 334 -3188
577 2147 1419 1474 -1828 336 -3186
578 2144 1419 1471 -1830 335 -3190
579 2140 1416 1473 -1832 337 -3190
580 2144 1419 1472 -1831 332 -3188
581 2146 1421 1472 -1831 335 -3189
582 2146 1419 1475 -1829 333 -3188
583 2144 1418 1473 -1827 337 -3193
584 2143 1418 1471 -1829 336 -3190
585 2144 1418 1474 -1828 331 -3192
586 2144 1418 1473 -1831 336 -3187
587 2147 1419 1468 -1831 334 -3190
588 2144 1416 1469 -1830 338 -3190
589 2144 1415 1472 -1829 336 -3187
590 2144 1420 1471 -1831 335 -3186
591 2146 1420 1472 -1833 335 -3191
592 2146 1417 1470 -1832 336 -3189
593 2147 1417 1470 -1833 335 -3190
594 2143 1419 1471 -1830 335 -3187
595 2143 1418 1471 -1831 333 -3189
596 2144 1418 1471 -1829 334 -3188
597 2148 1419 1470 -1833 333 -3189
598 2147 1414 1470 -1830 339 -3186
599 2145 1422 1472 -1831 335 -3186
600 2144 1422 1471 -1830 335 -3189
601 2144 1418 1472 -1831 335 -3192
602 2144 1416 1471 -1833 334 -3192
603 2147 1419 1472 -1828 334 -3192
604 2145 1419 1471 -1830 333 -3186
605 2145 1421 1472 -1830 335 -3190
606 2146 1418 1468 -1827 334 -3190
607 2146 1417 1471 -1829 333 -3192
608 2144 1417 1469 -1829 334 -3188
609 2149 1419 1474 -1828 336 -3185
610 2146 1420 1474 -1829 334 -3190
611 2144 1420 1473 -1829 334 -3191
612 2144 1419 1473 -1831 336 -3191
613 2148 1418 1471 -1833 336 -3185
614 2149 1424 1476 -1832 336 -3185
615 2148 1418 1474 -1830 336 -3190
616 2143 1416 1472 -1831 335 -3191
617 2143 1417 1472 -1829 336 -3188
618 2146 1420 1476 -1829 334 -3187
619 2148 1421 1476 -1830 332 -3187
620 2147 1419 1473 -1834 336 -3186
621 2149 1416 1469 -1827 337 -3188
622 2147 1416 1473 -1828 340 -3186
623 2144 1422 1474 -1824 336 -3188
624 2148 1419 1474 -1827 335 -3190
625 2150 1416 1470 -1833 333 -3193
626 2148 1415 1467 -1832 334 -3188
627 2147 1420 1471 -1826 335 -3187
628 2144 1423 1474 -1827 338 -3187
629 2143 1419 1476 -1828 334 -3189
630 2148 1417 1472 -1833 335 -3190
631 2148 1416 1470 -1830 336 -3186
632 2148 1420 1475 -1830 338 -3185
633 2145 1421 1476 -1828 335 -3189
634 2141 1422 1473 -1827 334 -3189
635 2145 1414 1470 -1830 333 -3192
636 2148 1416 1474 -1831 335 -3188
637 2148 1420 1475 -1831 335 -3188
638 2142 1420 1476 -1830 336 -3187
639 2141 1418 1468 -1826 339 -3190
640 2143 1414 1468 -1830 336 -3190
641 2149 1417 1472 -1828 334 -3185
642 2149 1421 1474 -1832 334 -3186
643 2144 1423 1475 -1826 336 -3189
644 2139 1416 1471 -1827 337 -3188
645 2144 1419 1470 -1831 336 -3188
646 2151 1422 1472 -1833 331 -3189
647 2150 1419 1473 -1829 337 -3186
648 2144 1418 1473 -1827 336 -3188
649 2142 1416 1467 -1829 337 -3189
650 2143 1418 1471 -1831 337 -3191
651 2148 1420 1473 -1830 327 -3188
652 2154 1421 1473 -1829 335 -3185
653 2149 1423 1470 -1827 336 -3189
654 2140 1416 1473 -1827 338 -3191
655 2144 1419 1471 -1828 337 -3188
656 2145 1422 1478 -1827 336 -3185
657 2154 1422 1474 -1828 332 -3186
658 2152 1420 1472 -1829 339 -3194
659 2144 1419 1470 -1827 337 -3187
660 2141 1421 1471 -1828 337 -3187
661 2143 1423 1474 -1832 334 -3182
662 2151 1423 1475 -1832 333 -3189
663 2151 1416 1470 -1832 335 -3190
664 2142 1419 1470 -1833 336 -3187
665 2140 1421 1473 -1831 338 -3185
666 2144 1420 1474 -1830 334 -3186
667 2148 1419 1474 -1832 336 -3188
668 2149 1417 1471 -1833 334 -3190
669 2145 1416 1472 -1829 339 -3188
670 2141 1423 1475 -1829 337 -3189
671 2143 1420 1475 -1827 331 -3186
672 2145 1419 1473 -1826 334 -3190
673 2149 1421 1471 -1826 333 -3194
674 2146 1419 1474 -1826 336 -3187
675 2143 1421 1473 -1825 340 -3187
676 2143 1420 1474 -1825 336 -3191
677 2148 1417 1471 -1828 334 -3192
678 2155 1418 1470 -1830 332 -3187
679 2152 1421 1476 -1829 339 -3188
680 2145 1421 1476 -1827 338 -3189
681 2143 1419 1468 -1831 334 -3190
682 2145 1418 1471 -1830 331 -3190
683 2149 1419 1471 -1833 332 -3187
684 2147 1421 1474 -1832 336 -3187
685 2144 1421 1473 -1830 337 -3186
686 2144 1418 1472 -1832 336 -3188
687 2147 1418 1470 -1831 333 -3189
688 2147 1418 1473 -1831 331 -3188
689 2145 1424 1474 -1832 334 -3189
690 2142 1420 1473 -1833 338 -3189
691 2146 1420 1472 -1831 338 -3192
692 2144 1418 1469 -1830 332 -3191
693 2146 1420 1474 -1828 335 -3187
694 2144 1419 1474 -1828 334 -3190
695 2143 1419 1472 -1832 341 -3187
696 2142 1418 1468 -1829 336 -3188
697 2147 1417 1469 -1827 331 -3189
698 2148 1418 1474 -1827 331 -3187
699 2148 1420 1475 -1828 334 -3192
700 2143 1419 1472 -1832 338 -3189
701 2145 1416 1472 -1834 338 -3185
702 2145 1420 1472 -1828 333 -3183
703 2148 1421 1475 -1827 330 -3189
704 2149 1418 1474 -1829 332 -3189
705 2148 1415 1473 -1831 338 -3191
706 2147 1418 1470 -1832 340 -3187
707 2146 1419 1470 -1830 337 -3185
708 2145 1420 1475 -1825 330 -3188
709 2149 1419 1474 -1824 333 -3189
710 2147 1417 1473 -1824 339 -3188
711 2145 1417 1471 -1827 340 -3186
712 2143 1418 1475 -1826 337 -3186
713 2148 1419 1476 -1826 331 -3188
714 2147 1421 1473 -1824 333 -3191
715 2145 1417 1473 -1830 339 -3191
716 2141 1417 1470 -1831 340 -3186
717 2142 1419 1474 -1831 334 -3187
718 2148 1417 1473 -1835 330 -3192
719 2151 1420 1471 -1832 330 -3190
720 2146 1420 1472 -1832 334 -3192
721 2141 1423 1470 -1828 340 -3190
722 2138 1421 1476 -1837 336 -3188
723 2149 1416 1471 -1832 332 -3188
724 2152 1417 1471 -1828 329 -3193
725 2145 1419 1468 -1827 333 -3188
726 2146 1418 1472 -1833 340 -3188
727 2140 1420 1471 -1831 340 -3190
728 2146 1415 1471 -1827 335 -3190
729 2159 1420 1472 -1827 328 -3188
730 2150 1418 1471 -1823 333 -3187
731 2141 1420 1473 -1826 338 -3190
732 2139 1418 1474 -1823 339 -3189
733 2144 1416 1471 -1828 331 -3191
734 2156 1419 1471 -1829 330 -3188
735 2149 1420 1473 -1829 334 -3187
736 2140 1420 1473 -1824 336 -3191
737 2137 1418 1475 -1830 336 -3189
738 2147 1416 1473 -1837 335 -3187
739 2152 1416 1471 -1836 330 -3187
740 2152 1421 1473 -1835 332 -3186
741 2143 1420 1473 -1827 336 -3190
742 2132 1419 1476 -1829 338 -3189
743 2137 1418 1471 -1840 336 -3184
744 2153 1420 1469 -1844 329 -3187
745 2156 1420 1472 -1837 329 -3188
746 2144 1420 1474 -1826 338 -3187
747 2132 1418 1473 -1830 344 -3189
748 2141 1418 1472 -1835 339 -3186
749 2154 1418 1474 -1834 333 -3186
750 2154 1418 1471 -1826 329 -3188
751 2143 1419 1470 -1819 336 -3192
752 2134 1418 1470 -1823 345 -3192
753 2140 1416 1472 -1830 340 -3189
754 2152 1420 1474 -1832 333 -3186
755 2154 1421 1474 -1827 329 -3188
756 2150 1420 1471 -1823 329 -3190
757 2138 1416 1471 -1828 340 -3192
758 2142 1418 1472 -1833 339 -3188
759 2150 1422 1470 -1829 330 -3190
760 2157 1421 1474 -1832 327 -3186
761 2148 1417 1472 -1827 335 -3189
762 2140 1417 1467 -1829 340 -3190
763 2139 1418 1472 -1831 340 -3188
764 2146 1421 1475 -1833 333 -3190
765 2150 1421 1471 -1832 331 -3189
766 2149 1416 1471 -1834 333 -3188
767 2140 1417 1471 -1830 341 -3189
768 2139 1418 1475 -1830 340 -3187
769 2143 1421 1473 -1833 330 -3190
770 2148 1418 1470 -1833 330 -3188
771 2148 1415 1466 -1838 336 -3186
772 2141 1417 1472 -1836 339 -3188
773 2139 1420 1470 -1832 336 -3190
774 2143 1419 1470 -1834 329 -3190
775 2148 1419 1469 -1831 331 -3190
776 2145 1422 1472 -1831 334 -3191
777 2141 1422 1473 -1831 338 -3185
778 2144 1418 1474 -1826 336 -3186
779 2148 1419 1470 -1825 329 -3189
780 2149 1420 1473 -1830 334 -3186
781 2152 1416 1473 -1829 338 -3187
782 2144 1420 1473 -1830 338 -3189
783 2146 1418 1471 -1828 333 -3192
784 2144 1416 1471 -1828 333 -3191
785 2148 1418 1472 -1825 335 -3188
786 2148 1419 1471 -1827 335 -3188
787 2147 1422 1474 -1834 338 -3189
788 2143 1417 1473 -1829 339 -3188
789 2142 1417 1470 -1829 334 -3189
790 2148 1419 1473 -1829 334 -3190
791 2147 1418 1471 -1832 333 -3186
792 2146 1416 1474 -1834 335 -3190
793 2144 1416 1471 -1833 336 -3190
794 2140 1421 1468 -1831 331 -3189
795 2146 1419 1471 -1831 330 -3186
796 2146 1422 1470 -1831 330 -3190
797 2144 1420 1472 -1834 335 -3190
798 2138 1418 1470 -1829 339 -3190
799 2141 1416 1473 -1830 335 -3190
800 2145 1418 1472 -1827 332 -3184
801 2149 1419 1473 -1830 330 -3189
802 2149 1416 1472 -1832 336 -3189
803 2143 1415 1470 -1828 341 -3190
804 2145 1420 1471 -1824 336 -3189
805 2144 1418 1473 -1828 332 -3190
806 2148 1422 1472 -1829 333 -3189
807 2147 1418 1470 -1830 336 -3191
808 2143 1419 1475 -1834 338 -3187
809 2146 1418 1468 -1834 338 -3189
810 2146 1422 1471 -1830 337 -3189
811 2148 1419 1468 -1830 331 -3186
812 2151 1418 1472 -1832 336 -3191
813 2150 1419 1473 -1831 337 -3188
814 2144 1418 1473 -1829 336 -3188
815 2144 1421 1471 -1825 331 -3190
816 2148 1418 1472 -1823 330 -3192
817 2145 1420 1468 -1824 329 -3188
818 2143 1421 1473 -1826 338 -3191
819 2140 1423 1472 -1825 338 -3189
820 2142 1420 1474 -1823 333 -3189
821 2146 1420 1473 -1827 333 -3190
822 2145 1421 1472 -1826 334 -3192
823 2145 1421 1473 -1832 338 -3189
824 2138 1418 1473 -1837 339 -3188
825 2139 1418 1473 -1836 339 -3187
826 2147 1415 1471 -1836 332 -3189
827 2147 1419 1473 -1838 331 -3191
828 2147 1419 1476 -1838 337 -3185
829 2142 1418 1472 -1839 342 -3183
830 2145 1418 1470 -1837 340 -3187
831 2148 1416 1473 -1836 338 -3190
832 2150 1417 1471 -1832 329 -3187
833 2148 1421 1472 -1830 335 -3186
834 2145 1420 1473 -1824 339 -3188
835 2142 1420 1471 -1821 339 -3187
836 2146 1416 1473 -1820 334 -3188
837 2154 1422 1471 -1816 326 -3189
838 2152 1422 1472 -1814 332 -3190
839 2146 1420 1472 -1817 338 -3189
840 2142 1419 1473 -1818 337 -3192
841 2143 1418 1471 -1820 334 -3191
842 2150 1420 1474 -1824 329 -3190
843 2148 1421 1475 -1829 334 -3187
844 2143 1422 1471 -1834 336 -3189
845 2139 1418 1474 -1835 343 -3188
846 2142 1419 1473 -1843 333 -3186
847 2144 1421 1472 -1843 335 -3185
848 2145 1418 1473 -1844 334 -3187
849 2141 1418 1473 -1843 339 -3188
850 2135 1415 1471 -1842 340 -3187
851 2141 1414 1473 -1839 335 -3185
852 2148 1418 1473 -1839 334 -3182
853 2154 1420 1473 -1831 334 -3183
854 2146 1418 1473 -1821 339 -3192
855 2139 1420 1474 -1822 339 -3189
856 2143 1420 1470 -1821 336 -3194
857 2148 1421 1473 -1825 333 -3189
858 2153 1420 1470 -1818 334 -3190
859 2149 1418 1472 -1818 336 -3192
860 2144 1420 1471 -1827 340 -3186
861 2145 1418 1472 -1827 343 -3188
862 2154 1419 1472 -1831 332 -3188
863 2157 1418 1472 -1831 327 -3188
864 2148 1419 1470 -1829 329 -3188
865 2143 1418 1469 -1832 340 -3192
866 2138 1420 1469 -1832 344 -3190
867 2144 1419 1477 -1833 335 -3186
868 2147 1420 1475 -1830 334 -3187
869 2146 1419 1468 -1833 332 -3189
870 2145 1417 1473 -1830 339 -3190
871 2145 1418 1475 -1830 337 -3188
872 2144 1420 1474 -1831 335 -3187
873 2144 1415 1472 -1827 335 -3189
874 2149 1419 1472 -1830 333 -3189
875 2144 1418 1472 -1831 335 -3187
876 2143 1419 1472 -1830 337 -3189
877 2144 1417 1470 -1831 332 -3188
878 2145 1418 1474 -1826 337 -3191
879 2149 1418 1473 -1829 335 -3189
880 2147 1418 1471 -1832 335 -3187
881 2146 1421 1472 -1828 338 -3190
882 2148 1419 1472 -1833 333 -3192
883 2145 1419 1470 -1831 333 -3189
884 2144 1418 1470 -1828 335 -3190
885 2145 1419 1474 -1828 338 -3185
886 2145 1421 1470 -1828 333 -3192
887 2146 1421 1471 -1830 336 -3190
888 2147 1419 1471 -1831 334 -3189
889 2147 1419 1473 -1826 334 -3188
890 2149 1423 1473 -1829 335 -3188
891 2147 1417 1473 -1828 336 -3189
892 2143 1419 1475 -1830 337 -3188
893 2145 1420 1473 -1832 336 -3190
894 2146 1420 1474 -1826 338 -3186
895 2146 1420 1469 -1829 332 -3189
896 2146 1418 1470 -1833 337 -3189
897 2145 1420 1474 -1830 338 -3187
898 2147 1417 1472 -1831 331 -3189
899 2145 1420 1472 -1826 334 -3188
900 2148 1422 1472 -1830 334 -3189
901 2146 1420 1474 -1830 334 -3190
902 2148 1416 1472 -1832 331 -3190
903 2147 1418 1473 -1829 335 -3188
904 2145 1421 1472 -1826 334 -3187
905 2145 1418 1473 -1829 333 -3189
906 2145 1420 1473 -1827 337 -3188
907 2145 1417 1471 -1832 331 -3188
908 2146 1418 1469 -1833 335 -3187
909 2144 1419 1474 -1832 334 -3190
910 2144 1418 1470 -1829 334 -3189
911 2146 1419 1471 -1830 334 -3188
912 2146 1419 1471 -1830 335 -3190
913 2148 1420 1475 -1830 334 -3190
914 2147 1419 1471 -1832 336 -3191
915 2143 1414 1472 -1830 333 -3190
916 2144 1419 1469 -1828 333 -3189
917 2144 1420 1473 -1830 334 -3187
918 2145 1421 1472 -1833 337 -3187
919 2149 1417 1475 -1832 337 -3188
920 2147 1423 1470 -1834 334 -3190
921 2143 1419 1473 -1829 335 -3188
922 2147 1421 1473 -1830 335 -3188
923 2147 1417 1471 -1830 337 -3187
924 2146 1420 1469 -1830 335 -3189
925 2144 1418 1470 -1827 336 -3187
926 2144 1419 1472 -1831 335 -3187
927 2142 1419 1471 -1831 334 -3189
928 2147 1418 1472 -1829 335 -3187
929 2145 1416 1469 -1828 333 -3188
930 2146 1418 1470 -1829 332 -3191
931 2147 1417 1471 -1831 335 -3190
932 2145 1421 1473 -1831 337 -3189
933 2145 1416 1472 -1829 337 -3188
934 2146 1420 1474 -1829 336 -3190
935 2146 1420 1471 -1831 336 -3190
936 2143 1418 1474 -1831 336 -3189
937 2144 1419 1471 -1830 336 -3188
938 2145 1420 1474 -1829 335 -3190
939 2147 1417 1471 -1831 336 -3187
940 2147 1417 1472 -1835 331 -3186
941 2146 1416 1470 -1832 335 -3190
942 2145 1417 1470 -1830 336 -3189
943 2144 1418 1472 -1834 333 -3192
944 2145 1418 1471 -1828 336 -3186
945 2148 1419 1472 -1830 335 -3188
946 2146 1419 1471 -1831 334 -3190
947 2146 1420 1474 -1829 336 -3192
948 2144 1416 1467 -1827 333 -3189
949 2149 1421 1472 -1830 335 -3188
950 2147 1417 1470 -1831 333 -3188
951 2148 1419 1470 -1831 335 -3189
952 2147 1418 1472 -1827 335 -3188
953 2142 1418 1472 -1827 337 -3188
954 2145 1418 1473 -1831 332 -3190
955 2145 1419 1473 -1829 331 -3189
956 2146 1418 1472 -1829 334 -3188
957 2148 1418 1469 -1828 337 -3187
958 2144 1418 1472 -1830 336 -3188
959 2146 1421 1470 -1828 337 -3185
960 2144 1423 1474 -1830 334 -3185
961 2147 1420 1476 -1826 338 -3186
962 2149 1418 1473 -1829 335 -3190
963 2145 1418 1473 -1828 337 -3185
964 2146 1420 1476 -1826 336 -3190
965 2146 1421 1470 -1827 336 -3186
966 2149 1418 1475 -1830 336 -3186
967 2148 1420 1473 -1829 338 -3188
968 2146 1420 1476 -1828 337 -3187
969 2144 1420 1476 -1829 337 -3190
970 2150 1422 1473 -1827 332 -3187
971 2150 1419 1470 -1829 335 -3188
972 2149 1422 1473 -1828 335 -3187
973 2147 1421 1472 -1828 337 -3185
974 2147 1418 1474 -1830 337 -3188
975 2146 1420 1472 -1827 335 -3186
976 2146 1422 1473 -1828 333 -3188
977 2147 1423 1470 -1831 336 -3188
978 2145 1416 1472 -1832 335 -3187
979 2147 1419 1471 -1830 337 -3188
980 2149 1417 1471 -1834 335 -3189
981 2147 1418 1473 -1830 333 -3188
982 2144 1419 1470 -1832 332 -3193
983 2145 1419 1471 -1832 334 -3187
984 2146 1421 1474 -1832 335 -3187
985 2146 1418 1469 -1829 335 -3188
986 2148 1419 1471 -1829 334 -3188
987 2146 1419 1471 -1829 336 -3189
988 2144 1416 1471 -1833 339 -3186
989 2145 1419 1471 -1830 334 -3190
990 2144 1417 1468 -1829 337 -3188
991 2147 1418 1474 -1827 335 -3188
992 2145 1416 1473 -1829 336 -3187
993 2144 1420 1475 -1830 340 -3189
994 2144 1418 1474 -1832 336 -3188
995 2144 1419 1474 -1830 336 -3188
996 2144 1419 1474 -1832 336 -3190
997 2146 1420 1472 -1832 334 -3189
998 2149 1419 1471 -1831 334 -3190
999 2144 1416 1470 -1829 336 -3189
0 4464 1484 1380 4417 3679 -2942
1 4465 1485 1380 4411 3680 -2940
2 4471 1487 1379 4412 3673 -2940
3 4471 1483 1376 4412 3673 -2939
4 4473 1485 1380 4410 3674 -2937
5 4473 1487 1376 4411 3671 -2942
6 4475 1486 1376 4409 3672 -2940
7 4479 1486 1379 4412 3671 -2938
8 4482 1487 1378 4410 3667 -2937
9 4486 1488 1380 4410 3669 -2938
10 4482 1486 1379 4415 3670 -2935
11 4487 1490 1378 4408 3668 -2936
12 4490 1489 1378 4412 3663 -2938
13 4492 1488 1375 4409 3661 -2935
14 4493 1484 1376 4409 3664 -2939
15 4496 1486 1378 4410 3663 -2940
16 4496 1486 1378 4409 3664 -2937
17 4497 1488 1378 4409 3662 -2935
18 4498 1485 1378 4406 3663 -2937
19 4499 1490 1376 4409 3660 -2938
20 4503 1487 1377 4409 3661 -2935
21 4506 1489 1378 4410 3661 -2935
22 4506 1490 1378 4412 3659 -2936
23 4509 1491 1377 4409 3661 -2939
24 4509 1490 1377 4410 3662 -2939
25 4507 1486 1374 4411 3663 -2935
26 4509 1487 1376 4411 3663 -2933
27 4509 1491 1373 4412 3662 -2934
28 4511 1492 1378 4415 3662 -2936
29 4512 1490 1375 4414 3660 -2936
30 4511 1485 1378 4414 3666 -2937
31 4511 1490 1376 4412 3661 -2933
32 4513 1488 1378 4414 3661 -2935
33 4513 1489 1374 4412 3661 -2937
34 4514 1487 1374 4412 3661 -2936
35 4515 1485 1375 4412 3661 -2934
36 4513 1488 1375 4415 3660 -2933
37 4514 1489 1378 4413 3665 -2937
38 4513 1485 1373 4410 3662 -2936
39 4512 1487 1374 4410 3663 -2934
40 4513 1486 1374 4408 3662 -2933
41 4511 1486 1376 4411 3663 -2935
42 4511 1483 1379 4406 3660 -2938
43 4510 1482 1373 4407 3662 -2933
44 4513 1490 1374 4403 3662 -2933
45 4509 1488 1375 4406 3665 -2932
46 4512 1488 1378 4403 3666 -2933
47 4510 1489 1376 4402 3667 -2934
48 4510 1487 1377 4404 3663 -2934
49 4509 1489 1372 4403 3662 -2934
50 4507 1490 1376 4402 3662 -2936
51 4508 1487 1378 4404 3666 -2936
52 4505 1487 1378 4402 3664 -2933
53 4505 1487 1374 4400 3662 -2934
54 4506 1488 1376 4399 3664 -2933
55 4507 1490 1377 4398 3666 -2933
56 4503 1489 1375 4401 3665 -2935
57 4506 1488 1374 4400 3667 -2933
58 4505 1488 1375 4402 3664 -2934
59 4505 1488 1377 4400 3664 -2934
60 4504 1490 1377 4398 3663 -2932
61 4504 1488 1379 4397 3668 -2933
62 4505 1486 1374 4398 3667 -2936
63 4505 1487 1376 4399 3666 -2935
64 4504 1487 1379 4398 3666 -2933
65 4500 1485 1378 4400 3670 -2932
66 4504 1489 1373 4400 3672 -2936
67 4503 1486 1374 4399 3671 -2934
68 4502 1487 1378 4398 3669 -2934
69 4502 1486 1379 4398 3672 -2932
70 4502 1488 1382 4398 3670 -2936
71 4501 1484 1376 4404 3676 -2935
72 4501 1484 1375 4405 3671 -2934
73 4503 1489 1378 4405 3674 -2932
74 4503 1487 1378 4404 3676 -2936
75 4502 1488 1375 4405 3681 -2935
76 4504 1485 1376 4409 3679 -2934
77 4504 1483 1377 4408 3680 -2931
78 4503 1488 1378 4406 3679 -2930
79 4506 1487 1378 4409 3683 -2935
80 4506 1487 1374 4408 3680 -2937
81 4500 1481 1377 4406 3681 -2934
82 4504 1487 1379 4404 3679 -2932
83 4501 1487 1380 4405 3683 -2934
84 4500 1485 1378 4402 3682 -2934
85 4499 1485 1378 4403 3681 -2936
86 4498 1485 1378 4403 3684 -2931
87 4499 1485 1380 4401 3682 -2932
88 4498 1485 1382 4398 3684 -2930
89 4496 1486 1382 4396 3682 -2934
90 4491 1485 1377 4395 3684 -2934
91 4491 1481 1379 4395 3682 -2932
92 4493 1484 1379 4393 3682 -2933
93 4491 1485 1381 4393 3681 -2933
94 4488 1485 1382 4389 3684 -2936
95 4488 1483 1377 4393 3686 -2934
96 4488 1487 1379 4390 3682 -2933
97 4487 1486 1378 4391 3684 -2931
98 4486 1485 1378 4390 3683 -2932
99 4481 1487 1376 4390 3687 -2934
100 4485 1482 1380 4388 3687 -2935
101 4488 1487 1382 4391 3688 -2931
102 4485 1488 1381 4390 3687 -2931
103 4484 1483 1382 4387 3692 -2936
104 4481 1483 1378 4387 3693 -2934
105 4479 1483 1380 4390 3692 -2936
106 4481 1483 1380 4387 3695 -2933
107 4481 1484 1384 4387 3695 -2934
108 4479 1487 1384 4389 3694 -2933
109 4475 1481 1381 4385 3696 -2937
110 4477 1485 1382 4387 3694 -2935
111 4476 1485 1380 4385 3698 -2930
112 4476 1482 1384 4385 3697 -2931
113 4474 1485 1382 4389 3700 -2929
114 4476 1487 1382 4389 3703 -2931
115 4477 1484 1379 4388 3700 -2931
116 4477 1485 1381 4390 3706 -2930
117 4473 1487 1382 4392 3704 -2933
118 4478 1482 1381 4396 3707 -2929
119 4475 1483 1380 4394 3714 -2932
120 4476 1484 1381 4396 3714 -2927
121 4479 1485 1384 4398 3715 -2929
122 4479 1486 1383 4400 3715 -2931
123 4482 1482 1380 4399 3715 -2928
124 4478 1480 1380 4400 3718 -2931
125 4479 1483 1382 4400 3718 -2930
126 4479 1481 1384 4401 3721 -2930
127 4481 1485 1384 4397 3717 -2931
128 4483 1481 1381 4395 3719 -2927
129 4479 1480 1380 4396 3719 -2931
130 4479 1483 1382 4396 3719 -2928
131 4480 1484 1383 4395 3717 -2928
132 4479 1481 1381 4389 3717 -2928
133 4485 1482 1384 4392 3717 -2928
134 4481 1481 1383 4388 3721 -2928
135 4480 1482 1379 4388 3715 -2926
136 4483 1484 1383 4384 3715 -2929
137 4479 1481 1382 4384 3714 -2928
138 4483 1481 1380 4380 3714 -2927
139 4482 1483 1380 4382 3713 -2932
140 4485 1482 1382 4378 3711 -2927
141 4483 1482 1380 4377 3711 -2928
142 4484 1481 1382 4375 3709 -2930
143 4487 1480 1382 4373 3712 -2929
144 4487 1484 1379 4371 3704 -2929
145 4489 1484 1380 4370 3708 -2928
146 4489 1484 1379 4366 3708 -2928
147 4494 1483 1380 4369 3703 -2926
148 4496 1483 1378 4365 3703 -2928
149 4496 1480 1381 4363 3704 -2929
150 4498 1482 1377 4363 3700 -2926
151 4500 1481 1378 4361 3699 -2928
152 4504 1483 1380 4359 3698 -2929
153 4506 1482 1378 4363 3694 -2929
154 4510 1484 1380 4356 3697 -2926
155 4509 1482 1379 4353 3693 -2926
156 4512 1482 1379 4354 3695 -2925
157 4516 1481 1379 4356 3693 -2927
158 4517 1484 1380 4354 3690 -2926
159 4523 1480 1377 4354 3688 -2926
160 4525 1484 1380 4352 3688 -2925
161 4526 1481 1378 4350 3685 -2925
162 4529 1480 1379 4353 3686 -2925
163 4533 1482 1378 4350 3684 -2926
164 4537 1478 1376 4351 3685 -2927
165 4542 1480 1375 4349 3684 -2923
166 4544 1479 1375 4351 3683 -2923
167 4548 1481 1373 4351 3683 -2925
168 4553 1482 1372 4352 3681 -2921
169 4556 1481 1374 4351 3680 -2923
170 4558 1484 1376 4351 3678 -2925
171 4562 1481 1375 4352 3678 -2923
172 4562 1480 1373 4347 3677 -2922
173 4570 1480 1372 4348 3675 -2924
174 4573 1486 1371 4346 3671 -2921
175 4572 1485 1373 4347 3671 -2922
176 4576 1484 1375 4346 3673 -2922
177 4576 1485 1371 4344 3669 -2924
178 4577 1482 1371 4342 3668 -2924
179 4581 1482 1372 4340 3664 -2920
180 4584 1483 1371 4334 3662 -2921
181 4588 1480 1371 4330 3659 -2923
182 4588 1485 1369 4332 3660 -2924
183 4588 1482 1369 4330 3659 -2923
184 4590 1481 1372 4328 3655 -2920
185 4592 1485 1373 4326 3656 -2920
186 4592 1479 1372 4326 3655 -2921
187 4594 1481 1370 4321 3655 -2922
188 4593 1485 1372 4321 3652 -2923
189 4597 1483 1373 4319 3650 -2920
190 4600 1484 1368 4314 3648 -2919
191 4603 1484 1370 4316 3648 -2922
192 4601 1483 1369 4312 3645 -2920
193 4599 1482 1368 4308 3647 -2924
194 4599 1482 1369 4310 3646 -2920
195 4604 1485 1369 4306 3641 -2921
196 4600 1480 1368 4306 3642 -2922
197 4601 1480 1372 4305 3644 -2921
198 4601 1484 1369 4302 3644 -2918
199 4602 1484 1368 4300 3642 -2918
200 4605 1485 1367 4300 3638 -2921
201 4604 1484 1367 4305 3645 -2919
202 4606 1482 1369 4301 3647 -2919
203 4604 1483 1369 4303 3647 -2918
204 4609 1486 1374 4302 3644 -2919
205 4606 1484 1369 4301 3645 -2920
206 4608 1482 1368 4304 3646 -2922
207 4610 1480 1366 4302 3648 -2920
208 4607 1482 1369 4304 3649 -2917
209 4609 1483 1370 4305 3651 -2917
210 4610 1481 1369 4306 3651 -2923
211 4612 1482 1368 4307 3656 -2919
212 4611 1485 1371 4308 3658 -2918
213 4610 1484 1369 4309 3656 -2917
214 4610 1481 1371 4311 3657 -2916
215 4615 1481 1370 4314 3661 -2917
216 4612 1481 1368 4315 3659 -2916
217 4611 1482 1372 4314 3665 -2918
218 4615 1483 1372 4315 3668 -2916
219 4613 1483 1371 4314 3669 -2914
220 4614 1481 1368 4315 3668 -2919
221 4612 1479 1368 4319 3667 -2917
222 4610 1483 1370 4316 3671 -2916
223 4609 1483 1369 4318 3671 -2917
224 4611 1479 1369 4315 3673 -2918
225 4608 1482 1368 4315 3670 -2913
226 4610 1480 1372 4315 3672 -2915
227 4606 1482 1372 4319 3677 -2918
228 4610 1487 1373 4315 3674 -2912
229 4607 1482 1369 4314 3676 -2918
230 4606 1482 1369 4313 3676 -2913
231 4606 1480 1369 4315 3677 -2916
232 4604 1484 1370 4313 3676 -2915
233 4602 1481 1371 4309 3677 -2919
234 4603 1482 1369 4307 3677 -2917
235 4601 1480 1369 4313 3680 -2915
236 4600 1484 1372 4305 3679 -2914
237 4597 1483 1371 4304 3679 -2915
238 4593 1480 1369 4300 3680 -2918
239 4595 1479 1370 4298 3676 -2911
240 4594 1479 1375 4297 3674 -2918
241 4594 1482 1374 4295 3678 -2915
242 4590 1482 1374 4294 3676 -2915
243 4587 1481 1373 4294 3678 -2914
244 4587 1477 1370 4294 3679 -2916
245 4586 1481 1373 4288 3677 -2914
246 4590 1482 1372 4290 3678 -2915
247 4586 1480 1374 4289 3677 -2917
248 4583 1476 1372 4290 3676 -2915
249 4582 1477 1371 4289 3678 -2920
250 4584 1483 1370 4288 3682 -2914
251 4585 1477 1373 4290 3682 -2915
252 4583 1477 1369 4291 3682 -2919
253 4583 1475 1371 4293 3684 -2918
254 4584 1479 1374 4295 3690 -2912
255 4586 1479 1375 4291 3689 -2918
256 4585 1483 1374 4294 3688 -2916
257 4581 1479 1372 4298 3691 -2920
258 4585 1476 1371 4301 3692 -2917
259 4582 1480 1376 4298 3694 -2917
260 4582 1482 1377 4303 3697 -2912
261 4583 1481 1376 4301 3696 -2915
262 4582 1478 1373 4300 3695 -2918
263 4585 1479 1374 4299 3698 -2918
264 4582 1480 1375 4301 3700 -2915
265 4578 1478 1377 4302 3697 -2915
266 4576 1480 1375 4299 3702 -2917
267 4576 1476 1376 4302 3701 -2916
268 4578 1477 1376 4298 3705 -2914
269 4579 1481 1376 4299 3706 -2912
270 4571 1479 1377 4300 3707 -2914
271 4572 1481 1375 4299 3708 -2917
272 4575 1479 1377 4299 3707 -2915
273 4573 1477 1374 4297 3708 -2913
274 4571 1478 1380 4300 3710 -2913
275 4567 1479 1378 4300 3711 -2915
276 4565 1475 1377 4297 3715 -2915
277 4565 1477 1375 4299 3714 -2916
278 4566 1478 1377 4296 3713 -2912
279 4563 1477 1378 4296 3717 -2917
280 4561 1476 1380 4295 3715 -2917
281 4555 1475 1377 4295 3721 -2917
282 4555 1475 1376 4293 3719 -2914
283 4555 1478 1378 4293 3719 -2915
284 4554 1476 1379 4288 3719 -2917
285 4552 1476 1379 4290 3722 -2914
286 4548 1477 1381 4288 3724 -2914
287 4546 1478 1384 4289 3723 -2916
288 4546 1478 1379 4286 3724 -2913
289 4547 1479 1379 4287 3722 -2914
290 4545 1478 1378 4285 3728 -2913
291 4540 1474 1381 4286 3730 -2913
292 4534 1477 1379 4286 3733 -2914
293 4533 1477 1382 4285 3731 -2913
294 4536 1475 1382 4283 3729 -2913
295 4536 1478 1380 4286 3737 -2916
296 4531 1476 1380 4284 3739 -2914
297 4528 1474 1382 4285 3742 -2914
298 4528 1476 1379 4285 3738 -2914
299 4529 1474 1379 4286 3740 -2914
300 4533 1475 1380 4287 3739 -2917
301 4530 1475 1386 4290 3748 -2912
302 4532 1478 1385 4293 3748 -2912
303 4528 1475 1385 4293 3749 -2912
304 4530 1474 1380 4294 3751 -2914
305 4529 1478 1383 4298 3755 -2914
306 4529 1475 1383 4299 3754 -2909
307 4528 1475 1384 4296 3758 -2914
308 4528 1474 1383 4297 3758 -2910
309 4532 1481 1384 4300 3758 -2910
310 4533 1477 1381 4300 3760 -2912
311 4530 1477 1382 4302 3762 -2908
312 4528 1475 1382 4302 3763 -2910
313 4529 1474 1383 4302 3764 -2911
314 4534 1474 1386 4301 3762 -2912
315 4531 1473 1383 4301 3763 -2908
316 4535 1475 1380 4298 3767 -2910
317 4535 1476 1383 4299 3764 -2912
318 4538 1475 1381 4301 3765 -2911
319 4536 1473 1381 4299 3765 -2910
320 4535 1476 1381 4301 3766 -2912
321 4540 1473 1383 4297 3762 -2914
322 4538 1477 1380 4298 3764 -2909
323 4540 1474 1379 4296 3763 -2910
324 4542 1478 1384 4294 3762 -2909
325 4541 1475 1383 4292 3761 -2912
326 4544 1474 1382 4294 3758 -2908
327 4544 1473 1383 4288 3757 -2909
328 4545 1475 1382 4285 3759 -2911
329 4548 1474 1381 4283 3755 -2906
330 4547 1474 1381 4281 3752 -2909
331 4549 1476 1383 4277 3749 -2909
332 4549 1474 1382 4274 3747 -2910
333 4549 1474 1381 4272 3745 -2908
334 4553 1474 1381 4265 3747 -2909
335 4553 1474 1379 4269 3744 -2909
336 4554 1472 1381 4264 3742 -2909
337 4555 1473 1378 4262 3735 -2911
338 4560 1474 1379 4256 3735 -2909
339 4561 1475 1376 4255 3734 -2909
340 4561 1475 1378 4256 3730 -2908
341 4566 1475 1379 4255 3731 -2908
342 4568 1477 1378 4251 3731 -2907
343 4568 1475 1383 4252 3729 -2907
344 4571 1475 1378 4247 3724 -2908
345 4574 1476 1382 4249 3724 -2912
346 4577 1475 1377 4247 3723 -2909
347 4580 1476 1379 4248 3723 -2906
348 4582 1475 1378 4246 3722 -2907
349 4584 1476 1379 4246 3723 -2907
350 4589 1474 1380 4246 3717 -2908
351 4591 1472 1375 4249 3716 -2905
352 4588 1473 1376 4246 3718 -2906
353 4595 1474 1375 4247 3718 -2908
354 4594 1472 1376 4247 3719 -2906
355 4601 1473 1377 4248 3715 -2908
356 4602 1474 1376 4248 3719 -2905
357 4605 1474 1375 4248 3716 -2904
358 4607 1474 1375 4245 3718 -2906
359 4610 1476 1373 4249 3715 -2906
360 4612 1473 1372 4249 3715 -2908
361 4614 1475 1373 4249 3714 -2908
362 4615 1473 1374 4252 3714 -2905
363 4619 1474 1374 4252 3715 -2907
364 4618 1479 1377 4248 3715 -2906
365 4623 1474 1374 4254 3720 -2905
366 4623 1475 1376 4248 3715 -2899
367 4627 1477 1375 4253 3714 -2904
368 4626 1473 1376 4249 3715 -2906
369 4626 1474 1372 4255 3715 -2908
370 4626 1474 1373 4253 3717 -2904
371 4633 1479 1374 4249 3715 -2902
372 4627 1476 1372 4251 3714 -2905
373 4631 1474 1375 4251 3715 -2905
374 4628 1474 1375 4248 3717 -2904
375 4629 1475 1374 4243 3714 -2901
376 4633 1481 1372 4239 3713 -2902
377 4625 1473 1374 4238 3714 -2904
378 4625 1473 1374 4233 3711 -2902
379 4623 1473 1371 4232 3705 -2905
380 4619 1473 1369 4230 3708 -2904
381 4620 1474 1371 4226 3708 -2906
382 4620 1473 1374 4226 3706 -2904
383 4619 1472 1371 4225 3709 -2909
384 4619 1474 1372 4223 3709 -2904
385 4615 1476 1375 4224 3712 -2904
386 4617 1474 1372 4223 3706 -2906
387 4618 1471 1371 4223 3708 -2906
388 4615 1471 1371 4224 3713 -2908
389 4614 1472 1373 4225 3713 -2904
390 4612 1475 1377 4228 3715 -2904
391 4612 1474 1375 4226 3714 -2905
392 4614 1472 1375 4228 3718 -2907
393 4613 1471 1371 4225 3718 -2903
394 4605 1471 1372 4224 3718 -2902
395 4606 1473 1377 4228 3723 -2902
396 4610 1474 1376 4227 3719 -2904
397 4606 1470 1372 4227 3725 -2906
398 4612 1473 1372 4224 3727 -2902
399 4607 1474 1375 4230 3726 -2901
400 4598 1475 1374 4232 3727 -2900
401 4604 1473 1376 4231 3731 -2906
402 4603 1472 1374 4231 3728 -2906
403 4602 1471 1376 4230 3733 -2903
404 4600 1473 1375 4236 3735 -2902
405 4599 1471 1376 4238 3737 -2902
406 4599 1472 1376 4243 3737 -2905
407 4600 1467 1372 4240 3743 -2906
408 4602 1473 1374 4246 3740 -2899
409 4601 1474 1376 4249 3745 -2900
410 4600 1473 1376 4254 3747 -2902
411 4599 1474 1376 4256 3751 -2901
412 4601 1470 1378 4256 3754 -2903
413 4600 1475 1379 4256 3757 -2900
414 4597 1474 1380 4258 3757 -2899
415 4595 1472 1376 4260 3758 -2904
416 4592 1468 1375 4262 3765 -2906
417 4592 1474 1377 4262 3761 -2901
418 4591 1472 1378 4259 3759 -2903
419 4589 1477 1381 4256 3761 -2904
420 4588 1471 1374 4257 3759 -2905
421 4582 1467 1378 4252 3759 -2906
422 4581 1471 1379 4251 3756 -2901
423 4580 1472 1382 4248 3758 -2901
424 4579 1473 1378 4246 3756 -2904
425 4573 1471 1380 4245 3755 -2906
426 4567 1468 1376 4240 3756 -2904
427 4569 1471 1378 4242 3754 -2902
428 4569 1471 1381 4241 3756 -2904
429 4566 1471 1379 4238 3758 -2907
430 4560 1467 1381 4240 3755 -2906
431 4556 1469 1379 4235 3758 -2909
432 4558 1472 1381 4240 3757 -2902
433 4557 1474 1385 4239 3760 -2905
434 4553 1468 1382 4238 3759 -2909
435 4550 1469 1381 4240 3763 -2906
436 4550 1469 1379 4239 3764 -2905
437 4546 1470 1385 4236 3763 -2903
438 4546 1475 1385 4241 3763 -2903
439 4545 1470 1380 4240 3765 -2907
440 4538 1471 1382 4240 3769 -2910
441 4539 1469 1384 4239 3768 -2905
442 4533 1471 1386 4239 3769 -2904
443 4532 1470 1384 4240 3766 -2905
444 4531 1469 1384 4239 3772 -2907
445 4529 1466 1382 4239 3774 -2907
446 4527 1470 1387 4240 3776 -2905
447 4525 1472 1388 4243 3776 -2904
448 4525 1469 1387 4247 3777 -2908
449 4521 1467 1382 4248 3782 -2907
450 4520 1472 1383 4249 3784 -2907
451 4519 1472 1387 4255 3787 -2904
452 4518 1472 1389 4254 3791 -2905
453 4519 1470 1388 4259 3795 -2907
454 4515 1468 1383 4263 3796 -2910
455 4514 1470 1386 4267 3800 -2903
456 4514 1472 1391 4268 3802 -2906
457 4511 1473 1391 4270 3806 -2900
458 4509 1467 1389 4269 3806 -2911
459 4507 1469 1388 4276 3810 -2907
460 4505 1470 1390 4276 3811 -2907
461 4502 1473 1396 4279 3811 -2908
462 4501 1469 1391 4280 3817 -2906
463 4501 1470 1388 4279 3815 -2912
464 4494 1466 1385 4280 3817 -2906
465 4491 1469 1390 4282 3819 -2905
466 4487 1470 1392 4281 3823 -2906
467 4489 1471 1391 4278 3826 -2908
468 4486 1468 1387 4277 3822 -2907
469 4479 1466 1388 4281 3826 -2907
470 4475 1468 1395 4280 3824 -2905
471 4474 1470 1394 4278 3826 -2909
472 4474 1467 1391 4276 3828 -2912
473 4470 1463 1389 4277 3828 -2910
474 4468 1468 1390 4275 3828 -2908
475 4465 1468 1393 4276 3828 -2908
476 4461 1471 1395 4274 3831 -2909
477 4458 1464 1390 4276 3832 -2908
478 4463 1467 1390 4275 3832 -2907
479 4456 1466 1392 4279 3832 -2906
480 4455 1470 1396 4278 3834 -2910
481 4454 1468 1395 4277 3836 -2912
482 4456 1464 1394 4277 3833 -2909
483 4452 1470 1393 4278 3835 -2907
484 4450 1468 1394 4279 3834 -2905
485 4448 1470 1395 4277 3833 -2909
486 4448 1466 1395 4278 3837 -2908
487 4446 1466 1392 4277 3836 -2907
488 4446 1469 1394 4279 3836 -2906
489 4446 1469 1394 4279 3832 -2906
490 4446 1468 1396 4275 3835 -2908
491 4451 1468 1391 4276 3835 -2912
492 4447 1465 1391 4280 3834 -2911
493 4450 1469 1396 4280 3836 -2907
494 4445 1468 1399 4282 3835 -2907
495 4451 1468 1397 4279 3836 -2911
496 4453 1471 1393 4282 3837 -2907
497 4452 1468 1397 4286 3839 -2906
498 4457 1468 1395 4286 3838 -2905
499 4456 1471 1394 4287 3835 -2908
500 4456 1470 1392 4290 3834 -2909
501 4460 1465 1393 4288 3834 -2911
502 4462 1470 1388 4292 3832 -2905
503 4463 1470 1391 4290 3836 -2906
504 4468 1471 1395 4296 3835 -2910
505 4467 1468 1392 4292 3830 -2909
506 4475 1471 1390 4296 3832 -2909
507 4475 1471 1395 4298 3831 -2907
508 4473 1467 1391 4300 3831 -2907
509 4478 1472 1392 4298 3828 -2908
510 4480 1466 1392 4297 3825 -2908
511 4482 1468 1390 4297 3823 -2908
512 4486 1472 1392 4296 3821 -2905
513 4487 1470 1390 4293 3822 -2906
514 4489 1470 1390 4289 3814 -2907
515 4488 1470 1386 4290 3813 -2906
516 4491 1470 1388 4284 3806 -2910
517 4494 1472 1391 4284 3809 -2907
518 4493 1472 1391 4281 3805 -2908
519 4496 1469 1389 4280 3799 -2908
520 4497 1469 1389 4275 3794 -2908
521 4499 1472 1387 4271 3795 -2909
522 4500 1473 1387 4266 3790 -2907
523 4503 1469 1387 4268 3788 -2910
524 4502 1471 1386 4268 3784 -2910
525 4507 1473 1386 4264 3782 -2905
526 4508 1473 1386 4265 3782 -2905
527 4508 1474 1388 4262 3779 -2908
528 4506 1471 1385 4263 3773 -2911
529 4509 1469 1384 4261 3778 -2912
530 4514 1472 1389 4254 3771 -2909
531 4515 1471 1387 4256 3768 -2909
532 4516 1471 1384 4257 3768 -2910
533 4515 1469 1385 4256 3762 -2912
534 4521 1471 1385 4254 3765 -2908
535 4517 1471 1385 4254 3763 -2911
536 4521 1472 1385 4254 3760 -2908
537 4524 1471 1386 4254 3759 -2909
538 4525 1470 1385 4259 3762 -2907
539 4527 1471 1382 4258 3760 -2909
540 4527 1474 1382 4256 3760 -2912
541 4529 1470 1384 4258 3760 -2906
542 4532 1471 1382 4257 3758 -2913
543 4529 1472 1384 4261 3758 -2910
544 4534 1473 1383 4264 3762 -2910
545 4535 1470 1385 4267 3761 -2908
546 4538 1477 1388 4268 3761 -2912
547 4537 1472 1385 4269 3758 -2908
548 4538 1473 1382 4271 3758 -2907
549 4540 1473 1382 4272 3761 -2909
550 4538 1472 1382 4276 3764 -2909
551 4543 1472 1383 4278 3765 -2910
552 4540 1470 1381 4280 3768 -2908
553 4542 1472 1385 4283 3766 -2910
554 4542 1474 1382 4284 3769 -2910
555 4540 1470 1382 4288 3768 -2908
556 4543 1472 1380 4289 3767 -2907
557 4542 1470 1381 4290 3771 -2907
558 4544 1470 1383 4289 3771 -2905
559 4542 1472 1382 4288 3768 -2909
560 4540 1469 1380 4288 3775 -2908
561 4540 1469 1381 4292 3773 -2910
562 4537 1472 1381 4292 3774 -2907
563 4538 1472 1382 4291 3770 -2908
564 4536 1472 1384 4286 3773 -2909
565 4535 1468 1383 4288 3768 -2912
566 4533 1470 1384 4286 3769 -2908
567 4529 1472 1382 4285 3771 -2908
568 4526 1473 1385 4283 3771 -2910
569 4524 1470 1382 4281 3770 -2911
570 4524 1470 1382 4282 3768 -2909
571 4521 1473 1380 4278 3765 -2911
572 4520 1474 1383 4280 3768 -2909
573 4517 1474 1385 4278 3771 -2913
574 4513 1473 1385 4281 3772 -2911
575 4516 1473 1383 4280 3774 -2910
576 4514 1472 1384 4283 3770 -2911
577 4511 1475 1383 4283 3771 -2909
578 4508 1470 1385 4284 3773 -2910
579 4508 1467 1379 4282 3772 -2911
580 4508 1468 1384 4282 3771 -2912
581 4505 1473 1384 4286 3774 -2908
582 4504 1472 1384 4285 3775 -2911
583 4501 1470 1386 4285 3775 -2914
584 4499 1470 1384 4287 3774 -2913
585 4501 1470 1387 4286 3775 -2912
586 4497 1475 1385 4288 3778 -2909
587 4496 1472 1387 4287 3775 -2910
588 4496 1471 1384 4291 3779 -2911
589 4492 1470 1384 4288 3777 -2915
590 4494 1471 1386 4293 3781 -2913
591 4494 1473 1389 4296 3778 -2909
592 4489 1473 1389 4299 3784 -2912
593 4492 1470 1385 4301 3785 -2912
594 4490 1471 1384 4302 3786 -2908
595 4494 1474 1385 4307 3787 -2909
596 4492 1475 1389 4310 3788 -2912
597 4490 1472 1390 4313 3791 -2912
598 4492 1470 1386 4314 3790 -2913
599 4492 1473 1384 4316 3795 -2909
600 4491 1480 1392 4317 3794 -2912
601 4487 1474 1388 4320 3795 -2909
602 4489 1474 1388 4318 3792 -2914
603 4487 1473 1389 4322 3796 -2913
604 4482 1474 1390 4318 3794 -2914
605 4482 1473 1386 4317 3794 -2912
606 4477 1471 1388 4316 3795 -2913
607 4476 1471 1391 4320 3793 -2916
608 4473 1468 1386 4318 3793 -2914
609 4473 1473 1387 4314 3790 -2912
610 4470 1473 1392 4317 3795 -2913
611 4468 1471 1388 4312 3794 -2918
612 4462 1469 1390 4315 3792 -2918
613 4461 1471 1387 4316 3792 -2915
614 4457 1473 1392 4315 3791 -2915
615 4455 1474 1393 4310 3793 -2916
616 4452 1473 1393 4312 3795 -2917
617 4450 1470 1390 4313 3795 -2919
618 4446 1471 1390 4314 3797 -2917
619 4448 1474 1390 4318 3797 -2917
620 4443 1473 1392 4314 3796 -2919
621 4438 1472 1392 4318 3799 -2919
622 4438 1471 1389 4323 3800 -2921
623 4434 1474 1395 4322 3803 -2916
624 4433 1471 1397 4318 3802 -2917
625 4431 1474 1395 4320 3801 -2921
626 4424 1468 1393 4323 3808 -2922
627 4424 1472 1393 4325 3806 -2919
628 4419 1474 1394 4318 3807 -2917
629 4415 1473 1396 4319 3808 -2918
630 4410 1472 1394 4320 3807 -2920
631 4408 1471 1393 4319 3809 -2924
632 4404 1469 1393 4320 3808 -2919
633 4401 1473 1396 4321 3811 -2917
634 4400 1474 1396 4325 3811 -2923
635 4392 1470 1395 4326 3814 -2923
636 4392 1469 1395 4329 3817 -2923
637 4390 1465 1394 4331 3821 -2921
638 4389 1472 1397 4334 3826 -2920
639 4387 1474 1400 4344 3828 -2924
640 4389 1471 1396 4350 3832 -2922
641 4386 1470 1399 4354 3836 -2920
642 4387 1472 1401 4355 3846 -2921
643 4386 1472 1400 4360 3846 -2920
644 4380 1473 1401 4369 3848 -2922
645 4383 1469 1396 4369 3845 -2923
646 4379 1468 1396 4370 3852 -2923
647 4378 1468 1396 4374 3854 -2921
648 4376 1473 1402 4376 3854 -2919
649 4373 1471 1401 4372 3857 -2922
650 4368 1468 1396 4376 3854 -2927
651 4365 1470 1397 4376 3857 -2922
652 4362 1472 1402 4373 3856 -2921
653 4363 1475 1402 4374 3857 -2920
654 4361 1472 1399 4377 3855 -2920
655 4358 1472 1398 4375 3856 -2924
656 4355 1469 1400 4377 3857 -2920
657 4358 1472 1403 4377 3858 -2920
658 4353 1470 1404 4379 3862 -2924
659 4353 1471 1401 4380 3859 -2923
660 4356 1468 1399 4384 3861 -2922
661 4356 1471 1401 4386 3862 -2922
662 4355 1477 1404 4385 3864 -2923
663 4354 1470 1399 4391 3863 -2923
664 4359 1471 1403 4385 3863 -2926
665 4354 1470 1397 4386 3857 -2924
666 4352 1473 1395 4385 3855 -2924
667 4351 1474 1400 4383 3855 -2922
668 4352 1470 1399 4377 3852 -2925
669 4353 1471 1397 4374 3848 -2927
670 4352 1470 1400 4374 3849 -2923
671 4352 1473 1399 4372 3844 -2923
672 4348 1474 1402 4370 3838 -2924
673 4347 1473 1402 4365 3838 -2928
674 4350 1470 1395 4360 3835 -2927
675 4352 1471 1400 4360 3833 -2924
676 4353 1472 1400 4360 3828 -2928
677 4352 1473 1400 4360 3825 -2925
678 4354 1474 1398 4358 3824 -2929
679 4361 1470 1397 4354 3820 -2925
680 4360 1470 1395 4359 3821 -2927
681 4361 1474 1398 4363 3819 -2924
682 4366 1474 1395 4368 3817 -2925
683 4367 1473 1396 4368 3818 -2926
684 4375 1473 1394 4365 3818 -2929
685 4378 1473 1397 4369 3818 -2928
686 4382 1474 1395 4372 3813 -2923
687 4384 1477 1397 4377 3808 -2927
688 4387 1475 1395 4376 3809 -2926
689 4392 1471 1392 4374 3810 -2926
690 4399 1473 1393 4374 3810 -2925
691 4400 1473 1396 4376 3804 -2922
692 4403 1474 1394 4379 3802 -2927
693 4403 1473 1393 4376 3798 -2926
694 4408 1475 1390 4375 3797 -2928
695 4410 1476 1392 4373 3790 -2925
696 4413 1475 1393 4374 3787 -2926
697 4415 1477 1392 4371 3784 -2927
698 4417 1477 1390 4375 3778 -2929
699 4422 1476 1391 4373 3782 -2925
700 4426 1478 1389 4373 3778 -2925
701 4428 1479 1390 4372 3781 -2924
702 4435 1474 1392 4379 3776 -2928
703 4434 1475 1388 4380 3775 -2928
704 4439 1474 1388 4379 3777 -2925
705 4437 1474 1389 4374 3774 -2927
706 4444 1476 1389 4377 3775 -2923
707 4447 1476 1388 4373 3771 -2928
708 4444 1472 1384 4378 3767 -2928
709 4443 1475 1385 4378 3762 -2927
710 4446 1476 1389 4374 3760 -2925
711 4450 1476 1389 4366 3758 -2928
712 4449 1475 1388 4362 3752 -2926
713 4451 1474 1390 4362 3748 -2930
714 4447 1475 1386 4358 3744 -2927
715 4446 1481 1389 4351 3740 -2925
716 4446 1480 1387 4345 3739 -2929
717 4445 1477 1387 4344 3738 -2931
718 4445 1477 1385 4348 3731 -2931
719 4443 1478 1386 4352 3730 -2929
720 4450 1479 1388 4349 3730 -2927
721 4449 1478 1388 4347 3732 -2927
722 4451 1473 1385 4351 3736 -2929
723 4454 1478 1383 4357 3738 -2924
724 4454 1478 1386 4362 3731 -2926
725 4456 1480 1387 4365 3739 -2925
726 4459 1480 1384 4364 3741 -2928
727 4459 1478 1384 4365 3742 -2927
728 4458 1478 1384 4365 3737 -2924
729 4458 1479 1384 4371 3736 -2926
730 4460 1480 1389 4371 3738 -2928
731 4457 1479 1384 4366 3736 -2926
732 4460 1478 1385 4360 3735 -2928
733 4460 1482 1385 4358 3734 -2927
734 4456 1481 1386 4362 3728 -2927
735 4455 1483 1386 4367 3727 -2928
736 4451 1476 1385 4366 3729 -2927
737 4456 1479 1381 4363 3735 -2930
738 4460 1478 1381 4366 3736 -2927
739 4458 1481 1384 4375 3737 -2925
740 4458 1481 1384 4387 3736 -2927
741 4463 1479 1383 4389 3740 -2930
742 4466 1475 1382 4391 3744 -2926
743 4473 1477 1381 4393 3748 -2924
744 4470 1481 1383 4403 3748 -2927
745 4468 1480 1382 4413 3751 -2929
746 4468 1479 1384 4412 3749 -2930
747 4471 1477 1380 4412 3755 -2927
748 4471 1481 1381 4408 3757 -2928
749 4471 1480 1384 4414 3754 -2924
750 4472 1477 1382 4414 3749 -2931
751 4472 1476 1383 4415 3746 -2930
752 4468 1478 1378 4407 3746 -2928
753 4466 1482 1382 4401 3747 -2927
754 4465 1481 1387 4395 3743 -2928
755 4463 1478 1384 4394 3737 -2932
756 4462 1481 1380 4400 3731 -2934
757 4458 1480 1383 4391 3729 -2931
758 4457 1485 1383 4385 3730 -2928
759 4458 1481 1382 4381 3729 -2932
760 4458 1481 1384 4382 3729 -2929
761 4456 1478 1381 4388 3720 -2933
762 4456 1479 1382 4388 3719 -2929
763 4454 1482 1384 4385 3729 -2928
764 4454 1481 1384 4382 3736 -2931
765 4455 1479 1387 4387 3731 -2933
766 4455 1477 1381 4392 3719 -2930
767 4456 1480 1384 4395 3721 -2928
768 4460 1490 1387 4386 3719 -2930
769 4458 1482 1385 4378 3729 -2931
770 4454 1476 1382 4383 3725 -2934
771 4450 1478 1381 4385 3714 -2933
772 4451 1484 1383 4388 3708 -2930
773 4451 1485 1386 4374 3710 -2932
774 4452 1480 1382 4373 3715 -2935
775 4448 1478 1381 4372 3714 -2938
776 4447 1480 1382 4377 3712 -2930
777 4447 1488 1386 4378 3700 -2932
778 4447 1486 1383 4375 3701 -2933
779 4449 1483 1385 4375 3710 -2940
780 4441 1478 1380 4374 3715 -2939
781 4437 1479 1382 4380 3714 -2931
782 4441 1484 1388 4387 3708 -2935
783 4447 1483 1387 4396 3709 -2936
784 4447 1483 1384 4393 3715 -2938
785 4447 1476 1380 4394 3725 -2933
786 4442 1481 1383 4400 3729 -2934
787 4447 1484 1387 4411 3722 -2934
788 4446 1480 1386 4414 3719 -2934
789 4447 1479 1384 4410 3726 -2937
790 4445 1478 1381 4406 3739 -2934
791 4443 1482 1387 4409 3737 -2934
792 4439 1483 1386 4417 3730 -2932
793 4441 1482 1384 4421 3724 -2938
794 4440 1481 1383 4423 3725 -2936
795 4439 1483 1382 4418 3743 -2933
796 4430 1484 1387 4426 3746 -2934
797 4426 1485 1391 4433 3739 -2937
798 4430 1484 1384 4442 3734 -2942
799 4435 1478 1387 4439 3740 -2942
800 4430 1485 1386 4440 3755 -2933
801 4426 1487 1391 4434 3760 -2932
802 4423 1481 1393 4439 3758 -2936
803 4423 1479 1391 4446 3750 -2939
804 4416 1478 1387 4448 3750 -2942
805 4411 1481 1387 4441 3760 -2937
806 4402 1483 1392 4429 3767 -2936
807 4398 1481 1389 4427 3763 -2938
808 4399 1481 1388 4428 3752 -2940
809 4395 1481 1387 4425 3744 -2939
810 4387 1482 1388 4418 3750 -2935
811 4377 1482 1397 4405 3761 -2937
812 4368 1477 1390 4402 3759 -2943
813 4367 1474 1390 4411 3747 -2944
814 4366 1475 1387 4414 3742 -2943
815 4358 1482 1388 4409 3748 -2941
816 4347 1481 1395 4404 3761 -2940
817 4345 1478 1392 4404 3763 -2942
818 4345 1479 1391 4403 3755 -2943
819 4351 1479 1389 4411 3743 -2943
820 4351 1483 1395 4412 3751 -2941
821 4342 1480 1394 4414 3768 -2943
822 4332 1478 1396 4414 3778 -2943
823 4332 1477 1393 4422 3772 -2942
824 4344 1480 1392 4433 3765 -2943
825 4342 1483 1395 4447 3767 -2943
826 4338 1482 1395 4447 3788 -2942
827 4334 1476 1392 4444 3799 -2941
828 4340 1474 1392 4449 3800 -2938
829 4354 1478 1394 4462 3789 -2935
830 4357 1484 1400 4472 3789 -2937
831 4346 1478 1392 4476 3804 -2940
832 4334 1478 1393 4468 3818 -2943
833 4340 1474 1396 4463 3810 -2936
834 4353 1481 1397 4466 3796 -2934
835 4359 1486 1395 4469 3786 -2934
836 4344 1482 1395 4462 3794 -2942
837 4326 1480 1395 4448 3798 -2945
838 4330 1478 1391 4430 3788 -2940
839 4345 1484 1394 4430 3773 -2939
840 4349 1484 1396 4440 3762 -2943
841 4341 1483 1392 4450 3771 -2947
842 4324 1478 1393 4453 3788 -2946
843 4330 1482 1396 4462 3796 -2941
844 4356 1481 1394 4471 3784 -2940
845 4381 1481 1396 4494 3788 -2941
846 4381 1482 1389 4519 3805 -2943
847 4367 1478 1391 4536 3829 -2940
848 4365 1479 1394 4530 3832 -2937
849 4393 1480 1394 4518 3818 -2931
850 4419 1480 1390 4517 3800 -2933
851 4423 1479 1386 4525 3795 -2936
852 4397 1484 1392 4513 3802 -2939
853 4371 1477 1392 4490 3798 -2939
854 4377 1482 1394 4459 3772 -2938
855 4394 1485 1391 4436 3739 -2942
856 4391 1483 1387 4430 3724 -2944
857 4370 1485 1392 4413 3724 -2944
858 4353 1482 1390 4389 3731 -2941
859 4362 1482 1387 4373 3714 -2945
860 4382 1481 1389 4373 3695 -2944
861 4390 1481 1387 4385 3687 -2942
862 4385 1482 1386 4392 3698 -2945
863 4378 1485 1388 4396 3713 -2943
864 4381 1483 1391 4392 3715 -2943
865 4397 1484 1387 4395 3702 -2945
866 4411 1479 1391 4401 3692 -2942
867 4414 1484 1386 4406 3695 -2943
868 4413 1484 1386 4406 3697 -2944
869 4416 1482 1385 4404 3699 -2941
870 4424 1483 1383 4404 3694 -2942
871 4432 1483 1384 4408 3687 -2944
872 4435 1487 1384 4410 3686 -2941
873 4436 1486 1382 4410 3687 -2943
874 4441 1484 1383 4411 3684 -2941
875 4448 1484 1382 4411 3686 -2940
876 4456 1488 1382 4414 3682 -2941
877 4459 1487 1381 4420 3684 -2941
878 4463 1487 1380 4422 3680 -2941
879 4463 1484 1381 4420 3681 -2940
880 4473 1488 1382 4425 3682 -2943
881 4477 1487 1380 4425 3681 -2938
882 4480 1486 1381 4428 3677 -2938
883 4480 1485 1376 4429 3681 -2941
884 4484 1483 1378 4431 3678 -2941
885 4489 1485 1379 4429 3681 -2939
886 4488 1487 1380 4430 3679 -2940
887 4494 1486 1379 4429 3675 -2941
888 4496 1487 1377 4427 3675 -2942
889 4493 1484 1376 4430 3675 -2940
890 4496 1487 1379 4429 3675 -2937
891 4500 1488 1379 4426 3671 -2939
892 4498 1489 1375 4428 3673 -2941
893 4499 1485 1374 4426 3669 -2937
894 4504 1485 1376 4422 3669 -2935
895 4502 1486 1377 4426 3669 -2937
896 4504 1488 1378 4422 3667 -2935
897 4501 1489 1373 4417 3665 -2941
898 4501 1486 1376 4417 3668 -2937
899 4502 1487 1376 4417 3667 -2937
900 4502 1487 1376 4414 3662 -2936
901 4500 1488 1375 4409 3660 -2939
902 4502 1487 1377 4406 3659 -2938
903 4497 1489 1376 4408 3659 -2938
904 4497 1484 1375 4406 3659 -2938
905 4495 1487 1375 4403 3657 -2938
906 4499 1486 1374 4402 3657 -2939
907 4495 1485 1374 4398 3657 -2937
908 4496 1487 1375 4402 3658 -2939
909 4497 1491 1376 4399 3654 -2937
910 4494 1486 1378 4399 3655 -2939
911 4494 1487 1373 4397 3656 -2937
912 4494 1485 1377 4400 3657 -2939
913 4495 1485 1373 4398 3655 -2939
914 4498 1487 1376 4398 3657 -2934
915 4494 1487 1379 4397 3656 -2940
916 4494 1485 1373 4398 3657 -2938
917 4496 1484 1375 4403 3655 -2936
918 4496 1483 1372 4404 3655 -2937
919 4501 1485 1373 4403 3657 -2940
920 4499 1486 1371 4406 3662 -2940
921 4503 1486 1371 4408 3662 -2938
922 4507 1486 1373 4410 3664 -2934
923 4510 1486 1374 4414 3665 -2937
924 4511 1489 1372 4416 3663 -2938
925 4512 1483 1372 4419 3669 -2941
926 4512 1484 1373 4422 3664 -2938
927 4519 1487 1372 4428 3668 -2933
928 4520 1487 1372 4430 3670 -2932
929 4524 1491 1373 4431 3671 -2934
930 4527 1490 1370 4435 3670 -2935
931 4527 1488 1372 4434 3668 -2935
932 4530 1488 1370 4436 3671 -2932
933 4530 1485 1369 4436 3668 -2932
934 4535 1489 1372 4437 3664 -2935
935 4535 1485 1370 4432 3663 -2934
936 4534 1490 1370 4433 3664 -2940
937 4534 1487 1370 4429 3659 -2938
938 4535 1487 1371 4428 3654 -2937
939 4534 1487 1371 4427 3656 -2935
940 4534 1487 1371 4423 3656 -2936
941 4537 1487 1372 4425 3655 -2937
942 4539 1487 1369 4418 3649 -2937
943 4540 1488 1373 4416 3646 -2934
944 4538 1490 1372 4413 3645 -2936
945 4537 1488 1370 4408 3641 -2938
946 4540 1485 1372 4405 3638 -2939
947 4537 1489 1370 4403 3637 -2939
948 4538 1487 1375 4398 3633 -2938
949 4534 1490 1371 4397 3630 -2936
950 4539 1487 1373 4392 3628 -2938
951 4537 1490 1372 4387 3626 -2938
952 4534 1490 1372 4384 3624 -2938
953 4532 1489 1373 4382 3621 -2939
954 4530 1489 1372 4381 3622 -2939
955 4532 1488 1370 4378 3621 -2941
956 4530 1487 1371 4378 3617 -2940
957 4527 1486 1372 4378 3615 -2939
958 4526 1484 1371 4376 3618 -2939
959 4528 1489 1374 4375 3617 -2937
960 4527 1490 1376 4375 3617 -2938
961 4521 1487 1373 4375 3621 -2938
962 4523 1491 1373 4372 3618 -2936
963 4520 1488 1371 4376 3618 -2940
964 4522 1490 1374 4376 3620 -2942
965 4519 1491 1373 4379 3622 -2938
966 4517 1484 1378 4380 3628 -2937
967 4517 1485 1373 4379 3627 -2940
968 4518 1485 1372 4387 3632 -2938
969 4518 1488 1377 4390 3631 -2940
970 4517 1487 1372 4395 3640 -2941
971 4513 1486 1375 4400 3644 -2941
972 4514 1486 1372 4398 3646 -2940
973 4512 1487 1377 4405 3651 -2939
974 4511 1488 1374 4410 3652 -2938
975 4506 1488 1378 4414 3657 -2937
976 4502 1487 1375 4418 3665 -2939
977 4500 1484 1377 4422 3667 -2941
978 4503 1485 1376 4423 3671 -2937
979 4503 1487 1376 4431 3676 -2941
980 4498 1488 1377 4435 3683 -2937
981 4494 1483 1380 4436 3687 -2937
982 4486 1485 1378 4437 3693 -2938
983 4486 1487 1378 4439 3694 -2938
984 4484 1487 1380 4442 3695 -2937
985 4479 1491 1381 4442 3702 -2936
986 4470 1485 1378 4441 3704 -2940
987 4468 1486 1381 4441 3707 -2939
988 4466 1483 1381 4441 3710 -2940
989 4463 1487 1381 4442 3711 -2938
990 4456 1486 1379 4446 3717 -2939
991 4452 1487 1384 4444 3721 -2938
992 4450 1484 1383 4440 3724 -2934
993 4443 1487 1383 4438 3721 -2938
994 4438 1486 1382 4438 3723 -2938
995 4433 1483 1383 4438 3724 -2941
996 4429 1482 1384 4436 3726 -2940
997 4421 1486 1384 4431 3725 -2939
998 4417 1487 1386 4428 3728 -2937
999 4416 1482 1386 4428 3730 -2936
