0 2172 842 1557 -1729 -289 -2669
1 2174 839 1554 -1732 -294 -2670
2 2171 840 1556 -1726 -295 -2667
3 2172 839 1555 -1725 -290 -2668
4 2171 838 1555 -1726 -292 -2673
5 2168 842 1559 -1729 -291 -2671
6 2172 838 1555 -1728 -294 -2669
7 2173 839 1555 -1729 -293 -2667
8 2173 842 1557 -1727 -292 -2668
9 2171 838 1555 -1728 -289 -2671
10 2174 842 1556 -1731 -291 -2668
11 2171 839 1557 -1725 -290 -2672
12 2175 840 1557 -1729 -293 -2668
13 2176 840 1556 -1728 -290 -2668
14 2173 840 1555 -1729 -291 -2667
15 2174 839 1553 -1723 -289 -2668
16 2176 842 1556 -1728 -290 -2672
17 2171 840 1556 -1727 -291 -2668
18 2175 840 1555 -1726 -290 -2670
19 2172 844 1558 -1730 -290 -2671
20 2170 840 1552 -1727 -290 -2671
21 2172 838 1554 -1727 -291 -2670
22 2172 839 1556 -1726 -290 -2666
23 2172 841 1557 -1726 -289 -2670
24 2171 840 1553 -1729 -291 -2669
25 2171 838 1559 -1728 -291 -2670
26 2172 840 1554 -1726 -292 -2670
27 2171 841 1557 -1729 -292 -2670
28 2172 838 1555 -1727 -293 -2670
29 2174 842 1554 -1728 -291 -2669
30 2172 839 1555 -1726 -288 -2671
31 2173 837 1557 -1728 -292 -2668
32 2172 839 1556 -1727 -292 -2669
33 2170 837 1555 -1725 -291 -2669
34 2175 843 1557 -1728 -290 -2669
35 2173 839 1556 -1725 -294 -2670
36 2174 839 1555 -1727 -291 -2670
37 2174 840 1558 -1730 -289 -2668
38 2172 840 1556 -1726 -291 -2667
39 2174 842 1558 -1728 -291 -2670
40 2169 841 1557 -1730 -288 -2672
41 2167 842 1555 -1726 -290 -2670
42 2169 840 1554 -1726 -289 -2669
43 2173 839 1557 -1725 -289 -2667
44 2174 839 1557 -1728 -291 -2666
45 2176 839 1553 -1730 -291 -2670
46 2173 841 1555 -1729 -294 -2671
47 2171 841 1557 -1726 -289 -2669
48 2173 839 1556 -1725 -289 -2669
49 2171 838 1557 -1727 -294 -2670
50 2174 843 1556 -1728 -289 -2669
51 2174 839 1557 -1729 -292 -2669
52 2171 842 1558 -1728 -292 -2669
53 2171 842 1560 -1729 -290 -2669
54 2171 838 1556 -1727 -288 -2671
55 2170 838 1552 -1728 -291 -2667
56 2171 836 1555 -1731 -293 -2671
57 2176 838 1560 -1731 -293 -2669
58 2174 839 1558 -1729 -293 -2670
59 2172 838 1555 -1730 -294 -2670
60 2172 839 1561 -1729 -290 -2668
61 2172 838 1554 -1727 -290 -2670
62 2168 840 1556 -1729 -290 -2671
63 2170 843 1558 -1727 -288 -2669
64 2171 839 1555 -1730 -291 -2671
65 2170 838 1554 -1728 -292 -2672
66 2172 839 1554 -1729 -293 -2673
67 2172 839 1553 -1729 -292 -2669
68 2174 839 1556 -1728 -291 -2670
69 2173 841 1553 -1729 -292 -2669
70 2169 836 1553 -1726 -288 -2670
71 2170 841 1557 -1729 -288 -2669
72 2171 839 1557 -1726 -293 -2671
73 2173 844 1559 -1729 -290 -2668
74 2169 839 1558 -1725 -292 -2670
75 2170 842 1555 -1728 -289 -2668
76 2171 838 1556 -1726 -289 -2672
77 2169 840 1555 -1730 -294 -2672
78 2174 839 1556 -1726 -293 -2673
79 2172 835 1556 -1728 -290 -2672
80 2172 838 1551 -1729 -293 -2672
81 2176 840 1553 -1730 -294 -2669
82 2171 839 1556 -1728 -293 -2670
83 2170 838 1554 -1729 -294 -2671
84 2171 839 1558 -1729 -293 -2672
85 2172 839 1556 -1730 -292 -2672
86 2169 838 1555 -1729 -293 -2673
87 2171 839 1554 -1730 -296 -2672
88 2172 834 1555 -1729 -293 -2671
89 2171 839 1559 -1728 -293 -2671
90 2173 839 1554 -1729 -291 -2670
91 2171 838 1555 -1728 -291 -2673
92 2167 839 1554 -1726 -293 -2671
93 2170 837 1555 -1731 -294 -2672
94 2171 839 1553 -1731 -294 -2671
95 2171 838 1554 -1730 -293 -2673
96 2170 839 1557 -1730 -291 -2671
97 2170 836 1556 -1729 -292 -2671
98 2166 837 1555 -1729 -293 -2672
99 2169 838 1553 -1726 -294 -2673
100 2171 839 1553 -1733 -293 -2672
101 2169 838 1553 -1730 -292 -2672
102 2172 836 1552 -1727 -292 -2672
103 2171 840 1552 -1726 -291 -2670
104 2170 840 1555 -1723 -292 -2669
105 2172 842 1558 -1731 -293 -2672
106 2170 840 1556 -1729 -293 -2669
107 2172 840 1555 -1725 -292 -2668
108 2172 838 1553 -1726 -294 -2672
109 2171 840 1557 -1727 -293 -2669
110 2169 843 1556 -1728 -291 -2668
111 2174 841 1558 -1730 -292 -2670
112 2170 838 1558 -1730 -292 -2671
113 2173 840 1555 -1730 -290 -2666
114 2172 839 1556 -1730 -290 -2668
115 2170 842 1558 -1730 -292 -2671
116 2172 840 1555 -1728 -291 -2670
117 2170 840 1556 -1729 -291 -2671
118 2172 838 1553 -1727 -294 -2672
119 2172 838 1558 -1728 -290 -2671
120 2170 838 1556 -1731 -294 -2667
121 2170 840 1553 -1729 -291 -2670
122 2174 840 1556 -1728 -292 -2671
123 2170 837 1558 -1725 -292 -2669
124 2172 836 1554 -1728 -292 -2671
125 2170 838 1555 -1728 -291 -2669
126 2173 841 1556 -1727 -291 -2670
127 2173 841 1554 -1728 -294 -2668
128 2177 839 1557 -1729 -290 -2670
129 2169 838 1555 -1727 -291 -2670
130 2172 838 1555 -1728 -292 -2671
131 2174 841 1556 -1727 -293 -2672
132 2171 842 1553 -1728 -292 -2667
133 2173 838 1557 -1728 -291 -2667
134 2170 837 1557 -1726 -292 -2668
135 2172 838 1557 -1728 -291 -2671
136 2174 840 1554 -1726 -286 -2670
137 2172 840 1554 -1727 -293 -2670
138 2172 840 1557 -1728 -291 -2670
139 2172 841 1558 -1725 -289 -2666
140 2170 838 1556 -1724 -289 -2669
141 2171 837 1556 -1727 -292 -2670
142 2170 839 1555 -1730 -292 -2669
143 2173 841 1556 -1730 -293 -2669
144 2172 840 1557 -1726 -292 -2670
145 2171 839 1554 -1728 -289 -2669
146 2168 840 1558 -1731 -293 -2671
147 2173 839 1554 -1729 -291 -2666
148 2171 842 1556 -1729 -294 -2671
149 2175 840 1556 -1727 -295 -2669
150 2172 840 1553 -1726 -293 -2672
151 2169 837 1556 -1728 -291 -2670
152 2168 838 1554 -1726 -290 -2670
153 2172 842 1554 -1727 -292 -2668
154 2173 843 1557 -1728 -293 -2671
155 2176 842 1554 -1728 -292 -2670
156 2174 840 1553 -1729 -293 -2670
157 2170 839 1559 -1728 -291 -2669
158 2171 839 1558 -1727 -293 -2669
159 2170 838 1556 -1729 -292 -2669
160 2172 836 1556 -1729 -290 -2669
161 2175 839 1558 -1729 -291 -2667
162 2167 840 1559 -1728 -289 -2669
163 2171 841 1556 -1725 -293 -2669
164 2171 842 1558 -1729 -291 -2669
165 2172 840 1558 -1729 -290 -2669
166 2171 839 1556 -1728 -292 -2671
167 2171 837 1553 -1727 -293 -2672
168 2170 836 1554 -1728 -291 -2670
169 2169 838 1556 -1731 -291 -2668
170 2168 840 1553 -1731 -296 -2671
171 2170 838 1553 -1729 -293 -2672
172 2171 838 1554 -1730 -292 -2671
173 2171 843 1557 -1723 -293 -2668
174 2171 842 1555 -1728 -293 -2669
175 2169 838 1556 -1728 -292 -2667
176 2170 838 1557 -1727 -289 -2669
177 2174 840 1553 -1732 -291 -2672
178 2175 840 1554 -1729 -292 -2669
179 2173 837 1554 -1727 -294 -2672
180 2170 836 1555 -1728 -295 -2672
181 2170 835 1556 -1727 -294 -2673
182 2167 839 1552 -1731 -293 -2673
183 2166 838 1558 -1725 -290 -2670
184 2167 838 1555 -1731 -289 -2669
185 2169 839 1554 -1728 -291 -2668
186 2171 838 1554 -1727 -291 -2667
187 2169 840 1558 -1727 -291 -2668
188 2171 841 1557 -1731 -291 -2669
189 2171 839 1555 -1728 -290 -2669
190 2170 838 1556 -1730 -293 -2673
191 2173 837 1554 -1728 -291 -2669
192 2172 840 1553 -1725 -294 -2670
193 2173 841 1556 -1726 -292 -2668
194 2172 840 1558 -1729 -293 -2670
195 2170 839 1553 -1724 -292 -2670
196 2172 838 1559 -1728 -291 -2667
197 2171 841 1556 -1724 -292 -2674
198 2168 838 1556 -1726 -291 -2670
199 2171 840 1554 -1728 -289 -2665
200 2173 842 1554 -1729 -293 -2673
201 2175 837 1554 -1729 -292 -2670
202 2170 839 1554 -1729 -293 -2672
203 2167 839 1553 -1728 -293 -2674
204 2168 837 1557 -1724 -292 -2671
205 2170 838 1554 -1727 -291 -2670
206 2167 839 1553 -1729 -290 -2669
207 2172 843 1556 -1729 -293 -2670
208 2172 839 1557 -1728 -291 -2668
209 2173 840 1559 -1726 -290 -2668
210 2169 840 1556 -1729 -292 -2670
211 2169 839 1557 -1729 -288 -2668
212 2172 840 1556 -1726 -289 -2668
213 2170 840 1556 -1730 -291 -2669
214 2176 840 1555 -1730 -294 -2669
215 2173 838 1557 -1730 -292 -2670
216 2171 841 1553 -1730 -293 -2672
217 2169 839 1553 -1729 -290 -2671
218 2168 843 1556 -1731 -293 -2669
219 2169 841 1558 -1730 -291 -2670
220 2168 838 1553 -1729 -293 -2671
221 2172 838 1551 -1728 -294 -2669
222 2172 839 1554 -1729 -293 -2670
223 2173 841 1552 -1727 -290 -2667
224 2175 836 1555 -1729 -292 -2668
225 2172 842 1557 -1728 -294 -2670
226 2169 837 1553 -1728 -295 -2669
227 2167 841 1554 -1726 -291 -2669
228 2169 841 1557 -1730 -290 -2670
229 2172 838 1557 -1728 -290 -2670
230 2172 842 1557 -1733 -292 -2670
231 2170 838 1555 -1728 -292 -2669
232 2169 840 1555 -1727 -290 -2670
233 2174 840 1557 -1728 -290 -2670
234 2173 836 1556 -1729 -294 -2668
235 2169 836 1554 -1728 -294 -2671
236 2170 838 1554 -1728 -292 -2670
237 2171 840 1556 -1727 -292 -2672
238 2170 837 1552 -1727 -292 -2668
239 2172 842 1554 -1730 -291 -2672
240 2169 838 1556 -1726 -294 -2669
241 2172 838 1551 -1728 -291 -2671
242 2172 838 1551 -1730 -290 -2670
243 2172 838 1554 -1731 -290 -2667
244 2174 839 1557 -1730 -293 -2670
245 2175 836 1555 -1726 -293 -2670
246 2168 838 1555 -1728 -289 -2673
247 2171 840 1554 -1729 -288 -2670
248 2172 840 1559 -1730 -290 -2671
249 2170 842 1557 -1730 -294 -2669
250 2169 842 1556 -1730 -291 -2672
251 2171 838 1555 -1727 -291 -2671
252 2169 839 1552 -1731 -291 -2670
253 2168 840 1553 -1729 -292 -2668
254 2169 839 1556 -1726 -293 -2669
255 2171 839 1554 -1726 -290 -2669
256 2171 841 1554 -1729 -293 -2672
257 2172 837 1556 -1730 -292 -2670
258 2169 840 1558 -1730 -290 -2666
259 2172 841 1557 -1724 -294 -2669
260 2172 842 1556 -1729 -290 -2673
261 2171 840 1556 -1729 -292 -2667
262 2174 839 1552 -1728 -293 -2670
263 2169 839 1556 -1729 -291 -2672
264 2168 839 1556 -1729 -294 -2669
265 2173 839 1554 -1729 -291 -2670
266 2172 839 1553 -1729 -294 -2674
267 2173 837 1552 -1730 -290 -2671
268 2172 841 1556 -1726 -293 -2670
269 2172 840 1557 -1730 -292 -2672
270 2171 838 1556 -1728 -294 -2670
271 2172 838 1551 -1727 -293 -2670
272 2170 839 1555 -1729 -294 -2671
273 2170 837 1556 -1730 -291 -2670
274 2174 840 1554 -1729 -292 -2673
275 2172 838 1551 -1729 -292 -2671
276 2169 839 1557 -1730 -292 -2672
277 2168 836 1556 -1730 -294 -2672
278 2168 837 1551 -1730 -292 -2672
279 2170 839 1552 -1729 -292 -2670
280 2171 840 1555 -1727 -291 -2670
281 2172 837 1554 -1728 -295 -2669
282 2170 839 1555 -1730 -294 -2672
283 2172 840 1557 -1728 -293 -2668
284 2171 839 1554 -1723 -295 -2673
285 2169 840 1553 -1729 -292 -2673
286 2172 839 1552 -1731 -293 -2669
287 2172 840 1555 -1728 -294 -2671
288 2172 841 1556 -1730 -296 -2673
289 2172 835 1555 -1727 -291 -2669
290 2170 840 1558 -1730 -296 -2671
291 2170 839 1555 -1731 -294 -2672
292 2168 838 1555 -1727 -290 -2667
293 2169 839 1553 -1729 -293 -2671
294 2171 836 1557 -1730 -293 -2669
295 2171 837 1554 -1732 -294 -2672
296 2174 839 1553 -1727 -291 -2669
297 2171 841 1556 -1728 -290 -2670
298 2170 840 1558 -1729 -294 -2670
299 2171 841 1556 -1726 -290 -2670
300 2169 841 1555 -1729 -289 -2668
301 2167 838 1557 -1727 -291 -2672
302 2169 839 1556 -1731 -294 -2668
303 2172 838 1555 -1727 -295 -2670
304 2172 838 1553 -1729 -291 -2670
305 2173 837 1555 -1731 -294 -2669
306 2172 837 1554 -1728 -291 -2674
307 2169 838 1554 -1728 -289 -2671
308 2170 838 1554 -1728 -294 -2672
309 2169 843 1556 -1728 -291 -2669
310 2172 837 1554 -1729 -291 -2673
311 2171 837 1553 -1729 -292 -2672
312 2172 839 1556 -1732 -294 -2670
313 2168 838 1554 -1727 -294 -2669
314 2171 838 1555 -1728 -294 -2669
315 2172 842 1556 -1728 -293 -2673
316 2172 837 1555 -1729 -291 -2670
317 2169 839 1556 -1731 -294 -2671
318 2172 839 1557 -1730 -295 -2672
319 2172 840 1556 -1726 -291 -2670
320 2169 840 1553 -1730 -291 -2672
321 2167 840 1555 -1725 -291 -2673
322 2168 838 1556 -1730 -290 -2668
323 2169 839 1552 -1731 -291 -2670
324 2173 839 1552 -1731 -296 -2670
325 2174 840 1554 -1729 -295 -2670
326 2173 840 1554 -1732 -293 -2673
327 2170 836 1551 -1730 -295 -2671
328 2169 837 1555 -1727 -291 -2669
329 2168 842 1555 -1724 -292 -2670
330 2170 839 1560 -1729 -293 -2673
331 2170 837 1555 -1728 -291 -2671
332 2174 839 1556 -1731 -294 -2672
333 2173 839 1557 -1731 -295 -2669
334 2172 837 1556 -1728 -294 -2669
335 2174 838 1554 -1729 -292 -2671
336 2174 838 1554 -1727 -290 -2671
337 2171 838 1557 -1728 -293 -2670
338 2174 842 1556 -1729 -292 -2669
339 2170 840 1556 -1729 -292 -2671
340 2173 841 1553 -1728 -289 -2670
341 2170 841 1556 -1726 -293 -2671
342 2169 841 1557 -1727 -291 -2670
343 2172 841 1558 -1727 -291 -2671
344 2171 840 1556 -1728 -292 -2669
345 2172 839 1557 -1729 -294 -2672
346 2173 838 1556 -1728 -295 -2670
347 2172 838 1554 -1729 -294 -2670
348 2170 841 1552 -1732 -290 -2670
349 2172 840 1555 -1727 -293 -2669
350 2168 837 1553 -1728 -291 -2674
351 2167 837 1555 -1727 -291 -2673
352 2170 835 1553 -1730 -289 -2670
353 2170 839 1558 -1727 -293 -2668
354 2175 838 1558 -1728 -293 -2671
355 2170 840 1556 -1729 -291 -2668
356 2168 836 1554 -1728 -292 -2673
357 2170 837 1556 -1727 -292 -2672
358 2170 839 1556 -1727 -292 -2670
359 2170 841 1559 -1728 -292 -2672
360 2173 839 1553 -1726 -294 -2671
361 2171 839 1556 -1727 -291 -2671
362 2171 838 1554 -1730 -291 -2671
363 2169 840 1554 -1728 -294 -2668
364 2171 843 1558 -1729 -290 -2669
365 2172 839 1555 -1729 -291 -2672
366 2171 840 1555 -1730 -292 -2671
367 2171 840 1551 -1728 -292 -2667
368 2169 841 1554 -1728 -292 -2664
369 2172 843 1556 -1726 -292 -2669
370 2175 840 1557 -1729 -292 -2672
371 2170 839 1554 -1728 -289 -2668
372 2173 842 1556 -1726 -290 -2671
373 2171 843 1555 -1727 -293 -2671
374 2171 839 1555 -1731 -294 -2670
375 2172 839 1555 -1727 -290 -2669
376 2174 837 1556 -1729 -293 -2671
377 2173 839 1555 -1729 -289 -2668
378 2169 837 1556 -1727 -294 -2671
379 2172 841 1554 -1725 -290 -2672
380 2170 840 1556 -1727 -292 -2671
381 2168 840 1557 -1728 -292 -2671
382 2171 838 1555 -1728 -288 -2670
383 2173 840 1559 -1728 -290 -2668
384 2171 839 1558 -1729 -295 -2670
385 2169 839 1554 -1731 -294 -2672
386 2170 840 1556 -1730 -291 -2670
387 2168 839 1554 -1731 -292 -2670
388 2173 839 1555 -1728 -294 -2668
389 2174 839 1557 -1728 -292 -2673
390 2171 839 1555 -1728 -293 -2670
391 2171 840 1554 -1728 -295 -2674
392 2170 838 1554 -1728 -292 -2673
393 2167 841 1556 -1725 -292 -2670
394 2172 839 1555 -1729 -291 -2672
395 2173 839 1559 -1730 -293 -2671
396 2174 839 1556 -1730 -293 -2671
397 2170 841 1553 -1728 -291 -2671
398 2165 837 1556 -1730 -293 -2670
399 2171 841 1556 -1730 -293 -2669
400 2169 839 1556 -1727 -291 -2670
401 2168 841 1559 -1727 -294 -2669
402 2172 837 1554 -1730 -292 -2672
403 2167 839 1554 -1726 -294 -2670
404 2169 844 1559 -1725 -293 -2673
405 2172 838 1557 -1728 -292 -2671
406 2167 840 1556 -1729 -292 -2671
407 2168 838 1554 -1729 -292 -2671
408 2173 838 1557 -1729 -290 -2671
409 2172 839 1557 -1728 -293 -2666
410 2172 837 1556 -1727 -292 -2670
411 2169 842 1555 -1726 -290 -2673
412 2173 838 1552 -1729 -290 -2671
413 2172 840 1557 -1728 -289 -2669
414 2173 843 1556 -1728 -293 -2668
415 2172 842 1557 -1729 -294 -2668
416 2176 841 1554 -1726 -289 -2669
417 2173 836 1553 -1730 -292 -2668
418 2170 839 1554 -1726 -291 -2669
419 2172 839 1557 -1730 -293 -2669
420 2172 842 1559 -1725 -290 -2667
421 2173 840 1555 -1727 -289 -2668
422 2169 838 1555 -1729 -290 -2673
423 2170 840 1555 -1727 -292 -2670
424 2171 839 1556 -1731 -292 -2668
425 2177 845 1559 -1728 -292 -2669
426 2172 838 1557 -1727 -290 -2672
427 2172 837 1553 -1728 -288 -2671
428 2173 841 1557 -1728 -292 -2667
429 2169 842 1558 -1725 -291 -2666
430 2172 842 1558 -1729 -294 -2672
431 2176 841 1556 -1729 -290 -2669
432 2175 837 1556 -1728 -292 -2671
433 2174 840 1557 -1725 -292 -2668
434 2171 841 1557 -1727 -290 -2668
435 2170 839 1558 -1728 -291 -2669
436 2171 837 1554 -1727 -293 -2670
437 2172 838 1554 -1726 -291 -2672
438 2171 839 1554 -1728 -291 -2669
439 2171 844 1556 -1727 -295 -2672
440 2168 839 1556 -1727 -295 -2673
441 2169 840 1555 -1727 -293 -2675
442 2170 840 1553 -1725 -292 -2670
443 2172 839 1556 -1729 -297 -2671
444 2170 841 1552 -1724 -294 -2670
445 2169 840 1556 -1728 -292 -2669
446 2172 838 1554 -1729 -296 -2674
447 2172 839 1555 -1730 -294 -2670
448 2172 839 1555 -1727 -293 -2668
449 2171 839 1555 -1728 -295 -2671
450 2169 841 1556 -1728 -292 -2670
451 2174 836 1553 -1729 -291 -2671
452 2168 838 1553 -1732 -294 -2671
453 2169 838 1554 -1728 -292 -2672
454 2172 836 1554 -1730 -292 -2668
455 2170 838 1551 -1729 -294 -2669
456 2170 836 1550 -1729 -294 -2670
457 2170 838 1554 -1725 -290 -2672
458 2173 839 1557 -1727 -292 -2668
459 2175 839 1558 -1729 -295 -2670
460 2173 842 1557 -1727 -291 -2670
461 2170 838 1554 -1729 -292 -2672
462 2170 839 1555 -1729 -292 -2670
463 2169 839 1557 -1727 -291 -2671
464 2168 838 1558 -1729 -293 -2670
465 2170 839 1554 -1729 -291 -2672
466 2172 840 1555 -1729 -292 -2676
467 2171 838 1555 -1730 -289 -2672
468 2173 839 1554 -1728 -292 -2669
469 2171 840 1556 -1732 -292 -2672
470 2172 838 1555 -1728 -292 -2669
471 2169 839 1554 -1724 -288 -2668
472 2168 839 1554 -1727 -287 -2669
473 2170 841 1558 -1727 -294 -2673
474 2171 841 1556 -1728 -292 -2669
475 2170 842 1557 -1729 -292 -2670
476 2171 840 1557 -1730 -292 -2669
477 2172 841 1557 -1728 -290 -2672
478 2172 838 1551 -1728 -293 -2675
479 2171 836 1555 -1729 -293 -2671
480 2172 837 1555 -1728 -293 -2670
481 2171 840 1556 -1730 -293 -2671
482 2171 839 1557 -1731 -291 -2672
483 2171 838 1555 -1729 -291 -2674
484 2173 841 1553 -1729 -290 -2670
485 2174 842 1553 -1729 -293 -2668
486 2173 838 1555 -1729 -292 -2669
487 2170 839 1555 -1728 -289 -2672
488 2170 836 1552 -1728 -290 -2669
489 2169 838 1552 -1729 -291 -2671
490 2170 838 1554 -1726 -292 -2671
491 2173 837 1554 -1731 -292 -2667
492 2173 839 1558 -1729 -292 -2671
493 2171 838 1552 -1726 -292 -2673
494 2170 839 1555 -1726 -291 -2669
495 2167 839 1557 -1726 -289 -2674
496 2168 839 1556 -1728 -292 -2671
497 2169 841 1553 -1728 -292 -2671
498 2173 838 1557 -1728 -290 -2669
499 2171 841 1556 -1726 -291 -2670
500 2172 840 1557 -1730 -294 -2671
501 2170 840 1555 -1729 -291 -2669
502 2175 840 1560 -1728 -295 -2670
503 2171 839 1553 -1728 -292 -2672
504 2170 842 1554 -1729 -290 -2669
505 2168 835 1553 -1729 -291 -2669
506 2173 840 1556 -1731 -291 -2669
507 2174 840 1555 -1729 -292 -2670
508 2175 839 1555 -1730 -292 -2668
509 2168 840 1554 -1728 -291 -2671
510 2172 840 1556 -1731 -291 -2669
511 2170 842 1557 -1729 -294 -2670
512 2170 838 1554 -1730 -290 -2669
513 2173 837 1552 -1731 -295 -2671
514 2173 838 1556 -1728 -290 -2670
515 2172 839 1555 -1727 -291 -2670
516 2168 843 1555 -1728 -290 -2670
517 2169 838 1555 -1729 -291 -2671
518 2168 837 1556 -1727 -292 -2672
519 2172 840 1555 -1728 -294 -2668
520 2174 840 1557 -1727 -288 -2667
521 2172 838 1556 -1728 -290 -2670
522 2176 840 1554 -1728 -290 -2670
523 2172 838 1554 -1724 -289 -2671
524 2169 838 1558 -1729 -291 -2669
525 2173 841 1557 -1728 -292 -2669
526 2174 839 1554 -1729 -291 -2669
527 2176 839 1554 -1731 -292 -2669
528 2174 842 1556 -1727 -294 -2671
529 2170 838 1557 -1728 -293 -2669
530 2171 838 1557 -1730 -295 -2671
531 2169 842 1554 -1729 -290 -2671
532 2172 840 1556 -1726 -292 -2674
533 2171 842 1554 -1729 -294 -2673
534 2173 839 1556 -1728 -292 -2670
535 2174 843 1556 -1726 -295 -2668
536 2172 842 1558 -1730 -288 -2668
537 2169 839 1558 -1724 -290 -2670
538 2169 838 1555 -1724 -287 -2671
539 2170 839 1557 -1727 -291 -2669
540 2173 845 1561 -1726 -289 -2668
541 2171 840 1557 -1727 -294 -2670
542 2170 840 1555 -1727 -291 -2668
543 2175 839 1555 -1728 -294 -2670
544 2171 838 1557 -1726 -291 -2668
545 2170 842 1558 -1727 -292 -2671
546 2171 839 1552 -1728 -288 -2669
547 2172 838 1554 -1728 -292 -2669
548 2173 839 1556 -1726 -291 -2672
549 2173 839 1557 -1729 -295 -2671
550 2175 838 1556 -1730 -291 -2668
551 2175 839 1555 -1730 -293 -2667
552 2170 837 1556 -1724 -289 -2669
553 2169 840 1556 -1725 -286 -2666
554 2172 840 1558 -1727 -293 -2668
555 2171 840 1558 -1728 -290 -2668
556 2172 841 1557 -1725 -293 -2670
557 2170 839 1554 -1726 -292 -2671
558 2171 837 1558 -1726 -288 -2668
559 2171 838 1556 -1724 -294 -2670
560 2172 841 1556 -1731 -292 -2668
561 2171 842 1556 -1729 -292 -2667
562 2171 840 1554 -1730 -289 -2670
563 2170 838 1554 -1728 -292 -2671
564 2170 843 1556 -1725 -290 -2670
565 2171 839 1557 -1729 -292 -2669
566 2171 840 1555 -1727 -292 -2667
567 2171 842 1558 -1731 -291 -2668
568 2169 842 1556 -1731 -289 -2668
569 2173 840 1555 -1725 -293 -2670
570 2172 838 1556 -1730 -292 -2672
571 2175 839 1555 -1730 -291 -2669
572 2171 840 1552 -1727 -292 -2667
573 2171 840 1553 -1726 -293 -2672
574 2172 838 1555 -1727 -289 -2672
575 2170 839 1556 -1729 -289 -2668
576 2172 839 1555 -1729 -292 -2669
577 2173 842 1555 -1729 -293 -2669
578 2172 838 1555 -1729 -291 -2669
579 2171 842 1555 -1729 -291 -2672
580 2169 838 1556 -1726 -290 -2668
581 2172 839 1557 -1727 -293 -2671
582 2172 838 1553 -1728 -291 -2670
583 2173 835 1555 -1729 -290 -2670
584 2174 843 1557 -1726 -290 -2673
585 2171 839 1557 -1727 -289 -2668
586 2170 839 1559 -1726 -290 -2667
587 2171 839 1561 -1726 -288 -2668
588 2171 838 1557 -1727 -291 -2669
589 2171 841 1557 -1730 -289 -2669
590 2170 841 1557 -1729 -291 -2670
591 2173 840 1556 -1730 -295 -2671
592 2173 840 1556 -1728 -293 -2670
593 2172 842 1552 -1729 -292 -2672
594 2170 840 1552 -1728 -293 -2670
595 2173 839 1554 -1725 -288 -2668
596 2173 844 1557 -1727 -291 -2669
597 2173 838 1556 -1732 -293 -2670
598 2172 840 1553 -1727 -291 -2671
599 2171 839 1554 -1729 -291 -2668
600 2169 838 1555 -1728 -291 -2668
601 2170 841 1555 -1728 -292 -2669
602 2165 839 1556 -1729 -291 -2670
603 2171 836 1555 -1728 -287 -2671
604 2169 841 1554 -1728 -292 -2670
605 2173 840 1557 -1727 -292 -2667
606 2170 837 1555 -1730 -293 -2672
607 2172 838 1556 -1727 -290 -2672
608 2170 837 1554 -1726 -292 -2674
609 2173 838 1558 -1728 -292 -2670
610 2169 839 1556 -1730 -291 -2668
611 2169 841 1556 -1731 -291 -2672
612 2172 839 1556 -1731 -292 -2672
613 2176 840 1552 -1728 -293 -2672
614 2173 842 1554 -1725 -293 -2668
615 2172 842 1558 -1729 -292 -2669
616 2170 840 1554 -1730 -289 -2671
617 2169 842 1560 -1726 -291 -2673
618 2168 839 1554 -1728 -293 -2667
619 2173 838 1554 -1728 -294 -2669
620 2172 840 1557 -1726 -292 -2670
621 2175 841 1557 -1731 -293 -2669
622 2172 837 1551 -1725 -291 -2669
623 2169 840 1559 -1726 -289 -2670
624 2167 842 1555 -1731 -290 -2669
625 2173 841 1553 -1727 -293 -2668
626 2176 844 1556 -1729 -292 -2668
627 2176 840 1554 -1726 -292 -2670
628 2170 840 1555 -1728 -291 -2669
629 2168 837 1556 -1725 -291 -2670
630 2169 839 1557 -1725 -291 -2668
631 2170 836 1554 -1730 -292 -2670
632 2169 839 1553 -1727 -292 -2669
633 2170 841 1560 -1729 -292 -2669
634 2175 839 1555 -1728 -293 -2670
635 2170 840 1554 -1728 -292 -2671
636 2171 843 1556 -1730 -291 -2669
637 2172 839 1557 -1727 -290 -2671
638 2170 837 1558 -1730 -292 -2670
639 2169 839 1553 -1727 -293 -2671
640 2169 840 1555 -1726 -293 -2669
641 2171 841 1555 -1729 -294 -2669
642 2173 841 1554 -1730 -293 -2670
643 2175 841 1555 -1728 -290 -2670
644 2176 837 1555 -1723 -289 -2672
645 2172 839 1554 -1728 -294 -2670
646 2173 838 1553 -1728 -292 -2672
647 2171 837 1556 -1730 -291 -2667
648 2173 841 1554 -1727 -291 -2672
649 2166 836 1553 -1733 -294 -2669
650 2175 840 1555 -1731 -293 -2671
651 2171 841 1558 -1727 -288 -2672
652 2166 837 1556 -1727 -293 -2670
653 2171 839 1557 -1727 -294 -2669
654 2170 841 1557 -1728 -289 -2672
655 2170 837 1555 -1730 -292 -2671
656 2171 839 1556 -1728 -292 -2670
657 2175 838 1555 -1728 -290 -2668
658 2175 838 1554 -1726 -289 -2669
659 2171 838 1556 -1728 -289 -2672
660 2172 840 1556 -1728 -291 -2670
661 2170 841 1557 -1727 -291 -2670
662 2169 841 1557 -1731 -293 -2666
663 2172 840 1557 -1728 -294 -2669
664 2173 840 1552 -1728 -289 -2668
665 2173 838 1556 -1730 -293 -2669
666 2170 839 1555 -1729 -290 -2669
667 2171 839 1555 -1727 -289 -2672
668 2169 840 1556 -1728 -293 -2672
669 2169 839 1554 -1726 -289 -2673
670 2172 839 1556 -1729 -292 -2671
671 2175 840 1557 -1728 -294 -2670
672 2174 841 1558 -1728 -290 -2672
673 2169 840 1553 -1728 -293 -2668
674 2170 840 1555 -1730 -290 -2667
675 2168 839 1555 -1730 -291 -2669
676 2168 838 1557 -1726 -294 -2670
677 2170 841 1555 -1727 -291 -2670
678 2173 839 1556 -1728 -292 -2669
679 2171 839 1556 -1730 -293 -2668
680 2169 841 1556 -1725 -291 -2666
681 2171 839 1554 -1728 -291 -2670
682 2172 837 1553 -1726 -290 -2670
683 2171 838 1555 -1729 -292 -2670
684 2173 839 1556 -1730 -296 -2667
685 2175 836 1556 -1729 -293 -2672
686 2172 839 1555 -1728 -291 -2669
687 2173 839 1555 -1727 -290 -2669
688 2170 840 1558 -1728 -291 -2669
689 2169 839 1555 -1728 -288 -2672
690 2171 838 1558 -1728 -291 -2667
691 2169 842 1556 -1728 -288 -2668
692 2173 842 1553 -1728 -293 -2670
693 2171 837 1555 -1727 -292 -2673
694 2171 837 1554 -1730 -292 -2670
695 2171 841 1553 -1729 -289 -2668
696 2174 840 1558 -1729 -290 -2672
697 2172 842 1558 -1729 -292 -2669
698 2173 840 1556 -1726 -289 -2671
699 2171 840 1555 -1725 -291 -2671
700 2173 841 1559 -1730 -291 -2670
701 2169 840 1558 -1726 -294 -2670
702 2172 841 1558 -1727 -291 -2670
703 2170 838 1557 -1724 -289 -2670
704 2172 840 1557 -1727 -290 -2669
705 2173 841 1556 -1728 -291 -2666
706 2172 840 1554 -1730 -290 -2672
707 2175 838 1555 -1727 -294 -2672
708 2172 840 1554 -1726 -294 -2669
709 2167 840 1557 -1727 -293 -2668
710 2167 840 1556 -1728 -287 -2670
711 2169 840 1556 -1729 -291 -2669
712 2174 839 1552 -1727 -291 -2671
713 2172 840 1555 -1728 -293 -2668
714 2175 843 1556 -1730 -289 -2671
715 2172 840 1554 -1729 -292 -2670
716 2169 838 1558 -1728 -290 -2672
717 2168 840 1552 -1726 -289 -2669
718 2175 840 1554 -1726 -294 -2673
719 2170 840 1558 -1729 -292 -2669
720 2171 839 1555 -1726 -293 -2670
721 2169 840 1556 -1726 -292 -2671
722 2171 837 1555 -1726 -290 -2670
723 2173 838 1555 -1729 -292 -2670
724 2172 840 1554 -1729 -291 -2667
725 2171 839 1556 -1728 -293 -2673
726 2172 844 1558 -1727 -291 -2670
727 2169 836 1555 -1728 -290 -2670
728 2171 840 1556 -1729 -292 -2669
729 2173 839 1557 -1725 -290 -2669
730 2174 841 1558 -1729 -293 -2667
731 2170 838 1555 -1728 -292 -2669
732 2167 839 1555 -1726 -289 -2671
733 2168 838 1558 -1729 -289 -2671
734 2173 842 1555 -1729 -290 -2669
735 2174 840 1558 -1728 -291 -2669
736 2176 840 1557 -1727 -290 -2670
737 2173 839 1556 -1729 -293 -2672
738 2170 836 1556 -1728 -291 -2668
739 2168 840 1558 -1723 -288 -2668
740 2170 842 1560 -1726 -289 -2667
741 2172 839 1556 -1724 -293 -2668
742 2173 841 1555 -1728 -291 -2670
743 2171 839 1556 -1728 -288 -2670
744 2173 839 1557 -1728 -296 -2670
745 2172 840 1556 -1726 -291 -2669
746 2170 841 1556 -1727 -292 -2671
747 2173 839 1556 -1730 -293 -2668
748 2170 839 1554 -1727 -294 -2671
749 2173 843 1556 -1730 -290 -2669
750 2172 841 1555 -1728 -291 -2666
751 2174 842 1556 -1731 -289 -2669
752 2170 840 1553 -1730 -291 -2670
753 2170 836 1553 -1728 -289 -2668
754 2169 839 1557 -1729 -290 -2670
755 2174 839 1558 -1727 -292 -2671
756 2170 839 1552 -1728 -289 -2669
757 2171 838 1555 -1727 -290 -2668
758 2172 840 1555 -1728 -291 -2669
759 2169 837 1557 -1730 -292 -2669
760 2170 840 1556 -1726 -291 -2667
761 2169 839 1555 -1728 -292 -2671
762 2167 837 1556 -1728 -291 -2668
763 2170 839 1559 -1727 -291 -2670
764 2169 839 1557 -1730 -292 -2668
765 2170 837 1556 -1728 -292 -2669
766 2174 835 1555 -1728 -292 -2669
767 2173 838 1557 -1729 -292 -2668
768 2172 838 1554 -1730 -294 -2672
769 2171 838 1553 -1730 -293 -2669
770 2168 840 1554 -1729 -291 -2670
771 2169 839 1555 -1730 -291 -2669
772 2169 839 1553 -1727 -293 -2669
773 2172 838 1556 -1730 -292 -2670
774 2170 838 1556 -1729 -290 -2669
775 2169 838 1555 -1728 -294 -2674
776 2167 838 1554 -1727 -292 -2670
777 2170 837 1556 -1728 -292 -2669
778 2170 836 1554 -1731 -296 -2671
779 2172 839 1556 -1729 -291 -2668
780 2169 837 1552 -1728 -292 -2672
781 2168 837 1554 -1729 -290 -2672
782 2170 837 1556 -1727 -291 -2670
783 2170 839 1557 -1731 -292 -2671
784 2169 840 1555 -1728 -294 -2674
785 2168 839 1555 -1729 -294 -2672
786 2171 837 1553 -1727 -291 -2673
787 2172 838 1553 -1730 -294 -2672
788 2170 839 1556 -1730 -293 -2672
789 2173 838 1555 -1732 -296 -2669
790 2171 841 1553 -1726 -292 -2672
791 2168 837 1555 -1728 -290 -2672
792 2167 842 1554 -1729 -292 -2673
793 2169 837 1554 -1729 -292 -2669
794 2173 838 1556 -1731 -291 -2670
795 2177 839 1558 -1726 -291 -2668
796 2176 842 1554 -1727 -293 -2670
797 2171 841 1553 -1728 -293 -2672
798 2171 839 1552 -1729 -292 -2669
799 2172 837 1557 -1729 -291 -2671
800 2169 838 1555 -1727 -293 -2672
801 2169 839 1558 -1727 -292 -2671
802 2171 838 1555 -1729 -293 -2672
803 2171 838 1556 -1729 -291 -2673
804 2167 836 1558 -1729 -289 -2671
805 2169 840 1556 -1728 -292 -2671
806 2172 840 1555 -1728 -294 -2669
807 2171 841 1554 -1726 -292 -2671
808 2171 840 1556 -1730 -293 -2668
809 2172 837 1557 -1726 -290 -2667
810 2168 838 1556 -1728 -291 -2671
811 2171 840 1556 -1729 -292 -2668
812 2171 835 1554 -1730 -294 -2670
813 2172 838 1554 -1730 -290 -2670
814 2169 839 1555 -1729 -291 -2667
815 2169 843 1556 -1728 -293 -2670
816 2172 842 1554 -1730 -291 -2668
817 2172 838 1555 -1727 -293 -2668
818 2172 841 1557 -1730 -292 -2672
819 2173 839 1557 -1728 -292 -2668
820 2171 838 1555 -1728 -294 -2672
821 2168 840 1555 -1726 -296 -2670
822 2171 840 1553 -1728 -290 -2669
823 2170 840 1555 -1730 -292 -2672
824 2174 841 1555 -1731 -292 -2670
825 2174 840 1553 -1730 -288 -2666
826 2173 842 1558 -1726 -291 -2669
827 2170 838 1555 -1723 -290 -2669
828 2172 840 1559 -1730 -293 -2672
829 2172 837 1556 -1729 -294 -2670
830 2173 838 1556 -1730 -289 -2669
831 2172 840 1555 -1728 -294 -2671
832 2171 839 1555 -1729 -292 -2671
833 2169 840 1555 -1727 -289 -2671
834 2172 842 1555 -1730 -290 -2669
835 2171 839 1557 -1730 -289 -2669
836 2170 841 1557 -1727 -293 -2673
837 2172 838 1558 -1731 -294 -2669
838 2172 839 1556 -1731 -288 -2669
839 2173 840 1555 -1726 -291 -2671
840 2169 840 1555 -1730 -290 -2671
841 2172 841 1555 -1728 -294 -2668
842 2174 838 1555 -1728 -293 -2672
843 2170 838 1555 -1728 -293 -2672
844 2174 838 1554 -1726 -290 -2669
845 2174 837 1558 -1729 -293 -2670
846 2172 841 1558 -1728 -292 -2671
847 2172 840 1555 -1728 -291 -2672
848 2171 840 1554 -1728 -288 -2670
849 2173 839 1557 -1730 -292 -2670
850 2175 838 1554 -1729 -290 -2672
851 2171 837 1556 -1731 -292 -2670
852 2170 836 1555 -1729 -294 -2672
853 2171 841 1558 -1730 -293 -2669
854 2168 839 1559 -1728 -291 -2669
855 2171 838 1554 -1727 -293 -2669
856 2171 838 1554 -1727 -292 -2668
857 2173 839 1559 -1727 -292 -2668
858 2171 841 1557 -1732 -292 -2668
859 2171 836 1553 -1729 -292 -2669
860 2173 840 1558 -1730 -292 -2671
861 2171 838 1554 -1724 -296 -2672
862 2170 840 1557 -1730 -294 -2673
863 2171 836 1556 -1732 -291 -2670
864 2169 840 1554 -1728 -291 -2671
865 2171 840 1557 -1728 -292 -2666
866 2171 840 1554 -1726 -291 -2669
867 2171 840 1556 -1731 -291 -2671
868 2173 839 1554 -1730 -292 -2672
869 2173 837 1554 -1730 -291 -2668
870 2172 839 1556 -1730 -294 -2669
871 2171 839 1557 -1726 -291 -2666
872 2169 840 1559 -1727 -292 -2672
873 2171 840 1557 -1730 -291 -2671
874 2173 838 1556 -1729 -295 -2669
875 2170 837 1555 -1727 -291 -2672
876 2170 839 1556 -1729 -292 -2669
877 2171 840 1555 -1729 -292 -2670
878 2172 838 1556 -1730 -292 -2670
879 2169 840 1556 -1729 -290 -2668
880 2170 840 1557 -1728 -292 -2668
881 2172 839 1555 -1733 -295 -2670
882 2170 837 1554 -1729 -292 -2671
883 2169 838 1554 -1728 -289 -2671
884 2171 840 1554 -1726 -292 -2672
885 2170 839 1556 -1726 -293 -2670
886 2171 842 1558 -1732 -292 -2671
887 2171 839 1556 -1726 -290 -2672
888 2171 839 1553 -1729 -292 -2673
889 2170 840 1554 -1729 -294 -2674
890 2171 838 1554 -1729 -293 -2669
891 2172 841 1559 -1728 -290 -2672
892 2170 836 1555 -1728 -291 -2671
893 2170 836 1553 -1728 -295 -2671
894 2174 839 1557 -1728 -293 -2669
895 2172 839 1555 -1727 -292 -2672
896 2173 843 1556 -1729 -296 -2669
897 2174 842 1556 -1729 -292 -2672
898 2173 839 1550 -1727 -290 -2673
899 2170 836 1556 -1731 -292 -2670
900 2169 840 1556 -1730 -293 -2670
901 2170 839 1554 -1732 -294 -2669
902 2171 840 1557 -1728 -292 -2672
903 2169 842 1556 -1730 -293 -2672
904 2174 839 1553 -1728 -292 -2674
905 2171 839 1555 -1728 -293 -2673
906 2172 839 1557 -1729 -292 -2669
907 2172 839 1556 -1728 -291 -2670
908 2168 842 1553 -1729 -292 -2669
909 2168 842 1551 -1727 -292 -2670
910 2172 840 1555 -1727 -293 -2667
911 2169 837 1554 -1729 -290 -2670
912 2171 839 1553 -1728 -293 -2672
913 2173 838 1556 -1730 -292 -2672
914 2172 837 1552 -1728 -291 -2673
915 2167 838 1554 -1727 -293 -2674
916 2171 840 1555 -1729 -292 -2670
917 2171 839 1556 -1730 -292 -2670
918 2173 840 1555 -1729 -293 -2671
919 2172 840 1555 -1728 -292 -2669
920 2172 836 1554 -1727 -292 -2670
921 2170 839 1552 -1731 -292 -2670
922 2169 840 1553 -1730 -291 -2669
923 2170 836 1553 -1730 -290 -2671
924 2168 836 1552 -1728 -294 -2668
925 2172 840 1555 -1730 -294 -2671
926 2167 840 1553 -1733 -290 -2668
927 2169 838 1557 -1728 -291 -2669
928 2167 838 1555 -1732 -292 -2671
929 2169 837 1555 -1729 -292 -2672
930 2168 837 1555 -1727 -294 -2668
931 2170 840 1553 -1729 -293 -2671
932 2170 836 1556 -1727 -290 -2669
933 2170 838 1557 -1729 -292 -2669
934 2170 838 1553 -1731 -291 -2667
935 2170 839 1556 -1730 -291 -2669
936 2170 838 1555 -1731 -291 -2672
937 2172 840 1557 -1726 -291 -2670
938 2168 838 1558 -1727 -289 -2667
939 2170 841 1556 -1729 -291 -2670
940 2171 842 1556 -1728 -293 -2670
941 2173 838 1553 -1729 -294 -2675
942 2171 838 1552 -1730 -294 -2668
943 2170 837 1554 -1732 -290 -2670
944 2173 839 1556 -1727 -289 -2669
945 2171 839 1553 -1728 -295 -2672
946 2170 840 1555 -1729 -292 -2669
947 2172 842 1556 -1724 -290 -2669
948 2170 841 1556 -1728 -290 -2669
949 2172 840 1557 -1726 -290 -2668
950 2173 839 1558 -1730 -291 -2670
951 2170 842 1558 -1729 -290 -2667
952 2172 840 1558 -1727 -289 -2671
953 2170 840 1558 -1728 -289 -2675
954 2169 841 1557 -1728 -292 -2670
955 2172 840 1554 -1724 -291 -2668
956 2171 840 1555 -1728 -294 -2670
957 2172 844 1556 -1728 -292 -2669
958 2171 839 1558 -1728 -292 -2670
959 2174 844 1559 -1727 -292 -2670
960 2168 838 1557 -1728 -293 -2671
961 2172 838 1554 -1731 -290 -2665
962 2171 842 1554 -1729 -292 -2671
963 2175 839 1555 -1730 -291 -2669
964 2173 840 1556 -1731 -293 -2671
965 2172 838 1555 -1726 -294 -2670
966 2173 842 1557 -1728 -288 -2668
967 2170 840 1556 -1727 -292 -2666
968 2171 844 1557 -1727 -292 -2673
969 2170 839 1555 -1729 -291 -2671
970 2173 838 1556 -1729 -295 -2669
971 2172 839 1555 -1732 -294 -2670
972 2173 841 1557 -1727 -291 -2669
973 2168 842 1555 -1728 -290 -2670
974 2168 834 1552 -1724 -289 -2670
975 2171 838 1556 -1733 -289 -2672
976 2172 840 1555 -1727 -290 -2666
977 2169 839 1555 -1731 -294 -2669
978 2172 840 1555 -1729 -290 -2670
979 2171 837 1556 -1726 -289 -2673
980 2172 837 1555 -1724 -288 -2670
981 2172 840 1558 -1728 -291 -2669
982 2173 843 1558 -1729 -292 -2669
983 2175 844 1557 -1728 -297 -2674
984 2172 839 1553 -1729 -294 -2674
985 2171 839 1552 -1728 -294 -2670
986 2168 839 1555 -1729 -292 -2670
987 2169 841 1555 -1729 -288 -2673
988 2171 837 1556 -1730 -292 -2673
989 2168 836 1554 -1729 -292 -2671
990 2171 835 1555 -1730 -293 -2668
991 2168 839 1554 -1733 -293 -2673
992 2170 839 1556 -1730 -293 -2671
993 2171 838 1557 -1728 -293 -2675
994 2170 836 1554 -1731 -292 -2673
995 2172 838 1554 -1727 -292 -2672
996 2167 841 1556 -1728 -292 -2671
997 2170 839 1553 -1728 -289 -2672
998 2169 841 1557 -1730 -292 -2676
999 2172 837 1554 -1727 -292 -2674
0 9027 920 -3758 -5228 -3753 2619
1 9033 919 -3759 -5228 -3749 2618
2 9031 920 -3763 -5227 -3750 2617
3 9032 919 -3760 -5229 -3750 2617
4 9031 917 -3757 -5227 -3752 2617
5 9028 912 -3762 -5227 -3753 2616
6 9031 915 -3760 -5224 -3751 2618
7 9028 915 -3763 -5225 -3752 2617
8 9033 914 -3763 -5228 -3752 2614
9 9030 915 -3764 -5228 -3753 2612
10 9031 917 -3761 -5226 -3752 2614
11 9028 915 -3764 -5226 -3751 2614
12 9025 916 -3764 -5225 -3755 2611
13 9028 914 -3765 -5222 -3751 2612
14 9028 914 -3765 -5226 -3752 2614
15 9030 912 -3766 -5224 -3752 2615
16 9031 914 -3761 -5226 -3755 2612
17 9031 916 -3767 -5225 -3751 2612
18 9026 914 -3764 -5224 -3752 2613
19 9028 915 -3763 -5225 -3752 2610
20 9026 915 -3763 -5225 -3749 2611
21 9028 914 -3765 -5224 -3751 2613
22 9029 912 -3767 -5226 -3752 2609
23 9031 913 -3768 -5227 -3754 2610
24 9030 914 -3769 -5226 -3752 2613
25 9025 910 -3766 -5224 -3751 2609
26 9026 908 -3766 -5225 -3751 2608
27 9028 912 -3765 -5223 -3749 2608
28 9029 913 -3766 -5224 -3750 2610
29 9030 912 -3766 -5222 -3753 2611
30 9029 912 -3768 -5226 -3750 2612
31 9025 912 -3768 -5222 -3751 2609
32 9026 909 -3768 -5223 -3751 2609
33 9026 911 -3766 -5224 -3754 2609
34 9030 909 -3769 -5226 -3751 2610
35 9029 912 -3770 -5225 -3751 2607
36 9027 908 -3770 -5225 -3753 2606
37 9030 911 -3769 -5226 -3753 2608
38 9026 910 -3768 -5222 -3753 2606
39 9027 912 -3770 -5224 -3749 2605
40 9027 910 -3772 -5226 -3753 2606
41 9026 910 -3773 -5223 -3754 2606
42 9028 910 -3770 -5227 -3753 2607
43 9027 908 -3770 -5225 -3754 2608
44 9028 910 -3769 -5222 -3750 2605
45 9028 911 -3772 -5225 -3749 2604
46 9031 909 -3770 -5223 -3752 2605
47 9026 908 -3770 -5226 -3753 2605
48 9031 908 -3772 -5226 -3752 2606
49 9027 906 -3770 -5225 -3754 2606
50 9030 910 -3772 -5224 -3756 2600
51 9028 908 -3770 -5222 -3752 2604
52 9034 909 -3767 -5224 -3751 2603
53 9033 909 -3770 -5223 -3754 2603
54 9031 907 -3775 -5225 -3751 2603
55 9031 908 -3771 -5224 -3755 2603
56 9028 909 -3773 -5223 -3755 2604
57 9030 906 -3773 -5229 -3753 2601
58 9029 906 -3772 -5225 -3757 2601
59 9031 907 -3775 -5226 -3754 2601
60 9030 904 -3771 -5225 -3751 2602
61 9032 905 -3768 -5224 -3753 2601
62 9033 906 -3773 -5227 -3753 2602
63 9032 905 -3771 -5228 -3754 2602
64 9033 908 -3774 -5227 -3756 2602
65 9036 905 -3777 -5228 -3753 2601
66 9031 903 -3775 -5228 -3755 2600
67 9031 904 -3776 -5226 -3754 2601
68 9029 904 -3773 -5226 -3755 2601
69 9034 905 -3772 -5227 -3758 2603
70 9036 905 -3772 -5227 -3755 2597
71 9035 904 -3776 -5229 -3756 2602
72 9036 906 -3776 -5228 -3754 2600
73 9034 903 -3777 -5226 -3756 2600
74 9034 900 -3774 -5228 -3756 2595
75 9036 900 -3779 -5228 -3758 2596
76 9034 900 -3778 -5232 -3759 2598
77 9036 901 -3777 -5229 -3753 2597
78 9036 902 -3778 -5227 -3753 2596
79 9037 904 -3775 -5229 -3757 2595
80 9040 899 -3777 -5229 -3758 2599
81 9040 900 -3777 -5232 -3758 2598
82 9038 903 -3779 -5226 -3757 2598
83 9037 903 -3778 -5227 -3758 2594
84 9040 899 -3779 -5227 -3757 2595
85 9041 901 -3777 -5232 -3760 2598
86 9042 902 -3778 -5232 -3760 2594
87 9042 903 -3779 -5230 -3759 2597
88 9043 902 -3781 -5231 -3758 2597
89 9042 901 -3784 -5228 -3760 2597
90 9038 899 -3781 -5227 -3759 2598
91 9043 901 -3783 -5230 -3761 2593
92 9044 899 -3780 -5231 -3762 2592
93 9045 901 -3781 -5230 -3761 2594
94 9046 900 -3781 -5232 -3762 2595
95 9047 899 -3783 -5233 -3760 2594
96 9043 895 -3784 -5232 -3759 2593
97 9042 898 -3783 -5231 -3760 2592
98 9047 899 -3783 -5237 -3764 2591
99 9047 896 -3781 -5233 -3763 2594
100 9047 897 -3784 -5231 -3764 2593
101 9047 896 -3784 -5233 -3766 2588
102 9044 895 -3786 -5234 -3764 2591
103 9049 893 -3788 -5234 -3766 2588
104 9047 896 -3784 -5236 -3767 2592
105 9046 894 -3787 -5237 -3765 2591
106 9052 896 -3790 -5236 -3766 2590
107 9048 897 -3787 -5236 -3765 2588
108 9050 893 -3791 -5236 -3767 2588
109 9046 895 -3787 -5235 -3765 2592
110 9050 895 -3787 -5235 -3766 2589
111 9052 891 -3787 -5236 -3766 2592
112 9052 893 -3789 -5231 -3764 2587
113 9048 892 -3790 -5235 -3767 2591
114 9055 895 -3788 -5236 -3764 2589
115 9054 895 -3788 -5238 -3769 2591
116 9056 896 -3789 -5233 -3765 2588
117 9058 893 -3788 -5235 -3767 2587
118 9058 897 -3787 -5237 -3767 2588
119 9056 893 -3788 -5236 -3765 2588
120 9055 893 -3791 -5236 -3768 2585
121 9055 894 -3792 -5236 -3767 2586
122 9056 893 -3792 -5233 -3768 2589
123 9056 893 -3789 -5233 -3771 2587
124 9059 895 -3790 -5236 -3769 2583
125 9055 892 -3791 -5240 -3766 2585
126 9054 892 -3794 -5239 -3769 2584
127 9057 891 -3795 -5240 -3773 2582
128 9059 889 -3793 -5240 -3769 2581
129 9056 889 -3794 -5238 -3771 2582
130 9060 890 -3792 -5237 -3770 2581
131 9058 888 -3796 -5239 -3767 2582
132 9058 889 -3796 -5236 -3772 2580
133 9056 886 -3793 -5239 -3774 2581
134 9057 887 -3796 -5242 -3772 2579
135 9059 887 -3795 -5242 -3774 2580
136 9058 890 -3798 -5242 -3773 2577
137 9058 886 -3800 -5236 -3774 2580
138 9060 886 -3799 -5239 -3775 2578
139 9061 887 -3801 -5241 -3773 2578
140 9059 884 -3800 -5242 -3772 2575
141 9059 885 -3799 -5238 -3773 2575
142 9061 886 -3798 -5241 -3775 2576
143 9059 886 -3798 -5241 -3776 2576
144 9062 887 -3798 -5242 -3777 2576
145 9062 883 -3801 -5241 -3779 2577
146 9060 886 -3800 -5241 -3776 2574
147 9062 887 -3799 -5243 -3773 2573
148 9059 882 -3803 -5241 -3776 2572
149 9062 882 -3803 -5240 -3776 2574
150 9062 885 -3799 -5245 -3777 2573
151 9063 883 -3804 -5237 -3776 2572
152 9063 880 -3803 -5240 -3778 2571
153 9060 882 -3802 -5243 -3776 2570
154 9064 882 -3805 -5243 -3776 2571
155 9062 882 -3804 -5241 -3779 2567
156 9065 880 -3804 -5240 -3773 2568
157 9064 880 -3805 -5240 -3776 2569
158 9060 881 -3804 -5243 -3775 2570
159 9064 883 -3805 -5242 -3778 2572
160 9061 879 -3807 -5243 -3776 2567
161 9063 880 -3805 -5238 -3775 2566
162 9061 878 -3807 -5239 -3775 2567
163 9061 877 -3805 -5244 -3775 2566
164 9062 880 -3804 -5238 -3774 2569
165 9062 877 -3807 -5240 -3771 2570
166 9063 880 -3810 -5241 -3777 2566
167 9062 875 -3809 -5240 -3774 2569
168 9061 878 -3808 -5240 -3779 2566
169 9062 876 -3808 -5238 -3775 2565
170 9062 875 -3809 -5243 -3776 2566
171 9061 876 -3808 -5239 -3775 2566
172 9064 875 -3810 -5242 -3773 2567
173 9064 876 -3812 -5241 -3776 2566
174 9058 875 -3810 -5243 -3778 2563
175 9060 874 -3811 -5241 -3774 2563
176 9060 874 -3813 -5241 -3775 2561
177 9060 873 -3809 -5242 -3775 2563
178 9059 873 -3813 -5240 -3775 2562
179 9062 873 -3811 -5238 -3773 2566
180 9062 874 -3812 -5240 -3772 2563
181 9060 876 -3812 -5237 -3771 2562
182 9060 874 -3812 -5241 -3775 2561
183 9062 875 -3810 -5239 -3774 2564
184 9060 873 -3813 -5238 -3777 2561
185 9058 873 -3814 -5238 -3775 2561
186 9059 870 -3815 -5238 -3774 2560
187 9058 872 -3814 -5236 -3774 2558
188 9057 873 -3813 -5237 -3777 2558
189 9058 870 -3815 -5238 -3776 2562
190 9058 868 -3815 -5238 -3774 2559
191 9054 870 -3814 -5237 -3771 2557
192 9054 871 -3817 -5234 -3774 2557
193 9054 868 -3817 -5235 -3773 2560
194 9057 871 -3816 -5234 -3774 2557
195 9053 871 -3816 -5236 -3775 2558
196 9056 867 -3817 -5236 -3772 2557
197 9053 868 -3820 -5233 -3772 2558
198 9052 869 -3817 -5234 -3771 2558
199 9052 870 -3817 -5235 -3769 2556
200 9054 868 -3819 -5232 -3771 2557
201 9052 868 -3817 -5230 -3769 2559
202 9051 869 -3815 -5232 -3771 2558
203 9050 868 -3820 -5233 -3769 2559
204 9050 865 -3819 -5235 -3772 2556
205 9050 867 -3818 -5233 -3771 2557
206 9049 866 -3818 -5232 -3773 2556
207 9049 867 -3820 -5230 -3770 2556
208 9047 867 -3820 -5230 -3768 2559
209 9047 866 -3819 -5231 -3769 2553
210 9045 870 -3818 -5231 -3769 2555
211 9050 869 -3817 -5231 -3762 2558
212 9050 872 -3817 -5226 -3765 2555
213 9046 868 -3819 -5228 -3767 2557
214 9044 870 -3817 -5228 -3763 2558
215 9044 867 -3819 -5227 -3767 2558
216 9044 868 -3818 -5228 -3766 2557
217 9040 867 -3819 -5228 -3766 2554
218 9041 867 -3817 -5229 -3766 2554
219 9038 868 -3820 -5226 -3764 2557
220 9042 869 -3820 -5223 -3765 2554
221 9040 869 -3820 -5226 -3764 2556
222 9038 866 -3814 -5224 -3763 2554
223 9038 866 -3819 -5221 -3762 2558
224 9035 869 -3817 -5223 -3759 2558
225 9035 868 -3818 -5225 -3762 2557
226 9036 872 -3820 -5222 -3761 2555
227 9036 868 -3820 -5222 -3760 2556
228 9037 870 -3818 -5219 -3764 2556
229 9033 869 -3817 -5222 -3759 2556
230 9031 870 -3817 -5216 -3752 2557
231 9030 869 -3815 -5218 -3758 2557
232 9029 870 -3820 -5222 -3758 2556
233 9030 868 -3816 -5221 -3757 2558
234 9027 870 -3816 -5217 -3756 2558
235 9027 868 -3817 -5218 -3756 2556
236 9025 866 -3818 -5217 -3755 2556
237 9021 867 -3817 -5219 -3756 2558
238 9021 867 -3820 -5216 -3754 2558
239 9025 870 -3816 -5217 -3752 2557
240 9023 868 -3818 -5218 -3755 2558
241 9022 868 -3814 -5212 -3754 2558
242 9018 869 -3815 -5213 -3752 2560
243 9019 869 -3814 -5215 -3751 2562
244 9021 868 -3816 -5212 -3751 2560
245 9017 870 -3815 -5213 -3750 2559
246 9014 870 -3816 -5209 -3747 2558
247 9015 872 -3813 -5211 -3752 2561
248 9015 871 -3813 -5209 -3749 2559
249 9016 872 -3813 -5210 -3748 2560
250 9013 871 -3816 -5207 -3746 2563
251 9008 871 -3812 -5209 -3744 2561
252 9011 869 -3813 -5204 -3746 2559
253 9008 874 -3810 -5208 -3744 2561
254 9007 874 -3811 -5211 -3746 2563
255 9008 873 -3810 -5208 -3746 2563
256 9008 871 -3812 -5204 -3744 2565
257 9006 872 -3810 -5203 -3742 2562
258 9001 870 -3810 -5203 -3740 2563
259 8999 872 -3809 -5204 -3740 2569
260 9002 874 -3810 -5204 -3740 2565
261 9000 873 -3809 -5204 -3740 2568
262 9002 871 -3808 -5202 -3741 2565
263 8998 874 -3808 -5203 -3741 2564
264 8993 874 -3808 -5198 -3736 2565
265 8994 877 -3807 -5202 -3737 2566
266 8994 878 -3808 -5198 -3737 2569
267 8994 876 -3806 -5200 -3734 2565
268 8993 877 -3803 -5195 -3735 2568
269 8992 879 -3805 -5196 -3738 2570
270 8992 877 -3805 -5200 -3732 2567
271 8989 877 -3806 -5199 -3732 2568
272 8989 878 -3805 -5198 -3734 2575
273 8982 876 -3803 -5198 -3732 2569
274 8982 881 -3803 -5198 -3733 2571
275 8984 879 -3803 -5196 -3732 2572
276 8985 880 -3802 -5197 -3731 2572
277 8984 878 -3800 -5193 -3729 2572
278 8982 880 -3806 -5190 -3727 2573
279 8981 876 -3802 -5189 -3725 2573
280 8981 881 -3800 -5192 -3726 2575
281 8976 882 -3800 -5189 -3726 2575
282 8977 882 -3798 -5187 -3726 2575
283 8977 886 -3798 -5191 -3726 2574
284 8977 882 -3797 -5190 -3723 2577
285 8974 883 -3796 -5186 -3723 2579
286 8972 880 -3792 -5189 -3722 2579
287 8974 884 -3794 -5192 -3722 2577
288 8971 884 -3798 -5188 -3723 2580
289 8972 880 -3797 -5185 -3721 2582
290 8967 884 -3791 -5186 -3721 2584
291 8970 887 -3793 -5184 -3720 2582
292 8966 887 -3791 -5184 -3715 2583
293 8965 888 -3791 -5183 -3718 2584
294 8963 887 -3788 -5182 -3716 2583
295 8962 889 -3790 -5182 -3716 2585
296 8960 887 -3791 -5182 -3715 2587
297 8958 887 -3789 -5185 -3714 2583
298 8962 889 -3788 -5184 -3717 2586
299 8961 890 -3789 -5180 -3715 2586
300 8959 893 -3790 -5181 -3713 2586
301 8956 890 -3785 -5178 -3712 2588
302 8958 890 -3786 -5184 -3716 2591
303 8953 892 -3788 -5182 -3712 2591
304 8953 892 -3782 -5180 -3711 2595
305 8953 893 -3779 -5180 -3712 2592
306 8953 894 -3779 -5182 -3710 2594
307 8950 894 -3783 -5177 -3709 2592
308 8947 895 -3780 -5178 -3708 2595
309 8948 898 -3780 -5180 -3707 2592
310 8949 899 -3777 -5174 -3710 2597
311 8947 897 -3776 -5181 -3705 2597
312 8947 898 -3780 -5176 -3705 2598
313 8947 896 -3777 -5174 -3706 2599
314 8945 900 -3772 -5171 -3701 2601
315 8942 904 -3775 -5173 -3706 2601
316 8944 904 -3770 -5176 -3704 2597
317 8944 902 -3773 -5176 -3702 2602
318 8944 902 -3771 -5176 -3703 2603
319 8941 902 -3770 -5171 -3699 2603
320 8941 908 -3769 -5177 -3701 2601
321 8939 906 -3772 -5172 -3699 2605
322 8939 904 -3768 -5172 -3701 2603
323 8942 907 -3768 -5172 -3700 2606
324 8939 908 -3769 -5172 -3700 2608
325 8936 906 -3764 -5172 -3699 2609
326 8934 906 -3765 -5174 -3699 2608
327 8936 908 -3765 -5174 -3701 2610
328 8934 907 -3762 -5171 -3698 2613
329 8935 907 -3764 -5170 -3696 2612
330 8932 911 -3764 -5173 -3701 2611
331 8932 914 -3764 -5168 -3697 2611
332 8932 912 -3758 -5170 -3694 2616
333 8932 915 -3758 -5168 -3696 2614
334 8932 912 -3758 -5171 -3693 2616
335 8929 914 -3758 -5168 -3698 2617
336 8930 914 -3754 -5166 -3694 2617
337 8930 916 -3758 -5166 -3692 2619
338 8929 917 -3755 -5165 -3689 2625
339 8929 914 -3752 -5167 -3692 2621
340 8927 916 -3752 -5167 -3688 2623
341 8927 919 -3754 -5168 -3691 2622
342 8926 921 -3752 -5165 -3691 2625
343 8927 921 -3751 -5167 -3690 2623
344 8926 920 -3749 -5165 -3692 2627
345 8924 920 -3750 -5165 -3687 2626
346 8924 921 -3749 -5165 -3690 2628
347 8923 922 -3749 -5164 -3688 2628
348 8927 924 -3745 -5166 -3690 2628
349 8922 921 -3747 -5167 -3689 2629
350 8923 923 -3748 -5166 -3690 2629
351 8920 924 -3746 -5166 -3688 2631
352 8917 923 -3744 -5166 -3692 2631
353 8922 923 -3743 -5164 -3689 2631
354 8921 928 -3740 -5164 -3688 2635
355 8918 927 -3742 -5166 -3691 2632
356 8918 925 -3746 -5164 -3685 2633
357 8918 928 -3742 -5165 -3688 2635
358 8916 926 -3742 -5164 -3688 2639
359 8919 929 -3740 -5163 -3687 2635
360 8920 931 -3739 -5162 -3687 2638
361 8918 928 -3737 -5161 -3684 2639
362 8915 932 -3738 -5163 -3684 2637
363 8917 932 -3734 -5161 -3684 2642
364 8917 936 -3734 -5163 -3684 2641
365 8914 934 -3736 -5162 -3683 2643
366 8917 935 -3731 -5161 -3682 2641
367 8915 936 -3730 -5166 -3682 2648
368 8918 932 -3731 -5164 -3682 2643
369 8918 936 -3729 -5160 -3683 2646
370 8918 939 -3728 -5161 -3683 2647
371 8916 938 -3731 -5163 -3682 2648
372 8918 937 -3728 -5164 -3682 2648
373 8916 937 -3727 -5164 -3681 2646
374 8916 939 -3727 -5162 -3680 2652
375 8916 941 -3726 -5164 -3680 2648
376 8915 941 -3726 -5159 -3683 2653
377 8915 941 -3725 -5162 -3680 2653
378 8916 941 -3724 -5162 -3679 2653
379 8911 943 -3724 -5161 -3682 2650
380 8914 944 -3724 -5160 -3678 2656
381 8913 944 -3724 -5162 -3681 2659
382 8914 943 -3721 -5164 -3680 2657
383 8917 943 -3721 -5165 -3680 2658
384 8917 946 -3721 -5158 -3678 2659
385 8914 946 -3719 -5160 -3678 2660
386 8916 948 -3716 -5165 -3681 2659
387 8909 946 -3716 -5162 -3679 2657
388 8916 948 -3718 -5164 -3680 2662
389 8916 950 -3717 -5163 -3678 2663
390 8911 949 -3718 -5161 -3678 2660
391 8914 952 -3714 -5159 -3677 2664
392 8916 955 -3711 -5164 -3682 2663
393 8912 952 -3713 -5161 -3677 2663
394 8913 950 -3710 -5162 -3678 2665
395 8914 955 -3713 -5163 -3678 2666
396 8915 951 -3707 -5165 -3677 2665
397 8914 954 -3709 -5163 -3677 2666
398 8915 952 -3709 -5164 -3677 2666
399 8913 954 -3709 -5163 -3680 2668
400 8913 955 -3708 -5164 -3678 2667
401 8914 959 -3706 -5160 -3678 2671
402 8914 956 -3705 -5163 -3678 2671
403 8914 961 -3705 -5163 -3678 2671
404 8914 959 -3706 -5162 -3676 2674
405 8914 957 -3706 -5162 -3678 2676
406 8912 959 -3704 -5163 -3675 2671
407 8914 958 -3706 -5165 -3675 2673
408 8911 962 -3704 -5160 -3671 2675
409 8916 960 -3701 -5166 -3678 2673
410 8912 961 -3703 -5164 -3677 2676
411 8914 961 -3700 -5165 -3675 2679
412 8912 960 -3700 -5162 -3676 2676
413 8911 964 -3700 -5160 -3677 2678
414 8908 962 -3698 -5163 -3678 2678
415 8910 965 -3698 -5161 -3676 2676
416 8910 965 -3698 -5164 -3678 2677
417 8912 966 -3697 -5162 -3676 2680
418 8916 965 -3698 -5163 -3676 2681
419 8913 966 -3697 -5162 -3673 2680
420 8911 964 -3698 -5164 -3673 2680
421 8914 963 -3695 -5162 -3678 2681
422 8913 966 -3694 -5162 -3675 2680
423 8916 968 -3695 -5162 -3676 2682
424 8914 969 -3697 -5163 -3677 2683
425 8909 968 -3690 -5164 -3675 2685
426 8912 968 -3693 -5162 -3675 2682
427 8910 970 -3693 -5162 -3673 2687
428 8912 967 -3690 -5167 -3675 2684
429 8914 970 -3692 -5165 -3677 2688
430 8912 968 -3691 -5162 -3673 2688
431 8914 972 -3691 -5165 -3676 2686
432 8911 971 -3692 -5164 -3674 2687
433 8910 969 -3690 -5158 -3676 2687
434 8915 974 -3688 -5164 -3672 2684
435 8912 971 -3692 -5164 -3677 2691
436 8912 971 -3691 -5164 -3672 2689
437 8911 972 -3689 -5166 -3673 2692
438 8911 972 -3686 -5160 -3671 2687
439 8911 973 -3689 -5161 -3677 2689
440 8913 972 -3689 -5165 -3675 2689
441 8913 976 -3684 -5162 -3673 2692
442 8910 975 -3689 -5162 -3674 2689
443 8912 975 -3686 -5163 -3671 2693
444 8911 974 -3688 -5165 -3672 2692
445 8912 974 -3688 -5165 -3674 2693
446 8910 976 -3686 -5163 -3675 2689
447 8913 978 -3686 -5165 -3671 2694
448 8912 977 -3683 -5163 -3673 2698
449 8909 978 -3682 -5165 -3674 2696
450 8913 974 -3684 -5164 -3674 2696
451 8910 975 -3687 -5161 -3671 2697
452 8912 977 -3684 -5164 -3671 2697
453 8908 976 -3683 -5161 -3672 2699
454 8910 977 -3682 -5160 -3675 2697
455 8909 978 -3683 -5160 -3674 2699
456 8908 978 -3683 -5164 -3671 2700
457 8908 977 -3682 -5162 -3673 2695
458 8908 978 -3681 -5164 -3673 2698
459 8912 979 -3681 -5160 -3669 2705
460 8908 980 -3678 -5164 -3672 2701
461 8910 980 -3678 -5164 -3672 2701
462 8907 982 -3675 -5164 -3671 2702
463 8907 983 -3678 -5162 -3669 2704
464 8907 981 -3678 -5160 -3671 2703
465 8908 981 -3675 -5162 -3667 2701
466 8908 983 -3677 -5160 -3670 2703
467 8908 982 -3676 -5162 -3672 2704
468 8907 982 -3677 -5161 -3670 2705
469 8908 983 -3677 -5161 -3667 2705
470 8908 985 -3675 -5160 -3669 2701
471 8906 985 -3675 -5161 -3663 2703
472 8904 987 -3674 -5159 -3665 2708
473 8908 986 -3671 -5156 -3666 2707
474 8902 986 -3672 -5158 -3668 2708
475 8905 986 -3671 -5159 -3665 2708
476 8903 987 -3672 -5157 -3665 2708
477 8903 984 -3673 -5160 -3666 2708
478 8903 988 -3669 -5160 -3667 2713
479 8904 988 -3670 -5158 -3665 2710
480 8905 988 -3668 -5157 -3666 2711
481 8903 988 -3669 -5159 -3667 2710
482 8901 988 -3671 -5160 -3662 2711
483 8899 988 -3669 -5159 -3664 2710
484 8903 986 -3669 -5159 -3664 2709
485 8900 994 -3662 -5160 -3666 2710
486 8900 994 -3665 -5160 -3664 2712
487 8901 994 -3665 -5154 -3664 2712
488 8898 991 -3669 -5156 -3661 2714
489 8898 990 -3668 -5157 -3660 2714
490 8898 989 -3664 -5158 -3661 2714
491 8897 994 -3667 -5157 -3662 2713
492 8898 992 -3668 -5155 -3664 2715
493 8897 992 -3664 -5157 -3664 2713
494 8895 991 -3666 -5155 -3663 2715
495 8892 994 -3665 -5153 -3655 2717
496 8894 993 -3665 -5151 -3658 2716
497 8894 993 -3663 -5153 -3659 2717
498 8892 995 -3661 -5152 -3660 2716
499 8893 993 -3663 -5154 -3660 2717
500 8892 994 -3661 -5152 -3659 2720
501 8892 995 -3659 -5153 -3656 2718
502 8891 997 -3660 -5152 -3658 2718
503 8889 995 -3661 -5151 -3657 2718
504 8892 995 -3660 -5150 -3655 2720
505 8887 998 -3656 -5151 -3654 2718
506 8889 995 -3659 -5148 -3656 2720
507 8886 997 -3657 -5149 -3657 2725
508 8890 997 -3656 -5151 -3652 2725
509 8886 997 -3655 -5152 -3657 2722
510 8885 998 -3657 -5151 -3655 2723
511 8886 998 -3656 -5149 -3654 2725
512 8885 999 -3656 -5148 -3654 2724
513 8885 999 -3655 -5147 -3653 2724
514 8883 999 -3656 -5149 -3654 2721
515 8883 1000 -3656 -5148 -3653 2724
516 8883 998 -3655 -5147 -3651 2727
517 8881 1001 -3652 -5148 -3654 2728
518 8879 998 -3652 -5144 -3652 2728
519 8882 1003 -3653 -5147 -3649 2727
520 8880 1001 -3652 -5148 -3650 2729
521 8877 999 -3649 -5148 -3651 2726
522 8875 998 -3652 -5148 -3650 2730
523 8874 1001 -3650 -5147 -3647 2729
524 8874 1001 -3650 -5147 -3649 2729
525 8871 1001 -3653 -5145 -3647 2728
526 8872 1002 -3648 -5144 -3647 2729
527 8871 1003 -3646 -5144 -3645 2731
528 8872 1005 -3642 -5143 -3646 2734
529 8870 1006 -3650 -5143 -3646 2731
530 8870 1004 -3647 -5144 -3646 2733
531 8868 1005 -3646 -5145 -3646 2734
532 8867 1002 -3644 -5144 -3646 2732
533 8871 1007 -3646 -5141 -3643 2734
534 8868 1007 -3643 -5140 -3643 2736
535 8866 1011 -3645 -5139 -3644 2738
536 8867 1012 -3643 -5141 -3641 2738
537 8864 1010 -3640 -5145 -3644 2739
538 8861 1011 -3643 -5140 -3640 2739
539 8864 1013 -3642 -5138 -3642 2742
540 8862 1011 -3639 -5140 -3637 2740
541 8863 1011 -3642 -5138 -3640 2740
542 8859 1009 -3642 -5139 -3639 2739
543 8861 1012 -3639 -5138 -3638 2742
544 8857 1011 -3639 -5137 -3638 2743
545 8858 1017 -3634 -5139 -3639 2742
546 8856 1010 -3637 -5137 -3638 2743
547 8857 1015 -3635 -5138 -3636 2743
548 8858 1015 -3636 -5137 -3635 2747
549 8856 1018 -3635 -5136 -3634 2745
550 8855 1018 -3634 -5136 -3635 2746
551 8852 1017 -3635 -5137 -3634 2747
552 8848 1017 -3632 -5134 -3638 2749
553 8853 1019 -3633 -5135 -3634 2749
554 8852 1017 -3633 -5133 -3633 2748
555 8848 1019 -3629 -5134 -3634 2748
556 8850 1020 -3629 -5133 -3632 2751
557 8845 1018 -3630 -5134 -3632 2751
558 8845 1021 -3627 -5131 -3632 2750
559 8845 1020 -3628 -5133 -3630 2754
560 8846 1023 -3628 -5133 -3629 2755
561 8845 1023 -3626 -5132 -3629 2757
562 8846 1018 -3628 -5130 -3632 2756
563 8843 1023 -3625 -5129 -3628 2754
564 8844 1024 -3626 -5132 -3626 2755
565 8843 1024 -3624 -5131 -3626 2757
566 8842 1029 -3619 -5131 -3625 2761
567 8839 1024 -3622 -5130 -3625 2759
568 8839 1026 -3622 -5128 -3624 2761
569 8841 1027 -3618 -5128 -3625 2757
570 8838 1028 -3618 -5128 -3623 2763
571 8837 1029 -3615 -5131 -3625 2764
572 8839 1028 -3616 -5128 -3622 2765
573 8835 1029 -3618 -5127 -3621 2766
574 8840 1034 -3616 -5126 -3621 2768
575 8836 1033 -3613 -5126 -3616 2769
576 8834 1034 -3615 -5126 -3623 2768
577 8835 1037 -3610 -5121 -3620 2768
578 8832 1036 -3610 -5126 -3618 2772
579 8832 1037 -3609 -5125 -3620 2772
580 8835 1037 -3610 -5126 -3619 2771
581 8831 1035 -3606 -5125 -3617 2773
582 8829 1038 -3609 -5122 -3620 2772
583 8830 1036 -3608 -5126 -3620 2773
584 8831 1034 -3610 -5124 -3619 2774
585 8829 1037 -3607 -5125 -3619 2775
586 8831 1038 -3604 -5122 -3616 2779
587 8831 1040 -3602 -5119 -3616 2776
588 8824 1044 -3602 -5122 -3615 2778
589 8826 1042 -3601 -5120 -3616 2778
590 8829 1044 -3601 -5122 -3613 2780
591 8827 1042 -3601 -5124 -3618 2780
592 8825 1045 -3601 -5122 -3613 2782
593 8824 1047 -3597 -5119 -3614 2784
594 8828 1044 -3596 -5120 -3615 2784
595 8825 1047 -3594 -5121 -3613 2786
596 8823 1045 -3595 -5118 -3611 2786
597 8824 1050 -3595 -5119 -3611 2790
598 8820 1046 -3594 -5119 -3612 2785
599 8824 1053 -3592 -5118 -3612 2790
600 8819 1053 -3591 -5120 -3608 2790
601 8824 1051 -3592 -5121 -3611 2788
602 8820 1053 -3595 -5122 -3609 2792
603 8825 1050 -3592 -5119 -3611 2790
604 8821 1050 -3591 -5121 -3612 2791
605 8819 1053 -3593 -5119 -3611 2791
606 8818 1054 -3589 -5118 -3609 2795
607 8820 1056 -3584 -5120 -3610 2795
608 8820 1056 -3583 -5120 -3608 2796
609 8820 1056 -3585 -5120 -3607 2796
610 8818 1058 -3584 -5119 -3610 2798
611 8819 1058 -3584 -5117 -3607 2797
612 8815 1060 -3581 -5114 -3605 2800
613 8815 1060 -3580 -5117 -3608 2802
614 8815 1060 -3579 -5119 -3607 2801
615 8819 1061 -3582 -5118 -3608 2800
616 8818 1061 -3580 -5116 -3605 2802
617 8818 1061 -3576 -5118 -3605 2805
618 8816 1063 -3577 -5119 -3604 2804
619 8815 1061 -3578 -5118 -3603 2805
620 8816 1065 -3574 -5119 -3607 2804
621 8814 1063 -3573 -5118 -3608 2805
622 8819 1064 -3576 -5119 -3608 2808
623 8818 1066 -3573 -5117 -3608 2810
624 8818 1068 -3573 -5120 -3604 2809
625 8815 1069 -3572 -5119 -3605 2809
626 8814 1070 -3569 -5115 -3603 2813
627 8814 1069 -3571 -5118 -3600 2815
628 8816 1069 -3571 -5117 -3606 2814
629 8816 1069 -3568 -5118 -3607 2812
630 8817 1070 -3570 -5119 -3604 2816
631 8815 1068 -3567 -5121 -3603 2815
632 8818 1072 -3568 -5119 -3606 2816
633 8818 1073 -3565 -5117 -3604 2814
634 8816 1075 -3564 -5118 -3603 2817
635 8816 1072 -3565 -5119 -3605 2816
636 8816 1075 -3566 -5116 -3602 2823
637 8816 1074 -3562 -5121 -3604 2820
638 8816 1075 -3562 -5121 -3601 2821
639 8818 1073 -3559 -5122 -3606 2820
640 8815 1075 -3563 -5122 -3604 2822
641 8816 1079 -3562 -5120 -3604 2822
642 8817 1081 -3557 -5118 -3603 2825
643 8813 1078 -3554 -5121 -3603 2822
644 8821 1079 -3560 -5122 -3605 2823
645 8821 1079 -3556 -5121 -3605 2827
646 8819 1080 -3556 -5123 -3607 2826
647 8819 1085 -3555 -5120 -3604 2827
648 8819 1082 -3557 -5122 -3603 2825
649 8821 1081 -3558 -5118 -3603 2827
650 8819 1081 -3553 -5123 -3606 2830
651 8823 1085 -3552 -5126 -3608 2829
652 8824 1083 -3553 -5123 -3607 2830
653 8822 1083 -3553 -5124 -3605 2829
654 8822 1081 -3552 -5122 -3603 2828
655 8823 1083 -3553 -5124 -3605 2834
656 8823 1088 -3553 -5124 -3608 2834
657 8823 1084 -3551 -5123 -3605 2833
658 8825 1086 -3546 -5128 -3604 2834
659 8821 1086 -3550 -5125 -3607 2835
660 8826 1090 -3549 -5127 -3606 2835
661 8824 1087 -3550 -5123 -3608 2837
662 8824 1087 -3547 -5124 -3604 2836
663 8826 1087 -3548 -5125 -3609 2834
664 8826 1088 -3550 -5128 -3608 2837
665 8826 1085 -3548 -5130 -3610 2836
666 8825 1089 -3547 -5127 -3608 2839
667 8829 1092 -3547 -5126 -3608 2842
668 8830 1090 -3545 -5123 -3606 2840
669 8830 1092 -3544 -5128 -3607 2841
670 8830 1095 -3545 -5126 -3607 2841
671 8830 1095 -3541 -5128 -3609 2841
672 8833 1091 -3540 -5130 -3610 2841
673 8833 1092 -3544 -5130 -3612 2841
674 8830 1090 -3540 -5129 -3608 2840
675 8832 1094 -3543 -5131 -3611 2842
676 8830 1093 -3541 -5134 -3611 2845
677 8831 1095 -3542 -5132 -3610 2843
678 8831 1094 -3541 -5131 -3612 2846
679 8833 1095 -3540 -5132 -3611 2845
680 8836 1096 -3539 -5129 -3612 2844
681 8837 1096 -3541 -5135 -3612 2847
682 8839 1095 -3542 -5134 -3613 2845
683 8839 1096 -3538 -5134 -3608 2843
684 8838 1095 -3540 -5135 -3616 2844
685 8837 1094 -3540 -5133 -3610 2844
686 8841 1098 -3537 -5134 -3614 2847
687 8842 1098 -3535 -5133 -3614 2848
688 8840 1097 -3537 -5133 -3614 2847
689 8845 1096 -3534 -5138 -3614 2847
690 8840 1099 -3538 -5136 -3619 2847
691 8842 1097 -3536 -5137 -3614 2847
692 8844 1099 -3536 -5138 -3614 2848
693 8846 1098 -3536 -5139 -3615 2848
694 8846 1099 -3538 -5139 -3619 2849
695 8849 1101 -3540 -5139 -3620 2848
696 8847 1095 -3537 -5140 -3619 2850
697 8848 1097 -3538 -5139 -3618 2847
698 8844 1099 -3533 -5139 -3620 2846
699 8844 1101 -3538 -5144 -3618 2848
700 8850 1100 -3537 -5142 -3625 2848
701 8852 1100 -3536 -5140 -3620 2849
702 8854 1098 -3536 -5141 -3620 2846
703 8852 1100 -3537 -5144 -3621 2846
704 8854 1100 -3537 -5144 -3621 2849
705 8853 1099 -3533 -5144 -3620 2848
706 8854 1101 -3538 -5141 -3621 2849
707 8855 1101 -3535 -5147 -3620 2846
708 8858 1099 -3535 -5147 -3624 2848
709 8856 1098 -3538 -5145 -3623 2846
710 8856 1100 -3534 -5148 -3625 2848
711 8856 1101 -3537 -5148 -3624 2851
712 8861 1101 -3535 -5145 -3623 2849
713 8859 1098 -3537 -5146 -3625 2848
714 8863 1101 -3538 -5150 -3628 2846
715 8863 1098 -3539 -5145 -3625 2847
716 8866 1103 -3536 -5150 -3629 2851
717 8864 1101 -3536 -5150 -3627 2852
718 8864 1099 -3536 -5148 -3628 2847
719 8864 1101 -3536 -5148 -3627 2848
720 8866 1102 -3537 -5151 -3629 2847
721 8868 1097 -3537 -5151 -3631 2848
722 8867 1101 -3538 -5150 -3631 2846
723 8869 1098 -3539 -5151 -3630 2850
724 8873 1103 -3539 -5153 -3634 2846
725 8871 1099 -3536 -5149 -3631 2847
726 8868 1097 -3540 -5152 -3629 2849
727 8871 1097 -3537 -5154 -3631 2846
728 8869 1100 -3534 -5154 -3634 2847
729 8876 1099 -3540 -5154 -3633 2848
730 8877 1099 -3538 -5155 -3634 2847
731 8875 1100 -3539 -5154 -3633 2848
732 8874 1098 -3539 -5155 -3636 2845
733 8876 1097 -3541 -5154 -3633 2846
734 8875 1098 -3539 -5158 -3635 2846
735 8877 1097 -3540 -5158 -3637 2843
736 8879 1096 -3538 -5158 -3638 2845
737 8883 1103 -3536 -5158 -3636 2848
738 8880 1098 -3537 -5156 -3639 2846
739 8882 1095 -3538 -5156 -3635 2846
740 8878 1100 -3540 -5155 -3634 2843
741 8881 1097 -3540 -5157 -3637 2846
742 8882 1100 -3541 -5163 -3641 2843
743 8885 1099 -3543 -5162 -3640 2846
744 8885 1094 -3542 -5161 -3639 2842
745 8885 1091 -3544 -5162 -3642 2842
746 8885 1095 -3544 -5161 -3642 2842
747 8886 1095 -3543 -5160 -3643 2843
748 8888 1094 -3541 -5162 -3640 2842
749 8890 1096 -3544 -5161 -3640 2843
750 8890 1095 -3545 -5163 -3639 2845
751 8890 1095 -3543 -5159 -3643 2844
752 8889 1096 -3545 -5163 -3641 2842
753 8890 1094 -3546 -5165 -3648 2841
754 8892 1093 -3547 -5162 -3642 2843
755 8892 1096 -3545 -5165 -3645 2839
756 8896 1093 -3545 -5164 -3644 2838
757 8895 1092 -3546 -5166 -3646 2843
758 8893 1094 -3548 -5167 -3647 2838
759 8898 1092 -3545 -5168 -3645 2839
760 8896 1093 -3547 -5170 -3648 2840
761 8896 1095 -3545 -5167 -3646 2838
762 8896 1089 -3547 -5167 -3647 2835
763 8896 1091 -3549 -5168 -3649 2836
764 8900 1093 -3546 -5167 -3651 2837
765 8900 1091 -3550 -5170 -3650 2833
766 8899 1089 -3550 -5166 -3646 2837
767 8900 1090 -3547 -5171 -3651 2834
768 8897 1089 -3552 -5167 -3652 2837
769 8898 1089 -3549 -5167 -3650 2835
770 8900 1090 -3551 -5172 -3651 2833
771 8901 1087 -3552 -5166 -3650 2836
772 8901 1089 -3550 -5172 -3656 2830
773 8904 1090 -3554 -5171 -3650 2833
774 8904 1085 -3554 -5173 -3652 2832
775 8902 1087 -3555 -5170 -3651 2836
776 8903 1085 -3551 -5171 -3651 2832
777 8903 1087 -3556 -5171 -3655 2832
778 8906 1086 -3553 -5174 -3654 2830
779 8906 1085 -3556 -5171 -3656 2831
780 8906 1085 -3557 -5172 -3657 2831
781 8906 1087 -3557 -5174 -3656 2828
782 8906 1086 -3560 -5171 -3653 2829
783 8905 1086 -3556 -5173 -3653 2828
784 8908 1083 -3558 -5172 -3656 2827
785 8908 1084 -3557 -5174 -3656 2825
786 8910 1083 -3560 -5174 -3655 2826
787 8906 1083 -3558 -5174 -3656 2828
788 8908 1083 -3558 -5175 -3655 2826
789 8910 1082 -3562 -5176 -3656 2824
790 8910 1082 -3561 -5173 -3654 2825
791 8908 1083 -3560 -5177 -3657 2828
792 8908 1082 -3560 -5174 -3653 2824
793 8910 1080 -3561 -5175 -3656 2822
794 8911 1077 -3564 -5173 -3656 2825
795 8910 1079 -3563 -5173 -3657 2822
796 8910 1077 -3563 -5176 -3657 2820
797 8911 1078 -3565 -5177 -3658 2819
798 8910 1078 -3563 -5176 -3658 2819
799 8908 1078 -3567 -5176 -3657 2820
800 8911 1077 -3563 -5176 -3658 2821
801 8911 1078 -3563 -5171 -3659 2821
802 8914 1079 -3566 -5176 -3657 2817
803 8913 1077 -3565 -5176 -3659 2819
804 8909 1074 -3568 -5176 -3659 2816
805 8910 1075 -3569 -5174 -3658 2820
806 8914 1075 -3568 -5175 -3658 2818
807 8913 1076 -3567 -5178 -3662 2818
808 8914 1074 -3569 -5175 -3661 2815
809 8911 1071 -3572 -5177 -3661 2813
810 8911 1075 -3571 -5179 -3661 2815
811 8908 1072 -3571 -5179 -3662 2812
812 8914 1072 -3570 -5175 -3659 2812
813 8913 1072 -3570 -5174 -3662 2811
814 8918 1075 -3572 -5176 -3663 2817
815 8915 1073 -3574 -5177 -3661 2814
816 8910 1069 -3575 -5172 -3662 2813
817 8913 1070 -3573 -5173 -3662 2812
818 8915 1075 -3568 -5178 -3665 2813
819 8914 1073 -3573 -5172 -3663 2809
820 8913 1068 -3573 -5176 -3659 2811
821 8913 1069 -3576 -5178 -3662 2809
822 8915 1069 -3571 -5176 -3664 2809
823 8914 1070 -3576 -5174 -3663 2809
824 8918 1071 -3574 -5177 -3665 2808
825 8915 1070 -3573 -5179 -3665 2806
826 8917 1070 -3576 -5180 -3664 2808
827 8915 1067 -3575 -5178 -3660 2809
828 8915 1067 -3575 -5177 -3661 2809
829 8914 1066 -3577 -5176 -3664 2804
830 8916 1070 -3579 -5182 -3664 2807
831 8915 1068 -3578 -5179 -3664 2806
832 8916 1066 -3576 -5178 -3662 2805
833 8918 1065 -3578 -5177 -3663 2806
834 8918 1066 -3578 -5175 -3664 2805
835 8918 1069 -3576 -5176 -3664 2807
836 8916 1070 -3579 -5176 -3664 2805
837 8916 1063 -3581 -5176 -3663 2806
838 8914 1064 -3578 -5176 -3663 2802
839 8914 1067 -3582 -5175 -3662 2803
840 8917 1065 -3581 -5178 -3664 2806
841 8916 1064 -3581 -5176 -3664 2804
842 8916 1067 -3576 -5176 -3663 2805
843 8916 1064 -3579 -5174 -3662 2802
844 8915 1064 -3581 -5177 -3662 2802
845 8916 1066 -3582 -5176 -3662 2801
846 8920 1063 -3581 -5179 -3662 2802
847 8916 1066 -3585 -5178 -3661 2804
848 8916 1064 -3581 -5176 -3662 2803
849 8919 1066 -3579 -5175 -3665 2801
850 8919 1061 -3582 -5174 -3660 2802
851 8918 1063 -3579 -5174 -3662 2804
852 8916 1064 -3580 -5173 -3662 2804
853 8918 1065 -3583 -5175 -3666 2801
854 8921 1062 -3584 -5175 -3662 2798
855 8916 1064 -3582 -5175 -3660 2800
856 8918 1065 -3582 -5177 -3664 2800
857 8917 1064 -3584 -5176 -3661 2801
858 8917 1063 -3583 -5174 -3663 2802
859 8920 1061 -3585 -5174 -3663 2802
860 8917 1063 -3582 -5176 -3664 2800
861 8919 1061 -3581 -5174 -3664 2799
862 8918 1066 -3585 -5177 -3663 2799
863 8917 1063 -3584 -5176 -3664 2797
864 8916 1063 -3582 -5175 -3667 2796
865 8915 1062 -3584 -5176 -3669 2797
866 8917 1059 -3583 -5178 -3663 2797
867 8913 1056 -3589 -5176 -3663 2797
868 8918 1059 -3584 -5177 -3663 2799
869 8918 1061 -3586 -5177 -3664 2799
870 8918 1058 -3586 -5177 -3666 2799
871 8920 1060 -3585 -5179 -3663 2799
872 8919 1059 -3589 -5174 -3665 2797
873 8915 1060 -3584 -5176 -3664 2798
874 8920 1059 -3588 -5173 -3665 2796
875 8921 1057 -3586 -5176 -3665 2797
876 8922 1062 -3587 -5178 -3662 2798
877 8920 1060 -3585 -5179 -3668 2798
878 8923 1061 -3587 -5176 -3668 2795
879 8919 1059 -3590 -5179 -3664 2795
880 8920 1056 -3587 -5176 -3667 2797
881 8920 1061 -3588 -5179 -3667 2797
882 8921 1059 -3588 -5181 -3666 2796
883 8918 1058 -3587 -5180 -3665 2795
884 8920 1055 -3592 -5179 -3666 2795
885 8919 1057 -3592 -5177 -3667 2796
886 8919 1059 -3589 -5178 -3669 2794
887 8919 1055 -3593 -5180 -3666 2792
888 8922 1058 -3591 -5182 -3668 2791
889 8920 1055 -3592 -5180 -3669 2791
890 8925 1056 -3592 -5178 -3674 2793
891 8923 1058 -3592 -5182 -3668 2792
892 8920 1054 -3592 -5179 -3670 2790
893 8921 1058 -3591 -5178 -3667 2793
894 8920 1056 -3594 -5180 -3672 2791
895 8926 1055 -3593 -5180 -3669 2794
896 8924 1056 -3594 -5180 -3668 2791
897 8926 1056 -3590 -5179 -3667 2790
898 8924 1053 -3594 -5182 -3669 2791
899 8926 1053 -3594 -5179 -3669 2791
900 8925 1054 -3591 -5179 -3671 2794
901 8927 1061 -3590 -5179 -3671 2790
902 8927 1055 -3595 -5185 -3670 2791
903 8924 1055 -3593 -5181 -3671 2789
904 8926 1056 -3593 -5178 -3667 2791
905 8926 1056 -3592 -5181 -3671 2786
906 8925 1054 -3595 -5184 -3672 2790
907 8928 1053 -3591 -5181 -3674 2791
908 8930 1056 -3596 -5181 -3672 2788
909 8930 1052 -3597 -5181 -3672 2791
910 8930 1053 -3595 -5183 -3672 2792
911 8929 1052 -3594 -5185 -3671 2786
912 8928 1051 -3592 -5184 -3676 2788
913 8930 1053 -3596 -5183 -3673 2785
914 8931 1055 -3596 -5184 -3674 2787
915 8933 1048 -3595 -5182 -3675 2792
916 8930 1054 -3596 -5187 -3675 2789
917 8934 1053 -3595 -5184 -3677 2787
918 8934 1051 -3594 -5188 -3674 2787
919 8937 1051 -3597 -5182 -3675 2789
920 8934 1053 -3598 -5186 -3677 2787
921 8935 1052 -3597 -5184 -3676 2784
922 8934 1051 -3596 -5188 -3678 2784
923 8934 1053 -3596 -5185 -3678 2787
924 8935 1050 -3597 -5189 -3679 2785
925 8934 1051 -3598 -5188 -3677 2785
926 8939 1052 -3599 -5187 -3678 2784
927 8939 1052 -3597 -5188 -3676 2786
928 8941 1052 -3596 -5187 -3679 2781
929 8942 1051 -3594 -5188 -3679 2786
930 8941 1051 -3600 -5188 -3681 2786
931 8938 1051 -3599 -5186 -3679 2783
932 8939 1050 -3599 -5189 -3679 2785
933 8941 1051 -3601 -5193 -3681 2783
934 8943 1050 -3600 -5191 -3683 2783
935 8944 1052 -3601 -5192 -3681 2782
936 8949 1047 -3600 -5192 -3684 2781
937 8946 1048 -3602 -5189 -3683 2778
938 8947 1049 -3602 -5189 -3683 2780
939 8945 1048 -3599 -5196 -3682 2781
940 8948 1048 -3605 -5191 -3683 2785
941 8948 1049 -3601 -5194 -3685 2781
942 8949 1048 -3603 -5194 -3686 2779
943 8948 1046 -3601 -5196 -3685 2779
944 8950 1047 -3601 -5192 -3686 2781
945 8950 1046 -3603 -5194 -3686 2778
946 8951 1046 -3603 -5196 -3688 2778
947 8956 1044 -3606 -5197 -3688 2776
948 8956 1045 -3604 -5199 -3688 2778
949 8959 1048 -3609 -5197 -3690 2779
950 8956 1045 -3602 -5197 -3690 2778
951 8955 1046 -3605 -5197 -3691 2777
952 8958 1045 -3607 -5197 -3689 2776
953 8959 1045 -3609 -5199 -3691 2775
954 8960 1045 -3606 -5202 -3689 2777
955 8963 1043 -3608 -5200 -3694 2776
956 8962 1044 -3610 -5199 -3694 2770
957 8962 1044 -3611 -5202 -3694 2773
958 8964 1043 -3612 -5202 -3694 2776
959 8964 1039 -3609 -5200 -3698 2773
960 8967 1042 -3609 -5201 -3694 2771
961 8968 1041 -3607 -5203 -3694 2773
962 8966 1042 -3613 -5202 -3697 2773
963 8967 1040 -3613 -5202 -3697 2770
964 8971 1040 -3612 -5209 -3697 2772
965 8970 1038 -3611 -5208 -3696 2770
966 8971 1042 -3614 -5208 -3701 2769
967 8968 1037 -3615 -5208 -3700 2765
968 8972 1035 -3617 -5210 -3701 2767
969 8973 1037 -3616 -5208 -3703 2769
970 8977 1037 -3614 -5207 -3703 2769
971 8979 1039 -3618 -5207 -3699 2770
972 8979 1037 -3615 -5210 -3703 2765
973 8977 1037 -3617 -5211 -3701 2766
974 8978 1035 -3620 -5207 -3704 2764
975 8976 1034 -3616 -5213 -3705 2763
976 8982 1034 -3621 -5210 -3706 2763
977 8984 1033 -3620 -5212 -3709 2760
978 8986 1033 -3623 -5214 -3708 2762
979 8986 1036 -3622 -5213 -3708 2760
980 8986 1032 -3618 -5212 -3709 2761
981 8987 1032 -3625 -5216 -3710 2758
982 8988 1032 -3625 -5214 -3714 2757
983 8990 1030 -3625 -5217 -3711 2761
984 8988 1028 -3624 -5217 -3714 2757
985 8988 1031 -3625 -5216 -3709 2757
986 8991 1028 -3628 -5216 -3716 2756
987 8992 1027 -3628 -5218 -3715 2757
988 8994 1028 -3629 -5218 -3716 2754
989 8994 1030 -3629 -5221 -3716 2755
990 8999 1027 -3633 -5219 -3715 2751
991 9000 1023 -3633 -5220 -3715 2754
992 8996 1025 -3634 -5220 -3718 2750
993 8999 1026 -3631 -5222 -3716 2750
994 9002 1028 -3630 -5222 -3716 2750
995 9003 1022 -3636 -5224 -3720 2748
996 9004 1023 -3635 -5221 -3723 2748
997 9003 1023 -3636 -5220 -3718 2748
998 9006 1021 -3638 -5223 -3723 2748
999 9004 1022 -3638 -5225 -3723 2744
