0 1996 570 1597 -1773 -82 -2408
1 1995 572 1597 -1774 -82 -2410
2 1995 574 1600 -1773 -83 -2414
3 1995 572 1593 -1770 -83 -2410
4 1993 572 1596 -1769 -84 -2409
5 1997 572 1598 -1771 -85 -2408
6 1992 573 1599 -1771 -83 -2410
7 1998 572 1597 -1773 -80 -2409
8 1995 572 1594 -1775 -80 -2412
9 1993 570 1597 -1771 -82 -2409
10 1992 572 1597 -1770 -83 -2410
11 1995 574 1599 -1772 -81 -2414
12 1992 571 1596 -1770 -81 -2411
13 1993 569 1599 -1771 -85 -2410
14 1991 571 1596 -1771 -83 -2410
15 1994 575 1596 -1771 -79 -2409
16 1993 573 1597 -1772 -81 -2411
17 1996 571 1597 -1771 -82 -2411
18 1996 571 1599 -1774 -83 -2412
19 1993 573 1595 -1769 -83 -2411
20 1992 574 1598 -1771 -82 -2411
21 1994 571 1595 -1773 -83 -2411
22 1996 571 1597 -1774 -82 -2409
23 1995 573 1597 -1771 -82 -2411
24 1995 572 1597 -1771 -81 -2412
25 1994 574 1598 -1768 -83 -2413
26 1997 571 1596 -1772 -86 -2412
27 1992 572 1597 -1772 -84 -2412
28 1993 571 1596 -1771 -81 -2412
29 1994 573 1599 -1775 -83 -2410
30 1993 572 1594 -1775 -82 -2410
31 1996 573 1596 -1774 -83 -2412
32 1995 570 1595 -1772 -83 -2411
33 1995 572 1596 -1770 -82 -2412
34 1992 570 1596 -1769 -86 -2410
35 1994 570 1597 -1771 -80 -2410
36 1994 571 1597 -1773 -82 -2413
37 1995 572 1599 -1773 -80 -2411
38 1992 567 1598 -1774 -84 -2411
39 1992 569 1600 -1773 -81 -2411
40 1993 570 1594 -1774 -81 -2412
41 1993 570 1597 -1771 -83 -2410
42 1993 572 1597 -1768 -84 -2412
43 1994 577 1596 -1769 -84 -2412
44 1995 571 1598 -1772 -80 -2410
45 1993 572 1598 -1772 -81 -2413
46 1993 571 1594 -1769 -81 -2409
47 1993 572 1597 -1771 -80 -2408
48 1993 570 1600 -1771 -80 -2409
49 1996 571 1596 -1772 -81 -2412
50 1992 570 1595 -1770 -81 -2413
51 1996 568 1597 -1772 -82 -2410
52 1991 572 1598 -1773 -81 -2410
53 1995 572 1599 -1775 -83 -2412
54 1997 571 1600 -1772 -83 -2412
55 1992 572 1597 -1769 -83 -2410
56 1990 572 1599 -1769 -85 -2410
57 1991 573 1598 -1771 -81 -2409
58 1994 572 1598 -1772 -81 -2409
59 1994 569 1596 -1778 -80 -2409
60 1997 568 1593 -1776 -81 -2413
61 1998 570 1600 -1772 -81 -2409
62 1992 571 1598 -1771 -86 -2410
63 1991 571 1596 -1771 -84 -2411
64 1995 572 1598 -1773 -85 -2412
65 1994 569 1598 -1772 -83 -2412
66 1993 571 1598 -1775 -86 -2410
67 1992 570 1598 -1771 -81 -2409
68 1993 571 1597 -1772 -82 -2409
69 1992 573 1599 -1770 -82 -2410
70 1994 572 1598 -1772 -82 -2415
71 1994 569 1598 -1772 -82 -2413
72 1994 573 1598 -1774 -83 -2412
73 1992 570 1595 -1771 -80 -2410
74 1998 569 1592 -1772 -83 -2409
75 1993 573 1594 -1771 -82 -2412
76 1994 571 1597 -1772 -85 -2410
77 1992 574 1595 -1770 -85 -2409
78 1996 575 1598 -1771 -80 -2411
79 1995 573 1599 -1774 -83 -2413
80 1994 569 1595 -1772 -83 -2410
81 1995 572 1600 -1774 -80 -2410
82 1995 571 1599 -1771 -82 -2412
83 1994 569 1595 -1772 -82 -2411
84 1996 569 1598 -1771 -84 -2409
85 1996 574 1599 -1767 -88 -2413
86 1992 571 1595 -1772 -81 -2413
87 1995 572 1596 -1770 -83 -2408
88 1995 569 1596 -1772 -80 -2411
89 1995 573 1596 -1774 -82 -2411
90 1996 571 1596 -1773 -81 -2410
91 1994 570 1596 -1769 -86 -2413
92 1992 570 1597 -1770 -82 -2409
93 1992 570 1597 -1772 -82 -2411
94 1995 568 1600 -1773 -81 -2411
95 1995 572 1596 -1775 -83 -2412
96 1995 572 1598 -1770 -83 -2411
97 1990 572 1600 -1771 -83 -2411
98 1993 573 1595 -1771 -83 -2409
99 1995 571 1598 -1772 -82 -2410
100 1994 571 1597 -1772 -79 -2408
101 1995 572 1597 -1775 -82 -2411
102 1996 570 1595 -1776 -80 -2412
103 1993 571 1596 -1773 -81 -2412
104 1995 569 1597 -1772 -81 -2412
105 1994 571 1598 -1772 -83 -2411
106 1993 572 1596 -1769 -81 -2409
107 1991 575 1599 -1773 -82 -2411
108 1994 573 1597 -1772 -85 -2409
109 1995 574 1598 -1771 -83 -2411
110 1994 573 1600 -1773 -80 -2412
111 1991 572 1597 -1770 -83 -2412
112 1993 572 1596 -1769 -84 -2412
113 1992 572 1598 -1773 -79 -2412
114 1994 572 1596 -1772 -83 -2412
115 1995 568 1597 -1771 -79 -2412
116 1995 571 1596 -1770 -86 -2411
117 1995 573 1597 -1773 -80 -2412
118 1994 570 1598 -1770 -82 -2414
119 1995 571 1596 -1767 -83 -2412
120 1995 573 1596 -1770 -81 -2409
121 1993 571 1598 -1771 -83 -2408
122 1996 570 1600 -1774 -80 -2411
123 1996 572 1597 -1771 -80 -2411
124 1996 570 1599 -1771 -83 -2413
125 1996 571 1596 -1774 -80 -2411
126 1994 572 1598 -1772 -82 -2409
127 1992 571 1599 -1766 -82 -2414
128 1994 570 1598 -1771 -82 -2413
129 1997 572 1597 -1771 -80 -2410
130 1994 570 1597 -1771 -81 -2408
131 1998 572 1600 -1771 -81 -2410
132 1997 572 1599 -1772 -85 -2410
133 1994 573 1597 -1773 -83 -2413
134 1995 568 1595 -1772 -80 -2411
135 1991 572 1597 -1774 -84 -2408
136 1993 571 1598 -1775 -81 -2410
137 1995 570 1598 -1772 -83 -2411
138 1995 569 1597 -1771 -84 -2414
139 1989 572 1597 -1771 -87 -2413
140 1995 571 1596 -1769 -83 -2412
141 1993 570 1600 -1776 -83 -2413
142 1992 572 1598 -1769 -83 -2412
143 1993 571 1596 -1774 -80 -2412
144 1994 568 1596 -1771 -82 -2411
145 1997 569 1598 -1772 -80 -2409
146 1996 570 1598 -1772 -82 -2411
147 1994 573 1597 -1773 -85 -2411
148 1995 572 1599 -1769 -81 -2412
149 1994 571 1598 -1770 -86 -2411
150 1996 572 1597 -1771 -82 -2410
151 1996 573 1597 -1771 -83 -2408
152 1995 572 1598 -1776 -81 -2410
153 1996 569 1596 -1775 -81 -2413
154 1994 567 1597 -1772 -83 -2412
155 1993 569 1596 -1771 -87 -2413
156 1993 574 1594 -1769 -85 -2407
157 1996 571 1597 -1774 -83 -2415
158 1995 570 1597 -1772 -80 -2413
159 1994 572 1595 -1773 -81 -2408
160 1994 572 1596 -1772 -84 -2413
161 1993 572 1596 -1771 -84 -2411
162 1992 572 1597 -1770 -83 -2411
163 1992 570 1595 -1773 -83 -2416
164 1992 567 1597 -1774 -83 -2413
165 1995 570 1597 -1775 -84 -2410
166 1996 568 1598 -1772 -82 -2410
167 1995 573 1598 -1773 -80 -2411
168 1995 572 1595 -1771 -82 -2414
169 1992 570 1598 -1771 -86 -2412
170 1993 571 1596 -1772 -80 -2409
171 1997 572 1595 -1769 -82 -2410
172 1998 576 1598 -1775 -83 -2412
173 1995 571 1597 -1772 -80 -2415
174 1998 569 1592 -1769 -81 -2412
175 1995 571 1597 -1771 -81 -2411
176 1996 572 1597 -1767 -82 -2412
177 1992 572 1597 -1772 -81 -2410
178 1994 570 1600 -1773 -82 -2414
179 1995 571 1598 -1772 -79 -2407
180 1993 573 1599 -1772 -83 -2409
181 1994 570 1600 -1774 -82 -2409
182 1996 569 1597 -1772 -82 -2409
183 1995 571 1598 -1769 -83 -2412
184 1991 570 1597 -1774 -84 -2410
185 1995 573 1599 -1772 -83 -2410
186 1995 570 1598 -1772 -80 -2410
187 1995 571 1598 -1774 -82 -2411
188 1995 572 1599 -1774 -81 -2411
189 1995 571 1598 -1769 -83 -2409
190 1994 572 1598 -1772 -83 -2408
191 1996 574 1600 -1768 -83 -2411
192 1994 571 1602 -1768 -82 -2411
193 1995 572 1598 -1773 -81 -2411
194 1996 571 1599 -1775 -81 -2411
195 1996 575 1598 -1776 -82 -2408
196 1995 569 1596 -1774 -80 -2410
197 1996 571 1598 -1767 -79 -2409
198 1993 570 1595 -1765 -80 -2407
199 1994 573 1603 -1770 -84 -2412
200 1994 571 1597 -1776 -81 -2410
201 1997 570 1596 -1776 -82 -2409
202 1994 568 1596 -1772 -82 -2410
203 1996 570 1599 -1768 -82 -2411
204 1993 571 1596 -1767 -82 -2412
205 1995 572 1602 -1767 -86 -2411
206 1995 571 1598 -1770 -83 -2412
207 1995 573 1596 -1774 -84 -2413
208 1996 572 1598 -1772 -79 -2410
209 1997 572 1600 -1769 -81 -2412
210 1991 569 1595 -1772 -83 -2411
211 1995 571 1597 -1771 -81 -2410
212 1996 575 1599 -1768 -83 -2409
213 1993 573 1598 -1772 -83 -2413
214 1994 568 1597 -1771 -80 -2412
215 1994 572 1596 -1776 -82 -2411
216 1993 567 1597 -1772 -81 -2412
217 1994 569 1596 -1770 -82 -2409
218 1995 574 1595 -1771 -82 -2412
219 1992 573 1594 -1768 -81 -2413
220 1994 568 1600 -1772 -83 -2413
221 1991 571 1598 -1771 -79 -2410
222 1996 574 1597 -1774 -84 -2411
223 1995 571 1599 -1774 -81 -2412
224 1995 569 1594 -1770 -79 -2414
225 1995 568 1595 -1773 -83 -2413
226 1995 569 1596 -1772 -84 -2411
227 1993 572 1600 -1770 -85 -2410
228 1993 573 1597 -1770 -83 -2411
229 1992 570 1598 -1775 -82 -2408
230 1995 572 1596 -1775 -82 -2412
231 1993 573 1599 -1773 -84 -2410
232 1994 568 1596 -1774 -82 -2411
233 1992 569 1596 -1769 -81 -2411
234 1993 570 1597 -1773 -84 -2410
235 1996 571 1599 -1770 -83 -2411
236 1993 569 1596 -1772 -82 -2410
237 1994 568 1598 -1775 -79 -2411
238 1994 570 1597 -1773 -79 -2412
239 1999 573 1596 -1771 -81 -2414
240 1993 573 1596 -1774 -84 -2411
241 1993 572 1596 -1768 -82 -2411
242 1994 572 1597 -1769 -81 -2409
243 1994 573 1597 -1772 -79 -2412
244 1992 572 1600 -1774 -83 -2413
245 1992 567 1594 -1774 -81 -2413
246 1994 568 1597 -1768 -84 -2411
247 1992 571 1595 -1768 -86 -2413
248 1992 569 1596 -1768 -84 -2414
249 1994 571 1596 -1771 -83 -2410
250 1994 573 1597 -1773 -85 -2411
251 1996 572 1596 -1773 -84 -2410
252 1993 569 1596 -1771 -83 -2413
253 1994 567 1596 -1774 -84 -2412
254 1991 571 1595 -1773 -80 -2414
255 1995 571 1596 -1774 -82 -2411
256 1992 572 1597 -1772 -83 -2413
257 1990 569 1598 -1775 -83 -2412
258 1992 572 1594 -1779 -85 -2412
259 1993 570 1596 -1771 -81 -2411
260 1997 572 1598 -1775 -81 -2411
261 1994 571 1595 -1771 -84 -2410
262 1993 572 1598 -1770 -82 -2414
263 1993 572 1598 -1770 -83 -2413
264 1994 569 1597 -1771 -87 -2412
265 1993 571 1595 -1773 -82 -2409
266 1995 567 1595 -1778 -80 -2412
267 1994 570 1595 -1774 -84 -2411
268 1995 570 1597 -1773 -83 -2412
269 1994 570 1594 -1771 -85 -2415
270 1993 571 1596 -1772 -84 -2413
271 1991 568 1597 -1770 -84 -2410
272 1995 569 1598 -1773 -84 -2412
273 1992 570 1596 -1772 -84 -2414
274 1992 572 1595 -1771 -82 -2412
275 1997 573 1599 -1773 -83 -2412
276 1993 569 1595 -1774 -84 -2410
277 1994 568 1597 -1770 -83 -2412
278 1994 570 1595 -1772 -88 -2414
279 1995 571 1598 -1772 -83 -2413
280 1994 572 1597 -1775 -79 -2411
281 1993 568 1594 -1776 -83 -2412
282 1996 569 1596 -1771 -82 -2413
283 1994 572 1596 -1768 -82 -2413
284 1993 573 1598 -1771 -81 -2411
285 1994 571 1599 -1770 -83 -2414
286 1992 569 1594 -1775 -86 -2414
287 1996 566 1592 -1775 -83 -2411
288 1996 570 1597 -1776 -83 -2412
289 1994 570 1595 -1776 -83 -2410
290 1993 569 1596 -1774 -82 -2416
291 1993 569 1598 -1770 -86 -2416
292 1994 568 1592 -1772 -86 -2415
293 1989 570 1593 -1774 -86 -2415
294 1992 571 1598 -1773 -88 -2414
295 1992 571 1597 -1774 -83 -2411
296 1994 569 1596 -1772 -84 -2413
297 1993 570 1597 -1771 -84 -2413
298 1992 566 1597 -1774 -82 -2414
299 1992 566 1594 -1771 -84 -2413
300 1992 567 1595 -1774 -83 -2412
301 1993 568 1597 -1775 -82 -2412
302 1993 569 1597 -1774 -80 -2415
303 1993 570 1594 -1777 -82 -2411
304 1992 569 1595 -1773 -86 -2411
305 1991 571 1597 -1774 -86 -2412
306 1993 572 1595 -1770 -84 -2412
307 1991 571 1597 -1769 -84 -2414
308 1992 568 1596 -1776 -83 -2415
309 1991 569 1598 -1771 -83 -2409
310 1994 569 1595 -1774 -83 -2409
311 1992 571 1596 -1773 -83 -2411
312 1996 571 1595 -1775 -83 -2416
313 1995 569 1597 -1769 -85 -2411
314 1992 571 1598 -1769 -83 -2414
315 1992 571 1596 -1772 -85 -2412
316 1994 572 1596 -1772 -86 -2413
317 1993 571 1596 -1772 -82 -2411
318 1994 571 1597 -1775 -84 -2411
319 1995 567 1596 -1774 -82 -2411
320 1990 568 1595 -1773 -85 -2414
321 1991 571 1596 -1770 -83 -2413
322 1992 568 1594 -1772 -81 -2414
323 1990 569 1598 -1772 -83 -2412
324 1991 571 1596 -1775 -84 -2415
325 1992 568 1597 -1773 -82 -2412
326 1993 572 1599 -1775 -80 -2410
327 1993 570 1598 -1772 -83 -2415
328 1993 570 1595 -1770 -81 -2414
329 1990 572 1598 -1772 -85 -2410
330 1993 572 1597 -1771 -83 -2413
331 1998 571 1597 -1776 -82 -2412
332 1995 569 1598 -1775 -82 -2415
333 1993 568 1595 -1774 -82 -2412
334 1991 570 1598 -1776 -86 -2415
335 1992 570 1596 -1770 -85 -2412
336 1991 572 1597 -1772 -85 -2415
337 1990 571 1594 -1773 -84 -2411
338 1991 571 1598 -1775 -84 -2415
339 1994 572 1595 -1772 -84 -2410
340 1993 571 1600 -1774 -85 -2414
341 1992 568 1596 -1774 -85 -2411
342 1992 570 1597 -1772 -83 -2414
343 1991 569 1597 -1776 -80 -2411
344 1992 571 1596 -1772 -84 -2412
345 1994 569 1595 -1774 -82 -2412
346 1993 569 1596 -1773 -80 -2411
347 1992 568 1595 -1773 -81 -2406
348 1995 569 1597 -1770 -82 -2409
349 1994 571 1599 -1776 -83 -2414
350 1992 568 1592 -1773 -82 -2413
351 1993 572 1596 -1770 -83 -2410
352 1998 569 1598 -1775 -84 -2412
353 1992 570 1595 -1775 -80 -2413
354 1991 569 1595 -1775 -80 -2413
355 1995 568 1597 -1769 -82 -2414
356 1992 570 1598 -1774 -84 -2409
357 1992 574 1596 -1774 -82 -2413
358 1992 571 1594 -1770 -82 -2411
359 1992 567 1597 -1772 -85 -2412
360 1994 571 1597 -1772 -82 -2410
361 1992 572 1599 -1771 -84 -2414
362 1995 568 1598 -1773 -81 -2412
363 1992 572 1596 -1774 -82 -2413
364 1992 571 1593 -1773 -80 -2410
365 1997 572 1596 -1773 -81 -2412
366 1996 572 1597 -1773 -84 -2411
367 1993 569 1597 -1771 -84 -2414
368 1993 569 1593 -1772 -85 -2413
369 1995 570 1598 -1776 -81 -2408
370 1995 570 1598 -1771 -82 -2411
371 1992 570 1595 -1775 -85 -2414
372 1996 569 1595 -1771 -85 -2409
373 1992 571 1596 -1771 -84 -2413
374 1994 571 1598 -1773 -84 -2410
375 1993 569 1597 -1774 -83 -2414
376 1993 572 1596 -1772 -86 -2411
377 1992 572 1595 -1776 -87 -2413
378 1994 570 1591 -1773 -85 -2413
379 1988 568 1594 -1773 -84 -2413
380 1993 570 1597 -1774 -86 -2411
381 1992 570 1596 -1769 -86 -2412
382 1989 571 1597 -1772 -83 -2413
383 1993 573 1596 -1771 -87 -2411
384 1993 570 1596 -1773 -84 -2414
385 1994 572 1596 -1773 -80 -2415
386 1992 572 1596 -1773 -84 -2412
387 1993 572 1596 -1772 -83 -2408
388 1991 567 1597 -1771 -80 -2412
389 1993 568 1597 -1774 -80 -2411
390 1994 571 1595 -1770 -84 -2412
391 1995 569 1598 -1772 -83 -2413
392 1995 571 1598 -1775 -81 -2411
393 1992 571 1593 -1773 -81 -2409
394 1992 569 1596 -1773 -86 -2413
395 1991 570 1597 -1773 -81 -2411
396 1993 572 1594 -1773 -85 -2413
397 1995 570 1597 -1773 -83 -2410
398 1991 569 1595 -1774 -83 -2414
399 1992 571 1596 -1771 -81 -2412
400 1996 571 1596 -1773 -84 -2412
401 1996 568 1597 -1771 -81 -2410
402 1993 571 1593 -1771 -83 -2410
403 1994 570 1596 -1771 -83 -2413
404 1992 570 1596 -1771 -86 -2414
405 1995 571 1594 -1773 -81 -2414
406 1991 571 1598 -1774 -84 -2416
407 1994 570 1600 -1772 -84 -2410
408 1993 570 1596 -1772 -83 -2413
409 1995 570 1595 -1772 -84 -2412
410 1992 571 1595 -1770 -84 -2410
411 1992 570 1595 -1772 -84 -2413
412 1994 574 1596 -1772 -80 -2412
413 1994 571 1593 -1772 -81 -2410
414 1992 568 1592 -1774 -83 -2413
415 1992 570 1596 -1772 -83 -2412
416 1995 569 1597 -1774 -86 -2410
417 1990 570 1596 -1771 -84 -2410
418 1996 570 1595 -1771 -85 -2411
419 1991 571 1598 -1770 -83 -2412
420 1993 566 1595 -1773 -84 -2411
421 1992 570 1596 -1771 -82 -2413
422 1994 571 1598 -1774 -84 -2413
423 1995 570 1595 -1774 -84 -2412
424 1994 570 1596 -1773 -84 -2414
425 1992 569 1594 -1771 -83 -2414
426 1993 569 1597 -1774 -84 -2411
427 1991 569 1593 -1772 -84 -2412
428 1995 568 1598 -1768 -84 -2413
429 1994 571 1596 -1773 -84 -2411
430 1994 569 1596 -1772 -84 -2410
431 1992 569 1597 -1773 -83 -2410
432 1993 569 1595 -1775 -82 -2407
433 1998 571 1598 -1772 -82 -2409
434 1993 572 1598 -1770 -81 -2412
435 1995 571 1600 -1771 -80 -2414
436 1997 572 1598 -1773 -85 -2409
437 1992 570 1592 -1773 -82 -2414
438 1992 571 1597 -1773 -84 -2412
439 1998 572 1596 -1773 -84 -2416
440 1994 571 1597 -1772 -82 -2410
441 1995 571 1596 -1773 -81 -2412
442 1997 572 1597 -1773 -82 -2413
443 1996 572 1597 -1772 -79 -2411
444 1996 572 1596 -1773 -83 -2414
445 1991 572 1599 -1774 -85 -2414
446 1994 568 1594 -1772 -86 -2412
447 1993 570 1595 -1772 -83 -2413
448 1995 568 1595 -1771 -85 -2414
449 1990 568 1599 -1774 -88 -2411
450 1993 571 1597 -1770 -85 -2412
451 1991 571 1599 -1769 -79 -2413
452 1991 566 1595 -1772 -82 -2413
453 1994 571 1597 -1776 -84 -2412
454 1993 571 1598 -1773 -81 -2410
455 1992 569 1594 -1776 -81 -2412
456 1991 569 1595 -1776 -79 -2408
457 1990 568 1596 -1772 -81 -2414
458 1990 572 1599 -1774 -83 -2413
459 1989 572 1595 -1770 -85 -2413
460 1988 572 1598 -1772 -84 -2413
461 1993 568 1595 -1770 -85 -2413
462 1992 572 1596 -1774 -86 -2410
463 1992 570 1597 -1774 -86 -2410
464 1995 568 1596 -1773 -80 -2411
465 1996 568 1595 -1772 -84 -2413
466 1993 570 1597 -1774 -83 -2410
467 1992 572 1594 -1770 -82 -2417
468 1991 573 1595 -1773 -85 -2412
469 1994 571 1596 -1772 -83 -2410
470 1991 570 1596 -1772 -86 -2411
471 1994 568 1599 -1770 -81 -2410
472 1994 572 1598 -1772 -81 -2412
473 1993 570 1597 -1772 -80 -2411
474 1996 569 1597 -1771 -84 -2409
475 1994 573 1598 -1770 -83 -2410
476 1992 571 1597 -1772 -82 -2414
477 1994 571 1595 -1770 -83 -2414
478 1994 571 1597 -1771 -82 -2411
479 1993 569 1597 -1773 -80 -2409
480 1994 570 1599 -1773 -83 -2413
481 1991 568 1600 -1771 -83 -2411
482 1994 570 1597 -1769 -81 -2411
483 1995 568 1600 -1771 -81 -2414
484 1995 568 1597 -1776 -81 -2410
485 1995 572 1596 -1771 -83 -2411
486 1995 573 1598 -1775 -81 -2409
487 1995 573 1595 -1773 -83 -2414
488 1993 570 1597 -1772 -84 -2410
489 1993 571 1595 -1772 -81 -2409
490 1993 569 1597 -1774 -83 -2414
491 1993 574 1596 -1772 -81 -2411
492 1993 570 1596 -1771 -84 -2412
493 1994 568 1596 -1774 -84 -2412
494 1995 567 1593 -1769 -83 -2412
495 1994 571 1593 -1773 -82 -2411
496 1992 570 1597 -1774 -84 -2412
497 1994 570 1598 -1774 -81 -2412
498 1995 571 1595 -1773 -85 -2414
499 1996 574 1597 -1773 -81 -2412
500 1993 572 1597 -1774 -81 -2416
501 1992 570 1593 -1771 -82 -2412
502 1990 572 1596 -1772 -86 -2411
503 1991 573 1597 -1772 -81 -2411
504 1993 572 1597 -1772 -83 -2411
505 1994 571 1594 -1774 -82 -2412
506 1991 572 1596 -1770 -80 -2412
507 1996 575 1597 -1771 -81 -2413
508 1992 568 1594 -1774 -82 -2412
509 1996 571 1596 -1771 -84 -2412
510 1992 571 1596 -1772 -82 -2413
511 1993 569 1596 -1774 -84 -2410
512 1997 570 1597 -1772 -82 -2409
513 1991 571 1597 -1772 -84 -2412
514 1994 572 1596 -1774 -84 -2412
515 1994 574 1596 -1769 -85 -2413
516 1990 573 1597 -1770 -83 -2412
517 1992 569 1596 -1771 -82 -2413
518 1997 570 1597 -1773 -81 -2412
519 1995 572 1598 -1771 -82 -2411
520 1993 573 1599 -1773 -84 -2411
521 1994 571 1599 -1773 -83 -2414
522 1997 571 1595 -1770 -83 -2411
523 1995 572 1596 -1771 -84 -2411
524 1990 574 1597 -1773 -81 -2412
525 1991 568 1597 -1772 -81 -2412
526 1991 567 1595 -1772 -86 -2414
527 1995 567 1598 -1772 -80 -2413
528 1992 571 1599 -1774 -83 -2412
529 1993 569 1598 -1777 -84 -2415
530 1991 571 1597 -1773 -86 -2413
531 1992 571 1596 -1774 -84 -2411
532 1994 572 1597 -1772 -85 -2411
533 1993 571 1594 -1770 -86 -2412
534 1993 572 1602 -1774 -82 -2411
535 1994 572 1594 -1770 -85 -2411
536 1994 570 1596 -1771 -82 -2413
537 1993 569 1600 -1772 -83 -2410
538 1996 572 1599 -1773 -81 -2410
539 1995 572 1596 -1771 -81 -2411
540 1997 569 1596 -1770 -81 -2411
541 1994 569 1599 -1773 -83 -2410
542 1994 572 1597 -1774 -81 -2410
543 1994 568 1595 -1772 -82 -2412
544 1991 574 1598 -1771 -86 -2412
545 1994 572 1597 -1772 -86 -2411
546 1995 573 1592 -1772 -85 -2414
547 1996 572 1596 -1774 -82 -2412
548 1993 570 1598 -1775 -81 -2412
549 1993 569 1595 -1773 -88 -2410
550 1994 569 1595 -1772 -84 -2413
551 1991 572 1594 -1773 -85 -2412
552 1991 568 1594 -1771 -84 -2414
553 1994 569 1598 -1767 -82 -2413
554 1992 572 1601 -1768 -85 -2413
555 1990 570 1599 -1774 -85 -2413
556 1994 568 1596 -1775 -83 -2413
557 1995 570 1598 -1774 -81 -2414
558 1994 569 1593 -1772 -85 -2410
559 1993 572 1595 -1773 -84 -2411
560 1992 570 1597 -1772 -83 -2413
561 1991 571 1595 -1773 -83 -2411
562 1991 567 1597 -1775 -85 -2411
563 1991 570 1596 -1773 -85 -2412
564 1993 569 1596 -1777 -83 -2411
565 1996 569 1597 -1772 -84 -2411
566 1998 567 1595 -1770 -85 -2415
567 1992 570 1600 -1772 -84 -2412
568 1993 573 1596 -1772 -86 -2411
569 1992 570 1595 -1771 -81 -2412
570 1992 570 1596 -1776 -81 -2412
571 1992 571 1597 -1772 -83 -2410
572 1996 570 1597 -1773 -84 -2413
573 1991 569 1595 -1770 -84 -2412
574 1992 571 1595 -1770 -83 -2413
575 1992 569 1596 -1774 -84 -2413
576 1992 566 1595 -1774 -83 -2412
577 1994 572 1597 -1774 -83 -2413
578 1993 571 1595 -1774 -81 -2412
579 1995 570 1597 -1772 -84 -2411
580 1993 571 1597 -1772 -83 -2410
581 1993 568 1597 -1770 -83 -2411
582 1995 572 1601 -1773 -84 -2409
583 1991 573 1597 -1771 -83 -2414
584 1993 569 1598 -1774 -84 -2414
585 1991 569 1595 -1775 -82 -2409
586 1993 569 1596 -1774 -83 -2412
587 1994 569 1596 -1774 -83 -2411
588 1994 574 1597 -1771 -83 -2412
589 1993 571 1596 -1769 -81 -2412
590 1995 571 1599 -1770 -83 -2411
591 1994 571 1596 -1774 -80 -2411
592 1996 571 1598 -1773 -84 -2412
593 1996 572 1598 -1774 -78 -2412
594 1993 571 1601 -1773 -82 -2413
595 1991 571 1597 -1772 -83 -2413
596 1992 571 1597 -1772 -83 -2413
597 1995 571 1598 -1771 -86 -2413
598 1994 570 1595 -1770 -82 -2413
599 1993 571 1596 -1770 -80 -2410
600 1996 565 1597 -1774 -80 -2410
601 1995 567 1598 -1773 -86 -2414
602 1994 568 1598 -1771 -84 -2413
603 1994 571 1595 -1771 -85 -2414
604 1992 570 1598 -1773 -83 -2416
605 1992 571 1592 -1773 -84 -2412
606 1993 572 1596 -1775 -83 -2411
607 1994 570 1595 -1773 -84 -2408
608 1994 570 1597 -1771 -84 -2411
609 1990 569 1597 -1776 -85 -2413
610 1993 566 1595 -1770 -83 -2412
611 1991 571 1595 -1771 -86 -2414
612 1993 570 1597 -1772 -84 -2410
613 1993 572 1597 -1775 -81 -2410
614 1995 572 1596 -1774 -81 -2411
615 1994 572 1596 -1771 -83 -2412
616 1994 571 1596 -1772 -84 -2413
617 1992 569 1594 -1774 -85 -2412
618 1993 576 1598 -1771 -84 -2410
619 1992 571 1599 -1774 -80 -2409
620 1996 572 1596 -1772 -81 -2411
621 1996 569 1594 -1775 -82 -2410
622 1994 570 1598 -1774 -83 -2410
623 1993 571 1598 -1775 -82 -2411
624 1999 570 1594 -1772 -80 -2411
625 1993 568 1597 -1773 -83 -2415
626 1990 568 1598 -1772 -85 -2414
627 1993 569 1596 -1775 -87 -2415
628 1993 570 1597 -1773 -84 -2410
629 1994 570 1598 -1770 -80 -2410
630 1992 567 1599 -1772 -83 -2414
631 1993 571 1597 -1772 -84 -2412
632 1994 569 1599 -1774 -81 -2412
633 1993 572 1598 -1774 -81 -2410
634 1994 571 1596 -1770 -84 -2413
635 1995 570 1598 -1771 -82 -2414
636 1995 571 1595 -1774 -81 -2414
637 1994 570 1598 -1770 -84 -2410
638 1994 572 1599 -1768 -83 -2410
639 1994 573 1600 -1774 -85 -2414
640 1991 571 1594 -1771 -85 -2412
641 1995 567 1593 -1776 -82 -2414
642 1994 569 1594 -1776 -80 -2409
643 1993 570 1598 -1775 -81 -2411
644 1992 571 1598 -1772 -81 -2413
645 1994 570 1599 -1773 -80 -2412
646 1991 569 1595 -1774 -83 -2415
647 1993 570 1598 -1770 -82 -2413
648 1992 572 1595 -1770 -83 -2412
649 1997 570 1596 -1770 -84 -2411
650 1992 571 1597 -1771 -78 -2412
651 1993 571 1596 -1771 -83 -2415
652 1994 568 1596 -1773 -83 -2410
653 1992 571 1596 -1770 -81 -2411
654 1993 573 1597 -1773 -79 -2414
655 1993 569 1596 -1776 -85 -2413
656 1993 570 1597 -1769 -84 -2410
657 1996 570 1597 -1773 -82 -2412
658 1996 571 1596 -1771 -84 -2409
659 1994 573 1598 -1771 -83 -2413
660 1994 570 1598 -1770 -81 -2416
661 1994 570 1596 -1771 -83 -2410
662 1992 571 1596 -1772 -84 -2411
663 1993 573 1596 -1778 -83 -2409
664 1995 571 1600 -1776 -79 -2410
665 1997 569 1595 -1772 -81 -2410
666 1994 572 1596 -1774 -85 -2411
667 1994 569 1598 -1769 -82 -2411
668 1992 572 1600 -1772 -82 -2411
669 1992 570 1595 -1771 -85 -2410
670 1992 571 1598 -1770 -83 -2410
671 1995 569 1595 -1774 -82 -2412
672 1997 572 1597 -1776 -80 -2412
673 1995 573 1596 -1774 -83 -2411
674 1994 569 1597 -1770 -83 -2412
675 1991 570 1596 -1771 -84 -2413
676 1994 570 1599 -1773 -86 -2412
677 1992 571 1596 -1774 -82 -2411
678 1997 571 1596 -1776 -81 -2411
679 1996 569 1596 -1769 -81 -2411
680 1994 571 1597 -1770 -83 -2414
681 1992 570 1596 -1771 -85 -2412
682 1994 571 1600 -1772 -83 -2414
683 1993 574 1597 -1772 -79 -2411
684 1997 570 1597 -1772 -83 -2412
685 1993 570 1600 -1772 -81 -2410
686 1996 572 1594 -1770 -86 -2416
687 1995 572 1596 -1769 -82 -2414
688 1994 568 1594 -1771 -84 -2409
689 1997 570 1597 -1770 -84 -2410
690 1994 576 1595 -1770 -83 -2412
691 1991 572 1597 -1772 -80 -2413
692 1993 572 1593 -1772 -84 -2411
693 1995 570 1598 -1775 -80 -2408
694 1996 571 1599 -1771 -83 -2409
695 1992 571 1598 -1772 -82 -2412
696 1994 565 1597 -1772 -87 -2413
697 1991 570 1596 -1773 -82 -2412
698 1993 570 1594 -1771 -81 -2413
699 1994 572 1598 -1778 -82 -2412
700 1996 568 1596 -1775 -81 -2411
701 1993 569 1598 -1775 -84 -2413
702 1992 572 1595 -1775 -83 -2410
703 1991 567 1596 -1773 -85 -2413
704 1994 572 1596 -1774 -83 -2412
705 1992 570 1594 -1771 -85 -2414
706 1992 571 1597 -1775 -84 -2410
707 1992 569 1595 -1773 -81 -2409
708 1996 572 1595 -1772 -81 -2410
709 1993 569 1598 -1772 -83 -2410
710 1992 570 1597 -1771 -84 -2414
711 1992 570 1598 -1775 -84 -2412
712 1994 570 1596 -1772 -81 -2412
713 1994 570 1596 -1772 -83 -2413
714 1994 571 1598 -1772 -86 -2412
715 1996 570 1597 -1772 -86 -2411
716 1994 567 1595 -1770 -84 -2410
717 1994 571 1596 -1773 -82 -2409
718 1993 571 1597 -1773 -84 -2412
719 1992 572 1598 -1775 -84 -2410
720 1994 571 1596 -1770 -83 -2411
721 1992 571 1595 -1768 -83 -2413
722 1993 571 1597 -1773 -83 -2412
723 1996 570 1599 -1769 -80 -2412
724 1992 571 1597 -1771 -80 -2411
725 1993 570 1596 -1774 -81 -2410
726 1992 570 1598 -1771 -85 -2413
727 1993 570 1596 -1772 -85 -2411
728 1994 570 1598 -1772 -85 -2412
729 1996 570 1595 -1773 -85 -2410
730 1994 571 1597 -1774 -84 -2410
731 1994 573 1598 -1772 -82 -2414
732 1996 572 1594 -1774 -84 -2411
733 1992 568 1596 -1770 -82 -2412
734 1993 572 1597 -1770 -83 -2414
735 1995 566 1595 -1772 -85 -2414
736 1993 569 1597 -1774 -82 -2414
737 1993 572 1596 -1769 -82 -2410
738 1993 569 1599 -1772 -78 -2412
739 1995 570 1596 -1771 -83 -2411
740 1993 571 1599 -1772 -84 -2415
741 1989 571 1594 -1771 -83 -2415
742 1994 570 1599 -1772 -85 -2412
743 1995 571 1597 -1776 -86 -2413
744 1994 570 1594 -1775 -83 -2411
745 1994 570 1596 -1774 -82 -2411
746 1994 570 1596 -1774 -86 -2415
747 1991 571 1595 -1772 -81 -2414
748 1992 569 1595 -1774 -81 -2413
749 1992 571 1599 -1771 -85 -2412
750 1992 570 1594 -1774 -85 -2412
751 1993 572 1595 -1774 -87 -2414
752 1992 570 1593 -1776 -85 -2410
753 1993 567 1594 -1774 -83 -2414
754 1994 567 1595 -1776 -84 -2411
755 1997 571 1595 -1773 -84 -2412
756 1992 570 1597 -1772 -84 -2412
757 1992 568 1597 -1775 -87 -2412
758 1989 570 1594 -1773 -86 -2416
759 1989 570 1594 -1772 -84 -2411
760 1993 570 1597 -1774 -85 -2412
761 1993 570 1596 -1772 -84 -2408
762 1992 569 1594 -1773 -85 -2415
763 1991 569 1595 -1773 -83 -2410
764 1991 569 1598 -1773 -86 -2414
765 1992 568 1596 -1772 -83 -2414
766 1996 571 1596 -1776 -81 -2411
767 1993 570 1597 -1775 -84 -2418
768 1993 569 1594 -1774 -83 -2411
769 1992 569 1596 -1773 -84 -2416
770 1994 573 1596 -1773 -84 -2413
771 1994 569 1599 -1774 -85 -2414
772 1991 571 1598 -1773 -85 -2415
773 1992 570 1594 -1774 -80 -2411
774 1991 567 1593 -1773 -83 -2414
775 1990 570 1597 -1779 -81 -2410
776 1992 569 1592 -1773 -83 -2413
777 1993 569 1592 -1773 -85 -2416
778 1989 570 1595 -1771 -83 -2416
779 1992 570 1598 -1771 -85 -2412
780 1989 570 1597 -1771 -84 -2414
781 1993 568 1597 -1769 -82 -2410
782 1994 574 1596 -1776 -84 -2410
783 1994 568 1597 -1776 -84 -2412
784 1992 572 1596 -1774 -82 -2414
785 1991 569 1598 -1772 -84 -2414
786 1990 568 1594 -1774 -85 -2413
787 1996 571 1598 -1774 -83 -2412
788 1992 565 1595 -1774 -83 -2414
789 1995 570 1596 -1776 -82 -2409
790 1992 571 1598 -1773 -80 -2412
791 1991 570 1597 -1774 -85 -2415
792 1994 573 1595 -1769 -86 -2413
793 1993 570 1594 -1772 -86 -2411
794 1993 573 1597 -1774 -82 -2411
795 1990 569 1595 -1774 -83 -2410
796 1994 570 1596 -1773 -84 -2411
797 1992 569 1594 -1775 -82 -2416
798 1995 567 1596 -1773 -81 -2412
799 1993 570 1595 -1775 -84 -2412
800 1995 570 1596 -1771 -84 -2415
801 1989 571 1594 -1771 -86 -2413
802 1992 570 1597 -1775 -83 -2414
803 1991 572 1596 -1774 -85 -2414
804 1992 568 1593 -1773 -81 -2412
805 1992 573 1594 -1775 -85 -2415
806 1993 570 1594 -1774 -86 -2413
807 1993 567 1593 -1775 -83 -2410
808 1991 570 1596 -1773 -82 -2414
809 1995 572 1596 -1774 -85 -2412
810 1993 569 1597 -1773 -82 -2413
811 1996 569 1599 -1774 -82 -2413
812 1993 570 1598 -1773 -83 -2412
813 1990 567 1596 -1772 -86 -2413
814 1991 571 1598 -1770 -84 -2414
815 1988 575 1595 -1772 -83 -2413
816 1994 568 1595 -1772 -86 -2410
817 1994 567 1595 -1771 -83 -2412
818 1991 571 1598 -1774 -84 -2415
819 1992 571 1595 -1776 -83 -2413
820 1990 568 1592 -1774 -83 -2414
821 1991 567 1594 -1772 -85 -2414
822 1990 569 1596 -1776 -83 -2414
823 1993 572 1597 -1772 -82 -2410
824 1995 570 1598 -1773 -86 -2413
825 1992 571 1597 -1773 -82 -2410
826 1994 575 1601 -1774 -84 -2410
827 1993 569 1595 -1772 -83 -2412
828 1997 570 1594 -1772 -81 -2411
829 1992 567 1593 -1772 -82 -2412
830 1994 567 1593 -1773 -84 -2413
831 1992 570 1594 -1771 -80 -2413
832 1995 572 1600 -1775 -84 -2413
833 1994 570 1594 -1773 -80 -2412
834 1993 569 1592 -1771 -84 -2410
835 1995 571 1599 -1769 -82 -2413
836 1991 571 1595 -1775 -84 -2414
837 1994 574 1596 -1770 -85 -2416
838 1990 572 1597 -1773 -84 -2412
839 1992 570 1599 -1772 -83 -2413
840 1992 569 1595 -1774 -83 -2411
841 1994 569 1596 -1773 -80 -2412
842 1992 568 1597 -1775 -83 -2411
843 1995 568 1598 -1772 -83 -2412
844 1993 570 1598 -1776 -85 -2410
845 1994 568 1597 -1774 -81 -2415
846 1994 569 1598 -1773 -82 -2414
847 1993 570 1595 -1772 -84 -2411
848 1994 570 1597 -1775 -84 -2412
849 1993 571 1595 -1769 -84 -2415
850 1993 570 1598 -1771 -82 -2414
851 1993 569 1599 -1772 -82 -2412
852 1995 569 1597 -1780 -80 -2406
853 1996 570 1595 -1773 -83 -2413
854 1996 569 1599 -1773 -84 -2413
855 1994 569 1595 -1776 -81 -2412
856 1993 571 1595 -1773 -84 -2413
857 1989 571 1597 -1772 -82 -2410
858 1989 570 1596 -1770 -83 -2411
859 1992 569 1596 -1768 -84 -2413
860 1992 570 1598 -1774 -86 -2413
861 1992 570 1592 -1773 -85 -2415
862 1990 568 1592 -1773 -80 -2413
863 1992 570 1598 -1773 -82 -2410
864 1993 569 1594 -1772 -84 -2413
865 1992 569 1596 -1772 -85 -2414
866 1992 570 1595 -1773 -84 -2415
867 1994 570 1596 -1772 -85 -2413
868 1990 569 1595 -1773 -83 -2412
869 1993 568 1596 -1774 -83 -2412
870 1992 572 1599 -1771 -84 -2413
871 1992 571 1593 -1769 -84 -2410
872 1994 571 1594 -1772 -84 -2416
873 1994 570 1595 -1773 -86 -2410
874 1994 571 1595 -1777 -83 -2410
875 1991 573 1594 -1775 -84 -2414
876 1992 567 1596 -1775 -82 -2411
877 1991 571 1598 -1772 -84 -2413
878 1991 570 1596 -1772 -84 -2410
879 1992 570 1596 -1770 -82 -2409
880 1995 570 1595 -1774 -81 -2415
881 1993 569 1595 -1772 -84 -2414
882 1992 570 1598 -1772 -86 -2414
883 1993 568 1595 -1772 -85 -2411
884 1993 570 1598 -1773 -84 -2416
885 1996 569 1597 -1774 -82 -2412
886 1992 564 1595 -1775 -86 -2418
887 1990 570 1592 -1773 -83 -2412
888 1996 569 1593 -1774 -84 -2416
889 1991 569 1596 -1773 -84 -2413
890 1990 566 1597 -1771 -84 -2413
891 1993 574 1597 -1775 -86 -2413
892 1994 569 1595 -1774 -82 -2416
893 1994 571 1592 -1772 -85 -2411
894 1990 573 1597 -1770 -82 -2415
895 1993 570 1598 -1773 -83 -2415
896 1993 570 1597 -1773 -85 -2413
897 1994 569 1597 -1774 -83 -2412
898 1991 570 1596 -1774 -83 -2414
899 1990 572 1598 -1775 -82 -2416
900 1993 568 1595 -1770 -82 -2412
901 1992 566 1594 -1773 -85 -2414
902 1995 570 1595 -1774 -85 -2414
903 1994 568 1594 -1774 -83 -2409
904 1991 569 1596 -1773 -83 -2411
905 1994 568 1596 -1774 -84 -2412
906 1992 570 1597 -1775 -84 -2412
907 1992 568 1594 -1772 -84 -2415
908 1994 570 1598 -1774 -86 -2414
909 1992 572 1599 -1773 -85 -2410
910 1994 570 1597 -1775 -81 -2414
911 1992 569 1594 -1775 -86 -2413
912 1990 570 1593 -1771 -82 -2409
913 1988 569 1594 -1772 -86 -2412
914 1995 568 1598 -1774 -82 -2414
915 1992 571 1597 -1773 -83 -2412
916 1992 570 1595 -1772 -82 -2409
917 1992 569 1596 -1774 -83 -2410
918 1994 573 1596 -1774 -84 -2413
919 1993 568 1598 -1770 -84 -2414
920 1991 569 1597 -1773 -82 -2411
921 1996 570 1597 -1773 -85 -2413
922 1995 568 1595 -1774 -83 -2413
923 1993 571 1598 -1771 -81 -2413
924 1991 571 1599 -1775 -82 -2412
925 1990 568 1596 -1774 -83 -2413
926 1992 571 1598 -1777 -82 -2417
927 1996 566 1596 -1774 -85 -2412
928 1992 572 1598 -1773 -84 -2412
929 1992 573 1595 -1772 -85 -2412
930 1994 571 1597 -1774 -82 -2414
931 1995 566 1599 -1773 -82 -2415
932 1994 570 1596 -1776 -85 -2413
933 1994 571 1597 -1773 -84 -2413
934 1992 572 1597 -1772 -85 -2412
935 1991 569 1596 -1774 -86 -2415
936 1992 567 1596 -1770 -85 -2413
937 1993 572 1592 -1772 -84 -2412
938 1993 571 1596 -1773 -86 -2410
939 1993 572 1594 -1770 -83 -2410
940 1994 569 1596 -1775 -83 -2412
941 1992 570 1598 -1773 -85 -2413
942 1992 570 1596 -1773 -85 -2412
943 1993 573 1597 -1771 -83 -2415
944 1994 567 1594 -1772 -82 -2411
945 1992 569 1597 -1774 -82 -2414
946 1995 564 1596 -1775 -85 -2414
947 1994 569 1596 -1776 -83 -2412
948 1992 571 1596 -1774 -86 -2414
949 1991 572 1594 -1771 -84 -2413
950 1991 572 1594 -1772 -83 -2414
951 1991 568 1593 -1775 -85 -2412
952 1991 568 1597 -1773 -87 -2412
953 1994 570 1594 -1774 -85 -2414
954 1996 570 1597 -1776 -83 -2412
955 1994 570 1597 -1774 -84 -2412
956 1992 570 1597 -1773 -85 -2412
957 1994 569 1596 -1769 -85 -2416
958 1992 568 1593 -1771 -83 -2412
959 1992 568 1595 -1775 -83 -2412
960 1994 569 1596 -1776 -80 -2411
961 1995 569 1595 -1774 -82 -2413
962 1993 567 1596 -1776 -83 -2410
963 1992 569 1595 -1773 -84 -2409
964 1992 568 1594 -1772 -82 -2411
965 1994 568 1596 -1769 -82 -2411
966 1991 567 1595 -1774 -82 -2411
967 1992 572 1595 -1773 -83 -2414
968 1993 569 1595 -1772 -85 -2416
969 1993 568 1595 -1770 -82 -2412
970 1991 569 1595 -1771 -85 -2413
971 1990 574 1599 -1772 -86 -2412
972 1993 572 1597 -1772 -85 -2414
973 1994 569 1597 -1772 -81 -2412
974 1993 573 1599 -1774 -79 -2413
975 1992 567 1597 -1777 -86 -2411
976 1991 569 1595 -1778 -82 -2417
977 1993 566 1595 -1775 -86 -2413
978 1990 569 1596 -1776 -85 -2414
979 1991 570 1595 -1769 -83 -2415
980 1991 573 1596 -1770 -86 -2413
981 1991 570 1594 -1773 -84 -2414
982 1995 572 1596 -1777 -86 -2411
983 1991 570 1594 -1774 -85 -2413
984 1994 569 1595 -1774 -84 -2412
985 1992 568 1597 -1774 -83 -2412
986 1993 569 1594 -1772 -83 -2414
987 1993 569 1594 -1774 -84 -2414
988 1992 566 1593 -1772 -81 -2416
989 1991 569 1595 -1775 -82 -2409
990 1995 568 1597 -1775 -83 -2412
991 1994 571 1598 -1773 -81 -2412
992 1993 570 1595 -1771 -83 -2412
993 1989 569 1599 -1773 -88 -2415
994 1992 570 1594 -1769 -85 -2412
995 1993 569 1597 -1776 -85 -2413
996 1992 566 1596 -1777 -83 -2415
997 1993 569 1594 -1775 -84 -2412
998 1995 568 1593 -1770 -84 -2412
999 1990 572 1597 -1771 -85 -2413
0 5113 -4809 1619 -8470 3319 3357
1 5115 -4806 1621 -8466 3320 3359
2 5111 -4806 1623 -8464 3321 3360
3 5111 -4807 1620 -8466 3315 3357
4 5115 -4810 1621 -8468 3317 3356
5 5112 -4810 1619 -8469 3316 3355
6 5114 -4809 1620 -8470 3319 3357
7 5111 -4806 1619 -8467 3320 3355
8 5108 -4810 1618 -8465 3317 3355
9 5114 -4809 1618 -8466 3320 3353
10 5111 -4808 1620 -8464 3318 3356
11 5115 -4810 1620 -8463 3316 3357
12 5116 -4805 1619 -8465 3324 3355
13 5113 -4809 1619 -8463 3316 3355
14 5112 -4809 1620 -8462 3316 3355
15 5113 -4806 1616 -8463 3315 3355
16 5109 -4808 1620 -8459 3321 3355
17 5113 -4806 1620 -8466 3317 3352
18 5110 -4811 1616 -8463 3315 3353
19 5112 -4808 1618 -8463 3316 3354
20 5110 -4809 1617 -8463 3318 3355
21 5112 -4812 1618 -8461 3318 3358
22 5112 -4807 1619 -8461 3316 3357
23 5112 -4808 1624 -8460 3317 3355
24 5112 -4809 1617 -8461 3318 3355
25 5110 -4809 1617 -8461 3317 3357
26 5110 -4811 1618 -8462 3319 3355
27 5109 -4810 1617 -8459 3318 3358
28 5112 -4812 1619 -8460 3316 3355
29 5111 -4808 1618 -8459 3316 3356
30 5108 -4808 1619 -8461 3318 3354
31 5111 -4810 1616 -8459 3318 3356
32 5110 -4809 1621 -8462 3314 3357
33 5112 -4807 1620 -8460 3318 3356
34 5112 -4807 1619 -8457 3316 3356
35 5111 -4811 1615 -8458 3315 3356
36 5112 -4808 1618 -8462 3318 3354
37 5112 -4808 1616 -8462 3316 3357
38 5110 -4808 1617 -8459 3316 3356
39 5109 -4812 1617 -8460 3312 3355
40 5111 -4810 1616 -8459 3316 3356
41 5110 -4811 1617 -8457 3315 3357
42 5111 -4810 1616 -8458 3318 3352
43 5111 -4809 1619 -8454 3316 3356
44 5114 -4808 1621 -8456 3318 3356
45 5113 -4809 1616 -8457 3315 3354
46 5109 -4809 1615 -8456 3314 3352
47 5111 -4810 1618 -8454 3316 3355
48 5112 -4816 1616 -8452 3317 3352
49 5111 -4811 1619 -8458 3314 3352
50 5112 -4811 1616 -8458 3315 3357
51 5111 -4810 1616 -8458 3314 3354
52 5112 -4811 1616 -8454 3315 3355
53 5109 -4809 1618 -8452 3316 3354
54 5109 -4809 1613 -8453 3315 3354
55 5112 -4809 1615 -8451 3313 3357
56 5107 -4813 1618 -8455 3311 3354
57 5111 -4811 1616 -8455 3314 3355
58 5111 -4809 1617 -8456 3313 3354
59 5112 -4813 1617 -8454 3311 3354
60 5111 -4809 1615 -8453 3314 3353
61 5109 -4810 1614 -8452 3313 3353
62 5110 -4813 1614 -8452 3312 3353
63 5110 -4810 1614 -8452 3315 3354
64 5112 -4813 1615 -8454 3311 3355
65 5109 -4810 1615 -8454 3312 3351
66 5109 -4809 1617 -8449 3310 3354
67 5110 -4812 1614 -8449 3314 3355
68 5108 -4812 1615 -8449 3314 3349
69 5108 -4810 1616 -8451 3312 3355
70 5108 -4811 1615 -8451 3311 3354
71 5110 -4812 1618 -8450 3313 3353
72 5108 -4812 1613 -8450 3312 3353
73 5108 -4812 1616 -8450 3313 3351
74 5105 -4810 1614 -8450 3307 3353
75 5109 -4811 1616 -8447 3309 3352
76 5105 -4813 1616 -8452 3308 3353
77 5107 -4809 1618 -8450 3311 3351
78 5109 -4812 1612 -8447 3310 3351
79 5109 -4809 1615 -8449 3311 3351
80 5106 -4815 1613 -8453 3309 3352
81 5106 -4817 1614 -8447 3309 3352
82 5105 -4812 1615 -8449 3311 3351
83 5104 -4812 1613 -8445 3307 3349
84 5104 -4812 1616 -8445 3310 3354
85 5108 -4811 1615 -8448 3310 3352
86 5106 -4812 1614 -8450 3313 3354
87 5109 -4815 1612 -8447 3311 3351
88 5107 -4812 1612 -8445 3311 3352
89 5105 -4813 1613 -8443 3310 3350
90 5107 -4814 1618 -8445 3308 3352
91 5108 -4812 1615 -8446 3311 3351
92 5104 -4814 1616 -8445 3309 3352
93 5105 -4811 1615 -8442 3309 3353
94 5106 -4812 1615 -8440 3307 3352
95 5104 -4813 1612 -8439 3309 3349
96 5106 -4811 1612 -8441 3307 3350
97 5103 -4816 1614 -8440 3310 3350
98 5106 -4810 1611 -8443 3308 3352
99 5105 -4813 1612 -8441 3309 3348
100 5106 -4813 1611 -8442 3306 3352
101 5103 -4813 1615 -8443 3306 3350
102 5099 -4816 1611 -8443 3308 3348
103 5102 -4814 1610 -8439 3306 3352
104 5104 -4812 1610 -8439 3308 3353
105 5102 -4811 1615 -8438 3307 3349
106 5102 -4816 1613 -8439 3307 3351
107 5102 -4815 1615 -8441 3307 3349
108 5104 -4812 1611 -8436 3304 3349
109 5102 -4816 1612 -8437 3308 3352
110 5104 -4815 1613 -8437 3305 3351
111 5102 -4814 1613 -8436 3304 3352
112 5103 -4811 1616 -8435 3305 3349
113 5103 -4814 1615 -8431 3307 3351
114 5102 -4813 1613 -8431 3309 3354
115 5101 -4810 1615 -8432 3303 3353
116 5103 -4812 1615 -8432 3306 3349
117 5104 -4809 1616 -8428 3307 3353
118 5105 -4808 1616 -8429 3310 3352
119 5106 -4811 1616 -8430 3305 3356
120 5106 -4809 1616 -8430 3306 3350
121 5104 -4809 1615 -8428 3305 3354
122 5103 -4810 1613 -8428 3306 3351
123 5106 -4811 1615 -8428 3304 3348
124 5100 -4812 1612 -8429 3302 3351
125 5104 -4812 1618 -8426 3306 3351
126 5100 -4812 1615 -8426 3304 3351
127 5102 -4812 1614 -8427 3303 3351
128 5101 -4809 1613 -8423 3304 3351
129 5099 -4813 1613 -8428 3306 3351
130 5104 -4811 1613 -8428 3303 3350
131 5100 -4812 1613 -8424 3302 3349
132 5101 -4813 1613 -8425 3304 3351
133 5101 -4813 1613 -8425 3301 3348
134 5102 -4814 1612 -8420 3301 3352
135 5095 -4813 1613 -8421 3300 3350
136 5100 -4815 1611 -8421 3302 3348
137 5099 -4810 1612 -8424 3301 3349
138 5098 -4812 1612 -8424 3301 3350
139 5100 -4810 1612 -8422 3300 3348
140 5096 -4812 1611 -8421 3299 3349
141 5100 -4813 1610 -8418 3301 3352
142 5097 -4815 1613 -8420 3299 3350
143 5099 -4814 1615 -8421 3299 3347
144 5096 -4814 1612 -8420 3299 3347
145 5100 -4813 1613 -8418 3298 3347
146 5094 -4812 1613 -8417 3299 3348
147 5100 -4813 1611 -8414 3298 3350
148 5094 -4816 1612 -8415 3297 3347
149 5099 -4813 1612 -8414 3299 3346
150 5099 -4817 1615 -8413 3299 3349
151 5095 -4814 1609 -8416 3299 3349
152 5096 -4812 1610 -8415 3299 3348
153 5097 -4814 1610 -8413 3299 3350
154 5097 -4815 1611 -8411 3298 3348
155 5097 -4811 1612 -8410 3297 3352
156 5098 -4814 1613 -8410 3298 3348
157 5098 -4815 1615 -8410 3300 3346
158 5096 -4811 1614 -8407 3300 3349
159 5094 -4812 1612 -8407 3298 3349
160 5095 -4814 1613 -8409 3295 3346
161 5095 -4814 1614 -8407 3295 3347
162 5095 -4814 1613 -8405 3298 3348
163 5092 -4812 1611 -8404 3296 3346
164 5095 -4815 1612 -8404 3297 3351
165 5098 -4812 1612 -8405 3295 3348
166 5091 -4815 1610 -8405 3297 3345
167 5092 -4814 1612 -8402 3296 3348
168 5092 -4813 1614 -8401 3293 3348
169 5093 -4816 1611 -8401 3292 3345
170 5092 -4812 1611 -8402 3293 3347
171 5091 -4814 1610 -8403 3292 3349
172 5094 -4815 1611 -8404 3293 3347
173 5091 -4816 1609 -8404 3294 3345
174 5092 -4815 1610 -8398 3292 3346
175 5090 -4815 1613 -8396 3289 3346
176 5089 -4816 1614 -8399 3290 3347
177 5090 -4811 1612 -8397 3289 3346
178 5088 -4817 1609 -8398 3290 3350
179 5090 -4814 1606 -8396 3291 3347
180 5090 -4815 1610 -8397 3292 3345
181 5090 -4814 1612 -8394 3290 3346
182 5088 -4816 1611 -8394 3289 3348
183 5089 -4814 1611 -8389 3292 3347
184 5091 -4817 1610 -8390 3291 3344
185 5089 -4815 1611 -8388 3292 3350
186 5089 -4817 1611 -8391 3290 3347
187 5088 -4815 1612 -8390 3288 3346
188 5084 -4814 1612 -8387 3289 3341
189 5088 -4816 1606 -8384 3290 3344
190 5088 -4815 1607 -8385 3288 3346
191 5087 -4816 1610 -8385 3289 3347
192 5089 -4814 1608 -8384 3289 3347
193 5088 -4819 1610 -8385 3289 3344
194 5087 -4818 1611 -8383 3292 3345
195 5085 -4816 1612 -8383 3286 3345
196 5088 -4816 1613 -8380 3287 3342
197 5082 -4813 1610 -8382 3285 3344
198 5086 -4811 1613 -8382 3285 3344
199 5085 -4817 1609 -8380 3285 3344
200 5086 -4816 1608 -8380 3282 3344
201 5086 -4816 1610 -8378 3285 3346
202 5085 -4815 1609 -8379 3282 3346
203 5083 -4816 1609 -8379 3284 3343
204 5082 -4815 1608 -8376 3285 3345
205 5082 -4816 1608 -8375 3283 3345
206 5080 -4815 1612 -8377 3286 3345
207 5082 -4815 1609 -8374 3285 3344
208 5084 -4816 1612 -8377 3283 3344
209 5082 -4817 1610 -8372 3286 3345
210 5084 -4815 1608 -8372 3284 3343
211 5084 -4814 1608 -8366 3283 3345
212 5085 -4814 1608 -8371 3281 3345
213 5083 -4815 1612 -8372 3282 3343
214 5081 -4819 1607 -8370 3284 3344
215 5082 -4814 1607 -8368 3284 3346
216 5082 -4816 1609 -8365 3283 3344
217 5083 -4814 1609 -8366 3280 3341
218 5080 -4818 1606 -8366 3280 3341
219 5085 -4811 1609 -8366 3280 3347
220 5083 -4813 1607 -8364 3280 3342
221 5080 -4814 1612 -8365 3282 3344
222 5082 -4814 1611 -8364 3282 3345
223 5080 -4814 1611 -8361 3279 3343
224 5079 -4815 1609 -8359 3282 3347
225 5078 -4813 1610 -8360 3279 3341
226 5080 -4813 1608 -8362 3277 3341
227 5084 -4814 1607 -8361 3279 3344
228 5081 -4816 1606 -8360 3278 3343
229 5079 -4818 1608 -8357 3279 3342
230 5079 -4812 1609 -8356 3278 3340
231 5078 -4814 1608 -8358 3276 3342
232 5078 -4817 1612 -8359 3276 3338
233 5075 -4818 1606 -8358 3276 3341
234 5078 -4816 1607 -8358 3276 3342
235 5077 -4817 1610 -8355 3277 3343
236 5077 -4817 1607 -8353 3277 3343
237 5078 -4816 1609 -8352 3277 3340
238 5076 -4816 1610 -8352 3276 3337
239 5079 -4819 1607 -8352 3276 3342
240 5080 -4815 1605 -8350 3274 3340
241 5076 -4815 1610 -8348 3275 3342
242 5075 -4814 1610 -8348 3272 3341
243 5074 -4819 1609 -8349 3275 3341
244 5076 -4819 1606 -8351 3273 3341
245 5077 -4815 1607 -8348 3272 3342
246 5074 -4813 1607 -8345 3273 3339
247 5073 -4816 1606 -8343 3272 3340
248 5072 -4817 1603 -8346 3272 3338
249 5075 -4816 1608 -8346 3273 3339
250 5076 -4816 1607 -8345 3274 3342
251 5074 -4820 1608 -8342 3272 3337
252 5075 -4817 1607 -8343 3274 3338
253 5073 -4818 1605 -8339 3273 3341
254 5073 -4816 1607 -8341 3272 3341
255 5072 -4816 1606 -8341 3275 3340
256 5076 -4818 1605 -8340 3271 3338
257 5075 -4818 1611 -8338 3270 3341
258 5074 -4815 1605 -8338 3271 3336
259 5073 -4818 1603 -8340 3269 3340
260 5070 -4816 1603 -8339 3270 3338
261 5070 -4816 1606 -8337 3268 3338
262 5072 -4816 1608 -8336 3270 3339
263 5073 -4818 1608 -8335 3270 3340
264 5069 -4820 1604 -8339 3269 3335
265 5067 -4818 1605 -8337 3268 3339
266 5069 -4820 1604 -8336 3268 3338
267 5072 -4819 1607 -8333 3267 3339
268 5071 -4820 1602 -8334 3268 3338
269 5071 -4820 1604 -8333 3265 3335
270 5068 -4818 1604 -8334 3266 3338
271 5069 -4819 1604 -8334 3266 3339
272 5069 -4819 1607 -8331 3266 3339
273 5068 -4818 1607 -8330 3265 3338
274 5072 -4819 1604 -8332 3266 3334
275 5067 -4818 1605 -8328 3266 3336
276 5070 -4816 1605 -8329 3265 3337
277 5065 -4820 1607 -8328 3266 3336
278 5068 -4818 1606 -8331 3264 3335
279 5070 -4821 1603 -8330 3265 3335
280 5069 -4823 1605 -8330 3265 3338
281 5069 -4821 1602 -8325 3264 3338
282 5069 -4818 1602 -8329 3266 3339
283 5069 -4820 1604 -8326 3263 3334
284 5065 -4824 1605 -8328 3263 3334
285 5067 -4820 1601 -8326 3263 3337
286 5066 -4820 1604 -8326 3264 3340
287 5066 -4820 1603 -8326 3264 3334
288 5065 -4821 1601 -8327 3263 3335
289 5064 -4818 1602 -8325 3266 3332
290 5063 -4822 1603 -8325 3265 3335
291 5067 -4819 1598 -8326 3264 3335
292 5065 -4823 1599 -8323 3263 3333
293 5068 -4819 1602 -8325 3263 3334
294 5066 -4818 1602 -8326 3262 3336
295 5068 -4821 1603 -8322 3263 3334
296 5067 -4820 1603 -8322 3261 3334
297 5064 -4821 1602 -8325 3261 3334
298 5066 -4820 1603 -8321 3261 3335
299 5061 -4820 1600 -8321 3260 3331
300 5064 -4821 1602 -8319 3258 3333
301 5065 -4820 1603 -8321 3262 3334
302 5065 -4821 1603 -8323 3262 3336
303 5066 -4822 1603 -8319 3263 3333
304 5068 -4820 1604 -8321 3259 3335
305 5067 -4820 1599 -8318 3260 3335
306 5063 -4819 1602 -8319 3258 3336
307 5065 -4824 1599 -8317 3260 3334
308 5062 -4818 1601 -8321 3259 3334
309 5066 -4822 1602 -8322 3261 3335
310 5065 -4825 1599 -8319 3260 3335
311 5064 -4821 1601 -8318 3261 3334
312 5065 -4820 1602 -8316 3258 3333
313 5064 -4819 1599 -8316 3261 3333
314 5066 -4823 1604 -8320 3258 3334
315 5066 -4824 1599 -8318 3260 3335
316 5063 -4824 1600 -8318 3258 3332
317 5063 -4822 1599 -8314 3261 3335
318 5066 -4820 1602 -8314 3260 3335
319 5065 -4821 1600 -8311 3261 3336
320 5063 -4819 1603 -8314 3259 3336
321 5060 -4818 1600 -8315 3256 3333
322 5065 -4821 1602 -8317 3259 3332
323 5061 -4825 1601 -8316 3261 3338
324 5064 -4821 1598 -8316 3261 3333
325 5062 -4824 1602 -8314 3261 3332
326 5062 -4820 1600 -8315 3258 3332
327 5061 -4821 1603 -8314 3258 3330
328 5062 -4823 1600 -8313 3258 3333
329 5063 -4822 1605 -8311 3259 3333
330 5066 -4819 1602 -8317 3261 3335
331 5065 -4821 1601 -8316 3259 3335
332 5067 -4822 1602 -8310 3261 3335
333 5065 -4819 1599 -8313 3259 3331
334 5062 -4822 1601 -8312 3260 3331
335 5065 -4820 1598 -8315 3256 3334
336 5064 -4822 1599 -8313 3259 3330
337 5062 -4821 1596 -8310 3257 3335
338 5064 -4824 1602 -8313 3259 3335
339 5062 -4823 1603 -8313 3255 3334
340 5064 -4823 1599 -8308 3255 3328
341 5062 -4821 1598 -8309 3260 3331
342 5063 -4821 1600 -8311 3258 3331
343 5061 -4820 1602 -8313 3257 3331
344 5064 -4819 1599 -8311 3259 3332
345 5064 -4825 1599 -8313 3258 3333
346 5065 -4821 1601 -8309 3259 3335
347 5063 -4823 1597 -8309 3255 3332
348 5059 -4823 1602 -8308 3254 3332
349 5063 -4823 1598 -8310 3257 3330
350 5059 -4822 1599 -8310 3256 3329
351 5064 -4822 1597 -8311 3256 3331
352 5062 -4821 1601 -8317 3257 3333
353 5064 -4824 1599 -8311 3257 3332
354 5063 -4823 1600 -8312 3259 3330
355 5060 -4822 1597 -8309 3258 3333
356 5061 -4825 1598 -8309 3257 3330
357 5060 -4825 1601 -8310 3256 3329
358 5061 -4821 1598 -8312 3258 3332
359 5063 -4820 1598 -8311 3258 3332
360 5062 -4824 1598 -8309 3255 3330
361 5065 -4822 1603 -8310 3261 3331
362 5063 -4823 1596 -8310 3256 3329
363 5062 -4822 1600 -8311 3256 3331
364 5058 -4822 1601 -8311 3256 3331
365 5059 -4824 1598 -8310 3259 3327
366 5059 -4823 1600 -8312 3256 3331
367 5062 -4823 1597 -8310 3258 3334
368 5064 -4822 1599 -8313 3257 3331
369 5061 -4824 1600 -8310 3256 3333
370 5064 -4823 1597 -8311 3258 3330
371 5061 -4823 1598 -8308 3256 3331
372 5063 -4822 1598 -8313 3255 3330
373 5063 -4823 1599 -8310 3254 3331
374 5062 -4822 1598 -8311 3255 3331
375 5064 -4822 1597 -8314 3258 3329
376 5063 -4826 1598 -8310 3257 3329
377 5060 -4822 1598 -8309 3259 3332
378 5060 -4823 1600 -8309 3254 3330
379 5060 -4823 1597 -8310 3256 3331
380 5060 -4826 1599 -8309 3252 3329
381 5061 -4823 1598 -8308 3258 3333
382 5063 -4823 1600 -8313 3261 3328
383 5061 -4821 1597 -8313 3260 3332
384 5063 -4825 1599 -8308 3258 3328
385 5061 -4825 1596 -8310 3254 3333
386 5062 -4825 1598 -8309 3258 3330
387 5060 -4823 1597 -8309 3254 3332
388 5063 -4823 1598 -8314 3258 3331
389 5062 -4822 1597 -8314 3255 3329
390 5062 -4826 1596 -8311 3258 3330
391 5062 -4826 1596 -8311 3256 3333
392 5063 -4826 1595 -8313 3256 3331
393 5063 -4823 1597 -8313 3257 3330
394 5062 -4824 1599 -8309 3256 3333
395 5064 -4821 1602 -8311 3258 3329
396 5063 -4822 1597 -8312 3259 3332
397 5064 -4821 1599 -8313 3257 3335
398 5062 -4822 1599 -8308 3258 3330
399 5061 -4822 1598 -8308 3255 3331
400 5062 -4822 1597 -8311 3255 3335
401 5063 -4822 1598 -8312 3258 3330
402 5067 -4825 1598 -8312 3259 3332
403 5063 -4822 1595 -8314 3253 3332
404 5065 -4826 1596 -8313 3257 3331
405 5068 -4824 1598 -8311 3261 3335
406 5064 -4821 1600 -8311 3257 3332
407 5062 -4826 1598 -8312 3257 3327
408 5063 -4826 1597 -8311 3256 3331
409 5063 -4825 1596 -8310 3257 3329
410 5061 -4823 1598 -8311 3253 3329
411 5065 -4824 1598 -8313 3259 3330
412 5066 -4824 1595 -8311 3258 3331
413 5064 -4823 1595 -8309 3260 3330
414 5064 -4824 1599 -8314 3257 3329
415 5064 -4826 1599 -8314 3255 3330
416 5064 -4823 1597 -8313 3258 3329
417 5063 -4823 1597 -8313 3258 3328
418 5063 -4822 1599 -8312 3256 3331
419 5061 -4826 1593 -8314 3258 3331
420 5060 -4826 1598 -8310 3257 3332
421 5062 -4826 1597 -8314 3255 3331
422 5063 -4828 1596 -8311 3259 3329
423 5061 -4826 1596 -8312 3257 3332
424 5062 -4825 1598 -8308 3253 3330
425 5063 -4825 1597 -8313 3257 3327
426 5062 -4823 1596 -8314 3255 3329
427 5066 -4829 1595 -8315 3258 3327
428 5065 -4824 1594 -8314 3259 3328
429 5063 -4827 1595 -8310 3254 3327
430 5062 -4823 1596 -8311 3257 3328
431 5061 -4826 1594 -8313 3255 3327
432 5062 -4825 1598 -8312 3256 3329
433 5066 -4826 1598 -8312 3258 3332
434 5064 -4826 1596 -8317 3256 3328
435 5064 -4828 1596 -8316 3257 3331
436 5063 -4826 1595 -8313 3257 3329
437 5063 -4827 1598 -8314 3257 3329
438 5060 -4827 1597 -8313 3255 3329
439 5064 -4826 1596 -8315 3257 3331
440 5062 -4824 1594 -8312 3258 3329
441 5066 -4825 1598 -8312 3257 3330
442 5062 -4825 1595 -8313 3255 3329
443 5064 -4826 1596 -8312 3260 3328
444 5064 -4828 1598 -8313 3257 3330
445 5062 -4826 1597 -8312 3258 3329
446 5066 -4822 1598 -8314 3258 3329
447 5067 -4826 1597 -8313 3257 3328
448 5064 -4826 1595 -8316 3259 3332
449 5064 -4825 1593 -8313 3258 3329
450 5061 -4824 1595 -8314 3254 3329
451 5063 -4824 1595 -8310 3256 3328
452 5062 -4822 1595 -8309 3255 3331
453 5063 -4825 1597 -8310 3256 3330
454 5063 -4828 1596 -8315 3257 3332
455 5064 -4824 1596 -8312 3258 3329
456 5064 -4825 1595 -8314 3259 3328
457 5066 -4825 1595 -8312 3259 3330
458 5065 -4825 1598 -8312 3256 3326
459 5065 -4825 1595 -8307 3254 3328
460 5065 -4825 1596 -8310 3257 3332
461 5062 -4826 1598 -8312 3256 3331
462 5065 -4826 1599 -8316 3255 3331
463 5060 -4827 1593 -8315 3256 3328
464 5061 -4826 1594 -8313 3258 3330
465 5064 -4825 1594 -8311 3255 3329
466 5061 -4822 1597 -8313 3256 3330
467 5062 -4824 1592 -8313 3258 3329
468 5063 -4827 1599 -8313 3258 3328
469 5064 -4824 1593 -8313 3257 3328
470 5062 -4825 1597 -8310 3257 3330
471 5063 -4823 1596 -8310 3260 3332
472 5065 -4825 1596 -8314 3254 3326
473 5064 -4824 1595 -8312 3256 3327
474 5063 -4825 1597 -8311 3258 3328
475 5065 -4824 1598 -8309 3254 3328
476 5064 -4824 1596 -8313 3256 3330
477 5067 -4824 1597 -8310 3258 3331
478 5065 -4825 1593 -8311 3257 3330
479 5065 -4823 1598 -8310 3259 3329
480 5064 -4826 1594 -8308 3252 3332
481 5061 -4825 1598 -8310 3254 3329
482 5064 -4826 1595 -8309 3256 3330
483 5060 -4824 1595 -8311 3255 3330
484 5064 -4823 1593 -8310 3259 3328
485 5064 -4825 1596 -8309 3256 3329
486 5062 -4823 1598 -8309 3254 3332
487 5064 -4825 1597 -8311 3254 3327
488 5062 -4824 1597 -8313 3255 3325
489 5062 -4823 1594 -8309 3256 3329
490 5062 -4824 1597 -8309 3259 3329
491 5062 -4822 1596 -8309 3257 3329
492 5063 -4821 1596 -8310 3252 3330
493 5063 -4824 1596 -8310 3256 3327
494 5061 -4826 1596 -8310 3256 3329
495 5062 -4823 1597 -8309 3257 3328
496 5062 -4821 1598 -8312 3255 3332
497 5064 -4826 1596 -8307 3257 3330
498 5062 -4826 1597 -8309 3258 3329
499 5064 -4822 1597 -8308 3256 3328
500 5062 -4823 1594 -8308 3256 3330
501 5065 -4822 1598 -8306 3255 3331
502 5063 -4824 1596 -8311 3254 3331
503 5064 -4825 1597 -8309 3255 3330
504 5061 -4823 1596 -8307 3254 3331
505 5064 -4822 1598 -8308 3258 3329
506 5063 -4822 1599 -8309 3257 3333
507 5064 -4822 1597 -8309 3257 3328
508 5059 -4824 1599 -8308 3257 3329
509 5060 -4824 1599 -8309 3256 3328
510 5061 -4824 1598 -8305 3255 3330
511 5064 -4822 1598 -8307 3254 3334
512 5063 -4824 1598 -8307 3254 3330
513 5062 -4824 1599 -8310 3258 3331
514 5063 -4826 1596 -8309 3258 3331
515 5061 -4824 1598 -8309 3256 3331
516 5062 -4825 1596 -8308 3256 3331
517 5062 -4823 1599 -8307 3256 3330
518 5063 -4823 1596 -8306 3257 3330
519 5063 -4825 1599 -8309 3257 3331
520 5065 -4822 1597 -8311 3259 3333
521 5063 -4824 1600 -8307 3259 3332
522 5062 -4824 1598 -8310 3253 3332
523 5062 -4826 1594 -8306 3257 3328
524 5062 -4824 1599 -8311 3255 3328
525 5062 -4822 1596 -8308 3255 3327
526 5062 -4824 1598 -8311 3253 3331
527 5061 -4826 1597 -8308 3252 3330
528 5060 -4826 1597 -8307 3255 3334
529 5062 -4827 1596 -8307 3254 3332
530 5059 -4824 1598 -8307 3259 3331
531 5064 -4823 1598 -8306 3258 3330
532 5063 -4825 1600 -8305 3259 3332
533 5060 -4824 1601 -8305 3260 3331
534 5063 -4826 1599 -8310 3258 3329
535 5062 -4826 1600 -8309 3256 3326
536 5064 -4825 1595 -8308 3255 3326
537 5060 -4823 1600 -8305 3252 3330
538 5063 -4824 1598 -8307 3258 3328
539 5063 -4823 1598 -8307 3256 3333
540 5062 -4827 1599 -8306 3259 3332
541 5061 -4825 1600 -8308 3257 3332
542 5061 -4824 1600 -8310 3258 3331
543 5064 -4822 1597 -8310 3256 3330
544 5063 -4826 1597 -8307 3254 3334
545 5059 -4823 1597 -8307 3254 3330
546 5061 -4824 1600 -8307 3257 3333
547 5060 -4825 1599 -8308 3255 3328
548 5060 -4823 1598 -8307 3257 3331
549 5060 -4824 1600 -8309 3256 3330
550 5061 -4822 1599 -8305 3258 3331
551 5063 -4823 1601 -8307 3258 3334
552 5061 -4824 1602 -8306 3256 3334
553 5058 -4823 1599 -8305 3255 3333
554 5062 -4824 1601 -8307 3256 3332
555 5062 -4824 1601 -8306 3258 3329
556 5061 -4824 1598 -8308 3257 3332
557 5063 -4822 1601 -8309 3260 3332
558 5060 -4823 1600 -8312 3256 3329
559 5060 -4821 1600 -8307 3255 3330
560 5061 -4822 1597 -8307 3256 3335
561 5062 -4819 1600 -8306 3256 3332
562 5062 -4823 1602 -8309 3255 3335
563 5062 -4822 1599 -8310 3256 3331
564 5065 -4823 1601 -8308 3258 3329
565 5062 -4824 1598 -8307 3255 3332
566 5062 -4821 1604 -8308 3255 3334
567 5061 -4822 1601 -8306 3256 3332
568 5060 -4823 1599 -8310 3256 3332
569 5060 -4822 1599 -8310 3258 3331
570 5064 -4822 1600 -8310 3256 3333
571 5062 -4819 1601 -8310 3260 3336
572 5063 -4819 1602 -8307 3258 3336
573 5061 -4818 1600 -8310 3258 3333
574 5062 -4823 1601 -8308 3260 3332
575 5060 -4817 1603 -8309 3256 3334
576 5062 -4820 1603 -8308 3258 3336
577 5065 -4820 1604 -8312 3258 3334
578 5063 -4817 1602 -8311 3259 3332
579 5065 -4820 1598 -8310 3257 3333
580 5059 -4822 1601 -8308 3257 3337
581 5059 -4820 1603 -8308 3253 3334
582 5062 -4820 1601 -8309 3257 3333
583 5061 -4821 1604 -8310 3259 3335
584 5061 -4818 1602 -8311 3259 3334
585 5061 -4822 1601 -8309 3257 3335
586 5063 -4818 1605 -8314 3255 3333
587 5064 -4818 1605 -8309 3258 3334
588 5064 -4819 1600 -8308 3259 3335
589 5065 -4820 1603 -8311 3258 3334
590 5063 -4819 1602 -8310 3259 3333
591 5064 -4818 1605 -8310 3258 3337
592 5061 -4817 1607 -8310 3257 3338
593 5064 -4818 1605 -8313 3259 3334
594 5062 -4819 1604 -8314 3259 3335
595 5061 -4820 1602 -8312 3260 3333
596 5062 -4817 1601 -8315 3258 3336
597 5064 -4818 1604 -8314 3261 3335
598 5061 -4819 1604 -8317 3259 3334
599 5064 -4823 1605 -8315 3263 3336
600 5063 -4821 1608 -8314 3260 3335
601 5064 -4816 1602 -8314 3258 3335
602 5064 -4819 1605 -8309 3260 3332
603 5065 -4817 1604 -8316 3259 3338
604 5064 -4819 1603 -8315 3258 3332
605 5060 -4818 1603 -8317 3263 3336
606 5063 -4819 1607 -8315 3261 3333
607 5063 -4818 1604 -8315 3262 3334
608 5063 -4818 1604 -8317 3260 3335
609 5062 -4822 1603 -8316 3259 3334
610 5061 -4820 1605 -8315 3262 3333
611 5061 -4817 1606 -8316 3262 3336
612 5064 -4821 1607 -8317 3259 3337
613 5065 -4817 1607 -8320 3262 3337
614 5065 -4818 1603 -8317 3263 3333
615 5062 -4819 1608 -8316 3263 3336
616 5068 -4815 1603 -8315 3261 3339
617 5066 -4820 1605 -8321 3262 3336
618 5064 -4819 1607 -8321 3268 3337
619 5065 -4817 1607 -8316 3264 3342
620 5066 -4815 1608 -8320 3261 3335
621 5064 -4821 1604 -8320 3262 3337
622 5067 -4817 1606 -8320 3261 3342
623 5065 -4819 1605 -8319 3261 3336
624 5066 -4816 1605 -8322 3261 3337
625 5064 -4819 1604 -8322 3262 3338
626 5066 -4818 1605 -8325 3261 3335
627 5068 -4817 1605 -8325 3261 3338
628 5066 -4819 1605 -8326 3266 3337
629 5066 -4819 1608 -8324 3265 3337
630 5065 -4817 1606 -8323 3264 3336
631 5064 -4820 1610 -8322 3262 3335
632 5065 -4819 1608 -8326 3264 3337
633 5065 -4816 1607 -8326 3266 3335
634 5066 -4818 1608 -8327 3265 3340
635 5067 -4820 1607 -8329 3268 3342
636 5066 -4820 1607 -8326 3267 3340
637 5065 -4817 1605 -8327 3266 3338
638 5065 -4821 1605 -8331 3266 3335
639 5066 -4816 1606 -8330 3265 3339
640 5066 -4819 1609 -8330 3265 3340
641 5069 -4817 1607 -8329 3268 3339
642 5071 -4816 1610 -8327 3271 3342
643 5066 -4815 1608 -8330 3264 3340
644 5068 -4814 1610 -8332 3270 3346
645 5067 -4816 1607 -8333 3265 3335
646 5068 -4814 1610 -8333 3266 3340
647 5069 -4817 1610 -8334 3269 3341
648 5069 -4816 1607 -8334 3268 3340
649 5068 -4819 1606 -8335 3266 3341
650 5067 -4817 1605 -8338 3268 3340
651 5067 -4816 1608 -8335 3268 3340
652 5070 -4815 1609 -8338 3267 3341
653 5068 -4818 1608 -8336 3268 3340
654 5068 -4815 1607 -8339 3270 3338
655 5069 -4815 1606 -8337 3271 3342
656 5071 -4818 1607 -8341 3269 3342
657 5074 -4812 1609 -8341 3270 3343
658 5069 -4814 1609 -8339 3271 3343
659 5069 -4812 1610 -8341 3271 3339
660 5069 -4818 1607 -8340 3269 3342
661 5069 -4816 1611 -8341 3271 3340
662 5074 -4812 1609 -8344 3272 3344
663 5074 -4813 1609 -8345 3272 3344
664 5072 -4812 1611 -8342 3272 3342
665 5075 -4815 1611 -8345 3272 3342
666 5071 -4814 1610 -8344 3272 3342
667 5072 -4814 1608 -8343 3275 3345
668 5074 -4815 1609 -8348 3273 3345
669 5072 -4818 1612 -8350 3273 3341
670 5075 -4815 1613 -8346 3274 3342
671 5075 -4815 1613 -8348 3273 3343
672 5073 -4814 1612 -8350 3270 3343
673 5073 -4814 1609 -8345 3274 3343
674 5075 -4813 1614 -8347 3275 3342
675 5073 -4814 1612 -8351 3272 3342
676 5073 -4813 1612 -8352 3276 3344
677 5076 -4814 1613 -8353 3277 3344
678 5076 -4814 1607 -8355 3274 3342
679 5075 -4815 1613 -8355 3278 3343
680 5076 -4816 1608 -8355 3273 3343
681 5076 -4814 1610 -8355 3274 3343
682 5077 -4814 1610 -8354 3274 3345
683 5075 -4815 1613 -8356 3274 3344
684 5077 -4811 1613 -8355 3276 3343
685 5078 -4815 1611 -8357 3277 3346
686 5076 -4814 1611 -8359 3276 3344
687 5075 -4814 1613 -8358 3277 3345
688 5077 -4816 1612 -8362 3275 3341
689 5076 -4811 1612 -8362 3279 3346
690 5075 -4814 1613 -8362 3275 3344
691 5075 -4815 1612 -8363 3279 3342
692 5078 -4816 1618 -8359 3280 3343
693 5077 -4817 1612 -8361 3278 3346
694 5078 -4810 1616 -8363 3282 3344
695 5078 -4811 1617 -8364 3280 3345
696 5077 -4815 1612 -8365 3278 3346
697 5079 -4815 1612 -8366 3281 3346
698 5079 -4814 1612 -8370 3282 3346
699 5079 -4814 1610 -8370 3281 3343
700 5079 -4815 1612 -8370 3279 3348
701 5079 -4817 1613 -8371 3281 3347
702 5078 -4813 1612 -8370 3278 3346
703 5076 -4813 1617 -8368 3282 3342
704 5082 -4814 1611 -8374 3283 3345
705 5078 -4814 1613 -8372 3282 3347
706 5081 -4814 1613 -8372 3286 3347
707 5080 -4813 1615 -8372 3282 3345
708 5079 -4816 1612 -8376 3285 3350
709 5080 -4814 1613 -8376 3283 3348
710 5084 -4815 1613 -8378 3283 3344
711 5082 -4818 1610 -8376 3284 3346
712 5081 -4812 1616 -8379 3283 3346
713 5080 -4814 1612 -8378 3284 3347
714 5076 -4814 1614 -8378 3282 3349
715 5081 -4810 1618 -8380 3283 3345
716 5082 -4812 1613 -8379 3288 3346
717 5083 -4815 1615 -8382 3284 3349
718 5081 -4815 1612 -8384 3286 3349
719 5082 -4808 1618 -8383 3288 3345
720 5082 -4814 1613 -8384 3285 3344
721 5084 -4814 1615 -8381 3287 3343
722 5085 -4814 1614 -8384 3287 3344
723 5084 -4810 1617 -8387 3288 3348
724 5084 -4811 1616 -8385 3286 3350
725 5087 -4811 1618 -8386 3288 3346
726 5082 -4810 1614 -8388 3288 3346
727 5084 -4812 1615 -8385 3286 3350
728 5082 -4814 1610 -8387 3286 3349
729 5087 -4814 1613 -8389 3288 3348
730 5086 -4815 1614 -8393 3292 3351
731 5086 -4812 1615 -8391 3290 3348
732 5088 -4811 1614 -8390 3289 3348
733 5085 -4813 1614 -8391 3291 3347
734 5086 -4812 1613 -8393 3288 3349
735 5088 -4812 1619 -8394 3292 3347
736 5087 -4811 1615 -8394 3290 3345
737 5088 -4814 1613 -8397 3290 3350
738 5091 -4811 1614 -8396 3290 3348
739 5088 -4811 1614 -8397 3289 3351
740 5086 -4813 1616 -8395 3295 3351
741 5090 -4814 1614 -8399 3292 3348
742 5091 -4811 1616 -8400 3291 3349
743 5089 -4813 1612 -8398 3293 3348
744 5089 -4810 1618 -8399 3292 3349
745 5087 -4810 1615 -8398 3293 3353
746 5092 -4811 1615 -8402 3294 3350
747 5089 -4809 1615 -8402 3291 3349
748 5091 -4809 1614 -8400 3296 3354
749 5092 -4807 1618 -8402 3294 3355
750 5090 -4808 1621 -8401 3293 3351
751 5091 -4811 1618 -8403 3296 3350
752 5091 -4810 1616 -8405 3294 3352
753 5092 -4811 1616 -8404 3295 3350
754 5090 -4811 1618 -8404 3294 3352
755 5092 -4809 1619 -8405 3298 3351
756 5090 -4809 1617 -8404 3295 3353
757 5092 -4811 1616 -8407 3295 3354
758 5092 -4810 1619 -8409 3297 3348
759 5094 -4810 1616 -8408 3298 3353
760 5092 -4811 1617 -8408 3297 3353
761 5091 -4807 1615 -8408 3297 3350
762 5093 -4809 1616 -8410 3298 3351
763 5092 -4810 1615 -8409 3300 3353
764 5096 -4807 1616 -8412 3302 3355
765 5096 -4807 1617 -8414 3299 3355
766 5096 -4813 1615 -8414 3298 3351
767 5096 -4811 1617 -8414 3303 3353
768 5094 -4807 1620 -8413 3297 3350
769 5096 -4809 1619 -8416 3301 3352
770 5094 -4809 1620 -8416 3300 3352
771 5092 -4810 1618 -8416 3301 3353
772 5096 -4814 1616 -8415 3300 3350
773 5094 -4813 1617 -8416 3302 3351
774 5097 -4810 1617 -8419 3302 3351
775 5097 -4810 1617 -8419 3300 3352
776 5099 -4813 1618 -8415 3300 3351
777 5098 -4810 1615 -8421 3303 3351
778 5097 -4810 1617 -8420 3303 3352
779 5097 -4812 1617 -8420 3303 3353
780 5098 -4811 1615 -8419 3304 3356
781 5099 -4811 1617 -8421 3305 3356
782 5099 -4806 1618 -8420 3301 3355
783 5100 -4810 1619 -8417 3303 3353
784 5099 -4808 1618 -8421 3304 3358
785 5098 -4810 1617 -8425 3302 3351
786 5098 -4807 1618 -8425 3304 3351
787 5101 -4809 1621 -8424 3307 3354
788 5096 -4812 1618 -8425 3304 3354
789 5099 -4810 1614 -8427 3303 3351
790 5095 -4812 1618 -8426 3302 3352
791 5098 -4810 1620 -8425 3304 3352
792 5096 -4810 1617 -8426 3304 3354
793 5097 -4810 1615 -8425 3305 3354
794 5099 -4809 1617 -8427 3305 3354
795 5100 -4810 1619 -8428 3303 3353
796 5100 -4808 1620 -8430 3304 3354
797 5099 -4812 1620 -8424 3306 3353
798 5098 -4809 1620 -8429 3305 3353
799 5100 -4812 1616 -8431 3306 3351
800 5100 -4811 1620 -8431 3307 3354
801 5100 -4810 1620 -8431 3307 3357
802 5102 -4810 1617 -8429 3307 3355
803 5101 -4811 1619 -8429 3307 3353
804 5099 -4812 1617 -8430 3304 3352
805 5101 -4810 1620 -8430 3305 3353
806 5101 -4808 1622 -8430 3307 3352
807 5101 -4808 1616 -8434 3308 3352
808 5102 -4811 1616 -8430 3309 3354
809 5102 -4810 1618 -8434 3308 3356
810 5102 -4808 1621 -8437 3305 3354
811 5102 -4812 1618 -8433 3309 3356
812 5101 -4807 1618 -8431 3308 3354
813 5101 -4810 1617 -8435 3307 3356
814 5103 -4810 1622 -8436 3308 3353
815 5103 -4810 1619 -8434 3310 3352
816 5101 -4809 1620 -8438 3312 3354
817 5103 -4810 1619 -8438 3308 3355
818 5106 -4811 1620 -8438 3307 3353
819 5103 -4810 1618 -8437 3309 3355
820 5105 -4811 1617 -8437 3308 3353
821 5101 -4809 1619 -8437 3307 3355
822 5105 -4808 1617 -8440 3309 3353
823 5101 -4808 1616 -8439 3308 3350
824 5102 -4808 1617 -8440 3308 3353
825 5107 -4811 1620 -8440 3310 3355
826 5104 -4808 1616 -8436 3305 3356
827 5105 -4809 1618 -8441 3308 3354
828 5105 -4809 1618 -8438 3307 3354
829 5107 -4809 1622 -8442 3309 3356
830 5102 -4811 1618 -8437 3311 3355
831 5104 -4808 1619 -8440 3311 3354
832 5106 -4808 1620 -8443 3310 3355
833 5106 -4807 1617 -8442 3309 3354
834 5102 -4812 1619 -8444 3310 3354
835 5102 -4812 1617 -8443 3309 3353
836 5103 -4811 1613 -8443 3309 3355
837 5106 -4806 1619 -8445 3311 3355
838 5107 -4809 1617 -8446 3311 3356
839 5109 -4810 1618 -8446 3312 3352
840 5105 -4809 1617 -8444 3312 3356
841 5107 -4809 1622 -8440 3311 3356
842 5105 -4805 1621 -8443 3310 3352
843 5106 -4809 1619 -8445 3309 3353
844 5105 -4808 1619 -8446 3310 3353
845 5104 -4810 1618 -8448 3313 3357
846 5104 -4807 1620 -8445 3310 3356
847 5106 -4809 1620 -8448 3313 3356
848 5106 -4809 1618 -8445 3313 3359
849 5106 -4808 1621 -8444 3313 3354
850 5106 -4810 1619 -8447 3310 3353
851 5104 -4806 1623 -8448 3312 3357
852 5110 -4808 1619 -8449 3312 3356
853 5109 -4808 1620 -8451 3311 3354
854 5108 -4810 1620 -8450 3311 3354
855 5104 -4807 1618 -8449 3312 3355
856 5106 -4809 1618 -8446 3309 3353
857 5108 -4806 1617 -8451 3315 3355
858 5106 -4809 1615 -8448 3313 3354
859 5108 -4809 1618 -8448 3314 3352
860 5107 -4812 1620 -8449 3317 3354
861 5105 -4808 1619 -8449 3313 3358
862 5107 -4810 1619 -8449 3315 3355
863 5110 -4808 1619 -8453 3313 3355
864 5106 -4806 1620 -8451 3312 3354
865 5106 -4810 1619 -8450 3314 3354
866 5107 -4811 1619 -8451 3312 3354
867 5104 -4808 1618 -8454 3313 3354
868 5112 -4810 1620 -8454 3313 3359
869 5109 -4808 1621 -8455 3316 3353
870 5108 -4809 1620 -8455 3315 3356
871 5110 -4808 1620 -8453 3316 3356
872 5109 -4807 1619 -8453 3314 3356
873 5109 -4811 1622 -8453 3314 3356
874 5108 -4807 1620 -8454 3316 3358
875 5108 -4808 1622 -8457 3314 3356
876 5107 -4809 1621 -8451 3318 3355
877 5110 -4808 1621 -8455 3316 3355
878 5106 -4811 1617 -8453 3313 3354
879 5111 -4810 1618 -8457 3317 3357
880 5111 -4811 1619 -8458 3316 3358
881 5110 -4806 1618 -8457 3319 3358
882 5109 -4808 1618 -8455 3318 3356
883 5110 -4809 1622 -8457 3315 3355
884 5109 -4812 1621 -8453 3317 3359
885 5106 -4809 1620 -8455 3313 3358
886 5110 -4809 1622 -8455 3315 3358
887 5110 -4809 1622 -8456 3316 3355
888 5111 -4808 1620 -8459 3317 3356
889 5108 -4812 1619 -8460 3319 3355
890 5110 -4809 1617 -8460 3318 3358
891 5114 -4807 1621 -8457 3317 3357
892 5110 -4807 1621 -8455 3317 3356
893 5111 -4810 1620 -8459 3315 3356
894 5110 -4810 1620 -8458 3317 3360
895 5112 -4811 1623 -8459 3318 3356
896 5111 -4806 1623 -8461 3321 3361
897 5115 -4804 1621 -8460 3324 3360
898 5112 -4804 1619 -8460 3325 3358
899 5110 -4805 1625 -8460 3320 3362
900 5111 -4806 1620 -8459 3319 3357
901 5112 -4805 1622 -8463 3319 3359
902 5112 -4806 1625 -8462 3318 3360
903 5112 -4808 1620 -8462 3318 3357
904 5113 -4811 1620 -8459 3318 3358
905 5112 -4807 1624 -8458 3320 3361
906 5114 -4806 1622 -8460 3317 3361
907 5112 -4804 1625 -8461 3315 3359
908 5110 -4805 1623 -8461 3314 3356
909 5112 -4810 1623 -8462 3319 3359
910 5113 -4807 1621 -8461 3320 3358
911 5113 -4808 1623 -8463 3319 3359
912 5115 -4808 1624 -8466 3321 3362
913 5111 -4803 1627 -8463 3320 3358
914 5118 -4804 1626 -8462 3322 3360
915 5111 -4807 1622 -8463 3322 3360
916 5115 -4804 1622 -8464 3319 3361
917 5114 -4806 1626 -8467 3321 3362
918 5118 -4805 1622 -8468 3323 3359
919 5116 -4808 1625 -8467 3322 3361
920 5113 -4804 1625 -8464 3320 3362
921 5115 -4803 1626 -8460 3322 3362
922 5118 -4799 1629 -8466 3322 3362
923 5114 -4804 1625 -8467 3323 3359
924 5112 -4806 1622 -8469 3322 3360
925 5114 -4805 1625 -8465 3321 3363
926 5115 -4807 1624 -8466 3326 3362
927 5114 -4802 1627 -8468 3322 3364
928 5115 -4802 1626 -8468 3324 3362
929 5115 -4802 1626 -8466 3323 3363
930 5116 -4801 1625 -8467 3323 3362
931 5117 -4801 1626 -8467 3324 3362
932 5118 -4801 1627 -8468 3320 3360
933 5114 -4806 1626 -8470 3324 3360
934 5115 -4803 1627 -8470 3324 3362
935 5117 -4800 1623 -8469 3323 3363
936 5114 -4800 1624 -8468 3323 3363
937 5115 -4802 1626 -8469 3325 3363
938 5118 -4798 1625 -8473 3325 3359
939 5117 -4803 1622 -8474 3328 3366
940 5116 -4801 1629 -8473 3324 3360
941 5117 -4804 1625 -8475 3324 3360
942 5112 -4804 1623 -8472 3325 3361
943 5115 -4803 1626 -8471 3323 3360
944 5115 -4803 1624 -8473 3322 3360
945 5113 -4808 1624 -8474 3326 3363
946 5112 -4806 1626 -8472 3326 3362
947 5117 -4802 1624 -8476 3323 3360
948 5112 -4804 1627 -8474 3321 3358
949 5114 -4803 1625 -8472 3323 3360
950 5112 -4802 1626 -8473 3323 3360
951 5113 -4804 1625 -8476 3327 3364
952 5116 -4801 1625 -8475 3326 3361
953 5116 -4803 1628 -8475 3325 3364
954 5116 -4805 1625 -8477 3327 3364
955 5118 -4804 1624 -8478 3323 3360
956 5116 -4803 1625 -8479 3322 3360
957 5115 -4805 1628 -8477 3327 3363
958 5118 -4805 1628 -8479 3326 3365
959 5120 -4803 1624 -8481 3328 3363
960 5114 -4805 1629 -8481 3325 3362
961 5117 -4809 1625 -8481 3326 3366
962 5117 -4804 1625 -8481 3328 3363
963 5116 -4802 1628 -8481 3325 3362
964 5116 -4803 1626 -8479 3327 3363
965 5116 -4803 1627 -8482 3324 3362
966 5118 -4804 1628 -8481 3324 3365
967 5114 -4804 1629 -8483 3324 3364
968 5114 -4804 1629 -8484 3328 3364
969 5114 -4805 1625 -8481 3327 3362
970 5116 -4803 1625 -8483 3328 3362
971 5116 -4804 1626 -8483 3325 3364
972 5116 -4802 1627 -8487 3327 3362
973 5117 -4803 1627 -8485 3327 3364
974 5119 -4801 1628 -8486 3327 3362
975 5115 -4802 1628 -8485 3327 3362
976 5116 -4803 1628 -8485 3330 3365
977 5117 -4805 1627 -8489 3329 3363
978 5121 -4800 1629 -8486 3330 3365
979 5119 -4801 1626 -8490 3332 3365
980 5119 -4802 1630 -8490 3334 3362
981 5117 -4803 1629 -8489 3332 3366
982 5120 -4802 1632 -8490 3333 3368
983 5117 -4803 1632 -8488 3330 3363
984 5116 -4803 1630 -8489 3333 3365
985 5114 -4803 1631 -8489 3331 3364
986 5118 -4803 1632 -8487 3329 3367
987 5116 -4798 1630 -8490 3331 3362
988 5114 -4802 1631 -8489 3331 3364
989 5114 -4803 1634 -8487 3328 3364
990 5117 -4803 1629 -8491 3331 3366
991 5119 -4800 1630 -8493 3330 3366
992 5120 -4802 1632 -8491 3331 3367
993 5121 -4800 1631 -8493 3334 3366
994 5120 -4801 1631 -8495 3330 3365
995 5122 -4801 1629 -8491 3328 3368
996 5115 -4800 1632 -8492 3331 3368
997 5118 -4797 1629 -8493 3330 3368
998 5120 -4799 1633 -8495 3334 3367
999 5122 -4796 1633 -8496 3332 3370
