0 -576 1446 -1495 -622 1252 444
1 -576 1448 -1495 -623 1255 445
2 -573 1445 -1491 -625 1254 447
3 -579 1446 -1495 -624 1255 442
4 -578 1445 -1494 -621 1253 443
5 -581 1447 -1496 -623 1256 443
6 -577 1449 -1495 -624 1254 445
7 -575 1448 -1496 -625 1253 445
8 -572 1446 -1492 -626 1256 442
9 -576 1445 -1493 -625 1253 444
10 -573 1446 -1489 -622 1255 444
11 -576 1450 -1495 -624 1253 443
12 -577 1447 -1493 -625 1254 445
13 -576 1443 -1494 -624 1259 446
14 -575 1447 -1489 -623 1260 445
15 -574 1448 -1493 -624 1258 443
16 -572 1448 -1494 -624 1259 445
17 -573 1450 -1493 -624 1256 444
18 -574 1447 -1492 -622 1259 446
19 -579 1445 -1490 -624 1255 447
20 -575 1450 -1490 -624 1256 448
21 -574 1449 -1492 -625 1256 445
22 -577 1448 -1493 -622 1257 445
23 -572 1449 -1489 -621 1257 443
24 -575 1449 -1488 -623 1260 446
25 -574 1449 -1493 -621 1258 446
26 -577 1449 -1489 -621 1257 446
27 -575 1448 -1491 -623 1258 445
28 -572 1451 -1490 -619 1257 443
29 -577 1446 -1492 -624 1257 447
30 -572 1445 -1492 -625 1255 446
31 -571 1445 -1491 -623 1258 447
32 -575 1443 -1492 -623 1258 447
33 -575 1448 -1490 -622 1256 444
34 -572 1447 -1492 -619 1255 445
35 -573 1449 -1494 -622 1263 448
36 -572 1450 -1490 -623 1259 446
37 -573 1445 -1493 -624 1258 447
38 -576 1447 -1493 -620 1264 448
39 -573 1451 -1489 -619 1264 448
40 -569 1452 -1488 -618 1260 447
41 -572 1450 -1491 -621 1258 444
42 -574 1449 -1491 -621 1254 446
43 -573 1452 -1490 -624 1252 442
44 -574 1448 -1492 -622 1252 448
45 -577 1450 -1493 -621 1256 448
46 -577 1447 -1488 -619 1257 447
47 -575 1448 -1489 -619 1258 444
48 -575 1452 -1492 -617 1256 447
49 -575 1448 -1489 -620 1257 448
50 -575 1453 -1488 -620 1260 447
51 -579 1448 -1491 -622 1259 446
52 -578 1448 -1492 -619 1258 448
53 -573 1450 -1488 -621 1254 446
54 -573 1452 -1488 -620 1258 447
55 -573 1451 -1488 -620 1258 446
56 -574 1452 -1490 -619 1259 450
57 -573 1448 -1488 -618 1260 448
58 -573 1452 -1487 -618 1258 449
59 -574 1450 -1488 -621 1261 450
60 -575 1449 -1490 -620 1259 446
61 -570 1449 -1490 -623 1259 448
62 -574 1449 -1491 -623 1259 447
63 -572 1449 -1490 -623 1259 449
64 -572 1450 -1490 -623 1258 446
65 -570 1448 -1488 -621 1259 449
66 -575 1448 -1494 -624 1257 450
67 -573 1448 -1488 -624 1258 445
68 -572 1445 -1492 -624 1254 443
69 -578 1450 -1491 -622 1259 445
70 -574 1449 -1486 -619 1260 445
71 -576 1448 -1492 -620 1258 450
72 -577 1450 -1487 -622 1258 448
73 -575 1445 -1491 -618 1257 444
74 -573 1449 -1492 -623 1259 447
75 -572 1449 -1491 -622 1257 449
76 -571 1449 -1489 -622 1257 446
77 -570 1449 -1491 -618 1256 447
78 -575 1450 -1493 -620 1255 446
79 -575 1449 -1492 -621 1257 444
80 -574 1448 -1492 -621 1259 444
81 -572 1445 -1489 -624 1262 447
82 -573 1451 -1488 -623 1264 446
83 -576 1450 -1491 -623 1258 444
84 -577 1444 -1493 -623 1259 443
85 -578 1447 -1493 -622 1254 445
86 -574 1448 -1490 -625 1254 445
87 -574 1449 -1492 -621 1254 445
88 -574 1448 -1491 -624 1252 445
89 -575 1449 -1493 -621 1257 446
90 -578 1450 -1488 -622 1258 447
91 -580 1448 -1490 -621 1258 444
92 -579 1448 -1491 -625 1256 441
93 -577 1444 -1492 -622 1257 444
94 -576 1449 -1491 -621 1258 446
95 -575 1448 -1490 -623 1257 446
96 -575 1449 -1491 -623 1255 446
97 -573 1447 -1489 -622 1255 445
98 -574 1449 -1489 -624 1256 444
99 -574 1449 -1494 -622 1256 447
100 -573 1449 -1493 -622 1257 446
101 -576 1445 -1492 -625 1257 445
102 -576 1444 -1491 -621 1257 444
103 -581 1447 -1494 -625 1256 446
104 -575 1446 -1494 -622 1256 444
105 -571 1445 -1493 -625 1255 445
106 -575 1447 -1493 -624 1255 447
107 -572 1447 -1493 -627 1256 445
108 -573 1447 -1491 -624 1258 449
109 -573 1450 -1492 -622 1256 446
110 -575 1448 -1494 -623 1254 447
111 -575 1445 -1494 -626 1256 445
112 -578 1446 -1491 -625 1261 447
113 -576 1448 -1491 -621 1256 445
114 -574 1449 -1493 -625 1255 441
115 -576 1446 -1492 -625 1255 444
116 -577 1448 -1493 -621 1253 443
117 -578 1450 -1488 -618 1257 444
118 -574 1448 -1492 -625 1258 443
119 -576 1446 -1491 -623 1256 444
120 -573 1446 -1490 -626 1255 443
121 -574 1446 -1493 -627 1253 444
122 -576 1445 -1495 -625 1255 443
123 -577 1446 -1494 -620 1256 443
124 -575 1446 -1492 -624 1258 446
125 -576 1447 -1493 -623 1259 447
126 -574 1445 -1491 -626 1256 445
127 -576 1447 -1496 -625 1258 444
128 -576 1443 -1493 -622 1257 448
129 -576 1447 -1492 -626 1257 445
130 -574 1442 -1492 -623 1258 441
131 -575 1445 -1495 -623 1254 445
132 -575 1444 -1494 -621 1252 444
133 -575 1446 -1492 -628 1254 445
134 -575 1447 -1495 -625 1256 444
135 -575 1445 -1493 -625 1255 441
136 -575 1449 -1494 -621 1256 440
137 -580 1447 -1492 -624 1253 446
138 -580 1447 -1493 -620 1254 443
139 -578 1448 -1494 -622 1255 444
140 -578 1446 -1495 -625 1253 443
141 -578 1445 -1490 -628 1251 440
142 -572 1446 -1495 -624 1251 442
143 -578 1447 -1497 -623 1254 442
144 -577 1445 -1494 -621 1256 443
145 -576 1445 -1494 -622 1256 442
146 -578 1446 -1494 -625 1255 445
147 -578 1444 -1493 -627 1255 440
148 -576 1441 -1491 -627 1255 444
149 -574 1445 -1496 -625 1256 444
150 -575 1444 -1492 -629 1256 443
151 -575 1446 -1491 -624 1259 444
152 -578 1447 -1494 -621 1253 444
153 -574 1446 -1492 -626 1249 442
154 -578 1444 -1495 -625 1255 445
155 -578 1446 -1491 -626 1254 444
156 -576 1446 -1494 -627 1254 443
157 -576 1443 -1493 -625 1252 442
158 -579 1444 -1493 -624 1253 440
159 -579 1445 -1496 -625 1255 440
160 -582 1443 -1493 -627 1256 441
161 -580 1448 -1493 -623 1254 442
162 -579 1446 -1493 -626 1251 441
163 -577 1446 -1490 -623 1251 442
164 -582 1444 -1495 -628 1253 442
165 -580 1441 -1497 -627 1252 444
166 -578 1443 -1495 -626 1250 442
167 -577 1444 -1498 -625 1257 441
168 -579 1444 -1498 -625 1251 439
169 -582 1443 -1495 -627 1255 442
170 -578 1444 -1497 -627 1254 441
171 -579 1444 -1498 -623 1253 443
172 -576 1444 -1494 -628 1255 439
173 -581 1442 -1497 -628 1254 442
174 -578 1442 -1494 -626 1251 444
175 -580 1441 -1494 -627 1254 441
176 -575 1443 -1494 -627 1253 440
177 -577 1444 -1493 -625 1255 440
178 -577 1445 -1495 -626 1254 442
179 -579 1444 -1494 -628 1250 442
180 -583 1444 -1496 -623 1256 441
181 -579 1444 -1496 -626 1252 443
182 -578 1443 -1495 -625 1250 443
183 -580 1444 -1495 -623 1254 445
184 -578 1446 -1492 -627 1253 440
185 -578 1445 -1494 -629 1250 441
186 -580 1445 -1495 -627 1253 439
187 -579 1443 -1495 -627 1252 441
188 -578 1442 -1499 -628 1251 442
189 -577 1446 -1498 -630 1256 443
190 -579 1444 -1495 -628 1253 440
191 -574 1445 -1496 -626 1257 440
192 -576 1446 -1495 -626 1257 442
193 -580 1445 -1495 -623 1257 440
194 -575 1444 -1494 -625 1256 444
195 -576 1446 -1492 -626 1256 441
196 -576 1445 -1494 -622 1255 442
197 -575 1445 -1494 -627 1251 443
198 -576 1444 -1497 -624 1254 442
199 -574 1447 -1496 -625 1252 441
200 -580 1445 -1492 -624 1256 442
201 -580 1445 -1494 -626 1253 440
202 -582 1443 -1496 -626 1253 441
203 -578 1445 -1493 -623 1257 441
204 -582 1445 -1496 -626 1255 442
205 -578 1445 -1490 -626 1252 437
206 -580 1441 -1496 -626 1254 444
207 -579 1445 -1493 -624 1251 443
208 -579 1445 -1492 -625 1248 442
209 -579 1441 -1496 -625 1253 443
210 -578 1445 -1495 -626 1254 442
211 -576 1442 -1496 -625 1251 442
212 -580 1441 -1498 -627 1255 441
213 -578 1445 -1496 -624 1257 442
214 -578 1441 -1496 -627 1260 443
215 -578 1442 -1496 -626 1258 443
216 -578 1442 -1497 -623 1256 441
217 -579 1443 -1493 -626 1255 441
218 -576 1443 -1496 -628 1256 441
219 -574 1444 -1495 -625 1257 441
220 -576 1442 -1495 -626 1255 445
221 -579 1442 -1495 -624 1253 440
222 -581 1442 -1495 -621 1256 442
223 -576 1449 -1495 -623 1254 441
224 -579 1444 -1494 -626 1253 444
225 -577 1446 -1493 -626 1251 439
226 -576 1447 -1493 -624 1253 440
227 -577 1446 -1493 -626 1252 442
228 -577 1447 -1495 -627 1250 441
229 -578 1445 -1496 -624 1253 442
230 -580 1445 -1495 -625 1254 439
231 -578 1444 -1494 -626 1254 440
232 -577 1445 -1496 -625 1256 447
233 -576 1446 -1496 -627 1253 446
234 -575 1444 -1493 -627 1257 444
235 -577 1443 -1496 -629 1256 446
236 -578 1445 -1496 -628 1254 440
237 -579 1444 -1496 -626 1255 447
238 -573 1445 -1493 -624 1258 446
239 -578 1447 -1495 -626 1254 445
240 -579 1440 -1497 -625 1258 441
241 -578 1446 -1493 -622 1255 444
242 -575 1446 -1496 -624 1255 443
243 -579 1444 -1492 -626 1256 442
244 -578 1447 -1492 -625 1253 444
245 -575 1446 -1491 -626 1256 439
246 -579 1442 -1496 -625 1251 441
247 -576 1443 -1496 -623 1252 441
248 -583 1444 -1496 -624 1250 441
249 -579 1444 -1493 -622 1253 441
250 -577 1442 -1493 -624 1255 440
251 -578 1444 -1494 -625 1254 442
252 -577 1445 -1495 -627 1255 444
253 -577 1448 -1493 -626 1256 444
254 -578 1444 -1496 -625 1254 444
255 -579 1444 -1495 -625 1256 446
256 -578 1449 -1492 -626 1255 448
257 -578 1444 -1493 -629 1252 439
258 -578 1443 -1494 -625 1254 443
259 -575 1446 -1495 -627 1253 442
260 -573 1448 -1497 -627 1252 443
261 -580 1445 -1497 -624 1254 444
262 -578 1448 -1493 -623 1255 439
263 -579 1447 -1493 -625 1255 443
264 -579 1443 -1494 -627 1254 443
265 -578 1445 -1495 -628 1253 440
266 -578 1441 -1494 -625 1256 445
267 -578 1444 -1491 -624 1253 444
268 -578 1447 -1491 -624 1255 442
269 -576 1446 -1492 -626 1251 444
270 -580 1445 -1497 -622 1253 445
271 -575 1450 -1493 -624 1256 443
272 -574 1445 -1494 -625 1253 442
273 -578 1445 -1491 -626 1256 440
274 -575 1447 -1492 -625 1256 443
275 -577 1444 -1493 -623 1256 444
276 -576 1448 -1493 -620 1256 443
277 -574 1448 -1492 -621 1260 444
278 -576 1445 -1494 -624 1257 445
279 -575 1444 -1492 -623 1257 442
280 -577 1446 -1493 -623 1259 449
281 -573 1450 -1492 -626 1258 444
282 -574 1448 -1494 -625 1256 441
283 -576 1447 -1492 -620 1257 443
284 -573 1449 -1495 -620 1256 442
285 -575 1449 -1490 -621 1251 443
286 -573 1449 -1494 -625 1255 444
287 -574 1448 -1492 -625 1257 446
288 -574 1445 -1496 -623 1256 445
289 -575 1448 -1490 -622 1256 441
290 -576 1447 -1492 -624 1258 442
291 -577 1449 -1490 -623 1255 446
292 -578 1445 -1492 -621 1254 442
293 -576 1452 -1490 -621 1256 445
294 -573 1450 -1491 -622 1251 446
295 -576 1447 -1490 -627 1256 445
296 -575 1446 -1495 -624 1255 447
297 -575 1447 -1491 -626 1255 442
298 -576 1444 -1493 -624 1257 443
299 -577 1446 -1491 -623 1259 444
300 -575 1448 -1495 -625 1256 446
301 -575 1447 -1490 -624 1257 445
302 -570 1443 -1494 -624 1258 449
303 -572 1445 -1492 -624 1259 445
304 -573 1447 -1491 -626 1256 442
305 -576 1447 -1491 -622 1257 444
306 -577 1447 -1492 -621 1254 444
307 -578 1446 -1494 -623 1255 447
308 -576 1444 -1496 -623 1258 448
309 -573 1447 -1491 -624 1260 445
310 -574 1445 -1491 -620 1254 446
311 -572 1448 -1492 -624 1258 447
312 -575 1448 -1490 -617 1256 445
313 -576 1448 -1493 -623 1257 445
314 -576 1449 -1491 -625 1258 444
315 -575 1446 -1490 -624 1257 444
316 -571 1449 -1492 -625 1253 444
317 -577 1447 -1496 -622 1258 446
318 -577 1447 -1494 -620 1258 446
319 -572 1447 -1490 -623 1256 444
320 -575 1446 -1491 -624 1253 445
321 -579 1444 -1493 -622 1258 446
322 -576 1447 -1492 -627 1257 446
323 -574 1446 -1491 -621 1256 448
324 -574 1445 -1491 -625 1261 445
325 -578 1448 -1494 -622 1263 444
326 -577 1450 -1490 -624 1256 444
327 -576 1443 -1492 -624 1256 437
328 -575 1447 -1494 -624 1260 444
329 -571 1447 -1495 -623 1257 443
330 -575 1447 -1493 -624 1254 446
331 -574 1447 -1495 -624 1255 444
332 -573 1449 -1492 -624 1254 443
333 -578 1447 -1490 -622 1254 448
334 -578 1446 -1490 -624 1254 442
335 -576 1446 -1491 -624 1256 445
336 -576 1444 -1492 -623 1255 447
337 -574 1445 -1491 -622 1254 447
338 -576 1446 -1493 -621 1254 445
339 -576 1444 -1493 -622 1254 443
340 -574 1451 -1491 -623 1259 444
341 -578 1446 -1491 -623 1259 443
342 -574 1449 -1493 -626 1256 444
343 -578 1446 -1492 -624 1258 447
344 -572 1447 -1492 -625 1259 445
345 -575 1449 -1493 -624 1257 444
346 -575 1445 -1493 -624 1256 448
347 -574 1448 -1492 -623 1258 446
348 -574 1448 -1495 -623 1256 446
349 -577 1447 -1490 -624 1259 443
350 -574 1442 -1494 -625 1258 442
351 -574 1449 -1493 -627 1257 446
352 -575 1445 -1493 -623 1254 444
353 -575 1448 -1493 -622 1256 446
354 -578 1448 -1492 -624 1254 443
355 -582 1443 -1495 -623 1256 443
356 -579 1445 -1495 -623 1255 448
357 -575 1450 -1490 -625 1254 445
358 -575 1451 -1490 -617 1257 448
359 -576 1446 -1491 -621 1255 448
360 -577 1446 -1491 -622 1257 444
361 -575 1445 -1491 -620 1256 446
362 -574 1448 -1489 -623 1255 443
363 -578 1446 -1494 -623 1254 447
364 -575 1448 -1493 -624 1260 442
365 -572 1449 -1494 -624 1257 442
366 -575 1446 -1492 -625 1256 445
367 -575 1447 -1492 -622 1258 443
368 -576 1448 -1491 -621 1257 445
369 -574 1446 -1491 -621 1257 447
370 -574 1447 -1492 -626 1256 444
371 -579 1449 -1494 -628 1258 443
372 -573 1448 -1490 -627 1257 445
373 -573 1448 -1496 -626 1256 446
374 -577 1447 -1497 -623 1259 445
375 -578 1446 -1494 -619 1259 447
376 -578 1447 -1493 -622 1256 443
377 -576 1446 -1491 -620 1257 448
378 -574 1447 -1493 -622 1254 445
379 -574 1447 -1490 -625 1255 445
380 -576 1449 -1491 -626 1250 445
381 -577 1446 -1491 -621 1256 443
382 -573 1449 -1492 -620 1258 446
383 -576 1447 -1491 -621 1256 444
384 -578 1445 -1490 -623 1254 446
385 -578 1450 -1492 -621 1258 443
386 -577 1445 -1493 -625 1250 440
387 -575 1447 -1496 -622 1256 446
388 -573 1444 -1491 -621 1259 447
389 -574 1446 -1494 -621 1257 445
390 -578 1447 -1490 -623 1256 445
391 -577 1448 -1492 -622 1260 447
392 -576 1450 -1493 -624 1255 447
393 -578 1443 -1491 -621 1261 448
394 -572 1449 -1491 -623 1258 446
395 -572 1447 -1490 -624 1257 448
396 -575 1450 -1492 -626 1259 447
397 -570 1449 -1490 -622 1260 446
398 -572 1448 -1490 -620 1260 446
399 -576 1451 -1490 -621 1257 447
400 -571 1450 -1491 -621 1259 446
401 -575 1447 -1490 -622 1258 448
402 -575 1450 -1491 -626 1255 448
403 -573 1448 -1494 -623 1259 448
404 -572 1451 -1491 -623 1257 447
405 -574 1445 -1492 -620 1254 446
406 -577 1444 -1496 -620 1254 447
407 -580 1447 -1490 -624 1255 444
408 -580 1448 -1492 -619 1258 444
409 -577 1447 -1494 -624 1255 444
410 -573 1449 -1493 -625 1256 446
411 -573 1447 -1495 -623 1251 445
412 -574 1443 -1495 -624 1256 443
413 -574 1447 -1492 -623 1257 445
414 -575 1446 -1490 -621 1256 446
415 -576 1447 -1493 -625 1257 447
416 -574 1445 -1493 -623 1262 450
417 -571 1447 -1491 -623 1262 445
418 -573 1447 -1493 -626 1257 443
419 -571 1449 -1492 -622 1260 446
420 -575 1448 -1490 -620 1255 444
421 -578 1446 -1491 -617 1257 445
422 -574 1448 -1493 -623 1254 445
423 -578 1448 -1491 -624 1251 446
424 -572 1446 -1493 -623 1256 441
425 -571 1449 -1491 -625 1260 446
426 -576 1445 -1493 -623 1253 444
427 -576 1446 -1491 -620 1255 444
428 -576 1451 -1491 -618 1255 442
429 -576 1447 -1494 -622 1253 444
430 -575 1448 -1495 -624 1255 444
431 -576 1447 -1490 -629 1260 446
432 -573 1444 -1495 -627 1261 446
433 -575 1446 -1491 -628 1262 443
434 -574 1449 -1494 -622 1260 444
435 -578 1446 -1491 -619 1256 444
436 -578 1447 -1494 -619 1255 443
437 -576 1451 -1493 -619 1256 447
438 -571 1449 -1491 -621 1254 448
439 -572 1447 -1490 -626 1257 446
440 -569 1449 -1493 -628 1260 444
441 -572 1443 -1494 -623 1261 445
442 -579 1447 -1493 -623 1260 444
443 -581 1447 -1491 -620 1258 444
444 -583 1443 -1496 -623 1252 446
445 -580 1446 -1494 -626 1254 446
446 -574 1446 -1494 -632 1254 443
447 -569 1446 -1497 -630 1251 443
448 -573 1444 -1494 -627 1250 443
449 -576 1446 -1495 -620 1253 442
450 -580 1450 -1492 -618 1256 443
451 -585 1443 -1493 -621 1253 444
452 -583 1445 -1491 -624 1253 444
453 -576 1447 -1493 -625 1252 445
454 -572 1446 -1495 -626 1250 443
455 -576 1446 -1497 -628 1254 442
456 -577 1446 -1492 -621 1256 445
457 -585 1450 -1493 -620 1258 440
458 -582 1443 -1494 -617 1258 442
459 -578 1448 -1493 -628 1254 445
460 -575 1448 -1495 -629 1254 445
461 -568 1445 -1495 -630 1250 443
462 -569 1446 -1498 -626 1250 445
463 -571 1447 -1492 -626 1253 446
464 -576 1445 -1495 -627 1261 444
465 -579 1446 -1491 -621 1260 440
466 -581 1443 -1493 -624 1261 446
467 -581 1444 -1491 -628 1261 444
468 -577 1446 -1496 -629 1258 447
469 -573 1445 -1493 -628 1250 442
470 -576 1446 -1492 -623 1251 442
471 -578 1447 -1495 -613 1246 442
472 -579 1446 -1496 -615 1245 446
473 -577 1446 -1491 -625 1253 444
474 -576 1449 -1495 -632 1259 441
475 -577 1443 -1495 -629 1257 441
476 -574 1444 -1490 -630 1259 444
477 -577 1448 -1495 -628 1258 443
478 -578 1446 -1491 -621 1253 445
479 -577 1448 -1492 -623 1253 442
480 -576 1445 -1496 -618 1257 444
481 -576 1448 -1491 -623 1254 443
482 -577 1445 -1494 -625 1253 442
483 -575 1442 -1496 -625 1255 442
484 -576 1446 -1494 -626 1255 446
485 -581 1443 -1493 -625 1254 441
486 -577 1444 -1496 -626 1253 444
487 -579 1445 -1494 -626 1256 444
488 -577 1447 -1493 -630 1257 441
489 -578 1444 -1495 -625 1255 443
490 -577 1443 -1493 -626 1254 444
491 -577 1444 -1496 -628 1251 444
492 -577 1445 -1494 -625 1255 443
493 -579 1447 -1496 -626 1252 443
494 -580 1445 -1493 -622 1251 442
495 -578 1445 -1493 -622 1253 442
496 -578 1444 -1497 -628 1252 442
497 -583 1446 -1496 -625 1254 442
498 -579 1447 -1497 -623 1254 443
499 -578 1447 -1495 -624 1255 445
500 -577 1447 -1496 -624 1256 444
501 -577 1447 -1492 -623 1254 442
502 -577 1447 -1495 -628 1251 444
503 -573 1447 -1495 -625 1252 444
504 -572 1448 -1492 -625 1254 447
505 -573 1446 -1493 -626 1256 445
506 -580 1444 -1494 -626 1254 442
507 -580 1442 -1495 -625 1257 443
508 -575 1445 -1498 -622 1260 444
509 -572 1445 -1491 -626 1256 444
510 -578 1444 -1495 -625 1256 442
511 -578 1444 -1496 -627 1253 443
512 -577 1444 -1494 -625 1256 440
513 -575 1446 -1494 -623 1255 445
514 -577 1445 -1494 -620 1255 445
515 -574 1447 -1494 -624 1257 449
516 -577 1446 -1490 -623 1257 444
517 -576 1448 -1492 -622 1255 446
518 -573 1447 -1495 -627 1257 444
519 -574 1445 -1492 -620 1257 445
520 -571 1448 -1494 -623 1258 445
521 -575 1448 -1492 -622 1257 447
522 -577 1444 -1492 -620 1260 440
523 -578 1444 -1492 -624 1259 445
524 -577 1449 -1490 -623 1256 446
525 -571 1448 -1490 -623 1256 448
526 -570 1449 -1492 -625 1255 446
527 -569 1449 -1493 -619 1260 446
528 -574 1449 -1489 -619 1260 448
529 -577 1449 -1486 -622 1257 444
530 -577 1448 -1491 -622 1258 443
531 -575 1449 -1491 -624 1258 446
532 -572 1448 -1492 -624 1258 444
533 -578 1448 -1490 -624 1259 448
534 -574 1448 -1492 -620 1257 446
535 -573 1447 -1491 -620 1257 446
536 -576 1445 -1491 -625 1253 444
537 -576 1447 -1493 -620 1255 446
538 -576 1448 -1491 -621 1256 446
539 -575 1445 -1490 -624 1257 445
540 -574 1448 -1495 -624 1258 446
541 -574 1445 -1489 -621 1257 443
542 -577 1451 -1486 -619 1259 449
543 -573 1447 -1491 -623 1256 445
544 -573 1450 -1490 -622 1256 446
545 -576 1445 -1492 -623 1260 448
546 -573 1447 -1492 -621 1257 446
547 -577 1447 -1490 -619 1258 447
548 -573 1450 -1486 -619 1260 445
549 -575 1449 -1490 -621 1258 447
550 -577 1448 -1493 -618 1254 446
551 -574 1450 -1490 -622 1260 446
552 -571 1445 -1492 -621 1258 446
553 -574 1449 -1490 -620 1258 448
554 -573 1449 -1488 -623 1256 446
555 -574 1446 -1489 -619 1258 446
556 -573 1451 -1491 -621 1259 447
557 -578 1448 -1492 -619 1263 445
558 -572 1448 -1491 -618 1258 446
559 -569 1447 -1490 -621 1258 445
560 -570 1449 -1490 -624 1256 449
561 -574 1449 -1490 -623 1258 448
562 -572 1449 -1488 -625 1257 448
563 -574 1447 -1492 -620 1260 448
564 -575 1449 -1490 -621 1261 448
565 -573 1445 -1494 -622 1259 444
566 -576 1447 -1491 -620 1258 447
567 -575 1451 -1489 -622 1256 446
568 -572 1445 -1490 -622 1256 445
569 -569 1449 -1491 -625 1254 447
570 -573 1451 -1492 -623 1256 447
571 -573 1447 -1492 -621 1258 446
572 -574 1454 -1489 -618 1258 448
573 -572 1449 -1488 -619 1259 445
574 -574 1447 -1494 -620 1258 449
575 -572 1451 -1490 -620 1257 449
576 -567 1450 -1492 -618 1256 447
577 -571 1449 -1488 -621 1254 447
578 -574 1448 -1490 -621 1260 447
579 -576 1450 -1493 -622 1261 445
580 -574 1447 -1490 -621 1261 445
581 -576 1448 -1489 -623 1262 448
582 -573 1447 -1491 -624 1257 444
583 -575 1446 -1495 -623 1254 446
584 -573 1446 -1490 -624 1255 445
585 -576 1449 -1492 -621 1255 445
586 -578 1446 -1494 -617 1256 446
587 -575 1449 -1492 -620 1254 447
588 -577 1445 -1492 -626 1257 447
589 -576 1451 -1490 -625 1259 447
590 -576 1446 -1493 -622 1257 446
591 -578 1445 -1490 -623 1255 447
592 -574 1450 -1492 -625 1257 446
593 -573 1449 -1493 -622 1257 443
594 -575 1444 -1493 -620 1254 447
595 -576 1448 -1492 -620 1258 447
596 -576 1448 -1494 -623 1255 446
597 -576 1445 -1491 -626 1257 445
598 -574 1449 -1491 -624 1255 445
599 -572 1451 -1492 -622 1256 444
600 -576 1450 -1492 -623 1255 443
601 -573 1446 -1493 -620 1262 446
602 -575 1449 -1491 -623 1257 446
603 -573 1446 -1491 -625 1257 444
604 -573 1446 -1492 -624 1259 445
605 -571 1448 -1492 -625 1262 444
606 -578 1447 -1495 -624 1256 446
607 -574 1444 -1493 -622 1255 444
608 -576 1447 -1492 -623 1256 447
609 -574 1449 -1491 -623 1258 446
610 -576 1445 -1496 -628 1255 442
611 -577 1444 -1492 -625 1257 442
612 -575 1447 -1493 -625 1257 445
613 -577 1446 -1495 -623 1259 445
614 -577 1448 -1491 -627 1254 442
615 -581 1445 -1490 -622 1254 441
616 -579 1443 -1493 -625 1253 441
617 -577 1445 -1494 -624 1249 442
618 -577 1445 -1498 -622 1257 444
619 -574 1448 -1490 -620 1259 444
620 -574 1447 -1491 -623 1257 444
621 -577 1448 -1491 -621 1258 447
622 -570 1446 -1493 -619 1256 446
623 -574 1449 -1488 -622 1258 445
624 -573 1448 -1492 -621 1261 446
625 -575 1444 -1495 -625 1259 446
626 -574 1447 -1493 -623 1258 443
627 -572 1444 -1488 -621 1258 444
628 -574 1448 -1493 -626 1260 444
629 -577 1447 -1491 -623 1255 444
630 -578 1450 -1492 -620 1255 443
631 -576 1450 -1489 -622 1259 445
632 -571 1446 -1489 -621 1254 443
633 -575 1445 -1493 -620 1259 446
634 -576 1449 -1492 -624 1256 444
635 -575 1448 -1492 -623 1253 443
636 -578 1449 -1491 -622 1257 444
637 -579 1444 -1491 -622 1258 442
638 -578 1447 -1493 -621 1259 447
639 -576 1449 -1491 -623 1256 444
640 -575 1446 -1491 -625 1259 446
641 -574 1446 -1495 -625 1256 446
642 -575 1446 -1491 -623 1256 446
643 -575 1448 -1492 -624 1257 445
644 -577 1445 -1496 -620 1256 446
645 -576 1450 -1494 -622 1254 445
646 -578 1445 -1493 -621 1256 442
647 -570 1446 -1491 -625 1260 446
648 -572 1449 -1492 -622 1257 446
649 -574 1448 -1489 -625 1258 445
650 -572 1448 -1490 -622 1260 445
651 -575 1449 -1492 -623 1256 442
652 -578 1446 -1491 -625 1255 444
653 -577 1445 -1494 -624 1257 445
654 -575 1449 -1494 -624 1257 447
655 -573 1446 -1492 -625 1254 449
656 -574 1448 -1491 -622 1258 446
657 -576 1449 -1490 -625 1257 445
658 -575 1449 -1491 -621 1257 445
659 -577 1446 -1492 -623 1258 444
660 -577 1450 -1492 -621 1255 443
661 -577 1448 -1490 -622 1256 446
662 -574 1447 -1488 -626 1255 446
663 -576 1447 -1494 -624 1255 446
664 -575 1446 -1492 -622 1256 445
665 -577 1445 -1491 -625 1256 445
666 -579 1448 -1493 -622 1256 443
667 -575 1451 -1488 -621 1257 443
668 -576 1448 -1492 -620 1259 445
669 -571 1451 -1492 -624 1257 449
670 -573 1447 -1491 -624 1258 445
671 -572 1447 -1494 -623 1260 447
672 -570 1451 -1489 -621 1259 449
673 -573 1447 -1492 -622 1260 449
674 -572 1446 -1493 -622 1259 446
675 -573 1447 -1490 -626 1258 446
676 -575 1446 -1493 -623 1258 445
677 -574 1445 -1493 -624 1260 449
678 -573 1451 -1492 -621 1256 446
679 -576 1449 -1488 -623 1253 442
680 -578 1443 -1497 -623 1256 444
681 -576 1448 -1491 -620 1256 444
682 -577 1445 -1495 -622 1251 447
683 -576 1446 -1490 -621 1256 447
684 -576 1443 -1492 -625 1255 444
685 -576 1447 -1491 -624 1257 445
686 -576 1448 -1489 -624 1259 447
687 -576 1450 -1490 -623 1260 447
688 -578 1449 -1491 -622 1260 446
689 -575 1448 -1490 -621 1256 445
690 -575 1446 -1491 -621 1256 446
691 -574 1447 -1494 -622 1257 445
692 -575 1449 -1494 -623 1253 444
693 -571 1447 -1492 -620 1260 447
694 -577 1448 -1491 -625 1256 444
695 -574 1449 -1494 -623 1258 445
696 -572 1449 -1492 -621 1253 441
697 -576 1444 -1494 -623 1255 444
698 -574 1447 -1491 -621 1258 444
699 -574 1446 -1492 -622 1258 445
700 -576 1445 -1497 -623 1255 446
701 -576 1447 -1492 -624 1257 446
702 -575 1447 -1494 -626 1256 444
703 -574 1446 -1492 -622 1256 443
704 -578 1446 -1493 -622 1251 443
705 -576 1448 -1493 -623 1254 444
706 -579 1444 -1494 -620 1252 443
707 -573 1448 -1491 -624 1256 447
708 -571 1446 -1490 -623 1255 448
709 -572 1447 -1493 -621 1258 447
710 -574 1447 -1491 -624 1254 443
711 -577 1449 -1492 -621 1257 444
712 -577 1445 -1491 -622 1258 446
713 -574 1445 -1488 -621 1253 443
714 -575 1449 -1492 -626 1257 447
715 -574 1448 -1492 -624 1254 444
716 -574 1448 -1491 -621 1255 449
717 -575 1446 -1493 -624 1257 442
718 -574 1450 -1494 -622 1259 448
719 -577 1446 -1493 -622 1258 446
720 -574 1447 -1491 -621 1257 443
721 -575 1449 -1492 -624 1259 446
722 -574 1450 -1493 -622 1256 445
723 -574 1451 -1491 -621 1257 450
724 -573 1449 -1487 -622 1256 445
725 -572 1451 -1489 -621 1256 445
726 -575 1445 -1494 -620 1257 444
727 -575 1447 -1490 -622 1261 448
728 -573 1450 -1489 -620 1260 449
729 -570 1450 -1490 -623 1257 445
730 -572 1447 -1490 -621 1257 447
731 -573 1447 -1489 -620 1259 447
732 -576 1447 -1491 -627 1257 446
733 -573 1450 -1491 -621 1261 451
734 -576 1449 -1490 -622 1259 450
735 -575 1447 -1493 -624 1256 443
736 -573 1446 -1495 -624 1255 447
737 -573 1447 -1490 -627 1259 446
738 -576 1448 -1493 -626 1257 447
739 -574 1449 -1494 -621 1256 445
740 -576 1447 -1490 -621 1255 444
741 -575 1447 -1493 -622 1255 444
742 -579 1446 -1493 -621 1255 445
743 -576 1447 -1494 -622 1256 444
744 -574 1448 -1492 -621 1256 448
745 -580 1447 -1495 -623 1255 444
746 -579 1448 -1496 -624 1256 443
747 -579 1447 -1493 -623 1256 443
748 -579 1447 -1494 -622 1253 447
749 -574 1446 -1493 -625 1253 444
750 -579 1447 -1494 -624 1256 446
751 -575 1448 -1493 -624 1257 444
752 -576 1446 -1494 -622 1259 445
753 -575 1448 -1492 -620 1262 443
754 -575 1449 -1489 -623 1260 445
755 -573 1447 -1491 -624 1259 447
756 -576 1447 -1493 -620 1258 442
757 -575 1446 -1492 -622 1258 445
758 -572 1448 -1494 -626 1255 444
759 -574 1446 -1493 -623 1256 443
760 -573 1445 -1494 -622 1258 441
761 -575 1444 -1494 -622 1256 444
762 -578 1450 -1492 -621 1255 447
763 -572 1448 -1490 -622 1257 445
764 -573 1448 -1493 -623 1258 447
765 -574 1450 -1491 -622 1258 444
766 -575 1449 -1494 -624 1258 445
767 -574 1449 -1491 -620 1257 445
768 -576 1449 -1489 -622 1259 445
769 -574 1450 -1489 -620 1259 447
770 -575 1449 -1490 -622 1253 446
771 -571 1449 -1492 -621 1256 445
772 -571 1449 -1492 -622 1255 450
773 -573 1449 -1491 -621 1257 446
774 -575 1447 -1494 -620 1255 445
775 -572 1449 -1489 -621 1260 445
776 -572 1449 -1490 -622 1257 446
777 -572 1448 -1491 -622 1257 446
778 -574 1448 -1493 -623 1261 445
779 -572 1449 -1489 -623 1261 444
780 -571 1449 -1491 -621 1261 446
781 -572 1446 -1491 -620 1260 447
782 -575 1445 -1489 -619 1258 449
783 -574 1450 -1491 -616 1259 446
784 -572 1450 -1491 -620 1261 447
785 -575 1448 -1488 -622 1254 448
786 -574 1448 -1491 -618 1256 448
787 -575 1450 -1490 -620 1257 442
788 -575 1451 -1490 -619 1254 443
789 -576 1450 -1490 -618 1258 446
790 -576 1449 -1489 -619 1257 448
791 -574 1449 -1490 -617 1257 446
792 -574 1450 -1491 -623 1255 445
793 -574 1450 -1492 -623 1254 447
794 -573 1449 -1491 -624 1257 444
795 -576 1448 -1490 -621 1259 445
796 -572 1446 -1490 -621 1259 440
797 -574 1446 -1496 -620 1258 444
798 -574 1449 -1489 -621 1257 446
799 -572 1447 -1489 -624 1257 444
800 -577 1447 -1492 -623 1258 444
801 -573 1446 -1490 -626 1258 443
802 -576 1443 -1492 -624 1257 444
803 -575 1449 -1489 -620 1258 446
804 -574 1449 -1490 -621 1255 443
805 -575 1447 -1491 -622 1258 447
806 -573 1449 -1491 -619 1257 446
807 -576 1448 -1492 -625 1256 450
808 -573 1451 -1491 -623 1255 445
809 -579 1445 -1492 -624 1257 444
810 -579 1450 -1493 -623 1256 445
811 -577 1448 -1490 -621 1256 447
812 -577 1447 -1492 -620 1255 448
813 -578 1447 -1491 -622 1254 445
814 -576 1451 -1490 -623 1255 446
815 -573 1450 -1491 -621 1253 446
816 -573 1447 -1492 -625 1256 446
817 -573 1447 -1491 -625 1257 444
818 -576 1448 -1495 -623 1254 445
819 -576 1448 -1492 -620 1260 446
820 -576 1449 -1494 -622 1259 444
821 -575 1447 -1492 -623 1261 444
822 -573 1444 -1493 -624 1259 446
823 -573 1448 -1491 -622 1261 447
824 -573 1449 -1491 -621 1261 450
825 -572 1446 -1491 -619 1257 446
826 -577 1447 -1493 -621 1257 448
827 -573 1448 -1491 -619 1257 446
828 -575 1449 -1490 -620 1255 446
829 -573 1451 -1491 -622 1256 446
830 -573 1447 -1490 -625 1256 447
831 -572 1451 -1492 -620 1258 447
832 -574 1451 -1491 -626 1254 445
833 -576 1449 -1494 -618 1256 444
834 -575 1450 -1491 -624 1258 446
835 -577 1447 -1493 -625 1256 444
836 -576 1449 -1489 -625 1256 444
837 -574 1449 -1494 -625 1255 443
838 -575 1449 -1491 -621 1260 448
839 -574 1447 -1491 -619 1256 448
840 -572 1451 -1492 -620 1255 446
841 -574 1448 -1490 -620 1256 451
842 -578 1448 -1491 -619 1256 445
843 -576 1450 -1491 -622 1256 444
844 -572 1449 -1491 -622 1257 446
845 -574 1449 -1490 -623 1259 447
846 -572 1449 -1490 -622 1257 447
847 -577 1448 -1495 -620 1261 446
848 -572 1453 -1492 -626 1256 443
849 -574 1445 -1492 -624 1255 446
850 -574 1445 -1495 -629 1256 447
851 -575 1446 -1495 -624 1256 444
852 -576 1445 -1493 -629 1256 446
853 -573 1446 -1494 -626 1257 445
854 -577 1447 -1494 -622 1262 446
855 -573 1449 -1490 -626 1258 445
856 -577 1445 -1492 -619 1255 443
857 -573 1446 -1490 -622 1256 448
858 -574 1449 -1489 -620 1254 445
859 -576 1448 -1492 -623 1258 443
860 -577 1452 -1492 -624 1255 443
861 -578 1446 -1491 -622 1256 446
862 -573 1446 -1492 -624 1251 442
863 -576 1446 -1494 -621 1253 447
864 -577 1446 -1490 -621 1256 444
865 -576 1449 -1491 -624 1255 445
866 -579 1447 -1493 -625 1257 444
867 -577 1447 -1490 -624 1258 442
868 -580 1447 -1490 -624 1259 441
869 -573 1445 -1493 -624 1256 443
870 -574 1446 -1491 -625 1255 445
871 -575 1447 -1491 -622 1256 443
872 -572 1445 -1491 -623 1257 442
873 -572 1447 -1496 -622 1257 446
874 -576 1446 -1494 -624 1257 445
875 -575 1446 -1494 -623 1258 442
876 -577 1444 -1492 -621 1256 442
877 -573 1445 -1491 -624 1257 445
878 -576 1447 -1492 -623 1256 443
879 -575 1446 -1493 -623 1252 444
880 -575 1447 -1491 -624 1255 446
881 -575 1449 -1492 -622 1256 442
882 -577 1448 -1495 -629 1256 444
883 -576 1448 -1492 -624 1256 442
884 -578 1448 -1495 -628 1256 443
885 -579 1448 -1493 -622 1257 446
886 -579 1448 -1490 -624 1254 443
887 -580 1446 -1492 -623 1256 445
888 -577 1447 -1491 -622 1253 445
889 -576 1449 -1491 -621 1257 446
890 -576 1446 -1493 -621 1255 446
891 -575 1442 -1494 -621 1253 443
892 -574 1447 -1493 -623 1252 444
893 -575 1447 -1495 -623 1253 443
894 -576 1446 -1495 -623 1255 447
895 -570 1445 -1493 -625 1258 442
896 -574 1444 -1493 -627 1262 444
897 -574 1447 -1498 -629 1262 447
898 -575 1444 -1490 -626 1260 442
899 -573 1444 -1496 -628 1261 443
900 -577 1447 -1490 -627 1258 443
901 -573 1447 -1494 -625 1256 446
902 -576 1448 -1493 -625 1256 445
903 -573 1450 -1492 -623 1255 446
904 -578 1445 -1490 -623 1256 443
905 -578 1447 -1494 -622 1254 445
906 -578 1446 -1492 -621 1251 439
907 -580 1448 -1491 -619 1253 445
908 -579 1448 -1492 -621 1255 440
909 -580 1445 -1490 -621 1252 444
910 -577 1449 -1493 -622 1255 445
911 -577 1445 -1496 -623 1254 443
912 -575 1449 -1491 -623 1256 442
913 -578 1446 -1493 -626 1258 441
914 -579 1443 -1492 -627 1255 444
915 -577 1444 -1495 -629 1259 447
916 -575 1449 -1492 -626 1255 443
917 -574 1442 -1494 -628 1260 442
918 -573 1444 -1494 -625 1257 440
919 -577 1444 -1495 -623 1256 443
920 -578 1445 -1495 -623 1256 447
921 -576 1446 -1493 -622 1257 444
922 -576 1447 -1493 -625 1257 444
923 -576 1445 -1495 -623 1253 444
924 -575 1444 -1495 -622 1253 440
925 -577 1447 -1495 -623 1253 442
926 -580 1445 -1494 -619 1253 444
927 -579 1444 -1492 -624 1258 446
928 -583 1446 -1492 -626 1259 441
929 -579 1444 -1494 -628 1256 444
930 -576 1447 -1491 -628 1255 444
931 -578 1443 -1494 -629 1254 444
932 -576 1446 -1495 -624 1255 441
933 -578 1448 -1495 -621 1255 444
934 -580 1445 -1495 -619 1254 445
935 -575 1447 -1493 -620 1254 443
936 -577 1448 -1494 -625 1250 444
937 -575 1446 -1493 -628 1253 443
938 -571 1446 -1495 -625 1256 442
939 -575 1444 -1492 -623 1254 448
940 -573 1449 -1493 -626 1255 444
941 -577 1444 -1495 -625 1255 444
942 -578 1448 -1492 -626 1257 445
943 -578 1448 -1492 -632 1258 444
944 -575 1443 -1492 -630 1257 445
945 -575 1445 -1495 -628 1258 447
946 -577 1446 -1494 -626 1257 445
947 -581 1445 -1494 -623 1254 444
948 -578 1445 -1497 -619 1253 443
949 -582 1446 -1495 -619 1250 441
950 -578 1446 -1493 -621 1249 445
951 -575 1446 -1495 -620 1251 443
952 -575 1446 -1493 -622 1254 445
953 -575 1447 -1496 -621 1253 442
954 -576 1449 -1494 -619 1252 446
955 -580 1447 -1492 -618 1258 449
956 -575 1447 -1493 -622 1257 443
957 -579 1447 -1493 -624 1258 445
958 -572 1447 -1491 -631 1257 443
959 -577 1447 -1495 -628 1258 443
960 -571 1446 -1493 -632 1261 446
961 -572 1447 -1494 -626 1260 447
962 -573 1447 -1495 -625 1258 446
963 -577 1448 -1490 -624 1258 444
964 -577 1446 -1493 -620 1253 442
965 -579 1448 -1498 -619 1255 446
966 -574 1450 -1492 -621 1247 442
967 -571 1448 -1491 -624 1251 442
968 -570 1449 -1494 -619 1252 444
969 -574 1449 -1491 -622 1252 444
970 -580 1445 -1491 -614 1255 445
971 -580 1447 -1490 -620 1256 441
972 -578 1447 -1491 -620 1256 444
973 -578 1444 -1493 -625 1258 444
974 -571 1446 -1494 -627 1260 444
975 -574 1451 -1491 -626 1262 446
976 -572 1445 -1492 -623 1259 448
977 -575 1450 -1492 -621 1258 445
978 -575 1449 -1490 -617 1259 445
979 -575 1450 -1492 -625 1254 444
980 -574 1449 -1494 -627 1257 446
981 -571 1448 -1493 -629 1256 445
982 -574 1448 -1492 -626 1254 441
983 -573 1444 -1490 -624 1258 445
984 -576 1448 -1493 -622 1258 442
985 -577 1443 -1491 -621 1262 445
986 -577 1448 -1494 -626 1255 445
987 -577 1445 -1489 -626 1257 447
988 -576 1447 -1491 -625 1252 448
989 -577 1446 -1493 -626 1251 441
990 -576 1447 -1492 -625 1253 446
991 -579 1445 -1492 -620 1250 444
992 -579 1447 -1493 -618 1254 445
993 -580 1449 -1493 -619 1252 442
994 -578 1444 -1496 -620 1255 447
995 -574 1446 -1494 -622 1254 443
996 -577 1446 -1493 -625 1255 441
997 -575 1447 -1493 -625 1257 445
998 -573 1448 -1493 -623 1259 446
999 -576 1447 -1491 -624 1259 444
0 -4179 1368 -1768 -4579 -3236 249
1 -4183 1368 -1769 -4579 -3235 249
2 -4179 1367 -1769 -4580 -3231 251
3 -4179 1369 -1764 -4578 -3231 254
4 -4178 1369 -1767 -4581 -3234 251
5 -4177 1370 -1764 -4580 -3231 254
6 -4177 1373 -1766 -4576 -3233 254
7 -4174 1372 -1765 -4579 -3234 256
8 -4178 1370 -1766 -4573 -3237 256
9 -4174 1371 -1767 -4575 -3231 258
10 -4171 1375 -1763 -4568 -3234 259
11 -4171 1373 -1762 -4567 -3236 258
12 -4171 1369 -1762 -4561 -3237 257
13 -4174 1373 -1764 -4557 -3235 255
14 -4168 1371 -1765 -4550 -3234 254
15 -4174 1370 -1763 -4542 -3239 254
16 -4171 1373 -1765 -4536 -3242 249
17 -4171 1372 -1768 -4528 -3243 252
18 -4172 1372 -1762 -4520 -3241 251
19 -4168 1373 -1760 -4514 -3244 252
20 -4175 1371 -1764 -4512 -3246 248
21 -4173 1369 -1765 -4507 -3249 251
22 -4171 1371 -1765 -4506 -3247 251
23 -4174 1370 -1767 -4507 -3247 250
24 -4170 1370 -1765 -4506 -3245 249
25 -4170 1369 -1765 -4510 -3245 249
26 -4169 1370 -1764 -4515 -3243 251
27 -4168 1371 -1765 -4518 -3242 251
28 -4167 1371 -1767 -4526 -3240 252
29 -4162 1371 -1765 -4533 -3240 253
30 -4161 1373 -1764 -4541 -3240 254
31 -4163 1373 -1764 -4548 -3240 256
32 -4163 1372 -1764 -4557 -3240 252
33 -4164 1368 -1762 -4563 -3237 255
34 -4165 1372 -1764 -4568 -3236 254
35 -4163 1374 -1766 -4573 -3236 253
36 -4165 1370 -1764 -4578 -3231 259
37 -4164 1369 -1764 -4580 -3233 255
38 -4166 1375 -1763 -4582 -3232 256
39 -4169 1372 -1764 -4579 -3227 259
40 -4168 1372 -1766 -4584 -3229 257
41 -4173 1371 -1765 -4586 -3228 255
42 -4174 1370 -1766 -4587 -3232 249
43 -4176 1371 -1768 -4583 -3234 250
44 -4178 1367 -1772 -4583 -3234 248
45 -4178 1363 -1770 -4582 -3230 247
46 -4177 1369 -1771 -4577 -3231 246
47 -4182 1365 -1771 -4575 -3233 247
48 -4180 1365 -1771 -4570 -3235 247
49 -4180 1366 -1773 -4567 -3233 244
50 -4180 1365 -1772 -4565 -3238 246
51 -4182 1363 -1769 -4564 -3239 246
52 -4184 1364 -1772 -4558 -3235 248
53 -4178 1367 -1769 -4556 -3239 249
54 -4179 1364 -1773 -4554 -3244 249
55 -4178 1370 -1769 -4548 -3240 252
56 -4176 1370 -1766 -4544 -3241 257
57 -4172 1372 -1766 -4542 -3247 247
58 -4172 1370 -1767 -4537 -3247 253
59 -4169 1374 -1765 -4534 -3250 255
60 -4171 1372 -1765 -4528 -3252 254
61 -4169 1377 -1765 -4522 -3254 254
62 -4170 1373 -1763 -4515 -3254 260
63 -4171 1375 -1762 -4511 -3259 252
64 -4171 1377 -1764 -4509 -3257 254
65 -4170 1374 -1759 -4509 -3255 254
66 -4170 1373 -1761 -4509 -3254 252
67 -4170 1373 -1762 -4505 -3253 250
68 -4168 1376 -1763 -4510 -3252 255
69 -4167 1373 -1762 -4515 -3253 249
70 -4167 1373 -1763 -4520 -3254 247
71 -4165 1370 -1764 -4525 -3252 249
72 -4163 1371 -1768 -4534 -3247 252
73 -4158 1371 -1769 -4541 -3251 249
74 -4161 1370 -1771 -4548 -3250 250
75 -4157 1372 -1772 -4557 -3249 245
76 -4158 1369 -1772 -4565 -3245 249
77 -4156 1366 -1778 -4578 -3250 247
78 -4161 1365 -1775 -4581 -3244 245
79 -4158 1364 -1774 -4586 -3245 248
80 -4159 1366 -1775 -4593 -3246 245
81 -4161 1364 -1775 -4595 -3245 247
82 -4161 1363 -1774 -4594 -3242 249
83 -4161 1364 -1775 -4595 -3247 247
84 -4160 1366 -1771 -4595 -3243 250
85 -4158 1364 -1773 -4597 -3246 248
86 -4161 1366 -1770 -4591 -3246 249
87 -4161 1371 -1773 -4587 -3251 251
88 -4165 1371 -1770 -4583 -3251 252
89 -4162 1369 -1769 -4578 -3252 254
90 -4167 1372 -1768 -4574 -3249 254
91 -4165 1367 -1768 -4571 -3253 254
92 -4168 1371 -1767 -4563 -3247 256
93 -4168 1369 -1767 -4563 -3251 251
94 -4167 1368 -1766 -4556 -3251 256
95 -4169 1372 -1766 -4553 -3250 253
96 -4169 1370 -1767 -4547 -3251 254
97 -4165 1373 -1763 -4539 -3252 252
98 -4171 1371 -1767 -4535 -3255 256
99 -4171 1373 -1768 -4531 -3253 251
100 -4167 1374 -1766 -4527 -3252 248
101 -4167 1373 -1766 -4522 -3258 252
102 -4170 1371 -1770 -4519 -3254 249
103 -4169 1373 -1771 -4513 -3255 250
104 -4174 1371 -1769 -4511 -3253 251
105 -4170 1366 -1773 -4512 -3253 248
106 -4167 1367 -1768 -4510 -3250 247
107 -4173 1367 -1770 -4511 -3249 251
108 -4174 1371 -1766 -4512 -3247 248
109 -4174 1368 -1766 -4516 -3244 244
110 -4178 1371 -1766 -4517 -3248 244
111 -4175 1369 -1767 -4522 -3248 247
112 -4176 1374 -1769 -4525 -3247 248
113 -4177 1368 -1770 -4528 -3246 254
114 -4173 1374 -1766 -4537 -3241 250
115 -4171 1372 -1768 -4542 -3239 250
116 -4171 1374 -1765 -4551 -3236 254
117 -4176 1370 -1763 -4560 -3233 255
118 -4175 1373 -1763 -4567 -3232 253
119 -4174 1371 -1760 -4574 -3231 256
120 -4176 1369 -1765 -4581 -3227 258
121 -4175 1371 -1762 -4586 -3229 250
122 -4173 1369 -1768 -4592 -3229 249
123 -4173 1374 -1766 -4594 -3230 250
124 -4171 1367 -1767 -4593 -3232 252
125 -4168 1371 -1771 -4593 -3227 254
126 -4174 1369 -1769 -4592 -3229 252
127 -4177 1367 -1772 -4587 -3229 253
128 -4181 1368 -1768 -4587 -3231 249
129 -4179 1364 -1770 -4586 -3229 249
130 -4182 1363 -1772 -4577 -3232 248
131 -4180 1363 -1774 -4574 -3233 248
132 -4180 1361 -1773 -4570 -3234 245
133 -4179 1364 -1772 -4565 -3236 249
134 -4175 1363 -1771 -4560 -3239 247
135 -4173 1364 -1770 -4562 -3240 248
136 -4172 1365 -1770 -4556 -3241 245
137 -4175 1366 -1768 -4551 -3241 247
138 -4171 1369 -1768 -4544 -3244 252
139 -4170 1370 -1768 -4542 -3241 252
140 -4172 1369 -1766 -4540 -3242 253
141 -4170 1369 -1764 -4535 -3242 255
142 -4168 1377 -1761 -4531 -3243 259
143 -4166 1377 -1758 -4525 -3244 255
144 -4163 1377 -1761 -4523 -3248 260
145 -4165 1378 -1757 -4524 -3250 259
146 -4161 1380 -1758 -4516 -3246 260
147 -4163 1380 -1757 -4514 -3250 262
148 -4164 1378 -1760 -4514 -3249 259
149 -4166 1379 -1757 -4514 -3249 258
150 -4165 1378 -1756 -4514 -3247 255
151 -4163 1379 -1759 -4519 -3248 255
152 -4169 1374 -1762 -4517 -3247 251
153 -4167 1375 -1765 -4520 -3248 255
154 -4168 1375 -1762 -4521 -3247 253
155 -4166 1370 -1764 -4526 -3247 253
156 -4164 1371 -1767 -4533 -3246 246
157 -4162 1371 -1770 -4539 -3243 248
158 -4164 1370 -1769 -4548 -3243 247
159 -4166 1369 -1774 -4553 -3243 248
160 -4168 1368 -1771 -4563 -3238 245
161 -4162 1366 -1770 -4570 -3237 252
162 -4161 1367 -1769 -4578 -3234 254
163 -4160 1366 -1766 -4581 -3231 252
164 -4160 1368 -1770 -4586 -3233 252
165 -4163 1368 -1769 -4595 -3235 252
166 -4161 1367 -1773 -4596 -3237 251
167 -4160 1373 -1770 -4595 -3236 253
168 -4163 1371 -1771 -4591 -3238 254
169 -4167 1372 -1770 -4592 -3238 257
170 -4164 1373 -1766 -4589 -3239 257
171 -4170 1374 -1765 -4582 -3237 256
172 -4174 1374 -1761 -4577 -3238 256
173 -4178 1370 -1761 -4569 -3240 256
174 -4178 1371 -1761 -4567 -3240 253
175 -4180 1370 -1761 -4559 -3243 256
176 -4178 1373 -1764 -4554 -3246 255
177 -4177 1370 -1769 -4551 -3244 252
178 -4176 1373 -1768 -4544 -3249 254
179 -4174 1375 -1767 -4541 -3250 251
180 -4172 1372 -1768 -4537 -3251 253
181 -4176 1372 -1768 -4535 -3251 249
182 -4173 1369 -1772 -4531 -3252 250
183 -4175 1370 -1770 -4525 -3252 250
184 -4175 1366 -1768 -4525 -3248 247
185 -4173 1367 -1771 -4523 -3253 247
186 -4171 1366 -1767 -4522 -3249 245
187 -4167 1369 -1769 -4520 -3252 248
188 -4163 1366 -1769 -4517 -3253 249
189 -4165 1368 -1769 -4520 -3250 249
190 -4157 1369 -1769 -4518 -3254 253
191 -4161 1373 -1770 -4514 -3252 248
192 -4164 1373 -1769 -4523 -3251 252
193 -4162 1372 -1766 -4523 -3253 252
194 -4164 1371 -1766 -4525 -3253 248
195 -4166 1370 -1764 -4524 -3252 256
196 -4170 1372 -1763 -4527 -3252 253
197 -4167 1374 -1762 -4530 -3251 252
198 -4165 1379 -1762 -4534 -3256 253
199 -4167 1375 -1763 -4537 -3254 255
200 -4163 1377 -1768 -4542 -3250 256
201 -4162 1378 -1763 -4550 -3250 253
202 -4165 1376 -1766 -4560 -3247 250
203 -4166 1375 -1768 -4563 -3247 252
204 -4164 1370 -1767 -4569 -3243 248
205 -4171 1368 -1768 -4573 -3243 251
206 -4167 1367 -1767 -4580 -3243 250
207 -4168 1367 -1769 -4587 -3244 249
208 -4164 1365 -1769 -4591 -3241 247
209 -4164 1365 -1772 -4593 -3244 249
210 -4163 1365 -1776 -4595 -3245 245
211 -4162 1362 -1780 -4593 -3243 246
212 -4158 1366 -1777 -4592 -3243 251
213 -4160 1363 -1777 -4588 -3244 250
214 -4162 1363 -1777 -4582 -3244 248
215 -4162 1363 -1773 -4580 -3243 246
216 -4171 1365 -1773 -4576 -3243 249
217 -4176 1362 -1772 -4569 -3246 249
218 -4174 1361 -1772 -4557 -3248 247
219 -4174 1365 -1772 -4553 -3247 250
220 -4172 1367 -1765 -4546 -3250 249
221 -4176 1371 -1766 -4537 -3247 249
222 -4171 1375 -1763 -4532 -3251 250
223 -4173 1374 -1762 -4527 -3253 254
224 -4176 1373 -1764 -4528 -3254 256
225 -4179 1375 -1765 -4517 -3251 255
226 -4176 1376 -1758 -4518 -3249 257
227 -4174 1378 -1761 -4518 -3248 257
228 -4178 1374 -1761 -4520 -3249 255
229 -4178 1377 -1760 -4522 -3245 255
230 -4174 1378 -1759 -4526 -3245 255
231 -4174 1374 -1761 -4525 -3243 253
232 -4173 1372 -1760 -4527 -3243 252
233 -4172 1372 -1765 -4531 -3243 252
234 -4169 1370 -1769 -4532 -3240 252
235 -4170 1370 -1767 -4534 -3240 251
236 -4173 1367 -1769 -4539 -3237 248
237 -4173 1371 -1770 -4541 -3238 248
238 -4171 1366 -1770 -4544 -3237 246
239 -4176 1362 -1771 -4548 -3238 248
240 -4173 1361 -1771 -4555 -3233 247
241 -4174 1362 -1772 -4556 -3236 244
242 -4174 1362 -1773 -4559 -3236 245
243 -4176 1362 -1774 -4562 -3233 245
244 -4177 1364 -1772 -4566 -3231 246
245 -4175 1363 -1769 -4568 -3230 247
246 -4175 1364 -1770 -4570 -3230 247
247 -4178 1365 -1772 -4576 -3231 250
248 -4178 1367 -1767 -4579 -3230 251
249 -4179 1370 -1768 -4579 -3228 255
250 -4175 1367 -1766 -4585 -3227 255
251 -4176 1371 -1762 -4588 -3227 255
252 -4176 1371 -1764 -4589 -3232 252
253 -4173 1369 -1763 -4588 -3232 256
254 -4176 1371 -1765 -4585 -3234 256
255 -4173 1374 -1764 -4583 -3236 257
256 -4173 1371 -1765 -4583 -3237 255
257 -4172 1371 -1767 -4580 -3238 255
258 -4176 1370 -1766 -4573 -3240 252
259 -4174 1370 -1766 -4567 -3243 252
260 -4173 1367 -1766 -4563 -3241 252
261 -4176 1367 -1766 -4558 -3243 251
262 -4177 1360 -1768 -4551 -3242 249
263 -4172 1365 -1770 -4544 -3247 245
264 -4170 1365 -1768 -4538 -3250 244
265 -4171 1362 -1772 -4531 -3257 246
266 -4166 1365 -1772 -4527 -3252 242
267 -4169 1367 -1771 -4523 -3255 246
268 -4169 1363 -1774 -4517 -3256 247
269 -4170 1365 -1772 -4514 -3259 248
270 -4171 1368 -1773 -4518 -3256 246
271 -4171 1368 -1771 -4514 -3259 248
272 -4172 1369 -1770 -4521 -3258 250
273 -4172 1370 -1765 -4520 -3254 254
274 -4170 1371 -1765 -4523 -3254 251
275 -4165 1372 -1762 -4525 -3255 249
276 -4163 1372 -1762 -4532 -3253 251
277 -4164 1374 -1763 -4534 -3253 253
278 -4162 1378 -1763 -4536 -3254 256
279 -4159 1377 -1765 -4542 -3253 255
280 -4161 1378 -1762 -4550 -3252 256
281 -4161 1373 -1763 -4553 -3252 255
282 -4165 1375 -1766 -4555 -3250 252
283 -4161 1375 -1765 -4557 -3250 252
284 -4163 1376 -1767 -4560 -3246 249
285 -4164 1370 -1772 -4567 -3250 249
286 -4165 1367 -1771 -4573 -3247 248
287 -4162 1367 -1775 -4571 -3244 246
288 -4164 1366 -1774 -4571 -3248 244
289 -4161 1365 -1773 -4576 -3248 247
290 -4161 1362 -1777 -4579 -3248 242
291 -4166 1364 -1779 -4571 -3248 242
292 -4168 1362 -1780 -4571 -3247 243
293 -4169 1360 -1777 -4573 -3245 243
294 -4169 1363 -1777 -4573 -3248 244
295 -4169 1362 -1775 -4569 -3249 242
296 -4170 1366 -1774 -4568 -3250 244
297 -4170 1366 -1774 -4565 -3251 246
298 -4171 1365 -1774 -4562 -3252 248
299 -4171 1369 -1770 -4559 -3251 252
300 -4169 1367 -1767 -4558 -3255 247
301 -4169 1373 -1770 -4555 -3253 251
302 -4172 1372 -1767 -4549 -3252 251
303 -4173 1375 -1762 -4546 -3256 256
304 -4174 1376 -1763 -4543 -3257 256
305 -4172 1377 -1762 -4536 -3255 257
306 -4175 1377 -1759 -4533 -3254 255
307 -4173 1377 -1759 -4529 -3258 258
308 -4175 1376 -1763 -4528 -3258 256
309 -4173 1377 -1763 -4523 -3255 253
310 -4171 1375 -1761 -4523 -3256 252
311 -4177 1375 -1767 -4520 -3255 252
312 -4173 1373 -1762 -4522 -3253 251
313 -4174 1372 -1768 -4522 -3259 246
314 -4174 1369 -1766 -4520 -3251 247
315 -4177 1367 -1768 -4521 -3252 245
316 -4176 1366 -1772 -4523 -3250 242
317 -4177 1364 -1768 -4527 -3249 244
318 -4175 1365 -1772 -4527 -3247 245
319 -4171 1364 -1774 -4533 -3246 243
320 -4173 1365 -1770 -4540 -3247 240
321 -4169 1365 -1774 -4541 -3244 244
322 -4170 1363 -1775 -4547 -3242 244
323 -4172 1366 -1776 -4553 -3238 241
324 -4172 1362 -1774 -4559 -3238 247
325 -4173 1366 -1774 -4565 -3231 248
326 -4176 1364 -1768 -4570 -3230 248
327 -4169 1365 -1768 -4569 -3231 254
328 -4168 1371 -1765 -4577 -3232 255
329 -4168 1368 -1768 -4581 -3230 255
330 -4169 1369 -1768 -4581 -3230 258
331 -4170 1369 -1765 -4588 -3233 253
332 -4169 1372 -1766 -4588 -3230 256
333 -4168 1374 -1766 -4591 -3227 256
334 -4170 1373 -1765 -4593 -3228 258
335 -4171 1370 -1764 -4589 -3228 256
336 -4172 1371 -1761 -4590 -3229 255
337 -4172 1369 -1766 -4588 -3225 256
338 -4174 1367 -1766 -4585 -3228 256
339 -4176 1364 -1763 -4580 -3232 253
340 -4177 1366 -1766 -4579 -3230 250
341 -4177 1367 -1768 -4576 -3233 249
342 -4176 1363 -1771 -4568 -3232 251
343 -4174 1365 -1773 -4566 -3237 249
344 -4176 1364 -1771 -4564 -3238 243
345 -4178 1362 -1776 -4561 -3235 245
346 -4175 1364 -1774 -4555 -3237 247
347 -4177 1359 -1774 -4553 -3238 246
348 -4180 1359 -1775 -4549 -3239 246
349 -4179 1359 -1775 -4541 -3238 244
350 -4179 1360 -1772 -4540 -3243 244
351 -4179 1360 -1771 -4536 -3244 244
352 -4178 1364 -1771 -4537 -3244 246
353 -4181 1363 -1773 -4535 -3245 246
354 -4179 1363 -1768 -4532 -3247 249
355 -4175 1365 -1769 -4530 -3247 252
356 -4174 1370 -1765 -4532 -3246 249
357 -4175 1369 -1766 -4530 -3247 254
358 -4175 1370 -1763 -4531 -3244 252
359 -4177 1372 -1763 -4532 -3245 251
360 -4176 1373 -1761 -4533 -3246 255
361 -4177 1372 -1759 -4532 -3252 251
362 -4178 1373 -1761 -4536 -3249 253
363 -4177 1375 -1761 -4534 -3250 254
364 -4175 1378 -1760 -4535 -3247 255
365 -4176 1376 -1767 -4538 -3245 254
366 -4176 1374 -1765 -4541 -3248 252
367 -4179 1370 -1767 -4544 -3249 248
368 -4178 1366 -1768 -4543 -3250 246
369 -4181 1368 -1768 -4549 -3247 246
370 -4180 1364 -1770 -4553 -3249 245
371 -4179 1363 -1771 -4556 -3246 246
372 -4175 1361 -1774 -4559 -3249 243
373 -4175 1364 -1775 -4565 -3246 239
374 -4177 1361 -1776 -4570 -3248 245
375 -4176 1360 -1782 -4569 -3250 241
376 -4172 1364 -1780 -4570 -3250 243
377 -4170 1362 -1776 -4576 -3248 243
378 -4172 1360 -1784 -4573 -3248 244
379 -4170 1360 -1775 -4575 -3248 247
380 -4170 1362 -1774 -4572 -3244 247
381 -4166 1369 -1770 -4571 -3244 252
382 -4167 1367 -1767 -4569 -3249 249
383 -4167 1368 -1766 -4568 -3246 254
384 -4161 1369 -1767 -4563 -3248 256
385 -4161 1372 -1765 -4563 -3247 257
386 -4161 1375 -1760 -4556 -3249 260
387 -4159 1377 -1762 -4556 -3249 257
388 -4160 1376 -1762 -4556 -3249 259
389 -4160 1377 -1765 -4555 -3246 256
390 -4161 1376 -1763 -4551 -3245 256
391 -4162 1377 -1765 -4553 -3250 257
392 -4163 1371 -1767 -4548 -3251 254
393 -4155 1375 -1764 -4549 -3254 253
394 -4156 1369 -1767 -4549 -3251 250
395 -4156 1368 -1768 -4549 -3250 251
396 -4155 1370 -1773 -4549 -3256 245
397 -4158 1366 -1779 -4548 -3250 245
398 -4155 1365 -1776 -4550 -3253 246
399 -4154 1364 -1778 -4550 -3248 244
400 -4160 1359 -1779 -4548 -3248 246
401 -4160 1362 -1774 -4550 -3250 243
402 -4162 1362 -1777 -4550 -3250 240
403 -4161 1358 -1777 -4548 -3250 244
404 -4162 1359 -1776 -4551 -3250 243
405 -4166 1364 -1777 -4552 -3253 242
406 -4168 1362 -1778 -4549 -3253 242
407 -4168 1364 -1776 -4550 -3254 245
408 -4164 1367 -1775 -4546 -3253 245
409 -4166 1373 -1768 -4550 -3252 247
410 -4165 1369 -1770 -4550 -3252 251
411 -4174 1373 -1768 -4551 -3254 251
412 -4173 1372 -1763 -4551 -3252 254
413 -4176 1372 -1763 -4552 -3254 255
414 -4178 1372 -1763 -4550 -3249 257
415 -4178 1376 -1759 -4551 -3250 258
416 -4179 1376 -1762 -4555 -3251 254
417 -4176 1377 -1761 -4554 -3249 259
418 -4177 1376 -1762 -4555 -3247 254
419 -4175 1378 -1763 -4560 -3250 257
420 -4178 1374 -1766 -4558 -3249 251
421 -4182 1368 -1767 -4562 -3249 250
422 -4180 1368 -1769 -4563 -3247 251
423 -4177 1368 -1770 -4564 -3243 249
424 -4179 1363 -1777 -4561 -3249 244
425 -4182 1365 -1772 -4562 -3245 246
426 -4182 1358 -1778 -4558 -3246 241
427 -4183 1359 -1775 -4552 -3245 239
428 -4182 1358 -1775 -4547 -3246 241
429 -4178 1360 -1775 -4547 -3245 240
430 -4179 1358 -1773 -4543 -3238 241
431 -4178 1363 -1774 -4539 -3241 241
432 -4179 1359 -1772 -4537 -3242 241
433 -4179 1366 -1773 -4536 -3244 245
434 -4181 1364 -1772 -4537 -3245 242
435 -4181 1369 -1771 -4531 -3243 246
436 -4182 1366 -1767 -4532 -3246 247
437 -4180 1371 -1765 -4533 -3242 251
438 -4181 1370 -1766 -4535 -3236 250
439 -4182 1370 -1764 -4540 -3238 252
440 -4182 1373 -1763 -4546 -3239 254
441 -4178 1375 -1763 -4545 -3236 255
442 -4179 1372 -1761 -4554 -3236 255
443 -4176 1372 -1763 -4557 -3231 255
444 -4174 1374 -1763 -4559 -3233 257
445 -4173 1370 -1762 -4564 -3228 255
446 -4174 1372 -1766 -4564 -3228 254
447 -4172 1369 -1762 -4568 -3226 256
448 -4173 1367 -1768 -4569 -3230 255
449 -4174 1366 -1767 -4573 -3230 249
450 -4176 1363 -1768 -4572 -3229 249
451 -4180 1360 -1772 -4575 -3228 246
452 -4176 1359 -1773 -4575 -3225 246
453 -4178 1360 -1771 -4574 -3226 245
454 -4179 1361 -1774 -4573 -3224 242
455 -4179 1362 -1772 -4572 -3224 244
456 -4182 1357 -1773 -4575 -3226 243
457 -4182 1357 -1775 -4575 -3227 243
458 -4183 1358 -1774 -4574 -3225 240
459 -4185 1359 -1775 -4572 -3223 249
460 -4183 1359 -1772 -4576 -3227 244
461 -4181 1364 -1774 -4572 -3230 246
462 -4182 1366 -1771 -4572 -3233 250
463 -4183 1364 -1771 -4573 -3232 250
464 -4183 1367 -1769 -4576 -3232 250
465 -4179 1367 -1770 -4572 -3232 254
466 -4177 1367 -1766 -4569 -3232 251
467 -4177 1370 -1766 -4570 -3232 252
468 -4176 1370 -1765 -4568 -3234 254
469 -4173 1369 -1766 -4566 -3234 254
470 -4176 1369 -1763 -4560 -3236 256
471 -4169 1371 -1769 -4561 -3239 254
472 -4167 1370 -1767 -4554 -3242 252
473 -4167 1373 -1765 -4544 -3243 254
474 -4166 1374 -1767 -4543 -3242 250
475 -4165 1370 -1767 -4540 -3249 251
476 -4167 1368 -1772 -4537 -3250 252
477 -4168 1368 -1772 -4533 -3251 245
478 -4168 1362 -1773 -4526 -3250 247
479 -4171 1367 -1769 -4528 -3255 246
480 -4171 1366 -1773 -4524 -3257 243
481 -4171 1364 -1772 -4522 -3257 239
482 -4174 1362 -1774 -4523 -3258 243
483 -4172 1366 -1774 -4525 -3262 243
484 -4171 1369 -1775 -4524 -3263 241
485 -4173 1370 -1777 -4527 -3265 243
486 -4174 1370 -1773 -4528 -3270 245
487 -4170 1370 -1774 -4532 -3267 245
488 -4171 1370 -1771 -4537 -3264 249
489 -4174 1369 -1768 -4541 -3267 248
490 -4172 1371 -1771 -4543 -3264 249
491 -4170 1369 -1768 -4551 -3263 249
492 -4170 1373 -1766 -4553 -3265 250
493 -4166 1373 -1768 -4558 -3266 252
494 -4165 1376 -1770 -4554 -3263 254
495 -4158 1380 -1765 -4556 -3264 258
496 -4162 1375 -1769 -4559 -3266 254
497 -4160 1379 -1768 -4559 -3262 258
498 -4158 1376 -1766 -4562 -3261 256
499 -4162 1373 -1767 -4557 -3262 252
500 -4160 1371 -1771 -4561 -3262 254
501 -4163 1370 -1770 -4558 -3259 253
502 -4159 1369 -1769 -4558 -3256 252
503 -4157 1368 -1770 -4562 -3262 248
504 -4159 1367 -1774 -4558 -3255 246
505 -4157 1366 -1778 -4559 -3254 249
506 -4153 1367 -1775 -4559 -3255 247
507 -4158 1366 -1774 -4558 -3253 249
508 -4154 1368 -1774 -4560 -3252 244
509 -4156 1363 -1773 -4560 -3255 246
510 -4159 1363 -1777 -4557 -3253 247
511 -4161 1366 -1772 -4560 -3255 246
512 -4160 1366 -1777 -4554 -3252 250
513 -4159 1369 -1770 -4557 -3252 249
514 -4159 1371 -1770 -4551 -3248 251
515 -4160 1369 -1768 -4553 -3246 252
516 -4159 1372 -1768 -4547 -3246 253
517 -4163 1373 -1764 -4545 -3247 254
518 -4161 1375 -1764 -4542 -3244 259
519 -4162 1377 -1761 -4542 -3243 255
520 -4162 1373 -1762 -4539 -3243 259
521 -4161 1376 -1757 -4543 -3243 254
522 -4166 1374 -1763 -4539 -3242 258
523 -4166 1375 -1764 -4536 -3242 256
524 -4167 1378 -1761 -4541 -3248 254
525 -4168 1371 -1764 -4540 -3242 253
526 -4170 1374 -1764 -4545 -3239 254
527 -4172 1375 -1764 -4546 -3236 254
528 -4170 1370 -1766 -4552 -3238 252
529 -4174 1366 -1769 -4557 -3238 246
530 -4178 1363 -1767 -4554 -3236 248
531 -4179 1368 -1769 -4559 -3234 249
532 -4182 1366 -1770 -4558 -3236 251
533 -4179 1365 -1770 -4560 -3232 249
534 -4178 1364 -1771 -4561 -3230 247
535 -4182 1366 -1770 -4560 -3231 248
536 -4180 1364 -1770 -4561 -3231 245
537 -4185 1363 -1772 -4558 -3231 249
538 -4185 1365 -1770 -4558 -3228 246
539 -4184 1366 -1768 -4557 -3230 248
540 -4183 1368 -1768 -4557 -3234 248
541 -4189 1369 -1767 -4555 -3231 249
542 -4183 1368 -1762 -4554 -3230 253
543 -4184 1373 -1765 -4555 -3236 255
544 -4188 1373 -1763 -4551 -3234 249
545 -4186 1371 -1763 -4555 -3235 254
546 -4183 1371 -1761 -4555 -3234 251
547 -4186 1367 -1762 -4555 -3236 253
548 -4183 1372 -1762 -4554 -3237 253
549 -4182 1373 -1762 -4556 -3236 255
550 -4179 1368 -1765 -4554 -3235 253
551 -4176 1371 -1762 -4552 -3236 256
552 -4176 1372 -1763 -4553 -3237 252
553 -4177 1369 -1766 -4553 -3238 252
554 -4171 1369 -1766 -4553 -3236 252
555 -4173 1371 -1764 -4552 -3240 253
556 -4172 1368 -1768 -4551 -3236 251
557 -4171 1366 -1767 -4549 -3237 247
558 -4173 1364 -1767 -4549 -3238 250
559 -4172 1364 -1767 -4547 -3239 244
560 -4172 1363 -1772 -4548 -3237 246
561 -4170 1365 -1770 -4545 -3242 247
562 -4166 1365 -1774 -4540 -3239 247
563 -4168 1367 -1773 -4539 -3243 247
564 -4169 1365 -1773 -4537 -3241 247
565 -4168 1368 -1771 -4537 -3242 249
566 -4169 1368 -1770 -4539 -3241 247
567 -4175 1369 -1766 -4539 -3243 247
568 -4170 1367 -1764 -4540 -3242 251
569 -4172 1369 -1765 -4543 -3240 251
570 -4171 1370 -1763 -4550 -3238 252
571 -4168 1371 -1764 -4555 -3238 254
572 -4169 1369 -1763 -4559 -3242 253
573 -4166 1369 -1763 -4569 -3236 254
574 -4165 1374 -1763 -4571 -3236 256
575 -4168 1372 -1768 -4577 -3236 259
576 -4164 1374 -1768 -4580 -3234 258
577 -4164 1375 -1762 -4581 -3237 255
578 -4165 1373 -1763 -4580 -3235 261
579 -4167 1370 -1765 -4580 -3236 255
580 -4170 1371 -1766 -4576 -3233 256
581 -4173 1368 -1765 -4572 -3236 256
582 -4169 1370 -1767 -4566 -3241 252
583 -4171 1368 -1767 -4566 -3242 247
584 -4174 1365 -1771 -4560 -3242 250
585 -4177 1367 -1771 -4554 -3244 247
586 -4174 1366 -1773 -4552 -3246 243
587 -4178 1367 -1770 -4547 -3246 245
588 -4177 1367 -1771 -4542 -3246 240
589 -4177 1367 -1774 -4540 -3250 243
590 -4180 1366 -1770 -4531 -3250 247
591 -4176 1369 -1772 -4533 -3254 246
592 -4176 1373 -1771 -4532 -3253 248
593 -4176 1369 -1768 -4529 -3254 247
594 -4175 1369 -1772 -4528 -3251 250
595 -4177 1370 -1768 -4528 -3256 252
596 -4174 1372 -1766 -4531 -3251 255
597 -4172 1374 -1764 -4534 -3254 252
598 -4167 1374 -1764 -4534 -3256 254
599 -4165 1376 -1764 -4533 -3254 256
600 -4163 1375 -1763 -4532 -3253 258
601 -4159 1379 -1757 -4536 -3254 257
602 -4162 1379 -1759 -4531 -3254 262
603 -4157 1381 -1759 -4527 -3255 259
604 -4156 1380 -1762 -4531 -3262 258
605 -4159 1377 -1764 -4531 -3260 260
606 -4160 1379 -1762 -4527 -3260 258
607 -4158 1379 -1766 -4528 -3259 256
608 -4158 1378 -1760 -4527 -3260 253
609 -4159 1375 -1763 -4525 -3260 255
610 -4161 1375 -1764 -4529 -3259 251
611 -4159 1372 -1769 -4529 -3262 248
612 -4161 1373 -1770 -4534 -3260 249
613 -4159 1370 -1770 -4535 -3261 245
614 -4158 1370 -1770 -4540 -3259 246
615 -4154 1371 -1771 -4545 -3258 247
616 -4156 1372 -1769 -4552 -3255 247
617 -4155 1370 -1773 -4557 -3258 248
618 -4154 1371 -1772 -4561 -3254 250
619 -4156 1366 -1772 -4565 -3253 251
620 -4154 1366 -1775 -4576 -3255 252
621 -4155 1371 -1773 -4577 -3250 251
622 -4151 1371 -1772 -4577 -3250 254
623 -4152 1374 -1770 -4581 -3249 253
624 -4153 1372 -1768 -4580 -3249 256
625 -4151 1371 -1766 -4579 -3247 256
626 -4153 1374 -1763 -4571 -3243 259
627 -4153 1371 -1765 -4567 -3247 259
628 -4156 1375 -1763 -4562 -3247 256
629 -4155 1376 -1764 -4557 -3249 260
630 -4158 1377 -1761 -4552 -3244 258
631 -4161 1378 -1763 -4548 -3248 258
632 -4165 1376 -1761 -4545 -3247 259
633 -4164 1377 -1758 -4543 -3247 255
634 -4165 1372 -1761 -4542 -3243 256
635 -4165 1377 -1760 -4541 -3245 256
636 -4168 1373 -1765 -4536 -3240 254
637 -4167 1374 -1764 -4537 -3239 255
638 -4169 1372 -1764 -4536 -3237 253
639 -4174 1372 -1763 -4536 -3234 257
640 -4174 1374 -1763 -4541 -3235 251
641 -4173 1371 -1768 -4538 -3234 253
642 -4174 1370 -1769 -4542 -3232 251
643 -4174 1368 -1767 -4545 -3229 252
644 -4174 1368 -1768 -4545 -3227 251
645 -4172 1366 -1765 -4547 -3225 251
646 -4172 1370 -1764 -4547 -3224 256
647 -4171 1365 -1764 -4550 -3223 252
648 -4174 1367 -1769 -4554 -3225 251
649 -4176 1368 -1764 -4551 -3222 253
650 -4173 1367 -1766 -4552 -3219 252
651 -4175 1372 -1760 -4550 -3217 256
652 -4178 1370 -1762 -4552 -3219 256
653 -4183 1369 -1762 -4550 -3220 256
654 -4181 1370 -1760 -4552 -3218 254
655 -4183 1376 -1759 -4552 -3220 256
656 -4184 1372 -1759 -4556 -3218 258
657 -4184 1372 -1758 -4557 -3220 257
658 -4184 1373 -1762 -4564 -3222 256
659 -4185 1375 -1762 -4569 -3218 253
660 -4187 1370 -1764 -4569 -3219 255
661 -4187 1373 -1761 -4574 -3218 255
662 -4185 1368 -1765 -4575 -3222 251
663 -4188 1369 -1767 -4578 -3222 253
664 -4190 1367 -1768 -4574 -3222 251
665 -4188 1367 -1765 -4576 -3227 249
666 -4187 1366 -1768 -4573 -3228 248
667 -4184 1368 -1770 -4572 -3229 250
668 -4188 1366 -1768 -4570 -3233 249
669 -4187 1365 -1770 -4563 -3233 249
670 -4185 1364 -1770 -4557 -3234 247
671 -4184 1366 -1769 -4553 -3236 248
672 -4184 1365 -1771 -4550 -3242 247
673 -4181 1366 -1771 -4545 -3243 246
674 -4183 1366 -1769 -4535 -3246 246
675 -4180 1367 -1767 -4535 -3248 246
676 -4182 1367 -1769 -4526 -3252 246
677 -4180 1368 -1768 -4525 -3256 250
678 -4175 1371 -1765 -4520 -3255 251
679 -4174 1371 -1766 -4523 -3258 253
680 -4170 1376 -1765 -4521 -3262 249
681 -4170 1375 -1763 -4519 -3261 253
682 -4167 1375 -1763 -4520 -3261 252
683 -4166 1376 -1764 -4526 -3260 254
684 -4162 1374 -1764 -4527 -3261 256
685 -4159 1373 -1763 -4530 -3261 256
686 -4160 1372 -1767 -4536 -3260 255
687 -4154 1376 -1767 -4542 -3260 254
688 -4153 1375 -1767 -4545 -3259 256
689 -4151 1373 -1769 -4545 -3260 253
690 -4151 1370 -1772 -4546 -3258 252
691 -4149 1372 -1768 -4547 -3259 252
692 -4148 1372 -1770 -4552 -3255 253
693 -4147 1369 -1769 -4551 -3258 250
694 -4149 1371 -1771 -4555 -3257 250
695 -4145 1367 -1774 -4554 -3256 246
696 -4148 1369 -1773 -4556 -3253 251
697 -4147 1367 -1773 -4556 -3256 248
698 -4150 1369 -1774 -4557 -3253 246
699 -4152 1368 -1774 -4559 -3254 248
700 -4154 1368 -1773 -4561 -3253 248
701 -4156 1370 -1771 -4563 -3251 247
702 -4159 1371 -1770 -4568 -3249 249
703 -4157 1367 -1769 -4574 -3250 247
704 -4164 1368 -1774 -4575 -3250 248
705 -4161 1368 -1774 -4577 -3251 249
706 -4165 1371 -1771 -4576 -3249 252
707 -4159 1371 -1769 -4577 -3249 255
708 -4162 1375 -1770 -4577 -3247 255
709 -4162 1374 -1770 -4574 -3250 254
710 -4164 1374 -1771 -4575 -3250 255
711 -4167 1375 -1770 -4570 -3247 257
712 -4169 1373 -1769 -4567 -3250 256
713 -4172 1373 -1768 -4563 -3250 257
714 -4176 1372 -1768 -4555 -3250 252
715 -4173 1370 -1764 -4545 -3252 250
716 -4179 1369 -1764 -4540 -3248 250
717 -4181 1369 -1765 -4533 -3251 251
718 -4181 1366 -1766 -4527 -3256 248
719 -4180 1368 -1767 -4522 -3253 249
720 -4180 1369 -1766 -4521 -3257 250
721 -4177 1369 -1765 -4516 -3253 248
722 -4177 1370 -1769 -4514 -3255 248
723 -4176 1372 -1769 -4512 -3256 247
724 -4177 1371 -1768 -4511 -3255 249
725 -4177 1371 -1765 -4513 -3256 246
726 -4181 1366 -1767 -4518 -3253 248
727 -4178 1371 -1769 -4521 -3254 249
728 -4174 1371 -1767 -4524 -3252 248
729 -4173 1373 -1769 -4525 -3250 249
730 -4172 1371 -1764 -4532 -3247 250
731 -4170 1370 -1765 -4538 -3246 252
732 -4164 1373 -1765 -4540 -3242 252
733 -4167 1374 -1765 -4547 -3246 250
734 -4160 1374 -1766 -4549 -3245 253
735 -4161 1373 -1764 -4554 -3248 255
736 -4159 1374 -1766 -4555 -3247 253
737 -4165 1373 -1765 -4559 -3245 255
738 -4161 1372 -1767 -4560 -3243 254
739 -4162 1371 -1767 -4562 -3243 253
740 -4161 1373 -1766 -4565 -3242 253
741 -4161 1371 -1767 -4567 -3242 255
742 -4160 1371 -1768 -4573 -3239 252
743 -4159 1369 -1766 -4571 -3238 255
744 -4160 1367 -1770 -4575 -3235 253
745 -4160 1364 -1767 -4578 -3238 251
746 -4160 1369 -1770 -4579 -3237 249
747 -4162 1367 -1773 -4579 -3236 247
748 -4162 1363 -1771 -4578 -3234 249
749 -4164 1368 -1774 -4583 -3239 248
750 -4164 1366 -1775 -4584 -3231 250
751 -4168 1363 -1775 -4582 -3234 250
752 -4169 1364 -1773 -4582 -3236 250
753 -4168 1365 -1769 -4579 -3236 253
754 -4169 1364 -1768 -4576 -3235 251
755 -4173 1366 -1771 -4571 -3234 251
756 -4173 1368 -1768 -4564 -3235 250
757 -4173 1369 -1762 -4561 -3232 258
758 -4170 1374 -1763 -4554 -3236 254
759 -4173 1373 -1760 -4549 -3237 257
760 -4174 1371 -1766 -4545 -3234 257
761 -4179 1372 -1763 -4536 -3237 256
762 -4177 1378 -1760 -4536 -3238 258
763 -4181 1373 -1763 -4528 -3238 253
764 -4180 1374 -1759 -4525 -3239 255
765 -4180 1372 -1759 -4523 -3236 257
766 -4182 1375 -1756 -4521 -3240 257
767 -4184 1376 -1758 -4522 -3237 256
768 -4182 1376 -1761 -4524 -3237 254
769 -4179 1373 -1759 -4522 -3235 255
770 -4179 1370 -1762 -4527 -3235 253
771 -4174 1372 -1763 -4532 -3233 251
772 -4175 1370 -1765 -4534 -3233 254
773 -4177 1371 -1766 -4534 -3233 250
774 -4176 1371 -1765 -4542 -3231 251
775 -4173 1370 -1768 -4542 -3230 251
776 -4176 1367 -1762 -4546 -3227 253
777 -4175 1367 -1765 -4546 -3229 253
778 -4177 1367 -1765 -4551 -3230 250
779 -4176 1370 -1768 -4553 -3229 248
780 -4177 1369 -1768 -4553 -3228 249
781 -4177 1369 -1769 -4556 -3228 251
782 -4173 1370 -1767 -4560 -3229 247
783 -4177 1367 -1764 -4558 -3228 250
784 -4175 1372 -1765 -4559 -3233 250
785 -4180 1373 -1767 -4559 -3235 252
786 -4175 1369 -1767 -4560 -3235 254
787 -4176 1375 -1761 -4560 -3233 255
788 -4177 1372 -1762 -4561 -3231 254
789 -4174 1375 -1761 -4558 -3235 253
790 -4171 1374 -1759 -4562 -3237 256
791 -4171 1377 -1762 -4565 -3237 254
792 -4173 1371 -1764 -4566 -3239 257
793 -4168 1374 -1763 -4570 -3239 254
794 -4170 1371 -1766 -4571 -3242 249
795 -4169 1367 -1766 -4573 -3242 258
796 -4169 1369 -1771 -4572 -3244 251
797 -4162 1364 -1769 -4569 -3246 252
798 -4162 1367 -1770 -4569 -3250 254
799 -4160 1369 -1772 -4565 -3253 254
800 -4160 1368 -1771 -4561 -3254 252
801 -4157 1371 -1772 -4555 -3253 252
802 -4157 1370 -1773 -4553 -3255 251
803 -4157 1369 -1769 -4546 -3258 252
804 -4156 1369 -1775 -4538 -3258 253
805 -4159 1369 -1765 -4537 -3257 248
806 -4160 1371 -1769 -4531 -3261 249
807 -4161 1373 -1769 -4526 -3260 252
808 -4156 1373 -1768 -4525 -3265 250
809 -4158 1374 -1769 -4527 -3267 247
810 -4156 1373 -1769 -4523 -3270 249
811 -4160 1374 -1768 -4521 -3270 251
812 -4159 1373 -1769 -4523 -3269 249
813 -4156 1375 -1772 -4524 -3269 250
814 -4159 1372 -1767 -4528 -3267 252
815 -4155 1377 -1768 -4534 -3264 248
816 -4156 1374 -1765 -4537 -3262 253
817 -4156 1377 -1768 -4547 -3263 249
818 -4157 1371 -1771 -4548 -3259 254
819 -4157 1374 -1770 -4552 -3260 252
820 -4154 1373 -1768 -4561 -3258 253
821 -4155 1369 -1772 -4560 -3260 250
822 -4154 1371 -1773 -4563 -3255 252
823 -4151 1369 -1772 -4562 -3255 249
824 -4153 1371 -1771 -4563 -3256 249
825 -4155 1368 -1770 -4563 -3253 249
826 -4158 1365 -1772 -4560 -3251 245
827 -4160 1367 -1774 -4560 -3253 251
828 -4164 1362 -1772 -4557 -3251 247
829 -4163 1365 -1769 -4556 -3249 248
830 -4167 1368 -1770 -4554 -3248 248
831 -4174 1365 -1775 -4555 -3250 249
832 -4173 1366 -1770 -4551 -3244 245
833 -4172 1372 -1769 -4550 -3250 248
834 -4174 1373 -1769 -4549 -3243 251
835 -4177 1370 -1766 -4548 -3242 253
836 -4177 1373 -1766 -4548 -3239 252
837 -4179 1371 -1767 -4547 -3240 253
838 -4183 1372 -1764 -4552 -3236 255
839 -4183 1371 -1762 -4552 -3234 253
840 -4183 1374 -1760 -4554 -3235 252
841 -4179 1375 -1762 -4554 -3233 258
842 -4178 1373 -1759 -4554 -3228 255
843 -4175 1378 -1758 -4550 -3228 262
844 -4173 1377 -1759 -4554 -3229 260
845 -4175 1375 -1759 -4554 -3227 255
846 -4176 1372 -1761 -4553 -3226 258
847 -4181 1374 -1761 -4548 -3227 256
848 -4176 1375 -1762 -4542 -3228 251
849 -4180 1373 -1760 -4536 -3227 259
850 -4179 1373 -1759 -4536 -3229 256
851 -4179 1369 -1764 -4527 -3227 256
852 -4180 1371 -1760 -4527 -3224 252
853 -4175 1374 -1760 -4529 -3230 254
854 -4176 1370 -1764 -4522 -3229 253
855 -4178 1369 -1762 -4521 -3232 251
856 -4176 1372 -1760 -4521 -3229 253
857 -4177 1372 -1761 -4525 -3230 253
858 -4175 1373 -1762 -4530 -3230 253
859 -4177 1370 -1764 -4533 -3228 253
860 -4174 1375 -1761 -4540 -3226 253
861 -4172 1371 -1764 -4539 -3224 257
862 -4170 1373 -1763 -4552 -3228 255
863 -4169 1375 -1759 -4558 -3226 255
864 -4165 1374 -1760 -4562 -3226 257
865 -4162 1371 -1760 -4569 -3225 262
866 -4163 1374 -1763 -4575 -3227 259
867 -4162 1374 -1760 -4575 -3226 260
868 -4161 1373 -1761 -4577 -3223 259
869 -4164 1372 -1766 -4575 -3225 260
870 -4162 1373 -1761 -4577 -3227 255
871 -4161 1373 -1760 -4573 -3227 261
872 -4163 1370 -1763 -4570 -3233 255
873 -4164 1374 -1766 -4567 -3233 255
874 -4165 1368 -1766 -4564 -3234 254
875 -4169 1371 -1767 -4562 -3233 252
876 -4166 1371 -1763 -4561 -3236 252
877 -4166 1369 -1766 -4557 -3238 255
878 -4168 1368 -1769 -4556 -3237 250
879 -4169 1365 -1770 -4558 -3239 252
880 -4171 1366 -1763 -4559 -3245 253
881 -4171 1368 -1768 -4555 -3241 251
882 -4168 1365 -1767 -4556 -3243 252
883 -4166 1368 -1770 -4553 -3242 253
884 -4167 1372 -1765 -4556 -3244 257
885 -4168 1371 -1769 -4557 -3246 253
886 -4169 1369 -1768 -4560 -3244 251
887 -4166 1373 -1768 -4558 -3248 254
888 -4166 1372 -1769 -4557 -3239 255
889 -4164 1373 -1763 -4554 -3243 255
890 -4168 1373 -1767 -4548 -3244 258
891 -4165 1371 -1762 -4546 -3247 255
892 -4166 1372 -1765 -4543 -3248 256
893 -4165 1373 -1765 -4538 -3250 255
894 -4167 1374 -1766 -4535 -3250 252
895 -4169 1378 -1762 -4531 -3250 256
896 -4167 1374 -1766 -4523 -3249 257
897 -4166 1377 -1761 -4522 -3249 253
898 -4168 1376 -1759 -4518 -3250 256
899 -4169 1373 -1763 -4517 -3250 252
900 -4174 1375 -1761 -4518 -3245 254
901 -4173 1378 -1762 -4520 -3246 253
902 -4169 1376 -1761 -4523 -3247 250
903 -4169 1372 -1765 -4525 -3247 251
904 -4167 1376 -1766 -4531 -3247 251
905 -4167 1375 -1767 -4534 -3247 253
906 -4165 1373 -1765 -4539 -3246 252
907 -4167 1375 -1767 -4548 -3247 251
908 -4163 1373 -1767 -4556 -3246 252
909 -4160 1373 -1767 -4555 -3242 255
910 -4160 1374 -1767 -4557 -3240 253
911 -4162 1370 -1769 -4560 -3240 251
912 -4161 1374 -1766 -4563 -3243 255
913 -4160 1370 -1767 -4566 -3245 253
914 -4163 1372 -1768 -4562 -3244 250
915 -4164 1370 -1765 -4565 -3243 254
916 -4160 1371 -1767 -4560 -3243 254
917 -4162 1371 -1768 -4560 -3244 252
918 -4160 1373 -1767 -4558 -3243 251
919 -4163 1373 -1765 -4558 -3247 252
920 -4162 1368 -1767 -4556 -3247 255
921 -4163 1375 -1766 -4555 -3248 250
922 -4162 1377 -1768 -4551 -3249 253
923 -4162 1373 -1763 -4551 -3249 254
924 -4165 1375 -1768 -4549 -3247 254
925 -4165 1373 -1767 -4550 -3248 249
926 -4165 1373 -1764 -4551 -3253 256
927 -4165 1373 -1765 -4550 -3250 256
928 -4162 1372 -1765 -4550 -3249 256
929 -4164 1373 -1766 -4551 -3251 256
930 -4161 1373 -1765 -4551 -3249 254
931 -4161 1375 -1767 -4553 -3250 255
932 -4160 1372 -1769 -4558 -3250 251
933 -4159 1371 -1769 -4554 -3250 252
934 -4161 1369 -1766 -4553 -3250 253
935 -4160 1366 -1769 -4551 -3249 253
936 -4162 1372 -1767 -4550 -3250 252
937 -4157 1373 -1764 -4547 -3250 253
938 -4160 1370 -1768 -4542 -3255 250
939 -4162 1373 -1768 -4540 -3253 250
940 -4163 1371 -1769 -4534 -3249 249
941 -4165 1372 -1767 -4530 -3248 251
942 -4168 1373 -1765 -4530 -3254 250
943 -4169 1373 -1762 -4529 -3250 249
944 -4167 1372 -1768 -4525 -3248 252
945 -4167 1372 -1762 -4530 -3247 252
946 -4172 1371 -1765 -4533 -3244 252
947 -4170 1372 -1762 -4533 -3244 252
948 -4170 1370 -1761 -4537 -3243 254
949 -4167 1371 -1764 -4545 -3244 253
950 -4171 1373 -1766 -4546 -3242 254
951 -4168 1375 -1764 -4554 -3240 255
952 -4173 1371 -1767 -4552 -3240 255
953 -4165 1374 -1763 -4558 -3235 254
954 -4175 1372 -1766 -4557 -3234 256
955 -4173 1372 -1765 -4560 -3234 253
956 -4175 1371 -1765 -4561 -3231 250
957 -4179 1371 -1767 -4557 -3228 251
958 -4183 1367 -1764 -4563 -3229 248
959 -4181 1367 -1762 -4555 -3224 254
960 -4180 1370 -1764 -4554 -3229 247
961 -4184 1365 -1767 -4556 -3227 250
962 -4183 1366 -1768 -4551 -3223 254
963 -4182 1366 -1766 -4552 -3228 247
964 -4185 1365 -1770 -4549 -3229 246
965 -4188 1364 -1766 -4548 -3223 249
966 -4191 1366 -1767 -4550 -3222 250
967 -4186 1366 -1764 -4552 -3225 252
968 -4188 1368 -1766 -4555 -3223 250
969 -4189 1368 -1761 -4552 -3219 254
970 -4185 1370 -1764 -4558 -3223 252
971 -4184 1369 -1764 -4560 -3221 256
972 -4184 1369 -1763 -4564 -3219 257
973 -4180 1373 -1760 -4570 -3219 256
974 -4180 1371 -1762 -4570 -3219 256
975 -4178 1374 -1763 -4572 -3217 258
976 -4176 1370 -1762 -4572 -3221 256
977 -4177 1369 -1759 -4573 -3220 260
978 -4177 1369 -1763 -4570 -3220 257
979 -4177 1372 -1761 -4567 -3219 254
980 -4175 1372 -1760 -4563 -3221 256
981 -4173 1370 -1761 -4562 -3225 255
982 -4174 1370 -1764 -4555 -3227 256
983 -4170 1372 -1765 -4552 -3228 253
984 -4170 1370 -1763 -4549 -3232 251
985 -4171 1372 -1766 -4548 -3234 251
986 -4173 1366 -1767 -4543 -3234 250
987 -4171 1369 -1767 -4546 -3237 248
988 -4169 1368 -1767 -4546 -3239 245
989 -4169 1366 -1767 -4546 -3237 247
990 -4170 1368 -1769 -4549 -3242 247
991 -4165 1367 -1768 -4547 -3248 243
992 -4166 1368 -1769 -4549 -3244 248
993 -4167 1371 -1769 -4549 -3248 249
994 -4160 1371 -1772 -4547 -3246 252
995 -4158 1371 -1768 -4553 -3253 255
996 -4160 1371 -1773 -4553 -3255 254
997 -4158 1371 -1770 -4552 -3255 255
998 -4154 1375 -1769 -4552 -3253 255
999 -4155 1373 -1766 -4554 -3259 252
