0 -721 530 -823 359 1003 899
1 -726 526 -825 358 1003 896
2 -724 529 -825 354 1002 897
3 -724 527 -825 356 1001 896
4 -727 528 -823 356 1001 898
5 -729 525 -824 354 1002 898
6 -726 528 -824 354 1000 896
7 -723 528 -826 356 1001 900
8 -724 529 -823 354 1000 894
9 -725 524 -823 358 1002 895
10 -726 529 -824 354 1001 899
11 -727 525 -827 355 1002 894
12 -725 527 -822 354 1000 895
13 -725 528 -823 354 1002 893
14 -724 528 -823 353 1004 897
15 -727 524 -823 359 1003 896
16 -726 527 -826 354 1002 897
17 -727 528 -824 355 1003 894
18 -723 528 -822 354 999 894
19 -726 530 -823 357 1004 896
20 -723 527 -823 358 1003 892
21 -727 528 -819 357 1004 897
22 -724 532 -823 356 1004 896
23 -724 529 -824 355 1001 900
24 -723 525 -827 356 1003 896
25 -725 525 -819 361 1003 894
26 -725 527 -822 357 1005 898
27 -724 530 -818 355 1000 899
28 -725 526 -822 356 1000 894
29 -727 528 -824 357 998 896
30 -726 529 -824 357 999 898
31 -726 532 -822 357 1000 895
32 -725 527 -825 356 1002 897
33 -727 525 -822 355 998 894
34 -727 525 -825 354 1003 897
35 -726 526 -825 355 1001 893
36 -728 530 -824 356 998 894
37 -726 526 -823 358 1001 896
38 -726 529 -827 357 1002 896
39 -725 529 -822 356 1003 892
40 -726 529 -825 358 1002 896
41 -724 526 -823 355 998 896
42 -725 527 -824 356 1002 894
43 -726 526 -824 356 1004 896
44 -727 526 -820 358 1002 897
45 -724 528 -823 356 1000 897
46 -724 526 -825 357 1000 893
47 -725 531 -823 357 1002 896
48 -723 527 -820 360 1004 899
49 -728 529 -820 354 1003 897
50 -723 528 -821 356 1000 896
51 -724 529 -821 357 1001 897
52 -727 525 -823 354 1001 897
53 -730 527 -825 356 1000 893
54 -729 528 -824 353 997 898
55 -728 525 -826 357 998 894
56 -728 526 -825 355 1000 894
57 -729 527 -821 358 998 895
58 -725 528 -824 355 1003 895
59 -725 527 -823 356 1002 895
60 -724 528 -821 359 1002 894
61 -725 530 -820 355 1005 896
62 -724 529 -820 355 1004 893
63 -723 530 -822 357 1003 896
64 -722 529 -822 359 1003 893
65 -722 528 -826 358 999 895
66 -724 528 -823 352 1000 894
67 -727 527 -824 356 1003 894
68 -728 528 -824 356 1002 897
69 -723 524 -825 359 998 899
70 -727 528 -825 351 1000 899
71 -728 526 -823 356 1000 897
72 -726 526 -824 356 1000 893
73 -727 525 -823 354 1003 899
74 -729 525 -822 357 999 900
75 -726 530 -822 352 999 895
76 -726 525 -821 354 999 893
77 -729 525 -823 352 1000 895
78 -728 528 -824 352 999 897
79 -728 526 -824 354 1002 895
80 -725 529 -823 356 1001 894
81 -725 527 -821 355 1004 898
82 -725 529 -825 358 1005 894
83 -729 532 -827 355 1005 894
84 -725 532 -822 357 1005 895
85 -722 530 -823 355 1004 900
86 -725 527 -823 355 1006 896
87 -720 530 -819 358 1001 896
88 -724 531 -822 356 1002 897
89 -727 528 -823 356 1000 898
90 -724 526 -821 356 1000 898
91 -728 525 -821 357 1004 896
92 -722 529 -823 354 1002 897
93 -725 530 -821 355 1002 896
94 -726 528 -822 355 1003 898
95 -723 532 -826 356 1002 899
96 -724 526 -825 356 1000 899
97 -725 527 -822 354 993 896
98 -727 527 -825 355 1002 895
99 -727 528 -824 353 1000 893
100 -724 526 -821 353 1002 897
101 -725 526 -821 355 1005 893
102 -728 526 -825 354 1001 893
103 -725 529 -825 355 1004 896
104 -721 525 -819 357 1005 894
105 -727 529 -822 357 1003 898
106 -724 526 -820 355 1002 894
107 -723 529 -822 357 1004 896
108 -722 533 -821 356 1005 895
109 -724 528 -821 358 1004 900
110 -724 526 -823 356 1003 897
111 -725 525 -823 357 1004 897
112 -723 526 -823 358 999 894
113 -720 530 -824 358 1001 898
114 -724 524 -824 358 1001 898
115 -725 528 -821 357 1002 897
116 -726 530 -821 357 1000 895
117 -721 531 -825 357 998 896
118 -725 529 -821 355 1001 896
119 -731 524 -821 356 997 893
120 -726 527 -826 357 1001 895
121 -727 528 -821 355 999 894
122 -727 524 -826 355 997 894
123 -729 526 -825 354 1003 896
124 -724 528 -827 355 1005 894
125 -726 529 -827 354 1004 895
126 -725 527 -825 355 1003 893
127 -724 527 -820 355 1005 893
128 -724 529 -822 354 1007 897
129 -723 530 -821 358 1004 898
130 -724 528 -820 357 1003 897
131 -722 531 -821 358 1003 896
132 -726 527 -827 356 1001 895
133 -727 527 -826 357 1000 896
134 -727 528 -823 355 999 895
135 -727 526 -825 357 1003 897
136 -726 527 -825 357 999 894
137 -724 529 -822 358 1003 902
138 -728 526 -821 356 999 898
139 -726 524 -825 355 1000 894
140 -728 525 -824 355 1001 895
141 -727 528 -826 357 998 896
142 -727 526 -819 356 999 894
143 -724 527 -825 355 1000 893
144 -728 525 -826 354 1002 894
145 -726 527 -820 354 1001 893
146 -724 529 -826 355 1000 896
147 -726 528 -825 358 1003 894
148 -726 527 -822 359 1000 894
149 -723 528 -827 359 1004 897
150 -723 527 -824 356 1006 893
151 -723 530 -822 357 1006 897
152 -726 528 -821 359 1004 898
153 -726 528 -822 356 1001 895
154 -728 525 -826 356 1000 899
155 -728 527 -823 355 999 897
156 -726 528 -825 357 1000 896
157 -726 530 -825 356 1001 896
158 -722 525 -824 355 1003 895
159 -726 528 -821 357 1002 899
160 -723 530 -821 357 1003 899
161 -726 526 -823 357 1001 897
162 -723 532 -822 356 1001 898
163 -725 527 -821 356 1005 893
164 -724 528 -824 352 1000 895
165 -727 530 -825 358 1001 897
166 -722 527 -821 356 1001 895
167 -724 529 -823 356 1004 896
168 -725 532 -821 357 1002 897
169 -726 529 -821 358 1005 895
170 -726 530 -823 356 1002 897
171 -724 533 -819 354 1003 897
172 -722 527 -822 357 1002 898
173 -724 528 -823 360 1004 897
174 -727 526 -820 358 1001 899
175 -724 528 -822 359 1002 895
176 -726 526 -822 357 1003 897
177 -726 529 -821 357 1001 896
178 -727 525 -824 356 999 898
179 -723 527 -823 353 1004 895
180 -730 529 -826 356 1001 894
181 -723 532 -824 358 1002 899
182 -726 527 -821 355 1000 894
183 -724 527 -825 355 997 898
184 -726 523 -824 357 1000 895
185 -728 525 -825 358 1000 897
186 -722 524 -820 355 1000 893
187 -726 526 -828 353 1000 894
188 -727 527 -826 355 1000 894
189 -724 527 -823 353 1002 897
190 -723 530 -824 355 1006 894
191 -727 528 -822 355 1000 897
192 -723 528 -822 359 1004 894
193 -724 528 -821 357 999 896
194 -724 529 -820 357 1002 896
195 -722 529 -820 358 1006 898
196 -727 528 -823 358 1002 895
197 -725 527 -822 357 1004 897
198 -724 529 -822 358 1002 898
199 -724 529 -822 356 1002 897
200 -723 527 -823 354 1001 897
201 -727 527 -826 358 1003 898
202 -724 526 -823 360 999 899
203 -726 525 -821 355 1002 897
204 -726 527 -826 358 1003 899
205 -726 529 -821 355 1002 897
206 -728 524 -823 356 999 894
207 -725 526 -824 354 997 898
208 -723 527 -827 357 1002 894
209 -727 526 -827 358 1003 896
210 -721 530 -827 357 1003 894
211 -725 527 -821 355 1001 895
212 -724 529 -821 358 1003 897
213 -723 531 -821 360 1005 893
214 -721 527 -825 358 1002 895
215 -723 531 -823 357 1001 896
216 -721 530 -823 359 1005 897
217 -724 527 -823 357 999 896
218 -725 525 -821 359 1003 900
219 -727 525 -824 357 1001 897
220 -723 527 -823 356 1003 898
221 -726 531 -823 357 1004 897
222 -728 527 -821 359 1002 897
223 -724 526 -820 354 999 899
224 -725 528 -821 359 1001 899
225 -725 527 -822 359 1003 897
226 -729 528 -819 355 999 896
227 -723 527 -823 355 1001 895
228 -728 530 -821 357 1001 894
229 -728 527 -823 357 1001 897
230 -721 528 -822 357 1005 898
231 -725 527 -825 354 1000 896
232 -726 526 -825 357 1004 896
233 -724 529 -821 356 1000 892
234 -724 528 -824 359 1001 894
235 -723 526 -822 355 1003 899
236 -724 533 -820 359 1006 897
237 -722 531 -821 360 1003 898
238 -725 527 -822 360 1006 897
239 -723 530 -822 356 1001 898
240 -724 529 -822 357 1001 899
241 -724 529 -822 355 1001 895
242 -724 527 -825 360 1004 895
243 -723 526 -824 356 999 895
244 -726 525 -823 356 1002 895
245 -722 524 -822 358 1002 895
246 -727 528 -818 356 999 899
247 -724 526 -820 354 1004 896
248 -724 528 -822 357 1002 899
249 -723 527 -822 359 998 897
250 -724 527 -819 358 1000 898
251 -723 528 -822 355 1002 896
252 -724 528 -822 358 1002 897
253 -726 531 -823 356 1003 893
254 -724 528 -823 360 1005 894
255 -723 529 -821 359 1002 893
256 -723 529 -822 356 1002 892
257 -724 530 -822 359 1003 895
258 -719 531 -821 358 1001 895
259 -723 526 -823 357 1001 897
260 -719 531 -820 358 1005 898
261 -729 531 -822 356 1004 900
262 -727 530 -822 358 1004 899
263 -727 528 -822 357 999 899
264 -724 527 -819 358 1004 896
265 -722 530 -821 356 1002 895
266 -725 528 -822 357 1002 897
267 -724 529 -821 358 1001 898
268 -725 529 -819 356 1004 902
269 -722 533 -823 358 1001 898
270 -722 529 -821 360 1002 901
271 -723 531 -823 353 1003 898
272 -727 530 -820 355 1001 894
273 -723 527 -822 355 1001 896
274 -721 525 -822 358 1003 894
275 -725 530 -825 356 1003 892
276 -725 527 -823 357 999 897
277 -725 529 -821 360 1002 891
278 -723 528 -822 359 1003 891
279 -725 528 -824 360 1003 895
280 -726 531 -820 359 1006 897
281 -724 528 -823 358 1006 899
282 -722 531 -819 360 1004 899
283 -721 526 -824 358 1004 898
284 -724 530 -819 358 1002 897
285 -724 530 -822 357 1002 899
286 -725 526 -822 356 1003 901
287 -720 527 -824 358 1001 898
288 -721 530 -822 358 1001 900
289 -723 528 -822 357 1003 903
290 -727 529 -820 357 998 897
291 -726 532 -818 359 1001 898
292 -725 526 -822 359 1000 896
293 -722 529 -826 358 1001 892
294 -723 529 -825 357 1000 899
295 -726 530 -821 353 1001 894
296 -721 530 -821 357 1003 899
297 -727 530 -823 357 1002 897
298 -722 528 -820 359 1004 894
299 -724 531 -821 359 1005 895
300 -721 530 -821 360 1007 898
301 -720 531 -820 359 1004 899
302 -723 531 -819 358 1007 897
303 -719 530 -824 357 1006 898
304 -721 532 -818 360 1002 899
305 -726 530 -818 356 1007 900
306 -725 527 -823 359 1001 896
307 -720 530 -823 358 1003 901
308 -721 527 -820 355 1000 897
309 -723 525 -821 359 1007 899
310 -722 530 -821 358 1003 899
311 -725 531 -819 358 1001 898
312 -724 530 -822 357 1002 899
313 -724 526 -820 360 1001 900
314 -723 530 -825 355 1001 896
315 -724 528 -823 354 1001 900
316 -721 525 -821 359 1002 898
317 -725 530 -820 356 1005 894
318 -725 532 -823 359 1002 897
319 -724 526 -821 357 1005 894
320 -725 524 -824 356 1005 895
321 -726 526 -821 358 1003 895
322 -725 528 -825 356 1004 894
323 -724 528 -822 359 1005 898
324 -724 531 -822 359 1006 897
325 -721 531 -818 357 1004 899
326 -725 531 -822 359 1001 902
327 -723 527 -821 357 1003 895
328 -723 529 -822 356 1002 898
329 -722 529 -823 359 1003 897
330 -726 529 -822 360 1002 900
331 -725 529 -822 361 1001 896
332 -723 527 -821 358 1003 899
333 -724 528 -821 357 1001 898
334 -724 530 -821 359 1002 899
335 -724 529 -820 357 1004 895
336 -725 528 -821 355 1004 898
337 -723 531 -824 355 1003 898
338 -724 531 -823 356 1002 898
339 -722 529 -822 358 1004 893
340 -723 528 -821 359 1002 897
341 -726 528 -823 357 1007 897
342 -721 530 -821 360 1006 898
343 -720 532 -821 356 1005 896
344 -721 527 -822 359 1005 899
345 -722 531 -818 359 1004 896
346 -720 531 -821 360 1004 899
347 -722 533 -821 359 1002 900
348 -722 530 -821 361 1005 898
349 -721 527 -819 359 1003 896
350 -728 530 -820 358 1005 900
351 -721 526 -821 358 1004 897
352 -726 527 -822 357 1001 897
353 -722 527 -822 356 1003 898
354 -726 530 -820 359 1005 901
355 -726 529 -821 359 1001 899
356 -724 529 -824 359 1005 899
357 -722 529 -821 355 997 899
358 -726 525 -823 354 1002 898
359 -725 527 -821 358 1000 899
360 -723 528 -822 356 1003 896
361 -725 526 -821 358 1001 896
362 -725 531 -819 355 1002 895
363 -725 528 -822 357 1006 893
364 -722 529 -821 357 1003 900
365 -723 530 -823 359 1003 897
366 -722 529 -821 355 1005 897
367 -720 527 -821 358 1004 893
368 -722 529 -822 356 1002 896
369 -727 529 -823 358 1001 897
370 -725 524 -826 356 1002 898
371 -722 529 -823 356 1001 898
372 -723 529 -820 358 1004 899
373 -723 530 -822 356 1004 902
374 -726 531 -821 358 1003 895
375 -724 528 -820 360 1003 898
376 -721 533 -822 358 1001 901
377 -724 528 -821 359 1003 898
378 -723 531 -819 360 1003 900
379 -725 527 -820 359 996 899
380 -725 529 -823 358 1003 896
381 -725 530 -818 358 1005 898
382 -728 528 -823 357 999 897
383 -723 530 -824 353 1001 895
384 -725 524 -820 354 1004 894
385 -725 527 -821 355 1003 894
386 -725 530 -824 356 1005 896
387 -722 530 -822 358 1005 896
388 -726 531 -820 358 1004 897
389 -722 527 -821 360 1007 896
390 -721 532 -819 356 1005 901
391 -724 530 -817 358 1002 896
392 -726 527 -824 357 1003 897
393 -727 526 -825 355 1003 898
394 -722 529 -822 357 1006 901
395 -726 529 -822 354 1002 897
396 -727 529 -820 359 1004 899
397 -727 531 -823 357 1003 900
398 -724 529 -820 358 1003 902
399 -725 527 -824 357 1001 897
400 -725 528 -822 360 1005 899
401 -727 529 -823 355 1001 898
402 -728 527 -824 355 1000 896
403 -723 528 -822 357 1006 897
404 -726 529 -823 356 1004 897
405 -725 529 -824 353 1002 895
406 -725 529 -825 359 1004 894
407 -725 529 -825 358 1003 893
408 -724 529 -822 354 1002 899
409 -722 528 -822 358 1004 897
410 -724 529 -821 358 1005 895
411 -725 532 -821 359 1007 897
412 -723 533 -821 359 1004 899
413 -725 527 -823 357 998 896
414 -723 526 -824 355 1002 897
415 -722 529 -819 357 1001 897
416 -724 527 -820 355 1002 901
417 -722 529 -822 355 1003 899
418 -723 530 -822 357 1002 899
419 -721 528 -821 360 1001 895
420 -723 527 -821 357 1004 898
421 -724 527 -826 356 1003 898
422 -722 529 -823 355 998 897
423 -724 527 -825 359 999 896
424 -725 529 -827 356 1003 899
425 -729 525 -823 358 1002 894
426 -722 527 -823 359 1009 896
427 -723 527 -825 359 1003 893
428 -723 528 -821 355 999 897
429 -725 529 -818 359 1005 895
430 -721 531 -816 356 1003 896
431 -721 530 -820 358 1007 896
432 -725 527 -824 358 1002 898
433 -723 530 -824 356 1005 896
434 -720 533 -821 357 1005 897
435 -723 529 -821 357 1000 898
436 -725 530 -824 359 1002 900
437 -723 531 -822 354 1002 897
438 -725 528 -822 354 1001 897
439 -727 527 -823 357 1003 895
440 -725 530 -823 358 1003 896
441 -726 528 -820 357 1001 899
442 -722 529 -821 358 1003 899
443 -720 528 -821 359 1005 899
444 -724 529 -821 356 1002 896
445 -725 527 -825 357 1002 897
446 -724 530 -823 359 1003 893
447 -723 529 -824 357 1000 898
448 -727 527 -824 355 1000 894
449 -725 528 -824 358 1008 896
450 -726 532 -822 358 1005 895
451 -721 528 -823 359 1005 895
452 -723 530 -819 354 1006 895
453 -725 528 -821 359 1001 896
454 -722 534 -824 357 1000 897
455 -726 527 -824 358 1002 897
456 -723 529 -819 358 1004 897
457 -725 529 -823 359 1003 900
458 -722 529 -820 359 1002 899
459 -725 527 -824 356 1002 897
460 -725 530 -823 359 1006 898
461 -725 532 -821 361 1001 900
462 -720 527 -821 354 1004 898
463 -725 529 -825 356 999 900
464 -723 529 -821 359 1007 900
465 -722 527 -820 360 1003 899
466 -725 529 -821 355 1001 895
467 -727 529 -825 357 1000 895
468 -728 528 -823 356 1000 895
469 -726 527 -819 357 1003 891
470 -726 527 -823 357 998 897
471 -730 525 -826 352 1001 893
472 -727 528 -824 356 1003 893
473 -726 528 -821 359 1007 893
474 -719 531 -823 359 1006 896
475 -724 532 -820 356 1007 899
476 -721 527 -820 359 1004 899
477 -725 528 -822 359 1005 897
478 -723 526 -821 357 1003 901
479 -723 529 -820 357 1001 896
480 -721 526 -818 357 1003 895
481 -724 529 -824 359 1001 898
482 -727 528 -819 358 1003 900
483 -726 526 -823 357 999 897
484 -725 526 -824 359 1000 896
485 -722 528 -822 356 1002 899
486 -724 526 -823 356 1002 897
487 -726 527 -825 357 1001 899
488 -728 527 -821 354 1003 897
489 -727 524 -822 356 1003 899
490 -722 526 -824 352 1003 895
491 -722 528 -825 355 1002 895
492 -724 526 -823 355 1002 894
493 -727 526 -821 354 1001 894
494 -725 532 -822 356 1003 896
495 -726 528 -823 359 1002 897
496 -723 527 -822 358 1008 898
497 -724 531 -821 357 1003 898
498 -723 528 -826 360 1006 899
499 -723 529 -821 361 1001 895
500 -721 529 -826 359 1002 896
501 -725 529 -822 361 1001 897
502 -726 526 -823 358 1002 895
503 -723 529 -824 356 1001 897
504 -726 526 -821 359 1002 897
505 -722 527 -822 360 1001 896
506 -723 525 -822 358 1004 897
507 -723 528 -822 359 1002 900
508 -724 528 -821 357 1002 898
509 -722 529 -823 357 1001 897
510 -724 525 -820 357 1004 897
511 -725 526 -822 357 1002 900
512 -722 529 -821 357 1003 896
513 -725 528 -824 355 1000 894
514 -723 526 -820 357 1003 895
515 -726 528 -822 358 1003 897
516 -724 530 -825 356 1006 894
517 -725 531 -822 357 1003 894
518 -723 531 -821 357 1002 894
519 -725 530 -821 359 1001 897
520 -726 530 -825 359 1007 896
521 -724 529 -821 355 1001 894
522 -727 524 -825 354 1003 896
523 -727 526 -825 357 1002 902
524 -728 528 -822 357 1000 900
525 -724 531 -818 358 1001 898
526 -722 528 -823 360 1003 902
527 -726 526 -823 359 1003 899
528 -722 529 -824 356 1001 901
529 -724 528 -826 356 998 897
530 -727 527 -824 357 997 900
531 -726 527 -821 357 1003 900
532 -726 527 -823 358 1000 897
533 -724 525 -823 355 1000 892
534 -724 528 -821 356 1002 895
535 -726 527 -822 354 1000 896
536 -725 530 -823 357 1002 895
537 -726 529 -823 354 1001 895
538 -724 528 -826 356 1002 893
539 -728 526 -823 356 1003 898
540 -724 530 -822 360 1002 892
541 -724 526 -822 358 1007 895
542 -723 528 -822 361 1005 901
543 -724 528 -823 358 1002 896
544 -725 529 -821 358 1004 897
545 -722 526 -823 358 1002 897
546 -727 526 -822 355 1007 898
547 -724 532 -822 356 1003 896
548 -723 531 -820 359 1002 899
549 -724 528 -825 359 1002 895
550 -726 528 -820 358 1001 898
551 -726 526 -820 358 1002 904
552 -725 531 -820 356 1000 892
553 -727 526 -823 355 999 897
554 -728 529 -824 355 1001 895
555 -725 531 -823 359 1001 893
556 -725 526 -820 353 1001 894
557 -724 527 -827 357 1001 895
558 -726 528 -824 359 1006 894
559 -725 527 -824 355 1004 897
560 -722 530 -821 358 1004 895
561 -722 526 -824 357 1004 895
562 -723 527 -821 360 1004 898
563 -723 531 -822 360 1001 896
564 -725 526 -822 361 1004 899
565 -722 530 -819 356 1002 897
566 -726 526 -822 358 1003 896
567 -723 530 -825 359 1002 895
568 -720 528 -822 355 1000 900
569 -723 531 -819 354 1003 899
570 -724 531 -824 356 1004 897
571 -727 527 -821 360 1001 895
572 -730 524 -823 356 1002 900
573 -726 527 -822 360 1003 897
574 -728 529 -819 355 1003 897
575 -729 526 -827 353 1000 896
576 -726 531 -821 357 1001 900
577 -725 528 -824 353 1002 895
578 -725 530 -824 356 1003 894
579 -724 527 -824 355 1002 891
580 -727 527 -821 358 1000 897
581 -728 527 -822 355 1001 894
582 -726 522 -825 358 1002 895
583 -722 530 -823 357 1008 895
584 -721 530 -819 359 1005 897
585 -721 526 -820 358 1004 898
586 -724 527 -823 354 1003 898
587 -723 529 -825 357 1003 896
588 -726 527 -820 358 1003 897
589 -721 528 -825 356 1000 896
590 -722 529 -823 357 998 896
591 -727 527 -823 358 1003 897
592 -724 530 -821 357 1001 894
593 -725 531 -822 359 1002 895
594 -725 527 -823 358 1001 899
595 -728 527 -821 357 1004 898
596 -727 531 -824 358 1003 897
597 -727 527 -821 357 1002 897
598 -724 525 -820 358 1000 894
599 -729 525 -823 354 1001 897
600 -726 530 -822 358 1005 893
601 -728 529 -822 356 1005 895
602 -728 527 -825 354 1003 894
603 -723 529 -824 357 1002 895
604 -727 528 -821 357 1003 895
605 -722 529 -824 354 1001 897
606 -721 528 -825 359 1006 898
607 -722 529 -822 355 1000 896
608 -725 528 -823 356 999 898
609 -722 527 -823 361 1003 898
610 -722 533 -825 361 1001 899
611 -723 528 -821 359 1001 897
612 -720 527 -823 356 1002 896
613 -719 527 -821 356 1002 898
614 -725 526 -823 357 1000 899
615 -722 526 -823 359 1004 899
616 -722 528 -822 356 1004 897
617 -724 528 -824 356 1002 900
618 -728 526 -822 358 1001 901
619 -723 529 -823 358 1001 899
620 -726 528 -822 358 1000 894
621 -727 531 -821 354 1002 896
622 -723 527 -821 355 1000 893
623 -726 528 -820 355 1003 895
624 -726 528 -824 357 1005 897
625 -722 528 -825 357 1000 895
626 -725 528 -823 359 1001 895
627 -727 529 -819 356 1001 900
628 -728 531 -820 359 1008 896
629 -727 531 -821 355 1002 897
630 -726 528 -823 360 1004 898
631 -725 531 -823 357 1001 898
632 -721 530 -825 355 1000 898
633 -722 528 -823 357 1002 897
634 -725 528 -822 356 1001 901
635 -725 528 -826 355 1000 895
636 -728 528 -822 356 1001 897
637 -725 528 -822 357 1002 897
638 -724 527 -823 356 1006 897
639 -725 531 -824 359 1001 897
640 -728 528 -823 357 998 898
641 -725 530 -824 357 1001 893
642 -725 526 -822 359 1001 896
643 -722 529 -824 353 999 896
644 -724 526 -822 356 1001 896
645 -724 529 -825 354 1004 894
646 -726 529 -824 357 1005 895
647 -725 530 -824 359 1001 897
648 -723 528 -823 358 1007 897
649 -722 531 -819 359 1003 894
650 -719 531 -822 356 1002 898
651 -725 529 -820 356 999 897
652 -722 527 -825 358 1002 898
653 -728 531 -820 357 1000 898
654 -725 532 -821 358 1000 897
655 -724 528 -820 358 1001 896
656 -725 527 -821 356 1005 897
657 -723 528 -822 357 1000 900
658 -725 527 -823 357 1003 899
659 -726 525 -827 359 1003 898
660 -723 530 -820 359 999 898
661 -726 525 -826 355 998 895
662 -725 527 -821 359 1003 900
663 -723 530 -821 358 1003 895
664 -724 527 -824 358 1003 899
665 -723 528 -824 352 1003 891
666 -726 527 -826 356 1001 896
667 -726 528 -822 353 1003 893
668 -723 531 -823 361 1005 898
669 -720 530 -826 357 1004 898
670 -723 527 -824 355 1004 898
671 -723 525 -826 356 1003 895
672 -725 532 -823 362 1002 895
673 -725 527 -822 353 1003 896
674 -726 527 -823 356 1005 896
675 -724 529 -823 356 1002 899
676 -727 528 -824 357 1003 897
677 -725 527 -823 360 1004 898
678 -728 529 -820 358 1005 896
679 -724 528 -824 358 1004 900
680 -725 529 -821 357 1005 898
681 -725 529 -821 360 1003 900
682 -725 528 -823 363 999 898
683 -727 525 -823 356 1002 895
684 -723 532 -821 357 1002 897
685 -726 528 -826 355 1002 898
686 -726 527 -824 355 1003 895
687 -720 529 -823 354 1003 891
688 -725 526 -820 358 1005 895
689 -723 530 -821 356 1006 894
690 -728 530 -823 357 1002 894
691 -724 527 -821 360 1006 898
692 -722 530 -823 357 1002 896
693 -724 528 -824 355 1001 899
694 -723 529 -822 358 1005 898
695 -725 529 -821 359 1001 896
696 -725 527 -824 358 1001 898
697 -725 529 -823 356 999 897
698 -726 530 -824 356 1003 897
699 -727 525 -821 357 1002 894
700 -725 526 -822 359 1002 898
701 -724 529 -821 356 1001 899
702 -724 527 -823 357 1002 896
703 -724 526 -821 356 1002 898
704 -725 526 -822 355 1001 901
705 -725 527 -824 358 999 897
706 -723 527 -824 355 997 897
707 -725 528 -820 354 1000 898
708 -724 528 -824 357 1000 896
709 -724 528 -824 358 1001 896
710 -721 529 -822 357 1004 898
711 -724 530 -821 354 1001 895
712 -722 529 -823 359 1002 893
713 -721 529 -822 358 1002 894
714 -722 530 -823 356 1005 896
715 -727 531 -824 358 1003 898
716 -726 529 -818 356 1005 897
717 -726 529 -826 358 1001 897
718 -723 531 -820 356 1002 898
719 -724 529 -821 359 1001 903
720 -723 529 -818 357 999 899
721 -727 529 -826 355 1001 897
722 -722 527 -821 357 1002 898
723 -725 531 -821 358 997 897
724 -725 528 -822 357 1002 894
725 -725 527 -822 359 1001 898
726 -725 526 -822 356 1001 896
727 -721 527 -823 358 999 897
728 -723 530 -821 357 1004 895
729 -725 530 -823 359 1002 897
730 -723 529 -822 357 1004 894
731 -724 528 -822 353 1002 893
732 -726 526 -822 357 1004 893
733 -727 528 -824 358 1002 897
734 -724 532 -821 357 1004 898
735 -723 529 -823 355 1003 896
736 -723 530 -821 361 1002 896
737 -724 528 -823 357 1004 898
738 -723 528 -818 355 1006 896
739 -723 529 -823 358 1003 898
740 -726 529 -822 354 1002 898
741 -726 528 -823 357 1005 896
742 -727 528 -819 358 998 897
743 -724 529 -822 360 1004 897
744 -722 529 -822 358 998 898
745 -726 529 -819 355 1000 896
746 -724 531 -823 354 999 896
747 -723 526 -823 357 1002 899
748 -723 528 -825 358 1002 897
749 -724 527 -822 360 1005 899
750 -725 527 -821 353 999 897
751 -725 529 -825 354 998 894
752 -724 527 -824 358 1001 895
753 -725 529 -827 354 1001 892
754 -726 529 -821 356 1006 896
755 -724 528 -820 356 1004 897
756 -723 530 -820 360 1003 897
757 -721 526 -819 356 1001 897
758 -722 526 -824 359 1001 896
759 -724 528 -825 357 1001 900
760 -723 531 -824 356 1005 894
761 -726 525 -824 355 1001 898
762 -727 529 -823 357 1002 896
763 -727 527 -819 355 1001 896
764 -723 529 -825 356 1002 895
765 -723 530 -823 354 1003 894
766 -727 526 -827 359 1004 897
767 -724 529 -820 355 1001 898
768 -728 527 -823 358 1000 894
769 -724 524 -822 356 1003 894
770 -727 522 -821 356 999 899
771 -724 528 -823 361 999 897
772 -727 528 -824 357 1000 897
773 -726 528 -825 355 1001 894
774 -727 530 -823 355 1001 891
775 -723 526 -824 356 1002 893
776 -723 528 -823 355 1001 892
777 -724 527 -822 356 1001 898
778 -725 528 -824 358 1003 896
779 -727 527 -825 361 1002 896
780 -724 528 -821 357 1003 894
781 -723 526 -823 355 1002 897
782 -724 527 -823 356 1004 899
783 -725 527 -825 357 1004 895
784 -726 527 -821 355 1005 899
785 -721 530 -821 355 1005 900
786 -725 527 -822 360 1003 899
787 -721 529 -822 357 1001 897
788 -726 527 -823 356 1002 900
789 -722 527 -823 358 1004 897
790 -723 527 -819 357 1002 897
791 -721 531 -824 353 998 896
792 -725 526 -821 355 1003 896
793 -723 527 -820 359 1004 898
794 -724 529 -823 355 1001 896
795 -723 528 -820 360 1002 897
796 -726 530 -819 358 1004 896
797 -725 531 -821 356 999 895
798 -723 530 -820 358 1003 895
799 -723 529 -825 354 1004 895
800 -723 529 -821 358 1002 897
801 -725 529 -821 358 1002 898
802 -721 528 -822 357 1005 895
803 -722 526 -822 357 1002 899
804 -725 529 -825 358 1001 894
805 -721 527 -822 358 1001 898
806 -723 529 -822 358 1002 896
807 -721 528 -823 355 1000 897
808 -726 529 -824 357 1001 897
809 -724 528 -822 355 1000 899
810 -727 528 -824 359 1001 895
811 -724 529 -822 356 1001 899
812 -728 528 -824 355 1000 898
813 -727 526 -823 354 996 897
814 -727 526 -824 354 1002 895
815 -725 528 -823 355 1001 895
816 -726 526 -820 354 1002 897
817 -725 529 -823 354 999 894
818 -725 528 -824 354 1000 893
819 -724 527 -824 356 1001 893
820 -723 527 -823 354 998 893
821 -727 529 -822 354 1004 895
822 -724 531 -822 355 1001 898
823 -726 530 -823 358 1003 898
824 -726 528 -819 355 1001 897
825 -729 527 -826 356 999 894
826 -725 529 -823 356 999 895
827 -726 527 -823 353 1002 896
828 -727 527 -820 356 1000 895
829 -728 526 -822 357 998 899
830 -726 527 -820 357 1002 896
831 -723 527 -818 354 1004 898
832 -726 526 -822 358 998 891
833 -724 528 -824 358 1000 899
834 -725 529 -821 354 998 900
835 -724 525 -828 353 1002 899
836 -725 529 -822 357 998 899
837 -723 531 -821 356 1002 896
838 -725 529 -827 353 1000 893
839 -725 524 -826 353 1002 894
840 -727 527 -823 356 999 893
841 -726 527 -823 353 1000 893
842 -723 528 -822 355 999 893
843 -723 526 -823 354 1004 894
844 -724 531 -822 360 1004 898
845 -724 531 -822 357 1004 895
846 -727 526 -819 360 1004 898
847 -724 532 -824 360 1003 897
848 -726 527 -819 357 1002 896
849 -720 530 -823 360 1002 897
850 -726 528 -822 357 1001 895
851 -727 525 -822 355 1001 898
852 -727 530 -825 357 1000 896
853 -728 525 -824 356 1005 896
854 -729 527 -825 358 1000 896
855 -724 528 -823 355 1001 898
856 -721 528 -823 354 1001 897
857 -727 530 -824 356 1000 895
858 -726 523 -824 355 1000 897
859 -725 527 -823 357 1001 898
860 -726 529 -824 357 1002 896
861 -723 529 -824 354 1000 894
862 -726 530 -823 357 1003 895
863 -722 526 -821 356 1003 893
864 -724 525 -826 358 1004 893
865 -726 525 -823 356 1003 896
866 -722 530 -822 359 1003 900
867 -718 531 -823 356 1000 896
868 -723 531 -820 359 1005 899
869 -726 531 -822 356 1005 896
870 -724 528 -824 358 1006 897
871 -727 529 -819 356 1000 899
872 -723 527 -823 358 1002 895
873 -723 527 -822 357 1003 896
874 -723 527 -823 356 1001 897
875 -727 529 -820 356 1003 895
876 -727 527 -824 356 1000 898
877 -728 525 -822 356 1000 901
878 -728 524 -825 352 999 898
879 -728 526 -823 357 1001 894
880 -729 527 -822 355 999 895
881 -725 529 -822 359 1004 897
882 -724 526 -821 358 1000 893
883 -724 529 -821 355 1005 894
884 -729 528 -825 359 1000 894
885 -725 527 -822 359 1000 894
886 -724 527 -825 357 1002 894
887 -725 525 -822 355 1002 896
888 -725 529 -823 358 1002 896
889 -723 527 -824 358 1000 896
890 -724 529 -821 357 1002 897
891 -722 526 -824 357 1003 895
892 -723 527 -822 356 1000 897
893 -725 526 -824 357 1001 896
894 -722 531 -821 356 1002 900
895 -725 528 -822 357 1002 902
896 -726 527 -824 360 1001 898
897 -723 530 -823 357 1001 897
898 -720 531 -823 357 996 896
899 -726 528 -825 355 997 897
900 -726 528 -825 355 999 894
901 -726 527 -826 352 1000 896
902 -725 527 -827 356 1002 894
903 -726 527 -824 352 1002 894
904 -724 527 -824 354 1003 892
905 -724 529 -827 353 1004 892
906 -729 528 -827 355 1004 894
907 -724 525 -825 358 1006 895
908 -725 527 -823 358 1005 898
909 -726 531 -819 353 1004 897
910 -722 532 -821 357 1004 898
911 -721 528 -821 358 1001 897
912 -724 526 -821 357 1003 898
913 -724 528 -822 355 1001 897
914 -726 530 -822 356 1002 898
915 -724 528 -821 358 1001 896
916 -722 531 -825 352 998 893
917 -724 530 -820 360 1004 897
918 -728 528 -821 354 1002 899
919 -724 526 -825 360 1000 895
920 -726 525 -826 354 1000 896
921 -722 526 -822 356 1001 900
922 -728 523 -823 353 998 896
923 -726 528 -825 351 1000 895
924 -725 524 -825 354 1000 893
925 -726 525 -823 356 1002 897
926 -725 528 -824 353 1002 892
927 -728 529 -828 356 1002 894
928 -723 529 -823 357 1003 893
929 -728 527 -824 355 1005 894
930 -724 524 -824 361 1005 899
931 -725 528 -823 356 1003 896
932 -725 528 -821 356 1006 896
933 -725 529 -822 355 1000 897
934 -724 527 -822 355 1001 896
935 -723 529 -822 356 1004 897
936 -725 528 -821 357 1001 895
937 -725 528 -820 358 1001 896
938 -723 530 -820 356 998 894
939 -725 528 -822 357 1001 895
940 -723 527 -821 356 998 896
941 -726 528 -825 356 1002 897
942 -721 527 -825 352 998 897
943 -725 526 -823 355 998 894
944 -729 524 -826 355 1000 893
945 -726 525 -825 354 999 894
946 -727 524 -824 353 1000 893
947 -723 526 -825 352 1000 894
948 -727 525 -823 354 1001 894
949 -730 528 -824 355 1003 894
950 -724 527 -825 355 1002 894
951 -724 529 -825 358 1001 890
952 -725 528 -819 355 1003 896
953 -725 529 -823 355 1002 895
954 -725 526 -823 358 1004 898
955 -725 528 -820 356 1004 894
956 -725 529 -821 355 1000 895
957 -724 527 -824 355 998 894
958 -727 525 -822 352 999 897
959 -726 525 -825 358 1001 896
960 -723 527 -825 358 1003 894
961 -724 525 -823 355 1002 896
962 -723 527 -822 353 1000 893
963 -728 529 -820 357 1001 899
964 -727 526 -823 358 999 898
965 -723 526 -821 352 999 894
966 -726 527 -824 354 997 892
967 -728 526 -821 354 997 893
968 -724 527 -824 351 1000 894
969 -726 528 -822 358 1001 893
970 -726 526 -823 355 1001 895
971 -726 523 -823 354 1000 896
972 -721 529 -822 356 1001 894
973 -722 528 -822 360 1004 896
974 -725 527 -824 355 1002 895
975 -727 524 -826 354 999 894
976 -726 526 -824 356 1000 897
977 -723 525 -826 351 1002 898
978 -724 527 -826 354 1003 896
979 -726 526 -826 355 997 895
980 -726 527 -823 353 999 895
981 -729 528 -822 358 1002 895
982 -724 526 -826 353 998 895
983 -727 526 -825 356 1001 898
984 -727 527 -824 354 997 899
985 -725 528 -824 353 1000 899
986 -726 528 -825 355 1003 899
987 -727 527 -824 353 999 895
988 -728 525 -824 357 999 895
989 -726 526 -824 352 998 894
990 -728 526 -826 352 999 894
991 -728 526 -823 355 1000 893
992 -725 523 -824 356 1000 894
993 -723 526 -822 358 1005 893
994 -724 527 -820 356 1004 897
995 -724 530 -825 360 1004 896
996 -721 525 -823 357 1001 895
997 -725 529 -822 353 1001 896
998 -723 526 -821 359 1001 898
999 -726 529 -823 356 1003 897
0 3960 356 -825 3344 5014 929
1 3955 354 -829 3344 5013 930
2 3956 355 -826 3344 5015 928
3 3961 353 -827 3342 5015 923
4 3961 356 -830 3343 5014 929
5 3961 352 -831 3345 5016 927
6 3959 355 -826 3343 5017 927
7 3963 355 -827 3348 5017 927
8 3968 351 -827 3343 5018 927
9 3963 356 -822 3345 5023 932
10 3963 357 -828 3342 5019 927
11 3962 353 -830 3345 5020 928
12 3964 355 -828 3341 5018 933
13 3964 349 -825 3342 5021 930
14 3964 352 -823 3343 5020 932
15 3962 355 -827 3342 5019 930
16 3960 354 -825 3346 5019 928
17 3962 356 -824 3342 5017 927
18 3963 351 -826 3338 5015 930
19 3959 350 -829 3339 5016 929
20 3961 355 -824 3343 5021 929
21 3960 351 -825 3340 5014 928
22 3957 351 -825 3336 5011 931
23 3958 355 -824 3337 5016 932
24 3957 354 -824 3338 5013 929
25 3957 355 -827 3340 5014 930
26 3958 352 -826 3339 5016 929
27 3958 353 -823 3337 5017 930
28 3957 355 -828 3339 5015 927
29 3957 353 -824 3338 5015 926
30 3958 354 -825 3338 5019 929
31 3958 353 -824 3336 5019 930
32 3958 354 -828 3341 5017 931
33 3959 354 -826 3340 5019 929
34 3955 351 -827 3338 5019 932
35 3958 353 -827 3333 5016 930
36 3956 351 -828 3337 5019 930
37 3956 354 -824 3341 5016 928
38 3957 350 -827 3334 5016 931
39 3957 352 -827 3341 5020 929
40 3955 352 -827 3339 5017 932
41 3954 353 -824 3336 5018 928
42 3954 356 -825 3338 5019 929
43 3958 354 -826 3338 5019 932
44 3954 350 -825 3340 5017 928
45 3955 350 -827 3338 5018 929
46 3956 351 -826 3338 5017 926
47 3957 352 -826 3337 5019 927
48 3954 351 -824 3338 5021 931
49 3958 357 -828 3335 5019 930
50 3958 357 -828 3339 5025 928
51 3955 354 -824 3341 5022 928
52 3956 353 -823 3339 5023 929
53 3960 354 -821 3339 5025 931
54 3955 350 -826 3342 5024 933
55 3958 357 -825 3342 5025 934
56 3957 354 -825 3337 5024 931
57 3960 354 -826 3343 5023 933
58 3959 352 -823 3341 5023 928
59 3957 351 -827 3342 5025 928
60 3960 353 -826 3342 5025 931
61 3960 350 -827 3343 5026 932
62 3957 352 -826 3343 5027 931
63 3957 354 -824 3344 5029 930
64 3960 350 -825 3342 5025 930
65 3959 348 -825 3342 5022 932
66 3959 347 -827 3341 5026 929
67 3962 351 -825 3342 5025 928
68 3957 352 -827 3342 5030 927
69 3962 353 -826 3343 5029 926
70 3962 354 -825 3345 5030 927
71 3957 354 -825 3343 5030 925
72 3960 349 -827 3340 5032 929
73 3960 354 -825 3341 5029 927
74 3960 353 -827 3343 5032 931
75 3957 349 -826 3342 5029 928
76 3958 352 -825 3347 5028 929
77 3957 352 -827 3341 5029 929
78 3956 352 -826 3341 5027 932
79 3957 356 -824 3340 5027 928
80 3958 352 -827 3340 5026 932
81 3959 355 -823 3340 5030 927
82 3955 354 -823 3341 5027 928
83 3953 353 -825 3338 5023 925
84 3956 350 -825 3340 5027 930
85 3954 352 -824 3341 5025 933
86 3956 349 -826 3338 5025 932
87 3954 353 -823 3336 5023 929
88 3955 350 -825 3337 5026 929
89 3952 350 -825 3335 5024 930
90 3956 351 -829 3338 5024 929
91 3952 354 -828 3336 5024 925
92 3954 350 -827 3339 5022 928
93 3951 351 -826 3333 5028 930
94 3951 351 -827 3332 5026 929
95 3954 357 -825 3337 5026 927
96 3954 351 -827 3336 5022 928
97 3952 353 -827 3338 5024 936
98 3953 351 -826 3336 5025 931
99 3952 351 -825 3331 5021 932
100 3953 350 -823 3334 5021 933
101 3953 353 -825 3333 5021 931
102 3949 350 -824 3329 5024 930
103 3948 351 -826 3334 5021 930
104 3952 353 -828 3337 5019 930
105 3952 353 -825 3333 5023 930
106 3955 352 -828 3333 5024 931
107 3953 357 -824 3331 5022 932
108 3952 353 -827 3336 5025 933
109 3955 351 -827 3333 5021 929
110 3955 353 -825 3331 5023 928
111 3957 353 -828 3333 5026 932
112 3951 354 -825 3331 5026 929
113 3956 353 -826 3333 5027 928
114 3956 351 -825 3334 5026 930
115 3959 354 -822 3333 5026 929
116 3958 354 -830 3333 5025 927
117 3958 354 -826 3336 5028 928
118 3960 352 -825 3333 5031 926
119 3961 356 -826 3334 5028 932
120 3960 354 -827 3336 5029 930
121 3958 348 -827 3334 5027 931
122 3958 350 -824 3333 5029 930
123 3957 352 -825 3332 5030 929
124 3960 348 -825 3335 5033 930
125 3961 353 -824 3336 5028 932
126 3964 351 -826 3333 5030 930
127 3961 352 -822 3334 5032 934
128 3961 350 -822 3334 5030 933
129 3959 352 -827 3338 5029 933
130 3963 353 -827 3335 5033 928
131 3959 354 -826 3336 5030 932
132 3962 352 -824 3334 5030 932
133 3961 350 -825 3333 5031 926
134 3960 352 -830 3334 5030 929
135 3961 352 -826 3336 5031 927
136 3958 350 -826 3334 5032 926
137 3958 351 -824 3335 5034 929
138 3960 355 -826 3333 5033 932
139 3959 354 -825 3336 5029 931
140 3955 351 -825 3337 5031 930
141 3961 353 -826 3335 5031 934
142 3958 349 -824 3336 5030 929
143 3956 353 -825 3334 5027 930
144 3953 352 -827 3333 5029 927
145 3957 350 -826 3336 5026 929
146 3956 352 -823 3332 5026 931
147 3955 351 -826 3335 5029 930
148 3957 350 -824 3335 5029 932
149 3957 353 -825 3336 5029 929
150 3956 354 -828 3335 5027 932
151 3957 352 -824 3333 5028 928
152 3955 353 -829 3335 5027 928
153 3957 349 -830 3335 5029 930
154 3957 349 -825 3333 5029 928
155 3957 351 -825 3334 5027 930
156 3957 352 -822 3335 5027 925
157 3957 351 -828 3331 5031 927
158 3954 352 -823 3335 5029 927
159 3955 352 -825 3334 5026 929
160 3951 353 -829 3333 5026 925
161 3953 354 -825 3334 5029 928
162 3955 351 -831 3336 5027 927
163 3953 352 -829 3335 5029 930
164 3953 350 -825 3332 5029 928
165 3951 350 -827 3330 5029 929
166 3953 351 -824 3337 5030 928
167 3952 352 -828 3336 5026 930
168 3949 350 -828 3336 5025 932
169 3949 351 -825 3333 5026 927
170 3954 353 -828 3335 5028 928
171 3955 347 -827 3337 5027 929
172 3951 349 -828 3335 5024 931
173 3954 350 -829 3333 5023 928
174 3951 351 -828 3336 5026 927
175 3953 352 -826 3332 5028 928
176 3956 352 -825 3338 5026 926
177 3954 353 -825 3333 5031 925
178 3952 354 -827 3335 5028 927
179 3958 349 -827 3333 5031 927
180 3953 351 -826 3334 5032 930
181 3955 352 -827 3338 5030 927
182 3958 352 -824 3337 5034 928
183 3957 351 -826 3336 5029 928
184 3958 353 -823 3339 5030 929
185 3955 351 -827 3337 5032 930
186 3952 349 -825 3338 5029 929
187 3955 352 -827 3333 5028 927
188 3951 350 -823 3336 5027 930
189 3951 352 -822 3334 5027 931
190 3952 353 -824 3335 5026 930
191 3952 352 -828 3334 5027 927
192 3948 349 -825 3336 5028 930
193 3953 352 -827 3335 5026 928
194 3948 350 -827 3333 5024 930
195 3949 352 -827 3330 5025 928
196 3953 349 -828 3334 5027 929
197 3952 350 -825 3330 5026 931
198 3954 353 -825 3334 5028 930
199 3953 352 -829 3335 5031 927
200 3951 351 -828 3331 5028 926
201 3954 353 -828 3335 5028 929
202 3954 350 -827 3335 5030 928
203 3956 352 -829 3335 5031 932
204 3957 352 -824 3334 5033 929
205 3954 352 -826 3335 5029 929
206 3956 351 -827 3336 5030 930
207 3957 352 -823 3336 5028 932
208 3952 349 -830 3336 5031 929
209 3955 350 -826 3333 5028 929
210 3952 348 -827 3330 5029 929
211 3953 348 -827 3335 5025 932
212 3951 353 -825 3332 5029 930
213 3954 350 -825 3330 5028 930
214 3952 352 -827 3331 5028 930
215 3954 345 -825 3331 5023 928
216 3950 349 -824 3331 5028 928
217 3951 350 -825 3328 5028 933
218 3952 349 -826 3333 5023 928
219 3952 350 -826 3329 5026 924
220 3947 349 -831 3330 5025 928
221 3953 348 -825 3326 5024 927
222 3952 353 -831 3333 5028 927
223 3954 351 -825 3331 5028 926
224 3957 351 -826 3332 5029 928
225 3959 352 -826 3334 5030 928
226 3961 348 -825 3336 5032 928
227 3960 352 -830 3331 5033 929
228 3960 352 -830 3333 5030 931
229 3960 349 -825 3333 5029 929
230 3961 351 -826 3336 5033 929
231 3961 351 -826 3338 5030 930
232 3962 352 -826 3336 5030 930
233 3961 348 -827 3335 5030 929
234 3962 354 -825 3336 5029 932
235 3962 352 -824 3337 5028 929
236 3961 352 -828 3335 5026 930
237 3961 352 -825 3335 5031 931
238 3958 351 -825 3335 5031 928
239 3963 349 -826 3334 5029 930
240 3958 353 -822 3332 5032 930
241 3958 351 -825 3335 5031 931
242 3960 350 -827 3336 5029 928
243 3958 351 -827 3333 5029 925
244 3958 351 -828 3332 5029 930
245 3957 350 -827 3337 5031 927
246 3961 350 -826 3334 5031 929
247 3959 350 -824 3336 5031 929
248 3962 352 -827 3334 5030 928
249 3962 352 -828 3336 5031 932
250 3962 354 -823 3336 5029 927
251 3962 354 -825 3336 5029 928
252 3960 352 -826 3336 5030 928
253 3960 352 -828 3337 5031 928
254 3957 351 -828 3339 5026 930
255 3955 352 -826 3338 5029 931
256 3959 351 -827 3338 5028 929
257 3955 352 -826 3336 5028 932
258 3954 351 -827 3337 5027 934
259 3954 350 -825 3337 5027 928
260 3954 352 -825 3336 5025 929
261 3953 350 -828 3333 5026 929
262 3953 351 -827 3335 5024 929
263 3953 351 -827 3337 5027 927
264 3949 354 -826 3334 5023 927
265 3951 349 -828 3333 5025 925
266 3950 351 -828 3336 5021 931
267 3951 352 -826 3333 5023 929
268 3949 351 -827 3337 5020 931
269 3949 355 -827 3336 5019 928
270 3949 352 -826 3336 5018 927
271 3949 354 -827 3336 5023 931
272 3950 354 -822 3335 5021 931
273 3947 350 -827 3335 5020 928
274 3950 350 -829 3340 5020 925
275 3947 351 -827 3337 5020 930
276 3946 352 -828 3338 5017 929
277 3947 352 -825 3337 5021 932
278 3950 351 -824 3337 5021 929
279 3951 351 -827 3340 5018 930
280 3949 349 -828 3333 5019 927
281 3949 350 -828 3337 5019 932
282 3950 353 -827 3337 5020 929
283 3950 353 -828 3339 5020 928
284 3953 353 -829 3338 5022 927
285 3951 352 -830 3337 5021 927
286 3954 354 -823 3341 5024 926
287 3954 350 -828 3342 5025 930
288 3953 352 -827 3339 5025 929
289 3955 354 -831 3340 5024 924
290 3957 351 -827 3340 5025 927
291 3955 354 -827 3341 5027 926
292 3958 352 -827 3342 5024 928
293 3960 352 -827 3344 5026 930
294 3963 353 -825 3343 5027 932
295 3959 354 -829 3342 5026 931
296 3961 354 -828 3343 5026 929
297 3960 351 -826 3343 5026 931
298 3961 354 -826 3344 5025 931
299 3960 349 -823 3344 5023 931
300 3957 353 -826 3345 5029 933
301 3962 353 -827 3342 5023 932
302 3961 352 -826 3340 5023 931
303 3960 352 -826 3342 5025 931
304 3953 352 -826 3338 5021 930
305 3956 352 -825 3343 5021 933
306 3958 352 -826 3339 5022 928
307 3955 352 -828 3340 5023 927
308 3956 353 -826 3339 5020 926
309 3955 354 -828 3342 5023 930
310 3960 353 -828 3341 5024 929
311 3959 353 -827 3342 5025 925
312 3958 351 -827 3340 5021 929
313 3961 353 -826 3344 5022 929
314 3963 355 -826 3340 5022 928
315 3961 350 -826 3340 5021 928
316 3959 352 -827 3339 5019 928
317 3962 352 -825 3342 5020 930
318 3962 352 -827 3340 5021 927
319 3959 353 -829 3339 5018 931
320 3960 354 -826 3343 5023 931
321 3959 353 -823 3341 5018 929
322 3958 355 -826 3339 5023 932
323 3960 352 -829 3344 5021 931
324 3961 351 -826 3340 5017 929
325 3957 351 -826 3334 5015 932
326 3954 356 -828 3338 5016 929
327 3953 352 -829 3337 5013 928
328 3954 351 -829 3338 5017 931
329 3955 351 -828 3340 5011 928
330 3953 352 -829 3339 5011 926
331 3954 352 -830 3337 5013 924
332 3954 351 -829 3337 5016 928
333 3957 351 -830 3341 5017 927
334 3956 354 -826 3342 5017 931
335 3958 354 -828 3340 5018 931
336 3958 355 -826 3343 5016 927
337 3959 358 -827 3339 5015 929
338 3955 352 -828 3339 5014 931
339 3958 353 -828 3340 5014 933
340 3959 354 -825 3341 5017 927
341 3957 355 -829 3344 5019 931
342 3962 353 -827 3340 5015 927
343 3959 348 -827 3340 5018 931
344 3957 353 -827 3340 5015 929
345 3962 353 -829 3344 5018 931
346 3961 351 -829 3342 5017 929
347 3960 351 -830 3339 5014 930
348 3957 354 -830 3342 5016 929
349 3960 352 -828 3341 5014 927
350 3958 353 -828 3342 5012 926
351 3959 350 -828 3342 5008 927
352 3957 349 -831 3341 5016 926
353 3958 354 -829 3343 5018 928
354 3958 353 -829 3342 5012 928
355 3961 355 -829 3346 5015 928
356 3962 355 -826 3344 5014 928
357 3958 351 -826 3344 5015 929
358 3959 352 -828 3344 5018 929
359 3956 353 -825 3341 5011 930
360 3959 354 -830 3343 5011 928
361 3956 355 -826 3345 5015 929
362 3959 354 -830 3348 5014 932
363 3959 352 -824 3349 5013 928
364 3956 350 -827 3343 5013 929
365 3957 353 -827 3346 5013 930
366 3959 355 -828 3346 5015 933
367 3960 352 -826 3349 5016 931
368 3961 353 -828 3349 5016 929
369 3961 352 -831 3347 5011 929
370 3961 353 -829 3347 5016 932
371 3960 356 -828 3346 5016 928
372 3960 354 -828 3344 5012 929
373 3960 352 -833 3347 5011 927
374 3961 356 -825 3348 5014 929
375 3959 357 -828 3346 5014 928
376 3960 354 -827 3346 5014 925
377 3960 356 -828 3349 5011 928
378 3959 357 -829 3347 5013 928
379 3958 354 -828 3350 5011 929
380 3957 358 -825 3347 5009 930
381 3954 353 -825 3349 5008 932
382 3958 357 -826 3346 5008 930
383 3956 358 -826 3348 5005 929
384 3955 354 -826 3345 5010 928
385 3957 356 -829 3349 5009 927
386 3956 352 -828 3350 5012 929
387 3953 353 -825 3350 5008 928
388 3955 356 -824 3353 5007 933
389 3957 357 -823 3353 5006 931
390 3954 353 -827 3350 5008 930
391 3958 356 -828 3351 5008 930
392 3959 356 -826 3348 5009 929
393 3959 353 -829 3350 5011 927
394 3957 358 -828 3348 5011 930
395 3960 354 -830 3349 5009 926
396 3957 356 -829 3347 5007 930
397 3962 355 -829 3351 5014 929
398 3961 358 -828 3355 5011 926
399 3962 356 -829 3356 5014 928
400 3960 354 -826 3355 5013 931
401 3960 356 -823 3351 5014 928
402 3960 354 -823 3353 5010 930
403 3959 352 -828 3350 5011 928
404 3957 358 -826 3350 5007 927
405 3959 354 -827 3352 5011 929
406 3962 353 -828 3351 5011 930
407 3958 354 -829 3352 5008 932
408 3962 355 -824 3356 5010 931
409 3962 355 -828 3352 5009 929
410 3963 354 -826 3355 5011 929
411 3963 354 -826 3353 5010 928
412 3959 352 -829 3355 5006 930
413 3962 355 -831 3356 5012 932
414 3961 356 -825 3352 5008 927
415 3961 358 -830 3352 5006 932
416 3964 356 -830 3354 5009 926
417 3961 354 -832 3357 5012 929
418 3963 354 -827 3351 5005 927
419 3966 357 -830 3353 5010 926
420 3966 359 -827 3354 5010 928
421 3966 351 -828 3357 5013 929
422 3964 353 -826 3355 5005 928
423 3963 357 -827 3355 5006 929
424 3967 358 -823 3353 5008 932
425 3964 355 -827 3353 5009 930
426 3965 356 -827 3355 5006 933
427 3963 358 -828 3355 5005 928
428 3964 357 -826 3353 5005 931
429 3964 356 -829 3352 5004 928
430 3962 356 -826 3350 5005 932
431 3964 355 -828 3350 5004 928
432 3962 354 -830 3351 5002 930
433 3962 357 -829 3349 5003 932
434 3960 356 -828 3351 5000 926
435 3961 358 -828 3352 5002 929
436 3958 358 -826 3351 5002 930
437 3964 354 -830 3352 5003 926
438 3956 358 -828 3349 4997 929
439 3958 357 -828 3347 5001 930
440 3961 353 -828 3350 5000 924
441 3960 356 -830 3353 5001 929
442 3960 357 -825 3353 4997 930
443 3963 357 -827 3350 5001 930
444 3959 360 -827 3351 4999 928
445 3961 356 -829 3350 4996 930
446 3961 356 -827 3354 5001 931
447 3962 363 -826 3352 5000 935
448 3964 359 -827 3350 5001 933
449 3960 358 -825 3354 4999 928
450 3965 356 -828 3354 4999 932
451 3961 358 -831 3356 4998 932
452 3964 357 -829 3352 5001 932
453 3963 361 -826 3354 5000 929
454 3964 356 -828 3352 5000 931
455 3964 355 -828 3352 4999 932
456 3964 353 -831 3356 4999 930
457 3965 355 -829 3354 5002 928
458 3966 356 -829 3355 5000 931
459 3964 358 -829 3359 4999 928
460 3965 354 -829 3354 5001 928
461 3964 358 -830 3359 4998 930
462 3967 356 -827 3354 4999 928
463 3965 357 -829 3357 4998 924
464 3966 357 -828 3361 5001 929
465 3966 358 -830 3361 5001 932
466 3968 354 -826 3362 5000 928
467 3967 354 -832 3358 5000 928
468 3966 354 -830 3359 4998 927
469 3968 354 -829 3362 5000 931
470 3963 359 -828 3361 4999 934
471 3967 353 -830 3357 4998 927
472 3966 358 -831 3359 5001 929
473 3968 357 -830 3361 4997 930
474 3970 354 -827 3366 4997 929
475 3965 354 -826 3360 5001 931
476 3967 352 -829 3364 4999 930
477 3968 358 -830 3361 4999 931
478 3967 356 -827 3358 5000 930
479 3970 358 -829 3362 4998 929
480 3969 357 -826 3360 4997 926
481 3966 354 -828 3362 5000 927
482 3968 354 -830 3362 5002 926
483 3968 357 -831 3362 5000 928
484 3970 360 -829 3364 4999 926
485 3968 361 -824 3366 5001 926
486 3969 357 -829 3363 5000 924
487 3966 356 -831 3364 4995 928
488 3963 357 -830 3363 5000 928
489 3965 357 -828 3364 4997 930
490 3965 357 -830 3368 4996 928
491 3961 361 -830 3365 4994 928
492 3960 354 -825 3361 4997 928
493 3963 358 -828 3365 4995 930
494 3959 358 -827 3363 4996 932
495 3961 357 -828 3366 4993 930
496 3961 356 -830 3361 4991 928
497 3965 358 -826 3363 4992 928
498 3958 358 -832 3364 4990 928
499 3961 358 -831 3359 4991 929
500 3961 356 -830 3363 4990 928
501 3961 357 -829 3365 4993 928
502 3963 356 -826 3364 4993 931
503 3963 361 -829 3359 4992 927
504 3964 356 -833 3363 4995 929
505 3959 360 -826 3360 4994 927
506 3963 356 -828 3362 4990 928
507 3963 359 -830 3365 4996 926
508 3962 361 -828 3363 4997 929
509 3965 358 -831 3367 4991 930
510 3963 360 -827 3364 4993 932
511 3963 361 -826 3361 4993 930
512 3962 354 -827 3361 4989 928
513 3963 357 -829 3366 4988 928
514 3956 357 -830 3365 4989 928
515 3958 359 -829 3362 4989 930
516 3959 361 -828 3362 4989 928
517 3960 362 -827 3359 4988 933
518 3958 356 -831 3362 4987 929
519 3961 358 -829 3364 4989 931
520 3960 358 -828 3363 4989 927
521 3960 356 -830 3361 4988 926
522 3962 360 -827 3363 4988 928
523 3961 359 -829 3363 4988 928
524 3963 360 -829 3363 4989 928
525 3963 358 -830 3362 4991 927
526 3962 358 -832 3361 4991 928
527 3965 361 -831 3362 4992 926
528 3966 360 -830 3364 4991 927
529 3965 357 -827 3361 4989 926
530 3964 358 -832 3366 4994 929
531 3966 359 -831 3364 4992 926
532 3966 358 -828 3366 4991 925
533 3965 359 -829 3361 4993 927
534 3968 359 -832 3363 4992 925
535 3966 357 -828 3363 4993 928
536 3965 357 -831 3364 4991 930
537 3971 356 -829 3363 4993 930
538 3967 358 -827 3365 4990 932
539 3969 359 -832 3364 4993 926
540 3969 359 -829 3365 4991 930
541 3968 353 -831 3364 4990 928
542 3968 356 -829 3366 4988 932
543 3967 357 -833 3366 4993 930
544 3968 358 -831 3360 4989 929
545 3969 356 -832 3362 4988 928
546 3971 357 -829 3363 4988 929
547 3970 355 -834 3360 4990 926
548 3970 359 -830 3363 4993 927
549 3970 353 -830 3367 4994 925
550 3969 359 -830 3365 4994 929
551 3971 358 -830 3365 4992 930
552 3969 358 -828 3366 4992 930
553 3966 360 -831 3365 4994 931
554 3967 357 -826 3364 4989 929
555 3967 357 -830 3364 4992 927
556 3967 359 -834 3366 4987 930
557 3965 357 -828 3364 4988 930
558 3970 357 -833 3366 4989 929
559 3966 356 -828 3364 4989 932
560 3968 358 -829 3365 4986 933
561 3965 357 -829 3365 4988 927
562 3966 356 -829 3365 4987 930
563 3968 357 -833 3366 4991 927
564 3968 358 -828 3368 4987 927
565 3966 355 -830 3365 4988 930
566 3966 357 -832 3365 4986 927
567 3965 358 -831 3366 4986 925
568 3968 358 -829 3366 4985 929
569 3966 360 -830 3365 4987 927
570 3963 363 -829 3363 4990 927
571 3968 361 -832 3366 4987 927
572 3966 358 -829 3368 4989 928
573 3968 361 -828 3368 4988 932
574 3965 357 -830 3366 4986 933
575 3969 361 -830 3370 4986 930
576 3966 359 -829 3366 4985 929
577 3964 357 -831 3365 4987 928
578 3963 357 -828 3370 4985 933
579 3962 356 -828 3366 4983 928
580 3964 359 -829 3369 4984 931
581 3967 356 -828 3372 4987 930
582 3968 356 -830 3369 4987 930
583 3966 357 -830 3366 4986 933
584 3966 361 -827 3368 4986 932
585 3968 359 -832 3369 4983 928
586 3967 358 -829 3365 4985 925
587 3963 357 -833 3368 4985 928
588 3965 358 -832 3367 4987 931
589 3968 356 -832 3370 4987 928
590 3968 356 -828 3368 4986 927
591 3966 359 -830 3368 4989 927
592 3967 358 -832 3372 4988 928
593 3971 361 -834 3371 4988 929
594 3966 357 -830 3376 4990 928
595 3968 359 -829 3372 4986 929
596 3967 358 -827 3373 4987 927
597 3967 356 -828 3374 4986 929
598 3965 358 -831 3365 4982 928
599 3962 357 -832 3368 4985 928
600 3965 359 -828 3368 4982 932
601 3966 362 -829 3371 4984 931
602 3963 359 -829 3370 4984 930
603 3964 360 -830 3373 4982 928
604 3961 362 -831 3367 4979 930
605 3964 358 -829 3366 4983 927
606 3964 358 -831 3371 4979 927
607 3964 362 -832 3367 4986 929
608 3962 357 -832 3367 4981 927
609 3963 360 -830 3371 4981 930
610 3965 358 -831 3367 4982 930
611 3965 363 -829 3368 4984 927
612 3965 361 -833 3369 4982 926
613 3965 362 -830 3366 4979 926
614 3964 358 -830 3367 4980 925
615 3966 358 -834 3367 4983 927
616 3964 358 -830 3372 4982 926
617 3967 358 -831 3367 4984 927
618 3962 359 -830 3367 4983 928
619 3966 356 -827 3368 4980 928
620 3964 359 -827 3367 4980 927
621 3964 357 -832 3367 4982 927
622 3962 359 -831 3365 4978 931
623 3962 354 -830 3366 4982 929
624 3960 357 -833 3368 4981 929
625 3967 360 -830 3367 4981 928
626 3962 355 -830 3368 4979 928
627 3962 353 -830 3365 4979 928
628 3965 356 -833 3367 4981 930
629 3966 357 -831 3366 4977 929
630 3962 358 -830 3367 4982 927
631 3965 359 -828 3364 4982 926
632 3963 358 -831 3365 4981 927
633 3964 358 -831 3364 4979 928
634 3967 356 -833 3366 4984 924
635 3967 356 -831 3367 4986 926
636 3970 359 -832 3365 4984 928
637 3968 361 -833 3369 4986 928
638 3971 360 -829 3369 4988 928
639 3973 359 -829 3372 4986 930
640 3973 360 -832 3370 4989 930
641 3970 357 -827 3370 4987 928
642 3970 356 -829 3372 4986 934
643 3977 358 -830 3367 4985 929
644 3976 360 -834 3368 4986 931
645 3973 358 -829 3369 4985 928
646 3972 360 -832 3370 4990 927
647 3973 359 -828 3369 4983 926
648 3973 355 -830 3370 4987 930
649 3970 356 -828 3367 4985 928
650 3973 359 -829 3368 4987 932
651 3971 357 -830 3366 4987 928
652 3974 356 -830 3369 4986 932
653 3970 358 -834 3367 4990 926
654 3972 355 -829 3368 4987 928
655 3970 361 -831 3368 4990 931
656 3972 359 -830 3366 4987 926
657 3973 358 -831 3371 4988 928
658 3972 358 -830 3367 4992 932
659 3974 362 -829 3365 4989 927
660 3973 361 -828 3369 4989 927
661 3971 358 -829 3371 4991 931
662 3969 357 -829 3368 4986 933
663 3971 360 -831 3371 4988 930
664 3974 357 -831 3367 4984 929
665 3969 360 -830 3366 4986 929
666 3967 357 -831 3367 4982 931
667 3971 358 -827 3369 4987 927
668 3969 355 -827 3368 4987 928
669 3968 359 -833 3369 4983 929
670 3969 358 -831 3371 4983 928
671 3970 357 -831 3365 4982 931
672 3965 355 -830 3367 4978 929
673 3966 357 -831 3364 4976 928
674 3963 361 -831 3367 4983 930
675 3964 361 -830 3366 4980 929
676 3963 357 -829 3365 4983 924
677 3965 356 -832 3365 4981 927
678 3966 358 -835 3364 4983 927
679 3964 357 -830 3364 4983 928
680 3966 359 -833 3367 4979 926
681 3963 357 -829 3366 4981 931
682 3963 359 -832 3366 4982 928
683 3962 358 -831 3364 4978 927
684 3962 361 -830 3367 4977 926
685 3959 360 -828 3371 4981 929
686 3960 361 -828 3367 4979 930
687 3959 360 -831 3366 4978 927
688 3964 362 -829 3368 4979 927
689 3960 357 -830 3364 4978 932
690 3959 355 -828 3370 4978 930
691 3957 358 -828 3366 4982 930
692 3960 361 -828 3365 4981 929
693 3961 356 -829 3370 4976 930
694 3960 359 -830 3370 4976 927
695 3962 356 -829 3371 4977 929
696 3963 356 -829 3369 4979 926
697 3963 356 -831 3368 4983 928
698 3963 359 -830 3369 4982 932
699 3964 356 -828 3370 4985 925
700 3966 356 -827 3370 4987 927
701 3966 362 -831 3368 4988 926
702 3967 359 -828 3371 4988 926
703 3969 360 -828 3371 4990 929
704 3965 354 -831 3369 4989 929
705 3968 359 -829 3375 4992 932
706 3969 357 -829 3372 4984 928
707 3966 354 -831 3370 4989 927
708 3966 359 -830 3370 4987 930
709 3967 358 -829 3370 4988 929
710 3969 356 -828 3374 4987 927
711 3967 361 -828 3373 4986 926
712 3966 357 -831 3366 4986 930
713 3963 356 -829 3372 4989 926
714 3963 359 -830 3373 4988 926
715 3966 358 -831 3371 4988 927
716 3968 358 -830 3371 4985 928
717 3966 355 -830 3372 4990 929
718 3964 354 -832 3371 4988 929
719 3967 358 -832 3369 4987 929
720 3970 359 -832 3374 4988 930
721 3970 356 -830 3373 4991 927
722 3968 358 -833 3373 4991 926
723 3971 357 -831 3374 4993 927
724 3973 358 -830 3371 4997 928
725 3972 358 -830 3372 4993 927
726 3973 360 -828 3372 4992 929
727 3971 360 -830 3371 4991 928
728 3970 360 -831 3368 4992 929
729 3974 360 -830 3374 4993 929
730 3973 359 -827 3367 4991 930
731 3969 359 -831 3369 4988 933
732 3971 359 -829 3368 4989 931
733 3969 357 -827 3366 4987 929
734 3967 357 -832 3370 4985 931
735 3967 359 -829 3367 4989 934
736 3969 358 -827 3365 4986 931
737 3965 358 -827 3361 4985 929
738 3960 358 -829 3363 4985 928
739 3963 357 -830 3364 4983 928
740 3962 357 -829 3361 4985 929
741 3962 358 -835 3357 4984 929
742 3962 361 -830 3361 4979 928
743 3964 360 -830 3361 4986 927
744 3961 353 -831 3357 4987 927
745 3964 361 -829 3363 4985 926
746 3968 358 -827 3366 4988 929
747 3967 363 -829 3361 4989 926
748 3967 356 -827 3361 4985 932
749 3967 357 -830 3361 4986 930
750 3965 358 -829 3362 4988 929
751 3965 356 -832 3360 4987 928
752 3963 355 -832 3360 4990 929
753 3969 358 -826 3364 4990 930
754 3963 355 -828 3359 4988 925
755 3966 362 -828 3360 4992 931
756 3968 354 -829 3360 4987 928
757 3968 355 -830 3363 4990 930
758 3962 359 -830 3360 4988 928
759 3966 357 -830 3356 4987 931
760 3961 356 -828 3360 4988 930
761 3966 360 -830 3360 4986 930
762 3963 358 -832 3356 4989 929
763 3965 359 -831 3360 4988 926
764 3964 353 -830 3359 4990 927
765 3968 357 -830 3359 4988 929
766 3966 358 -829 3360 4992 928
767 3966 360 -827 3361 4991 928
768 3967 358 -829 3362 4992 929
769 3967 353 -831 3361 4991 929
770 3970 358 -825 3361 4992 933
771 3970 360 -829 3363 4994 930
772 3967 358 -830 3360 4993 930
773 3966 358 -832 3361 4995 928
774 3971 357 -829 3361 4997 929
775 3966 354 -828 3364 4999 927
776 3970 357 -829 3363 4996 930
777 3970 358 -829 3364 4996 929
778 3971 356 -827 3363 4994 932
779 3972 356 -828 3363 4994 932
780 3969 356 -830 3363 4989 925
781 3972 358 -832 3363 4997 931
782 3969 355 -832 3364 4997 932
783 3966 354 -826 3362 4994 927
784 3966 356 -831 3362 4996 926
785 3969 356 -828 3362 4995 927
786 3968 358 -830 3361 4996 927
787 3965 358 -832 3361 4999 925
788 3968 357 -830 3363 4998 929
789 3964 357 -828 3361 4994 930
790 3964 357 -831 3359 4998 929
791 3961 356 -831 3363 4994 932
792 3964 355 -828 3364 4995 928
793 3962 359 -829 3361 4991 925
794 3961 358 -832 3361 4996 929
795 3963 357 -830 3360 4996 928
796 3960 356 -828 3358 4993 930
797 3964 359 -827 3359 4994 928
798 3958 356 -831 3358 4992 929
799 3962 355 -826 3361 4990 925
800 3960 358 -827 3360 4996 932
801 3959 355 -828 3362 4992 930
802 3957 357 -829 3358 4990 928
803 3963 353 -831 3360 4992 924
804 3958 358 -829 3360 4993 926
805 3958 357 -829 3359 4991 925
806 3960 353 -827 3361 4996 927
807 3957 354 -832 3363 4997 925
808 3960 354 -829 3359 4994 926
809 3959 353 -830 3359 4998 925
810 3960 357 -834 3362 4999 925
811 3962 356 -834 3359 4997 926
812 3961 358 -827 3359 4997 929
813 3958 357 -826 3364 4999 927
814 3960 357 -829 3361 4995 926
815 3958 357 -832 3358 4998 927
816 3965 357 -829 3361 4999 929
817 3959 354 -827 3363 4998 932
818 3963 355 -830 3360 4997 930
819 3961 357 -832 3360 4998 928
820 3965 356 -829 3360 5001 927
821 3966 356 -829 3364 4996 931
822 3964 357 -829 3362 4998 928
823 3962 354 -830 3362 4998 926
824 3964 353 -831 3359 5000 929
825 3963 355 -831 3362 5002 928
826 3961 357 -828 3359 4997 928
827 3961 352 -829 3359 5000 928
828 3964 356 -832 3356 4998 926
829 3962 354 -832 3360 5003 924
830 3963 359 -832 3360 5003 928
831 3968 354 -830 3361 5005 925
832 3969 358 -831 3361 5000 926
833 3965 355 -832 3360 5001 929
834 3967 357 -829 3356 5002 925
835 3967 356 -832 3356 5003 930
836 3967 358 -825 3359 5002 928
837 3966 357 -828 3355 5000 927
838 3965 355 -830 3358 5002 929
839 3962 354 -831 3356 5002 928
840 3963 353 -828 3356 5001 929
841 3965 358 -828 3355 5001 932
842 3965 355 -826 3357 5002 929
843 3962 354 -828 3355 4995 929
844 3960 352 -830 3350 4999 932
845 3959 357 -827 3355 5000 931
846 3960 353 -829 3348 4998 925
847 3956 352 -832 3350 4996 929
848 3958 351 -831 3347 4996 929
849 3961 355 -830 3351 4994 929
850 3959 354 -831 3346 4996 924
851 3958 355 -831 3348 4994 926
852 3962 359 -831 3348 4992 922
853 3959 353 -832 3350 4997 927
854 3959 353 -828 3350 5000 928
855 3965 359 -830 3351 4998 928
856 3960 356 -827 3352 4997 925
857 3962 357 -827 3350 5000 931
858 3959 357 -824 3348 4999 930
859 3959 352 -828 3350 5001 928
860 3959 357 -825 3349 4999 926
861 3964 354 -828 3345 5000 931
862 3959 352 -830 3351 4999 929
863 3963 355 -827 3350 5000 929
864 3963 355 -828 3350 5001 931
865 3964 353 -829 3350 5002 930
866 3962 354 -827 3351 4999 929
867 3959 356 -828 3347 4998 930
868 3958 354 -832 3347 5002 927
869 3964 356 -830 3350 5000 929
870 3961 354 -828 3347 5001 930
871 3959 353 -828 3345 5001 928
872 3960 348 -830 3351 5001 926
873 3961 352 -828 3350 5006 928
874 3963 355 -830 3351 5007 929
875 3963 353 -829 3349 5010 928
876 3962 355 -828 3350 5007 932
877 3966 359 -830 3348 5006 926
878 3966 356 -824 3349 5006 928
879 3966 354 -828 3350 5007 932
880 3965 355 -828 3351 5008 927
881 3965 356 -825 3352 5010 929
882 3968 358 -827 3353 5009 931
883 3968 350 -831 3352 5009 931
884 3963 355 -833 3353 5013 931
885 3967 351 -828 3352 5011 931
886 3970 352 -827 3354 5015 930
887 3967 352 -828 3354 5014 930
888 3967 354 -825 3355 5011 930
889 3966 353 -827 3348 5011 930
890 3969 354 -824 3350 5011 928
891 3968 352 -832 3349 5010 928
892 3966 354 -829 3346 5010 927
893 3964 351 -830 3348 5011 925
894 3966 354 -828 3350 5013 926
895 3964 356 -826 3350 5010 926
896 3963 354 -832 3349 5008 927
897 3963 354 -829 3351 5011 926
898 3962 354 -830 3348 5010 931
899 3962 356 -829 3352 5013 926
900 3960 355 -827 3353 5011 930
901 3960 356 -827 3351 5010 928
902 3958 356 -827 3349 5007 929
903 3957 353 -825 3347 5009 929
904 3961 359 -826 3348 5008 927
905 3956 350 -827 3351 5008 929
906 3955 354 -829 3349 5009 929
907 3959 355 -828 3350 5011 929
908 3957 355 -825 3347 5009 929
909 3958 355 -828 3347 5007 926
910 3955 350 -829 3344 5008 930
911 3955 357 -827 3344 5006 927
912 3954 351 -830 3346 5005 928
913 3954 354 -829 3348 5006 929
914 3956 351 -828 3346 5008 930
915 3951 348 -830 3342 5009 929
916 3955 353 -829 3345 5012 930
917 3951 353 -830 3344 5008 926
918 3955 352 -829 3345 5010 929
919 3951 354 -827 3346 5010 930
920 3956 353 -827 3343 5008 932
921 3952 353 -828 3343 5012 928
922 3951 351 -830 3342 5009 928
923 3951 357 -831 3341 5008 927
924 3951 349 -831 3345 5009 926
925 3951 354 -827 3344 5009 927
926 3951 354 -827 3346 5009 927
927 3952 351 -829 3344 5012 931
928 3951 352 -828 3342 5010 930
929 3954 357 -829 3345 5013 927
930 3956 351 -826 3342 5009 925
931 3952 351 -826 3343 5010 930
932 3953 352 -830 3344 5008 927
933 3956 350 -829 3345 5012 929
934 3956 350 -828 3346 5013 925
935 3954 354 -829 3342 5008 928
936 3959 353 -830 3348 5013 926
937 3960 355 -830 3344 5013 929
938 3960 357 -828 3343 5018 928
939 3958 353 -829 3346 5018 926
940 3962 353 -827 3344 5020 925
941 3958 355 -826 3347 5017 927
942 3961 354 -827 3344 5017 926
943 3961 352 -828 3343 5019 927
944 3960 354 -827 3345 5017 930
945 3961 350 -827 3343 5019 923
946 3959 351 -829 3344 5016 933
947 3960 354 -825 3344 5014 930
948 3962 351 -828 3346 5020 929
949 3963 354 -826 3343 5018 931
950 3964 350 -827 3343 5015 932
951 3963 352 -829 3342 5019 927
952 3960 349 -828 3341 5016 929
953 3963 352 -831 3347 5016 931
954 3963 351 -829 3342 5019 930
955 3960 347 -828 3342 5014 929
956 3962 347 -829 3339 5020 929
957 3962 351 -829 3339 5017 926
958 3960 349 -831 3340 5020 929
959 3957 352 -829 3335 5021 931
960 3959 356 -827 3341 5018 928
961 3957 354 -827 3337 5017 926
962 3962 352 -828 3338 5020 926
963 3959 348 -831 3338 5017 927
964 3959 348 -828 3340 5015 923
965 3954 355 -831 3337 5015 929
966 3955 355 -831 3336 5016 930
967 3956 352 -832 3338 5013 927
968 3957 348 -825 3335 5013 927
969 3953 352 -824 3335 5013 929
970 3955 351 -828 3335 5015 930
971 3953 349 -825 3338 5016 933
972 3955 353 -829 3335 5013 930
973 3952 350 -825 3340 5015 930
974 3958 349 -829 3336 5015 930
975 3957 352 -829 3338 5017 927
976 3958 353 -828 3335 5011 927
977 3956 349 -828 3336 5018 928
978 3961 350 -827 3336 5019 931
979 3958 347 -827 3338 5019 927
980 3961 353 -829 3339 5019 926
981 3957 352 -826 3338 5021 929
982 3960 351 -825 3337 5020 927
983 3960 356 -829 3342 5019 930
984 3961 352 -828 3338 5022 928
985 3961 351 -827 3338 5021 929
986 3956 351 -827 3335 5023 930
987 3959 351 -828 3340 5023 927
988 3957 355 -826 3336 5023 927
989 3957 348 -827 3339 5018 925
990 3955 349 -829 3335 5018 928
991 3957 351 -828 3335 5021 927
992 3955 352 -826 3336 5021 929
993 3954 353 -832 3335 5019 926
994 3958 351 -828 3337 5020 932
995 3957 352 -829 3335 5020 929
996 3955 349 -829 3340 5018 928
997 3955 347 -827 3338 5021 930
998 3953 350 -829 3340 5021 925
999 3955 349 -832 3335 5024 929
