0 -1258 585 -778 641 677 1124
1 -1262 590 -778 640 676 1126
2 -1263 585 -781 638 679 1127
3 -1262 586 -779 640 677 1125
4 -1259 586 -777 641 676 1127
5 -1258 586 -779 642 677 1123
6 -1260 587 -780 641 675 1122
7 -1259 589 -777 640 678 1126
8 -1261 592 -776 641 674 1127
9 -1260 586 -779 643 676 1125
10 -1259 585 -779 643 676 1120
11 -1260 586 -778 644 680 1125
12 -1258 589 -780 644 674 1121
13 -1260 583 -780 642 673 1122
14 -1261 591 -779 643 675 1127
15 -1260 590 -777 640 676 1125
16 -1260 588 -778 644 678 1123
17 -1261 587 -776 643 675 1123
18 -1266 586 -779 645 673 1122
19 -1260 590 -781 641 671 1124
20 -1261 587 -778 639 673 1123
21 -1266 584 -779 644 677 1122
22 -1262 588 -776 643 677 1124
23 -1255 587 -776 643 676 1121
24 -1260 588 -776 644 678 1124
25 -1259 589 -779 643 677 1122
26 -1260 587 -782 643 679 1123
27 -1262 590 -779 644 679 1122
28 -1258 589 -780 644 676 1124
29 -1259 590 -780 639 677 1126
30 -1261 586 -783 640 676 1121
31 -1261 588 -780 642 677 1127
32 -1262 585 -776 639 674 1123
33 -1261 588 -777 643 677 1124
34 -1260 585 -780 640 680 1125
35 -1261 583 -780 642 678 1126
36 -1260 587 -776 643 678 1127
37 -1262 587 -780 640 679 1123
38 -1259 586 -777 644 678 1125
39 -1259 585 -779 639 678 1125
40 -1259 587 -776 643 675 1124
41 -1261 587 -778 643 677 1124
42 -1258 587 -778 638 677 1123
43 -1263 588 -780 642 678 1123
44 -1261 586 -779 642 677 1125
45 -1258 588 -778 643 678 1125
46 -1258 586 -777 639 677 1126
47 -1258 585 -777 641 677 1125
48 -1259 585 -780 639 677 1127
49 -1260 586 -775 641 678 1122
50 -1257 585 -778 640 678 1124
51 -1259 589 -779 642 681 1128
52 -1262 588 -775 641 678 1128
53 -1260 586 -777 642 676 1123
54 -1258 587 -778 643 678 1126
55 -1257 583 -776 641 677 1126
56 -1258 587 -779 641 677 1128
57 -1264 586 -777 645 678 1123
58 -1262 587 -781 643 677 1120
59 -1259 584 -779 642 676 1122
60 -1262 587 -784 644 676 1124
61 -1258 590 -774 645 678 1124
62 -1261 587 -779 642 679 1125
63 -1258 583 -782 644 676 1122
64 -1259 586 -778 642 675 1127
65 -1262 589 -779 640 679 1122
66 -1263 586 -781 645 678 1125
67 -1258 587 -782 647 679 1122
68 -1261 588 -778 643 676 1125
69 -1261 591 -779 641 677 1127
70 -1259 593 -777 641 682 1124
71 -1255 587 -775 645 679 1123
72 -1259 589 -780 644 675 1126
73 -1259 589 -779 644 678 1127
74 -1258 587 -776 640 679 1126
75 -1261 583 -783 646 678 1122
76 -1264 588 -779 642 680 1129
77 -1255 592 -776 640 679 1128
78 -1255 588 -773 644 677 1128
79 -1259 587 -777 642 681 1124
80 -1261 586 -779 643 678 1127
81 -1256 591 -775 642 678 1128
82 -1255 588 -776 643 675 1126
83 -1256 588 -779 643 676 1121
84 -1258 587 -777 641 678 1125
85 -1260 589 -780 638 678 1127
86 -1257 590 -778 641 679 1125
87 -1260 587 -779 643 681 1126
88 -1261 582 -778 641 678 1123
89 -1262 588 -779 639 678 1127
90 -1257 587 -778 648 678 1126
91 -1260 587 -778 646 678 1127
92 -1257 587 -778 641 679 1124
93 -1256 590 -778 640 681 1125
94 -1258 592 -772 645 679 1128
95 -1264 590 -782 642 678 1125
96 -1262 586 -778 639 677 1129
97 -1258 590 -776 644 677 1127
98 -1265 587 -780 643 675 1124
99 -1258 583 -781 643 674 1126
100 -1259 587 -780 641 680 1123
101 -1260 590 -778 644 675 1125
102 -1261 591 -778 649 673 1126
103 -1263 589 -779 648 677 1125
104 -1261 588 -777 644 677 1122
105 -1262 585 -783 644 675 1121
106 -1261 590 -779 642 673 1123
107 -1261 587 -783 643 674 1124
108 -1259 585 -779 641 678 1124
109 -1259 585 -780 640 677 1121
110 -1259 585 -781 644 672 1119
111 -1258 586 -779 642 677 1122
112 -1262 588 -778 645 677 1124
113 -1257 586 -780 642 678 1120
114 -1259 582 -779 644 675 1125
115 -1262 586 -779 642 674 1123
116 -1262 587 -781 640 680 1122
117 -1258 583 -779 640 677 1123
118 -1264 587 -783 642 675 1125
119 -1260 587 -777 643 675 1125
120 -1264 586 -780 637 674 1123
121 -1259 583 -781 637 676 1124
122 -1258 583 -779 638 677 1127
123 -1260 586 -781 643 676 1126
124 -1258 588 -777 638 678 1127
125 -1260 587 -778 640 677 1128
126 -1257 585 -778 641 678 1122
127 -1261 583 -778 641 671 1125
128 -1260 588 -781 641 680 1122
129 -1258 584 -781 637 677 1124
130 -1261 589 -779 644 673 1124
131 -1262 588 -780 644 676 1125
132 -1261 584 -782 640 678 1123
133 -1260 585 -781 641 678 1127
134 -1257 585 -781 640 675 1125
135 -1258 590 -779 643 680 1125
136 -1261 587 -776 640 678 1126
137 -1260 583 -778 637 678 1125
138 -1259 587 -779 644 677 1125
139 -1262 586 -780 641 676 1126
140 -1263 584 -778 642 675 1121
141 -1260 585 -781 643 674 1125
142 -1262 585 -778 641 675 1123
143 -1259 587 -778 641 674 1123
144 -1258 588 -778 643 677 1125
145 -1261 586 -780 642 677 1125
146 -1262 588 -782 645 677 1125
147 -1260 586 -778 645 676 1124
148 -1262 586 -778 641 676 1123
149 -1264 584 -778 643 680 1123
150 -1259 586 -780 644 677 1121
151 -1262 589 -784 642 677 1126
152 -1261 587 -783 641 674 1121
153 -1260 589 -777 647 677 1123
154 -1262 588 -779 642 680 1127
155 -1261 587 -781 642 677 1124
156 -1257 584 -778 640 676 1122
157 -1264 587 -778 646 676 1124
158 -1261 584 -781 644 677 1126
159 -1259 587 -778 640 676 1120
160 -1258 584 -779 643 673 1125
161 -1259 586 -781 640 676 1124
162 -1264 583 -779 639 679 1125
163 -1257 585 -778 639 675 1124
164 -1261 589 -778 639 676 1126
165 -1261 587 -780 645 680 1125
166 -1259 585 -778 639 675 1126
167 -1259 585 -780 643 677 1125
168 -1262 586 -781 639 676 1125
169 -1262 585 -778 641 676 1123
170 -1260 586 -781 641 678 1126
171 -1261 581 -780 639 677 1124
172 -1259 585 -778 640 675 1125
173 -1261 586 -781 639 677 1124
174 -1260 585 -782 643 676 1124
175 -1260 585 -780 643 676 1121
176 -1261 589 -777 641 675 1127
177 -1259 584 -778 643 679 1122
178 -1259 587 -776 642 675 1122
179 -1262 586 -780 643 676 1123
180 -1260 586 -780 641 678 1123
181 -1258 586 -780 642 676 1125
182 -1260 585 -780 641 677 1125
183 -1260 589 -781 641 674 1122
184 -1260 587 -778 640 675 1122
185 -1261 586 -779 644 679 1126
186 -1259 583 -777 644 673 1124
187 -1262 588 -779 644 676 1126
188 -1257 587 -780 641 676 1125
189 -1262 586 -778 648 675 1124
190 -1262 589 -781 643 673 1119
191 -1262 582 -777 641 678 1124
192 -1262 586 -781 641 677 1123
193 -1264 585 -781 644 675 1123
194 -1265 583 -781 644 676 1121
195 -1261 585 -780 639 674 1122
196 -1263 589 -779 641 677 1122
197 -1260 591 -780 645 676 1124
198 -1260 587 -781 644 678 1123
199 -1260 588 -779 645 678 1122
200 -1259 587 -778 644 679 1123
201 -1258 588 -780 642 674 1124
202 -1262 586 -783 646 677 1123
203 -1260 587 -781 642 677 1127
204 -1259 587 -777 642 678 1126
205 -1260 586 -779 643 678 1123
206 -1259 587 -780 639 674 1125
207 -1258 589 -779 643 676 1125
208 -1259 588 -780 641 678 1126
209 -1255 584 -780 639 677 1124
210 -1262 586 -780 642 673 1127
211 -1262 586 -779 642 676 1126
212 -1262 585 -781 640 672 1127
213 -1259 583 -779 641 678 1125
214 -1262 586 -781 641 678 1122
215 -1260 587 -781 642 675 1124
216 -1261 588 -780 644 677 1124
217 -1260 588 -778 640 675 1125
218 -1258 583 -779 642 677 1123
219 -1259 587 -779 643 679 1120
220 -1258 589 -778 640 678 1123
221 -1263 583 -778 644 681 1125
222 -1260 587 -776 644 679 1126
223 -1259 586 -779 641 678 1125
224 -1262 583 -779 640 677 1124
225 -1259 586 -777 639 674 1126
226 -1260 585 -776 643 676 1129
227 -1259 586 -782 640 677 1123
228 -1259 586 -778 642 677 1123
229 -1260 585 -779 643 675 1123
230 -1261 587 -781 644 678 1125
231 -1258 587 -781 639 676 1125
232 -1262 589 -781 645 675 1123
233 -1266 585 -783 642 672 1123
234 -1262 586 -780 639 674 1123
235 -1262 585 -780 646 675 1123
236 -1261 584 -782 643 676 1121
237 -1263 586 -782 644 677 1123
238 -1261 586 -778 644 675 1123
239 -1261 586 -782 643 674 1122
240 -1259 590 -780 643 678 1122
241 -1262 589 -776 641 676 1121
242 -1259 587 -780 642 676 1122
243 -1258 588 -778 641 677 1125
244 -1260 589 -776 641 677 1123
245 -1262 584 -780 641 677 1124
246 -1257 585 -782 641 678 1124
247 -1259 589 -778 643 675 1127
248 -1260 587 -776 641 675 1125
249 -1262 587 -781 640 676 1126
250 -1258 588 -778 642 679 1122
251 -1262 583 -779 642 679 1127
252 -1261 584 -780 640 675 1128
253 -1261 585 -778 640 677 1124
254 -1261 587 -779 643 675 1120
255 -1260 584 -781 641 678 1124
256 -1258 588 -776 641 679 1127
257 -1259 582 -780 640 676 1125
258 -1258 585 -780 643 675 1125
259 -1265 591 -777 639 674 1124
260 -1257 580 -782 640 673 1121
261 -1256 586 -778 641 676 1126
262 -1259 584 -780 640 675 1125
263 -1260 585 -778 641 680 1121
264 -1260 583 -779 644 678 1123
265 -1259 586 -778 646 678 1124
266 -1258 585 -778 640 677 1126
267 -1260 586 -777 640 677 1124
268 -1260 586 -779 646 677 1124
269 -1262 588 -781 643 677 1125
270 -1258 585 -778 643 675 1121
271 -1258 584 -779 641 678 1123
272 -1261 587 -780 643 676 1121
273 -1263 589 -778 644 675 1123
274 -1259 585 -778 640 676 1127
275 -1261 587 -777 642 679 1127
276 -1259 585 -777 646 675 1123
277 -1263 588 -781 644 675 1122
278 -1262 585 -779 643 678 1124
279 -1258 586 -779 641 678 1124
280 -1257 584 -781 644 676 1124
281 -1261 585 -778 640 676 1125
282 -1261 586 -779 640 677 1118
283 -1261 591 -780 646 676 1123
284 -1261 587 -781 640 673 1125
285 -1261 588 -778 647 681 1123
286 -1261 588 -782 646 676 1123
287 -1259 586 -781 646 677 1124
288 -1260 584 -780 642 673 1122
289 -1259 586 -781 641 677 1126
290 -1264 587 -779 642 678 1127
291 -1261 586 -779 644 677 1123
292 -1263 586 -779 641 678 1126
293 -1258 587 -782 643 677 1128
294 -1257 586 -777 644 678 1125
295 -1258 589 -782 640 678 1126
296 -1259 587 -782 640 674 1125
297 -1260 586 -777 642 678 1126
298 -1259 587 -778 639 677 1128
299 -1261 582 -778 639 678 1127
300 -1260 587 -779 643 674 1124
301 -1259 587 -776 642 676 1127
302 -1260 587 -776 643 679 1128
303 -1258 587 -777 643 678 1126
304 -1262 586 -778 642 680 1128
305 -1260 583 -779 641 674 1124
306 -1257 589 -777 642 679 1126
307 -1259 589 -778 645 673 1124
308 -1262 587 -778 641 677 1122
309 -1260 583 -777 642 676 1122
310 -1261 591 -779 645 678 1126
311 -1260 588 -779 644 675 1124
312 -1260 587 -778 641 677 1122
313 -1264 586 -777 643 676 1126
314 -1257 587 -780 647 676 1126
315 -1261 590 -777 644 678 1123
316 -1259 587 -777 641 676 1124
317 -1258 586 -778 640 677 1122
318 -1259 586 -777 644 677 1123
319 -1256 590 -775 643 676 1123
320 -1259 587 -780 640 677 1123
321 -1256 583 -781 644 676 1124
322 -1262 586 -778 641 677 1125
323 -1258 588 -779 641 678 1123
324 -1255 589 -780 641 681 1124
325 -1258 586 -780 641 679 1122
326 -1263 588 -780 642 677 1127
327 -1259 591 -778 641 677 1125
328 -1258 590 -779 645 677 1125
329 -1258 586 -779 643 678 1124
330 -1260 586 -780 645 676 1127
331 -1262 589 -778 644 679 1124
332 -1257 590 -779 643 678 1122
333 -1262 587 -780 643 676 1126
334 -1260 587 -783 642 677 1125
335 -1261 588 -777 641 678 1122
336 -1258 588 -777 641 677 1126
337 -1261 586 -780 643 675 1125
338 -1262 585 -783 639 678 1128
339 -1259 590 -778 642 677 1126
340 -1258 588 -776 640 677 1126
341 -1261 587 -779 643 676 1126
342 -1261 585 -778 643 679 1126
343 -1258 587 -778 640 676 1128
344 -1260 586 -779 644 677 1128
345 -1262 588 -780 641 677 1126
346 -1261 584 -778 640 677 1125
347 -1258 585 -779 642 680 1126
348 -1258 591 -775 643 678 1125
349 -1259 586 -779 641 679 1122
350 -1258 586 -782 645 681 1125
351 -1259 589 -773 642 676 1129
352 -1260 588 -778 645 677 1127
353 -1260 586 -780 641 679 1122
354 -1258 585 -779 641 677 1126
355 -1260 587 -778 644 677 1125
356 -1256 588 -779 642 675 1127
357 -1258 588 -777 645 677 1127
358 -1256 582 -778 640 676 1124
359 -1260 587 -777 643 676 1124
360 -1262 589 -776 644 676 1125
361 -1260 586 -778 643 675 1124
362 -1260 585 -780 639 678 1123
363 -1262 586 -779 645 674 1125
364 -1258 588 -778 644 677 1125
365 -1257 586 -779 644 678 1122
366 -1259 589 -778 641 679 1124
367 -1263 588 -778 642 676 1124
368 -1262 586 -780 646 680 1124
369 -1261 589 -780 645 674 1123
370 -1258 587 -778 645 676 1121
371 -1257 589 -777 642 683 1126
372 -1259 586 -778 648 676 1125
373 -1259 587 -775 646 679 1127
374 -1259 589 -776 644 679 1126
375 -1256 591 -778 643 677 1125
376 -1256 587 -779 645 675 1122
377 -1258 588 -778 641 677 1126
378 -1257 591 -775 644 677 1125
379 -1257 587 -779 644 677 1124
380 -1259 587 -781 643 677 1125
381 -1259 590 -778 641 679 1126
382 -1255 589 -780 643 679 1126
383 -1258 588 -777 646 675 1126
384 -1256 590 -775 644 678 1126
385 -1260 587 -779 641 677 1127
386 -1259 588 -777 641 679 1129
387 -1260 586 -778 642 677 1126
388 -1259 586 -776 642 675 1126
389 -1258 587 -775 644 678 1125
390 -1257 586 -778 640 674 1126
391 -1257 586 -778 637 674 1126
392 -1259 585 -779 641 676 1123
393 -1258 589 -777 642 679 1123
394 -1258 587 -776 643 679 1125
395 -1260 587 -779 645 678 1126
396 -1260 586 -783 643 676 1124
397 -1256 590 -779 642 676 1130
398 -1259 587 -776 643 675 1124
399 -1260 590 -778 644 679 1126
400 -1256 587 -779 644 678 1129
401 -1260 589 -777 644 679 1126
402 -1261 585 -778 645 676 1125
403 -1257 585 -779 643 678 1124
404 -1258 590 -780 641 676 1125
405 -1261 590 -780 644 678 1124
406 -1262 587 -779 641 672 1125
407 -1260 590 -776 642 678 1125
408 -1261 588 -776 643 678 1123
409 -1257 584 -779 645 677 1126
410 -1257 590 -776 642 675 1126
411 -1260 587 -776 642 675 1124
412 -1259 587 -778 643 675 1122
413 -1263 587 -777 642 676 1122
414 -1257 585 -780 642 678 1123
415 -1262 590 -775 642 676 1122
416 -1258 591 -777 642 677 1128
417 -1260 587 -777 647 679 1125
418 -1258 588 -776 644 678 1125
419 -1258 587 -776 646 675 1125
420 -1262 589 -778 643 677 1126
421 -1257 586 -780 643 676 1125
422 -1261 587 -778 642 679 1125
423 -1261 588 -778 641 676 1125
424 -1260 590 -777 643 678 1126
425 -1258 587 -776 641 676 1124
426 -1261 583 -780 642 676 1124
427 -1261 585 -776 642 676 1125
428 -1260 586 -777 645 675 1126
429 -1261 587 -778 644 679 1124
430 -1261 582 -780 643 679 1124
431 -1261 588 -775 640 675 1124
432 -1265 586 -775 643 678 1124
433 -1260 586 -778 644 679 1124
434 -1259 587 -781 642 679 1124
435 -1255 592 -778 642 676 1124
436 -1259 588 -780 642 680 1123
437 -1258 589 -781 643 678 1122
438 -1257 588 -778 641 676 1125
439 -1262 587 -780 642 676 1127
440 -1259 587 -778 644 678 1126
441 -1258 588 -778 643 675 1124
442 -1259 587 -777 642 675 1122
443 -1260 585 -780 646 678 1123
444 -1257 585 -779 643 676 1124
445 -1259 586 -779 642 680 1125
446 -1261 583 -778 643 678 1124
447 -1260 590 -776 642 675 1125
448 -1259 587 -780 642 677 1124
449 -1262 589 -779 641 675 1123
450 -1264 589 -780 642 676 1123
451 -1260 588 -780 645 677 1125
452 -1259 587 -777 642 676 1123
453 -1260 585 -778 645 681 1125
454 -1260 588 -780 642 677 1122
455 -1257 590 -780 645 675 1123
456 -1261 586 -778 643 676 1124
457 -1261 589 -778 642 677 1122
458 -1264 589 -777 644 678 1125
459 -1259 586 -773 642 675 1126
460 -1262 588 -779 646 675 1122
461 -1260 588 -775 640 675 1121
462 -1262 585 -781 639 675 1124
463 -1262 589 -777 643 679 1127
464 -1261 589 -780 644 676 1124
465 -1260 586 -779 641 675 1124
466 -1258 584 -781 639 678 1123
467 -1259 582 -780 643 676 1125
468 -1259 587 -779 642 677 1124
469 -1257 587 -778 642 676 1127
470 -1256 585 -778 640 672 1124
471 -1259 585 -780 643 676 1126
472 -1262 585 -777 641 676 1122
473 -1258 587 -779 642 676 1124
474 -1260 583 -778 639 678 1126
475 -1260 587 -780 640 676 1125
476 -1258 587 -781 643 677 1121
477 -1262 584 -780 644 676 1123
478 -1261 589 -781 642 676 1123
479 -1263 587 -778 639 677 1122
480 -1261 585 -780 642 675 1122
481 -1258 584 -779 641 676 1124
482 -1258 591 -780 643 678 1126
483 -1262 587 -777 643 677 1121
484 -1258 586 -780 642 679 1125
485 -1258 588 -777 645 676 1125
486 -1259 586 -776 642 676 1124
487 -1259 584 -777 640 678 1124
488 -1260 584 -779 642 676 1125
489 -1257 586 -780 643 677 1124
490 -1259 587 -778 644 677 1125
491 -1260 588 -777 643 674 1130
492 -1260 588 -782 644 677 1126
493 -1257 586 -778 641 679 1124
494 -1258 588 -779 642 678 1126
495 -1255 587 -779 643 679 1126
496 -1261 584 -778 642 676 1126
497 -1259 586 -779 639 676 1126
498 -1259 588 -779 642 678 1125
499 -1258 589 -777 643 678 1125
500 -1257 590 -777 644 678 1122
501 -1258 589 -778 646 679 1124
502 -1258 589 -774 646 677 1123
503 -1261 584 -781 643 678 1124
504 -1259 589 -777 646 677 1124
505 -1260 592 -777 650 676 1123
506 -1257 588 -776 642 678 1123
507 -1258 584 -777 645 683 1123
508 -1263 588 -777 646 677 1127
509 -1254 587 -776 644 675 1125
510 -1257 587 -778 646 677 1125
511 -1260 592 -777 642 679 1122
512 -1257 587 -776 641 678 1128
513 -1261 587 -775 643 678 1128
514 -1262 589 -775 639 674 1126
515 -1257 582 -780 639 676 1124
516 -1257 587 -780 641 678 1126
517 -1260 585 -779 644 678 1125
518 -1260 586 -781 645 675 1123
519 -1258 587 -774 645 677 1125
520 -1258 585 -776 644 681 1125
521 -1259 589 -775 641 678 1126
522 -1258 589 -777 640 680 1125
523 -1261 586 -779 643 679 1123
524 -1260 590 -777 641 677 1128
525 -1256 587 -778 643 680 1127
526 -1258 588 -776 643 678 1124
527 -1258 588 -778 645 678 1125
528 -1264 586 -781 644 680 1122
529 -1259 589 -780 643 676 1124
530 -1257 590 -773 644 678 1130
531 -1259 588 -777 640 675 1122
532 -1260 586 -777 641 676 1124
533 -1258 589 -777 642 674 1127
534 -1260 589 -774 641 678 1126
535 -1258 588 -779 645 677 1125
536 -1259 585 -779 647 680 1127
537 -1260 585 -777 639 676 1125
538 -1259 587 -779 642 678 1123
539 -1259 587 -776 641 677 1120
540 -1257 588 -775 649 680 1124
541 -1259 588 -780 647 679 1128
542 -1257 591 -774 643 675 1124
543 -1257 590 -779 645 679 1125
544 -1259 589 -778 647 681 1125
545 -1256 591 -777 645 681 1131
546 -1259 589 -779 643 677 1125
547 -1257 590 -777 648 680 1125
548 -1260 590 -778 648 680 1126
549 -1260 590 -776 641 676 1125
550 -1258 590 -776 642 676 1128
551 -1257 590 -776 646 676 1128
552 -1258 585 -778 647 677 1125
553 -1257 585 -781 642 675 1122
554 -1258 584 -780 645 676 1126
555 -1258 590 -780 643 679 1126
556 -1258 588 -780 641 680 1126
557 -1257 585 -778 643 676 1127
558 -1260 585 -777 642 675 1126
559 -1258 587 -778 642 676 1124
560 -1256 589 -778 643 677 1128
561 -1261 586 -780 640 675 1124
562 -1259 587 -783 645 675 1125
563 -1259 587 -782 644 679 1124
564 -1258 587 -779 642 677 1122
565 -1259 587 -778 642 679 1124
566 -1262 588 -779 642 675 1121
567 -1257 586 -781 641 681 1125
568 -1261 586 -780 642 676 1125
569 -1258 589 -779 644 678 1124
570 -1260 583 -779 643 676 1127
571 -1259 587 -780 644 675 1125
572 -1259 588 -775 642 681 1129
573 -1257 585 -779 639 677 1126
574 -1259 582 -780 644 679 1127
575 -1260 586 -779 642 679 1125
576 -1257 587 -780 639 675 1126
577 -1259 588 -778 641 679 1127
578 -1259 587 -777 641 676 1125
579 -1257 587 -779 640 674 1126
580 -1261 585 -778 643 676 1129
581 -1260 588 -777 646 679 1125
582 -1259 589 -779 644 681 1124
583 -1258 585 -781 642 681 1126
584 -1261 585 -777 640 678 1126
585 -1260 585 -780 640 680 1126
586 -1257 587 -780 644 679 1120
587 -1260 586 -780 645 677 1124
588 -1258 587 -780 644 677 1128
589 -1261 591 -775 643 678 1127
590 -1259 590 -776 643 677 1121
591 -1261 588 -780 641 677 1123
592 -1257 587 -778 642 674 1126
593 -1261 587 -777 644 674 1127
594 -1261 587 -778 642 677 1122
595 -1260 585 -781 644 676 1120
596 -1257 587 -776 645 677 1129
597 -1260 591 -780 646 675 1128
598 -1261 588 -779 643 676 1124
599 -1258 591 -777 639 676 1122
600 -1256 587 -780 643 679 1124
601 -1261 585 -777 643 675 1128
602 -1258 585 -781 645 678 1126
603 -1260 587 -776 641 679 1121
604 -1259 589 -782 642 678 1123
605 -1259 588 -776 644 678 1125
606 -1256 587 -777 640 676 1125
607 -1260 591 -777 642 679 1123
608 -1260 585 -782 640 679 1122
609 -1256 585 -778 644 675 1123
610 -1256 587 -779 647 676 1127
611 -1259 586 -775 641 679 1121
612 -1259 587 -780 646 682 1125
613 -1258 589 -781 643 679 1125
614 -1257 587 -777 642 675 1126
615 -1257 588 -775 643 679 1127
616 -1256 585 -777 644 677 1126
617 -1261 587 -782 642 674 1122
618 -1260 586 -779 642 676 1127
619 -1257 587 -777 642 674 1127
620 -1260 587 -776 642 678 1124
621 -1257 584 -780 644 678 1125
622 -1262 586 -778 641 677 1127
623 -1259 587 -779 642 674 1121
624 -1257 588 -779 645 677 1124
625 -1257 589 -779 638 674 1123
626 -1262 585 -779 642 676 1126
627 -1259 586 -780 643 676 1123
628 -1258 587 -778 640 675 1123
629 -1259 589 -780 642 681 1123
630 -1261 585 -778 643 680 1120
631 -1260 590 -779 643 676 1122
632 -1259 587 -779 642 675 1128
633 -1256 586 -778 639 674 1124
634 -1260 587 -779 644 677 1123
635 -1263 586 -776 644 679 1126
636 -1260 586 -778 645 674 1123
637 -1259 586 -779 643 675 1122
638 -1260 588 -782 644 675 1125
639 -1260 589 -777 647 678 1123
640 -1260 590 -778 642 676 1123
641 -1259 584 -781 645 675 1126
642 -1261 589 -777 643 679 1125
643 -1261 586 -778 642 679 1128
644 -1260 589 -776 644 679 1124
645 -1260 585 -781 644 675 1124
646 -1259 589 -782 641 675 1125
647 -1260 589 -775 643 679 1124
648 -1261 588 -779 642 677 1122
649 -1259 583 -779 638 678 1121
650 -1262 588 -781 640 677 1122
651 -1257 588 -779 640 677 1123
652 -1260 584 -779 640 679 1123
653 -1261 586 -782 644 677 1122
654 -1257 585 -779 643 674 1125
655 -1258 586 -777 643 677 1130
656 -1262 585 -780 644 677 1128
657 -1260 586 -779 641 679 1122
658 -1264 586 -779 643 678 1124
659 -1256 585 -779 640 677 1124
660 -1259 587 -777 642 675 1126
661 -1259 588 -778 643 674 1125
662 -1262 585 -783 643 678 1126
663 -1255 589 -775 643 676 1129
664 -1257 589 -780 643 675 1131
665 -1259 583 -777 641 675 1124
666 -1261 585 -782 641 680 1124
667 -1261 585 -778 639 676 1129
668 -1258 589 -777 641 673 1124
669 -1258 586 -776 644 678 1127
670 -1258 587 -777 643 678 1123
671 -1263 589 -778 641 676 1122
672 -1261 589 -778 642 676 1123
673 -1261 587 -779 644 677 1123
674 -1259 589 -779 639 676 1120
675 -1264 587 -778 644 683 1122
676 -1260 590 -779 647 680 1124
677 -1260 589 -776 647 677 1125
678 -1258 589 -777 648 675 1122
679 -1257 587 -777 644 677 1123
680 -1260 588 -776 645 675 1129
681 -1259 587 -780 645 678 1125
682 -1259 586 -781 639 677 1123
683 -1257 585 -783 641 679 1124
684 -1260 590 -778 640 680 1127
685 -1259 584 -779 643 676 1126
686 -1256 590 -776 642 677 1127
687 -1258 584 -779 645 678 1125
688 -1259 586 -777 641 677 1127
689 -1260 588 -778 638 675 1130
690 -1261 587 -777 643 675 1123
691 -1256 586 -778 642 674 1123
692 -1262 584 -778 644 681 1127
693 -1258 588 -776 642 679 1126
694 -1259 587 -777 642 678 1126
695 -1255 583 -778 641 678 1126
696 -1258 585 -778 640 680 1124
697 -1261 586 -776 639 680 1122
698 -1260 586 -783 640 679 1125
699 -1257 588 -780 645 677 1128
700 -1257 587 -781 645 675 1124
701 -1259 587 -778 643 675 1126
702 -1261 590 -777 641 673 1125
703 -1258 588 -775 638 677 1125
704 -1259 585 -780 640 674 1123
705 -1260 589 -778 642 677 1126
706 -1258 586 -776 644 681 1126
707 -1259 586 -778 643 680 1124
708 -1262 586 -781 642 678 1124
709 -1257 590 -777 643 672 1125
710 -1261 585 -779 642 677 1129
711 -1259 586 -778 637 679 1127
712 -1264 587 -779 642 675 1123
713 -1259 588 -779 641 672 1123
714 -1258 588 -778 642 677 1126
715 -1259 589 -781 640 680 1123
716 -1264 583 -784 639 679 1121
717 -1262 585 -777 644 674 1126
718 -1259 587 -776 642 676 1125
719 -1260 584 -781 641 676 1122
720 -1260 584 -782 641 677 1118
721 -1262 584 -781 642 675 1122
722 -1262 589 -780 646 674 1124
723 -1260 586 -781 646 675 1122
724 -1262 586 -780 643 676 1119
725 -1264 584 -779 643 676 1122
726 -1263 585 -780 643 676 1123
727 -1261 588 -780 641 676 1122
728 -1262 584 -779 642 675 1119
729 -1259 584 -782 645 676 1123
730 -1262 592 -778 640 677 1125
731 -1258 588 -780 639 676 1126
732 -1259 587 -778 638 676 1120
733 -1262 579 -785 640 676 1122
734 -1264 587 -781 640 675 1126
735 -1260 586 -779 639 678 1124
736 -1259 583 -779 641 675 1124
737 -1261 584 -783 641 676 1122
738 -1256 585 -778 637 677 1126
739 -1260 591 -779 639 677 1124
740 -1260 585 -779 637 680 1124
741 -1261 584 -782 641 674 1121
742 -1261 583 -783 641 675 1125
743 -1261 585 -775 643 674 1123
744 -1257 588 -776 642 675 1126
745 -1259 585 -778 640 677 1120
746 -1256 586 -781 643 675 1121
747 -1259 586 -777 644 676 1125
748 -1261 588 -777 643 675 1124
749 -1262 586 -780 643 678 1125
750 -1261 586 -778 641 675 1124
751 -1259 587 -777 642 678 1125
752 -1257 587 -780 643 676 1128
753 -1259 589 -779 642 680 1123
754 -1260 583 -781 641 676 1121
755 -1261 583 -779 641 676 1125
756 -1257 590 -780 638 676 1126
757 -1260 588 -778 640 677 1122
758 -1262 582 -781 642 675 1121
759 -1261 587 -785 643 679 1123
760 -1260 589 -778 640 678 1124
761 -1260 588 -780 642 675 1120
762 -1258 585 -781 643 681 1125
763 -1262 587 -776 643 677 1124
764 -1261 589 -777 646 675 1128
765 -1262 589 -778 644 675 1118
766 -1258 582 -779 647 676 1122
767 -1255 587 -778 644 682 1123
768 -1260 587 -779 640 678 1123
769 -1257 588 -779 641 678 1127
770 -1262 585 -784 641 678 1124
771 -1261 586 -782 642 675 1120
772 -1263 590 -776 642 678 1128
773 -1260 591 -777 640 677 1125
774 -1258 580 -781 642 676 1120
775 -1259 581 -785 644 674 1125
776 -1260 588 -782 643 676 1130
777 -1262 591 -772 642 678 1126
778 -1260 583 -780 639 674 1120
779 -1258 582 -785 641 677 1128
780 -1260 590 -778 639 678 1130
781 -1262 586 -779 642 676 1121
782 -1259 584 -780 638 680 1125
783 -1255 585 -780 640 677 1123
784 -1262 588 -778 643 675 1125
785 -1259 588 -776 647 677 1127
786 -1260 588 -780 644 676 1124
787 -1260 582 -783 640 678 1120
788 -1261 588 -780 640 679 1127
789 -1259 587 -776 642 678 1128
790 -1264 584 -780 638 676 1121
791 -1257 582 -785 646 674 1123
792 -1261 588 -779 644 677 1127
793 -1261 592 -776 643 680 1125
794 -1264 587 -781 641 679 1119
795 -1260 582 -783 642 677 1126
796 -1260 587 -776 639 676 1127
797 -1259 589 -774 642 676 1125
798 -1260 585 -779 643 675 1122
799 -1261 589 -782 642 676 1119
800 -1261 589 -778 643 674 1126
801 -1259 591 -776 641 677 1128
802 -1259 587 -778 640 674 1123
803 -1262 581 -781 641 676 1123
804 -1262 585 -780 644 677 1127
805 -1256 591 -775 641 678 1125
806 -1259 588 -777 645 675 1119
807 -1261 585 -784 643 676 1123
808 -1263 586 -777 646 671 1123
809 -1263 593 -779 642 674 1126
810 -1258 586 -776 642 681 1120
811 -1256 585 -781 639 678 1120
812 -1259 587 -777 641 678 1127
813 -1264 588 -777 643 676 1126
814 -1259 585 -778 645 676 1127
815 -1261 588 -779 647 674 1125
816 -1261 586 -780 644 679 1120
817 -1258 588 -778 643 679 1127
818 -1258 589 -775 644 677 1126
819 -1260 587 -778 639 676 1125
820 -1257 585 -783 638 678 1125
821 -1261 583 -779 640 677 1123
822 -1260 590 -776 644 676 1125
823 -1260 584 -779 640 675 1125
824 -1260 586 -784 641 676 1124
825 -1261 585 -780 638 679 1126
826 -1260 586 -779 639 675 1127
827 -1260 585 -780 641 676 1127
828 -1258 586 -781 642 680 1123
829 -1261 585 -782 644 676 1121
830 -1261 587 -782 640 679 1127
831 -1259 589 -779 640 677 1123
832 -1258 583 -781 639 676 1122
833 -1259 583 -783 642 674 1120
834 -1261 586 -779 640 677 1126
835 -1263 587 -777 642 673 1128
836 -1260 587 -780 643 673 1123
837 -1259 587 -780 645 675 1125
838 -1260 589 -779 649 679 1126
839 -1259 587 -778 641 679 1125
840 -1261 586 -782 641 678 1125
841 -1258 582 -782 641 675 1122
842 -1261 584 -784 640 677 1125
843 -1263 587 -777 642 676 1126
844 -1256 585 -779 640 675 1124
845 -1264 591 -780 643 677 1122
846 -1262 588 -778 640 674 1126
847 -1261 586 -780 637 676 1123
848 -1262 585 -778 643 678 1120
849 -1259 587 -778 646 677 1121
850 -1262 587 -777 644 676 1125
851 -1259 587 -780 646 676 1126
852 -1263 591 -778 645 676 1123
853 -1262 587 -778 643 678 1123
854 -1263 585 -781 639 674 1122
855 -1260 585 -781 639 675 1122
856 -1265 586 -780 644 677 1123
857 -1261 588 -779 643 676 1122
858 -1259 588 -779 643 676 1124
859 -1259 587 -780 643 676 1125
860 -1261 585 -779 644 674 1126
861 -1259 584 -782 642 675 1121
862 -1261 582 -780 640 679 1123
863 -1258 583 -782 641 678 1125
864 -1256 589 -778 638 675 1129
865 -1261 587 -781 639 677 1124
866 -1261 584 -778 640 677 1122
867 -1260 586 -778 640 675 1126
868 -1259 585 -777 636 678 1124
869 -1259 587 -778 639 678 1123
870 -1259 583 -782 640 677 1121
871 -1258 586 -779 642 677 1123
872 -1260 585 -779 641 679 1125
873 -1260 586 -780 641 677 1120
874 -1261 583 -780 640 677 1123
875 -1262 585 -781 644 677 1126
876 -1264 589 -779 637 676 1125
877 -1259 585 -779 637 675 1123
878 -1260 586 -780 643 676 1123
879 -1262 587 -782 641 673 1127
880 -1264 584 -778 642 676 1125
881 -1261 582 -779 645 677 1122
882 -1264 586 -778 642 679 1124
883 -1260 583 -781 640 676 1121
884 -1263 583 -780 639 678 1126
885 -1262 586 -780 639 676 1124
886 -1262 585 -777 641 675 1121
887 -1262 587 -780 639 676 1125
888 -1261 586 -778 641 674 1122
889 -1261 584 -781 644 675 1124
890 -1260 588 -781 643 676 1118
891 -1261 587 -778 641 679 1124
892 -1259 585 -777 642 678 1120
893 -1260 585 -781 644 678 1124
894 -1261 584 -778 642 677 1121
895 -1263 587 -778 642 674 1126
896 -1261 584 -782 642 673 1123
897 -1256 589 -777 641 674 1120
898 -1259 586 -780 642 679 1122
899 -1260 585 -780 639 675 1126
900 -1260 587 -779 641 675 1122
901 -1260 587 -781 642 675 1125
902 -1259 586 -780 642 679 1124
903 -1258 590 -776 641 678 1125
904 -1262 588 -779 643 677 1125
905 -1261 587 -777 644 676 1127
906 -1260 585 -779 640 678 1124
907 -1262 586 -780 640 679 1125
908 -1264 587 -779 642 677 1122
909 -1261 584 -777 639 677 1125
910 -1260 583 -779 640 675 1123
911 -1256 586 -778 638 677 1124
912 -1258 586 -781 638 681 1124
913 -1261 586 -780 644 678 1126
914 -1259 585 -778 639 679 1125
915 -1260 588 -781 641 679 1124
916 -1260 589 -778 647 680 1129
917 -1263 589 -778 640 678 1125
918 -1259 587 -780 644 681 1126
919 -1261 590 -779 644 674 1128
920 -1256 586 -778 646 677 1126
921 -1257 587 -780 640 676 1124
922 -1257 583 -781 643 675 1126
923 -1261 583 -782 641 678 1123
924 -1262 586 -778 641 677 1126
925 -1262 589 -774 644 674 1127
926 -1259 585 -779 644 677 1123
927 -1262 586 -779 641 677 1121
928 -1259 586 -776 643 677 1126
929 -1259 589 -777 642 676 1127
930 -1263 587 -779 642 677 1122
931 -1260 586 -783 642 675 1121
932 -1261 587 -780 647 676 1124
933 -1259 587 -777 644 677 1125
934 -1261 584 -776 642 680 1120
935 -1261 587 -780 645 676 1121
936 -1260 586 -776 638 677 1121
937 -1259 588 -781 644 680 1122
938 -1258 589 -778 643 678 1124
939 -1261 585 -778 643 674 1124
940 -1261 587 -780 643 675 1124
941 -1258 588 -779 643 675 1122
942 -1259 587 -776 642 674 1127
943 -1262 587 -781 642 675 1121
944 -1260 586 -781 644 676 1124
945 -1261 589 -779 638 675 1119
946 -1261 585 -783 642 676 1122
947 -1262 584 -780 641 675 1126
948 -1263 588 -778 640 675 1123
949 -1264 584 -782 642 675 1123
950 -1261 585 -780 641 676 1122
951 -1262 586 -781 641 675 1123
952 -1261 583 -781 639 678 1123
953 -1264 583 -780 644 675 1123
954 -1260 585 -779 636 675 1124
955 -1261 586 -778 639 673 1124
956 -1257 585 -784 640 676 1125
957 -1261 586 -777 638 675 1124
958 -1257 583 -782 639 678 1126
959 -1260 585 -782 640 679 1126
960 -1257 585 -779 640 677 1126
961 -1263 584 -779 641 674 1123
962 -1260 585 -781 641 677 1125
963 -1261 586 -780 643 672 1126
964 -1261 584 -780 638 679 1124
965 -1258 584 -781 642 674 1127
966 -1258 585 -779 641 677 1126
967 -1263 584 -781 640 675 1124
968 -1260 584 -779 641 673 1124
969 -1257 587 -780 643 674 1121
970 -1262 587 -780 639 675 1124
971 -1261 582 -780 642 672 1121
972 -1261 586 -778 637 671 1123
973 -1260 585 -779 640 674 1121
974 -1258 587 -780 640 673 1124
975 -1261 586 -780 643 677 1123
976 -1260 586 -784 642 677 1123
977 -1260 586 -780 642 676 1121
978 -1259 586 -778 641 678 1123
979 -1261 587 -781 643 674 1123
980 -1262 587 -777 641 674 1124
981 -1262 586 -778 641 678 1122
982 -1257 585 -780 645 674 1122
983 -1258 587 -778 640 675 1125
984 -1260 589 -781 639 676 1124
985 -1261 586 -779 642 678 1125
986 -1260 587 -779 642 677 1122
987 -1259 587 -782 645 678 1122
988 -1258 585 -783 644 677 1126
989 -1257 585 -777 643 677 1126
990 -1260 585 -780 639 678 1125
991 -1261 586 -781 640 677 1123
992 -1262 585 -779 640 674 1124
993 -1265 586 -781 641 675 1121
994 -1259 584 -779 642 677 1123
995 -1261 588 -780 639 673 1124
996 -1264 587 -779 638 674 1126
997 -1261 586 -782 639 678 1124
998 -1261 585 -782 640 677 1122
999 -1261 586 -780 643 676 1124
0 -4280 6540 -656 6624 -2085 -4504
1 -4276 6540 -657 6623 -2086 -4505
2 -4282 6540 -657 6623 -2082 -4504
3 -4281 6536 -655 6621 -2083 -4506
4 -4280 6537 -657 6620 -2086 -4502
5 -4281 6538 -661 6626 -2085 -4501
6 -4278 6540 -657 6620 -2086 -4507
7 -4280 6536 -659 6623 -2084 -4503
8 -4281 6537 -655 6621 -2089 -4501
9 -4281 6538 -658 6620 -2085 -4506
10 -4280 6535 -656 6622 -2086 -4502
11 -4280 6539 -656 6622 -2085 -4501
12 -4278 6536 -655 6621 -2082 -4504
13 -4279 6534 -654 6623 -2085 -4501
14 -4280 6538 -656 6622 -2084 -4503
15 -4280 6533 -657 6617 -2084 -4504
16 -4280 6537 -656 6618 -2083 -4506
17 -4276 6537 -658 6624 -2083 -4503
18 -4279 6535 -654 6624 -2083 -4507
19 -4279 6532 -659 6620 -2084 -4504
20 -4280 6533 -657 6620 -2086 -4507
21 -4281 6537 -656 6619 -2084 -4504
22 -4282 6534 -660 6619 -2080 -4504
23 -4276 6535 -658 6620 -2083 -4507
24 -4281 6535 -657 6622 -2084 -4503
25 -4275 6537 -655 6621 -2085 -4503
26 -4281 6537 -658 6618 -2083 -4506
27 -4281 6537 -655 6622 -2088 -4507
28 -4278 6537 -657 6624 -2083 -4501
29 -4281 6534 -659 6621 -2081 -4503
30 -4279 6536 -656 6622 -2081 -4504
31 -4279 6538 -655 6620 -2086 -4502
32 -4282 6540 -656 6619 -2083 -4501
33 -4278 6537 -657 6620 -2081 -4502
34 -4277 6535 -658 6623 -2082 -4506
35 -4280 6535 -660 6622 -2084 -4504
36 -4280 6536 -656 6623 -2082 -4503
37 -4278 6535 -656 6619 -2084 -4508
38 -4279 6536 -657 6620 -2081 -4503
39 -4279 6535 -655 6619 -2081 -4503
40 -4280 6533 -655 6618 -2081 -4507
41 -4282 6535 -656 6619 -2086 -4508
42 -4278 6537 -658 6620 -2083 -4504
43 -4279 6534 -654 6619 -2084 -4504
44 -4279 6537 -662 6619 -2082 -4505
45 -4277 6536 -659 6618 -2083 -4504
46 -4279 6534 -656 6622 -2080 -4501
47 -4279 6536 -658 6619 -2084 -4502
48 -4278 6534 -657 6620 -2082 -4501
49 -4278 6534 -659 6620 -2081 -4502
50 -4280 6534 -658 6619 -2082 -4499
51 -4276 6533 -656 6616 -2082 -4504
52 -4278 6532 -659 6617 -2083 -4499
53 -4275 6533 -657 6616 -2084 -4501
54 -4275 6534 -654 6618 -2079 -4501
55 -4278 6530 -655 6619 -2082 -4501
56 -4277 6530 -655 6616 -2079 -4501
57 -4277 6538 -655 6619 -2083 -4500
58 -4274 6534 -659 6618 -2078 -4501
59 -4280 6535 -657 6617 -2079 -4503
60 -4273 6533 -656 6616 -2082 -4502
61 -4276 6533 -655 6615 -2083 -4502
62 -4276 6532 -658 6618 -2082 -4503
63 -4279 6531 -658 6617 -2078 -4500
64 -4275 6537 -657 6621 -2080 -4504
65 -4278 6533 -657 6616 -2079 -4503
66 -4273 6534 -658 6621 -2076 -4500
67 -4281 6533 -655 6619 -2079 -4504
68 -4275 6535 -656 6621 -2078 -4501
69 -4276 6533 -653 6619 -2081 -4504
70 -4273 6532 -657 6620 -2081 -4498
71 -4278 6536 -657 6619 -2078 -4502
72 -4278 6538 -657 6619 -2083 -4504
73 -4283 6536 -658 6618 -2082 -4502
74 -4277 6533 -655 6617 -2083 -4504
75 -4275 6534 -657 6617 -2081 -4503
76 -4279 6534 -652 6615 -2080 -4503
77 -4277 6532 -657 6619 -2082 -4503
78 -4278 6532 -657 6617 -2084 -4502
79 -4279 6532 -662 6615 -2081 -4503
80 -4278 6536 -659 6618 -2084 -4503
81 -4279 6535 -658 6618 -2082 -4505
82 -4280 6533 -657 6617 -2083 -4505
83 -4278 6534 -657 6617 -2085 -4507
84 -4277 6531 -660 6619 -2081 -4509
85 -4280 6532 -659 6616 -2084 -4509
86 -4280 6533 -660 6618 -2079 -4507
87 -4274 6537 -658 6620 -2081 -4506
88 -4275 6535 -661 6615 -2081 -4508
89 -4279 6533 -660 6616 -2082 -4502
90 -4276 6536 -657 6617 -2084 -4505
91 -4278 6531 -662 6617 -2081 -4504
92 -4279 6533 -659 6620 -2081 -4505
93 -4276 6530 -655 6616 -2083 -4502
94 -4275 6535 -658 6617 -2081 -4506
95 -4276 6530 -659 6620 -2082 -4508
96 -4277 6533 -659 6618 -2080 -4507
97 -4276 6532 -655 6614 -2079 -4508
98 -4277 6531 -657 6616 -2084 -4506
99 -4278 6536 -657 6615 -2082 -4505
100 -4279 6532 -657 6615 -2081 -4506
101 -4280 6532 -659 6617 -2084 -4508
102 -4280 6530 -658 6613 -2081 -4507
103 -4279 6536 -659 6614 -2080 -4506
104 -4275 6531 -659 6617 -2083 -4505
105 -4279 6531 -657 6620 -2081 -4508
106 -4279 6532 -657 6615 -2083 -4508
107 -4278 6537 -657 6616 -2080 -4506
108 -4278 6534 -659 6618 -2082 -4507
109 -4275 6533 -657 6619 -2081 -4507
110 -4274 6534 -659 6619 -2081 -4508
111 -4273 6536 -656 6621 -2077 -4507
112 -4278 6539 -658 6616 -2082 -4508
113 -4281 6533 -661 6619 -2084 -4508
114 -4277 6533 -656 6619 -2080 -4509
115 -4278 6534 -663 6619 -2081 -4507
116 -4278 6535 -658 6616 -2081 -4508
117 -4276 6535 -658 6616 -2081 -4507
118 -4282 6534 -661 6617 -2082 -4505
119 -4276 6533 -656 6618 -2080 -4509
120 -4276 6532 -658 6616 -2082 -4507
121 -4281 6533 -659 6617 -2079 -4509
122 -4281 6534 -656 6619 -2083 -4510
123 -4278 6535 -655 6618 -2081 -4507
124 -4278 6535 -659 6618 -2084 -4509
125 -4276 6532 -660 6615 -2080 -4510
126 -4282 6531 -659 6617 -2083 -4509
127 -4277 6532 -662 6615 -2084 -4508
128 -4276 6534 -663 6620 -2083 -4508
129 -4277 6536 -657 6614 -2080 -4508
130 -4278 6534 -660 6616 -2082 -4509
131 -4278 6535 -658 6617 -2078 -4505
132 -4276 6534 -659 6615 -2080 -4506
133 -4279 6534 -659 6620 -2081 -4507
134 -4277 6533 -657 6617 -2078 -4508
135 -4275 6532 -659 6616 -2081 -4509
136 -4275 6534 -659 6618 -2079 -4507
137 -4273 6536 -657 6615 -2080 -4506
138 -4276 6534 -660 6616 -2080 -4502
139 -4280 6534 -658 6620 -2077 -4504
140 -4275 6533 -658 6617 -2080 -4506
141 -4276 6532 -657 6614 -2079 -4508
142 -4274 6534 -656 6614 -2082 -4506
143 -4274 6536 -661 6618 -2081 -4507
144 -4276 6531 -658 6615 -2083 -4506
145 -4278 6528 -662 6615 -2080 -4505
146 -4279 6532 -659 6614 -2079 -4508
147 -4271 6531 -658 6615 -2079 -4508
148 -4280 6532 -660 6613 -2079 -4507
149 -4275 6531 -663 6612 -2081 -4506
150 -4275 6535 -658 6615 -2082 -4505
151 -4272 6531 -655 6615 -2079 -4509
152 -4275 6532 -659 6617 -2077 -4506
153 -4278 6534 -658 6612 -2078 -4505
154 -4277 6534 -661 6611 -2079 -4505
155 -4274 6532 -661 6615 -2078 -4505
156 -4274 6533 -656 6614 -2080 -4506
157 -4275 6538 -658 6615 -2078 -4507
158 -4274 6533 -657 6614 -2078 -4505
159 -4277 6536 -659 6614 -2080 -4504
160 -4276 6533 -656 6614 -2080 -4507
161 -4278 6534 -657 6615 -2076 -4505
162 -4275 6533 -660 6614 -2081 -4505
163 -4278 6532 -654 6614 -2083 -4507
164 -4277 6531 -658 6615 -2078 -4508
165 -4280 6533 -656 6612 -2079 -4505
166 -4273 6533 -656 6616 -2078 -4508
167 -4275 6531 -659 6611 -2080 -4508
168 -4277 6532 -661 6612 -2082 -4506
169 -4277 6534 -658 6614 -2082 -4507
170 -4273 6535 -658 6613 -2079 -4507
171 -4275 6530 -659 6616 -2082 -4503
172 -4276 6534 -655 6616 -2078 -4503
173 -4273 6534 -661 6617 -2079 -4505
174 -4274 6536 -654 6613 -2076 -4506
175 -4273 6532 -660 6613 -2079 -4506
176 -4274 6530 -659 6614 -2077 -4501
177 -4273 6535 -655 6616 -2077 -4506
178 -4273 6535 -658 6614 -2078 -4502
179 -4276 6534 -659 6615 -2078 -4505
180 -4275 6535 -660 6613 -2078 -4504
181 -4275 6536 -657 6613 -2080 -4504
182 -4274 6533 -659 6610 -2078 -4506
183 -4276 6533 -660 6612 -2079 -4506
184 -4275 6533 -660 6611 -2079 -4504
185 -4277 6536 -658 6615 -2080 -4503
186 -4273 6535 -655 6614 -2078 -4507
187 -4270 6531 -659 6613 -2079 -4506
188 -4275 6532 -658 6607 -2082 -4506
189 -4275 6531 -660 6612 -2077 -4506
190 -4273 6531 -656 6609 -2081 -4505
191 -4276 6532 -657 6614 -2082 -4505
192 -4274 6532 -661 6611 -2080 -4507
193 -4275 6534 -659 6616 -2080 -4503
194 -4276 6534 -656 6612 -2078 -4506
195 -4276 6533 -659 6612 -2081 -4508
196 -4271 6534 -657 6614 -2078 -4508
197 -4271 6533 -658 6614 -2078 -4506
198 -4274 6535 -657 6614 -2076 -4505
199 -4271 6536 -660 6617 -2077 -4504
200 -4275 6537 -658 6614 -2080 -4503
201 -4276 6536 -656 6613 -2080 -4505
202 -4274 6534 -659 6618 -2078 -4503
203 -4271 6534 -657 6614 -2078 -4502
204 -4272 6535 -659 6614 -2075 -4501
205 -4274 6538 -657 6613 -2079 -4506
206 -4276 6536 -654 6612 -2078 -4502
207 -4275 6538 -657 6615 -2076 -4502
208 -4276 6536 -655 6615 -2079 -4503
209 -4274 6533 -660 6615 -2079 -4504
210 -4276 6536 -658 6614 -2081 -4508
211 -4274 6534 -659 6611 -2083 -4507
212 -4270 6535 -655 6613 -2079 -4502
213 -4272 6532 -655 6613 -2077 -4502
214 -4276 6535 -658 6613 -2079 -4503
215 -4275 6534 -658 6614 -2078 -4506
216 -4270 6534 -656 6610 -2076 -4504
217 -4273 6532 -658 6612 -2076 -4504
218 -4274 6531 -660 6612 -2078 -4502
219 -4270 6532 -657 6611 -2077 -4502
220 -4273 6535 -656 6611 -2074 -4502
221 -4271 6538 -658 6610 -2078 -4501
222 -4277 6535 -656 6610 -2078 -4501
223 -4275 6533 -659 6611 -2079 -4505
224 -4271 6533 -655 6612 -2078 -4501
225 -4273 6536 -659 6613 -2074 -4503
226 -4272 6534 -658 6613 -2077 -4500
227 -4273 6532 -656 6610 -2077 -4502
228 -4276 6536 -658 6615 -2082 -4501
229 -4272 6531 -658 6614 -2076 -4503
230 -4273 6533 -655 6610 -2079 -4500
231 -4273 6532 -657 6614 -2080 -4501
232 -4271 6534 -657 6612 -2077 -4502
233 -4273 6535 -657 6609 -2078 -4501
234 -4271 6533 -656 6612 -2077 -4500
235 -4276 6534 -658 6612 -2077 -4505
236 -4272 6537 -657 6608 -2075 -4499
237 -4272 6535 -654 6613 -2076 -4501
238 -4273 6535 -656 6611 -2079 -4501
239 -4274 6535 -656 6614 -2076 -4499
240 -4272 6535 -658 6612 -2077 -4504
241 -4274 6535 -659 6612 -2077 -4501
242 -4274 6537 -657 6613 -2079 -4501
243 -4272 6536 -659 6613 -2076 -4500
244 -4274 6536 -657 6614 -2078 -4502
245 -4275 6537 -653 6609 -2080 -4501
246 -4274 6535 -655 6612 -2077 -4499
247 -4277 6534 -658 6609 -2077 -4503
248 -4275 6536 -655 6611 -2078 -4503
249 -4277 6533 -657 6612 -2079 -4503
250 -4272 6534 -657 6616 -2078 -4498
251 -4272 6537 -655 6618 -2078 -4503
252 -4272 6535 -656 6615 -2078 -4501
253 -4274 6535 -654 6613 -2079 -4503
254 -4270 6539 -654 6611 -2075 -4502
255 -4273 6537 -653 6608 -2081 -4504
256 -4278 6534 -658 6614 -2080 -4504
257 -4271 6541 -656 6618 -2077 -4499
258 -4271 6536 -655 6612 -2076 -4503
259 -4275 6536 -657 6615 -2078 -4504
260 -4275 6539 -656 6613 -2076 -4504
261 -4272 6537 -657 6614 -2078 -4502
262 -4269 6541 -655 6613 -2079 -4503
263 -4273 6538 -654 6616 -2079 -4502
264 -4272 6540 -656 6616 -2078 -4500
265 -4272 6538 -654 6614 -2080 -4502
266 -4271 6539 -656 6616 -2078 -4501
267 -4272 6537 -652 6615 -2077 -4503
268 -4271 6543 -654 6614 -2077 -4501
269 -4273 6536 -656 6614 -2078 -4500
270 -4269 6542 -655 6615 -2079 -4501
271 -4272 6537 -653 6616 -2079 -4500
272 -4270 6539 -654 6614 -2080 -4501
273 -4271 6541 -654 6610 -2080 -4500
274 -4273 6543 -652 6615 -2081 -4501
275 -4272 6541 -651 6615 -2077 -4502
276 -4272 6540 -656 6612 -2079 -4502
277 -4272 6535 -653 6613 -2080 -4502
278 -4270 6541 -656 6612 -2080 -4501
279 -4273 6540 -655 6614 -2080 -4503
280 -4270 6541 -657 6618 -2079 -4502
281 -4272 6539 -655 6613 -2075 -4501
282 -4270 6542 -656 6614 -2076 -4499
283 -4273 6541 -650 6619 -2076 -4499
284 -4271 6543 -653 6614 -2075 -4502
285 -4275 6537 -653 6612 -2078 -4501
286 -4271 6539 -655 6616 -2079 -4499
287 -4271 6540 -652 6611 -2079 -4496
288 -4272 6541 -652 6613 -2078 -4503
289 -4270 6538 -655 6616 -2080 -4501
290 -4272 6542 -655 6615 -2079 -4499
291 -4273 6541 -650 6610 -2080 -4501
292 -4269 6538 -654 6617 -2076 -4500
293 -4274 6539 -654 6613 -2079 -4499
294 -4273 6540 -655 6613 -2080 -4498
295 -4273 6540 -655 6613 -2080 -4497
296 -4273 6543 -653 6613 -2081 -4499
297 -4274 6540 -656 6613 -2080 -4502
298 -4273 6540 -657 6612 -2078 -4499
299 -4274 6541 -658 6614 -2076 -4500
300 -4274 6539 -655 6613 -2079 -4500
301 -4270 6537 -655 6614 -2077 -4499
302 -4273 6536 -655 6612 -2081 -4498
303 -4268 6540 -652 6614 -2078 -4500
304 -4273 6539 -653 6611 -2079 -4502
305 -4273 6537 -653 6614 -2078 -4501
306 -4270 6539 -656 6612 -2078 -4496
307 -4270 6540 -649 6611 -2080 -4497
308 -4274 6541 -655 6614 -2081 -4498
309 -4272 6541 -652 6611 -2081 -4498
310 -4272 6541 -651 6612 -2078 -4497
311 -4272 6540 -653 6612 -2078 -4499
312 -4268 6542 -655 6614 -2077 -4496
313 -4273 6542 -653 6614 -2079 -4497
314 -4275 6538 -652 6615 -2079 -4497
315 -4269 6539 -653 6616 -2077 -4497
316 -4270 6543 -649 6614 -2078 -4496
317 -4271 6542 -649 6615 -2079 -4492
318 -4272 6542 -655 6612 -2082 -4497
319 -4270 6544 -653 6613 -2080 -4496
320 -4271 6542 -652 6612 -2078 -4495
321 -4270 6543 -650 6616 -2077 -4498
322 -4270 6543 -649 6610 -2080 -4494
323 -4272 6540 -653 6611 -2079 -4500
324 -4269 6544 -653 6610 -2076 -4499
325 -4271 6541 -653 6615 -2077 -4494
326 -4272 6544 -651 6615 -2078 -4494
327 -4269 6544 -650 6611 -2078 -4496
328 -4270 6545 -653 6615 -2079 -4494
329 -4266 6543 -657 6612 -2077 -4493
330 -4268 6542 -653 6614 -2079 -4501
331 -4268 6542 -653 6614 -2079 -4494
332 -4272 6542 -650 6611 -2079 -4496
333 -4270 6541 -652 6614 -2078 -4497
334 -4269 6541 -651 6614 -2078 -4494
335 -4270 6543 -651 6609 -2079 -4495
336 -4274 6541 -653 6617 -2078 -4494
337 -4270 6543 -652 6613 -2077 -4496
338 -4274 6541 -650 6616 -2082 -4495
339 -4270 6543 -652 6611 -2080 -4493
340 -4271 6542 -656 6613 -2081 -4492
341 -4273 6543 -650 6612 -2078 -4497
342 -4268 6546 -652 6612 -2078 -4497
343 -4267 6543 -652 6611 -2081 -4498
344 -4271 6543 -651 6612 -2080 -4493
345 -4269 6544 -652 6611 -2076 -4494
346 -4271 6542 -654 6612 -2081 -4496
347 -4271 6543 -651 6614 -2079 -4494
348 -4270 6546 -650 6612 -2078 -4496
349 -4273 6542 -652 6615 -2078 -4492
350 -4268 6546 -648 6611 -2080 -4495
351 -4271 6542 -651 6614 -2080 -4494
352 -4271 6548 -653 6614 -2078 -4495
353 -4268 6546 -650 6613 -2080 -4493
354 -4268 6542 -649 6612 -2082 -4494
355 -4269 6547 -651 6612 -2081 -4495
356 -4271 6545 -649 6613 -2081 -4491
357 -4269 6545 -648 6613 -2081 -4494
358 -4269 6545 -651 6614 -2079 -4489
359 -4270 6547 -649 6613 -2081 -4493
360 -4271 6546 -650 6615 -2081 -4491
361 -4271 6545 -648 6615 -2079 -4491
362 -4274 6549 -652 6614 -2079 -4495
363 -4272 6545 -648 6614 -2078 -4494
364 -4266 6543 -651 6609 -2079 -4491
365 -4269 6548 -652 6613 -2078 -4491
366 -4269 6549 -647 6614 -2077 -4493
367 -4269 6546 -650 6616 -2081 -4494
368 -4271 6544 -652 6611 -2076 -4493
369 -4272 6544 -649 6618 -2076 -4490
370 -4270 6551 -650 6614 -2080 -4493
371 -4270 6546 -650 6614 -2075 -4490
372 -4269 6551 -648 6616 -2078 -4491
373 -4269 6544 -650 6613 -2079 -4492
374 -4272 6549 -648 6611 -2082 -4492
375 -4268 6548 -649 6612 -2082 -4490
376 -4272 6547 -647 6613 -2080 -4497
377 -4268 6546 -649 6611 -2082 -4492
378 -4267 6546 -651 6614 -2082 -4490
379 -4269 6546 -648 6615 -2080 -4489
380 -4272 6548 -650 6615 -2081 -4491
381 -4271 6544 -647 6614 -2082 -4492
382 -4271 6545 -653 6615 -2081 -4489
383 -4270 6543 -645 6613 -2081 -4490
384 -4270 6543 -651 6614 -2081 -4491
385 -4273 6548 -650 6615 -2079 -4491
386 -4271 6548 -650 6610 -2081 -4492
387 -4268 6548 -649 6613 -2079 -4489
388 -4267 6549 -648 6615 -2079 -4489
389 -4268 6548 -649 6614 -2081 -4492
390 -4268 6550 -647 6613 -2079 -4488
391 -4271 6547 -647 6615 -2078 -4488
392 -4267 6550 -644 6612 -2076 -4488
393 -4270 6550 -645 6612 -2079 -4491
394 -4268 6549 -644 6615 -2080 -4490
395 -4268 6546 -649 6616 -2081 -4488
396 -4269 6550 -649 6614 -2081 -4490
397 -4268 6549 -646 6611 -2079 -4489
398 -4270 6551 -649 6615 -2078 -4487
399 -4272 6548 -646 6615 -2081 -4484
400 -4268 6549 -647 6615 -2081 -4486
401 -4269 6549 -647 6614 -2082 -4486
402 -4270 6548 -645 6614 -2078 -4486
403 -4268 6550 -648 6615 -2080 -4486
404 -4271 6549 -649 6617 -2084 -4488
405 -4271 6552 -648 6615 -2080 -4488
406 -4272 6549 -649 6613 -2081 -4489
407 -4268 6550 -646 6617 -2081 -4486
408 -4268 6549 -644 6612 -2078 -4483
409 -4270 6552 -649 6613 -2078 -4487
410 -4269 6549 -646 6616 -2077 -4487
411 -4268 6550 -648 6614 -2079 -4488
412 -4269 6552 -649 6614 -2082 -4486
413 -4272 6551 -642 6617 -2080 -4483
414 -4270 6550 -644 6613 -2081 -4491
415 -4269 6548 -648 6614 -2081 -4487
416 -4271 6550 -647 6613 -2081 -4488
417 -4268 6552 -647 6617 -2081 -4488
418 -4270 6551 -648 6616 -2080 -4484
419 -4268 6551 -645 6615 -2085 -4486
420 -4270 6552 -649 6617 -2081 -4485
421 -4268 6553 -645 6615 -2080 -4486
422 -4271 6553 -646 6614 -2084 -4487
423 -4269 6554 -648 6615 -2081 -4487
424 -4271 6553 -644 6619 -2081 -4484
425 -4269 6554 -644 6616 -2082 -4488
426 -4268 6554 -642 6616 -2083 -4489
427 -4272 6552 -645 6617 -2083 -4486
428 -4271 6554 -646 6616 -2083 -4488
429 -4270 6552 -646 6617 -2083 -4490
430 -4272 6556 -648 6614 -2080 -4488
431 -4274 6552 -648 6612 -2082 -4489
432 -4271 6557 -647 6615 -2080 -4489
433 -4272 6551 -646 6616 -2082 -4491
434 -4272 6552 -644 6613 -2081 -4487
435 -4268 6554 -645 6617 -2079 -4487
436 -4271 6557 -650 6620 -2083 -4489
437 -4269 6552 -644 6613 -2079 -4489
438 -4271 6553 -643 6618 -2081 -4485
439 -4269 6556 -644 6616 -2082 -4486
440 -4270 6552 -645 6615 -2086 -4485
441 -4272 6557 -646 6617 -2081 -4488
442 -4270 6556 -645 6618 -2083 -4484
443 -4272 6553 -644 6617 -2082 -4485
444 -4272 6558 -643 6616 -2083 -4487
445 -4268 6554 -644 6615 -2083 -4487
446 -4269 6556 -647 6620 -2081 -4484
447 -4273 6552 -645 6617 -2082 -4484
448 -4275 6554 -647 6612 -2085 -4486
449 -4269 6555 -644 6617 -2083 -4484
450 -4270 6555 -642 6613 -2083 -4487
451 -4272 6553 -646 6614 -2082 -4487
452 -4272 6554 -647 6617 -2080 -4485
453 -4272 6554 -645 6617 -2083 -4485
454 -4271 6557 -641 6621 -2085 -4485
455 -4268 6554 -645 6618 -2077 -4484
456 -4272 6553 -642 6615 -2083 -4483
457 -4267 6558 -645 6617 -2082 -4485
458 -4268 6556 -644 6615 -2083 -4485
459 -4270 6554 -645 6619 -2083 -4482
460 -4271 6556 -644 6614 -2084 -4483
461 -4269 6558 -644 6617 -2080 -4484
462 -4270 6557 -642 6619 -2082 -4483
463 -4270 6557 -642 6616 -2080 -4483
464 -4269 6552 -648 6614 -2086 -4480
465 -4271 6556 -641 6614 -2084 -4480
466 -4272 6552 -645 6615 -2085 -4483
467 -4272 6555 -646 6614 -2084 -4483
468 -4269 6556 -646 6618 -2082 -4484
469 -4271 6557 -641 6617 -2083 -4483
470 -4271 6555 -643 6617 -2082 -4483
471 -4271 6556 -645 6615 -2086 -4482
472 -4272 6556 -645 6615 -2086 -4483
473 -4272 6555 -644 6612 -2085 -4483
474 -4270 6559 -645 6613 -2085 -4482
475 -4274 6554 -648 6616 -2082 -4483
476 -4268 6555 -644 6617 -2082 -4483
477 -4269 6556 -640 6614 -2083 -4480
478 -4269 6554 -644 6615 -2083 -4484
479 -4271 6557 -646 6618 -2083 -4482
480 -4268 6557 -646 6615 -2083 -4478
481 -4272 6554 -644 6618 -2081 -4480
482 -4268 6555 -644 6617 -2083 -4480
483 -4275 6556 -645 6614 -2085 -4479
484 -4273 6557 -645 6615 -2084 -4478
485 -4270 6557 -646 6617 -2083 -4477
486 -4267 6555 -643 6619 -2083 -4479
487 -4270 6558 -639 6614 -2084 -4482
488 -4271 6556 -644 6619 -2082 -4482
489 -4268 6557 -642 6616 -2082 -4483
490 -4269 6557 -643 6618 -2085 -4480
491 -4270 6556 -641 6614 -2086 -4479
492 -4271 6555 -642 6617 -2082 -4476
493 -4270 6558 -643 6617 -2082 -4479
494 -4271 6557 -639 6618 -2082 -4477
495 -4270 6557 -641 6613 -2086 -4481
496 -4270 6555 -643 6614 -2083 -4483
497 -4269 6557 -643 6613 -2083 -4479
498 -4267 6557 -642 6613 -2083 -4477
499 -4269 6560 -642 6615 -2083 -4479
500 -4272 6558 -642 6615 -2084 -4476
501 -4272 6555 -643 6613 -2086 -4477
502 -4273 6557 -642 6617 -2087 -4481
503 -4270 6560 -643 6614 -2086 -4476
504 -4274 6556 -642 6617 -2083 -4476
505 -4267 6560 -642 6615 -2084 -4480
506 -4274 6558 -642 6614 -2085 -4480
507 -4266 6557 -646 6618 -2087 -4480
508 -4274 6554 -644 6621 -2086 -4476
509 -4270 6559 -641 6619 -2085 -4478
510 -4274 6559 -643 6616 -2087 -4478
511 -4269 6557 -643 6616 -2087 -4476
512 -4267 6561 -641 6618 -2082 -4477
513 -4270 6559 -645 6615 -2085 -4480
514 -4268 6559 -639 6611 -2085 -4480
515 -4270 6558 -640 6619 -2086 -4478
516 -4271 6561 -641 6615 -2087 -4480
517 -4274 6557 -645 6615 -2086 -4481
518 -4272 6561 -641 6615 -2085 -4481
519 -4273 6561 -641 6616 -2086 -4481
520 -4274 6561 -642 6619 -2084 -4481
521 -4273 6560 -639 6619 -2084 -4480
522 -4273 6562 -643 6613 -2085 -4480
523 -4272 6561 -644 6619 -2088 -4477
524 -4276 6562 -639 6619 -2085 -4477
525 -4271 6562 -638 6616 -2087 -4477
526 -4273 6563 -643 6617 -2085 -4479
527 -4272 6563 -642 6620 -2088 -4477
528 -4270 6560 -640 6619 -2089 -4479
529 -4273 6560 -643 6617 -2088 -4476
530 -4269 6559 -643 6617 -2089 -4476
531 -4272 6561 -642 6616 -2087 -4476
532 -4272 6561 -641 6619 -2087 -4478
533 -4271 6559 -642 6618 -2083 -4479
534 -4269 6561 -641 6616 -2087 -4476
535 -4272 6560 -642 6619 -2085 -4479
536 -4272 6560 -641 6617 -2089 -4478
537 -4273 6560 -643 6616 -2087 -4478
538 -4270 6562 -644 6617 -2090 -4474
539 -4272 6560 -640 6614 -2088 -4476
540 -4268 6562 -637 6615 -2085 -4474
541 -4270 6562 -637 6611 -2085 -4475
542 -4269 6562 -642 6620 -2084 -4475
543 -4271 6564 -642 6620 -2087 -4474
544 -4269 6563 -638 6620 -2086 -4475
545 -4265 6562 -641 6618 -2084 -4472
546 -4270 6564 -637 6619 -2088 -4475
547 -4269 6563 -639 6617 -2086 -4475
548 -4269 6561 -637 6618 -2084 -4475
549 -4272 6563 -639 6620 -2085 -4474
550 -4270 6564 -638 6620 -2087 -4473
551 -4271 6563 -639 6619 -2085 -4474
552 -4273 6564 -640 6615 -2087 -4473
553 -4275 6563 -638 6619 -2086 -4473
554 -4272 6561 -638 6618 -2085 -4473
555 -4271 6562 -640 6619 -2085 -4474
556 -4276 6563 -638 6620 -2088 -4476
557 -4270 6565 -638 6619 -2087 -4474
558 -4275 6566 -639 6618 -2089 -4474
559 -4272 6564 -640 6619 -2089 -4474
560 -4276 6565 -637 6617 -2085 -4477
561 -4274 6567 -637 6620 -2087 -4476
562 -4272 6565 -638 6618 -2088 -4476
563 -4269 6565 -639 6619 -2089 -4476
564 -4271 6563 -637 6619 -2090 -4474
565 -4270 6564 -638 6619 -2088 -4475
566 -4273 6564 -642 6620 -2087 -4476
567 -4275 6567 -638 6623 -2088 -4474
568 -4272 6567 -639 6622 -2087 -4472
569 -4272 6566 -640 6620 -2089 -4471
570 -4271 6563 -641 6619 -2088 -4472
571 -4275 6564 -639 6620 -2089 -4476
572 -4273 6564 -640 6616 -2088 -4475
573 -4272 6566 -638 6619 -2090 -4473
574 -4272 6565 -638 6622 -2089 -4474
575 -4273 6563 -639 6620 -2087 -4472
576 -4273 6566 -638 6619 -2085 -4468
577 -4274 6565 -636 6620 -2085 -4468
578 -4270 6568 -639 6621 -2086 -4471
579 -4270 6567 -638 6617 -2088 -4471
580 -4274 6566 -636 6619 -2089 -4473
581 -4272 6567 -638 6621 -2089 -4475
582 -4271 6563 -637 6619 -2088 -4472
583 -4270 6566 -638 6622 -2090 -4475
584 -4271 6563 -645 6619 -2090 -4472
585 -4272 6565 -637 6621 -2088 -4473
586 -4272 6564 -638 6619 -2088 -4472
587 -4273 6569 -636 6625 -2089 -4475
588 -4273 6564 -639 6623 -2087 -4474
589 -4272 6565 -637 6621 -2090 -4470
590 -4271 6571 -636 6618 -2091 -4473
591 -4272 6568 -637 6620 -2088 -4471
592 -4270 6567 -638 6618 -2089 -4472
593 -4273 6565 -639 6621 -2086 -4473
594 -4269 6565 -638 6622 -2087 -4470
595 -4274 6570 -638 6623 -2090 -4472
596 -4274 6567 -636 6622 -2088 -4473
597 -4271 6571 -638 6622 -2087 -4472
598 -4272 6568 -636 6624 -2090 -4470
599 -4272 6570 -634 6619 -2091 -4470
600 -4279 6569 -635 6622 -2094 -4473
601 -4273 6569 -638 6621 -2094 -4473
602 -4275 6568 -638 6621 -2090 -4472
603 -4277 6571 -638 6623 -2088 -4470
604 -4276 6568 -635 6622 -2090 -4474
605 -4272 6568 -638 6621 -2087 -4473
606 -4269 6571 -637 6622 -2088 -4476
607 -4275 6568 -637 6619 -2091 -4475
608 -4273 6565 -634 6625 -2089 -4475
609 -4271 6572 -636 6624 -2090 -4470
610 -4272 6571 -637 6625 -2093 -4472
611 -4275 6570 -639 6624 -2090 -4475
612 -4275 6570 -637 6621 -2092 -4472
613 -4275 6570 -640 6622 -2091 -4471
614 -4274 6569 -638 6623 -2092 -4472
615 -4275 6569 -636 6620 -2093 -4470
616 -4273 6567 -637 6624 -2089 -4474
617 -4270 6564 -637 6621 -2093 -4472
618 -4276 6569 -637 6620 -2091 -4464
619 -4274 6569 -638 6625 -2091 -4471
620 -4273 6571 -636 6622 -2090 -4471
621 -4274 6571 -636 6620 -2094 -4475
622 -4276 6567 -638 6624 -2092 -4470
623 -4274 6566 -638 6619 -2088 -4470
624 -4274 6566 -639 6621 -2091 -4475
625 -4271 6562 -639 6621 -2089 -4469
626 -4275 6568 -640 6621 -2087 -4472
627 -4273 6565 -637 6621 -2092 -4469
628 -4272 6566 -637 6619 -2090 -4469
629 -4275 6568 -639 6626 -2087 -4469
630 -4271 6567 -634 6620 -2092 -4470
631 -4274 6567 -636 6624 -2087 -4467
632 -4275 6568 -636 6622 -2093 -4467
633 -4272 6569 -637 6621 -2094 -4468
634 -4274 6569 -636 6623 -2090 -4466
635 -4273 6567 -636 6622 -2091 -4468
636 -4274 6568 -635 6618 -2091 -4467
637 -4274 6566 -637 6623 -2091 -4469
638 -4271 6569 -636 6622 -2087 -4468
639 -4272 6568 -636 6622 -2087 -4468
640 -4271 6568 -637 6622 -2094 -4470
641 -4275 6567 -636 6620 -2091 -4467
642 -4275 6569 -638 6625 -2092 -4469
643 -4274 6570 -636 6623 -2094 -4470
644 -4275 6571 -636 6624 -2094 -4471
645 -4274 6568 -637 6618 -2096 -4468
646 -4278 6571 -640 6621 -2089 -4470
647 -4276 6570 -638 6620 -2094 -4469
648 -4273 6569 -637 6620 -2094 -4470
649 -4273 6571 -640 6621 -2091 -4471
650 -4275 6571 -636 6626 -2093 -4469
651 -4276 6571 -634 6622 -2093 -4470
652 -4273 6571 -638 6622 -2091 -4468
653 -4279 6570 -636 6625 -2089 -4466
654 -4272 6569 -636 6622 -2089 -4468
655 -4275 6570 -634 6621 -2094 -4468
656 -4270 6567 -636 6624 -2095 -4467
657 -4273 6572 -633 6623 -2095 -4468
658 -4273 6573 -636 6622 -2091 -4465
659 -4271 6574 -634 6622 -2089 -4468
660 -4274 6573 -636 6624 -2086 -4463
661 -4274 6570 -637 6625 -2090 -4467
662 -4271 6571 -635 6626 -2091 -4465
663 -4272 6571 -633 6622 -2090 -4466
664 -4269 6569 -634 6625 -2093 -4465
665 -4274 6570 -640 6620 -2095 -4469
666 -4275 6568 -638 6625 -2094 -4464
667 -4275 6565 -633 6623 -2092 -4465
668 -4273 6569 -633 6623 -2090 -4465
669 -4272 6570 -635 6621 -2090 -4464
670 -4276 6566 -641 6623 -2093 -4463
671 -4275 6569 -634 6620 -2088 -4465
672 -4268 6572 -636 6623 -2092 -4466
673 -4274 6572 -633 6622 -2089 -4467
674 -4271 6570 -635 6626 -2094 -4466
675 -4270 6573 -635 6627 -2091 -4466
676 -4278 6569 -632 6623 -2093 -4468
677 -4273 6571 -635 6624 -2093 -4466
678 -4275 6570 -638 6625 -2090 -4462
679 -4274 6570 -633 6625 -2093 -4463
680 -4273 6573 -635 6622 -2093 -4468
681 -4276 6570 -637 6623 -2096 -4466
682 -4274 6570 -633 6623 -2094 -4465
683 -4275 6569 -635 6627 -2093 -4465
684 -4274 6569 -634 6626 -2097 -4469
685 -4275 6575 -635 6623 -2094 -4467
686 -4274 6573 -634 6624 -2097 -4468
687 -4274 6572 -634 6625 -2095 -4469
688 -4273 6573 -634 6625 -2093 -4469
689 -4277 6574 -634 6629 -2096 -4469
690 -4272 6572 -634 6627 -2092 -4468
691 -4274 6572 -630 6625 -2090 -4468
692 -4275 6574 -632 6632 -2094 -4469
693 -4276 6574 -638 6628 -2091 -4470
694 -4275 6576 -632 6629 -2090 -4468
695 -4274 6576 -635 6628 -2096 -4468
696 -4276 6577 -633 6626 -2091 -4467
697 -4271 6574 -631 6628 -2095 -4465
698 -4275 6574 -634 6630 -2092 -4466
699 -4276 6574 -634 6627 -2097 -4469
700 -4278 6575 -636 6629 -2096 -4464
701 -4275 6576 -633 6629 -2092 -4466
702 -4270 6574 -634 6627 -2092 -4467
703 -4275 6572 -634 6631 -2094 -4467
704 -4276 6575 -630 6628 -2097 -4467
705 -4278 6574 -635 6627 -2093 -4468
706 -4279 6574 -633 6627 -2097 -4467
707 -4280 6571 -634 6627 -2095 -4466
708 -4277 6572 -634 6626 -2099 -4463
709 -4275 6572 -633 6625 -2096 -4463
710 -4278 6570 -632 6626 -2096 -4468
711 -4277 6575 -637 6624 -2092 -4467
712 -4277 6575 -631 6628 -2094 -4464
713 -4276 6570 -634 6623 -2095 -4468
714 -4274 6575 -636 6624 -2091 -4466
715 -4277 6572 -633 6624 -2093 -4465
716 -4276 6569 -636 6621 -2094 -4466
717 -4277 6573 -634 6628 -2094 -4464
718 -4276 6570 -633 6626 -2094 -4467
719 -4277 6575 -632 6630 -2096 -4466
720 -4277 6573 -636 6625 -2094 -4463
721 -4275 6575 -635 6626 -2092 -4469
722 -4279 6573 -636 6627 -2099 -4466
723 -4277 6573 -634 6628 -2093 -4467
724 -4276 6572 -631 6627 -2094 -4467
725 -4272 6573 -636 6626 -2095 -4465
726 -4274 6574 -631 6628 -2093 -4464
727 -4273 6571 -633 6629 -2098 -4465
728 -4278 6575 -632 6626 -2098 -4469
729 -4276 6574 -634 6630 -2097 -4468
730 -4281 6572 -633 6629 -2094 -4464
731 -4277 6577 -632 6627 -2096 -4467
732 -4275 6576 -631 6629 -2096 -4464
733 -4275 6577 -631 6631 -2098 -4464
734 -4277 6576 -631 6630 -2096 -4467
735 -4278 6571 -636 6624 -2094 -4465
736 -4275 6573 -634 6631 -2092 -4466
737 -4277 6575 -635 6629 -2095 -4468
738 -4275 6576 -634 6631 -2096 -4464
739 -4274 6576 -630 6628 -2096 -4467
740 -4279 6574 -634 6630 -2097 -4465
741 -4279 6573 -633 6629 -2097 -4467
742 -4275 6577 -633 6631 -2096 -4463
743 -4277 6576 -634 6628 -2098 -4468
744 -4279 6572 -633 6628 -2094 -4464
745 -4278 6574 -635 6631 -2097 -4468
746 -4275 6574 -634 6630 -2098 -4464
747 -4279 6573 -637 6628 -2098 -4464
748 -4280 6573 -633 6630 -2095 -4467
749 -4277 6575 -632 6628 -2093 -4463
750 -4274 6576 -632 6626 -2097 -4465
751 -4275 6572 -635 6628 -2095 -4467
752 -4278 6571 -630 6627 -2097 -4465
753 -4278 6572 -633 6629 -2098 -4467
754 -4278 6575 -632 6625 -2097 -4467
755 -4281 6575 -634 6627 -2096 -4469
756 -4278 6573 -632 6626 -2095 -4462
757 -4274 6574 -634 6626 -2095 -4465
758 -4279 6572 -637 6626 -2102 -4467
759 -4279 6574 -632 6630 -2097 -4464
760 -4275 6575 -631 6631 -2095 -4463
761 -4275 6572 -629 6628 -2097 -4466
762 -4278 6574 -634 6628 -2094 -4463
763 -4275 6576 -633 6627 -2095 -4465
764 -4279 6571 -632 6628 -2098 -4465
765 -4277 6575 -633 6631 -2096 -4463
766 -4276 6573 -632 6631 -2095 -4464
767 -4280 6572 -631 6633 -2097 -4465
768 -4277 6576 -632 6636 -2098 -4463
769 -4280 6575 -633 6629 -2098 -4461
770 -4276 6576 -634 6632 -2096 -4464
771 -4281 6573 -634 6626 -2100 -4468
772 -4280 6575 -633 6631 -2097 -4466
773 -4280 6578 -634 6627 -2099 -4465
774 -4280 6573 -633 6625 -2099 -4463
775 -4281 6574 -632 6630 -2096 -4466
776 -4278 6575 -631 6632 -2098 -4468
777 -4280 6576 -633 6629 -2101 -4464
778 -4279 6572 -636 6626 -2098 -4467
779 -4279 6573 -631 6628 -2100 -4467
780 -4277 6575 -634 6628 -2097 -4468
781 -4278 6574 -632 6626 -2098 -4467
782 -4280 6571 -635 6636 -2093 -4466
783 -4282 6574 -633 6629 -2095 -4464
784 -4278 6573 -636 6631 -2096 -4466
785 -4276 6572 -634 6631 -2097 -4468
786 -4282 6571 -637 6629 -2097 -4465
787 -4279 6571 -633 6630 -2096 -4465
788 -4279 6573 -633 6632 -2097 -4460
789 -4276 6572 -632 6630 -2098 -4463
790 -4280 6572 -634 6630 -2096 -4461
791 -4277 6574 -636 6628 -2096 -4462
792 -4279 6568 -633 6625 -2097 -4463
793 -4279 6570 -637 6627 -2096 -4461
794 -4277 6571 -634 6628 -2096 -4463
795 -4278 6571 -636 6625 -2097 -4460
796 -4276 6571 -635 6625 -2097 -4463
797 -4278 6571 -635 6627 -2095 -4465
798 -4276 6574 -633 6627 -2094 -4463
799 -4276 6575 -631 6629 -2097 -4461
800 -4279 6573 -637 6628 -2097 -4463
801 -4279 6570 -636 6629 -2095 -4462
802 -4276 6574 -632 6626 -2094 -4465
803 -4274 6569 -637 6630 -2094 -4463
804 -4275 6570 -633 6628 -2095 -4464
805 -4274 6570 -633 6629 -2094 -4460
806 -4279 6572 -635 6630 -2095 -4460
807 -4278 6572 -634 6625 -2097 -4461
808 -4279 6569 -638 6625 -2098 -4464
809 -4278 6570 -635 6628 -2096 -4465
810 -4278 6572 -633 6629 -2097 -4464
811 -4279 6573 -635 6628 -2096 -4462
812 -4279 6572 -634 6628 -2096 -4462
813 -4277 6570 -634 6627 -2099 -4464
814 -4279 6571 -637 6627 -2099 -4464
815 -4280 6572 -633 6626 -2096 -4465
816 -4277 6572 -636 6628 -2097 -4464
817 -4280 6571 -631 6624 -2104 -4468
818 -4279 6573 -636 6629 -2100 -4467
819 -4280 6572 -637 6629 -2098 -4466
820 -4278 6574 -632 6630 -2096 -4466
821 -4280 6574 -634 6629 -2097 -4466
822 -4278 6573 -636 6628 -2098 -4467
823 -4281 6576 -635 6627 -2097 -4467
824 -4280 6573 -634 6626 -2094 -4467
825 -4281 6571 -636 6632 -2095 -4467
826 -4280 6573 -636 6632 -2098 -4466
827 -4282 6572 -635 6629 -2101 -4464
828 -4277 6574 -630 6630 -2100 -4466
829 -4283 6572 -632 6629 -2097 -4467
830 -4282 6572 -639 6631 -2101 -4466
831 -4281 6572 -636 6631 -2098 -4464
832 -4277 6574 -635 6627 -2098 -4467
833 -4278 6570 -636 6629 -2097 -4465
834 -4281 6571 -633 6632 -2095 -4467
835 -4279 6571 -633 6630 -2096 -4463
836 -4280 6573 -632 6631 -2100 -4468
837 -4279 6570 -634 6628 -2097 -4463
838 -4281 6569 -637 6626 -2099 -4467
839 -4281 6570 -638 6629 -2099 -4468
840 -4279 6572 -638 6632 -2099 -4470
841 -4277 6572 -637 6629 -2100 -4469
842 -4281 6573 -638 6626 -2099 -4469
843 -4281 6572 -636 6631 -2098 -4468
844 -4280 6573 -635 6628 -2095 -4467
845 -4278 6570 -636 6630 -2099 -4465
846 -4278 6573 -634 6631 -2096 -4468
847 -4275 6572 -634 6632 -2097 -4466
848 -4279 6571 -638 6632 -2096 -4466
849 -4278 6574 -636 6632 -2098 -4466
850 -4281 6574 -636 6635 -2099 -4468
851 -4283 6571 -633 6633 -2100 -4472
852 -4280 6573 -634 6631 -2099 -4467
853 -4281 6576 -637 6628 -2098 -4469
854 -4281 6574 -636 6631 -2099 -4466
855 -4281 6571 -637 6633 -2099 -4468
856 -4277 6574 -635 6628 -2098 -4469
857 -4279 6570 -632 6635 -2099 -4471
858 -4279 6571 -640 6633 -2100 -4467
859 -4282 6571 -636 6631 -2094 -4468
860 -4282 6573 -634 6634 -2100 -4466
861 -4281 6573 -636 6632 -2099 -4468
862 -4283 6573 -638 6635 -2097 -4470
863 -4281 6576 -633 6630 -2097 -4469
864 -4280 6575 -636 6631 -2098 -4470
865 -4282 6573 -638 6628 -2094 -4469
866 -4285 6568 -634 6635 -2097 -4470
867 -4283 6571 -638 6632 -2097 -4471
868 -4283 6574 -636 6631 -2096 -4470
869 -4281 6573 -633 6632 -2097 -4466
870 -4278 6574 -637 6633 -2096 -4469
871 -4279 6573 -638 6634 -2098 -4470
872 -4278 6571 -636 6633 -2098 -4468
873 -4284 6571 -637 6631 -2094 -4467
874 -4280 6572 -635 6634 -2096 -4468
875 -4280 6572 -633 6633 -2102 -4468
876 -4279 6572 -634 6629 -2099 -4467
877 -4281 6570 -639 6633 -2098 -4468
878 -4275 6571 -638 6632 -2100 -4467
879 -4280 6573 -636 6629 -2097 -4470
880 -4283 6568 -633 6630 -2104 -4467
881 -4284 6570 -642 6627 -2096 -4465
882 -4283 6566 -637 6632 -2100 -4466
883 -4278 6572 -636 6631 -2096 -4468
884 -4283 6567 -633 6628 -2100 -4465
885 -4279 6571 -635 6629 -2099 -4466
886 -4281 6571 -635 6628 -2099 -4471
887 -4282 6568 -635 6629 -2098 -4470
888 -4281 6567 -639 6628 -2097 -4471
889 -4282 6569 -638 6631 -2099 -4470
890 -4281 6571 -639 6633 -2098 -4468
891 -4279 6567 -633 6631 -2097 -4470
892 -4280 6568 -639 6628 -2099 -4471
893 -4280 6566 -638 6630 -2094 -4467
894 -4283 6567 -635 6628 -2098 -4475
895 -4281 6569 -637 6633 -2098 -4470
896 -4279 6568 -635 6631 -2094 -4471
897 -4280 6566 -639 6636 -2098 -4468
898 -4280 6570 -634 6634 -2097 -4469
899 -4278 6572 -636 6632 -2095 -4467
900 -4279 6571 -635 6633 -2097 -4471
901 -4279 6571 -633 6633 -2099 -4469
902 -4280 6571 -634 6631 -2096 -4468
903 -4283 6571 -637 6633 -2098 -4467
904 -4283 6572 -635 6632 -2100 -4468
905 -4283 6571 -635 6632 -2097 -4471
906 -4281 6569 -635 6631 -2098 -4468
907 -4280 6568 -636 6630 -2099 -4473
908 -4281 6571 -638 6630 -2099 -4471
909 -4282 6566 -640 6628 -2097 -4473
910 -4281 6569 -639 6630 -2096 -4471
911 -4282 6570 -636 6633 -2096 -4471
912 -4276 6573 -634 6631 -2095 -4470
913 -4280 6572 -637 6636 -2095 -4471
914 -4279 6573 -635 6635 -2097 -4473
915 -4281 6570 -638 6633 -2097 -4470
916 -4282 6571 -640 6630 -2096 -4472
917 -4279 6570 -639 6631 -2098 -4470
918 -4281 6569 -635 6632 -2097 -4468
919 -4281 6569 -638 6632 -2099 -4472
920 -4284 6569 -634 6634 -2098 -4470
921 -4280 6565 -636 6633 -2098 -4470
922 -4281 6568 -635 6633 -2102 -4472
923 -4281 6568 -641 6630 -2098 -4471
924 -4283 6569 -637 6631 -2099 -4473
925 -4283 6569 -638 6630 -2101 -4474
926 -4281 6566 -639 6631 -2100 -4472
927 -4281 6567 -638 6630 -2098 -4469
928 -4278 6565 -638 6629 -2098 -4473
929 -4279 6569 -639 6631 -2098 -4471
930 -4282 6567 -639 6630 -2097 -4470
931 -4280 6568 -636 6629 -2097 -4472
932 -4278 6566 -640 6631 -2094 -4469
933 -4279 6567 -637 6632 -2095 -4469
934 -4280 6570 -635 6633 -2097 -4468
935 -4281 6566 -638 6629 -2095 -4471
936 -4279 6568 -638 6634 -2094 -4466
937 -4280 6569 -636 6632 -2100 -4468
938 -4280 6569 -635 6631 -2099 -4473
939 -4280 6568 -636 6630 -2095 -4469
940 -4280 6567 -638 6629 -2096 -4472
941 -4282 6565 -638 6633 -2097 -4472
942 -4282 6567 -638 6633 -2094 -4466
943 -4283 6567 -638 6634 -2095 -4469
944 -4285 6566 -637 6631 -2096 -4470
945 -4281 6566 -637 6631 -2097 -4475
946 -4281 6566 -638 6630 -2096 -4473
947 -4282 6567 -640 6630 -2099 -4473
948 -4281 6564 -641 6634 -2097 -4473
949 -4279 6569 -639 6631 -2099 -4471
950 -4284 6562 -639 6628 -2097 -4473
951 -4280 6566 -639 6629 -2098 -4474
952 -4283 6566 -641 6631 -2098 -4473
953 -4283 6564 -640 6628 -2098 -4474
954 -4281 6566 -641 6631 -2095 -4474
955 -4284 6564 -638 6631 -2097 -4472
956 -4281 6564 -640 6629 -2099 -4474
957 -4280 6568 -638 6631 -2097 -4474
958 -4281 6562 -638 6626 -2095 -4473
959 -4282 6563 -639 6630 -2096 -4472
960 -4281 6563 -639 6630 -2092 -4471
961 -4283 6562 -639 6631 -2097 -4473
962 -4281 6563 -641 6630 -2096 -4468
963 -4283 6562 -637 6629 -2097 -4471
964 -4281 6564 -639 6629 -2094 -4472
965 -4279 6563 -638 6628 -2098 -4475
966 -4282 6562 -640 6629 -2094 -4471
967 -4282 6559 -640 6629 -2097 -4473
968 -4280 6565 -638 6631 -2099 -4474
969 -4280 6564 -639 6632 -2096 -4471
970 -4280 6562 -636 6630 -2097 -4472
971 -4280 6567 -639 6626 -2098 -4469
972 -4281 6559 -642 6628 -2098 -4473
973 -4281 6559 -639 6629 -2094 -4473
974 -4280 6561 -642 6629 -2096 -4471
975 -4281 6562 -638 6628 -2097 -4472
976 -4278 6560 -639 6629 -2095 -4471
977 -4276 6564 -641 6632 -2095 -4471
978 -4280 6561 -639 6632 -2091 -4473
979 -4280 6564 -637 6629 -2095 -4470
980 -4277 6563 -640 6631 -2097 -4473
981 -4280 6559 -645 6633 -2095 -4474
982 -4279 6564 -640 6630 -2097 -4475
983 -4282 6560 -639 6632 -2095 -4472
984 -4279 6566 -638 6632 -2098 -4473
985 -4280 6563 -641 6632 -2095 -4473
986 -4278 6566 -640 6634 -2093 -4471
987 -4281 6567 -637 6630 -2096 -4470
988 -4281 6563 -640 6634 -2096 -4473
989 -4280 6565 -641 6634 -2097 -4471
990 -4280 6564 -639 6628 -2097 -4476
991 -4284 6561 -642 6632 -2097 -4475
992 -4283 6560 -641 6629 -2098 -4477
993 -4281 6565 -644 6631 -2099 -4478
994 -4282 6563 -638 6635 -2099 -4477
995 -4277 6562 -638 6634 -2096 -4477
996 -4280 6567 -639 6631 -2098 -4477
997 -4282 6567 -642 6631 -2096 -4479
998 -4282 6564 -641 6629 -2096 -4476
999 -4281 6564 -642 6636 -2092 -4474
