0 -1214 492 -442 381 885 836
1 -1215 492 -444 381 887 835
2 -1212 490 -445 382 891 837
3 -1214 493 -440 384 890 839
4 -1212 494 -442 382 893 839
5 -1215 492 -444 383 890 838
6 -1212 490 -446 384 892 839
7 -1216 493 -443 382 889 839
8 -1216 495 -446 383 887 836
9 -1215 490 -444 381 887 836
10 -1213 491 -444 383 888 839
11 -1215 491 -444 383 889 838
12 -1214 494 -442 382 891 841
13 -1215 491 -443 384 890 839
14 -1215 491 -444 381 889 837
15 -1212 491 -447 383 887 839
16 -1215 492 -442 382 889 838
17 -1218 491 -441 383 890 840
18 -1214 495 -443 383 889 837
19 -1216 492 -442 381 889 836
20 -1218 490 -444 378 888 836
21 -1213 490 -441 383 891 839
22 -1215 491 -441 385 892 835
23 -1217 489 -442 382 890 835
24 -1215 492 -441 383 891 838
25 -1213 495 -441 384 891 837
26 -1213 491 -441 381 890 838
27 -1212 493 -442 382 889 836
28 -1220 492 -445 382 891 835
29 -1218 493 -443 385 891 838
30 -1213 488 -443 384 894 838
31 -1213 490 -444 382 890 834
32 -1218 490 -441 386 888 835
33 -1215 491 -443 381 887 837
34 -1213 493 -440 383 893 840
35 -1215 491 -442 382 888 835
36 -1216 490 -445 384 888 840
37 -1213 491 -446 382 886 837
38 -1217 492 -441 382 888 838
39 -1217 485 -447 384 889 835
40 -1216 491 -446 384 888 838
41 -1217 492 -443 385 887 832
42 -1219 490 -442 384 891 835
43 -1214 493 -443 382 887 836
44 -1215 488 -443 383 889 835
45 -1212 493 -441 385 891 839
46 -1214 497 -445 379 890 836
47 -1216 491 -443 381 891 836
48 -1217 490 -444 383 886 835
49 -1214 490 -446 382 891 836
50 -1218 494 -442 383 888 839
51 -1218 492 -442 382 889 838
52 -1213 489 -445 385 891 837
53 -1211 493 -443 384 892 834
54 -1215 494 -440 384 890 841
55 -1213 492 -442 383 888 839
56 -1213 490 -443 383 891 840
57 -1218 490 -442 382 892 836
58 -1214 494 -445 385 891 840
59 -1213 493 -440 382 890 839
60 -1216 491 -444 385 891 837
61 -1216 491 -446 382 888 838
62 -1215 492 -442 384 889 836
63 -1219 489 -445 382 889 838
64 -1217 491 -444 383 890 836
65 -1217 490 -443 381 891 837
66 -1215 491 -444 380 890 837
67 -1214 491 -443 380 890 837
68 -1216 490 -442 381 888 838
69 -1217 491 -442 387 892 835
70 -1214 489 -444 382 888 836
71 -1218 495 -442 383 891 836
72 -1217 493 -444 384 891 838
73 -1215 493 -444 385 891 835
74 -1217 489 -442 386 886 836
75 -1214 495 -440 379 892 838
76 -1216 490 -442 383 889 838
77 -1215 495 -444 380 888 836
78 -1213 488 -446 384 888 837
79 -1218 492 -441 383 891 837
80 -1216 491 -441 380 892 835
81 -1217 493 -441 384 889 835
82 -1214 487 -444 385 887 838
83 -1214 494 -443 385 888 838
84 -1216 492 -442 381 889 834
85 -1214 493 -443 382 890 837
86 -1213 490 -446 383 892 839
87 -1217 492 -445 382 890 837
88 -1215 490 -439 381 891 837
89 -1215 490 -439 381 891 837
90 -1219 492 -443 383 890 835
91 -1216 489 -448 381 893 836
92 -1215 494 -442 381 888 841
93 -1214 493 -440 388 892 839
94 -1215 492 -443 381 891 837
95 -1212 491 -443 384 890 837
96 -1219 494 -440 384 887 843
97 -1211 496 -444 386 889 840
98 -1213 492 -447 383 890 838
99 -1215 489 -446 383 889 835
100 -1214 492 -442 384 891 838
101 -1215 490 -441 385 890 839
102 -1217 490 -442 381 889 836
103 -1216 485 -440 381 891 834
104 -1216 494 -445 384 887 835
105 -1216 492 -445 384 890 839
106 -1216 494 -442 383 889 834
107 -1215 493 -443 381 892 834
108 -1215 486 -445 386 891 836
109 -1215 491 -443 380 892 837
110 -1213 492 -441 382 889 835
111 -1221 494 -447 383 893 836
112 -1211 489 -446 384 892 836
113 -1213 492 -445 384 892 837
114 -1215 494 -441 385 890 840
115 -1215 491 -439 381 888 834
116 -1217 492 -444 384 890 836
117 -1215 488 -443 381 889 837
118 -1214 491 -446 385 891 840
119 -1214 495 -439 386 890 835
120 -1216 492 -442 383 893 836
121 -1217 489 -445 383 891 837
122 -1215 493 -442 384 890 841
123 -1216 490 -441 381 887 836
124 -1214 491 -441 382 893 837
125 -1214 488 -444 384 891 838
126 -1216 493 -445 382 893 838
127 -1213 493 -439 383 890 838
128 -1215 493 -442 383 891 836
129 -1213 489 -441 382 893 835
130 -1214 492 -442 385 890 834
131 -1215 495 -443 382 891 836
132 -1215 492 -444 384 890 835
133 -1214 490 -441 389 890 833
134 -1216 494 -446 384 889 838
135 -1216 496 -447 381 889 839
136 -1212 493 -445 383 888 837
137 -1214 491 -441 385 894 840
138 -1211 492 -440 382 888 840
139 -1214 491 -443 384 888 840
140 -1212 493 -441 382 894 838
141 -1215 492 -439 382 888 839
142 -1213 488 -444 383 888 839
143 -1213 493 -439 378 890 840
144 -1214 494 -441 382 893 840
145 -1211 493 -444 384 888 840
146 -1212 491 -441 380 888 840
147 -1218 492 -446 383 888 839
148 -1214 494 -441 381 893 837
149 -1212 492 -441 383 890 836
150 -1214 492 -445 385 890 835
151 -1217 487 -443 382 889 837
152 -1214 490 -442 385 888 836
153 -1216 491 -441 386 890 837
154 -1213 492 -444 379 893 837
155 -1217 492 -442 384 891 837
156 -1217 492 -442 381 891 838
157 -1214 492 -440 383 894 839
158 -1213 492 -445 384 889 834
159 -1218 492 -442 382 890 839
160 -1212 493 -443 382 889 835
161 -1212 493 -442 383 890 839
162 -1214 492 -441 383 893 838
163 -1214 494 -443 384 890 841
164 -1212 489 -444 381 892 841
165 -1210 493 -441 385 892 839
166 -1215 493 -438 384 893 839
167 -1216 491 -439 385 890 840
168 -1216 494 -444 384 888 841
169 -1216 494 -441 386 889 838
170 -1216 493 -443 383 889 834
171 -1215 492 -445 382 892 841
172 -1214 493 -443 383 886 836
173 -1216 490 -442 382 887 836
174 -1215 488 -442 384 891 838
175 -1212 493 -442 385 890 840
176 -1214 492 -441 382 891 835
177 -1215 492 -443 384 892 837
178 -1213 492 -442 381 890 838
179 -1215 491 -441 385 890 838
180 -1214 493 -439 381 893 838
181 -1216 490 -445 381 891 838
182 -1214 493 -443 385 889 838
183 -1212 491 -444 381 891 835
184 -1214 489 -443 380 886 837
185 -1212 490 -445 387 889 839
186 -1213 492 -441 383 886 838
187 -1213 490 -445 383 890 837
188 -1214 494 -444 382 890 839
189 -1216 493 -442 380 887 840
190 -1217 490 -441 380 890 830
191 -1216 491 -444 383 890 840
192 -1217 492 -440 385 887 836
193 -1214 490 -444 381 890 835
194 -1213 491 -445 380 890 833
195 -1219 488 -443 384 887 834
196 -1216 494 -443 381 889 836
197 -1216 493 -441 381 890 836
198 -1217 490 -446 380 890 838
199 -1216 491 -441 384 890 838
200 -1214 489 -443 383 891 835
201 -1214 494 -441 386 890 837
202 -1218 492 -444 384 890 835
203 -1216 491 -442 381 889 834
204 -1217 489 -445 382 892 837
205 -1216 494 -440 383 889 838
206 -1217 489 -444 380 890 839
207 -1217 494 -445 383 889 837
208 -1215 492 -442 387 892 839
209 -1218 492 -441 381 888 835
210 -1218 492 -444 381 890 840
211 -1219 489 -447 383 887 839
212 -1213 493 -442 380 891 836
213 -1217 490 -440 383 890 838
214 -1218 492 -446 383 890 835
215 -1216 492 -443 380 891 835
216 -1216 490 -443 381 891 835
217 -1215 490 -445 381 889 834
218 -1215 492 -441 380 891 834
219 -1216 491 -442 379 886 837
220 -1216 491 -442 383 889 832
221 -1214 490 -446 384 889 834
222 -1215 488 -445 385 888 841
223 -1214 491 -443 379 886 835
224 -1215 492 -445 383 890 835
225 -1215 490 -443 383 888 837
226 -1218 488 -445 378 890 837
227 -1218 490 -444 383 889 836
228 -1216 491 -443 382 890 842
229 -1215 490 -444 383 888 836
230 -1215 492 -442 379 885 840
231 -1212 491 -442 383 889 837
232 -1214 490 -444 382 886 835
233 -1215 489 -446 383 886 837
234 -1215 489 -443 381 893 836
235 -1216 492 -444 381 886 836
236 -1219 490 -443 382 889 836
237 -1217 492 -442 383 887 834
238 -1215 489 -445 381 888 835
239 -1216 492 -444 378 889 837
240 -1219 492 -444 380 890 835
241 -1215 494 -443 383 890 837
242 -1213 496 -443 382 889 833
243 -1218 492 -442 383 891 838
244 -1216 491 -441 384 892 835
245 -1219 491 -445 381 888 834
246 -1220 487 -446 379 890 835
247 -1216 489 -450 380 887 833
248 -1217 487 -445 381 887 834
249 -1215 490 -442 381 889 837
250 -1216 491 -444 381 889 835
251 -1214 491 -443 381 890 838
252 -1219 489 -442 379 890 838
253 -1216 489 -444 383 891 838
254 -1214 491 -442 382 888 837
255 -1218 488 -446 382 891 838
256 -1214 491 -447 381 889 841
257 -1215 491 -441 381 889 835
258 -1216 489 -444 382 890 835
259 -1214 489 -449 379 888 835
260 -1215 493 -441 381 888 836
261 -1214 490 -444 382 889 838
262 -1215 490 -443 383 889 836
263 -1213 495 -443 383 889 837
264 -1216 490 -443 381 893 835
265 -1216 493 -442 381 888 836
266 -1215 490 -440 384 891 837
267 -1217 488 -443 383 890 837
268 -1215 491 -444 380 890 835
269 -1212 489 -444 383 891 837
270 -1213 494 -440 381 887 834
271 -1213 491 -443 383 888 834
272 -1211 489 -445 382 891 835
273 -1217 494 -445 380 888 841
274 -1214 493 -441 384 889 838
275 -1214 492 -448 382 885 836
276 -1215 491 -443 380 889 835
277 -1215 492 -445 383 887 837
278 -1217 492 -447 382 886 838
279 -1215 491 -445 384 887 838
280 -1215 489 -445 380 888 837
281 -1213 489 -445 382 889 836
282 -1215 491 -446 382 888 835
283 -1214 492 -448 382 889 832
284 -1216 490 -444 383 891 834
285 -1216 490 -445 385 888 838
286 -1215 491 -443 380 894 839
287 -1213 492 -442 381 890 836
288 -1218 491 -443 385 889 835
289 -1214 488 -443 383 890 836
290 -1218 488 -443 382 888 838
291 -1216 493 -442 385 889 836
292 -1216 488 -447 379 893 836
293 -1218 487 -444 381 889 835
294 -1217 489 -445 381 885 836
295 -1216 492 -443 384 885 838
296 -1218 491 -444 382 888 837
297 -1214 491 -445 380 890 838
298 -1216 489 -440 383 889 836
299 -1216 490 -445 384 889 835
300 -1216 491 -447 381 887 835
301 -1216 491 -445 384 890 835
302 -1217 490 -443 380 888 837
303 -1217 490 -445 383 888 834
304 -1214 490 -442 382 889 835
305 -1214 488 -445 382 890 835
306 -1212 489 -443 383 890 833
307 -1216 492 -441 379 891 836
308 -1218 490 -443 384 889 835
309 -1213 493 -446 378 889 834
310 -1213 492 -444 379 890 838
311 -1217 489 -443 381 889 839
312 -1218 492 -445 380 886 837
313 -1217 491 -442 380 891 839
314 -1218 491 -445 384 890 837
315 -1217 488 -441 380 885 838
316 -1212 489 -441 382 888 837
317 -1214 491 -444 381 890 835
318 -1215 493 -446 382 890 840
319 -1217 491 -442 378 887 839
320 -1220 488 -444 383 890 836
321 -1212 491 -443 383 888 834
322 -1219 490 -439 382 891 835
323 -1216 492 -445 381 888 834
324 -1215 490 -446 382 891 834
325 -1216 495 -444 379 890 836
326 -1212 491 -446 383 889 837
327 -1212 493 -443 382 891 835
328 -1214 492 -441 382 889 841
329 -1213 495 -443 382 886 836
330 -1214 491 -444 383 890 835
331 -1217 491 -442 381 888 838
332 -1213 489 -442 383 888 838
333 -1216 491 -446 383 890 836
334 -1217 489 -447 381 887 836
335 -1216 491 -445 381 891 835
336 -1217 491 -445 382 890 838
337 -1216 492 -442 384 889 836
338 -1213 492 -444 382 886 835
339 -1217 492 -446 382 886 835
340 -1217 488 -444 386 892 838
341 -1219 490 -441 381 890 836
342 -1214 495 -443 380 889 839
343 -1219 488 -447 378 889 836
344 -1221 486 -444 379 891 838
345 -1215 490 -446 379 887 835
346 -1219 493 -445 383 887 837
347 -1216 491 -443 383 887 834
348 -1217 494 -442 383 887 834
349 -1216 491 -444 382 891 834
350 -1215 494 -443 384 891 834
351 -1213 495 -442 387 892 839
352 -1213 491 -440 385 888 839
353 -1215 492 -444 386 893 838
354 -1217 491 -441 386 888 837
355 -1213 496 -442 380 888 837
356 -1213 493 -446 383 888 839
357 -1217 492 -445 382 891 839
358 -1215 491 -442 382 893 838
359 -1213 495 -437 381 893 840
360 -1216 493 -441 383 891 838
361 -1213 495 -440 382 889 837
362 -1215 495 -443 386 894 841
363 -1216 493 -440 382 888 836
364 -1214 490 -443 384 888 838
365 -1216 493 -442 385 889 835
366 -1217 491 -441 384 888 839
367 -1216 493 -444 380 891 839
368 -1212 495 -442 383 892 838
369 -1217 491 -442 383 892 836
370 -1217 490 -444 385 889 839
371 -1212 493 -444 384 890 838
372 -1216 493 -440 384 890 837
373 -1215 492 -445 385 892 837
374 -1215 491 -445 384 889 836
375 -1213 492 -442 384 890 836
376 -1215 491 -444 382 888 837
377 -1218 489 -441 381 890 835
378 -1214 494 -443 382 892 839
379 -1214 494 -442 383 886 841
380 -1213 492 -444 381 890 836
381 -1217 492 -443 385 891 835
382 -1216 488 -440 381 890 838
383 -1211 490 -443 384 890 839
384 -1213 493 -440 382 891 838
385 -1217 494 -444 382 889 839
386 -1215 489 -443 383 890 837
387 -1216 492 -440 385 890 839
388 -1211 495 -441 382 888 836
389 -1214 494 -444 382 893 837
390 -1214 491 -445 383 888 838
391 -1212 492 -443 383 891 839
392 -1214 493 -441 381 892 836
393 -1215 489 -441 385 890 831
394 -1212 487 -445 380 890 837
395 -1218 492 -444 383 894 837
396 -1214 493 -445 383 889 837
397 -1215 493 -442 381 891 836
398 -1216 490 -443 384 889 838
399 -1217 492 -440 385 891 838
400 -1215 495 -441 383 891 839
401 -1213 491 -441 384 889 837
402 -1215 490 -443 384 891 836
403 -1213 493 -443 385 892 838
404 -1213 494 -439 384 889 842
405 -1215 489 -441 387 893 841
406 -1213 493 -441 384 888 835
407 -1212 491 -446 387 891 838
408 -1216 493 -443 385 892 840
409 -1211 493 -441 379 889 836
410 -1216 493 -441 382 892 836
411 -1214 492 -444 385 891 837
412 -1208 492 -442 383 888 838
413 -1214 491 -443 381 892 837
414 -1214 491 -442 384 889 836
415 -1213 494 -443 384 894 839
416 -1215 489 -441 383 892 838
417 -1213 496 -441 384 891 835
418 -1218 494 -445 382 888 836
419 -1214 493 -445 385 890 840
420 -1214 495 -441 385 890 840
421 -1214 494 -442 382 890 836
422 -1215 491 -446 381 890 836
423 -1220 491 -445 382 892 838
424 -1216 492 -443 385 892 838
425 -1217 494 -444 385 889 838
426 -1214 495 -444 382 890 840
427 -1214 491 -442 384 890 838
428 -1220 490 -439 383 889 839
429 -1216 488 -442 384 887 838
430 -1214 490 -442 384 891 836
431 -1216 490 -442 384 887 839
432 -1216 490 -442 384 889 838
433 -1213 493 -441 384 890 834
434 -1216 493 -445 379 886 835
435 -1216 492 -448 379 887 832
436 -1213 493 -443 382 889 837
437 -1213 492 -442 382 888 834
438 -1215 492 -443 387 888 834
439 -1217 492 -444 377 888 835
440 -1216 494 -445 383 890 836
441 -1217 491 -444 383 890 839
442 -1217 491 -446 382 887 836
443 -1214 489 -448 380 888 836
444 -1215 495 -444 382 888 838
445 -1211 495 -441 384 890 839
446 -1216 488 -443 381 888 839
447 -1215 491 -446 383 889 838
448 -1217 491 -443 380 888 839
449 -1215 496 -446 383 887 835
450 -1216 489 -445 384 891 836
451 -1218 489 -444 382 889 834
452 -1214 491 -441 383 886 838
453 -1214 495 -444 381 889 837
454 -1214 491 -447 381 893 835
455 -1212 492 -445 383 886 838
456 -1212 491 -444 383 890 836
457 -1215 495 -442 384 891 838
458 -1214 490 -441 383 890 836
459 -1213 488 -445 382 885 837
460 -1215 494 -443 380 893 835
461 -1217 493 -442 380 889 844
462 -1217 493 -441 387 895 836
463 -1216 492 -442 383 892 835
464 -1213 492 -445 379 889 838
465 -1215 492 -444 383 886 839
466 -1213 490 -445 385 891 837
467 -1216 490 -443 385 887 838
468 -1216 494 -446 381 889 836
469 -1214 490 -445 380 890 839
470 -1216 491 -445 382 890 837
471 -1218 490 -444 383 889 833
472 -1218 490 -444 382 892 836
473 -1219 489 -443 384 891 836
474 -1217 489 -443 379 890 837
475 -1215 490 -444 382 889 837
476 -1216 490 -445 381 890 836
477 -1218 494 -443 383 891 835
478 -1217 491 -444 382 892 836
479 -1214 490 -444 384 891 836
480 -1214 489 -443 384 889 838
481 -1213 493 -441 385 893 838
482 -1216 491 -440 383 890 837
483 -1215 494 -439 384 890 841
484 -1215 495 -440 383 891 836
485 -1214 492 -445 382 892 836
486 -1218 493 -445 383 888 836
487 -1214 489 -445 382 891 836
488 -1213 491 -442 383 890 838
489 -1219 491 -443 381 890 839
490 -1214 492 -440 383 891 842
491 -1214 494 -445 384 891 837
492 -1214 494 -444 384 886 838
493 -1216 490 -445 384 891 834
494 -1215 491 -441 383 885 835
495 -1216 490 -445 382 890 835
496 -1216 491 -443 381 891 837
497 -1214 490 -445 380 891 836
498 -1212 492 -445 381 888 837
499 -1214 487 -446 379 890 836
500 -1215 492 -440 383 889 839
501 -1213 496 -440 384 893 838
502 -1211 491 -440 381 890 834
503 -1216 490 -444 382 888 836
504 -1211 492 -442 383 893 840
505 -1212 492 -443 380 890 840
506 -1213 494 -442 384 888 834
507 -1211 491 -443 381 892 836
508 -1211 494 -441 382 891 838
509 -1212 488 -438 384 892 836
510 -1214 493 -441 385 891 836
511 -1217 490 -445 384 888 838
512 -1215 492 -440 384 890 842
513 -1215 494 -443 381 890 837
514 -1216 493 -442 381 890 839
515 -1218 493 -444 382 888 835
516 -1219 489 -443 384 893 838
517 -1217 493 -443 382 891 838
518 -1219 489 -440 384 890 837
519 -1216 491 -443 384 891 836
520 -1213 490 -441 383 888 832
521 -1217 492 -440 382 892 838
522 -1215 491 -442 384 894 838
523 -1217 494 -441 381 893 836
524 -1214 490 -444 386 889 835
525 -1213 494 -443 385 890 838
526 -1214 494 -442 380 887 836
527 -1219 493 -442 383 888 837
528 -1215 492 -446 383 892 836
529 -1216 490 -442 382 893 836
530 -1215 492 -439 380 891 837
531 -1215 493 -441 382 890 834
532 -1214 492 -442 381 890 841
533 -1215 491 -439 381 892 838
534 -1214 491 -444 381 889 841
535 -1212 491 -441 383 887 835
536 -1216 491 -446 383 888 837
537 -1212 490 -445 382 887 839
538 -1215 491 -443 381 888 834
539 -1216 490 -444 381 891 837
540 -1215 491 -443 382 892 838
541 -1215 489 -448 380 887 837
542 -1216 490 -443 384 889 834
543 -1217 488 -447 384 886 834
544 -1215 490 -445 385 890 835
545 -1217 491 -444 383 891 836
546 -1213 494 -441 382 890 837
547 -1213 493 -441 380 891 837
548 -1210 492 -447 383 890 838
549 -1213 492 -445 381 891 837
550 -1217 493 -444 382 895 836
551 -1214 493 -442 382 890 838
552 -1214 492 -441 383 891 838
553 -1215 490 -438 383 889 838
554 -1214 492 -440 386 889 840
555 -1214 492 -443 385 890 837
556 -1214 492 -444 383 891 834
557 -1217 493 -444 385 889 840
558 -1217 491 -440 383 891 838
559 -1214 495 -440 383 889 836
560 -1220 491 -445 382 891 836
561 -1219 489 -444 382 890 835
562 -1215 491 -441 381 887 836
563 -1217 494 -441 384 895 835
564 -1217 491 -444 383 891 837
565 -1217 493 -439 380 890 834
566 -1216 492 -444 382 890 836
567 -1214 493 -443 382 891 836
568 -1215 489 -444 384 887 834
569 -1215 491 -444 383 892 835
570 -1211 493 -440 382 889 837
571 -1217 492 -444 384 888 838
572 -1214 491 -443 386 892 837
573 -1216 492 -442 381 890 838
574 -1212 490 -444 380 893 837
575 -1215 492 -444 382 889 839
576 -1215 491 -445 383 889 840
577 -1217 489 -444 382 889 838
578 -1215 492 -442 381 891 839
579 -1215 494 -442 384 890 839
580 -1212 493 -442 382 889 835
581 -1217 495 -440 381 887 835
582 -1215 495 -445 383 890 836
583 -1212 492 -443 381 889 839
584 -1213 494 -444 381 888 835
585 -1214 492 -444 386 892 837
586 -1213 494 -440 382 889 836
587 -1215 489 -442 385 892 838
588 -1214 495 -445 384 891 839
589 -1214 491 -447 384 893 839
590 -1211 492 -441 386 893 836
591 -1213 494 -443 384 892 840
592 -1216 491 -443 379 892 842
593 -1217 492 -443 384 890 837
594 -1212 492 -447 384 891 840
595 -1215 490 -443 382 889 838
596 -1216 491 -446 383 892 834
597 -1212 492 -443 381 887 838
598 -1212 490 -443 382 889 837
599 -1216 492 -443 382 890 838
600 -1215 496 -442 386 889 836
601 -1213 493 -440 383 894 837
602 -1215 492 -445 385 893 839
603 -1217 495 -442 385 889 837
604 -1217 490 -444 385 889 835
605 -1213 495 -439 384 890 835
606 -1215 489 -444 380 891 834
607 -1218 495 -445 380 892 834
608 -1215 494 -441 382 890 836
609 -1218 490 -441 384 893 838
610 -1214 491 -445 379 892 838
611 -1212 494 -443 381 891 838
612 -1214 496 -442 384 891 840
613 -1213 491 -444 384 890 834
614 -1217 489 -444 382 893 836
615 -1214 493 -445 382 890 835
616 -1213 492 -442 383 891 838
617 -1214 491 -443 382 888 836
618 -1216 495 -442 381 887 834
619 -1218 489 -446 381 889 837
620 -1213 490 -442 381 890 834
621 -1213 496 -442 380 887 838
622 -1213 493 -443 388 891 839
623 -1214 493 -444 382 890 837
624 -1218 491 -445 383 889 837
625 -1214 492 -442 379 887 837
626 -1214 492 -448 385 889 837
627 -1217 491 -447 380 885 837
628 -1214 492 -440 383 891 839
629 -1216 496 -443 382 890 836
630 -1215 492 -444 385 892 834
631 -1214 489 -445 381 886 836
632 -1214 488 -444 387 892 836
633 -1213 491 -445 379 889 841
634 -1216 492 -442 379 889 836
635 -1215 491 -444 380 889 834
636 -1215 494 -444 382 887 837
637 -1212 492 -442 381 891 839
638 -1216 492 -445 380 892 833
639 -1214 489 -446 381 887 834
640 -1216 490 -443 386 893 839
641 -1217 496 -440 380 888 838
642 -1216 493 -444 379 890 833
643 -1216 491 -446 380 890 835
644 -1219 491 -443 381 886 840
645 -1220 491 -442 383 886 837
646 -1215 492 -443 380 886 835
647 -1214 490 -445 382 891 838
648 -1214 491 -447 385 892 834
649 -1213 494 -443 379 892 838
650 -1215 492 -442 383 892 835
651 -1214 493 -444 383 894 833
652 -1216 490 -444 377 891 832
653 -1215 492 -443 387 890 840
654 -1214 494 -438 385 890 838
655 -1219 491 -444 385 885 835
656 -1217 489 -444 382 895 836
657 -1215 491 -440 379 892 837
658 -1217 490 -445 384 890 838
659 -1214 491 -444 381 888 839
660 -1214 494 -444 383 888 840
661 -1214 494 -444 384 893 844
662 -1217 495 -440 381 889 838
663 -1212 490 -441 381 888 838
664 -1216 489 -445 382 890 835
665 -1215 492 -444 385 888 836
666 -1213 492 -442 380 889 840
667 -1215 490 -443 383 888 835
668 -1213 491 -444 382 887 836
669 -1216 491 -444 380 889 835
670 -1216 493 -446 379 887 835
671 -1217 487 -444 380 890 838
672 -1214 492 -444 382 890 837
673 -1212 491 -443 384 891 836
674 -1213 491 -445 381 888 837
675 -1216 489 -443 385 893 837
676 -1214 492 -444 381 886 834
677 -1213 494 -440 380 892 836
678 -1214 495 -446 384 891 837
679 -1213 490 -445 383 887 834
680 -1212 492 -441 385 889 836
681 -1216 491 -443 380 887 833
682 -1214 490 -445 385 893 839
683 -1211 495 -445 381 889 840
684 -1218 493 -443 380 890 837
685 -1214 490 -443 384 889 835
686 -1217 490 -441 382 890 835
687 -1213 497 -441 384 890 838
688 -1215 494 -441 385 889 835
689 -1214 489 -443 387 888 836
690 -1214 491 -443 385 890 837
691 -1217 492 -442 386 888 835
692 -1216 493 -444 383 889 837
693 -1215 490 -444 384 889 838
694 -1215 490 -442 378 891 836
695 -1217 485 -446 382 890 833
696 -1215 492 -443 382 889 837
697 -1215 491 -445 381 889 840
698 -1215 489 -443 383 891 837
699 -1217 489 -442 378 890 840
700 -1217 495 -444 383 890 839
701 -1216 492 -443 385 891 839
702 -1213 492 -442 384 888 837
703 -1213 493 -442 377 890 834
704 -1216 492 -441 384 889 836
705 -1212 495 -445 384 889 840
706 -1214 492 -442 382 890 837
707 -1216 491 -446 381 889 838
708 -1214 493 -445 385 889 839
709 -1218 491 -441 380 885 836
710 -1216 493 -444 381 889 837
711 -1215 490 -444 381 890 837
712 -1215 493 -446 381 888 837
713 -1215 490 -441 384 889 836
714 -1214 492 -440 382 895 838
715 -1215 490 -440 382 893 833
716 -1216 492 -442 379 891 838
717 -1213 494 -444 382 887 837
718 -1213 491 -442 386 893 834
719 -1213 490 -439 383 889 836
720 -1213 492 -441 380 889 840
721 -1215 494 -442 384 890 838
722 -1216 489 -442 380 888 837
723 -1218 493 -443 384 893 835
724 -1212 491 -444 383 890 837
725 -1214 492 -443 385 890 840
726 -1211 491 -444 384 889 837
727 -1220 491 -442 383 890 837
728 -1216 492 -442 386 892 839
729 -1214 493 -442 381 892 838
730 -1213 493 -440 384 890 836
731 -1218 490 -443 384 890 839
732 -1215 494 -444 383 889 836
733 -1218 492 -441 382 893 835
734 -1214 493 -442 382 891 840
735 -1216 495 -439 381 888 836
736 -1215 493 -444 381 887 832
737 -1216 488 -444 382 893 836
738 -1212 491 -441 382 890 838
739 -1215 495 -442 383 892 837
740 -1214 490 -443 384 890 835
741 -1213 492 -440 382 889 835
742 -1215 492 -443 380 892 837
743 -1216 494 -441 383 888 836
744 -1217 494 -442 382 891 837
745 -1213 490 -444 384 890 837
746 -1211 489 -442 381 891 839
747 -1217 493 -442 386 888 840
748 -1212 490 -442 385 891 839
749 -1212 491 -445 381 891 838
750 -1216 492 -445 385 891 839
751 -1218 493 -442 381 893 838
752 -1211 493 -445 380 889 837
753 -1213 489 -447 382 888 836
754 -1216 490 -443 386 886 840
755 -1214 493 -446 381 888 838
756 -1215 493 -446 381 892 835
757 -1213 493 -444 384 890 839
758 -1216 492 -444 388 890 840
759 -1216 493 -441 386 893 837
760 -1215 494 -442 381 889 840
761 -1215 493 -442 384 893 834
762 -1217 492 -444 384 893 835
763 -1214 493 -441 385 889 838
764 -1216 496 -441 384 892 839
765 -1215 494 -442 384 891 836
766 -1215 491 -444 384 890 837
767 -1214 490 -444 382 887 838
768 -1216 491 -441 381 890 835
769 -1216 492 -445 382 892 833
770 -1214 495 -442 380 892 836
771 -1215 492 -441 378 891 838
772 -1214 493 -443 387 888 838
773 -1212 492 -440 384 893 836
774 -1217 489 -444 385 894 838
775 -1215 493 -440 383 891 836
776 -1216 491 -439 384 892 834
777 -1215 491 -443 382 892 833
778 -1219 489 -448 381 887 837
779 -1217 492 -444 383 886 837
780 -1215 492 -443 383 889 833
781 -1217 490 -442 381 889 832
782 -1216 490 -444 384 892 833
783 -1216 491 -446 379 890 838
784 -1218 493 -441 384 891 835
785 -1215 492 -444 382 888 838
786 -1212 490 -442 381 890 838
787 -1213 490 -446 381 889 837
788 -1215 491 -443 388 890 838
789 -1214 494 -444 385 889 835
790 -1213 492 -442 385 892 838
791 -1212 492 -442 383 893 839
792 -1212 500 -440 381 890 840
793 -1215 490 -440 385 888 841
794 -1212 490 -441 383 889 835
795 -1212 489 -444 382 889 838
796 -1218 494 -445 385 889 840
797 -1216 489 -443 382 890 836
798 -1218 489 -444 380 890 833
799 -1216 491 -443 384 890 837
800 -1216 493 -441 385 888 839
801 -1213 495 -441 381 887 834
802 -1212 490 -443 382 889 838
803 -1213 491 -443 382 890 840
804 -1212 493 -442 381 892 838
805 -1214 494 -445 383 892 834
806 -1212 491 -444 380 893 833
807 -1215 494 -444 381 893 836
808 -1214 492 -444 382 889 837
809 -1214 488 -444 380 888 837
810 -1214 493 -443 381 892 831
811 -1215 487 -444 386 891 836
812 -1213 497 -440 386 893 841
813 -1216 495 -439 384 891 837
814 -1213 491 -442 382 889 832
815 -1216 492 -446 380 888 840
816 -1216 491 -444 382 890 838
817 -1214 491 -438 383 888 836
818 -1216 493 -441 383 891 837
819 -1214 491 -443 379 894 838
820 -1215 495 -439 383 886 838
821 -1215 492 -444 383 890 832
822 -1218 488 -441 382 890 836
823 -1217 490 -443 382 890 838
824 -1212 495 -443 382 893 835
825 -1216 491 -443 377 891 833
826 -1215 489 -443 382 893 834
827 -1215 496 -444 379 892 836
828 -1215 490 -445 386 893 837
829 -1214 491 -443 385 891 837
830 -1216 491 -441 383 890 837
831 -1214 494 -444 383 891 839
832 -1214 491 -446 380 888 837
833 -1210 490 -445 383 888 836
834 -1218 489 -443 384 889 836
835 -1212 491 -443 383 891 838
836 -1214 490 -444 380 885 833
837 -1214 490 -443 383 891 837
838 -1216 491 -445 384 888 837
839 -1213 492 -443 380 885 838
840 -1216 487 -446 380 889 835
841 -1218 493 -444 381 891 837
842 -1214 491 -445 380 894 837
843 -1217 492 -447 380 888 834
844 -1218 492 -445 380 892 834
845 -1219 492 -440 381 888 834
846 -1216 489 -444 384 890 835
847 -1216 491 -444 381 888 837
848 -1215 494 -444 383 893 837
849 -1215 490 -444 382 889 831
850 -1217 492 -442 381 889 836
851 -1219 493 -442 383 893 836
852 -1215 493 -442 380 890 838
853 -1217 488 -441 380 892 836
854 -1216 491 -445 380 890 833
855 -1215 492 -442 380 890 839
856 -1216 494 -442 382 887 835
857 -1215 488 -442 381 889 837
858 -1218 491 -445 381 891 836
859 -1217 490 -441 382 888 839
860 -1216 490 -443 381 888 835
861 -1216 489 -446 380 887 836
862 -1213 491 -448 379 885 830
863 -1212 492 -443 382 887 837
864 -1214 491 -445 383 888 836
865 -1216 494 -442 382 890 836
866 -1217 488 -442 381 889 834
867 -1218 491 -444 382 889 833
868 -1219 491 -443 383 888 834
869 -1213 491 -445 382 889 834
870 -1214 493 -444 383 888 835
871 -1214 493 -444 380 891 836
872 -1218 491 -443 384 892 836
873 -1212 490 -441 378 888 835
874 -1216 490 -446 381 889 838
875 -1214 493 -445 383 887 833
876 -1213 493 -443 381 886 836
877 -1210 494 -443 380 888 836
878 -1213 492 -445 382 890 838
879 -1220 493 -442 379 892 835
880 -1218 492 -443 377 888 836
881 -1215 492 -442 383 888 831
882 -1215 492 -446 381 887 838
883 -1213 490 -444 381 888 836
884 -1217 491 -447 382 893 836
885 -1217 493 -444 380 888 838
886 -1212 489 -448 379 890 839
887 -1217 491 -446 383 889 837
888 -1217 494 -441 382 891 838
889 -1214 489 -444 381 891 833
890 -1215 493 -444 380 889 834
891 -1215 491 -445 380 891 836
892 -1216 492 -446 382 890 831
893 -1216 491 -444 380 891 833
894 -1218 490 -443 380 886 834
895 -1220 489 -448 381 893 834
896 -1217 491 -443 380 888 835
897 -1218 491 -442 380 889 838
898 -1215 492 -445 382 888 833
899 -1216 493 -447 383 888 836
900 -1217 494 -443 380 892 835
901 -1218 488 -442 383 888 837
902 -1220 487 -444 382 893 837
903 -1213 491 -446 380 888 835
904 -1214 489 -442 382 888 835
905 -1217 488 -445 380 888 834
906 -1217 490 -445 380 884 833
907 -1217 493 -444 381 888 834
908 -1215 489 -443 379 888 836
909 -1216 490 -443 379 888 835
910 -1217 490 -446 383 888 832
911 -1216 492 -446 377 888 831
912 -1215 491 -448 380 889 835
913 -1217 492 -445 376 890 835
914 -1215 492 -441 382 891 835
915 -1218 492 -449 377 889 836
916 -1215 491 -443 382 888 836
917 -1215 491 -446 379 886 834
918 -1216 490 -445 381 889 833
919 -1215 490 -446 379 892 837
920 -1215 486 -444 377 890 835
921 -1216 488 -443 378 890 834
922 -1218 490 -444 380 888 837
923 -1215 488 -441 380 888 837
924 -1214 487 -445 383 888 837
925 -1216 491 -443 382 886 836
926 -1216 491 -444 384 890 835
927 -1215 493 -445 380 890 835
928 -1212 490 -445 379 885 835
929 -1214 490 -446 378 884 834
930 -1215 491 -446 382 894 834
931 -1217 489 -444 384 889 836
932 -1214 495 -442 382 889 834
933 -1214 491 -443 379 891 835
934 -1213 488 -443 379 892 836
935 -1214 491 -442 383 891 837
936 -1213 493 -440 383 893 836
937 -1216 494 -444 384 890 834
938 -1217 491 -443 383 889 837
939 -1215 492 -442 384 889 838
940 -1216 492 -444 382 894 836
941 -1218 490 -443 380 889 834
942 -1214 490 -444 380 886 833
943 -1216 489 -443 382 890 835
944 -1214 492 -442 384 889 834
945 -1214 488 -443 381 888 838
946 -1217 492 -439 381 889 837
947 -1217 488 -446 383 891 834
948 -1214 491 -447 382 888 834
949 -1214 489 -445 381 890 838
950 -1217 492 -443 382 890 839
951 -1215 492 -444 385 893 837
952 -1215 492 -441 384 886 835
953 -1215 492 -443 381 890 833
954 -1217 492 -446 382 889 832
955 -1213 490 -444 382 890 834
956 -1214 493 -443 378 890 833
957 -1217 490 -447 381 888 838
958 -1212 492 -444 382 889 833
959 -1216 494 -440 384 890 838
960 -1216 490 -442 387 888 836
961 -1215 489 -446 381 887 836
962 -1219 492 -441 381 892 836
963 -1217 493 -444 383 887 837
964 -1215 493 -445 384 885 838
965 -1214 492 -446 382 891 837
966 -1218 490 -445 380 889 834
967 -1213 496 -442 383 888 835
968 -1213 487 -443 382 889 837
969 -1213 490 -442 379 890 838
970 -1213 490 -444 379 889 839
971 -1214 491 -445 382 888 837
972 -1213 489 -442 380 891 840
973 -1215 495 -444 382 888 835
974 -1214 491 -444 378 889 833
975 -1217 491 -445 385 890 834
976 -1212 493 -445 380 888 838
977 -1214 490 -445 383 889 836
978 -1215 490 -442 379 889 834
979 -1216 490 -442 383 890 835
980 -1215 490 -444 382 892 837
981 -1212 493 -444 381 889 833
982 -1217 494 -445 383 889 834
983 -1214 492 -445 380 892 836
984 -1211 493 -443 381 888 833
985 -1214 495 -443 384 888 837
986 -1215 491 -443 378 889 834
987 -1216 494 -447 381 888 835
988 -1219 489 -442 381 888 834
989 -1216 495 -445 382 890 837
990 -1214 492 -441 382 890 836
991 -1212 492 -443 380 889 838
992 -1215 492 -445 382 887 834
993 -1216 491 -444 381 889 836
994 -1217 494 -445 382 889 836
995 -1215 489 -442 383 890 838
996 -1216 492 -446 380 889 836
997 -1215 492 -442 380 889 836
998 -1218 490 -451 381 890 836
999 -1215 491 -444 381 888 833
0 -6707 1499 5367 3002 3830 -4087
1 -6707 1504 5366 3005 3830 -4085
2 -6707 1503 5366 3005 3827 -4088
3 -6704 1504 5367 3002 3832 -4083
4 -6704 1501 5365 3002 3826 -4089
5 -6708 1503 5367 3004 3826 -4087
6 -6710 1504 5371 3005 3829 -4083
7 -6709 1507 5369 3003 3827 -4086
8 -6705 1503 5369 3002 3825 -4087
9 -6710 1503 5369 3004 3827 -4084
10 -6707 1507 5368 3004 3827 -4084
11 -6707 1506 5369 3000 3825 -4087
12 -6706 1500 5365 3002 3825 -4087
13 -6707 1505 5371 3001 3827 -4087
14 -6704 1502 5368 2999 3823 -4082
15 -6702 1507 5369 3002 3826 -4085
16 -6703 1505 5367 3001 3828 -4082
17 -6705 1501 5368 3001 3824 -4086
18 -6704 1503 5366 3000 3824 -4084
19 -6702 1506 5368 2999 3824 -4083
20 -6704 1501 5367 2999 3823 -4086
21 -6700 1501 5362 3002 3825 -4084
22 -6699 1507 5366 3003 3823 -4083
23 -6699 1506 5369 3001 3826 -4083
24 -6700 1507 5368 3001 3826 -4083
25 -6699 1500 5364 2999 3823 -4081
26 -6695 1504 5369 3003 3823 -4078
27 -6700 1510 5366 2998 3822 -4081
28 -6699 1503 5365 2999 3822 -4083
29 -6695 1503 5366 2999 3821 -4079
30 -6695 1504 5365 3000 3824 -4080
31 -6698 1506 5364 3000 3821 -4080
32 -6695 1503 5365 2999 3824 -4080
33 -6696 1503 5364 3000 3822 -4079
34 -6696 1504 5365 2999 3826 -4077
35 -6694 1507 5365 2997 3822 -4076
36 -6695 1507 5366 2997 3822 -4080
37 -6695 1504 5363 2999 3824 -4084
38 -6697 1505 5362 2996 3822 -4076
39 -6693 1504 5364 2998 3822 -4077
40 -6694 1505 5364 2996 3822 -4078
41 -6697 1501 5362 2995 3820 -4079
42 -6693 1505 5362 2999 3821 -4076
43 -6693 1505 5366 2999 3821 -4075
44 -6691 1504 5363 2997 3822 -4078
45 -6691 1503 5361 2998 3819 -4075
46 -6691 1502 5363 2994 3822 -4077
47 -6686 1505 5365 2995 3822 -4072
48 -6691 1505 5363 2995 3821 -4072
49 -6687 1505 5360 2998 3822 -4075
50 -6689 1504 5357 2992 3822 -4072
51 -6688 1502 5359 2996 3820 -4074
52 -6689 1503 5362 2993 3818 -4073
53 -6685 1508 5359 2998 3822 -4074
54 -6687 1502 5355 2995 3817 -4071
55 -6683 1505 5356 2994 3817 -4066
56 -6685 1504 5357 2996 3819 -4069
57 -6690 1505 5356 2993 3814 -4071
58 -6683 1501 5355 2996 3815 -4071
59 -6681 1505 5354 2993 3818 -4067
60 -6683 1507 5362 2993 3817 -4070
61 -6683 1504 5357 2990 3815 -4070
62 -6684 1502 5356 2989 3816 -4068
63 -6682 1502 5352 2996 3817 -4065
64 -6683 1504 5354 2993 3816 -4068
65 -6680 1508 5358 2991 3817 -4069
66 -6683 1506 5356 2992 3818 -4070
67 -6681 1503 5354 2991 3818 -4070
68 -6681 1504 5353 2993 3812 -4068
69 -6682 1508 5357 2994 3820 -4070
70 -6684 1505 5355 2995 3818 -4068
71 -6681 1504 5357 2991 3815 -4069
72 -6685 1504 5360 2995 3819 -4068
73 -6688 1508 5358 2994 3818 -4068
74 -6685 1509 5359 2996 3818 -4070
75 -6686 1508 5359 2991 3817 -4073
76 -6687 1507 5357 2998 3823 -4070
77 -6687 1508 5362 2998 3820 -4070
78 -6691 1508 5362 2995 3820 -4073
79 -6689 1503 5362 2997 3823 -4070
80 -6686 1509 5363 2996 3820 -4072
81 -6690 1509 5363 2996 3819 -4070
82 -6688 1510 5367 2998 3820 -4074
83 -6690 1507 5367 2994 3819 -4079
84 -6692 1506 5366 2998 3818 -4078
85 -6692 1510 5368 2997 3822 -4075
86 -6693 1510 5372 2995 3824 -4080
87 -6697 1510 5371 2998 3821 -4079
88 -6693 1510 5371 3000 3822 -4078
89 -6692 1510 5373 2999 3823 -4077
90 -6693 1508 5373 2996 3822 -4078
91 -6695 1510 5374 2997 3822 -4079
92 -6694 1508 5370 3000 3825 -4081
93 -6694 1510 5378 3001 3822 -4078
94 -6700 1511 5376 3000 3822 -4080
95 -6696 1510 5376 3000 3823 -4080
96 -6695 1509 5374 2999 3823 -4084
97 -6698 1510 5374 2997 3823 -4082
98 -6696 1509 5378 3000 3822 -4081
99 -6697 1509 5380 3003 3825 -4078
100 -6695 1509 5379 3000 3826 -4086
101 -6696 1508 5379 2998 3823 -4083
102 -6701 1511 5375 3001 3821 -4081
103 -6697 1508 5382 3002 3822 -4083
104 -6697 1509 5378 3000 3822 -4084
105 -6698 1511 5379 2996 3822 -4083
106 -6699 1512 5378 2998 3824 -4083
107 -6697 1516 5382 3001 3823 -4082
108 -6700 1512 5377 2999 3824 -4086
109 -6699 1512 5381 3001 3823 -4085
110 -6697 1513 5377 3000 3827 -4083
111 -6697 1514 5380 2999 3824 -4082
112 -6697 1511 5380 3001 3826 -4079
113 -6697 1513 5380 3001 3824 -4083
114 -6700 1515 5380 3003 3826 -4080
115 -6698 1516 5383 3000 3825 -4081
116 -6699 1512 5382 3003 3826 -4083
117 -6699 1513 5377 3001 3824 -4078
118 -6698 1510 5379 3002 3824 -4083
119 -6697 1515 5377 2999 3822 -4078
120 -6698 1512 5381 3001 3825 -4076
121 -6697 1512 5378 3001 3822 -4077
122 -6698 1511 5379 3001 3822 -4075
123 -6696 1516 5378 2995 3824 -4081
124 -6704 1517 5374 3002 3822 -4077
125 -6700 1510 5376 2998 3824 -4078
126 -6699 1514 5375 2999 3822 -4083
127 -6696 1512 5377 2999 3825 -4077
128 -6698 1512 5376 3000 3823 -4079
129 -6698 1514 5378 3001 3824 -4076
130 -6697 1511 5372 3000 3824 -4074
131 -6698 1515 5376 3002 3824 -4074
132 -6695 1516 5372 3000 3822 -4073
133 -6695 1513 5372 2998 3819 -4076
134 -6696 1512 5371 3002 3823 -4074
135 -6695 1515 5371 3000 3822 -4069
136 -6694 1517 5374 2999 3820 -4069
137 -6696 1512 5371 2999 3821 -4070
138 -6695 1511 5366 2996 3821 -4071
139 -6691 1514 5367 2996 3820 -4067
140 -6694 1514 5366 2998 3818 -4070
141 -6695 1515 5365 2998 3823 -4067
142 -6693 1513 5367 2998 3820 -4066
143 -6690 1510 5367 2996 3822 -4066
144 -6692 1511 5363 2998 3817 -4065
145 -6692 1513 5366 2998 3821 -4061
146 -6690 1514 5365 2998 3820 -4064
147 -6689 1509 5363 2998 3821 -4066
148 -6692 1509 5359 2996 3817 -4065
149 -6691 1511 5360 2999 3817 -4063
150 -6695 1514 5362 2994 3818 -4063
151 -6691 1512 5358 2997 3824 -4066
152 -6693 1511 5359 2999 3815 -4061
153 -6689 1511 5357 2997 3821 -4057
154 -6692 1515 5358 2996 3821 -4062
155 -6693 1511 5359 2997 3818 -4060
156 -6691 1511 5356 2999 3819 -4062
157 -6692 1511 5356 2998 3821 -4060
158 -6692 1512 5359 2997 3816 -4060
159 -6692 1512 5360 2996 3821 -4062
160 -6692 1508 5355 3000 3820 -4063
161 -6694 1510 5357 2999 3820 -4058
162 -6691 1513 5363 2999 3822 -4060
163 -6692 1509 5359 2998 3822 -4062
164 -6693 1512 5357 2997 3818 -4061
165 -6694 1511 5359 2998 3819 -4059
166 -6694 1514 5358 2997 3817 -4060
167 -6697 1511 5360 2998 3823 -4063
168 -6698 1510 5360 2999 3824 -4063
169 -6698 1512 5358 2998 3821 -4066
170 -6702 1510 5360 2997 3819 -4066
171 -6697 1512 5362 3000 3819 -4065
172 -6699 1514 5360 3000 3823 -4067
173 -6700 1512 5362 2998 3826 -4067
174 -6700 1514 5363 3002 3820 -4066
175 -6701 1514 5365 3004 3827 -4068
176 -6705 1513 5367 3003 3829 -4070
177 -6702 1514 5365 3003 3825 -4070
178 -6701 1516 5365 3005 3828 -4066
179 -6707 1517 5371 3006 3825 -4067
180 -6706 1512 5373 3004 3828 -4073
181 -6708 1512 5368 3004 3828 -4072
182 -6708 1511 5368 3006 3828 -4076
183 -6707 1516 5372 3004 3828 -4072
184 -6711 1511 5373 3006 3827 -4072
185 -6712 1513 5374 3006 3823 -4077
186 -6712 1513 5370 3005 3829 -4072
187 -6711 1514 5374 3005 3829 -4074
188 -6715 1512 5375 3006 3826 -4077
189 -6713 1516 5378 3004 3830 -4079
190 -6714 1512 5373 3008 3830 -4080
191 -6716 1516 5377 3007 3828 -4078
192 -6713 1517 5381 3010 3832 -4078
193 -6718 1514 5382 3008 3832 -4080
194 -6716 1514 5381 3008 3833 -4080
195 -6719 1512 5378 3007 3833 -4078
196 -6719 1518 5378 3011 3832 -4080
197 -6718 1516 5381 3012 3834 -4082
198 -6721 1516 5383 3011 3835 -4080
199 -6721 1515 5384 3011 3834 -4081
200 -6718 1517 5385 3011 3834 -4079
201 -6723 1515 5385 3008 3833 -4082
202 -6721 1515 5381 3010 3833 -4081
203 -6723 1516 5385 3012 3834 -4082
204 -6722 1518 5387 3009 3834 -4081
205 -6721 1515 5384 3011 3834 -4080
206 -6727 1517 5383 3012 3837 -4084
207 -6723 1516 5387 3015 3835 -4083
208 -6724 1513 5382 3013 3835 -4082
209 -6722 1517 5385 3013 3836 -4082
210 -6728 1513 5383 3015 3838 -4082
211 -6728 1513 5386 3011 3835 -4085
212 -6726 1520 5382 3012 3836 -4085
213 -6723 1514 5386 3013 3836 -4084
214 -6725 1513 5381 3009 3835 -4088
215 -6725 1518 5381 3013 3839 -4087
216 -6724 1514 5382 3011 3837 -4085
217 -6726 1515 5381 3016 3836 -4086
218 -6727 1516 5386 3013 3838 -4086
219 -6726 1518 5383 3015 3836 -4079
220 -6722 1515 5383 3013 3836 -4082
221 -6727 1515 5380 3015 3837 -4084
222 -6724 1510 5379 3011 3833 -4083
223 -6722 1517 5376 3010 3837 -4079
224 -6725 1515 5381 3012 3832 -4080
225 -6724 1514 5373 3012 3835 -4077
226 -6720 1513 5376 3010 3832 -4081
227 -6717 1511 5374 3009 3834 -4077
228 -6718 1513 5373 3011 3833 -4079
229 -6722 1514 5375 3010 3835 -4076
230 -6718 1513 5375 3009 3829 -4075
231 -6720 1514 5374 3011 3834 -4077
232 -6719 1508 5368 3009 3830 -4076
233 -6721 1513 5367 3008 3831 -4074
234 -6710 1514 5370 3009 3832 -4073
235 -6716 1512 5366 3010 3833 -4076
236 -6715 1510 5367 3006 3832 -4076
237 -6712 1513 5364 3010 3837 -4071
238 -6715 1510 5364 3009 3833 -4073
239 -6716 1511 5368 3007 3832 -4071
240 -6712 1507 5360 3006 3828 -4069
241 -6709 1511 5362 3006 3831 -4069
242 -6712 1511 5367 3002 3830 -4067
243 -6707 1509 5360 3005 3829 -4067
244 -6711 1508 5358 3005 3829 -4070
245 -6711 1508 5359 3003 3831 -4069
246 -6709 1510 5361 3004 3828 -4067
247 -6713 1505 5360 3003 3828 -4069
248 -6708 1505 5357 3000 3825 -4069
249 -6710 1505 5353 3002 3827 -4065
250 -6709 1509 5354 3001 3827 -4063
251 -6706 1504 5353 3005 3825 -4065
252 -6706 1505 5355 3001 3824 -4061
253 -6708 1507 5351 3000 3825 -4065
254 -6709 1502 5352 3001 3826 -4067
255 -6710 1503 5351 3000 3824 -4065
256 -6707 1505 5349 2999 3827 -4064
257 -6706 1507 5355 3003 3826 -4063
258 -6705 1506 5352 3001 3824 -4066
259 -6702 1509 5358 3003 3824 -4067
260 -6706 1506 5349 3005 3826 -4066
261 -6706 1504 5353 3004 3827 -4066
262 -6704 1507 5351 3000 3827 -4064
263 -6704 1504 5355 3002 3823 -4068
264 -6706 1505 5355 3004 3824 -4068
265 -6703 1503 5355 3002 3825 -4071
266 -6707 1508 5351 3003 3822 -4066
267 -6705 1504 5356 3000 3826 -4067
268 -6709 1503 5354 3002 3827 -4070
269 -6707 1508 5357 3006 3826 -4067
270 -6709 1505 5356 3002 3831 -4068
271 -6703 1507 5357 3003 3828 -4068
272 -6708 1506 5358 3002 3825 -4070
273 -6710 1504 5356 3002 3823 -4072
274 -6707 1505 5358 3004 3829 -4070
275 -6710 1505 5359 3004 3829 -4071
276 -6710 1505 5359 3002 3829 -4071
277 -6710 1505 5360 3006 3828 -4073
278 -6711 1503 5360 3005 3829 -4076
279 -6712 1505 5362 3005 3830 -4076
280 -6713 1506 5361 3002 3828 -4077
281 -6716 1505 5360 3004 3832 -4077
282 -6714 1510 5361 3004 3834 -4078
283 -6712 1507 5364 3006 3832 -4080
284 -6713 1505 5367 3008 3833 -4077
285 -6713 1506 5364 3006 3833 -4080
286 -6717 1503 5363 3004 3831 -4079
287 -6717 1505 5367 3008 3830 -4080
288 -6720 1507 5368 3008 3833 -4080
289 -6716 1505 5368 3008 3834 -4083
290 -6717 1504 5368 3009 3833 -4082
291 -6717 1501 5368 3006 3834 -4083
292 -6713 1504 5366 3008 3832 -4083
293 -6714 1503 5366 3008 3830 -4085
294 -6718 1502 5368 3008 3832 -4087
295 -6722 1503 5369 3006 3832 -4085
296 -6720 1505 5370 3009 3833 -4086
297 -6719 1506 5369 3007 3833 -4085
298 -6719 1502 5366 3006 3832 -4083
299 -6717 1506 5369 3011 3836 -4086
300 -6719 1502 5367 3007 3835 -4089
301 -6721 1505 5366 3007 3831 -4089
302 -6718 1504 5371 3010 3833 -4086
303 -6718 1503 5368 3011 3838 -4091
304 -6719 1503 5371 3007 3834 -4090
305 -6717 1507 5368 3009 3837 -4092
306 -6724 1499 5370 3007 3835 -4091
307 -6717 1500 5369 3006 3834 -4090
308 -6724 1502 5371 3012 3836 -4089
309 -6721 1504 5367 3008 3836 -4087
310 -6720 1500 5369 3009 3833 -4088
311 -6717 1502 5370 3009 3833 -4091
312 -6722 1501 5369 3009 3837 -4093
313 -6723 1503 5370 3008 3834 -4095
314 -6720 1502 5367 3012 3834 -4092
315 -6721 1502 5367 3009 3833 -4090
316 -6722 1501 5366 3010 3832 -4092
317 -6720 1500 5366 3011 3835 -4091
318 -6721 1499 5371 3010 3840 -4093
319 -6719 1502 5367 3009 3834 -4093
320 -6721 1499 5369 3011 3837 -4090
321 -6719 1500 5368 3008 3839 -4091
322 -6719 1498 5364 3008 3834 -4094
323 -6721 1499 5367 3008 3836 -4091
324 -6717 1496 5365 3006 3835 -4094
325 -6718 1494 5363 3004 3834 -4094
326 -6718 1498 5362 3011 3837 -4093
327 -6718 1497 5363 3007 3836 -4093
328 -6719 1495 5361 3008 3837 -4091
329 -6716 1498 5363 3007 3834 -4089
330 -6718 1498 5363 3006 3835 -4093
331 -6716 1495 5360 3006 3839 -4092
332 -6714 1497 5360 3008 3835 -4090
333 -6715 1498 5361 3004 3834 -4090
334 -6714 1494 5359 3006 3830 -4091
335 -6718 1492 5355 3006 3834 -4089
336 -6715 1495 5356 3006 3833 -4092
337 -6717 1494 5356 3004 3831 -4090
338 -6714 1496 5353 3004 3833 -4087
339 -6716 1492 5351 3005 3831 -4090
340 -6713 1492 5354 3004 3831 -4090
341 -6710 1492 5354 3004 3831 -4088
342 -6711 1492 5352 3004 3830 -4087
343 -6712 1491 5352 3002 3830 -4091
344 -6711 1489 5351 3003 3828 -4091
345 -6712 1492 5350 3000 3829 -4087
346 -6711 1491 5352 3004 3831 -4089
347 -6713 1493 5351 3005 3831 -4087
348 -6706 1493 5348 3005 3830 -4090
349 -6707 1490 5349 3005 3831 -4089
350 -6707 1489 5348 2999 3830 -4088
351 -6709 1493 5349 3005 3830 -4083
352 -6708 1491 5348 3003 3828 -4088
353 -6707 1488 5347 3005 3826 -4084
354 -6708 1490 5349 3000 3828 -4087
355 -6708 1487 5349 3002 3826 -4086
356 -6707 1489 5346 3002 3830 -4089
357 -6707 1490 5343 3001 3826 -4084
358 -6704 1489 5347 3001 3829 -4085
359 -6710 1488 5342 3001 3827 -4086
360 -6706 1487 5348 3001 3830 -4087
361 -6708 1488 5347 3003 3830 -4086
362 -6706 1489 5344 3004 3825 -4088
363 -6705 1488 5343 3001 3828 -4086
364 -6707 1487 5343 3003 3826 -4090
365 -6704 1488 5345 3000 3830 -4092
366 -6708 1492 5344 3000 3828 -4090
367 -6707 1489 5343 3003 3827 -4086
368 -6704 1485 5348 2999 3827 -4086
369 -6706 1487 5344 3000 3832 -4090
370 -6710 1486 5342 3003 3831 -4090
371 -6707 1486 5345 3003 3828 -4087
372 -6709 1488 5343 3003 3828 -4091
373 -6708 1486 5342 3003 3830 -4090
374 -6709 1487 5344 3001 3827 -4088
375 -6711 1484 5345 3000 3828 -4091
376 -6708 1486 5339 3003 3828 -4089
377 -6707 1488 5341 3003 3833 -4088
378 -6710 1486 5341 3000 3827 -4089
379 -6710 1485 5342 3003 3831 -4090
380 -6713 1487 5345 3003 3829 -4090
381 -6710 1482 5341 2999 3831 -4090
382 -6709 1485 5344 3002 3831 -4089
383 -6713 1485 5343 3003 3832 -4088
384 -6713 1482 5342 3006 3831 -4092
385 -6712 1484 5340 3004 3834 -4090
386 -6713 1482 5342 3007 3833 -4091
387 -6713 1486 5342 3005 3830 -4092
388 -6713 1485 5344 3004 3835 -4093
389 -6713 1482 5340 3006 3834 -4092
390 -6717 1483 5342 3003 3832 -4095
391 -6718 1486 5344 3006 3835 -4095
392 -6716 1481 5344 3001 3834 -4096
393 -6714 1487 5344 3005 3837 -4094
394 -6719 1483 5343 3007 3836 -4095
395 -6717 1481 5343 3007 3833 -4096
396 -6719 1483 5342 3009 3834 -4094
397 -6719 1486 5343 3011 3833 -4098
398 -6719 1483 5350 3009 3833 -4097
399 -6723 1484 5346 3006 3834 -4096
400 -6720 1481 5346 3007 3839 -4094
401 -6727 1482 5344 3011 3837 -4099
402 -6723 1484 5348 3011 3838 -4098
403 -6720 1481 5344 3012 3837 -4104
404 -6726 1483 5347 3010 3841 -4099
405 -6727 1483 5345 3011 3838 -4103
406 -6727 1481 5346 3009 3839 -4100
407 -6730 1482 5345 3011 3840 -4104
408 -6728 1482 5347 3008 3841 -4103
409 -6731 1484 5345 3010 3841 -4102
410 -6729 1482 5349 3014 3843 -4100
411 -6731 1483 5345 3013 3842 -4105
412 -6734 1480 5347 3013 3842 -4105
413 -6730 1479 5347 3014 3841 -4105
414 -6732 1483 5349 3012 3840 -4104
415 -6734 1484 5348 3010 3842 -4108
416 -6733 1481 5348 3016 3843 -4102
417 -6735 1481 5350 3011 3846 -4107
418 -6736 1482 5350 3015 3844 -4108
419 -6734 1482 5353 3014 3843 -4109
420 -6736 1483 5351 3014 3845 -4108
421 -6735 1482 5351 3017 3844 -4112
422 -6735 1483 5352 3015 3845 -4106
423 -6738 1480 5354 3016 3845 -4108
424 -6739 1480 5351 3016 3844 -4107
425 -6740 1481 5358 3013 3843 -4105
426 -6742 1478 5350 3015 3846 -4110
427 -6739 1481 5351 3017 3849 -4111
428 -6738 1483 5353 3017 3850 -4112
429 -6738 1480 5354 3018 3846 -4111
430 -6741 1480 5351 3014 3845 -4111
431 -6743 1482 5350 3016 3842 -4112
432 -6740 1480 5351 3016 3848 -4110
433 -6742 1477 5350 3016 3847 -4110
434 -6741 1482 5353 3015 3849 -4115
435 -6744 1479 5351 3018 3850 -4112
436 -6743 1479 5354 3016 3844 -4112
437 -6741 1480 5350 3016 3847 -4111
438 -6743 1479 5351 3016 3850 -4113
439 -6741 1478 5352 3013 3847 -4108
440 -6741 1480 5351 3015 3847 -4113
441 -6743 1479 5350 3016 3845 -4113
442 -6743 1478 5349 3016 3843 -4109
443 -6739 1481 5352 3017 3843 -4110
444 -6741 1480 5352 3018 3847 -4110
445 -6742 1480 5352 3018 3847 -4112
446 -6744 1479 5350 3017 3846 -4111
447 -6742 1482 5348 3016 3846 -4109
448 -6742 1481 5350 3015 3844 -4110
449 -6743 1476 5348 3013 3844 -4110
450 -6740 1480 5344 3015 3842 -4109
451 -6739 1480 5344 3013 3844 -4112
452 -6741 1477 5345 3011 3844 -4111
453 -6738 1478 5346 3013 3844 -4111
454 -6742 1478 5346 3012 3843 -4109
455 -6742 1478 5346 3012 3844 -4108
456 -6733 1477 5343 3013 3841 -4108
457 -6738 1477 5343 3012 3846 -4107
458 -6735 1478 5345 3015 3844 -4108
459 -6738 1478 5346 3015 3847 -4103
460 -6738 1476 5342 3013 3844 -4106
461 -6739 1475 5342 3012 3844 -4108
462 -6735 1480 5339 3014 3843 -4105
463 -6735 1474 5339 3012 3846 -4101
464 -6738 1478 5339 3010 3844 -4103
465 -6734 1477 5339 3013 3840 -4101
466 -6734 1475 5335 3011 3841 -4105
467 -6735 1473 5339 3007 3840 -4098
468 -6738 1474 5339 3010 3841 -4101
469 -6738 1473 5336 3010 3840 -4099
470 -6735 1473 5335 3010 3839 -4097
471 -6734 1476 5333 3012 3841 -4100
472 -6732 1479 5333 3008 3840 -4099
473 -6731 1475 5332 3009 3840 -4098
474 -6733 1473 5330 3006 3842 -4099
475 -6738 1473 5332 3009 3836 -4102
476 -6735 1473 5331 3011 3841 -4101
477 -6734 1476 5328 3009 3840 -4099
478 -6734 1473 5328 3008 3841 -4099
479 -6736 1474 5329 3011 3840 -4095
480 -6729 1475 5327 3009 3842 -4097
481 -6733 1475 5327 3011 3838 -4094
482 -6730 1473 5326 3011 3844 -4089
483 -6730 1474 5326 3011 3838 -4094
484 -6733 1475 5328 3008 3840 -4092
485 -6728 1470 5328 3008 3841 -4093
486 -6734 1471 5328 3010 3839 -4098
487 -6728 1473 5325 3009 3839 -4096
488 -6728 1472 5324 3006 3837 -4091
489 -6734 1473 5325 3004 3839 -4092
490 -6732 1471 5321 3010 3839 -4094
491 -6734 1472 5322 3009 3836 -4096
492 -6735 1472 5322 3010 3840 -4092
493 -6732 1472 5324 3012 3838 -4097
494 -6733 1472 5326 3010 3838 -4098
495 -6733 1471 5326 3013 3841 -4095
496 -6733 1473 5329 3012 3841 -4097
497 -6736 1474 5324 3012 3842 -4096
498 -6734 1471 5324 3010 3842 -4098
499 -6734 1476 5327 3013 3843 -4095
500 -6735 1474 5329 3012 3842 -4094
501 -6732 1474 5328 3011 3841 -4098
502 -6735 1472 5327 3015 3844 -4097
503 -6740 1473 5327 3010 3845 -4098
504 -6737 1471 5328 3015 3844 -4098
505 -6740 1472 5331 3014 3843 -4098
506 -6738 1473 5328 3016 3843 -4098
507 -6741 1472 5328 3012 3845 -4100
508 -6739 1470 5332 3011 3845 -4102
509 -6738 1473 5328 3014 3845 -4100
510 -6739 1471 5331 3015 3842 -4102
511 -6737 1476 5332 3015 3846 -4103
512 -6741 1477 5337 3016 3843 -4105
513 -6741 1473 5336 3014 3845 -4105
514 -6743 1472 5335 3018 3846 -4108
515 -6745 1473 5337 3015 3844 -4106
516 -6742 1475 5336 3014 3845 -4110
517 -6746 1471 5337 3014 3846 -4111
518 -6747 1474 5339 3015 3848 -4112
519 -6744 1475 5338 3017 3848 -4114
520 -6746 1474 5341 3018 3848 -4114
521 -6747 1473 5343 3021 3850 -4113
522 -6748 1476 5343 3017 3849 -4113
523 -6744 1476 5345 3020 3853 -4113
524 -6745 1476 5347 3019 3850 -4115
525 -6750 1476 5348 3017 3850 -4114
526 -6747 1478 5345 3017 3852 -4117
527 -6754 1475 5348 3020 3852 -4122
528 -6751 1475 5348 3023 3849 -4116
529 -6751 1475 5350 3021 3851 -4117
530 -6751 1476 5352 3018 3851 -4120
531 -6750 1475 5353 3021 3850 -4123
532 -6750 1472 5352 3020 3850 -4122
533 -6753 1476 5354 3021 3854 -4120
534 -6749 1478 5356 3018 3853 -4124
535 -6753 1475 5356 3022 3850 -4125
536 -6753 1472 5355 3023 3852 -4125
537 -6753 1477 5357 3017 3850 -4126
538 -6755 1477 5355 3017 3850 -4125
539 -6754 1475 5354 3019 3851 -4123
540 -6752 1477 5350 3021 3850 -4125
541 -6752 1475 5355 3020 3853 -4127
542 -6751 1472 5358 3019 3849 -4124
543 -6751 1476 5361 3018 3849 -4128
544 -6749 1478 5355 3018 3852 -4127
545 -6751 1476 5358 3018 3852 -4127
546 -6748 1477 5355 3020 3847 -4122
547 -6749 1478 5359 3021 3853 -4126
548 -6749 1477 5356 3018 3850 -4123
549 -6748 1476 5357 3020 3850 -4123
550 -6748 1475 5355 3020 3852 -4125
551 -6747 1474 5355 3018 3847 -4122
552 -6742 1473 5355 3016 3847 -4126
553 -6746 1473 5355 3016 3849 -4123
554 -6743 1475 5351 3013 3847 -4119
555 -6746 1476 5351 3018 3849 -4122
556 -6745 1474 5351 3012 3848 -4121
557 -6744 1473 5349 3018 3848 -4123
558 -6745 1473 5350 3014 3844 -4122
559 -6740 1477 5351 3016 3848 -4122
560 -6739 1472 5351 3013 3845 -4118
561 -6739 1473 5347 3012 3846 -4124
562 -6742 1472 5345 3012 3847 -4119
563 -6741 1476 5348 3012 3843 -4119
564 -6742 1471 5345 3013 3850 -4121
565 -6736 1473 5348 3017 3844 -4117
566 -6740 1473 5346 3012 3846 -4114
567 -6740 1472 5347 3011 3845 -4118
568 -6740 1470 5343 3013 3842 -4116
569 -6737 1467 5341 3012 3842 -4114
570 -6738 1470 5344 3010 3842 -4116
571 -6736 1469 5338 3009 3843 -4118
572 -6738 1469 5339 3009 3843 -4113
573 -6738 1468 5339 3011 3843 -4112
574 -6736 1474 5337 3008 3838 -4114
575 -6736 1469 5339 3010 3846 -4109
576 -6736 1469 5332 3010 3842 -4110
577 -6738 1470 5336 3010 3842 -4111
578 -6736 1467 5335 3012 3842 -4108
579 -6735 1469 5335 3008 3838 -4110
580 -6734 1470 5333 3009 3840 -4111
581 -6733 1466 5331 3008 3841 -4110
582 -6733 1469 5329 3009 3840 -4109
583 -6732 1468 5328 3009 3842 -4110
584 -6732 1468 5329 3008 3844 -4109
585 -6734 1466 5330 3005 3843 -4104
586 -6732 1466 5325 3011 3840 -4106
587 -6734 1468 5326 3010 3838 -4106
588 -6731 1468 5326 3010 3842 -4105
589 -6731 1470 5326 3006 3840 -4101
590 -6728 1462 5322 3009 3840 -4104
591 -6725 1467 5320 3006 3839 -4106
592 -6727 1466 5319 3006 3838 -4098
593 -6726 1465 5318 3008 3843 -4101
594 -6726 1465 5317 3007 3839 -4101
595 -6729 1464 5317 3005 3840 -4101
596 -6727 1461 5316 3006 3838 -4101
597 -6728 1460 5317 3009 3837 -4097
598 -6727 1463 5316 3005 3839 -4100
599 -6734 1463 5316 3004 3837 -4098
600 -6730 1461 5315 3006 3837 -4102
601 -6732 1459 5312 3007 3834 -4103
602 -6730 1461 5313 3005 3836 -4103
603 -6734 1456 5315 3007 3840 -4103
604 -6735 1461 5311 3008 3837 -4106
605 -6732 1459 5312 3007 3838 -4107
606 -6731 1461 5319 3007 3840 -4106
607 -6730 1458 5314 3009 3842 -4107
608 -6730 1461 5313 3009 3843 -4103
609 -6732 1457 5314 3010 3845 -4108
610 -6733 1464 5317 3010 3842 -4112
611 -6734 1462 5317 3009 3841 -4109
612 -6736 1457 5315 3011 3843 -4108
613 -6739 1458 5319 3011 3843 -4109
614 -6741 1458 5316 3011 3844 -4108
615 -6736 1461 5319 3012 3844 -4112
616 -6740 1458 5322 3010 3845 -4113
617 -6738 1462 5319 3011 3847 -4114
618 -6743 1457 5322 3013 3845 -4114
619 -6741 1459 5325 3013 3846 -4117
620 -6745 1459 5324 3014 3849 -4114
621 -6745 1461 5326 3012 3846 -4114
622 -6740 1461 5328 3014 3847 -4118
623 -6742 1459 5325 3013 3844 -4118
624 -6742 1459 5320 3015 3845 -4118
625 -6746 1458 5327 3013 3846 -4118
626 -6743 1461 5326 3013 3845 -4120
627 -6744 1457 5331 3014 3850 -4122
628 -6748 1460 5325 3017 3850 -4119
629 -6745 1458 5327 3018 3851 -4121
630 -6743 1460 5325 3013 3845 -4123
631 -6744 1459 5328 3012 3847 -4123
632 -6742 1457 5328 3016 3848 -4123
633 -6743 1459 5329 3016 3844 -4126
634 -6745 1460 5329 3017 3847 -4122
635 -6745 1454 5329 3014 3850 -4124
636 -6744 1457 5326 3010 3849 -4124
637 -6742 1459 5324 3015 3847 -4122
638 -6746 1457 5323 3013 3845 -4124
639 -6744 1454 5325 3011 3847 -4124
640 -6740 1456 5324 3014 3847 -4120
641 -6742 1458 5324 3009 3847 -4120
642 -6740 1454 5325 3015 3847 -4120
643 -6742 1455 5325 3011 3843 -4125
644 -6741 1455 5321 3010 3848 -4123
645 -6737 1455 5323 3010 3843 -4120
646 -6736 1456 5321 3012 3845 -4117
647 -6738 1459 5326 3011 3846 -4124
648 -6739 1453 5321 3016 3846 -4127
649 -6738 1455 5321 3010 3847 -4121
650 -6741 1457 5322 3014 3849 -4122
651 -6744 1458 5327 3014 3846 -4124
652 -6738 1457 5321 3012 3847 -4122
653 -6737 1454 5322 3006 3847 -4126
654 -6734 1455 5326 3010 3848 -4126
655 -6738 1454 5322 3014 3841 -4126
656 -6741 1452 5322 3011 3847 -4129
657 -6742 1453 5326 3013 3850 -4126
658 -6744 1456 5325 3014 3851 -4122
659 -6742 1455 5329 3014 3848 -4125
660 -6739 1456 5330 3017 3848 -4127
661 -6742 1456 5330 3014 3847 -4123
662 -6741 1454 5328 3013 3850 -4127
663 -6742 1454 5328 3011 3849 -4131
664 -6743 1454 5326 3015 3848 -4134
665 -6748 1451 5324 3018 3850 -4134
666 -6747 1459 5329 3015 3849 -4125
667 -6745 1457 5331 3012 3851 -4129
668 -6741 1452 5326 3013 3847 -4131
669 -6741 1451 5322 3013 3845 -4127
670 -6743 1455 5326 3015 3846 -4129
671 -6741 1459 5330 3017 3849 -4129
672 -6746 1453 5326 3012 3847 -4133
673 -6749 1454 5326 3015 3853 -4128
674 -6744 1455 5321 3015 3847 -4127
675 -6741 1454 5322 3011 3849 -4126
676 -6736 1453 5321 3013 3842 -4127
677 -6738 1451 5319 3008 3840 -4130
678 -6734 1448 5318 3008 3841 -4122
679 -6741 1456 5324 3015 3847 -4118
680 -6744 1455 5325 3013 3851 -4124
681 -6737 1448 5317 3007 3846 -4130
682 -6735 1450 5314 3007 3843 -4123
683 -6739 1456 5322 3011 3845 -4117
684 -6735 1449 5316 3008 3838 -4127
685 -6727 1445 5311 3006 3841 -4125
686 -6730 1453 5313 3008 3842 -4116
687 -6738 1448 5313 3009 3842 -4118
688 -6734 1453 5314 3008 3841 -4122
689 -6729 1446 5313 3010 3838 -4124
690 -6732 1448 5311 3007 3846 -4125
691 -6732 1448 5311 3005 3841 -4117
692 -6727 1455 5315 3006 3838 -4117
693 -6727 1452 5317 3010 3841 -4124
694 -6736 1446 5308 3007 3848 -4122
695 -6740 1457 5319 3009 3847 -4113
696 -6731 1454 5318 3006 3842 -4125
697 -6722 1449 5312 3008 3842 -4126
698 -6732 1445 5310 3009 3844 -4123
699 -6735 1459 5318 3008 3845 -4116
700 -6735 1450 5316 3010 3844 -4124
701 -6735 1450 5317 3011 3842 -4126
702 -6735 1452 5319 3012 3845 -4124
703 -6732 1452 5320 3010 3846 -4123
704 -6737 1452 5319 3011 3845 -4127
705 -6735 1453 5318 3010 3844 -4124
706 -6734 1453 5320 3009 3845 -4122
707 -6736 1451 5322 3008 3845 -4125
708 -6737 1454 5323 3010 3844 -4125
709 -6737 1453 5319 3010 3844 -4125
710 -6736 1453 5319 3008 3845 -4127
711 -6731 1454 5320 3009 3844 -4128
712 -6735 1452 5323 3010 3845 -4125
713 -6732 1459 5326 3007 3844 -4120
714 -6735 1455 5324 3011 3847 -4125
715 -6735 1457 5324 3013 3843 -4124
716 -6733 1454 5326 3011 3841 -4127
717 -6729 1455 5319 3008 3844 -4123
718 -6732 1452 5322 3010 3842 -4126
719 -6731 1454 5322 3009 3845 -4124
720 -6732 1453 5323 3009 3841 -4124
721 -6732 1455 5323 3010 3843 -4123
722 -6733 1453 5322 3010 3843 -4123
723 -6731 1455 5321 3011 3843 -4122
724 -6731 1453 5326 3007 3839 -4125
725 -6729 1454 5320 3010 3841 -4122
726 -6734 1453 5320 3011 3844 -4126
727 -6730 1454 5320 3007 3842 -4123
728 -6733 1453 5322 3007 3841 -4121
729 -6729 1455 5324 3010 3839 -4125
730 -6729 1455 5322 3008 3838 -4123
731 -6729 1450 5322 3008 3840 -4120
732 -6730 1456 5322 3009 3840 -4122
733 -6729 1458 5324 3008 3842 -4121
734 -6731 1454 5321 3004 3840 -4124
735 -6733 1455 5322 3010 3838 -4124
736 -6729 1460 5320 3006 3841 -4120
737 -6729 1454 5326 3008 3839 -4122
738 -6730 1454 5321 3009 3840 -4125
739 -6729 1458 5324 3008 3842 -4121
740 -6730 1457 5326 3006 3840 -4121
741 -6727 1455 5326 3006 3841 -4121
742 -6728 1458 5324 3008 3841 -4120
743 -6729 1460 5327 3011 3843 -4121
744 -6730 1459 5325 3006 3841 -4122
745 -6726 1457 5328 3007 3842 -4123
746 -6728 1457 5328 3006 3841 -4122
747 -6729 1457 5328 3008 3841 -4122
748 -6731 1457 5328 3010 3839 -4123
749 -6730 1458 5328 3008 3839 -4122
750 -6728 1459 5328 3008 3839 -4123
751 -6734 1458 5328 3005 3839 -4124
752 -6730 1457 5329 3007 3836 -4122
753 -6728 1456 5329 3006 3836 -4121
754 -6733 1460 5327 3005 3841 -4121
755 -6729 1459 5331 3009 3842 -4120
756 -6729 1462 5333 3012 3845 -4120
757 -6731 1465 5331 3010 3842 -4121
758 -6732 1460 5329 3008 3840 -4126
759 -6729 1462 5331 3007 3841 -4120
760 -6728 1460 5331 3004 3841 -4123
761 -6725 1459 5331 3007 3840 -4119
762 -6729 1465 5333 3010 3843 -4121
763 -6727 1463 5331 3009 3841 -4121
764 -6727 1463 5333 3010 3843 -4119
765 -6729 1464 5331 3008 3840 -4120
766 -6726 1461 5331 3010 3841 -4119
767 -6725 1463 5333 3009 3841 -4117
768 -6725 1461 5330 3011 3840 -4117
769 -6727 1462 5333 3010 3844 -4117
770 -6732 1462 5330 3008 3842 -4116
771 -6729 1464 5331 3010 3840 -4116
772 -6729 1460 5331 3009 3841 -4115
773 -6728 1462 5330 3011 3840 -4114
774 -6726 1464 5337 3008 3836 -4116
775 -6728 1461 5331 3010 3840 -4118
776 -6726 1465 5334 3010 3840 -4116
777 -6729 1466 5330 3010 3842 -4118
778 -6728 1470 5332 3008 3841 -4115
779 -6731 1460 5331 3008 3843 -4118
780 -6727 1466 5334 3009 3840 -4116
781 -6728 1466 5334 3010 3842 -4114
782 -6728 1465 5335 3009 3840 -4117
783 -6725 1467 5334 3008 3845 -4117
784 -6729 1467 5336 3009 3845 -4117
785 -6729 1465 5332 3009 3841 -4114
786 -6728 1465 5336 3010 3842 -4113
787 -6732 1466 5332 3005 3839 -4114
788 -6731 1465 5336 3007 3839 -4114
789 -6727 1467 5335 3008 3841 -4117
790 -6728 1465 5335 3008 3838 -4113
791 -6730 1467 5337 3007 3842 -4117
792 -6728 1469 5333 3010 3840 -4115
793 -6726 1469 5335 3010 3841 -4113
794 -6727 1467 5337 3008 3839 -4114
795 -6724 1468 5331 3008 3837 -4107
796 -6725 1466 5333 3009 3840 -4111
797 -6724 1468 5334 3009 3839 -4109
798 -6721 1465 5331 3009 3839 -4110
799 -6722 1469 5333 3011 3839 -4110
800 -6725 1473 5334 3011 3840 -4108
801 -6723 1471 5339 3007 3840 -4111
802 -6725 1471 5334 3007 3838 -4109
803 -6724 1468 5331 3002 3837 -4106
804 -6718 1470 5335 3003 3836 -4108
805 -6719 1470 5335 3008 3837 -4108
806 -6718 1471 5333 3006 3842 -4106
807 -6721 1467 5333 3006 3835 -4102
808 -6720 1472 5333 3009 3840 -4101
809 -6720 1470 5333 3006 3840 -4103
810 -6719 1470 5329 3004 3834 -4105
811 -6718 1473 5332 3002 3834 -4105
812 -6718 1472 5329 3005 3836 -4102
813 -6717 1472 5333 3006 3834 -4105
814 -6722 1469 5329 3008 3837 -4102
815 -6721 1469 5335 3005 3836 -4104
816 -6721 1467 5332 3005 3837 -4103
817 -6720 1473 5334 3005 3834 -4101
818 -6719 1471 5334 3002 3834 -4103
819 -6715 1472 5331 3005 3833 -4101
820 -6717 1474 5334 3005 3835 -4101
821 -6721 1471 5335 3009 3836 -4102
822 -6718 1472 5337 3006 3835 -4105
823 -6720 1476 5333 3005 3837 -4102
824 -6718 1476 5340 3009 3836 -4104
825 -6716 1471 5333 3006 3834 -4101
826 -6720 1476 5334 3008 3837 -4104
827 -6721 1474 5337 3005 3837 -4105
828 -6720 1474 5339 3007 3836 -4105
829 -6722 1471 5340 3006 3838 -4104
830 -6722 1475 5338 3005 3838 -4105
831 -6719 1476 5340 3010 3840 -4102
832 -6721 1475 5342 3007 3840 -4102
833 -6721 1475 5342 3011 3838 -4102
834 -6720 1480 5340 3008 3839 -4102
835 -6721 1478 5343 3010 3840 -4104
836 -6720 1474 5339 3008 3836 -4107
837 -6725 1474 5343 3012 3838 -4099
838 -6727 1473 5341 3006 3840 -4104
839 -6725 1481 5344 3004 3839 -4106
840 -6726 1475 5342 3005 3837 -4106
841 -6723 1478 5339 3007 3836 -4105
842 -6724 1476 5344 3006 3842 -4108
843 -6723 1476 5343 3013 3835 -4107
844 -6723 1471 5341 3010 3843 -4104
845 -6723 1479 5341 3011 3837 -4107
846 -6726 1478 5342 3007 3838 -4103
847 -6721 1475 5342 3007 3838 -4105
848 -6723 1476 5340 3009 3839 -4105
849 -6721 1479 5343 3008 3838 -4103
850 -6726 1479 5342 3011 3838 -4104
851 -6726 1473 5342 3009 3839 -4105
852 -6727 1478 5341 3008 3841 -4103
853 -6725 1474 5341 3010 3841 -4104
854 -6724 1479 5341 3012 3837 -4099
855 -6726 1479 5342 3010 3840 -4103
856 -6724 1478 5340 3008 3838 -4103
857 -6725 1479 5341 3009 3838 -4104
858 -6724 1479 5343 3010 3837 -4104
859 -6722 1481 5345 3007 3841 -4104
860 -6726 1476 5342 3010 3840 -4105
861 -6721 1478 5346 3012 3839 -4105
862 -6726 1479 5344 3009 3836 -4102
863 -6729 1479 5343 3008 3839 -4105
864 -6724 1476 5346 3010 3837 -4104
865 -6726 1480 5340 3010 3842 -4103
866 -6728 1481 5346 3010 3839 -4104
867 -6727 1477 5345 3011 3839 -4106
868 -6725 1481 5346 3009 3842 -4105
869 -6723 1481 5349 3012 3838 -4106
870 -6725 1480 5347 3012 3839 -4101
871 -6729 1482 5347 3010 3840 -4104
872 -6725 1480 5345 3009 3840 -4106
873 -6727 1482 5345 3010 3841 -4102
874 -6725 1481 5348 3012 3841 -4101
875 -6724 1482 5348 3008 3839 -4104
876 -6726 1480 5345 3012 3841 -4103
877 -6725 1481 5345 3012 3840 -4101
878 -6725 1481 5349 3010 3842 -4106
879 -6724 1483 5349 3015 3841 -4101
880 -6723 1483 5349 3013 3838 -4102
881 -6724 1481 5345 3015 3838 -4100
882 -6724 1481 5346 3005 3837 -4101
883 -6723 1479 5346 3009 3835 -4099
884 -6723 1482 5344 3007 3839 -4100
885 -6723 1480 5346 3006 3836 -4102
886 -6721 1482 5346 3007 3838 -4102
887 -6722 1480 5344 3011 3837 -4104
888 -6721 1483 5342 3007 3838 -4100
889 -6722 1484 5342 3005 3838 -4102
890 -6721 1481 5344 3009 3839 -4098
891 -6719 1480 5342 3007 3838 -4098
892 -6717 1482 5348 3005 3836 -4099
893 -6721 1479 5344 3004 3833 -4100
894 -6719 1482 5345 3006 3835 -4098
895 -6715 1482 5343 3003 3836 -4101
896 -6717 1479 5344 3007 3834 -4097
897 -6721 1483 5345 3005 3833 -4099
898 -6717 1481 5343 3007 3833 -4094
899 -6716 1482 5345 3007 3832 -4099
900 -6714 1481 5342 3006 3837 -4098
901 -6718 1481 5345 3007 3834 -4095
902 -6715 1484 5347 3009 3833 -4094
903 -6716 1482 5346 3007 3837 -4096
904 -6716 1485 5344 3007 3835 -4095
905 -6714 1482 5347 3007 3837 -4098
906 -6714 1483 5341 3007 3834 -4099
907 -6713 1481 5344 3006 3838 -4096
908 -6713 1485 5349 3005 3837 -4097
909 -6713 1482 5343 3004 3841 -4100
910 -6714 1484 5345 3006 3838 -4096
911 -6718 1483 5348 3005 3840 -4100
912 -6715 1482 5348 3006 3835 -4099
913 -6715 1484 5350 3005 3833 -4102
914 -6713 1483 5349 3008 3835 -4097
915 -6711 1483 5348 3006 3835 -4100
916 -6717 1484 5347 3003 3834 -4100
917 -6715 1482 5349 3011 3835 -4099
918 -6715 1484 5346 3006 3834 -4099
919 -6716 1482 5347 3008 3834 -4100
920 -6712 1485 5350 3008 3836 -4097
921 -6714 1490 5349 3009 3833 -4096
922 -6711 1485 5347 3005 3834 -4098
923 -6717 1481 5347 3005 3833 -4097
924 -6713 1487 5346 3008 3836 -4095
925 -6714 1482 5350 3007 3834 -4100
926 -6714 1481 5345 3005 3833 -4100
927 -6711 1484 5345 3006 3834 -4103
928 -6712 1486 5349 3006 3830 -4094
929 -6712 1484 5348 3005 3832 -4100
930 -6713 1480 5345 3001 3832 -4099
931 -6712 1483 5342 3009 3834 -4098
932 -6711 1486 5348 3006 3834 -4098
933 -6709 1486 5348 3005 3834 -4095
934 -6710 1484 5349 3006 3833 -4100
935 -6706 1482 5345 3007 3831 -4095
936 -6710 1483 5346 3003 3831 -4096
937 -6709 1485 5348 3005 3834 -4093
938 -6709 1481 5349 3005 3835 -4098
939 -6707 1482 5344 3007 3834 -4092
940 -6711 1486 5348 3003 3832 -4093
941 -6705 1484 5350 3007 3834 -4096
942 -6709 1483 5349 3005 3827 -4098
943 -6708 1483 5348 3004 3828 -4093
944 -6708 1487 5348 3004 3830 -4095
945 -6704 1487 5349 3004 3833 -4094
946 -6711 1483 5347 3002 3831 -4096
947 -6706 1485 5345 3005 3833 -4098
948 -6707 1481 5348 3004 3830 -4092
949 -6708 1489 5348 3003 3829 -4098
950 -6706 1483 5345 3002 3833 -4098
951 -6709 1485 5347 3001 3831 -4100
952 -6707 1483 5349 3003 3837 -4095
953 -6709 1487 5348 3006 3828 -4098
954 -6707 1486 5348 3003 3830 -4099
955 -6704 1479 5346 3004 3832 -4096
956 -6702 1488 5351 3003 3830 -4096
957 -6705 1486 5351 2999 3828 -4095
958 -6699 1483 5347 3002 3830 -4098
959 -6701 1482 5345 3000 3827 -4094
960 -6707 1484 5346 2999 3827 -4094
961 -6704 1489 5349 3004 3831 -4097
962 -6704 1485 5346 3001 3829 -4097
963 -6707 1483 5343 3002 3829 -4095
964 -6701 1487 5348 3003 3827 -4094
965 -6701 1486 5350 3002 3829 -4093
966 -6703 1485 5348 3000 3828 -4093
967 -6701 1481 5348 3001 3827 -4094
968 -6701 1485 5348 2997 3824 -4092
969 -6699 1485 5350 3000 3821 -4093
970 -6703 1482 5346 3000 3825 -4095
971 -6699 1485 5345 2998 3823 -4092
972 -6697 1485 5347 2998 3824 -4096
973 -6695 1488 5349 2997 3823 -4093
974 -6699 1485 5346 2999 3822 -4093
975 -6700 1483 5344 2998 3825 -4092
976 -6694 1484 5343 2995 3824 -4091
977 -6697 1486 5346 3000 3825 -4090
978 -6698 1486 5350 3000 3827 -4092
979 -6693 1488 5346 3001 3826 -4090
980 -6690 1486 5347 3002 3823 -4092
981 -6694 1488 5350 2999 3826 -4093
982 -6695 1487 5350 2998 3825 -4088
983 -6694 1484 5346 2999 3823 -4093
984 -6694 1486 5348 2998 3825 -4092
985 -6697 1490 5349 3000 3824 -4088
986 -6697 1482 5351 2996 3823 -4092
987 -6692 1486 5345 3001 3822 -4090
988 -6696 1486 5347 2996 3822 -4093
989 -6697 1490 5348 2997 3822 -4090
990 -6694 1488 5349 2999 3823 -4095
991 -6696 1485 5348 2999 3821 -4093
992 -6698 1489 5351 2996 3827 -4093
993 -6698 1487 5352 2999 3825 -4095
994 -6694 1486 5352 2999 3823 -4092
995 -6695 1491 5355 2996 3821 -4097
996 -6696 1489 5354 2999 3826 -4096
997 -6696 1489 5353 2998 3824 -4093
998 -6697 1492 5355 2996 3828 -4092
999 -6693 1489 5356 2999 3824 -4093
