0 -1219 451 -598 156 1144 1105
1 -1222 454 -599 155 1144 1109
2 -1222 451 -599 157 1141 1106
3 -1224 449 -603 153 1146 1112
4 -1222 452 -599 153 1142 1109
5 -1223 452 -599 156 1143 1107
6 -1222 451 -599 155 1147 1106
7 -1223 451 -596 153 1142 1110
8 -1220 452 -597 153 1145 1108
9 -1221 451 -598 154 1142 1111
10 -1223 452 -598 155 1142 1110
11 -1222 453 -599 154 1142 1107
12 -1222 451 -602 156 1148 1107
13 -1221 452 -599 154 1145 1108
14 -1223 451 -599 153 1144 1107
15 -1221 452 -600 154 1144 1107
16 -1222 452 -597 154 1143 1109
17 -1221 452 -595 150 1142 1109
18 -1223 450 -599 154 1144 1106
19 -1222 450 -600 156 1145 1108
20 -1219 452 -596 157 1147 1109
21 -1221 449 -602 151 1145 1109
22 -1222 451 -598 153 1144 1110
23 -1218 451 -598 155 1144 1111
24 -1224 451 -598 156 1141 1107
25 -1220 451 -598 154 1145 1110
26 -1219 450 -601 157 1145 1112
27 -1219 454 -596 152 1146 1109
28 -1225 454 -599 153 1147 1108
29 -1223 451 -599 156 1144 1109
30 -1223 451 -599 154 1146 1106
31 -1223 453 -599 152 1148 1111
32 -1221 451 -599 154 1146 1110
33 -1223 451 -596 156 1146 1110
34 -1223 447 -597 153 1147 1109
35 -1221 452 -598 153 1144 1108
36 -1219 451 -598 155 1143 1111
37 -1221 450 -596 153 1146 1109
38 -1223 447 -599 151 1143 1109
39 -1219 450 -599 156 1146 1108
40 -1220 450 -599 154 1147 1107
41 -1221 455 -601 155 1145 1109
42 -1219 453 -596 156 1142 1106
43 -1223 450 -599 153 1145 1109
44 -1221 451 -601 157 1145 1110
45 -1221 452 -597 155 1143 1112
46 -1220 454 -596 157 1143 1108
47 -1221 455 -598 153 1147 1107
48 -1222 451 -599 155 1144 1111
49 -1219 451 -598 154 1140 1109
50 -1223 450 -602 153 1143 1109
51 -1220 456 -596 154 1144 1108
52 -1226 449 -599 153 1147 1107
53 -1223 453 -601 153 1145 1110
54 -1221 452 -600 154 1142 1111
55 -1225 451 -601 153 1144 1109
56 -1220 451 -599 153 1143 1108
57 -1220 451 -600 151 1144 1108
58 -1222 456 -599 156 1147 1110
59 -1222 452 -597 153 1148 1111
60 -1221 454 -596 157 1146 1106
61 -1223 449 -600 157 1147 1106
62 -1221 452 -599 154 1147 1109
63 -1222 450 -595 157 1143 1110
64 -1221 454 -594 154 1143 1108
65 -1221 449 -599 157 1146 1105
66 -1219 448 -599 155 1146 1108
67 -1219 452 -599 155 1144 1107
68 -1219 452 -598 157 1143 1108
69 -1217 449 -599 152 1144 1108
70 -1223 451 -599 153 1144 1109
71 -1220 450 -602 154 1146 1111
72 -1223 451 -597 153 1146 1107
73 -1222 449 -597 156 1144 1106
74 -1222 451 -597 155 1147 1109
75 -1223 450 -596 155 1146 1108
76 -1220 449 -596 154 1142 1107
77 -1225 452 -598 153 1147 1107
78 -1222 452 -598 156 1146 1113
79 -1223 451 -597 153 1149 1108
80 -1223 450 -600 156 1146 1111
81 -1222 450 -599 156 1148 1109
82 -1224 453 -598 152 1142 1107
83 -1222 454 -601 157 1145 1107
84 -1220 455 -598 156 1144 1107
85 -1219 455 -600 155 1142 1109
86 -1220 451 -598 157 1145 1107
87 -1222 453 -600 156 1145 1108
88 -1219 454 -599 151 1144 1108
89 -1221 453 -599 157 1145 1110
90 -1217 451 -601 157 1146 1108
91 -1218 454 -595 154 1142 1110
92 -1219 453 -598 158 1142 1107
93 -1219 449 -599 154 1144 1110
94 -1217 452 -595 156 1142 1108
95 -1223 450 -601 155 1144 1110
96 -1227 453 -599 153 1143 1110
97 -1222 452 -600 155 1144 1108
98 -1220 448 -599 155 1143 1112
99 -1220 453 -596 154 1144 1108
100 -1223 453 -600 155 1143 1108
101 -1224 451 -599 152 1146 1109
102 -1223 451 -599 154 1144 1110
103 -1220 450 -601 153 1148 1112
104 -1219 453 -600 152 1145 1109
105 -1219 454 -600 157 1141 1108
106 -1223 453 -597 156 1142 1111
107 -1219 453 -594 155 1148 1109
108 -1220 451 -597 158 1146 1109
109 -1220 452 -598 153 1146 1108
110 -1221 451 -603 155 1146 1110
111 -1221 451 -600 156 1142 1109
112 -1222 455 -601 155 1144 1110
113 -1222 450 -599 154 1149 1110
114 -1219 450 -597 153 1144 1112
115 -1221 451 -596 155 1144 1108
116 -1221 451 -598 153 1148 1108
117 -1219 450 -599 155 1141 1112
118 -1224 449 -597 155 1143 1110
119 -1223 452 -600 157 1148 1111
120 -1224 452 -598 154 1146 1108
121 -1223 455 -599 154 1146 1111
122 -1222 451 -600 154 1146 1109
123 -1223 448 -599 154 1146 1111
124 -1219 448 -601 156 1148 1111
125 -1216 454 -600 154 1145 1108
126 -1224 448 -599 150 1143 1105
127 -1220 452 -598 154 1143 1105
128 -1221 453 -593 158 1146 1110
129 -1217 452 -600 153 1145 1111
130 -1219 452 -597 155 1149 1110
131 -1219 452 -601 155 1146 1108
132 -1223 453 -598 153 1146 1110
133 -1222 453 -599 156 1147 1107
134 -1220 451 -597 159 1146 1110
135 -1222 451 -598 155 1142 1108
136 -1221 450 -600 155 1143 1107
137 -1223 451 -599 153 1142 1111
138 -1222 453 -598 156 1143 1109
139 -1223 449 -598 152 1143 1110
140 -1219 453 -599 153 1145 1111
141 -1220 450 -600 156 1139 1106
142 -1222 453 -602 154 1143 1110
143 -1223 452 -599 154 1142 1111
144 -1223 451 -597 154 1143 1106
145 -1222 451 -601 155 1146 1106
146 -1222 450 -600 153 1146 1106
147 -1225 451 -600 153 1146 1108
148 -1221 449 -599 157 1143 1106
149 -1223 449 -596 156 1146 1109
150 -1221 451 -600 155 1148 1107
151 -1222 453 -599 152 1146 1105
152 -1222 450 -600 153 1145 1106
153 -1224 453 -599 159 1143 1110
154 -1222 451 -596 154 1144 1108
155 -1221 452 -595 157 1146 1109
156 -1221 451 -598 158 1143 1108
157 -1222 455 -600 153 1146 1111
158 -1221 449 -599 153 1146 1108
159 -1220 451 -601 152 1145 1107
160 -1224 448 -599 155 1147 1108
161 -1223 451 -597 154 1144 1110
162 -1224 451 -599 155 1145 1112
163 -1222 450 -598 153 1142 1108
164 -1223 451 -599 156 1148 1108
165 -1222 450 -599 154 1145 1109
166 -1222 446 -602 152 1146 1108
167 -1220 451 -597 156 1144 1107
168 -1221 449 -598 153 1145 1109
169 -1222 453 -598 154 1147 1109
170 -1224 452 -598 155 1145 1108
171 -1215 452 -602 152 1142 1111
172 -1217 450 -597 157 1146 1109
173 -1223 452 -597 154 1145 1111
174 -1219 453 -596 159 1144 1110
175 -1223 448 -600 157 1145 1113
176 -1219 451 -595 154 1144 1110
177 -1218 451 -602 157 1142 1110
178 -1221 450 -599 156 1143 1109
179 -1221 451 -600 155 1143 1107
180 -1221 452 -601 153 1144 1111
181 -1220 451 -599 153 1146 1110
182 -1220 454 -598 157 1142 1110
183 -1222 451 -598 152 1140 1107
184 -1223 451 -602 151 1144 1107
185 -1221 451 -604 150 1144 1104
186 -1225 449 -601 152 1144 1111
187 -1222 454 -598 156 1144 1112
188 -1220 452 -599 153 1144 1108
189 -1221 453 -597 156 1145 1107
190 -1223 452 -597 152 1147 1107
191 -1220 449 -599 156 1147 1112
192 -1222 449 -600 155 1147 1108
193 -1222 453 -597 156 1147 1112
194 -1219 451 -598 151 1147 1108
195 -1222 451 -599 156 1145 1108
196 -1222 454 -599 151 1145 1109
197 -1220 453 -598 154 1144 1106
198 -1217 452 -601 156 1148 1109
199 -1219 453 -597 154 1146 1107
200 -1219 450 -597 159 1146 1110
201 -1218 452 -598 156 1145 1114
202 -1220 454 -598 154 1148 1108
203 -1220 452 -596 156 1146 1107
204 -1222 450 -599 153 1146 1111
205 -1221 453 -594 153 1144 1110
206 -1225 452 -597 153 1145 1109
207 -1222 450 -602 154 1150 1109
208 -1221 453 -598 153 1146 1111
209 -1217 451 -597 154 1147 1108
210 -1223 450 -595 152 1146 1106
211 -1219 451 -596 155 1147 1110
212 -1217 451 -602 152 1146 1109
213 -1221 452 -599 152 1142 1109
214 -1222 452 -596 153 1148 1108
215 -1219 452 -597 157 1145 1109
216 -1218 455 -602 152 1145 1111
217 -1221 452 -597 155 1145 1110
218 -1221 453 -599 155 1141 1110
219 -1222 452 -599 158 1144 1109
220 -1217 451 -598 153 1147 1109
221 -1220 454 -602 157 1142 1110
222 -1220 454 -600 157 1141 1110
223 -1221 453 -601 153 1146 1113
224 -1221 456 -599 156 1141 1109
225 -1218 452 -598 159 1147 1111
226 -1218 455 -596 156 1142 1109
227 -1222 454 -600 159 1144 1112
228 -1218 452 -598 154 1144 1108
229 -1221 455 -599 159 1146 1107
230 -1221 453 -598 152 1144 1110
231 -1221 452 -599 155 1144 1109
232 -1223 451 -598 155 1143 1110
233 -1221 453 -598 153 1148 1110
234 -1218 452 -597 156 1146 1111
235 -1218 451 -600 151 1147 1111
236 -1221 453 -597 158 1146 1108
237 -1221 451 -597 154 1147 1108
238 -1220 452 -596 155 1146 1107
239 -1218 450 -598 155 1146 1110
240 -1216 454 -599 157 1150 1110
241 -1224 451 -596 156 1147 1108
242 -1221 452 -597 155 1145 1108
243 -1223 448 -598 155 1147 1110
244 -1220 451 -598 155 1147 1111
245 -1223 451 -597 155 1142 1108
246 -1217 452 -596 157 1144 1107
247 -1220 451 -598 154 1147 1111
248 -1223 451 -598 158 1146 1110
249 -1221 453 -599 156 1146 1111
250 -1221 455 -596 152 1147 1112
251 -1220 451 -596 152 1145 1107
252 -1218 452 -600 156 1147 1111
253 -1223 451 -597 155 1148 1108
254 -1220 452 -597 156 1145 1108
255 -1219 447 -602 153 1145 1108
256 -1220 452 -599 160 1149 1106
257 -1217 453 -596 156 1146 1114
258 -1219 452 -596 153 1140 1108
259 -1220 455 -599 156 1147 1110
260 -1221 451 -598 154 1145 1109
261 -1217 450 -598 154 1144 1112
262 -1220 451 -599 159 1144 1111
263 -1221 449 -599 156 1144 1114
264 -1220 450 -599 154 1143 1110
265 -1219 454 -597 151 1141 1110
266 -1223 455 -598 154 1145 1108
267 -1222 451 -600 154 1148 1111
268 -1222 452 -599 161 1142 1106
269 -1216 452 -597 156 1145 1113
270 -1219 452 -598 154 1145 1110
271 -1223 450 -598 157 1146 1109
272 -1221 453 -601 153 1144 1109
273 -1220 452 -598 154 1145 1106
274 -1220 450 -596 154 1144 1112
275 -1219 453 -601 156 1143 1109
276 -1223 450 -599 151 1146 1105
277 -1221 450 -601 152 1143 1108
278 -1220 451 -596 155 1148 1107
279 -1223 450 -599 152 1146 1108
280 -1221 453 -597 157 1148 1112
281 -1223 452 -598 152 1147 1107
282 -1220 452 -599 155 1145 1111
283 -1221 451 -598 153 1145 1110
284 -1224 451 -601 156 1149 1111
285 -1219 453 -598 157 1145 1110
286 -1222 451 -599 152 1147 1110
287 -1220 453 -600 155 1142 1111
288 -1223 450 -600 153 1143 1108
289 -1222 451 -600 158 1143 1109
290 -1221 447 -600 155 1145 1113
291 -1222 450 -597 154 1145 1107
292 -1221 450 -599 152 1143 1111
293 -1223 453 -599 154 1144 1112
294 -1224 449 -596 153 1143 1107
295 -1220 448 -599 152 1147 1107
296 -1220 450 -597 153 1147 1109
297 -1223 452 -598 152 1145 1109
298 -1219 452 -600 155 1141 1109
299 -1221 451 -601 153 1143 1107
300 -1222 455 -599 155 1145 1107
301 -1220 453 -599 156 1144 1106
302 -1221 449 -600 152 1144 1106
303 -1222 449 -601 155 1142 1107
304 -1218 454 -599 156 1144 1107
305 -1222 453 -599 154 1144 1109
306 -1220 450 -600 157 1143 1110
307 -1222 451 -595 153 1146 1113
308 -1222 451 -599 154 1143 1109
309 -1216 452 -602 155 1142 1109
310 -1218 454 -598 158 1146 1112
311 -1219 453 -599 152 1143 1114
312 -1220 453 -598 157 1144 1107
313 -1220 451 -600 157 1143 1109
314 -1221 452 -598 157 1142 1108
315 -1221 455 -599 154 1142 1111
316 -1224 450 -600 152 1142 1112
317 -1221 450 -599 152 1144 1108
318 -1223 451 -598 155 1141 1108
319 -1222 449 -598 153 1142 1108
320 -1223 452 -599 152 1142 1107
321 -1219 451 -599 155 1144 1107
322 -1221 453 -597 154 1144 1109
323 -1222 451 -601 153 1151 1108
324 -1219 450 -595 153 1146 1107
325 -1221 452 -601 156 1149 1111
326 -1221 451 -598 154 1146 1110
327 -1221 452 -598 153 1144 1104
328 -1221 452 -597 151 1143 1106
329 -1221 451 -597 154 1144 1106
330 -1223 452 -597 155 1145 1110
331 -1219 452 -600 156 1148 1110
332 -1222 452 -598 152 1141 1106
333 -1219 449 -599 157 1145 1107
334 -1220 453 -598 154 1147 1111
335 -1220 449 -600 156 1143 1112
336 -1219 455 -596 157 1147 1112
337 -1219 453 -596 153 1145 1112
338 -1223 454 -599 157 1144 1109
339 -1221 450 -599 155 1148 1109
340 -1220 452 -599 155 1147 1108
341 -1224 449 -602 156 1144 1107
342 -1220 449 -600 155 1143 1107
343 -1221 451 -596 153 1147 1109
344 -1219 456 -599 154 1145 1107
345 -1220 451 -600 155 1149 1109
346 -1219 452 -597 158 1147 1108
347 -1220 451 -599 156 1147 1109
348 -1223 454 -597 157 1145 1110
349 -1217 450 -595 155 1146 1109
350 -1221 454 -599 157 1147 1111
351 -1219 456 -596 156 1146 1110
352 -1221 455 -597 155 1148 1110
353 -1215 456 -603 157 1143 1109
354 -1217 454 -596 155 1141 1111
355 -1219 453 -597 154 1145 1111
356 -1221 452 -600 159 1144 1111
357 -1221 454 -597 156 1146 1109
358 -1219 456 -600 156 1140 1108
359 -1219 451 -597 156 1143 1109
360 -1221 453 -599 153 1146 1109
361 -1221 450 -600 154 1146 1108
362 -1223 451 -599 157 1145 1108
363 -1222 452 -598 153 1145 1104
364 -1220 449 -598 153 1144 1108
365 -1222 453 -599 153 1149 1103
366 -1223 451 -598 154 1146 1108
367 -1223 452 -599 154 1145 1111
368 -1217 452 -596 155 1147 1107
369 -1220 450 -598 152 1144 1108
370 -1220 451 -599 155 1146 1108
371 -1222 449 -597 157 1144 1110
372 -1220 452 -597 153 1142 1111
373 -1221 450 -602 159 1147 1110
374 -1220 451 -595 155 1145 1108
375 -1222 450 -598 155 1144 1111
376 -1218 449 -596 157 1144 1108
377 -1220 450 -597 153 1144 1109
378 -1221 455 -600 153 1147 1108
379 -1222 452 -598 156 1146 1105
380 -1221 450 -597 153 1143 1108
381 -1222 453 -597 153 1142 1107
382 -1222 448 -599 151 1144 1108
383 -1223 451 -599 153 1144 1105
384 -1223 449 -596 152 1145 1108
385 -1225 449 -600 156 1147 1106
386 -1220 452 -597 154 1142 1109
387 -1224 453 -598 154 1148 1107
388 -1225 452 -599 151 1143 1103
389 -1223 450 -603 157 1144 1110
390 -1220 455 -600 157 1146 1107
391 -1221 452 -598 153 1144 1110
392 -1224 448 -598 156 1143 1109
393 -1223 453 -599 154 1144 1109
394 -1223 453 -598 155 1141 1111
395 -1220 451 -600 153 1144 1110
396 -1221 451 -599 158 1140 1107
397 -1221 451 -598 159 1144 1111
398 -1219 454 -598 155 1143 1112
399 -1221 452 -602 156 1142 1109
400 -1221 452 -599 157 1143 1107
401 -1221 454 -599 156 1144 1108
402 -1220 449 -597 154 1140 1108
403 -1226 450 -603 153 1144 1108
404 -1220 453 -600 156 1145 1107
405 -1217 451 -602 153 1142 1108
406 -1218 452 -603 154 1145 1110
407 -1221 450 -600 153 1145 1108
408 -1222 450 -599 152 1147 1106
409 -1221 453 -599 152 1145 1108
410 -1225 450 -600 154 1146 1107
411 -1219 450 -600 154 1144 1108
412 -1222 450 -602 154 1145 1107
413 -1221 456 -597 155 1146 1108
414 -1226 452 -599 152 1144 1109
415 -1220 453 -599 151 1144 1111
416 -1222 449 -601 154 1141 1111
417 -1224 448 -601 151 1143 1107
418 -1222 449 -598 154 1147 1107
419 -1225 447 -602 154 1144 1106
420 -1219 449 -601 154 1147 1112
421 -1222 451 -601 156 1147 1112
422 -1221 452 -597 155 1148 1108
423 -1221 451 -597 154 1145 1112
424 -1224 452 -598 155 1144 1110
425 -1220 453 -595 153 1142 1110
426 -1221 454 -599 155 1146 1110
427 -1223 453 -597 157 1144 1109
428 -1221 452 -600 153 1146 1106
429 -1221 456 -599 155 1144 1110
430 -1220 453 -596 156 1144 1107
431 -1218 452 -598 159 1145 1110
432 -1222 451 -600 153 1145 1111
433 -1220 453 -597 157 1145 1112
434 -1222 453 -597 157 1145 1108
435 -1222 453 -600 156 1145 1109
436 -1223 453 -600 155 1146 1114
437 -1217 454 -603 155 1144 1108
438 -1220 453 -600 155 1144 1109
439 -1223 452 -600 159 1141 1112
440 -1220 453 -599 155 1143 1110
441 -1220 452 -599 154 1143 1110
442 -1222 451 -600 152 1144 1112
443 -1221 452 -599 154 1140 1110
444 -1220 451 -599 157 1146 1111
445 -1220 452 -600 156 1145 1110
446 -1224 452 -599 158 1146 1109
447 -1221 453 -597 153 1143 1106
448 -1217 452 -599 155 1145 1108
449 -1221 450 -599 154 1148 1111
450 -1219 453 -599 154 1147 1104
451 -1220 453 -597 157 1149 1107
452 -1220 451 -599 153 1146 1107
453 -1224 450 -597 156 1147 1110
454 -1224 453 -601 154 1147 1110
455 -1222 452 -596 154 1146 1111
456 -1218 449 -598 155 1148 1111
457 -1219 450 -598 155 1148 1110
458 -1220 454 -598 157 1144 1110
459 -1219 452 -598 155 1144 1109
460 -1217 449 -598 157 1149 1107
461 -1223 449 -598 156 1143 1110
462 -1220 456 -600 155 1144 1107
463 -1221 451 -599 154 1145 1110
464 -1222 449 -598 154 1146 1109
465 -1220 450 -597 156 1145 1106
466 -1222 450 -600 152 1145 1108
467 -1224 452 -598 155 1144 1110
468 -1221 449 -599 155 1145 1109
469 -1224 451 -595 157 1145 1110
470 -1225 449 -599 155 1148 1110
471 -1224 452 -598 156 1145 1108
472 -1222 451 -602 153 1143 1106
473 -1216 450 -596 154 1148 1111
474 -1223 454 -599 156 1146 1108
475 -1220 453 -597 157 1145 1113
476 -1218 454 -598 154 1146 1108
477 -1219 449 -599 154 1144 1107
478 -1221 451 -599 154 1143 1108
479 -1223 453 -598 154 1142 1106
480 -1220 451 -598 157 1147 1110
481 -1222 454 -600 154 1144 1110
482 -1222 451 -599 157 1144 1106
483 -1218 452 -600 153 1146 1109
484 -1222 452 -599 154 1145 1108
485 -1221 449 -596 153 1140 1113
486 -1219 452 -600 155 1142 1111
487 -1223 450 -604 156 1141 1108
488 -1222 451 -602 151 1141 1112
489 -1224 448 -601 154 1142 1107
490 -1220 453 -597 155 1145 1109
491 -1222 455 -596 153 1144 1109
492 -1219 452 -598 155 1147 1110
493 -1226 450 -597 155 1145 1106
494 -1220 453 -598 155 1145 1110
495 -1218 450 -599 157 1147 1109
496 -1220 453 -600 156 1150 1109
497 -1218 452 -598 156 1145 1107
498 -1219 452 -597 155 1145 1110
499 -1218 453 -598 154 1146 1112
500 -1219 453 -596 151 1148 1113
501 -1223 450 -598 154 1145 1110
502 -1220 451 -599 153 1145 1114
503 -1223 448 -597 154 1146 1110
504 -1223 449 -602 157 1143 1109
505 -1222 448 -598 156 1145 1107
506 -1222 450 -597 154 1143 1109
507 -1222 447 -597 156 1144 1109
508 -1222 449 -598 156 1145 1111
509 -1222 449 -597 155 1146 1108
510 -1219 454 -599 155 1144 1111
511 -1220 450 -600 154 1145 1109
512 -1220 452 -595 156 1143 1114
513 -1220 452 -594 154 1146 1111
514 -1221 451 -598 152 1142 1109
515 -1223 452 -599 157 1144 1111
516 -1221 454 -598 153 1144 1111
517 -1222 450 -600 154 1146 1110
518 -1221 452 -596 153 1142 1109
519 -1217 449 -600 158 1144 1108
520 -1218 452 -601 157 1148 1109
521 -1222 449 -598 156 1146 1109
522 -1219 452 -599 157 1146 1106
523 -1223 452 -599 157 1147 1109
524 -1221 452 -598 158 1143 1108
525 -1221 449 -597 155 1146 1108
526 -1222 451 -600 156 1145 1107
527 -1221 455 -600 154 1146 1107
528 -1220 451 -599 157 1142 1109
529 -1219 451 -599 158 1147 1113
530 -1221 449 -599 152 1141 1106
531 -1221 453 -598 155 1143 1110
532 -1221 451 -601 158 1145 1106
533 -1222 449 -600 157 1144 1112
534 -1223 449 -601 157 1145 1106
535 -1221 454 -594 154 1144 1107
536 -1224 449 -598 156 1145 1109
537 -1220 453 -596 157 1147 1108
538 -1220 455 -600 153 1146 1108
539 -1219 452 -601 154 1147 1107
540 -1219 451 -597 153 1146 1107
541 -1217 448 -597 156 1145 1110
542 -1221 454 -600 154 1145 1114
543 -1223 451 -600 156 1142 1111
544 -1222 453 -596 155 1149 1109
545 -1222 451 -598 151 1145 1112
546 -1221 450 -602 159 1148 1109
547 -1222 451 -599 154 1147 1109
548 -1219 451 -599 156 1146 1110
549 -1219 452 -596 154 1143 1110
550 -1221 451 -598 155 1145 1113
551 -1218 452 -597 158 1146 1108
552 -1223 450 -600 154 1146 1111
553 -1218 453 -597 155 1146 1113
554 -1221 450 -597 154 1148 1107
555 -1220 453 -597 156 1146 1111
556 -1218 450 -597 153 1146 1110
557 -1217 451 -602 157 1145 1108
558 -1220 453 -598 153 1146 1108
559 -1219 451 -600 154 1143 1107
560 -1218 448 -601 152 1145 1108
561 -1222 448 -599 155 1145 1110
562 -1221 452 -598 154 1147 1110
563 -1219 451 -600 152 1144 1109
564 -1219 453 -596 154 1146 1111
565 -1222 451 -596 153 1144 1110
566 -1221 451 -597 158 1148 1109
567 -1222 453 -595 152 1143 1108
568 -1219 451 -600 160 1146 1108
569 -1217 452 -597 158 1147 1108
570 -1219 451 -598 156 1145 1109
571 -1219 452 -598 157 1144 1109
572 -1219 452 -598 159 1145 1108
573 -1219 452 -601 156 1142 1110
574 -1218 455 -599 158 1144 1113
575 -1220 451 -599 157 1145 1112
576 -1220 452 -596 155 1144 1110
577 -1219 454 -598 153 1143 1109
578 -1223 453 -600 153 1144 1110
579 -1221 452 -599 151 1147 1109
580 -1220 455 -598 154 1144 1105
581 -1222 451 -600 154 1145 1107
582 -1219 451 -599 154 1147 1107
583 -1220 449 -599 155 1147 1107
584 -1218 451 -597 156 1145 1107
585 -1219 451 -597 155 1150 1111
586 -1222 449 -600 153 1142 1111
587 -1221 449 -597 157 1144 1106
588 -1220 453 -598 153 1145 1111
589 -1219 451 -598 154 1145 1110
590 -1221 448 -600 155 1144 1110
591 -1219 449 -595 155 1146 1111
592 -1220 449 -599 154 1146 1111
593 -1219 451 -595 157 1148 1113
594 -1218 451 -597 156 1144 1110
595 -1222 452 -597 153 1144 1108
596 -1223 452 -597 154 1144 1113
597 -1224 453 -598 153 1145 1107
598 -1219 451 -600 154 1145 1110
599 -1221 451 -599 156 1146 1110
600 -1219 453 -597 154 1146 1110
601 -1219 452 -594 156 1144 1109
602 -1222 453 -597 153 1143 1105
603 -1219 451 -597 152 1145 1109
604 -1221 450 -600 155 1146 1108
605 -1220 452 -601 156 1143 1108
606 -1221 449 -597 159 1143 1110
607 -1221 452 -599 156 1146 1109
608 -1218 451 -600 156 1148 1110
609 -1223 450 -598 156 1145 1109
610 -1221 450 -599 156 1144 1111
611 -1221 450 -598 152 1145 1108
612 -1218 448 -599 150 1143 1109
613 -1224 450 -599 154 1144 1110
614 -1222 451 -599 152 1142 1107
615 -1223 449 -600 156 1143 1110
616 -1220 451 -598 156 1144 1110
617 -1220 455 -596 155 1146 1112
618 -1222 449 -601 156 1144 1109
619 -1222 449 -598 155 1144 1109
620 -1221 449 -598 155 1142 1109
621 -1220 451 -602 153 1146 1110
622 -1221 452 -601 156 1147 1107
623 -1219 451 -598 157 1145 1110
624 -1217 452 -599 156 1147 1109
625 -1220 455 -597 155 1144 1108
626 -1222 452 -598 158 1147 1108
627 -1218 455 -596 155 1147 1110
628 -1220 449 -597 158 1148 1112
629 -1224 452 -600 153 1145 1105
630 -1217 451 -601 153 1144 1111
631 -1218 453 -600 157 1144 1110
632 -1219 453 -603 156 1145 1111
633 -1221 453 -600 154 1146 1111
634 -1223 450 -597 156 1142 1107
635 -1221 453 -601 158 1145 1106
636 -1222 453 -596 155 1145 1111
637 -1221 452 -598 154 1147 1110
638 -1223 452 -599 155 1148 1110
639 -1222 450 -596 156 1146 1109
640 -1224 453 -598 155 1148 1110
641 -1222 450 -597 156 1145 1111
642 -1220 450 -598 156 1145 1109
643 -1221 448 -595 154 1144 1110
644 -1221 450 -598 154 1144 1108
645 -1220 451 -602 154 1146 1109
646 -1222 453 -602 155 1142 1107
647 -1224 452 -598 153 1146 1111
648 -1219 453 -599 153 1145 1109
649 -1222 449 -599 157 1145 1107
650 -1220 452 -596 157 1146 1108
651 -1222 453 -596 155 1145 1107
652 -1218 451 -594 156 1148 1107
653 -1220 453 -599 154 1145 1111
654 -1223 451 -600 154 1146 1109
655 -1223 455 -598 155 1144 1105
656 -1216 450 -598 155 1144 1109
657 -1218 451 -600 158 1147 1113
658 -1221 452 -598 154 1143 1110
659 -1217 449 -599 155 1145 1109
660 -1221 451 -599 154 1144 1112
661 -1219 454 -595 158 1145 1108
662 -1221 452 -597 150 1141 1111
663 -1221 452 -597 153 1146 1109
664 -1222 453 -597 155 1146 1110
665 -1220 452 -598 153 1143 1109
666 -1220 450 -597 156 1145 1107
667 -1219 450 -597 156 1146 1109
668 -1220 455 -598 153 1144 1107
669 -1218 453 -598 157 1147 1112
670 -1219 452 -595 158 1152 1108
671 -1217 451 -597 155 1147 1110
672 -1221 455 -600 154 1146 1111
673 -1219 453 -600 158 1144 1111
674 -1221 450 -596 156 1146 1108
675 -1222 454 -596 155 1144 1111
676 -1218 452 -597 155 1144 1110
677 -1217 453 -599 154 1145 1110
678 -1223 454 -598 157 1141 1111
679 -1227 450 -599 154 1145 1110
680 -1220 448 -597 154 1146 1110
681 -1218 453 -596 153 1147 1109
682 -1222 451 -599 153 1144 1110
683 -1224 453 -597 156 1144 1110
684 -1222 450 -599 157 1147 1109
685 -1221 448 -600 154 1149 1112
686 -1221 453 -597 152 1145 1109
687 -1222 447 -597 155 1143 1106
688 -1222 450 -598 155 1146 1108
689 -1221 454 -599 156 1145 1109
690 -1220 451 -597 152 1143 1107
691 -1220 454 -599 156 1146 1109
692 -1224 449 -603 156 1145 1104
693 -1224 453 -598 157 1144 1109
694 -1219 454 -598 152 1144 1109
695 -1220 452 -595 158 1146 1112
696 -1220 452 -596 154 1145 1107
697 -1220 454 -600 158 1147 1112
698 -1219 451 -598 155 1145 1113
699 -1218 453 -600 157 1146 1107
700 -1219 451 -599 155 1147 1107
701 -1220 451 -597 155 1144 1109
702 -1219 452 -599 155 1143 1112
703 -1220 450 -600 156 1144 1109
704 -1220 453 -600 154 1147 1110
705 -1219 451 -596 156 1144 1112
706 -1222 453 -598 155 1145 1112
707 -1220 454 -599 156 1147 1111
708 -1221 452 -599 154 1141 1110
709 -1220 455 -599 154 1146 1108
710 -1222 451 -597 154 1141 1107
711 -1221 451 -598 153 1143 1109
712 -1218 454 -597 157 1146 1109
713 -1222 450 -598 157 1147 1110
714 -1220 453 -599 159 1143 1109
715 -1222 453 -599 158 1146 1108
716 -1220 452 -601 156 1146 1107
717 -1220 454 -599 156 1146 1112
718 -1220 454 -600 158 1146 1109
719 -1218 453 -599 153 1145 1108
720 -1222 454 -598 155 1145 1110
721 -1222 453 -598 154 1147 1108
722 -1218 453 -597 155 1144 1111
723 -1222 455 -602 155 1145 1110
724 -1222 451 -599 153 1145 1109
725 -1222 451 -598 155 1142 1110
726 -1222 450 -601 154 1147 1108
727 -1224 453 -597 155 1145 1107
728 -1221 450 -597 154 1145 1108
729 -1221 451 -597 153 1144 1110
730 -1221 449 -600 153 1148 1108
731 -1219 450 -598 155 1149 1108
732 -1220 451 -598 154 1146 1104
733 -1220 451 -599 155 1145 1110
734 -1222 455 -599 154 1143 1109
735 -1217 453 -596 153 1144 1109
736 -1219 450 -599 159 1149 1109
737 -1219 451 -598 157 1146 1111
738 -1218 453 -595 155 1143 1108
739 -1220 451 -599 157 1148 1108
740 -1219 452 -598 157 1144 1110
741 -1224 455 -599 159 1143 1111
742 -1218 453 -599 159 1143 1114
743 -1220 452 -599 157 1146 1110
744 -1217 454 -596 157 1146 1110
745 -1220 452 -596 157 1149 1111
746 -1222 452 -598 158 1149 1112
747 -1220 452 -599 155 1148 1111
748 -1222 452 -597 156 1145 1108
749 -1219 450 -597 155 1147 1109
750 -1221 454 -596 159 1145 1111
751 -1224 455 -596 156 1146 1108
752 -1223 451 -596 155 1145 1110
753 -1216 454 -595 158 1145 1105
754 -1220 449 -598 157 1146 1111
755 -1217 453 -599 156 1143 1107
756 -1220 455 -597 154 1142 1108
757 -1219 454 -598 157 1143 1110
758 -1222 453 -599 157 1147 1108
759 -1219 452 -598 157 1142 1111
760 -1217 454 -597 156 1144 1107
761 -1220 454 -599 153 1144 1107
762 -1218 454 -600 154 1142 1110
763 -1220 453 -595 154 1145 1110
764 -1221 453 -597 156 1145 1111
765 -1217 452 -597 156 1146 1109
766 -1220 452 -599 156 1142 1110
767 -1220 451 -600 152 1145 1110
768 -1223 454 -598 157 1146 1110
769 -1222 452 -597 153 1144 1109
770 -1220 451 -598 154 1145 1109
771 -1222 450 -600 153 1146 1108
772 -1221 449 -600 153 1143 1114
773 -1225 450 -597 157 1144 1109
774 -1223 452 -601 155 1145 1107
775 -1220 448 -598 152 1143 1106
776 -1221 453 -597 155 1147 1108
777 -1221 448 -601 156 1144 1106
778 -1220 451 -602 153 1145 1112
779 -1222 451 -596 157 1148 1111
780 -1218 453 -599 158 1149 1108
781 -1220 453 -601 153 1145 1110
782 -1223 450 -596 156 1145 1111
783 -1222 449 -599 158 1147 1112
784 -1218 451 -598 155 1146 1108
785 -1221 452 -597 154 1146 1108
786 -1218 451 -598 157 1146 1108
787 -1225 453 -597 155 1146 1110
788 -1217 451 -597 155 1146 1109
789 -1219 452 -596 155 1142 1112
790 -1222 453 -597 155 1142 1110
791 -1222 450 -597 157 1148 1111
792 -1218 452 -596 155 1142 1111
793 -1223 453 -600 154 1148 1105
794 -1218 453 -600 156 1146 1109
795 -1222 453 -598 154 1144 1106
796 -1221 452 -597 156 1144 1109
797 -1217 455 -599 152 1144 1110
798 -1220 453 -594 157 1144 1110
799 -1221 450 -595 156 1146 1109
800 -1221 454 -599 155 1146 1108
801 -1219 452 -601 154 1146 1113
802 -1218 452 -596 154 1148 1110
803 -1220 452 -597 156 1145 1110
804 -1219 451 -599 155 1145 1108
805 -1222 451 -602 157 1140 1110
806 -1223 452 -597 152 1145 1114
807 -1220 448 -598 157 1146 1111
808 -1221 450 -597 158 1146 1110
809 -1224 454 -597 159 1144 1108
810 -1222 454 -597 156 1147 1108
811 -1222 450 -598 157 1146 1110
812 -1222 454 -599 160 1144 1109
813 -1221 449 -597 157 1145 1107
814 -1219 453 -599 155 1147 1109
815 -1219 450 -602 156 1146 1111
816 -1217 452 -599 156 1145 1110
817 -1222 448 -598 154 1142 1109
818 -1225 452 -595 154 1146 1107
819 -1221 453 -596 152 1146 1107
820 -1221 450 -597 149 1146 1107
821 -1223 450 -598 158 1146 1108
822 -1222 452 -598 153 1146 1108
823 -1222 451 -597 157 1149 1108
824 -1220 450 -600 152 1144 1109
825 -1219 451 -601 154 1145 1110
826 -1221 450 -599 156 1142 1106
827 -1222 449 -597 157 1145 1107
828 -1220 453 -597 157 1145 1110
829 -1219 454 -600 152 1146 1109
830 -1217 456 -597 156 1147 1111
831 -1218 451 -600 158 1146 1112
832 -1221 451 -598 156 1147 1109
833 -1220 453 -601 156 1148 1107
834 -1219 453 -598 156 1143 1113
835 -1223 455 -596 157 1144 1111
836 -1222 450 -602 154 1142 1109
837 -1224 448 -599 155 1143 1109
838 -1221 450 -599 154 1146 1105
839 -1223 451 -602 154 1145 1109
840 -1222 452 -600 155 1146 1109
841 -1220 451 -603 155 1141 1111
842 -1219 454 -603 154 1146 1108
843 -1219 450 -594 154 1147 1109
844 -1220 452 -597 155 1146 1110
845 -1225 454 -600 157 1148 1109
846 -1223 450 -599 154 1145 1110
847 -1223 450 -596 156 1145 1111
848 -1221 450 -601 156 1143 1109
849 -1222 453 -597 153 1145 1106
850 -1220 448 -598 156 1146 1113
851 -1221 452 -598 157 1145 1107
852 -1219 454 -596 155 1142 1110
853 -1223 451 -599 157 1145 1107
854 -1223 452 -598 157 1148 1111
855 -1221 452 -595 156 1148 1112
856 -1219 452 -598 154 1145 1110
857 -1221 448 -601 152 1144 1112
858 -1221 453 -602 153 1146 1108
859 -1221 449 -599 152 1143 1109
860 -1223 452 -598 153 1145 1107
861 -1222 451 -598 152 1143 1108
862 -1220 451 -601 154 1146 1107
863 -1223 451 -602 155 1145 1104
864 -1223 452 -597 154 1147 1111
865 -1223 450 -599 158 1146 1102
866 -1221 451 -600 153 1146 1108
867 -1218 453 -597 155 1147 1109
868 -1219 452 -598 158 1143 1111
869 -1218 453 -598 154 1143 1107
870 -1223 448 -601 155 1146 1111
871 -1218 450 -602 158 1145 1111
872 -1221 450 -600 158 1146 1108
873 -1220 452 -600 154 1144 1109
874 -1220 449 -599 159 1143 1109
875 -1221 451 -597 155 1141 1109
876 -1222 450 -598 158 1139 1105
877 -1218 453 -600 157 1143 1111
878 -1220 453 -598 156 1146 1107
879 -1218 448 -599 153 1143 1110
880 -1221 451 -599 153 1145 1108
881 -1224 451 -601 152 1142 1110
882 -1222 452 -595 155 1143 1109
883 -1218 448 -599 154 1142 1109
884 -1223 453 -598 154 1149 1108
885 -1220 452 -598 157 1147 1108
886 -1223 452 -598 156 1146 1111
887 -1219 454 -597 153 1144 1108
888 -1216 452 -600 153 1142 1109
889 -1221 450 -596 161 1147 1112
890 -1220 455 -595 154 1145 1106
891 -1221 453 -598 155 1146 1110
892 -1221 452 -599 157 1145 1108
893 -1222 452 -598 156 1146 1109
894 -1223 453 -600 154 1144 1107
895 -1221 451 -600 156 1140 1109
896 -1222 450 -600 154 1144 1108
897 -1219 449 -598 150 1144 1111
898 -1220 448 -599 153 1142 1108
899 -1222 451 -600 157 1148 1107
900 -1222 452 -599 155 1144 1111
901 -1221 450 -598 154 1143 1111
902 -1223 451 -600 153 1145 1107
903 -1224 451 -599 152 1143 1107
904 -1225 452 -598 156 1145 1110
905 -1225 450 -596 149 1143 1108
906 -1222 451 -602 152 1146 1109
907 -1225 452 -600 154 1145 1109
908 -1219 451 -602 154 1148 1104
909 -1221 453 -596 156 1145 1110
910 -1221 451 -598 155 1146 1109
911 -1217 450 -596 156 1145 1112
912 -1222 449 -601 154 1148 1110
913 -1222 453 -597 154 1145 1111
914 -1224 451 -598 156 1145 1109
915 -1221 450 -597 152 1145 1110
916 -1220 450 -599 154 1142 1108
917 -1222 449 -601 155 1139 1108
918 -1226 452 -603 157 1141 1107
919 -1221 451 -599 155 1144 1109
920 -1220 452 -599 156 1144 1110
921 -1221 456 -599 157 1144 1110
922 -1223 450 -599 156 1145 1110
923 -1222 451 -599 156 1144 1106
924 -1222 453 -597 151 1142 1107
925 -1223 451 -599 155 1139 1111
926 -1222 450 -601 157 1144 1110
927 -1224 457 -600 155 1143 1108
928 -1223 451 -599 155 1144 1106
929 -1217 453 -601 153 1145 1109
930 -1220 452 -596 157 1146 1106
931 -1221 450 -597 157 1145 1109
932 -1222 457 -600 156 1148 1110
933 -1218 454 -599 152 1144 1108
934 -1222 453 -598 153 1144 1111
935 -1222 451 -601 157 1144 1107
936 -1223 450 -596 155 1145 1110
937 -1225 452 -599 156 1145 1109
938 -1220 453 -601 153 1148 1108
939 -1219 449 -598 157 1145 1108
940 -1220 450 -600 154 1142 1108
941 -1221 450 -598 152 1144 1109
942 -1219 453 -597 152 1139 1106
943 -1221 454 -598 155 1143 1109
944 -1220 451 -598 155 1144 1109
945 -1222 450 -598 156 1147 1111
946 -1221 452 -598 153 1146 1109
947 -1219 451 -598 153 1144 1105
948 -1218 450 -601 152 1145 1108
949 -1223 452 -599 154 1147 1107
950 -1221 451 -600 153 1146 1106
951 -1220 451 -599 153 1145 1107
952 -1221 453 -597 152 1147 1109
953 -1220 453 -599 154 1147 1108
954 -1221 453 -596 155 1146 1110
955 -1220 454 -595 154 1145 1111
956 -1220 450 -601 154 1144 1108
957 -1220 451 -601 155 1146 1109
958 -1222 454 -596 156 1143 1109
959 -1221 451 -599 157 1145 1110
960 -1220 453 -598 155 1144 1109
961 -1220 453 -600 157 1140 1109
962 -1222 452 -598 154 1142 1110
963 -1221 454 -598 156 1141 1105
964 -1219 453 -600 155 1142 1110
965 -1220 451 -599 155 1141 1112
966 -1221 450 -601 159 1143 1109
967 -1224 452 -597 156 1143 1108
968 -1224 451 -604 155 1141 1107
969 -1219 448 -601 154 1142 1110
970 -1221 452 -597 154 1147 1110
971 -1220 454 -597 157 1146 1108
972 -1220 451 -599 158 1142 1110
973 -1218 452 -601 156 1144 1108
974 -1219 454 -596 153 1147 1110
975 -1217 455 -596 155 1145 1108
976 -1220 451 -599 152 1146 1111
977 -1221 452 -602 154 1147 1115
978 -1222 454 -598 156 1146 1109
979 -1220 453 -599 157 1146 1111
980 -1220 453 -596 159 1146 1112
981 -1219 451 -595 158 1147 1111
982 -1224 451 -602 154 1146 1107
983 -1219 450 -598 157 1142 1111
984 -1219 449 -599 157 1144 1110
985 -1222 452 -599 156 1144 1104
986 -1224 451 -597 154 1146 1109
987 -1219 450 -600 152 1142 1108
988 -1220 450 -599 153 1143 1109
989 -1221 452 -597 156 1146 1109
990 -1224 450 -600 155 1144 1110
991 -1220 447 -597 151 1141 1106
992 -1224 448 -597 153 1148 1108
993 -1222 452 -598 157 1146 1110
994 -1221 450 -599 153 1146 1107
995 -1218 453 -599 152 1146 1111
996 -1222 452 -599 154 1144 1108
997 -1219 451 -594 156 1148 1111
998 -1226 451 -598 156 1146 1109
999 -1223 454 -600 156 1147 1108
0 -3978 -4680 5034 -3009 7038 1472
1 -3979 -4683 5035 -3010 7035 1473
2 -3980 -4683 5035 -3008 7039 1474
3 -3980 -4679 5034 -3011 7038 1473
4 -3979 -4678 5037 -3010 7040 1475
5 -3977 -4683 5038 -3008 7039 1473
6 -3977 -4680 5038 -3010 7035 1474
7 -3976 -4677 5036 -3010 7040 1474
8 -3979 -4681 5032 -3007 7037 1476
9 -3981 -4681 5038 -3009 7036 1475
10 -3981 -4682 5035 -3007 7038 1476
11 -3979 -4680 5037 -3009 7038 1476
12 -3977 -4681 5034 -3009 7038 1478
13 -3980 -4680 5034 -3007 7037 1473
14 -3981 -4684 5030 -3009 7038 1473
15 -3979 -4679 5034 -3010 7038 1474
16 -3976 -4680 5032 -3009 7038 1474
17 -3980 -4681 5036 -3011 7037 1475
18 -3980 -4678 5036 -3010 7037 1478
19 -3977 -4677 5035 -3010 7037 1475
20 -3978 -4680 5031 -3010 7040 1478
21 -3977 -4679 5031 -3009 7038 1475
22 -3982 -4679 5034 -3008 7035 1475
23 -3979 -4681 5031 -3006 7036 1471
24 -3977 -4679 5032 -3007 7036 1470
25 -3980 -4679 5032 -3008 7035 1473
26 -3975 -4676 5034 -3008 7038 1473
27 -3972 -4675 5032 -3008 7038 1472
28 -3976 -4679 5032 -3007 7036 1477
29 -3980 -4677 5031 -3008 7036 1473
30 -3975 -4676 5031 -3005 7035 1473
31 -3977 -4677 5031 -3006 7037 1472
32 -3977 -4678 5033 -3005 7033 1474
33 -3976 -4677 5033 -3009 7035 1475
34 -3979 -4675 5028 -3008 7034 1475
35 -3978 -4676 5031 -3004 7033 1474
36 -3978 -4678 5031 -3004 7036 1474
37 -3979 -4680 5032 -3009 7033 1477
38 -3975 -4678 5031 -3007 7036 1473
39 -3974 -4673 5033 -3008 7034 1474
40 -3977 -4677 5029 -3008 7035 1474
41 -3980 -4678 5030 -3010 7031 1476
42 -3979 -4678 5029 -3007 7030 1473
43 -3977 -4678 5029 -3010 7032 1472
44 -3981 -4680 5031 -3011 7032 1469
45 -3978 -4680 5029 -3009 7034 1469
46 -3978 -4677 5029 -3008 7033 1473
47 -3976 -4679 5029 -3009 7034 1470
48 -3976 -4674 5029 -3009 7036 1474
49 -3978 -4675 5029 -3006 7036 1475
50 -3976 -4676 5029 -3008 7031 1474
51 -3979 -4679 5027 -3006 7038 1474
52 -3977 -4676 5029 -3007 7034 1473
53 -3977 -4679 5032 -3007 7033 1476
54 -3979 -4678 5029 -3008 7037 1474
55 -3977 -4679 5031 -3007 7035 1474
56 -3974 -4676 5029 -3005 7036 1474
57 -3973 -4676 5030 -3004 7036 1474
58 -3976 -4677 5032 -3008 7036 1475
59 -3980 -4681 5029 -3007 7032 1473
60 -3979 -4682 5029 -3006 7036 1473
61 -3975 -4679 5029 -3007 7034 1474
62 -3980 -4680 5027 -3007 7033 1474
63 -3982 -4678 5029 -3007 7034 1472
64 -3980 -4678 5029 -3005 7036 1474
65 -3977 -4678 5033 -3007 7034 1472
66 -3977 -4675 5029 -3005 7036 1472
67 -3976 -4674 5031 -3007 7034 1474
68 -3975 -4678 5030 -3006 7034 1475
69 -3976 -4676 5028 -3005 7033 1475
70 -3978 -4677 5028 -3009 7039 1476
71 -3977 -4674 5031 -3006 7036 1474
72 -3976 -4674 5032 -3005 7035 1471
73 -3975 -4677 5031 -3009 7036 1475
74 -3977 -4679 5029 -3008 7034 1475
75 -3976 -4681 5030 -3008 7036 1474
76 -3976 -4679 5032 -3009 7037 1475
77 -3978 -4678 5031 -3008 7039 1475
78 -3975 -4681 5033 -3008 7037 1475
79 -3979 -4681 5030 -3011 7036 1475
80 -3974 -4678 5030 -3005 7038 1470
81 -3977 -4679 5032 -3006 7040 1477
82 -3979 -4680 5030 -3007 7033 1471
83 -3977 -4683 5031 -3006 7034 1475
84 -3979 -4681 5033 -3005 7036 1474
85 -3977 -4680 5029 -3009 7037 1475
86 -3980 -4682 5030 -3012 7038 1475
87 -3978 -4679 5032 -3011 7036 1474
88 -3979 -4682 5032 -3009 7038 1471
89 -3977 -4681 5031 -3009 7038 1474
90 -3980 -4679 5032 -3008 7038 1475
91 -3975 -4678 5032 -3008 7040 1475
92 -3978 -4678 5035 -3011 7040 1471
93 -3977 -4681 5035 -3010 7036 1475
94 -3978 -4681 5035 -3008 7040 1474
95 -3979 -4681 5035 -3008 7040 1472
96 -3980 -4681 5035 -3012 7039 1476
97 -3977 -4683 5033 -3010 7039 1473
98 -3979 -4682 5033 -3010 7037 1470
99 -3983 -4684 5033 -3008 7040 1474
100 -3979 -4685 5030 -3008 7035 1473
101 -3977 -4681 5033 -3009 7036 1472
102 -3977 -4683 5031 -3012 7037 1471
103 -3978 -4683 5033 -3009 7037 1473
104 -3980 -4682 5033 -3008 7037 1471
105 -3978 -4681 5033 -3007 7036 1473
106 -3980 -4684 5033 -3009 7036 1475
107 -3978 -4681 5034 -3013 7033 1473
108 -3979 -4681 5034 -3008 7038 1473
109 -3979 -4679 5032 -3012 7034 1473
110 -3980 -4681 5036 -3010 7037 1472
111 -3981 -4683 5030 -3009 7036 1472
112 -3981 -4683 5029 -3009 7034 1469
113 -3979 -4682 5031 -3008 7039 1468
114 -3977 -4679 5036 -3008 7038 1469
115 -3975 -4682 5032 -3005 7035 1475
116 -3979 -4678 5030 -3010 7034 1476
117 -3979 -4682 5028 -3012 7039 1473
118 -3978 -4682 5031 -3009 7038 1472
119 -3981 -4682 5033 -3011 7038 1473
120 -3976 -4682 5030 -3008 7037 1474
121 -3976 -4679 5032 -3010 7037 1471
122 -3975 -4681 5032 -3007 7038 1471
123 -3979 -4678 5030 -3009 7036 1473
124 -3975 -4684 5032 -3007 7038 1474
125 -3976 -4683 5031 -3008 7041 1473
126 -3979 -4681 5033 -3004 7037 1476
127 -3982 -4681 5032 -3007 7039 1473
128 -3979 -4680 5033 -3010 7035 1471
129 -3977 -4680 5033 -3011 7038 1475
130 -3977 -4679 5032 -3009 7039 1472
131 -3974 -4679 5034 -3011 7034 1475
132 -3977 -4682 5034 -3009 7039 1472
133 -3974 -4680 5033 -3007 7040 1477
134 -3978 -4682 5032 -3007 7038 1471
135 -3976 -4679 5033 -3008 7039 1471
136 -3977 -4677 5030 -3006 7042 1473
137 -3975 -4682 5035 -3006 7041 1473
138 -3976 -4678 5032 -3010 7038 1473
139 -3976 -4680 5032 -3006 7039 1473
140 -3976 -4680 5032 -3008 7039 1476
141 -3975 -4683 5034 -3008 7039 1471
142 -3977 -4685 5028 -3008 7035 1474
143 -3976 -4683 5031 -3004 7037 1473
144 -3976 -4679 5035 -3008 7036 1472
145 -3978 -4681 5032 -3007 7038 1475
146 -3976 -4684 5028 -3008 7036 1470
147 -3977 -4683 5030 -3006 7039 1474
148 -3977 -4682 5033 -3006 7037 1476
149 -3979 -4683 5032 -3009 7036 1474
150 -3978 -4684 5031 -3006 7038 1472
151 -3976 -4682 5029 -3008 7034 1473
152 -3978 -4679 5033 -3009 7038 1475
153 -3978 -4683 5031 -3008 7037 1472
154 -3976 -4683 5029 -3009 7038 1475
155 -3973 -4682 5028 -3005 7034 1473
156 -3976 -4678 5029 -3008 7036 1473
157 -3977 -4678 5033 -3011 7034 1471
158 -3978 -4681 5031 -3004 7035 1474
159 -3974 -4681 5031 -3009 7037 1473
160 -3977 -4682 5031 -3011 7036 1469
161 -3979 -4680 5032 -3007 7033 1472
162 -3977 -4683 5029 -3011 7033 1472
163 -3977 -4684 5029 -3007 7040 1472
164 -3976 -4681 5028 -3002 7035 1472
165 -3976 -4681 5034 -3008 7033 1475
166 -3975 -4680 5032 -3009 7034 1472
167 -3975 -4681 5030 -3006 7038 1473
168 -3976 -4681 5034 -3006 7036 1475
169 -3974 -4683 5033 -3005 7033 1474
170 -3978 -4683 5030 -3008 7035 1472
171 -3974 -4682 5032 -3005 7032 1473
172 -3975 -4681 5030 -3009 7036 1473
173 -3975 -4685 5031 -3006 7036 1475
174 -3973 -4682 5033 -3008 7033 1468
175 -3980 -4681 5032 -3008 7034 1471
176 -3978 -4682 5029 -3009 7036 1470
177 -3978 -4681 5029 -3006 7034 1471
178 -3974 -4682 5031 -3007 7032 1470
179 -3975 -4682 5027 -3005 7034 1471
180 -3972 -4681 5030 -3005 7037 1473
181 -3976 -4684 5028 -3010 7034 1470
182 -3975 -4676 5030 -3006 7033 1473
183 -3975 -4681 5029 -3004 7034 1472
184 -3976 -4679 5030 -3008 7031 1473
185 -3974 -4681 5027 -3005 7029 1473
186 -3972 -4684 5028 -3008 7032 1472
187 -3973 -4683 5029 -3002 7031 1472
188 -3974 -4680 5030 -3007 7029 1469
189 -3972 -4682 5029 -3005 7033 1470
190 -3974 -4679 5026 -3002 7034 1475
191 -3972 -4677 5032 -3003 7028 1473
192 -3973 -4677 5025 -3000 7033 1475
193 -3974 -4677 5029 -3004 7027 1474
194 -3972 -4682 5027 -3004 7027 1473
195 -3973 -4678 5022 -3006 7031 1472
196 -3975 -4680 5028 -3005 7027 1469
197 -3975 -4678 5023 -3004 7027 1469
198 -3971 -4679 5026 -3005 7028 1470
199 -3972 -4678 5025 -3005 7031 1470
200 -3972 -4682 5024 -3006 7029 1470
201 -3970 -4680 5022 -3000 7033 1468
202 -3971 -4678 5027 -3003 7025 1475
203 -3973 -4677 5026 -3001 7032 1473
204 -3971 -4676 5027 -3000 7030 1471
205 -3970 -4679 5025 -3001 7028 1469
206 -3975 -4680 5026 -3003 7030 1473
207 -3971 -4679 5025 -3000 7026 1474
208 -3972 -4675 5025 -3001 7029 1475
209 -3970 -4680 5025 -2998 7029 1472
210 -3973 -4678 5025 -3002 7027 1473
211 -3973 -4679 5025 -3001 7025 1474
212 -3968 -4679 5022 -3000 7031 1474
213 -3971 -4680 5029 -3001 7030 1473
214 -3970 -4681 5027 -3004 7030 1473
215 -3974 -4681 5028 -3001 7025 1469
216 -3970 -4681 5026 -3004 7025 1472
217 -3971 -4683 5028 -3001 7027 1471
218 -3970 -4680 5027 -3003 7028 1471
219 -3972 -4684 5028 -3003 7028 1472
220 -3969 -4678 5026 -3001 7028 1470
221 -3972 -4683 5028 -3003 7025 1473
222 -3975 -4683 5023 -3004 7026 1472
223 -3974 -4680 5025 -3004 7027 1474
224 -3969 -4677 5028 -3003 7029 1473
225 -3968 -4679 5027 -3001 7029 1472
226 -3971 -4684 5028 -3004 7029 1471
227 -3972 -4684 5027 -3002 7026 1472
228 -3971 -4682 5028 -3002 7025 1471
229 -3972 -4683 5026 -3002 7026 1472
230 -3970 -4683 5030 -3003 7025 1470
231 -3973 -4683 5026 -3001 7026 1473
232 -3975 -4681 5025 -3003 7026 1473
233 -3974 -4680 5029 -3002 7026 1471
234 -3975 -4683 5028 -3003 7028 1474
235 -3972 -4679 5029 -2999 7026 1474
236 -3972 -4681 5026 -3003 7027 1474
237 -3971 -4685 5025 -3003 7026 1471
238 -3973 -4681 5024 -3004 7030 1471
239 -3970 -4681 5026 -3001 7028 1468
240 -3969 -4682 5029 -3006 7030 1467
241 -3970 -4680 5030 -3002 7030 1468
242 -3970 -4681 5025 -3001 7028 1469
243 -3969 -4680 5028 -3001 7028 1473
244 -3970 -4684 5026 -3000 7028 1468
245 -3971 -4680 5030 -3003 7030 1471
246 -3970 -4680 5030 -3000 7029 1470
247 -3966 -4682 5030 -3004 7033 1470
248 -3973 -4683 5028 -3002 7030 1471
249 -3969 -4684 5029 -3003 7029 1469
250 -3974 -4682 5030 -3004 7028 1470
251 -3970 -4687 5029 -3002 7026 1474
252 -3971 -4684 5032 -2999 7027 1470
253 -3973 -4684 5033 -3004 7027 1473
254 -3972 -4686 5031 -3001 7028 1471
255 -3973 -4688 5028 -3003 7029 1471
256 -3968 -4684 5031 -3006 7029 1471
257 -3970 -4685 5031 -2999 7028 1472
258 -3975 -4685 5031 -3005 7026 1470
259 -3971 -4689 5032 -3007 7028 1471
260 -3972 -4688 5031 -3005 7032 1471
261 -3973 -4686 5033 -3003 7028 1470
262 -3975 -4688 5030 -3004 7031 1469
263 -3969 -4687 5032 -3006 7029 1468
264 -3971 -4687 5028 -3006 7030 1467
265 -3971 -4685 5030 -3002 7029 1470
266 -3971 -4686 5031 -3002 7032 1469
267 -3971 -4685 5031 -3003 7029 1469
268 -3968 -4687 5028 -3003 7027 1472
269 -3971 -4688 5032 -3002 7030 1473
270 -3970 -4689 5031 -3001 7029 1472
271 -3971 -4684 5034 -3003 7027 1467
272 -3969 -4688 5032 -3005 7030 1470
273 -3972 -4684 5032 -2997 7024 1472
274 -3970 -4686 5032 -2999 7028 1469
275 -3966 -4686 5031 -3000 7029 1472
276 -3970 -4685 5030 -3000 7028 1473
277 -3966 -4684 5035 -3001 7029 1473
278 -3970 -4682 5033 -3002 7029 1471
279 -3972 -4688 5031 -2999 7028 1472
280 -3968 -4686 5033 -3000 7029 1473
281 -3966 -4690 5027 -3001 7025 1469
282 -3971 -4690 5029 -3002 7024 1466
283 -3968 -4687 5029 -3001 7023 1471
284 -3970 -4686 5029 -3003 7025 1469
285 -3970 -4686 5028 -3001 7023 1470
286 -3968 -4688 5029 -2998 7026 1470
287 -3968 -4687 5029 -3002 7025 1466
288 -3967 -4685 5031 -2998 7025 1471
289 -3965 -4688 5028 -2999 7024 1470
290 -3969 -4688 5030 -2999 7030 1474
291 -3968 -4687 5032 -2997 7024 1470
292 -3969 -4682 5030 -3002 7025 1473
293 -3969 -4687 5024 -3000 7021 1468
294 -3968 -4690 5028 -2995 7026 1472
295 -3965 -4685 5032 -2995 7023 1472
296 -3970 -4687 5029 -2997 7024 1471
297 -3966 -4686 5029 -2999 7025 1471
298 -3970 -4687 5030 -2998 7024 1472
299 -3966 -4687 5028 -2998 7023 1472
300 -3969 -4689 5028 -2999 7023 1473
301 -3966 -4687 5028 -3001 7022 1470
302 -3968 -4687 5029 -3000 7022 1468
303 -3969 -4689 5031 -3001 7022 1472
304 -3967 -4687 5030 -3001 7024 1472
305 -3965 -4687 5028 -2999 7024 1469
306 -3971 -4687 5028 -3000 7025 1467
307 -3968 -4689 5027 -2999 7025 1469
308 -3964 -4685 5028 -3001 7023 1469
309 -3967 -4686 5027 -3000 7021 1467
310 -3966 -4686 5028 -2997 7025 1472
311 -3967 -4685 5029 -2998 7024 1470
312 -3968 -4686 5028 -3000 7020 1470
313 -3965 -4685 5029 -2998 7023 1472
314 -3966 -4688 5025 -2997 7019 1469
315 -3965 -4686 5028 -2994 7019 1466
316 -3967 -4683 5028 -2999 7021 1473
317 -3966 -4684 5028 -2995 7018 1469
318 -3964 -4686 5025 -2995 7018 1469
319 -3966 -4685 5024 -2995 7019 1474
320 -3965 -4684 5022 -2997 7020 1471
321 -3965 -4685 5026 -2997 7016 1469
322 -3965 -4686 5024 -2997 7016 1471
323 -3964 -4687 5022 -2995 7017 1470
324 -3964 -4682 5026 -2999 7013 1469
325 -3965 -4683 5021 -2995 7017 1469
326 -3965 -4687 5026 -2995 7016 1472
327 -3965 -4682 5022 -2995 7017 1470
328 -3965 -4685 5026 -2997 7016 1467
329 -3963 -4682 5024 -2996 7021 1467
330 -3960 -4683 5023 -2995 7020 1471
331 -3963 -4683 5026 -2992 7019 1467
332 -3961 -4684 5027 -2997 7021 1469
333 -3960 -4683 5028 -2995 7016 1471
334 -3963 -4680 5026 -2993 7017 1471
335 -3963 -4683 5024 -2995 7017 1471
336 -3966 -4686 5022 -2993 7016 1470
337 -3961 -4687 5022 -2992 7017 1468
338 -3962 -4681 5022 -2993 7012 1468
339 -3962 -4687 5022 -2991 7013 1474
340 -3961 -4683 5022 -2993 7014 1470
341 -3966 -4684 5027 -2995 7020 1471
342 -3964 -4684 5025 -2997 7016 1473
343 -3963 -4683 5026 -2995 7019 1474
344 -3965 -4683 5025 -2993 7016 1472
345 -3963 -4686 5025 -2991 7015 1468
346 -3961 -4686 5023 -2994 7015 1469
347 -3961 -4687 5024 -2993 7016 1471
348 -3965 -4684 5027 -2995 7013 1467
349 -3963 -4686 5023 -2991 7015 1469
350 -3963 -4684 5023 -2994 7016 1469
351 -3965 -4687 5025 -2995 7016 1470
352 -3963 -4684 5023 -2995 7016 1468
353 -3964 -4683 5026 -2994 7016 1469
354 -3963 -4684 5026 -2995 7019 1469
355 -3961 -4684 5025 -2992 7015 1469
356 -3964 -4685 5024 -2992 7017 1471
357 -3961 -4689 5022 -2993 7014 1469
358 -3966 -4685 5019 -2993 7017 1468
359 -3964 -4685 5023 -2993 7015 1468
360 -3963 -4684 5022 -2994 7012 1468
361 -3960 -4687 5028 -2990 7013 1469
362 -3964 -4685 5022 -2995 7015 1471
363 -3963 -4687 5024 -2992 7014 1472
364 -3963 -4686 5025 -2994 7013 1473
365 -3960 -4683 5025 -2994 7010 1469
366 -3960 -4682 5022 -2995 7016 1466
367 -3962 -4686 5024 -2991 7014 1469
368 -3960 -4687 5022 -2991 7012 1470
369 -3961 -4685 5024 -2993 7015 1469
370 -3959 -4683 5026 -2993 7015 1472
371 -3961 -4687 5023 -2994 7016 1470
372 -3963 -4689 5023 -2994 7014 1467
373 -3961 -4687 5026 -2997 7015 1468
374 -3965 -4686 5025 -2994 7016 1467
375 -3960 -4683 5023 -2993 7015 1468
376 -3961 -4687 5029 -2993 7015 1473
377 -3960 -4685 5026 -2991 7015 1470
378 -3960 -4684 5024 -2993 7012 1469
379 -3963 -4690 5023 -2994 7015 1470
380 -3958 -4686 5026 -2995 7013 1469
381 -3962 -4687 5023 -2991 7014 1465
382 -3960 -4689 5024 -2995 7014 1469
383 -3963 -4690 5026 -2992 7015 1470
384 -3960 -4689 5025 -2994 7013 1469
385 -3963 -4689 5025 -2993 7013 1470
386 -3962 -4689 5027 -2993 7015 1470
387 -3963 -4688 5026 -2996 7013 1467
388 -3964 -4691 5024 -2996 7013 1469
389 -3961 -4690 5023 -2996 7013 1470
390 -3965 -4687 5026 -2996 7012 1469
391 -3966 -4689 5025 -2997 7014 1468
392 -3964 -4689 5023 -2993 7012 1466
393 -3961 -4691 5027 -2998 7012 1465
394 -3964 -4691 5025 -2996 7012 1467
395 -3962 -4692 5024 -2995 7014 1468
396 -3960 -4687 5025 -2991 7014 1468
397 -3963 -4686 5027 -2993 7018 1467
398 -3960 -4686 5027 -2991 7016 1467
399 -3963 -4688 5027 -2993 7014 1469
400 -3963 -4691 5027 -2994 7014 1471
401 -3961 -4690 5028 -2993 7011 1469
402 -3962 -4691 5024 -2994 7012 1469
403 -3962 -4689 5026 -2994 7009 1466
404 -3961 -4686 5027 -2992 7011 1471
405 -3964 -4687 5025 -2993 7016 1468
406 -3959 -4691 5026 -2995 7014 1468
407 -3961 -4690 5024 -2994 7011 1469
408 -3964 -4690 5025 -2994 7013 1469
409 -3963 -4687 5023 -2996 7012 1470
410 -3962 -4689 5025 -2992 7010 1466
411 -3960 -4691 5024 -2992 7014 1467
412 -3960 -4690 5026 -2995 7012 1469
413 -3957 -4687 5026 -2994 7011 1465
414 -3962 -4694 5025 -2993 7013 1466
415 -3962 -4691 5025 -2992 7010 1465
416 -3960 -4687 5027 -2992 7012 1467
417 -3962 -4692 5023 -2993 7011 1465
418 -3961 -4687 5026 -2992 7013 1466
419 -3964 -4692 5026 -2996 7011 1468
420 -3963 -4690 5028 -2991 7016 1469
421 -3959 -4686 5028 -2992 7011 1468
422 -3962 -4689 5025 -2992 7011 1469
423 -3960 -4688 5030 -2992 7010 1469
424 -3963 -4688 5025 -2992 7010 1467
425 -3961 -4689 5027 -2989 7011 1465
426 -3960 -4690 5028 -2992 7014 1470
427 -3958 -4689 5025 -2993 7012 1471
428 -3963 -4691 5025 -2995 7013 1468
429 -3962 -4691 5028 -2992 7014 1466
430 -3962 -4690 5026 -2992 7012 1468
431 -3958 -4690 5026 -2993 7012 1470
432 -3960 -4693 5028 -2995 7011 1467
433 -3960 -4693 5028 -2995 7010 1467
434 -3959 -4693 5024 -2993 7012 1466
435 -3962 -4690 5029 -2996 7013 1466
436 -3961 -4693 5025 -2994 7012 1467
437 -3960 -4695 5023 -2994 7012 1467
438 -3959 -4692 5028 -2991 7009 1466
439 -3963 -4689 5025 -2991 7009 1467
440 -3961 -4690 5024 -2995 7009 1470
441 -3959 -4690 5026 -2994 7011 1471
442 -3960 -4690 5022 -2991 7010 1470
443 -3962 -4687 5025 -2994 7007 1470
444 -3959 -4691 5024 -2989 7007 1467
445 -3958 -4690 5020 -2990 7006 1469
446 -3960 -4691 5024 -2994 7008 1468
447 -3960 -4693 5024 -2994 7007 1466
448 -3961 -4692 5024 -2994 7005 1464
449 -3958 -4689 5021 -2990 7008 1466
450 -3956 -4690 5024 -2993 7007 1466
451 -3959 -4690 5021 -2992 7007 1467
452 -3958 -4687 5024 -2985 7007 1471
453 -3961 -4686 5024 -2990 7007 1471
454 -3962 -4688 5022 -2993 7009 1464
455 -3961 -4686 5023 -2991 7010 1467
456 -3959 -4691 5022 -2992 7006 1470
457 -3958 -4690 5021 -2992 7008 1467
458 -3960 -4688 5023 -2990 7007 1467
459 -3960 -4689 5021 -2994 7005 1468
460 -3958 -4684 5023 -2988 7005 1467
461 -3958 -4689 5023 -2990 7008 1467
462 -3956 -4686 5024 -2990 7009 1468
463 -3959 -4688 5025 -2990 7007 1467
464 -3960 -4687 5020 -2989 7006 1468
465 -3957 -4686 5021 -2988 7007 1470
466 -3957 -4689 5025 -2990 7006 1469
467 -3954 -4685 5022 -2988 7007 1468
468 -3958 -4689 5021 -2994 7005 1466
469 -3956 -4690 5023 -2987 7005 1469
470 -3958 -4686 5023 -2989 7003 1464
471 -3958 -4687 5021 -2992 7008 1468
472 -3958 -4688 5023 -2990 7005 1471
473 -3957 -4687 5021 -2991 7004 1468
474 -3958 -4688 5025 -2987 7005 1467
475 -3959 -4688 5017 -2991 7007 1466
476 -3958 -4688 5023 -2991 7006 1466
477 -3957 -4689 5022 -2991 7006 1467
478 -3960 -4686 5020 -2990 7008 1468
479 -3959 -4689 5020 -2991 7007 1466
480 -3958 -4687 5022 -2989 7005 1467
481 -3958 -4689 5018 -2987 7003 1468
482 -3957 -4687 5019 -2988 7007 1466
483 -3959 -4685 5022 -2984 7008 1469
484 -3959 -4685 5024 -2989 7002 1472
485 -3957 -4688 5025 -2989 7007 1469
486 -3957 -4685 5022 -2986 7004 1470
487 -3962 -4688 5021 -2990 7004 1467
488 -3958 -4688 5023 -2988 7006 1471
489 -3962 -4688 5023 -2988 7001 1469
490 -3957 -4687 5020 -2988 7000 1467
491 -3962 -4688 5021 -2986 7005 1466
492 -3957 -4687 5022 -2989 7002 1468
493 -3963 -4687 5021 -2986 7003 1468
494 -3956 -4687 5024 -2984 7004 1470
495 -3959 -4690 5022 -2989 7002 1469
496 -3958 -4688 5020 -2989 7004 1469
497 -3962 -4690 5023 -2990 7003 1466
498 -3955 -4688 5021 -2988 7005 1470
499 -3957 -4686 5024 -2989 7006 1469
500 -3960 -4689 5023 -2987 7005 1469
501 -3957 -4689 5025 -2988 7000 1466
502 -3957 -4687 5022 -2989 7005 1466
503 -3956 -4687 5022 -2990 7005 1470
504 -3957 -4688 5020 -2991 7004 1464
505 -3956 -4688 5021 -2988 7005 1468
506 -3963 -4687 5026 -2989 7004 1469
507 -3954 -4688 5025 -2988 7005 1468
508 -3957 -4689 5024 -2989 7002 1473
509 -3958 -4691 5026 -2988 7004 1468
510 -3955 -4689 5024 -2989 7005 1468
511 -3956 -4689 5024 -2989 7004 1468
512 -3958 -4687 5024 -2987 7002 1468
513 -3955 -4689 5025 -2990 7005 1469
514 -3956 -4690 5025 -2987 7003 1468
515 -3957 -4690 5021 -2987 7005 1471
516 -3956 -4692 5022 -2988 7005 1468
517 -3958 -4692 5026 -2988 7004 1468
518 -3955 -4689 5028 -2987 7006 1469
519 -3959 -4688 5024 -2989 7005 1468
520 -3959 -4689 5023 -2989 7006 1466
521 -3956 -4688 5023 -2986 7004 1468
522 -3957 -4687 5022 -2992 7005 1470
523 -3958 -4690 5029 -2990 7006 1469
524 -3958 -4688 5022 -2989 7006 1464
525 -3957 -4687 5023 -2986 7008 1468
526 -3956 -4689 5025 -2987 7003 1467
527 -3953 -4689 5023 -2988 7007 1470
528 -3955 -4689 5027 -2986 7004 1470
529 -3958 -4693 5026 -2989 7005 1470
530 -3956 -4688 5025 -2987 7003 1466
531 -3958 -4692 5026 -2987 7003 1466
532 -3958 -4689 5021 -2988 7006 1466
533 -3957 -4690 5022 -2988 7002 1468
534 -3956 -4693 5023 -2990 7002 1468
535 -3959 -4691 5023 -2990 7003 1464
536 -3954 -4691 5024 -2987 7006 1468
537 -3958 -4692 5022 -2985 7004 1467
538 -3962 -4692 5026 -2987 7003 1472
539 -3959 -4692 5023 -2990 7002 1467
540 -3957 -4689 5021 -2987 7003 1467
541 -3957 -4688 5027 -2990 7003 1467
542 -3954 -4691 5026 -2987 7002 1468
543 -3956 -4688 5025 -2989 7006 1469
544 -3953 -4690 5022 -2986 7001 1463
545 -3957 -4692 5023 -2990 7001 1467
546 -3957 -4693 5020 -2991 7000 1466
547 -3960 -4690 5022 -2992 7006 1468
548 -3955 -4692 5024 -2991 7004 1465
549 -3959 -4692 5024 -2987 7002 1468
550 -3957 -4690 5025 -2989 7002 1469
551 -3961 -4693 5027 -2991 7003 1468
552 -3957 -4692 5027 -2993 7002 1464
553 -3957 -4692 5024 -2992 7003 1468
554 -3959 -4690 5024 -2988 7003 1470
555 -3958 -4692 5026 -2989 7006 1468
556 -3954 -4692 5027 -2985 7004 1469
557 -3959 -4694 5026 -2990 7007 1467
558 -3955 -4694 5025 -2987 7005 1469
559 -3955 -4690 5026 -2987 7002 1470
560 -3955 -4692 5026 -2990 7005 1469
561 -3959 -4694 5025 -2989 7006 1466
562 -3956 -4697 5026 -2991 7005 1469
563 -3957 -4693 5027 -2991 7002 1468
564 -3954 -4694 5025 -2991 7004 1469
565 -3957 -4695 5025 -2990 7001 1466
566 -3958 -4691 5023 -2992 7004 1468
567 -3957 -4694 5030 -2991 7003 1465
568 -3958 -4695 5025 -2989 7004 1463
569 -3957 -4692 5025 -2986 7005 1467
570 -3958 -4693 5029 -2987 7005 1466
571 -3957 -4693 5029 -2989 7005 1467
572 -3958 -4691 5025 -2990 7005 1468
573 -3956 -4691 5026 -2993 7002 1468
574 -3960 -4695 5027 -2987 7004 1466
575 -3956 -4695 5025 -2988 7005 1467
576 -3959 -4694 5026 -2988 7002 1467
577 -3959 -4692 5027 -2990 7004 1465
578 -3957 -4693 5029 -2990 7006 1466
579 -3954 -4695 5025 -2989 7002 1469
580 -3960 -4697 5027 -2991 7006 1465
581 -3957 -4693 5024 -2989 7006 1466
582 -3961 -4694 5024 -2986 7002 1465
583 -3959 -4696 5027 -2986 7004 1469
584 -3954 -4696 5027 -2986 7002 1469
585 -3958 -4694 5024 -2989 7005 1469
586 -3955 -4690 5025 -2988 7003 1463
587 -3959 -4694 5027 -2990 7003 1466
588 -3958 -4694 5026 -2992 7004 1467
589 -3956 -4691 5024 -2990 7004 1466
590 -3957 -4696 5024 -2986 7001 1466
591 -3957 -4689 5023 -2989 7003 1467
592 -3956 -4689 5026 -2987 7005 1465
593 -3957 -4690 5025 -2987 7002 1465
594 -3957 -4694 5024 -2987 7002 1467
595 -3957 -4693 5025 -2988 7003 1469
596 -3956 -4690 5025 -2987 7001 1466
597 -3955 -4693 5026 -2985 7004 1466
598 -3956 -4691 5025 -2983 7003 1464
599 -3955 -4692 5026 -2989 7000 1467
600 -3955 -4691 5023 -2985 7001 1470
601 -3960 -4694 5025 -2985 7001 1466
602 -3958 -4692 5027 -2986 7000 1467
603 -3955 -4692 5023 -2988 6998 1465
604 -3959 -4694 5022 -2986 7002 1466
605 -3956 -4689 5021 -2987 7000 1470
606 -3957 -4692 5020 -2988 6998 1468
607 -3955 -4692 5023 -2987 6999 1469
608 -3957 -4694 5022 -2987 6996 1463
609 -3955 -4692 5022 -2989 6995 1461
610 -3954 -4688 5020 -2985 6998 1468
611 -3954 -4692 5022 -2985 6995 1464
612 -3956 -4689 5021 -2988 6999 1466
613 -3954 -4689 5021 -2985 6998 1466
614 -3953 -4689 5023 -2984 7000 1468
615 -3954 -4688 5023 -2982 7001 1467
616 -3952 -4688 5023 -2983 6999 1467
617 -3954 -4690 5022 -2984 6994 1466
618 -3952 -4688 5020 -2986 6998 1469
619 -3956 -4689 5021 -2980 6995 1468
620 -3954 -4687 5021 -2984 6993 1464
621 -3955 -4692 5018 -2988 6993 1466
622 -3954 -4690 5020 -2985 6993 1466
623 -3952 -4690 5020 -2987 6997 1468
624 -3952 -4687 5022 -2982 6992 1467
625 -3955 -4688 5020 -2981 6994 1466
626 -3954 -4689 5020 -2983 6995 1467
627 -3952 -4687 5023 -2983 6993 1468
628 -3953 -4688 5018 -2983 6994 1469
629 -3957 -4686 5022 -2987 6992 1466
630 -3953 -4685 5018 -2986 6995 1463
631 -3950 -4685 5018 -2981 6994 1464
632 -3953 -4686 5021 -2983 6994 1466
633 -3949 -4686 5018 -2981 6994 1465
634 -3953 -4688 5020 -2983 6994 1467
635 -3955 -4685 5017 -2981 6995 1466
636 -3950 -4685 5021 -2985 6991 1465
637 -3956 -4689 5016 -2983 6994 1467
638 -3952 -4688 5017 -2982 6995 1468
639 -3951 -4688 5021 -2984 6994 1468
640 -3955 -4689 5017 -2982 6993 1464
641 -3952 -4687 5021 -2983 6994 1467
642 -3952 -4690 5017 -2981 6992 1467
643 -3950 -4685 5016 -2984 6992 1465
644 -3955 -4685 5018 -2983 6991 1466
645 -3953 -4687 5018 -2983 6994 1467
646 -3954 -4687 5018 -2983 6990 1466
647 -3950 -4688 5015 -2982 6989 1465
648 -3954 -4686 5016 -2984 6993 1470
649 -3954 -4686 5017 -2986 6992 1466
650 -3952 -4688 5017 -2981 6993 1468
651 -3953 -4686 5015 -2980 6994 1468
652 -3951 -4685 5019 -2989 6992 1466
653 -3955 -4686 5016 -2983 6998 1465
654 -3953 -4686 5015 -2986 6995 1466
655 -3951 -4684 5015 -2985 6994 1470
656 -3951 -4687 5020 -2983 6995 1466
657 -3951 -4686 5018 -2983 6993 1470
658 -3949 -4691 5017 -2981 6992 1466
659 -3952 -4685 5017 -2981 6997 1465
660 -3954 -4687 5019 -2985 6996 1466
661 -3953 -4687 5018 -2984 6995 1468
662 -3955 -4683 5017 -2984 6996 1468
663 -3954 -4689 5020 -2984 6996 1468
664 -3950 -4687 5017 -2984 6996 1464
665 -3952 -4686 5021 -2985 6996 1468
666 -3954 -4688 5020 -2982 6993 1468
667 -3953 -4688 5021 -2987 6995 1467
668 -3956 -4691 5022 -2981 6995 1466
669 -3951 -4687 5024 -2984 6996 1468
670 -3953 -4689 5024 -2985 6994 1468
671 -3954 -4688 5022 -2985 7000 1467
672 -3954 -4684 5021 -2983 6995 1465
673 -3953 -4688 5025 -2985 6996 1465
674 -3953 -4691 5023 -2983 6996 1464
675 -3952 -4687 5019 -2985 6996 1467
676 -3955 -4690 5021 -2984 6997 1469
677 -3956 -4689 5023 -2990 6997 1467
678 -3952 -4692 5020 -2985 6999 1467
679 -3954 -4689 5023 -2986 6997 1468
680 -3953 -4689 5024 -2984 7002 1469
681 -3957 -4690 5022 -2987 7000 1467
682 -3957 -4690 5024 -2983 6998 1467
683 -3958 -4692 5028 -2985 7000 1466
684 -3959 -4692 5028 -2982 7001 1467
685 -3954 -4692 5025 -2986 6996 1466
686 -3956 -4693 5027 -2987 7002 1469
687 -3959 -4690 5023 -2986 6999 1469
688 -3954 -4695 5027 -2987 7001 1468
689 -3956 -4693 5023 -2988 7002 1467
690 -3953 -4693 5025 -2990 6998 1467
691 -3956 -4690 5028 -2987 7001 1468
692 -3956 -4690 5024 -2989 7001 1468
693 -3956 -4698 5029 -2987 7004 1469
694 -3957 -4695 5027 -2989 7006 1466
695 -3959 -4690 5027 -2985 7003 1466
696 -3957 -4693 5024 -2989 7004 1467
697 -3957 -4696 5028 -2987 7004 1468
698 -3954 -4694 5027 -2990 7003 1468
699 -3958 -4695 5026 -2988 7005 1468
700 -3953 -4692 5034 -2989 7004 1468
701 -3957 -4696 5027 -2988 7001 1465
702 -3958 -4694 5027 -2989 7002 1468
703 -3952 -4693 5030 -2988 7003 1468
704 -3958 -4696 5030 -2988 7005 1467
705 -3958 -4694 5029 -2989 7005 1466
706 -3957 -4689 5029 -2989 7005 1468
707 -3959 -4694 5029 -2990 7008 1465
708 -3960 -4694 5031 -2990 7005 1467
709 -3957 -4697 5032 -2991 7004 1467
710 -3956 -4694 5032 -2984 7005 1468
711 -3960 -4697 5029 -2990 7004 1470
712 -3960 -4697 5029 -2990 7004 1468
713 -3956 -4696 5027 -2989 7007 1465
714 -3962 -4695 5031 -2991 7003 1466
715 -3960 -4692 5032 -2988 7006 1470
716 -3960 -4694 5030 -2988 7005 1468
717 -3954 -4697 5027 -2988 7005 1468
718 -3959 -4694 5028 -2988 7008 1467
719 -3960 -4694 5031 -2990 7000 1468
720 -3958 -4697 5031 -2988 7002 1466
721 -3957 -4695 5028 -2989 7004 1466
722 -3957 -4692 5031 -2987 7007 1470
723 -3959 -4695 5030 -2989 7006 1470
724 -3957 -4698 5031 -2987 7004 1466
725 -3957 -4695 5028 -2990 7006 1469
726 -3959 -4693 5033 -2989 7009 1467
727 -3958 -4698 5031 -2990 7005 1468
728 -3960 -4696 5032 -2989 7006 1467
729 -3961 -4694 5029 -2988 7007 1467
730 -3957 -4692 5030 -2988 7005 1469
731 -3957 -4693 5028 -2991 7003 1467
732 -3961 -4695 5029 -2991 7007 1470
733 -3956 -4696 5030 -2991 7007 1470
734 -3962 -4694 5025 -2992 7003 1471
735 -3957 -4692 5029 -2992 7007 1465
736 -3957 -4693 5026 -2989 7003 1467
737 -3961 -4694 5028 -2988 7006 1468
738 -3960 -4696 5030 -2990 7003 1469
739 -3959 -4691 5026 -2988 7005 1467
740 -3960 -4694 5026 -2991 7005 1468
741 -3959 -4692 5027 -2990 7003 1467
742 -3959 -4692 5027 -2988 7005 1464
743 -3958 -4692 5026 -2990 7006 1465
744 -3958 -4691 5029 -2988 7003 1467
745 -3960 -4689 5024 -2989 7002 1467
746 -3956 -4690 5028 -2990 7002 1468
747 -3958 -4691 5027 -2987 7003 1468
748 -3959 -4692 5026 -2987 7003 1470
749 -3958 -4694 5026 -2987 7000 1466
750 -3958 -4688 5024 -2987 7006 1470
751 -3959 -4690 5026 -2984 7003 1465
752 -3959 -4686 5024 -2990 7002 1467
753 -3957 -4690 5023 -2988 7003 1467
754 -3957 -4688 5025 -2988 6998 1468
755 -3958 -4689 5024 -2989 7001 1469
756 -3959 -4687 5024 -2987 7001 1467
757 -3960 -4685 5020 -2989 6999 1466
758 -3958 -4689 5023 -2986 6998 1465
759 -3959 -4686 5023 -2987 6999 1465
760 -3955 -4687 5021 -2989 6998 1466
761 -3955 -4685 5022 -2986 7000 1467
762 -3957 -4686 5020 -2989 7000 1466
763 -3955 -4685 5018 -2986 7002 1466
764 -3955 -4684 5021 -2984 6998 1466
765 -3957 -4684 5019 -2984 6997 1468
766 -3957 -4682 5020 -2986 6998 1467
767 -3957 -4683 5020 -2987 6997 1469
768 -3958 -4683 5019 -2987 6997 1465
769 -3957 -4688 5016 -2988 7000 1468
770 -3958 -4684 5018 -2984 7000 1470
771 -3955 -4680 5021 -2987 6997 1470
772 -3953 -4686 5015 -2985 6998 1471
773 -3957 -4686 5018 -2985 6995 1468
774 -3954 -4683 5017 -2983 6996 1472
775 -3959 -4683 5020 -2988 6998 1467
776 -3957 -4680 5017 -2985 6996 1467
777 -3958 -4683 5019 -2986 6997 1470
778 -3955 -4684 5018 -2987 6994 1467
779 -3956 -4681 5017 -2984 6996 1467
780 -3955 -4680 5016 -2984 6993 1468
781 -3957 -4679 5019 -2984 6996 1471
782 -3953 -4678 5017 -2985 6996 1473
783 -3956 -4683 5018 -2987 6994 1466
784 -3956 -4680 5017 -2984 6997 1468
785 -3956 -4682 5017 -2988 6996 1469
786 -3952 -4681 5019 -2985 6997 1468
787 -3956 -4678 5019 -2985 6998 1468
788 -3952 -4679 5019 -2988 6997 1467
789 -3957 -4681 5018 -2989 6996 1471
790 -3956 -4681 5013 -2986 6994 1469
791 -3956 -4679 5017 -2988 6997 1467
792 -3953 -4681 5017 -2985 7000 1468
793 -3955 -4676 5019 -2986 6998 1465
794 -3955 -4677 5017 -2986 6998 1470
795 -3959 -4677 5018 -2987 6997 1471
796 -3959 -4677 5019 -2984 6998 1468
797 -3956 -4684 5018 -2983 6995 1469
798 -3956 -4680 5020 -2986 6997 1470
799 -3958 -4679 5018 -2989 6997 1470
800 -3956 -4679 5021 -2986 6997 1466
801 -3956 -4682 5018 -2988 6997 1470
802 -3956 -4683 5018 -2987 6997 1470
803 -3957 -4681 5019 -2986 6999 1468
804 -3957 -4680 5021 -2989 6999 1465
805 -3960 -4680 5020 -2986 7001 1471
806 -3957 -4684 5018 -2989 7002 1465
807 -3957 -4681 5016 -2988 7003 1469
808 -3955 -4682 5019 -2987 7002 1471
809 -3955 -4681 5019 -2989 7002 1466
810 -3956 -4681 5023 -2989 6999 1472
811 -3959 -4683 5021 -2985 7001 1468
812 -3957 -4680 5022 -2991 7003 1466
813 -3961 -4685 5020 -2987 7003 1468
814 -3959 -4682 5018 -2991 7005 1472
815 -3961 -4682 5021 -2990 7002 1471
816 -3957 -4683 5021 -2988 7004 1472
817 -3959 -4684 5021 -2990 7006 1471
818 -3958 -4683 5021 -2990 7006 1472
819 -3964 -4682 5022 -2988 7005 1470
820 -3960 -4683 5022 -2991 7005 1470
821 -3960 -4686 5022 -2988 7006 1471
822 -3960 -4685 5024 -2990 7007 1468
823 -3960 -4682 5023 -2991 7006 1470
824 -3963 -4684 5025 -2992 7005 1468
825 -3963 -4689 5026 -2992 7007 1472
826 -3963 -4684 5026 -2992 7008 1468
827 -3961 -4687 5027 -2991 7008 1470
828 -3964 -4686 5026 -2990 7007 1468
829 -3963 -4681 5025 -2991 7010 1466
830 -3962 -4687 5027 -2992 7012 1469
831 -3964 -4688 5029 -2995 7009 1466
832 -3961 -4687 5029 -2994 7010 1466
833 -3963 -4687 5030 -2993 7008 1472
834 -3963 -4689 5027 -2994 7010 1471
835 -3965 -4690 5027 -2996 7008 1469
836 -3965 -4689 5029 -2993 7013 1468
837 -3964 -4689 5026 -2994 7010 1469
838 -3964 -4692 5030 -2994 7013 1468
839 -3967 -4694 5028 -2995 7013 1468
840 -3965 -4689 5032 -2997 7011 1470
841 -3965 -4692 5027 -2991 7014 1469
842 -3967 -4690 5032 -2995 7015 1468
843 -3966 -4691 5031 -2999 7014 1469
844 -3964 -4689 5032 -2998 7013 1470
845 -3970 -4692 5033 -2998 7014 1467
846 -3970 -4691 5033 -2999 7015 1467
847 -3969 -4690 5033 -2997 7014 1470
848 -3965 -4691 5034 -2996 7016 1466
849 -3965 -4692 5031 -2996 7019 1471
850 -3963 -4692 5033 -2997 7021 1472
851 -3966 -4691 5030 -2997 7018 1470
852 -3966 -4692 5032 -2998 7017 1472
853 -3967 -4693 5030 -2993 7020 1469
854 -3965 -4689 5034 -2998 7018 1467
855 -3966 -4689 5039 -2998 7018 1471
856 -3971 -4690 5032 -2998 7020 1465
857 -3967 -4694 5033 -2998 7014 1468
858 -3965 -4691 5031 -2996 7019 1469
859 -3967 -4689 5032 -2998 7018 1470
860 -3967 -4689 5035 -2996 7018 1468
861 -3968 -4692 5032 -2996 7018 1467
862 -3966 -4690 5035 -2997 7018 1469
863 -3967 -4693 5036 -2999 7019 1467
864 -3969 -4689 5035 -3000 7018 1471
865 -3968 -4689 5036 -2999 7019 1472
866 -3969 -4690 5038 -3000 7019 1470
867 -3968 -4692 5036 -3000 7019 1470
868 -3971 -4692 5033 -2998 7020 1467
869 -3967 -4691 5033 -3000 7017 1470
870 -3967 -4691 5032 -3000 7019 1470
871 -3970 -4691 5034 -2999 7017 1465
872 -3965 -4690 5035 -3001 7018 1471
873 -3969 -4692 5032 -2997 7017 1471
874 -3966 -4692 5035 -2997 7017 1470
875 -3970 -4689 5032 -2997 7020 1472
876 -3970 -4691 5035 -2998 7018 1469
877 -3965 -4690 5032 -2995 7019 1473
878 -3970 -4693 5035 -2999 7021 1470
879 -3966 -4691 5032 -2999 7018 1471
880 -3965 -4693 5036 -2995 7021 1470
881 -3966 -4689 5035 -3002 7016 1471
882 -3966 -4691 5032 -2999 7018 1470
883 -3967 -4690 5032 -3000 7020 1472
884 -3968 -4685 5033 -2994 7020 1470
885 -3965 -4689 5035 -2998 7017 1472
886 -3966 -4689 5033 -2997 7019 1474
887 -3969 -4690 5034 -3002 7014 1470
888 -3970 -4689 5031 -3000 7016 1468
889 -3965 -4690 5030 -3002 7015 1471
890 -3970 -4688 5032 -2999 7016 1468
891 -3967 -4688 5031 -3000 7014 1467
892 -3967 -4687 5027 -2997 7017 1470
893 -3970 -4687 5032 -2997 7019 1470
894 -3965 -4685 5031 -3001 7018 1470
895 -3964 -4687 5029 -2998 7016 1469
896 -3966 -4685 5029 -2996 7016 1472
897 -3967 -4687 5029 -2995 7016 1470
898 -3969 -4686 5031 -2998 7019 1473
899 -3967 -4684 5033 -2998 7015 1470
900 -3969 -4684 5030 -2998 7017 1472
901 -3970 -4685 5030 -2996 7015 1470
902 -3969 -4686 5029 -2995 7015 1469
903 -3969 -4687 5028 -2996 7016 1470
904 -3969 -4686 5026 -2998 7012 1470
905 -3969 -4683 5030 -2996 7017 1471
906 -3968 -4684 5026 -2996 7014 1470
907 -3967 -4687 5031 -2995 7018 1469
908 -3965 -4683 5028 -2999 7017 1472
909 -3968 -4684 5029 -2997 7015 1470
910 -3970 -4686 5025 -2996 7015 1468
911 -3969 -4683 5027 -2998 7017 1467
912 -3968 -4683 5026 -2998 7013 1470
913 -3967 -4682 5027 -3000 7015 1470
914 -3964 -4679 5027 -2996 7017 1469
915 -3970 -4682 5029 -2996 7016 1467
916 -3966 -4682 5027 -3001 7014 1469
917 -3969 -4684 5027 -2997 7015 1468
918 -3968 -4679 5026 -2995 7017 1474
919 -3967 -4680 5027 -2997 7012 1470
920 -3966 -4684 5028 -2999 7013 1467
921 -3967 -4681 5026 -2999 7012 1470
922 -3966 -4684 5025 -2997 7013 1470
923 -3971 -4681 5023 -2995 7012 1471
924 -3968 -4682 5023 -2996 7012 1472
925 -3967 -4682 5026 -2994 7016 1472
926 -3965 -4682 5026 -2995 7014 1473
927 -3965 -4681 5028 -2995 7010 1472
928 -3968 -4683 5028 -2994 7011 1471
929 -3969 -4682 5025 -2994 7017 1474
930 -3967 -4680 5026 -2995 7012 1472
931 -3967 -4681 5022 -2998 7011 1467
932 -3968 -4678 5022 -2997 7012 1469
933 -3969 -4682 5026 -2998 7011 1469
934 -3970 -4682 5024 -2994 7014 1466
935 -3967 -4678 5023 -2996 7014 1470
936 -3963 -4678 5024 -2995 7010 1471
937 -3965 -4679 5022 -2997 7011 1469
938 -3965 -4680 5022 -2994 7014 1470
939 -3965 -4675 5024 -2992 7014 1475
940 -3965 -4675 5023 -2992 7015 1467
941 -3968 -4679 5024 -2996 7012 1468
942 -3967 -4678 5024 -2995 7010 1473
943 -3965 -4677 5022 -2994 7014 1467
944 -3966 -4681 5021 -2995 7013 1471
945 -3964 -4677 5022 -2994 7012 1472
946 -3968 -4675 5022 -2995 7010 1469
947 -3967 -4679 5022 -2996 7011 1470
948 -3965 -4678 5023 -2996 7009 1466
949 -3969 -4679 5021 -2994 7011 1468
950 -3965 -4679 5021 -2994 7014 1470
951 -3967 -4675 5025 -2997 7012 1470
952 -3970 -4680 5022 -2997 7013 1469
953 -3965 -4677 5024 -2997 7014 1470
954 -3969 -4679 5022 -2997 7012 1468
955 -3967 -4678 5024 -2995 7014 1468
956 -3968 -4678 5022 -2998 7016 1469
957 -3972 -4678 5023 -2997 7013 1469
958 -3968 -4678 5025 -2997 7015 1471
959 -3967 -4680 5024 -2997 7015 1468
960 -3965 -4679 5023 -2997 7012 1470
961 -3970 -4680 5025 -2998 7014 1471
962 -3969 -4680 5025 -2999 7016 1471
963 -3967 -4681 5026 -2997 7017 1470
964 -3967 -4679 5025 -3001 7015 1470
965 -3966 -4682 5025 -3001 7019 1473
966 -3968 -4677 5026 -3001 7018 1472
967 -3967 -4681 5027 -2995 7017 1470
968 -3968 -4677 5028 -2997 7018 1474
969 -3971 -4679 5027 -2999 7017 1470
970 -3968 -4680 5025 -2995 7019 1471
971 -3967 -4680 5030 -2999 7020 1470
972 -3967 -4679 5028 -3001 7016 1471
973 -3971 -4682 5027 -3002 7018 1469
974 -3974 -4684 5027 -2998 7017 1467
975 -3970 -4682 5032 -2998 7020 1475
976 -3969 -4682 5029 -3002 7021 1471
977 -3971 -4685 5030 -3000 7018 1470
978 -3972 -4684 5027 -2999 7023 1471
979 -3973 -4685 5029 -3003 7018 1469
980 -3973 -4682 5029 -2996 7023 1470
981 -3968 -4681 5032 -3003 7020 1474
982 -3967 -4681 5033 -3003 7020 1470
983 -3972 -4682 5028 -3000 7023 1473
984 -3970 -4684 5033 -3002 7025 1470
985 -3971 -4683 5030 -3001 7021 1475
986 -3974 -4683 5031 -3001 7025 1468
987 -3974 -4685 5031 -3002 7024 1470
988 -3976 -4686 5031 -3004 7026 1476
989 -3974 -4688 5033 -3001 7022 1474
990 -3972 -4684 5033 -3001 7025 1474
991 -3971 -4686 5031 -3005 7028 1470
992 -3976 -4685 5034 -3002 7025 1473
993 -3975 -4687 5035 -3002 7028 1472
994 -3972 -4684 5032 -3003 7027 1474
995 -3973 -4686 5035 -3004 7030 1473
996 -3972 -4687 5034 -3003 7031 1476
997 -3974 -4688 5037 -2999 7028 1470
998 -3973 -4686 5037 -3003 7031 1470
999 -3976 -4686 5034 -3002 7026 1473
