0 -1012 821 -960 362 741 1116
1 -1014 822 -961 364 739 1117
2 -1012 825 -959 366 741 1118
3 -1010 825 -960 365 737 1113
4 -1013 823 -960 365 740 1116
5 -1012 823 -961 362 738 1117
6 -1012 825 -962 362 741 1114
7 -1013 822 -961 366 739 1113
8 -1010 825 -961 364 740 1113
9 -1013 827 -960 366 739 1117
10 -1012 823 -961 363 739 1116
11 -1014 824 -962 367 742 1115
12 -1012 823 -960 366 741 1114
13 -1013 829 -961 363 740 1117
14 -1012 821 -962 365 743 1117
15 -1012 827 -959 361 738 1113
16 -1012 823 -960 365 738 1119
17 -1011 826 -961 369 739 1115
18 -1014 821 -961 362 739 1113
19 -1011 822 -964 364 743 1116
20 -1012 819 -960 366 739 1116
21 -1012 821 -962 364 741 1112
22 -1012 827 -957 364 739 1115
23 -1012 825 -959 367 740 1120
24 -1011 824 -959 363 739 1115
25 -1009 824 -959 366 738 1115
26 -1014 824 -956 365 743 1118
27 -1009 822 -961 363 740 1118
28 -1013 824 -958 364 739 1118
29 -1012 823 -961 363 739 1115
30 -1011 825 -959 369 739 1115
31 -1015 823 -961 365 741 1112
32 -1014 823 -963 363 739 1114
33 -1011 827 -959 367 738 1118
34 -1011 826 -960 367 742 1119
35 -1011 823 -960 365 744 1114
36 -1013 821 -962 365 740 1117
37 -1013 823 -957 364 741 1116
38 -1016 824 -963 365 740 1114
39 -1015 824 -963 364 739 1117
40 -1015 824 -959 367 740 1115
41 -1011 821 -963 364 738 1115
42 -1015 825 -961 367 741 1115
43 -1011 825 -960 363 740 1117
44 -1014 823 -963 366 738 1114
45 -1015 819 -962 365 739 1119
46 -1013 823 -961 365 742 1120
47 -1013 822 -961 366 738 1116
48 -1015 822 -962 366 738 1118
49 -1013 822 -961 365 742 1115
50 -1016 825 -961 368 739 1117
51 -1013 823 -959 363 742 1114
52 -1013 824 -960 364 740 1118
53 -1014 822 -962 364 743 1118
54 -1011 824 -962 363 741 1116
55 -1009 826 -959 367 743 1116
56 -1010 823 -959 367 741 1112
57 -1010 826 -958 367 739 1118
58 -1010 826 -962 368 739 1119
59 -1012 822 -962 366 738 1118
60 -1014 822 -962 368 744 1120
61 -1009 825 -961 366 743 1118
62 -1013 823 -961 367 740 1115
63 -1012 823 -959 362 740 1117
64 -1013 825 -959 366 740 1121
65 -1008 827 -958 365 740 1119
66 -1012 824 -960 366 741 1116
67 -1012 826 -960 363 741 1121
68 -1009 826 -960 366 742 1117
69 -1010 825 -958 367 741 1116
70 -1014 823 -960 365 740 1117
71 -1013 825 -961 367 739 1118
72 -1015 822 -961 365 742 1116
73 -1015 824 -958 367 743 1113
74 -1012 825 -959 364 738 1115
75 -1014 824 -962 363 741 1117
76 -1014 823 -959 369 739 1118
77 -1010 825 -959 366 741 1116
78 -1011 828 -961 365 739 1117
79 -1012 824 -959 366 739 1116
80 -1009 826 -959 364 742 1119
81 -1012 827 -960 364 740 1119
82 -1009 821 -959 363 739 1117
83 -1012 824 -960 365 742 1116
84 -1013 823 -960 365 738 1119
85 -1011 822 -963 365 737 1116
86 -1012 823 -961 366 739 1116
87 -1012 826 -961 362 741 1120
88 -1011 823 -959 366 733 1119
89 -1017 823 -961 364 741 1115
90 -1014 824 -961 363 739 1116
91 -1014 824 -962 362 734 1114
92 -1014 826 -958 364 738 1117
93 -1014 822 -962 362 740 1117
94 -1013 823 -965 365 743 1117
95 -1014 825 -962 366 741 1113
96 -1013 823 -961 361 738 1117
97 -1013 823 -961 366 742 1117
98 -1011 824 -960 365 744 1120
99 -1014 826 -960 364 741 1117
100 -1008 824 -962 368 737 1114
101 -1012 821 -960 366 741 1120
102 -1010 825 -961 366 739 1118
103 -1013 820 -961 365 739 1118
104 -1013 820 -965 367 737 1117
105 -1014 823 -959 364 740 1118
106 -1011 824 -958 363 744 1118
107 -1014 825 -961 366 742 1118
108 -1012 821 -962 368 738 1120
109 -1014 825 -960 363 742 1117
110 -1014 821 -960 364 739 1115
111 -1012 823 -962 365 738 1118
112 -1011 820 -961 365 737 1115
113 -1013 823 -961 366 743 1120
114 -1014 824 -962 365 740 1117
115 -1013 823 -963 364 738 1116
116 -1013 826 -960 369 744 1117
117 -1010 826 -958 363 740 1116
118 -1013 826 -961 365 740 1119
119 -1012 825 -961 368 744 1118
120 -1011 823 -958 365 745 1119
121 -1011 828 -959 367 743 1122
122 -1012 825 -955 368 741 1117
123 -1010 824 -963 368 740 1114
124 -1010 823 -960 366 741 1116
125 -1013 823 -958 367 745 1118
126 -1011 823 -959 370 739 1121
127 -1011 823 -960 368 739 1116
128 -1009 823 -959 369 741 1116
129 -1009 827 -959 365 742 1118
130 -1011 825 -959 365 744 1119
131 -1013 824 -961 370 740 1118
132 -1008 822 -958 368 737 1119
133 -1012 825 -962 369 736 1119
134 -1009 826 -962 365 740 1118
135 -1012 821 -961 365 740 1116
136 -1013 821 -962 363 742 1120
137 -1012 825 -960 366 738 1116
138 -1010 820 -958 365 744 1118
139 -1013 824 -959 368 744 1116
140 -1012 822 -962 368 740 1118
141 -1011 822 -957 367 743 1117
142 -1012 828 -958 367 741 1118
143 -1013 824 -961 368 738 1117
144 -1010 821 -961 364 739 1119
145 -1013 826 -958 367 742 1117
146 -1012 825 -958 365 739 1120
147 -1011 826 -960 366 741 1118
148 -1013 823 -962 365 736 1118
149 -1014 820 -961 363 742 1117
150 -1015 822 -962 367 739 1118
151 -1010 824 -960 365 741 1114
152 -1011 825 -960 366 744 1118
153 -1013 826 -959 366 740 1120
154 -1011 827 -956 365 741 1117
155 -1011 826 -961 367 742 1114
156 -1012 820 -961 364 740 1119
157 -1013 822 -960 363 736 1116
158 -1012 825 -960 368 738 1115
159 -1011 824 -960 364 743 1117
160 -1013 822 -962 364 739 1117
161 -1012 824 -961 368 740 1118
162 -1014 824 -959 367 742 1118
163 -1010 822 -961 365 740 1113
164 -1011 822 -965 365 741 1116
165 -1013 826 -960 366 741 1115
166 -1013 825 -962 365 736 1116
167 -1012 822 -965 366 737 1116
168 -1014 825 -960 368 738 1118
169 -1012 823 -964 365 743 1118
170 -1013 823 -959 367 738 1117
171 -1011 823 -964 363 745 1118
172 -1013 823 -961 366 740 1117
173 -1017 826 -962 367 738 1119
174 -1015 824 -963 364 737 1116
175 -1010 821 -961 363 739 1115
176 -1014 826 -962 364 739 1115
177 -1012 825 -961 363 740 1114
178 -1015 823 -960 363 740 1118
179 -1015 821 -961 365 737 1114
180 -1014 823 -962 363 739 1118
181 -1014 821 -958 362 742 1118
182 -1016 824 -963 365 740 1116
183 -1014 823 -962 364 741 1116
184 -1014 823 -961 365 743 1116
185 -1012 827 -962 365 737 1115
186 -1013 821 -963 365 738 1116
187 -1012 827 -962 363 737 1117
188 -1015 826 -962 366 740 1119
189 -1014 820 -959 365 736 1115
190 -1014 823 -961 365 739 1115
191 -1014 821 -962 362 738 1115
192 -1014 824 -960 365 740 1116
193 -1012 823 -963 361 739 1119
194 -1011 827 -961 366 737 1112
195 -1014 821 -964 365 740 1115
196 -1014 825 -962 363 739 1116
197 -1013 819 -958 367 741 1117
198 -1014 823 -960 361 738 1116
199 -1012 822 -962 363 739 1116
200 -1011 822 -961 367 738 1115
201 -1012 824 -961 366 740 1119
202 -1012 826 -961 363 739 1116
203 -1010 827 -961 362 739 1117
204 -1012 820 -964 361 739 1116
205 -1014 824 -966 363 739 1114
206 -1011 823 -964 367 739 1116
207 -1014 824 -960 364 740 1118
208 -1014 821 -963 362 739 1117
209 -1013 824 -961 363 739 1117
210 -1012 822 -962 362 742 1115
211 -1010 820 -964 366 740 1114
212 -1013 821 -963 363 742 1115
213 -1013 822 -959 362 740 1118
214 -1017 821 -959 365 738 1116
215 -1015 822 -963 362 737 1116
216 -1012 822 -961 367 742 1115
217 -1013 823 -958 366 741 1118
218 -1016 823 -958 365 743 1116
219 -1012 823 -962 366 739 1117
220 -1013 823 -962 364 739 1116
221 -1013 821 -961 364 738 1117
222 -1014 823 -959 361 741 1115
223 -1014 821 -962 365 736 1114
224 -1013 822 -963 363 742 1116
225 -1011 827 -963 368 741 1118
226 -1013 824 -964 362 739 1116
227 -1014 824 -964 361 738 1112
228 -1016 820 -960 362 739 1113
229 -1011 827 -958 364 740 1118
230 -1013 822 -961 365 740 1115
231 -1012 820 -965 364 742 1115
232 -1012 820 -962 366 737 1116
233 -1011 823 -965 366 741 1115
234 -1014 823 -959 364 738 1117
235 -1012 822 -961 365 740 1115
236 -1011 822 -962 366 741 1117
237 -1014 822 -960 365 740 1117
238 -1014 823 -960 365 739 1118
239 -1015 820 -963 362 740 1114
240 -1013 820 -961 365 739 1117
241 -1016 824 -960 367 739 1119
242 -1014 824 -957 365 739 1118
243 -1014 820 -959 366 741 1115
244 -1012 822 -960 365 739 1116
245 -1013 821 -960 365 737 1117
246 -1014 825 -961 362 738 1118
247 -1013 820 -963 362 742 1114
248 -1014 818 -963 361 739 1113
249 -1014 821 -960 362 741 1116
250 -1014 825 -964 365 740 1114
251 -1016 820 -964 363 740 1117
252 -1014 823 -963 367 740 1115
253 -1013 824 -964 364 737 1117
254 -1015 822 -960 365 740 1115
255 -1013 822 -961 368 740 1118
256 -1016 825 -961 365 735 1115
257 -1013 821 -966 363 741 1117
258 -1014 825 -962 366 740 1117
259 -1017 824 -961 364 740 1113
260 -1013 821 -962 368 740 1117
261 -1011 823 -962 365 740 1118
262 -1015 825 -962 365 739 1118
263 -1013 824 -961 367 737 1120
264 -1012 823 -963 364 739 1114
265 -1013 826 -962 364 742 1118
266 -1014 826 -964 362 738 1115
267 -1009 826 -962 365 738 1115
268 -1012 823 -959 365 739 1118
269 -1012 821 -960 367 739 1117
270 -1013 827 -959 364 739 1120
271 -1015 823 -957 364 742 1117
272 -1011 825 -960 365 741 1118
273 -1012 818 -961 368 740 1120
274 -1013 823 -960 367 743 1120
275 -1010 821 -959 366 743 1119
276 -1014 822 -961 366 739 1121
277 -1014 823 -962 366 738 1118
278 -1014 824 -964 366 739 1114
279 -1014 822 -960 363 741 1117
280 -1015 825 -960 363 737 1118
281 -1013 823 -963 369 741 1118
282 -1010 825 -962 363 740 1118
283 -1015 824 -961 363 735 1117
284 -1014 823 -959 363 739 1114
285 -1015 825 -963 365 737 1113
286 -1015 825 -962 364 738 1117
287 -1014 823 -961 363 741 1119
288 -1012 824 -962 364 739 1113
289 -1010 823 -964 368 742 1117
290 -1012 823 -960 365 739 1116
291 -1012 824 -959 369 740 1117
292 -1014 825 -961 363 741 1118
293 -1013 827 -960 363 742 1120
294 -1011 826 -960 369 744 1118
295 -1013 824 -957 369 741 1117
296 -1012 822 -958 368 741 1120
297 -1011 827 -960 362 740 1118
298 -1014 823 -957 366 743 1118
299 -1010 827 -963 367 739 1119
300 -1009 821 -960 368 739 1118
301 -1012 821 -959 367 739 1117
302 -1013 826 -961 365 745 1119
303 -1012 821 -963 365 740 1113
304 -1011 824 -961 365 741 1119
305 -1012 822 -956 363 740 1118
306 -1012 822 -962 364 739 1118
307 -1012 824 -964 364 739 1116
308 -1012 821 -961 366 740 1117
309 -1014 825 -958 364 740 1117
310 -1017 823 -958 363 740 1112
311 -1013 821 -959 368 742 1114
312 -1012 826 -963 365 736 1116
313 -1012 826 -959 367 741 1119
314 -1012 823 -961 363 744 1120
315 -1011 822 -960 364 736 1118
316 -1012 823 -966 368 743 1115
317 -1013 823 -962 367 739 1117
318 -1012 826 -960 366 741 1118
319 -1014 821 -960 365 740 1117
320 -1013 822 -960 365 742 1114
321 -1014 825 -960 364 738 1119
322 -1013 824 -958 363 740 1118
323 -1011 824 -963 365 739 1115
324 -1010 822 -959 364 737 1115
325 -1014 821 -963 364 740 1122
326 -1007 826 -961 363 741 1118
327 -1015 824 -960 368 737 1117
328 -1014 822 -958 367 741 1118
329 -1010 825 -960 366 738 1119
330 -1010 823 -958 365 743 1119
331 -1011 829 -958 367 742 1117
332 -1011 825 -959 363 739 1117
333 -1013 825 -959 368 742 1119
334 -1013 824 -960 365 742 1117
335 -1012 824 -961 361 739 1112
336 -1012 823 -963 365 740 1116
337 -1011 824 -963 363 741 1118
338 -1012 826 -960 365 742 1117
339 -1013 822 -959 367 738 1114
340 -1012 823 -964 366 739 1113
341 -1011 825 -960 365 739 1123
342 -1011 825 -958 367 740 1121
343 -1013 826 -960 365 740 1120
344 -1015 824 -961 363 740 1116
345 -1015 823 -962 363 739 1119
346 -1012 823 -958 366 742 1117
347 -1013 822 -962 362 741 1116
348 -1011 822 -962 367 741 1120
349 -1009 820 -961 366 740 1121
350 -1009 827 -957 364 736 1121
351 -1010 825 -961 366 736 1118
352 -1012 821 -961 366 742 1116
353 -1013 821 -962 363 740 1118
354 -1014 825 -957 363 742 1118
355 -1011 827 -961 363 741 1113
356 -1014 823 -963 364 741 1115
357 -1010 822 -964 367 740 1117
358 -1014 824 -961 367 740 1119
359 -1014 824 -960 365 742 1117
360 -1011 823 -957 365 738 1117
361 -1013 821 -961 366 740 1120
362 -1015 829 -961 364 738 1121
363 -1013 824 -959 366 738 1119
364 -1012 820 -963 365 736 1119
365 -1011 827 -961 369 738 1116
366 -1015 823 -960 367 739 1119
367 -1013 825 -959 367 739 1118
368 -1012 823 -961 367 744 1116
369 -1012 823 -959 365 740 1116
370 -1012 826 -964 364 742 1122
371 -1012 824 -957 366 739 1121
372 -1011 822 -961 363 742 1116
373 -1010 820 -959 364 738 1115
374 -1016 826 -963 361 738 1118
375 -1013 826 -958 365 742 1120
376 -1015 826 -961 364 739 1118
377 -1016 825 -959 361 743 1116
378 -1013 823 -960 364 742 1117
379 -1011 828 -958 364 742 1117
380 -1011 824 -960 365 741 1115
381 -1011 823 -962 365 744 1116
382 -1014 822 -961 363 740 1116
383 -1012 825 -959 366 742 1118
384 -1016 824 -960 365 739 1115
385 -1010 824 -963 364 739 1114
386 -1014 822 -963 364 741 1121
387 -1012 826 -960 365 740 1120
388 -1012 825 -962 367 739 1118
389 -1016 823 -962 362 739 1117
390 -1011 820 -962 367 741 1114
391 -1011 824 -959 367 738 1119
392 -1015 826 -962 365 738 1115
393 -1012 820 -960 364 740 1116
394 -1012 821 -965 365 740 1119
395 -1013 823 -961 367 740 1117
396 -1010 821 -959 367 738 1118
397 -1012 822 -961 362 740 1116
398 -1015 822 -965 364 739 1114
399 -1013 818 -960 362 740 1118
400 -1012 826 -960 366 744 1117
401 -1012 825 -961 364 741 1118
402 -1009 822 -962 365 743 1117
403 -1011 824 -962 366 740 1117
404 -1013 827 -962 363 739 1116
405 -1010 826 -959 365 739 1114
406 -1013 824 -962 365 742 1113
407 -1012 825 -960 367 739 1117
408 -1011 828 -955 369 740 1116
409 -1013 825 -960 367 738 1118
410 -1014 821 -959 367 737 1118
411 -1013 827 -959 365 741 1117
412 -1015 825 -960 366 740 1121
413 -1009 825 -960 367 737 1114
414 -1009 820 -960 369 741 1118
415 -1012 824 -961 366 738 1117
416 -1012 826 -961 367 740 1117
417 -1011 825 -959 364 741 1119
418 -1010 821 -961 362 741 1116
419 -1011 823 -959 366 738 1114
420 -1013 824 -960 366 741 1117
421 -1013 826 -962 365 738 1114
422 -1012 824 -962 365 742 1116
423 -1013 821 -965 365 740 1116
424 -1015 824 -962 365 739 1116
425 -1012 826 -960 364 739 1114
426 -1011 824 -962 367 739 1120
427 -1015 822 -962 363 740 1116
428 -1012 822 -961 364 738 1117
429 -1010 825 -961 365 737 1116
430 -1015 822 -959 362 735 1113
431 -1015 820 -964 363 737 1116
432 -1012 819 -967 366 739 1121
433 -1013 827 -961 363 738 1117
434 -1014 823 -960 363 738 1114
435 -1012 823 -962 365 739 1115
436 -1011 822 -963 363 738 1117
437 -1012 820 -961 367 736 1119
438 -1013 825 -961 365 739 1112
439 -1013 823 -963 367 737 1117
440 -1010 823 -963 366 738 1118
441 -1013 826 -959 366 738 1116
442 -1018 823 -959 360 738 1114
443 -1011 821 -963 364 739 1115
444 -1010 824 -961 367 740 1118
445 -1011 825 -960 364 740 1119
446 -1013 825 -963 365 743 1115
447 -1010 822 -962 364 740 1117
448 -1010 824 -961 365 737 1118
449 -1012 827 -957 366 741 1119
450 -1011 828 -960 365 738 1116
451 -1010 825 -962 367 740 1116
452 -1014 822 -963 369 744 1123
453 -1012 823 -961 363 741 1120
454 -1013 826 -960 362 742 1118
455 -1014 821 -961 365 742 1116
456 -1013 821 -962 366 737 1119
457 -1014 827 -962 363 738 1120
458 -1011 824 -957 368 742 1116
459 -1011 818 -961 366 740 1116
460 -1015 824 -958 364 740 1114
461 -1013 823 -963 361 738 1120
462 -1015 829 -957 364 740 1118
463 -1014 824 -960 364 739 1114
464 -1011 823 -960 368 741 1113
465 -1010 822 -963 367 744 1115
466 -1011 824 -961 362 741 1116
467 -1015 823 -961 365 741 1119
468 -1016 825 -961 368 743 1118
469 -1011 825 -958 364 742 1119
470 -1013 825 -962 365 737 1117
471 -1014 824 -961 361 742 1115
472 -1012 823 -962 366 739 1115
473 -1010 823 -962 364 737 1115
474 -1013 823 -964 365 740 1116
475 -1014 822 -963 364 742 1117
476 -1013 825 -961 363 738 1117
477 -1011 825 -960 367 741 1115
478 -1013 825 -960 367 736 1116
479 -1013 824 -962 365 737 1119
480 -1013 823 -961 367 735 1116
481 -1010 825 -965 364 737 1116
482 -1013 827 -961 366 738 1117
483 -1011 827 -962 366 735 1116
484 -1014 823 -962 367 740 1117
485 -1014 823 -962 363 741 1118
486 -1012 826 -962 364 741 1117
487 -1012 823 -962 369 741 1118
488 -1012 827 -958 364 741 1116
489 -1017 826 -965 363 741 1120
490 -1015 819 -960 363 742 1118
491 -1014 825 -961 368 736 1117
492 -1011 824 -958 365 740 1119
493 -1011 822 -960 365 737 1118
494 -1012 823 -961 364 741 1114
495 -1012 823 -960 364 739 1116
496 -1011 824 -961 367 737 1120
497 -1015 821 -962 365 742 1116
498 -1016 822 -963 366 739 1117
499 -1012 824 -963 367 740 1116
500 -1015 827 -961 369 739 1116
501 -1014 821 -960 362 738 1119
502 -1012 822 -964 364 737 1118
503 -1012 825 -962 363 740 1117
504 -1017 824 -963 363 737 1117
505 -1016 823 -962 362 739 1116
506 -1014 822 -964 364 740 1118
507 -1013 826 -959 362 738 1117
508 -1014 821 -964 365 739 1114
509 -1012 825 -966 366 741 1111
510 -1013 822 -963 365 742 1118
511 -1014 825 -960 365 743 1115
512 -1016 822 -962 369 741 1117
513 -1011 822 -960 367 742 1115
514 -1012 823 -964 364 742 1114
515 -1014 820 -959 365 737 1115
516 -1015 823 -964 365 739 1114
517 -1016 824 -958 362 740 1117
518 -1015 823 -961 365 738 1118
519 -1013 822 -962 367 741 1119
520 -1012 822 -962 369 741 1119
521 -1010 825 -961 368 738 1120
522 -1008 824 -960 368 742 1116
523 -1010 826 -959 366 737 1117
524 -1013 824 -962 364 740 1116
525 -1011 827 -957 364 739 1118
526 -1015 823 -959 367 740 1116
527 -1013 823 -963 364 741 1116
528 -1012 822 -963 365 740 1115
529 -1016 824 -965 366 743 1115
530 -1011 826 -965 365 739 1114
531 -1018 824 -963 364 739 1116
532 -1011 824 -962 364 739 1118
533 -1011 825 -961 365 737 1116
534 -1013 821 -961 363 739 1114
535 -1014 824 -963 361 743 1114
536 -1014 821 -960 363 739 1120
537 -1014 825 -964 363 740 1115
538 -1012 826 -958 363 739 1115
539 -1013 822 -962 366 738 1116
540 -1012 822 -963 363 740 1118
541 -1012 822 -963 366 736 1113
542 -1013 821 -960 365 740 1114
543 -1014 825 -961 367 742 1117
544 -1010 824 -958 368 740 1116
545 -1011 822 -963 364 739 1117
546 -1012 823 -962 361 738 1117
547 -1014 820 -961 364 740 1113
548 -1014 820 -962 361 741 1114
549 -1017 822 -965 365 742 1116
550 -1013 821 -958 361 739 1117
551 -1014 820 -961 363 741 1114
552 -1012 823 -961 364 739 1116
553 -1011 826 -960 363 738 1116
554 -1014 826 -959 367 743 1117
555 -1015 822 -961 367 740 1118
556 -1014 823 -961 365 741 1121
557 -1012 825 -957 366 740 1116
558 -1012 826 -958 363 741 1119
559 -1014 821 -962 365 738 1120
560 -1014 825 -963 365 738 1116
561 -1013 823 -963 365 743 1118
562 -1015 823 -962 363 739 1114
563 -1013 824 -962 366 738 1116
564 -1015 820 -962 364 739 1116
565 -1015 821 -963 366 736 1116
566 -1011 823 -963 365 736 1118
567 -1012 821 -960 364 737 1117
568 -1013 821 -961 361 736 1116
569 -1012 822 -965 364 736 1115
570 -1013 823 -961 362 735 1114
571 -1012 818 -963 360 739 1116
572 -1013 825 -963 363 740 1115
573 -1010 824 -963 362 740 1114
574 -1011 821 -963 364 739 1113
575 -1015 822 -960 369 743 1115
576 -1013 826 -957 366 742 1118
577 -1011 822 -960 365 742 1118
578 -1011 824 -959 363 739 1118
579 -1012 823 -960 365 738 1118
580 -1014 822 -961 367 741 1119
581 -1010 823 -961 364 739 1119
582 -1016 824 -959 366 740 1118
583 -1014 821 -962 363 738 1117
584 -1014 825 -962 366 739 1118
585 -1014 824 -961 366 741 1120
586 -1014 824 -962 365 741 1119
587 -1012 823 -961 366 740 1120
588 -1013 822 -961 361 736 1117
589 -1015 823 -961 366 739 1116
590 -1014 824 -963 363 741 1113
591 -1010 822 -962 367 738 1118
592 -1010 826 -962 366 740 1118
593 -1012 820 -962 365 739 1114
594 -1013 822 -962 364 741 1114
595 -1014 824 -960 364 741 1115
596 -1011 824 -959 366 737 1117
597 -1013 821 -959 365 742 1118
598 -1015 826 -963 365 741 1117
599 -1013 826 -960 364 741 1115
600 -1010 822 -961 364 738 1115
601 -1012 823 -962 366 737 1118
602 -1014 823 -962 365 739 1119
603 -1013 822 -961 363 743 1117
604 -1010 824 -962 364 743 1116
605 -1016 822 -962 363 738 1117
606 -1011 824 -960 367 739 1118
607 -1015 824 -961 365 740 1116
608 -1017 823 -962 366 740 1117
609 -1013 822 -965 365 737 1118
610 -1013 819 -964 367 734 1117
611 -1013 821 -964 365 736 1114
612 -1013 821 -964 366 736 1115
613 -1011 822 -963 364 736 1113
614 -1011 824 -962 366 737 1117
615 -1013 825 -962 368 740 1117
616 -1015 824 -961 363 740 1115
617 -1010 822 -964 366 740 1114
618 -1015 825 -964 364 739 1111
619 -1012 824 -960 367 744 1117
620 -1016 822 -961 363 741 1118
621 -1011 825 -960 364 742 1115
622 -1011 825 -962 366 741 1116
623 -1013 825 -960 367 740 1118
624 -1015 821 -961 367 743 1117
625 -1011 823 -960 363 742 1114
626 -1013 823 -962 364 740 1115
627 -1013 825 -962 364 745 1117
628 -1011 823 -961 366 742 1118
629 -1015 823 -961 363 741 1117
630 -1014 825 -961 362 742 1116
631 -1011 825 -961 365 741 1119
632 -1013 825 -960 368 741 1116
633 -1012 822 -962 362 741 1119
634 -1014 824 -962 367 739 1117
635 -1012 824 -961 368 741 1119
636 -1013 825 -962 364 741 1115
637 -1016 823 -961 366 741 1119
638 -1013 824 -962 366 738 1114
639 -1013 827 -961 366 741 1117
640 -1012 822 -964 362 741 1115
641 -1008 820 -962 365 740 1115
642 -1013 825 -962 366 742 1116
643 -1012 824 -960 365 740 1117
644 -1014 823 -959 366 738 1114
645 -1014 821 -966 364 737 1115
646 -1011 824 -964 364 739 1114
647 -1015 822 -965 365 739 1118
648 -1015 823 -963 365 741 1120
649 -1015 822 -961 361 738 1116
650 -1010 825 -962 364 737 1116
651 -1016 818 -961 366 737 1114
652 -1016 823 -962 364 737 1116
653 -1015 824 -964 365 734 1115
654 -1013 822 -966 364 735 1114
655 -1017 823 -963 364 736 1116
656 -1013 824 -962 367 739 1116
657 -1018 821 -965 363 737 1115
658 -1013 819 -964 362 737 1111
659 -1014 820 -965 363 738 1117
660 -1015 822 -961 365 739 1113
661 -1011 822 -960 365 737 1112
662 -1013 823 -961 363 736 1114
663 -1013 820 -963 364 738 1113
664 -1016 822 -962 363 739 1116
665 -1014 822 -964 362 737 1116
666 -1018 824 -968 361 739 1114
667 -1013 821 -965 360 737 1115
668 -1014 820 -959 360 736 1113
669 -1015 820 -965 362 739 1114
670 -1019 821 -962 363 744 1117
671 -1014 822 -963 363 736 1116
672 -1016 824 -961 366 740 1115
673 -1017 822 -959 362 739 1114
674 -1014 820 -961 364 739 1117
675 -1014 824 -961 362 738 1116
676 -1013 823 -964 365 737 1115
677 -1010 822 -961 362 738 1117
678 -1012 825 -963 366 736 1117
679 -1016 820 -960 363 739 1111
680 -1014 820 -961 361 738 1116
681 -1014 820 -958 364 738 1115
682 -1013 819 -962 363 740 1118
683 -1014 820 -961 363 736 1117
684 -1011 827 -963 364 740 1118
685 -1014 822 -963 366 737 1117
686 -1012 822 -963 364 735 1118
687 -1013 820 -964 363 736 1116
688 -1015 824 -960 365 738 1116
689 -1014 823 -961 362 741 1115
690 -1012 822 -962 364 741 1112
691 -1018 823 -962 365 741 1116
692 -1016 822 -961 363 740 1115
693 -1016 825 -964 362 738 1115
694 -1014 823 -963 361 738 1116
695 -1015 822 -966 362 740 1118
696 -1016 822 -965 364 737 1115
697 -1017 823 -962 363 739 1114
698 -1013 820 -964 365 736 1114
699 -1012 822 -964 362 736 1115
700 -1016 821 -964 363 737 1117
701 -1016 822 -964 365 739 1115
702 -1013 825 -965 363 738 1114
703 -1014 823 -966 362 735 1115
704 -1011 823 -965 361 738 1113
705 -1012 824 -963 366 740 1114
706 -1010 822 -963 364 741 1116
707 -1011 824 -964 361 739 1118
708 -1015 824 -964 368 740 1117
709 -1011 823 -965 363 737 1116
710 -1016 823 -963 363 741 1116
711 -1014 823 -964 364 740 1117
712 -1012 824 -964 364 740 1119
713 -1015 824 -961 365 736 1119
714 -1015 823 -964 365 738 1115
715 -1016 822 -961 365 742 1118
716 -1014 823 -958 363 742 1117
717 -1013 824 -961 360 734 1116
718 -1015 821 -964 364 744 1112
719 -1016 819 -965 361 740 1115
720 -1018 823 -962 363 741 1117
721 -1013 822 -959 364 737 1114
722 -1012 821 -962 367 737 1116
723 -1013 822 -962 366 738 1117
724 -1013 820 -963 365 740 1113
725 -1011 825 -959 361 742 1120
726 -1012 824 -960 363 741 1116
727 -1014 821 -962 363 741 1116
728 -1013 821 -962 365 737 1114
729 -1014 822 -962 365 738 1113
730 -1010 825 -961 363 736 1115
731 -1010 822 -963 365 741 1113
732 -1011 821 -966 365 738 1116
733 -1014 826 -960 362 742 1117
734 -1015 821 -962 362 738 1115
735 -1012 821 -967 362 743 1119
736 -1011 826 -963 362 735 1118
737 -1012 826 -961 368 737 1118
738 -1013 823 -962 364 740 1118
739 -1014 821 -962 364 739 1113
740 -1014 822 -962 364 738 1117
741 -1017 826 -962 364 739 1116
742 -1016 820 -962 361 740 1116
743 -1013 822 -966 363 735 1112
744 -1011 823 -962 363 738 1113
745 -1014 822 -963 364 740 1115
746 -1014 825 -962 363 735 1115
747 -1015 822 -960 367 737 1114
748 -1011 824 -967 361 738 1115
749 -1013 825 -965 364 738 1117
750 -1016 829 -962 364 742 1117
751 -1013 824 -962 362 740 1117
752 -1017 822 -964 365 738 1115
753 -1015 820 -963 362 739 1115
754 -1011 822 -965 362 738 1113
755 -1018 822 -962 366 736 1113
756 -1018 820 -964 364 737 1115
757 -1014 823 -961 361 738 1119
758 -1014 824 -958 363 739 1115
759 -1016 823 -960 363 744 1117
760 -1015 821 -964 363 740 1115
761 -1015 820 -964 364 739 1117
762 -1011 823 -961 365 738 1118
763 -1013 821 -962 364 737 1116
764 -1017 825 -964 365 735 1112
765 -1016 820 -960 361 737 1114
766 -1017 824 -956 358 737 1117
767 -1016 825 -960 363 742 1113
768 -1013 820 -963 366 734 1112
769 -1013 820 -967 366 738 1115
770 -1013 827 -963 365 740 1117
771 -1014 825 -959 367 741 1114
772 -1013 820 -963 365 738 1113
773 -1012 822 -967 363 738 1115
774 -1015 826 -958 363 739 1115
775 -1016 826 -957 361 738 1115
776 -1014 822 -964 364 739 1110
777 -1013 819 -965 364 737 1112
778 -1015 822 -965 365 737 1118
779 -1015 825 -959 365 741 1114
780 -1011 820 -963 362 737 1113
781 -1015 818 -967 363 738 1116
782 -1014 825 -962 365 738 1116
783 -1012 825 -960 364 737 1119
784 -1017 825 -962 363 735 1115
785 -1011 818 -961 364 735 1114
786 -1014 821 -966 360 734 1117
787 -1014 824 -959 364 738 1119
788 -1014 822 -962 367 738 1111
789 -1011 819 -968 362 737 1112
790 -1012 823 -967 362 738 1114
791 -1015 828 -961 369 738 1119
792 -1015 824 -958 367 739 1114
793 -1012 819 -963 364 737 1110
794 -1017 826 -964 362 739 1123
795 -1014 826 -960 364 738 1120
796 -1011 821 -960 365 741 1113
797 -1015 818 -965 364 742 1113
798 -1012 822 -965 363 738 1117
799 -1014 826 -958 364 740 1119
800 -1013 823 -959 366 738 1115
801 -1015 816 -963 364 742 1110
802 -1011 822 -966 362 739 1116
803 -1014 827 -959 361 742 1122
804 -1014 827 -955 363 742 1120
805 -1013 820 -963 366 743 1113
806 -1015 822 -964 366 736 1117
807 -1011 826 -961 362 738 1120
808 -1013 826 -957 362 741 1116
809 -1012 819 -962 364 741 1111
810 -1013 819 -965 365 736 1114
811 -1016 826 -962 365 737 1120
812 -1013 827 -955 363 738 1115
813 -1014 819 -963 364 739 1113
814 -1015 818 -967 368 738 1114
815 -1015 823 -962 362 739 1119
816 -1011 826 -957 363 741 1120
817 -1011 825 -959 365 742 1117
818 -1012 819 -964 367 741 1113
819 -1013 821 -965 368 738 1120
820 -1014 829 -957 365 738 1122
821 -1008 826 -958 365 739 1114
822 -1011 818 -962 364 743 1112
823 -1015 821 -965 365 735 1119
824 -1015 824 -958 364 736 1120
825 -1016 826 -959 364 739 1116
826 -1013 818 -965 361 742 1115
827 -1015 822 -960 366 736 1119
828 -1016 824 -960 364 739 1120
829 -1014 828 -962 361 739 1114
830 -1015 822 -962 363 737 1110
831 -1013 817 -968 365 738 1113
832 -1012 823 -962 366 735 1114
833 -1014 829 -959 367 740 1116
834 -1011 823 -960 364 741 1112
835 -1013 821 -964 361 737 1115
836 -1012 827 -959 367 738 1119
837 -1013 826 -958 365 741 1118
838 -1013 822 -964 362 741 1109
839 -1009 819 -964 366 740 1114
840 -1011 824 -965 365 741 1122
841 -1015 827 -961 365 743 1119
842 -1015 824 -959 368 737 1115
843 -1015 822 -962 365 737 1113
844 -1013 824 -962 364 739 1119
845 -1017 826 -960 364 741 1119
846 -1014 822 -959 365 740 1116
847 -1013 821 -960 363 741 1114
848 -1012 823 -961 366 742 1120
849 -1015 825 -954 365 738 1120
850 -1013 824 -955 366 736 1111
851 -1015 819 -962 363 743 1116
852 -1018 820 -963 362 741 1119
853 -1013 827 -956 361 740 1117
854 -1013 824 -957 365 740 1114
855 -1014 827 -962 365 742 1113
856 -1015 824 -962 365 740 1116
857 -1010 823 -960 364 741 1120
858 -1010 826 -957 363 739 1119
859 -1012 824 -959 370 742 1112
860 -1010 821 -963 364 737 1112
861 -1010 824 -962 363 738 1122
862 -1015 827 -955 363 740 1117
863 -1011 821 -959 371 739 1113
864 -1015 816 -967 366 737 1116
865 -1011 830 -960 368 739 1123
866 -1010 827 -954 362 740 1120
867 -1011 824 -961 365 739 1113
868 -1013 821 -963 364 737 1118
869 -1011 826 -960 365 740 1115
870 -1013 825 -957 364 742 1116
871 -1011 822 -963 363 739 1117
872 -1011 819 -964 366 737 1112
873 -1012 821 -963 365 740 1119
874 -1013 823 -959 366 738 1121
875 -1013 824 -963 362 741 1119
876 -1014 822 -963 363 739 1114
877 -1013 822 -964 365 742 1118
878 -1014 823 -959 364 742 1118
879 -1014 824 -961 362 737 1117
880 -1012 821 -962 364 739 1114
881 -1012 822 -961 370 742 1117
882 -1016 824 -960 368 740 1119
883 -1005 824 -960 365 739 1116
884 -1010 822 -961 363 739 1117
885 -1014 825 -963 367 743 1117
886 -1014 821 -960 365 739 1119
887 -1012 825 -961 365 739 1117
888 -1012 822 -961 364 744 1119
889 -1008 821 -963 364 740 1115
890 -1013 825 -963 364 739 1118
891 -1013 827 -961 367 741 1121
892 -1013 822 -961 364 743 1115
893 -1012 821 -961 363 741 1117
894 -1013 823 -960 363 740 1118
895 -1011 825 -962 363 741 1119
896 -1012 821 -962 363 739 1114
897 -1013 825 -964 363 739 1118
898 -1013 826 -961 363 741 1117
899 -1013 827 -962 364 742 1119
900 -1014 824 -957 365 743 1115
901 -1012 821 -961 364 743 1117
902 -1012 825 -959 365 744 1119
903 -1012 825 -962 368 741 1118
904 -1017 824 -960 369 742 1115
905 -1013 821 -962 365 740 1118
906 -1009 826 -962 366 737 1119
907 -1013 825 -959 363 739 1118
908 -1012 823 -963 366 738 1112
909 -1012 823 -963 364 740 1116
910 -1013 828 -960 369 738 1122
911 -1014 827 -960 364 739 1115
912 -1008 822 -962 366 737 1114
913 -1012 822 -963 366 741 1117
914 -1011 826 -958 366 737 1124
915 -1014 828 -957 366 740 1114
916 -1009 828 -963 365 741 1115
917 -1013 824 -960 363 739 1116
918 -1011 825 -962 369 741 1117
919 -1013 826 -962 364 743 1114
920 -1011 825 -963 363 740 1114
921 -1012 824 -962 365 743 1119
922 -1014 825 -959 367 738 1119
923 -1012 825 -961 365 743 1118
924 -1013 823 -960 366 741 1121
925 -1009 823 -963 365 739 1118
926 -1010 823 -961 364 741 1120
927 -1014 822 -962 366 741 1117
928 -1011 826 -959 364 739 1116
929 -1013 822 -961 365 743 1118
930 -1015 820 -961 364 741 1117
931 -1013 821 -963 365 740 1115
932 -1014 820 -963 367 739 1114
933 -1014 824 -961 367 739 1121
934 -1016 824 -959 363 743 1119
935 -1011 824 -957 367 742 1118
936 -1014 824 -961 367 740 1121
937 -1010 827 -960 366 739 1118
938 -1013 821 -959 365 740 1118
939 -1012 824 -963 363 740 1114
940 -1010 824 -962 368 741 1116
941 -1012 824 -958 366 743 1117
942 -1013 825 -958 368 742 1117
943 -1011 827 -962 367 742 1117
944 -1011 827 -960 365 741 1118
945 -1012 823 -957 368 741 1120
946 -1009 828 -958 366 740 1119
947 -1011 826 -961 365 741 1118
948 -1012 824 -962 364 744 1118
949 -1011 826 -961 368 743 1120
950 -1012 826 -963 369 740 1118
951 -1012 824 -961 365 738 1118
952 -1011 825 -959 364 740 1120
953 -1014 823 -958 369 739 1119
954 -1012 826 -960 366 740 1120
955 -1011 828 -962 369 743 1115
956 -1013 822 -963 365 738 1118
957 -1013 828 -963 365 736 1121
958 -1010 826 -960 366 740 1119
959 -1013 826 -959 367 741 1120
960 -1013 822 -964 362 742 1115
961 -1014 822 -961 364 740 1118
962 -1011 824 -960 365 739 1120
963 -1010 824 -959 365 739 1111
964 -1012 822 -960 367 741 1117
965 -1013 824 -961 364 743 1121
966 -1011 828 -960 365 744 1119
967 -1008 827 -958 366 742 1119
968 -1012 826 -959 369 742 1116
969 -1011 827 -960 367 742 1118
970 -1010 825 -961 365 743 1117
971 -1009 823 -959 365 741 1116
972 -1011 825 -959 366 742 1117
973 -1010 825 -960 366 741 1118
974 -1017 825 -962 360 740 1120
975 -1010 824 -959 363 743 1119
976 -1012 825 -958 368 741 1117
977 -1014 823 -961 370 741 1117
978 -1012 823 -961 365 743 1121
979 -1007 826 -957 366 744 1118
980 -1015 823 -959 364 741 1118
981 -1011 823 -964 364 743 1121
982 -1014 822 -962 364 746 1119
983 -1013 824 -961 366 741 1118
984 -1013 824 -959 362 743 1116
985 -1011 819 -958 365 740 1115
986 -1012 826 -961 365 742 1117
987 -1012 825 -960 367 743 1120
988 -1011 826 -960 363 739 1116
989 -1011 823 -961 363 743 1114
990 -1011 825 -961 366 741 1120
991 -1013 826 -958 365 742 1120
992 -1012 824 -958 364 744 1117
993 -1012 821 -960 367 741 1117
994 -1014 822 -957 365 741 1117
995 -1011 823 -957 366 739 1118
996 -1015 825 -960 362 742 1117
997 -1013 821 -963 367 741 1118
998 -1008 826 -963 365 742 1117
999 -1012 826 -959 367 734 1117
0 1886 6277 -6029 3606 -5165 1212
1 1883 6279 -6032 3605 -5163 1213
2 1882 6276 -6030 3607 -5164 1214
3 1884 6278 -6027 3604 -5166 1213
4 1883 6277 -6028 3605 -5162 1216
5 1882 6276 -6026 3611 -5167 1212
6 1881 6282 -6028 3609 -5167 1212
7 1884 6281 -6031 3608 -5164 1208
8 1883 6279 -6030 3608 -5165 1210
9 1883 6278 -6031 3609 -5164 1212
10 1881 6280 -6028 3608 -5164 1209
11 1883 6280 -6032 3607 -5165 1208
12 1884 6281 -6031 3606 -5166 1212
13 1883 6279 -6031 3609 -5162 1213
14 1883 6279 -6032 3606 -5164 1215
15 1880 6281 -6033 3605 -5166 1212
16 1883 6279 -6031 3608 -5166 1215
17 1885 6281 -6029 3606 -5167 1215
18 1883 6282 -6029 3609 -5165 1215
19 1887 6279 -6026 3611 -5164 1216
20 1883 6281 -6028 3610 -5164 1213
21 1882 6281 -6031 3606 -5164 1215
22 1884 6281 -6030 3606 -5167 1215
23 1885 6281 -6027 3608 -5166 1214
24 1882 6283 -6033 3609 -5166 1215
25 1884 6283 -6030 3607 -5165 1215
26 1882 6279 -6032 3609 -5168 1213
27 1882 6277 -6032 3607 -5163 1212
28 1883 6282 -6030 3606 -5164 1213
29 1883 6280 -6033 3610 -5169 1212
30 1883 6283 -6030 3608 -5168 1211
31 1887 6281 -6034 3609 -5165 1213
32 1883 6281 -6031 3611 -5166 1212
33 1883 6282 -6031 3607 -5166 1213
34 1888 6281 -6031 3610 -5163 1214
35 1882 6278 -6031 3605 -5163 1211
36 1883 6281 -6031 3611 -5168 1213
37 1885 6280 -6032 3608 -5165 1213
38 1883 6281 -6031 3609 -5168 1213
39 1885 6283 -6029 3606 -5165 1215
40 1886 6279 -6032 3609 -5165 1215
41 1885 6281 -6031 3604 -5161 1213
42 1885 6278 -6030 3610 -5163 1214
43 1884 6279 -6031 3609 -5166 1213
44 1880 6281 -6030 3606 -5168 1210
45 1883 6281 -6030 3606 -5165 1218
46 1882 6281 -6028 3606 -5167 1212
47 1883 6281 -6030 3607 -5165 1213
48 1886 6282 -6030 3610 -5164 1218
49 1883 6279 -6030 3605 -5165 1211
50 1886 6280 -6029 3608 -5162 1212
51 1885 6280 -6029 3607 -5163 1215
52 1886 6281 -6030 3610 -5160 1212
53 1883 6285 -6029 3611 -5165 1214
54 1886 6277 -6030 3608 -5163 1213
55 1883 6279 -6031 3606 -5165 1212
56 1885 6284 -6029 3604 -5166 1211
57 1885 6283 -6029 3609 -5164 1215
58 1882 6283 -6029 3608 -5167 1213
59 1885 6280 -6032 3610 -5163 1210
60 1885 6285 -6028 3607 -5161 1214
61 1886 6284 -6032 3607 -5165 1214
62 1883 6282 -6031 3609 -5165 1212
63 1886 6281 -6029 3611 -5163 1214
64 1883 6278 -6031 3609 -5167 1215
65 1883 6282 -6028 3610 -5164 1216
66 1884 6282 -6033 3608 -5166 1214
67 1886 6283 -6032 3610 -5165 1215
68 1886 6282 -6031 3608 -5164 1217
69 1885 6281 -6033 3605 -5165 1214
70 1882 6281 -6031 3612 -5166 1211
71 1884 6282 -6031 3603 -5165 1214
72 1885 6282 -6032 3605 -5168 1213
73 1880 6283 -6030 3606 -5165 1213
74 1885 6283 -6029 3608 -5162 1211
75 1883 6282 -6029 3608 -5166 1212
76 1883 6283 -6033 3607 -5164 1211
77 1888 6282 -6028 3609 -5163 1214
78 1882 6281 -6031 3609 -5167 1214
79 1881 6283 -6030 3607 -5165 1214
80 1886 6280 -6033 3610 -5162 1216
81 1882 6278 -6034 3607 -5162 1217
82 1884 6283 -6028 3607 -5165 1214
83 1883 6284 -6028 3607 -5164 1216
84 1885 6279 -6028 3607 -5163 1216
85 1883 6282 -6030 3609 -5163 1214
86 1880 6283 -6030 3608 -5165 1215
87 1883 6284 -6031 3605 -5164 1216
88 1886 6281 -6031 3610 -5163 1219
89 1887 6285 -6030 3610 -5166 1216
90 1886 6282 -6028 3608 -5162 1217
91 1882 6281 -6032 3607 -5167 1212
92 1881 6282 -6032 3609 -5165 1213
93 1887 6281 -6030 3609 -5159 1214
94 1888 6286 -6032 3610 -5167 1214
95 1886 6283 -6031 3607 -5167 1215
96 1883 6282 -6032 3612 -5166 1213
97 1887 6284 -6030 3608 -5166 1211
98 1883 6280 -6032 3606 -5166 1214
99 1885 6282 -6032 3613 -5167 1214
100 1884 6280 -6029 3613 -5163 1212
101 1883 6284 -6029 3608 -5164 1215
102 1885 6282 -6031 3613 -5164 1218
103 1889 6282 -6028 3610 -5165 1217
104 1885 6284 -6031 3609 -5164 1215
105 1884 6284 -6032 3610 -5168 1214
106 1885 6285 -6028 3609 -5164 1216
107 1886 6282 -6031 3611 -5167 1218
108 1883 6284 -6031 3609 -5166 1212
109 1884 6284 -6032 3609 -5163 1219
110 1884 6281 -6029 3608 -5165 1215
111 1884 6286 -6029 3611 -5166 1215
112 1887 6283 -6028 3610 -5165 1219
113 1885 6280 -6030 3611 -5166 1214
114 1886 6282 -6032 3612 -5167 1215
115 1884 6281 -6029 3610 -5165 1211
116 1888 6285 -6028 3609 -5164 1215
117 1886 6283 -6029 3608 -5165 1215
118 1886 6284 -6031 3610 -5166 1214
119 1881 6281 -6029 3608 -5162 1212
120 1882 6283 -6029 3608 -5166 1210
121 1886 6279 -6030 3607 -5165 1214
122 1883 6281 -6031 3608 -5161 1213
123 1888 6279 -6030 3608 -5166 1216
124 1886 6280 -6028 3608 -5164 1215
125 1886 6282 -6028 3611 -5164 1217
126 1883 6283 -6028 3610 -5162 1218
127 1887 6282 -6028 3607 -5165 1214
128 1882 6278 -6030 3608 -5165 1217
129 1884 6280 -6029 3608 -5163 1215
130 1882 6281 -6024 3605 -5163 1214
131 1884 6281 -6029 3609 -5164 1213
132 1884 6279 -6029 3609 -5163 1218
133 1884 6277 -6025 3608 -5165 1214
134 1884 6277 -6029 3608 -5166 1214
135 1882 6280 -6029 3610 -5165 1213
136 1886 6279 -6028 3608 -5164 1214
137 1887 6278 -6025 3609 -5166 1216
138 1883 6277 -6029 3609 -5164 1213
139 1886 6277 -6029 3611 -5160 1216
140 1886 6279 -6028 3606 -5163 1217
141 1884 6283 -6026 3609 -5163 1213
142 1882 6280 -6027 3607 -5164 1213
143 1888 6277 -6026 3612 -5163 1211
144 1887 6283 -6026 3608 -5162 1214
145 1881 6281 -6027 3607 -5167 1214
146 1885 6279 -6028 3610 -5161 1214
147 1883 6280 -6028 3610 -5160 1214
148 1885 6277 -6028 3613 -5165 1214
149 1883 6281 -6027 3607 -5166 1214
150 1885 6277 -6026 3608 -5164 1212
151 1884 6280 -6026 3609 -5165 1213
152 1885 6278 -6029 3608 -5164 1216
153 1885 6281 -6028 3610 -5166 1213
154 1883 6278 -6030 3611 -5167 1213
155 1884 6282 -6027 3611 -5167 1214
156 1882 6281 -6026 3611 -5164 1216
157 1888 6280 -6024 3607 -5165 1212
158 1884 6277 -6031 3610 -5167 1212
159 1882 6281 -6028 3611 -5164 1210
160 1886 6277 -6030 3609 -5166 1213
161 1881 6278 -6029 3608 -5163 1211
162 1886 6279 -6029 3608 -5163 1214
163 1882 6278 -6029 3607 -5166 1210
164 1886 6283 -6028 3610 -5168 1212
165 1884 6278 -6030 3608 -5164 1212
166 1884 6279 -6030 3612 -5165 1211
167 1888 6278 -6028 3609 -5168 1211
168 1882 6278 -6031 3611 -5169 1213
169 1886 6277 -6027 3611 -5169 1212
170 1885 6277 -6027 3613 -5165 1214
171 1887 6277 -6027 3612 -5164 1219
172 1884 6279 -6024 3610 -5166 1213
173 1885 6278 -6028 3611 -5165 1209
174 1881 6278 -6030 3609 -5167 1213
175 1884 6281 -6027 3610 -5163 1211
176 1883 6275 -6031 3610 -5166 1213
177 1885 6279 -6027 3612 -5165 1213
178 1883 6282 -6030 3608 -5167 1215
179 1882 6279 -6030 3609 -5165 1215
180 1886 6282 -6031 3606 -5167 1209
181 1887 6279 -6030 3610 -5167 1212
182 1886 6280 -6029 3612 -5167 1208
183 1883 6285 -6029 3611 -5167 1211
184 1885 6278 -6031 3611 -5166 1211
185 1886 6281 -6030 3616 -5171 1209
186 1887 6280 -6030 3613 -5168 1208
187 1889 6280 -6030 3609 -5169 1213
188 1885 6281 -6035 3613 -5170 1212
189 1885 6280 -6030 3613 -5165 1210
190 1889 6281 -6032 3612 -5171 1212
191 1887 6280 -6032 3611 -5171 1215
192 1884 6283 -6031 3608 -5170 1213
193 1883 6279 -6033 3610 -5168 1211
194 1885 6281 -6032 3614 -5170 1212
195 1887 6283 -6035 3615 -5169 1211
196 1885 6280 -6031 3610 -5171 1210
197 1887 6283 -6031 3611 -5170 1214
198 1888 6282 -6031 3612 -5167 1209
199 1888 6281 -6032 3608 -5169 1211
200 1885 6282 -6033 3615 -5172 1211
201 1883 6276 -6034 3613 -5170 1210
202 1885 6279 -6033 3613 -5173 1211
203 1888 6279 -6034 3612 -5172 1213
204 1884 6277 -6033 3613 -5171 1210
205 1882 6280 -6032 3614 -5170 1205
206 1884 6278 -6031 3610 -5171 1209
207 1883 6281 -6032 3612 -5168 1209
208 1889 6278 -6034 3615 -5169 1210
209 1886 6280 -6034 3611 -5170 1209
210 1885 6281 -6032 3609 -5172 1209
211 1886 6278 -6035 3610 -5173 1210
212 1882 6278 -6036 3609 -5174 1211
213 1882 6278 -6034 3610 -5173 1211
214 1881 6272 -6032 3610 -5172 1211
215 1889 6278 -6031 3613 -5172 1208
216 1887 6280 -6030 3609 -5170 1207
217 1884 6276 -6034 3610 -5172 1209
218 1888 6277 -6032 3614 -5169 1212
219 1887 6280 -6034 3616 -5169 1209
220 1884 6279 -6033 3612 -5173 1210
221 1886 6275 -6034 3614 -5173 1209
222 1885 6277 -6029 3613 -5174 1210
223 1886 6275 -6036 3612 -5172 1209
224 1891 6279 -6031 3614 -5172 1210
225 1886 6279 -6031 3613 -5172 1206
226 1886 6276 -6038 3616 -5173 1209
227 1883 6278 -6035 3612 -5171 1206
228 1885 6279 -6035 3615 -5172 1206
229 1887 6278 -6035 3613 -5172 1208
230 1886 6279 -6032 3613 -5174 1211
231 1885 6277 -6034 3618 -5171 1208
232 1888 6275 -6030 3614 -5174 1208
233 1888 6277 -6031 3611 -5175 1208
234 1884 6276 -6035 3615 -5172 1209
235 1886 6276 -6035 3615 -5175 1208
236 1889 6279 -6034 3615 -5172 1212
237 1884 6273 -6034 3613 -5175 1204
238 1888 6279 -6034 3611 -5173 1206
239 1888 6278 -6035 3611 -5171 1207
240 1885 6275 -6037 3614 -5177 1206
241 1889 6275 -6036 3614 -5172 1211
242 1885 6278 -6035 3613 -5175 1208
243 1884 6275 -6033 3614 -5176 1210
244 1889 6278 -6036 3616 -5173 1204
245 1881 6275 -6037 3616 -5177 1206
246 1886 6276 -6037 3612 -5176 1205
247 1889 6278 -6035 3615 -5174 1210
248 1887 6278 -6037 3615 -5173 1207
249 1886 6279 -6034 3615 -5169 1208
250 1887 6276 -6034 3616 -5171 1209
251 1887 6278 -6033 3611 -5174 1212
252 1886 6270 -6035 3609 -5174 1207
253 1887 6274 -6033 3615 -5174 1209
254 1884 6271 -6031 3615 -5174 1205
255 1886 6275 -6036 3618 -5172 1211
256 1888 6273 -6032 3616 -5173 1205
257 1887 6275 -6036 3609 -5176 1203
258 1888 6278 -6036 3620 -5175 1208
259 1886 6273 -6037 3614 -5175 1203
260 1884 6273 -6037 3614 -5179 1203
261 1888 6274 -6034 3616 -5175 1207
262 1886 6274 -6034 3613 -5176 1206
263 1885 6273 -6037 3619 -5174 1205
264 1886 6276 -6035 3619 -5174 1206
265 1887 6273 -6035 3615 -5176 1208
266 1886 6276 -6035 3616 -5176 1208
267 1890 6277 -6033 3618 -5176 1203
268 1888 6276 -6034 3615 -5177 1206
269 1887 6276 -6038 3616 -5177 1204
270 1890 6278 -6038 3617 -5177 1206
271 1889 6278 -6034 3615 -5176 1204
272 1887 6277 -6038 3616 -5175 1204
273 1888 6275 -6038 3614 -5174 1203
274 1886 6277 -6038 3616 -5178 1204
275 1888 6274 -6035 3617 -5176 1205
276 1885 6276 -6035 3616 -5178 1206
277 1891 6276 -6035 3616 -5176 1205
278 1887 6277 -6035 3617 -5175 1202
279 1887 6275 -6033 3616 -5174 1208
280 1886 6277 -6033 3615 -5175 1205
281 1888 6276 -6035 3616 -5178 1206
282 1885 6274 -6037 3613 -5174 1205
283 1889 6272 -6034 3615 -5179 1202
284 1890 6276 -6036 3617 -5177 1203
285 1883 6274 -6036 3615 -5177 1206
286 1885 6274 -6035 3616 -5179 1201
287 1888 6273 -6037 3612 -5176 1205
288 1884 6272 -6036 3614 -5175 1205
289 1887 6274 -6034 3612 -5180 1204
290 1889 6272 -6034 3615 -5177 1198
291 1884 6276 -6034 3618 -5174 1202
292 1889 6276 -6036 3614 -5176 1202
293 1887 6272 -6035 3615 -5177 1202
294 1889 6272 -6034 3616 -5174 1202
295 1887 6276 -6036 3612 -5174 1204
296 1886 6271 -6031 3616 -5176 1205
297 1888 6272 -6034 3617 -5173 1204
298 1888 6272 -6033 3614 -5177 1201
299 1889 6271 -6034 3617 -5178 1205
300 1888 6274 -6036 3615 -5176 1204
301 1887 6271 -6033 3616 -5176 1203
302 1887 6273 -6035 3616 -5174 1205
303 1885 6268 -6033 3619 -5174 1203
304 1889 6273 -6031 3614 -5176 1201
305 1890 6273 -6033 3615 -5172 1204
306 1885 6270 -6036 3616 -5176 1203
307 1889 6269 -6037 3614 -5181 1201
308 1888 6270 -6037 3614 -5180 1205
309 1885 6271 -6035 3618 -5177 1202
310 1886 6270 -6036 3614 -5172 1204
311 1887 6272 -6036 3617 -5177 1206
312 1883 6272 -6039 3615 -5175 1205
313 1888 6274 -6036 3614 -5179 1204
314 1886 6272 -6037 3616 -5176 1205
315 1885 6271 -6039 3616 -5181 1198
316 1888 6269 -6037 3617 -5180 1200
317 1887 6272 -6035 3617 -5179 1201
318 1887 6273 -6033 3617 -5179 1201
319 1888 6272 -6035 3619 -5181 1205
320 1883 6275 -6038 3617 -5178 1203
321 1888 6269 -6037 3618 -5179 1201
322 1888 6272 -6037 3617 -5181 1201
323 1884 6272 -6039 3615 -5183 1202
324 1888 6273 -6040 3617 -5182 1203
325 1887 6271 -6037 3617 -5180 1202
326 1888 6273 -6036 3619 -5180 1203
327 1889 6270 -6035 3618 -5180 1205
328 1887 6273 -6033 3618 -5185 1200
329 1887 6268 -6039 3616 -5182 1202
330 1887 6269 -6037 3617 -5183 1202
331 1887 6274 -6038 3617 -5181 1202
332 1885 6271 -6036 3620 -5179 1202
333 1888 6271 -6036 3618 -5183 1200
334 1889 6274 -6038 3617 -5183 1200
335 1889 6270 -6038 3622 -5182 1202
336 1888 6271 -6036 3615 -5184 1200
337 1889 6272 -6037 3618 -5180 1202
338 1890 6275 -6040 3618 -5182 1203
339 1889 6275 -6038 3616 -5182 1202
340 1888 6271 -6036 3617 -5181 1200
341 1888 6272 -6037 3617 -5184 1204
342 1884 6271 -6038 3615 -5181 1201
343 1891 6269 -6038 3618 -5184 1201
344 1889 6270 -6038 3617 -5185 1200
345 1889 6271 -6038 3617 -5185 1199
346 1888 6270 -6037 3617 -5186 1201
347 1890 6269 -6038 3616 -5186 1201
348 1887 6271 -6039 3619 -5182 1201
349 1889 6270 -6038 3620 -5183 1201
350 1887 6269 -6039 3618 -5182 1204
351 1886 6271 -6040 3619 -5183 1202
352 1891 6272 -6039 3619 -5184 1199
353 1890 6269 -6037 3621 -5185 1201
354 1888 6273 -6041 3621 -5183 1202
355 1889 6273 -6041 3618 -5186 1200
356 1889 6277 -6040 3619 -5182 1201
357 1891 6272 -6037 3615 -5184 1202
358 1889 6275 -6035 3619 -5186 1201
359 1891 6274 -6037 3619 -5186 1199
360 1890 6276 -6039 3619 -5187 1201
361 1889 6272 -6039 3619 -5185 1199
362 1892 6273 -6038 3621 -5186 1201
363 1890 6273 -6037 3619 -5185 1201
364 1894 6274 -6040 3618 -5188 1197
365 1886 6270 -6042 3620 -5186 1200
366 1888 6273 -6042 3618 -5186 1205
367 1891 6271 -6040 3620 -5187 1198
368 1892 6273 -6040 3619 -5187 1203
369 1887 6272 -6039 3619 -5187 1199
370 1891 6273 -6039 3620 -5190 1203
371 1891 6272 -6037 3619 -5186 1204
372 1893 6270 -6040 3621 -5187 1204
373 1889 6273 -6039 3617 -5182 1200
374 1890 6273 -6039 3617 -5185 1201
375 1886 6272 -6037 3620 -5186 1202
376 1892 6273 -6036 3619 -5186 1198
377 1889 6274 -6035 3620 -5186 1201
378 1892 6274 -6039 3620 -5185 1201
379 1892 6273 -6033 3617 -5186 1203
380 1893 6275 -6038 3618 -5189 1200
381 1889 6272 -6038 3622 -5183 1202
382 1889 6274 -6038 3619 -5187 1201
383 1890 6272 -6041 3619 -5185 1200
384 1892 6275 -6036 3618 -5187 1202
385 1889 6276 -6034 3620 -5186 1201
386 1891 6274 -6036 3618 -5186 1207
387 1895 6273 -6038 3619 -5184 1203
388 1891 6273 -6035 3618 -5187 1204
389 1891 6273 -6038 3624 -5186 1205
390 1890 6270 -6035 3622 -5186 1207
391 1889 6273 -6035 3623 -5189 1202
392 1890 6271 -6036 3620 -5184 1201
393 1891 6273 -6037 3620 -5187 1205
394 1891 6275 -6036 3620 -5188 1203
395 1892 6275 -6037 3621 -5187 1204
396 1893 6275 -6034 3620 -5188 1202
397 1889 6272 -6036 3621 -5186 1203
398 1891 6272 -6035 3618 -5187 1203
399 1891 6273 -6035 3621 -5188 1201
400 1890 6274 -6036 3620 -5189 1204
401 1893 6275 -6035 3619 -5189 1201
402 1889 6275 -6033 3621 -5190 1203
403 1890 6275 -6032 3618 -5187 1204
404 1890 6272 -6040 3620 -5190 1204
405 1894 6274 -6038 3621 -5192 1201
406 1893 6273 -6036 3620 -5188 1202
407 1894 6271 -6033 3618 -5190 1204
408 1892 6274 -6036 3622 -5187 1200
409 1891 6271 -6036 3621 -5191 1207
410 1891 6270 -6035 3622 -5190 1203
411 1888 6271 -6039 3620 -5189 1202
412 1889 6269 -6032 3621 -5187 1204
413 1893 6273 -6038 3623 -5191 1206
414 1891 6270 -6034 3621 -5188 1205
415 1894 6271 -6034 3622 -5187 1207
416 1894 6270 -6035 3618 -5187 1202
417 1891 6271 -6037 3619 -5190 1203
418 1892 6274 -6033 3620 -5187 1203
419 1892 6273 -6034 3622 -5196 1203
420 1890 6274 -6035 3619 -5190 1201
421 1894 6275 -6037 3620 -5191 1206
422 1890 6271 -6034 3623 -5188 1206
423 1894 6273 -6036 3620 -5193 1202
424 1893 6273 -6038 3623 -5193 1201
425 1890 6270 -6037 3622 -5192 1201
426 1893 6270 -6038 3621 -5186 1204
427 1892 6275 -6034 3621 -5193 1205
428 1889 6274 -6035 3618 -5193 1200
429 1890 6273 -6037 3620 -5196 1204
430 1892 6274 -6040 3622 -5194 1204
431 1894 6275 -6034 3621 -5190 1207
432 1892 6275 -6036 3624 -5191 1205
433 1892 6274 -6034 3619 -5195 1204
434 1893 6274 -6032 3622 -5191 1205
435 1895 6275 -6035 3621 -5192 1207
436 1893 6272 -6036 3623 -5192 1204
437 1892 6276 -6034 3621 -5194 1205
438 1895 6270 -6040 3621 -5195 1204
439 1895 6273 -6037 3623 -5197 1204
440 1893 6273 -6036 3624 -5194 1204
441 1893 6274 -6035 3626 -5194 1204
442 1891 6280 -6035 3623 -5193 1205
443 1893 6276 -6037 3621 -5194 1205
444 1892 6274 -6037 3621 -5195 1207
445 1892 6275 -6036 3624 -5197 1206
446 1892 6275 -6039 3621 -5193 1206
447 1895 6277 -6032 3621 -5196 1209
448 1892 6273 -6036 3621 -5194 1205
449 1892 6273 -6035 3626 -5195 1204
450 1894 6275 -6035 3622 -5196 1206
451 1896 6275 -6035 3626 -5196 1207
452 1894 6271 -6035 3621 -5199 1202
453 1891 6274 -6037 3624 -5194 1205
454 1893 6275 -6039 3625 -5195 1208
455 1891 6274 -6036 3621 -5194 1206
456 1894 6274 -6035 3619 -5197 1207
457 1893 6272 -6033 3623 -5197 1208
458 1889 6271 -6034 3623 -5197 1205
459 1893 6276 -6035 3625 -5194 1206
460 1896 6273 -6036 3620 -5195 1206
461 1892 6273 -6036 3617 -5198 1205
462 1895 6272 -6038 3623 -5197 1204
463 1894 6272 -6035 3621 -5198 1206
464 1893 6275 -6033 3623 -5198 1205
465 1894 6275 -6035 3621 -5197 1206
466 1893 6271 -6033 3621 -5194 1203
467 1896 6273 -6036 3624 -5197 1204
468 1894 6273 -6034 3621 -5197 1207
469 1895 6275 -6033 3624 -5199 1206
470 1896 6275 -6031 3623 -5195 1205
471 1894 6277 -6034 3621 -5198 1205
472 1894 6276 -6033 3622 -5199 1207
473 1894 6272 -6036 3623 -5201 1205
474 1894 6277 -6033 3622 -5199 1207
475 1895 6277 -6036 3623 -5198 1206
476 1895 6275 -6036 3624 -5198 1206
477 1893 6274 -6033 3623 -5201 1208
478 1893 6272 -6034 3625 -5198 1207
479 1896 6277 -6031 3624 -5197 1207
480 1898 6278 -6034 3622 -5198 1206
481 1896 6278 -6033 3625 -5198 1207
482 1894 6274 -6033 3623 -5200 1210
483 1893 6277 -6033 3622 -5197 1206
484 1894 6278 -6035 3624 -5201 1208
485 1896 6277 -6036 3626 -5200 1208
486 1896 6277 -6033 3621 -5203 1208
487 1894 6273 -6034 3625 -5197 1205
488 1901 6277 -6031 3624 -5200 1206
489 1895 6275 -6032 3625 -5199 1205
490 1897 6277 -6034 3623 -5200 1208
491 1898 6275 -6034 3625 -5198 1208
492 1897 6276 -6034 3626 -5198 1210
493 1893 6275 -6035 3624 -5201 1205
494 1895 6274 -6032 3623 -5199 1205
495 1899 6276 -6033 3625 -5198 1212
496 1897 6275 -6035 3624 -5200 1208
497 1895 6277 -6034 3627 -5199 1208
498 1896 6275 -6031 3627 -5198 1207
499 1895 6275 -6034 3624 -5201 1207
500 1899 6275 -6032 3623 -5201 1208
501 1895 6274 -6035 3624 -5199 1209
502 1896 6276 -6032 3625 -5201 1209
503 1895 6274 -6035 3624 -5201 1208
504 1897 6275 -6036 3622 -5203 1211
505 1898 6278 -6033 3627 -5200 1212
506 1896 6275 -6032 3625 -5200 1205
507 1898 6276 -6033 3625 -5204 1205
508 1898 6277 -6035 3625 -5203 1208
509 1898 6275 -6033 3625 -5202 1207
510 1899 6275 -6033 3625 -5202 1204
511 1898 6276 -6035 3625 -5203 1206
512 1897 6276 -6029 3627 -5203 1207
513 1895 6279 -6035 3625 -5205 1208
514 1898 6278 -6033 3627 -5201 1209
515 1896 6275 -6031 3624 -5205 1206
516 1897 6277 -6031 3624 -5203 1208
517 1899 6277 -6034 3626 -5204 1210
518 1898 6277 -6034 3629 -5204 1207
519 1897 6275 -6036 3628 -5202 1207
520 1896 6274 -6035 3625 -5203 1209
521 1898 6277 -6036 3623 -5203 1209
522 1898 6275 -6034 3624 -5204 1208
523 1898 6275 -6033 3626 -5204 1206
524 1897 6277 -6035 3626 -5204 1207
525 1899 6274 -6035 3625 -5201 1214
526 1897 6277 -6034 3627 -5203 1209
527 1896 6274 -6039 3624 -5207 1205
528 1898 6275 -6034 3623 -5209 1205
529 1898 6274 -6033 3627 -5203 1207
530 1899 6277 -6033 3624 -5203 1207
531 1897 6274 -6035 3627 -5206 1207
532 1898 6277 -6030 3626 -5202 1209
533 1898 6278 -6033 3626 -5200 1209
534 1902 6278 -6034 3625 -5206 1206
535 1898 6276 -6037 3624 -5205 1208
536 1899 6275 -6033 3625 -5209 1208
537 1897 6274 -6037 3626 -5205 1205
538 1901 6276 -6033 3623 -5207 1212
539 1899 6277 -6033 3624 -5206 1206
540 1898 6276 -6035 3623 -5206 1205
541 1897 6275 -6035 3624 -5208 1210
542 1897 6275 -6038 3625 -5207 1207
543 1895 6274 -6035 3628 -5209 1207
544 1896 6272 -6033 3627 -5207 1206
545 1898 6276 -6034 3629 -5207 1208
546 1895 6275 -6035 3625 -5205 1207
547 1894 6276 -6037 3623 -5207 1208
548 1897 6277 -6033 3624 -5210 1208
549 1897 6273 -6035 3622 -5208 1207
550 1897 6277 -6035 3627 -5207 1203
551 1898 6275 -6035 3624 -5206 1208
552 1899 6276 -6037 3626 -5204 1208
553 1899 6275 -6034 3626 -5205 1205
554 1895 6276 -6036 3626 -5204 1206
555 1898 6276 -6033 3629 -5206 1208
556 1898 6275 -6035 3625 -5207 1208
557 1898 6278 -6033 3628 -5205 1207
558 1900 6277 -6031 3625 -5205 1208
559 1902 6273 -6031 3627 -5205 1208
560 1899 6276 -6034 3628 -5205 1208
561 1898 6276 -6034 3625 -5205 1211
562 1895 6278 -6034 3626 -5210 1208
563 1900 6274 -6035 3624 -5208 1206
564 1898 6273 -6035 3628 -5206 1206
565 1899 6272 -6031 3626 -5209 1209
566 1899 6276 -6035 3630 -5208 1206
567 1898 6275 -6032 3624 -5210 1206
568 1898 6276 -6034 3624 -5210 1208
569 1896 6269 -6033 3624 -5205 1206
570 1896 6273 -6036 3627 -5206 1208
571 1899 6274 -6031 3625 -5207 1208
572 1899 6274 -6031 3624 -5207 1205
573 1899 6275 -6037 3625 -5207 1205
574 1896 6275 -6034 3624 -5209 1204
575 1896 6275 -6033 3626 -5205 1207
576 1897 6274 -6033 3628 -5204 1206
577 1898 6276 -6031 3623 -5207 1203
578 1898 6275 -6030 3625 -5209 1209
579 1896 6272 -6034 3628 -5211 1207
580 1897 6276 -6033 3626 -5206 1207
581 1899 6273 -6035 3622 -5207 1205
582 1896 6273 -6036 3628 -5208 1205
583 1900 6275 -6032 3629 -5208 1209
584 1895 6277 -6034 3626 -5206 1207
585 1897 6273 -6036 3627 -5208 1205
586 1897 6274 -6034 3626 -5207 1207
587 1897 6274 -6033 3623 -5208 1206
588 1898 6275 -6034 3629 -5206 1207
589 1897 6271 -6037 3625 -5210 1208
590 1896 6274 -6035 3625 -5210 1204
591 1897 6273 -6036 3627 -5207 1206
592 1897 6272 -6032 3628 -5204 1210
593 1899 6272 -6035 3628 -5210 1203
594 1898 6272 -6035 3628 -5206 1205
595 1897 6274 -6035 3627 -5208 1207
596 1898 6272 -6033 3625 -5208 1209
597 1902 6274 -6032 3630 -5210 1204
598 1898 6272 -6033 3626 -5209 1205
599 1902 6275 -6032 3625 -5210 1210
600 1898 6271 -6035 3625 -5210 1207
601 1900 6275 -6035 3626 -5211 1206
602 1895 6270 -6036 3627 -5208 1205
603 1900 6274 -6036 3628 -5210 1206
604 1899 6272 -6035 3624 -5207 1207
605 1900 6275 -6034 3630 -5209 1208
606 1900 6277 -6035 3627 -5208 1208
607 1896 6277 -6036 3628 -5206 1208
608 1901 6278 -6033 3626 -5206 1209
609 1899 6276 -6035 3627 -5210 1206
610 1895 6271 -6036 3625 -5212 1206
611 1899 6272 -6033 3626 -5213 1204
612 1899 6272 -6036 3630 -5211 1208
613 1900 6273 -6036 3625 -5210 1206
614 1899 6276 -6033 3624 -5210 1206
615 1897 6276 -6035 3624 -5210 1207
616 1898 6275 -6036 3624 -5208 1208
617 1901 6276 -6034 3629 -5210 1206
618 1901 6277 -6035 3626 -5207 1207
619 1900 6275 -6035 3626 -5208 1204
620 1898 6273 -6034 3632 -5208 1209
621 1897 6272 -6036 3626 -5209 1205
622 1899 6273 -6037 3632 -5207 1206
623 1899 6273 -6032 3626 -5210 1209
624 1900 6274 -6037 3628 -5210 1207
625 1897 6274 -6036 3627 -5212 1207
626 1897 6273 -6035 3623 -5212 1205
627 1902 6275 -6035 3625 -5209 1205
628 1896 6273 -6035 3629 -5208 1206
629 1897 6270 -6039 3626 -5210 1206
630 1900 6275 -6033 3627 -5210 1204
631 1897 6274 -6037 3628 -5213 1207
632 1898 6272 -6038 3623 -5212 1206
633 1898 6274 -6037 3626 -5213 1205
634 1899 6273 -6037 3625 -5212 1208
635 1898 6272 -6034 3626 -5212 1205
636 1898 6272 -6037 3625 -5213 1202
637 1896 6272 -6037 3627 -5211 1205
638 1896 6275 -6037 3627 -5213 1205
639 1897 6274 -6037 3625 -5211 1204
640 1897 6277 -6036 3630 -5209 1206
641 1898 6275 -6036 3627 -5210 1202
642 1899 6276 -6038 3628 -5206 1209
643 1900 6275 -6036 3629 -5217 1205
644 1899 6274 -6039 3627 -5214 1206
645 1899 6275 -6035 3628 -5212 1204
646 1899 6274 -6037 3627 -5215 1206
647 1899 6272 -6034 3628 -5213 1206
648 1895 6276 -6036 3626 -5211 1204
649 1898 6275 -6036 3627 -5212 1204
650 1898 6274 -6037 3625 -5211 1207
651 1900 6276 -6034 3627 -5209 1208
652 1900 6275 -6039 3629 -5212 1207
653 1899 6275 -6036 3629 -5213 1203
654 1898 6273 -6037 3626 -5212 1204
655 1902 6277 -6033 3631 -5211 1208
656 1900 6275 -6038 3628 -5214 1209
657 1900 6278 -6036 3627 -5212 1207
658 1898 6274 -6039 3628 -5213 1202
659 1899 6276 -6036 3626 -5211 1205
660 1898 6278 -6035 3625 -5213 1206
661 1902 6277 -6037 3627 -5210 1204
662 1898 6275 -6039 3627 -5212 1204
663 1895 6278 -6034 3627 -5212 1205
664 1898 6274 -6037 3628 -5210 1204
665 1899 6279 -6035 3629 -5209 1207
666 1900 6274 -6035 3627 -5211 1206
667 1896 6274 -6035 3626 -5212 1206
668 1899 6276 -6036 3630 -5211 1206
669 1900 6277 -6035 3627 -5213 1205
670 1900 6277 -6036 3629 -5211 1204
671 1899 6273 -6037 3629 -5211 1204
672 1898 6275 -6038 3627 -5209 1205
673 1900 6276 -6039 3630 -5212 1204
674 1900 6275 -6039 3628 -5211 1206
675 1900 6275 -6035 3627 -5211 1208
676 1899 6275 -6037 3628 -5213 1205
677 1898 6276 -6037 3623 -5212 1206
678 1899 6277 -6035 3631 -5210 1206
679 1897 6275 -6033 3628 -5212 1205
680 1896 6272 -6036 3627 -5211 1205
681 1900 6275 -6037 3627 -5211 1206
682 1903 6276 -6036 3625 -5214 1205
683 1900 6276 -6035 3627 -5209 1207
684 1897 6276 -6037 3628 -5212 1204
685 1902 6276 -6033 3629 -5208 1206
686 1899 6274 -6033 3631 -5211 1204
687 1897 6274 -6036 3631 -5211 1206
688 1898 6277 -6034 3626 -5210 1212
689 1898 6274 -6033 3627 -5211 1206
690 1899 6275 -6037 3632 -5210 1209
691 1897 6275 -6032 3630 -5208 1209
692 1900 6276 -6033 3627 -5209 1210
693 1900 6274 -6036 3626 -5210 1203
694 1900 6275 -6033 3628 -5212 1205
695 1899 6276 -6034 3626 -5210 1207
696 1896 6272 -6036 3628 -5207 1208
697 1898 6274 -6039 3627 -5210 1205
698 1900 6276 -6034 3627 -5211 1208
699 1901 6274 -6033 3625 -5208 1206
700 1897 6278 -6033 3630 -5209 1207
701 1899 6275 -6032 3630 -5207 1209
702 1902 6276 -6030 3627 -5208 1208
703 1899 6277 -6031 3628 -5213 1209
704 1901 6276 -6034 3627 -5210 1209
705 1901 6277 -6033 3631 -5208 1207
706 1900 6275 -6033 3627 -5206 1210
707 1901 6278 -6033 3628 -5207 1209
708 1899 6277 -6033 3626 -5206 1209
709 1903 6280 -6034 3629 -5207 1209
710 1902 6275 -6034 3628 -5209 1206
711 1897 6276 -6030 3629 -5205 1209
712 1898 6279 -6031 3628 -5208 1205
713 1899 6277 -6033 3629 -5207 1209
714 1901 6274 -6030 3629 -5208 1211
715 1898 6279 -6031 3626 -5206 1210
716 1898 6272 -6031 3629 -5205 1209
717 1898 6277 -6030 3627 -5208 1207
718 1902 6274 -6033 3630 -5208 1209
719 1899 6274 -6033 3621 -5209 1209
720 1895 6276 -6032 3627 -5209 1210
721 1898 6274 -6033 3627 -5209 1209
722 1899 6274 -6030 3624 -5204 1209
723 1897 6275 -6030 3625 -5206 1209
724 1898 6276 -6032 3628 -5209 1207
725 1899 6277 -6030 3625 -5209 1209
726 1899 6279 -6032 3627 -5206 1208
727 1900 6277 -6033 3624 -5209 1211
728 1901 6278 -6032 3628 -5208 1213
729 1900 6277 -6031 3627 -5209 1210
730 1899 6278 -6031 3628 -5205 1207
731 1901 6277 -6032 3626 -5208 1208
732 1901 6277 -6034 3625 -5207 1211
733 1899 6279 -6030 3627 -5210 1209
734 1900 6279 -6032 3626 -5208 1212
735 1900 6276 -6031 3628 -5209 1207
736 1903 6278 -6029 3628 -5207 1212
737 1900 6279 -6034 3627 -5209 1209
738 1898 6277 -6034 3628 -5206 1211
739 1899 6278 -6032 3627 -5209 1211
740 1899 6276 -6032 3626 -5208 1210
741 1901 6277 -6029 3628 -5209 1211
742 1901 6277 -6030 3630 -5210 1212
743 1900 6275 -6028 3624 -5212 1208
744 1898 6275 -6034 3626 -5210 1208
745 1898 6276 -6035 3626 -5206 1209
746 1900 6280 -6031 3626 -5208 1210
747 1900 6277 -6031 3629 -5209 1209
748 1899 6280 -6033 3625 -5207 1211
749 1900 6279 -6031 3627 -5209 1213
750 1900 6275 -6031 3627 -5206 1209
751 1901 6274 -6032 3627 -5207 1209
752 1900 6276 -6033 3628 -5205 1213
753 1901 6278 -6032 3626 -5206 1213
754 1899 6279 -6029 3625 -5210 1212
755 1900 6277 -6032 3626 -5210 1208
756 1899 6278 -6033 3627 -5209 1210
757 1903 6279 -6030 3624 -5208 1212
758 1899 6280 -6032 3630 -5206 1215
759 1899 6276 -6030 3628 -5204 1215
760 1901 6279 -6032 3627 -5208 1213
761 1899 6278 -6032 3627 -5207 1215
762 1901 6280 -6027 3625 -5206 1212
763 1898 6278 -6033 3627 -5209 1209
764 1899 6275 -6034 3626 -5210 1215
765 1901 6278 -6031 3628 -5209 1216
766 1897 6277 -6031 3624 -5209 1213
767 1900 6278 -6030 3622 -5206 1210
768 1902 6278 -6029 3626 -5208 1210
769 1901 6279 -6029 3627 -5207 1212
770 1899 6279 -6030 3625 -5205 1213
771 1899 6280 -6030 3625 -5209 1212
772 1904 6279 -6032 3625 -5207 1211
773 1897 6280 -6031 3626 -5210 1212
774 1901 6278 -6030 3626 -5206 1217
775 1900 6279 -6028 3624 -5208 1211
776 1897 6280 -6028 3628 -5208 1215
777 1897 6280 -6031 3625 -5208 1214
778 1897 6278 -6031 3626 -5210 1208
779 1899 6275 -6031 3626 -5210 1213
780 1899 6281 -6030 3626 -5206 1214
781 1899 6276 -6031 3626 -5207 1213
782 1899 6279 -6032 3625 -5207 1211
783 1899 6277 -6030 3624 -5206 1216
784 1899 6277 -6028 3626 -5206 1215
785 1898 6275 -6032 3627 -5211 1212
786 1902 6277 -6031 3624 -5209 1214
787 1899 6278 -6029 3624 -5206 1212
788 1900 6277 -6030 3628 -5209 1215
789 1897 6281 -6026 3625 -5206 1213
790 1900 6276 -6030 3624 -5206 1212
791 1899 6280 -6029 3625 -5205 1211
792 1900 6280 -6027 3630 -5204 1213
793 1897 6278 -6030 3624 -5204 1217
794 1899 6279 -6025 3624 -5206 1214
795 1902 6280 -6027 3627 -5205 1215
796 1903 6283 -6027 3627 -5206 1214
797 1902 6283 -6030 3627 -5207 1216
798 1901 6278 -6028 3624 -5206 1217
799 1899 6281 -6028 3622 -5211 1216
800 1898 6280 -6031 3624 -5208 1214
801 1901 6279 -6029 3621 -5210 1214
802 1899 6276 -6029 3626 -5209 1213
803 1901 6280 -6029 3624 -5208 1219
804 1902 6279 -6029 3626 -5205 1216
805 1899 6280 -6027 3626 -5205 1217
806 1899 6283 -6030 3621 -5208 1217
807 1897 6282 -6027 3625 -5206 1214
808 1898 6280 -6029 3623 -5207 1217
809 1900 6283 -6028 3625 -5206 1215
810 1898 6280 -6030 3623 -5209 1213
811 1897 6281 -6030 3621 -5206 1213
812 1899 6282 -6030 3625 -5206 1214
813 1900 6283 -6029 3624 -5208 1216
814 1901 6280 -6027 3627 -5205 1218
815 1900 6286 -6029 3626 -5205 1217
816 1898 6282 -6027 3625 -5205 1219
817 1899 6283 -6029 3625 -5209 1215
818 1901 6280 -6031 3625 -5210 1217
819 1899 6281 -6030 3626 -5210 1219
820 1901 6283 -6029 3626 -5208 1217
821 1900 6282 -6026 3626 -5206 1214
822 1900 6283 -6026 3625 -5209 1217
823 1899 6281 -6029 3626 -5209 1217
824 1902 6284 -6029 3625 -5206 1219
825 1900 6283 -6029 3624 -5208 1214
826 1901 6283 -6027 3623 -5206 1217
827 1900 6287 -6026 3626 -5206 1218
828 1898 6281 -6025 3624 -5211 1216
829 1897 6282 -6030 3625 -5206 1220
830 1898 6284 -6033 3625 -5208 1218
831 1899 6284 -6028 3624 -5207 1215
832 1896 6283 -6033 3628 -5207 1217
833 1899 6283 -6030 3623 -5209 1217
834 1898 6287 -6031 3622 -5208 1215
835 1898 6284 -6028 3628 -5208 1218
836 1902 6285 -6026 3627 -5208 1215
837 1901 6283 -6030 3627 -5206 1217
838 1901 6284 -6030 3628 -5203 1216
839 1903 6286 -6027 3628 -5203 1216
840 1901 6285 -6026 3625 -5209 1218
841 1900 6284 -6030 3625 -5207 1219
842 1899 6284 -6029 3621 -5209 1218
843 1899 6286 -6032 3621 -5204 1215
844 1900 6286 -6027 3623 -5205 1219
845 1899 6283 -6029 3623 -5207 1219
846 1901 6284 -6032 3624 -5200 1215
847 1895 6286 -6027 3624 -5205 1219
848 1902 6283 -6028 3624 -5209 1219
849 1898 6282 -6030 3623 -5205 1221
850 1899 6286 -6028 3628 -5207 1219
851 1900 6285 -6026 3622 -5207 1220
852 1899 6286 -6026 3624 -5208 1218
853 1897 6284 -6026 3623 -5205 1217
854 1899 6283 -6027 3620 -5207 1219
855 1897 6285 -6029 3622 -5204 1220
856 1896 6283 -6025 3625 -5205 1219
857 1899 6285 -6022 3621 -5206 1218
858 1900 6284 -6031 3624 -5204 1219
859 1901 6284 -6026 3621 -5202 1220
860 1898 6283 -6027 3621 -5205 1218
861 1894 6282 -6027 3623 -5207 1221
862 1900 6284 -6031 3622 -5203 1222
863 1898 6285 -6027 3625 -5200 1220
864 1897 6286 -6029 3623 -5203 1219
865 1899 6283 -6026 3624 -5203 1220
866 1898 6283 -6027 3627 -5202 1219
867 1900 6279 -6025 3625 -5205 1217
868 1897 6282 -6024 3624 -5206 1223
869 1901 6283 -6024 3622 -5202 1222
870 1896 6284 -6026 3624 -5205 1220
871 1899 6284 -6023 3622 -5204 1220
872 1898 6287 -6026 3621 -5205 1220
873 1897 6283 -6025 3620 -5201 1217
874 1895 6282 -6026 3621 -5206 1219
875 1899 6283 -6022 3622 -5202 1221
876 1895 6281 -6025 3620 -5199 1217
877 1895 6282 -6026 3623 -5201 1219
878 1898 6284 -6025 3618 -5201 1215
879 1897 6281 -6024 3621 -5198 1217
880 1902 6283 -6026 3623 -5200 1220
881 1897 6285 -6024 3622 -5200 1220
882 1901 6281 -6025 3622 -5200 1220
883 1896 6282 -6028 3622 -5201 1220
884 1899 6281 -6023 3624 -5201 1221
885 1900 6283 -6025 3620 -5203 1220
886 1902 6283 -6024 3620 -5202 1220
887 1895 6283 -6024 3622 -5201 1220
888 1897 6279 -6027 3622 -5199 1221
889 1901 6281 -6027 3623 -5200 1221
890 1897 6279 -6023 3621 -5201 1220
891 1898 6280 -6023 3623 -5200 1219
892 1896 6283 -6023 3620 -5199 1220
893 1896 6285 -6025 3620 -5201 1221
894 1896 6285 -6027 3621 -5201 1221
895 1895 6283 -6022 3620 -5200 1219
896 1897 6281 -6024 3617 -5203 1218
897 1896 6281 -6025 3617 -5199 1221
898 1894 6284 -6028 3622 -5202 1218
899 1900 6286 -6022 3621 -5200 1218
900 1897 6285 -6027 3618 -5196 1220
901 1897 6283 -6022 3621 -5200 1222
902 1897 6286 -6023 3620 -5197 1221
903 1896 6281 -6023 3620 -5199 1226
904 1897 6282 -6027 3619 -5196 1220
905 1897 6282 -6026 3618 -5198 1219
906 1898 6283 -6025 3621 -5198 1221
907 1896 6285 -6026 3621 -5199 1221
908 1895 6281 -6023 3620 -5198 1222
909 1897 6285 -6026 3622 -5203 1222
910 1899 6284 -6025 3620 -5201 1220
911 1898 6285 -6025 3620 -5200 1224
912 1898 6282 -6026 3621 -5199 1222
913 1894 6284 -6023 3621 -5198 1222
914 1896 6279 -6028 3621 -5198 1219
915 1900 6283 -6023 3618 -5199 1217
916 1896 6281 -6027 3619 -5198 1219
917 1895 6278 -6026 3621 -5198 1221
918 1897 6284 -6026 3620 -5199 1220
919 1898 6285 -6025 3620 -5198 1221
920 1895 6283 -6025 3622 -5196 1221
921 1897 6284 -6026 3620 -5199 1221
922 1895 6281 -6026 3620 -5199 1220
923 1899 6288 -6026 3622 -5194 1221
924 1899 6285 -6025 3622 -5196 1216
925 1896 6286 -6025 3622 -5196 1218
926 1896 6284 -6026 3620 -5196 1221
927 1898 6285 -6024 3619 -5197 1221
928 1894 6284 -6027 3621 -5196 1221
929 1893 6284 -6027 3623 -5195 1222
930 1896 6285 -6022 3617 -5196 1220
931 1897 6284 -6025 3620 -5198 1222
932 1898 6284 -6027 3622 -5196 1220
933 1899 6286 -6026 3620 -5195 1218
934 1897 6284 -6026 3622 -5195 1222
935 1897 6288 -6027 3622 -5197 1221
936 1899 6287 -6026 3621 -5195 1221
937 1896 6284 -6026 3619 -5196 1219
938 1899 6282 -6028 3618 -5196 1221
939 1896 6284 -6029 3618 -5197 1214
940 1896 6285 -6025 3619 -5197 1216
941 1899 6285 -6026 3622 -5196 1220
942 1898 6281 -6030 3620 -5199 1216
943 1896 6284 -6027 3621 -5194 1217
944 1896 6283 -6028 3623 -5195 1218
945 1894 6285 -6028 3617 -5197 1217
946 1894 6281 -6027 3618 -5195 1220
947 1890 6286 -6025 3621 -5197 1217
948 1894 6284 -6027 3617 -5195 1220
949 1895 6281 -6023 3623 -5194 1216
950 1895 6285 -6024 3620 -5194 1219
951 1896 6287 -6026 3622 -5193 1220
952 1898 6285 -6024 3619 -5195 1218
953 1894 6282 -6026 3619 -5196 1218
954 1892 6283 -6028 3619 -5193 1222
955 1893 6282 -6024 3619 -5195 1221
956 1894 6283 -6026 3617 -5196 1220
957 1897 6282 -6026 3618 -5195 1220
958 1896 6281 -6025 3618 -5195 1222
959 1892 6285 -6027 3616 -5194 1219
960 1895 6283 -6027 3619 -5191 1215
961 1894 6285 -6025 3619 -5195 1218
962 1895 6284 -6027 3617 -5194 1217
963 1894 6282 -6027 3619 -5194 1218
964 1894 6283 -6024 3619 -5194 1219
965 1894 6282 -6027 3618 -5193 1219
966 1895 6281 -6028 3620 -5192 1218
967 1896 6284 -6028 3620 -5192 1217
968 1891 6284 -6027 3621 -5190 1219
969 1897 6287 -6027 3622 -5191 1220
970 1894 6284 -6027 3622 -5193 1222
971 1892 6285 -6030 3616 -5193 1220
972 1897 6286 -6029 3619 -5189 1218
973 1895 6284 -6025 3618 -5194 1217
974 1894 6282 -6027 3619 -5191 1222
975 1897 6283 -6026 3615 -5192 1218
976 1894 6281 -6029 3617 -5192 1219
977 1893 6284 -6030 3617 -5190 1219
978 1891 6284 -6029 3618 -5190 1217
979 1894 6283 -6029 3617 -5190 1217
980 1895 6284 -6026 3619 -5194 1219
981 1893 6282 -6029 3616 -5191 1219
982 1893 6283 -6030 3617 -5192 1215
983 1895 6287 -6027 3618 -5194 1220
984 1895 6283 -6028 3618 -5192 1215
985 1893 6284 -6026 3618 -5193 1221
986 1894 6281 -6031 3616 -5192 1219
987 1893 6286 -6029 3616 -5192 1217
988 1895 6284 -6027 3618 -5191 1218
989 1893 6281 -6030 3617 -5189 1217
990 1895 6285 -6026 3617 -5191 1217
991 1895 6283 -6028 3615 -5190 1220
992 1894 6283 -6031 3618 -5191 1219
993 1894 6285 -6027 3619 -5192 1217
994 1892 6284 -6026 3616 -5189 1219
995 1894 6281 -6030 3618 -5191 1219
996 1895 6287 -6024 3617 -5187 1220
997 1893 6284 -6028 3617 -5188 1220
998 1891 6286 -6030 3615 -5186 1218
999 1891 6283 -6030 3620 -5190 1217
