0 -1082 -273 -1104 1228 378 1769
1 -1087 -269 -1100 1227 380 1766
2 -1088 -271 -1102 1227 381 1766
3 -1089 -270 -1098 1225 381 1768
4 -1083 -271 -1102 1227 378 1765
5 -1084 -271 -1102 1226 380 1767
6 -1085 -272 -1104 1229 379 1764
7 -1085 -273 -1102 1229 379 1767
8 -1085 -265 -1098 1230 380 1768
9 -1087 -268 -1102 1230 381 1767
10 -1084 -270 -1104 1229 378 1768
11 -1084 -271 -1104 1229 383 1771
12 -1086 -267 -1102 1228 380 1767
13 -1087 -271 -1104 1227 379 1767
14 -1085 -272 -1103 1229 380 1765
15 -1086 -268 -1098 1229 381 1765
16 -1088 -273 -1103 1225 379 1766
17 -1086 -272 -1101 1230 382 1770
18 -1088 -269 -1102 1229 382 1764
19 -1087 -269 -1100 1228 379 1765
20 -1089 -270 -1101 1229 381 1769
21 -1084 -270 -1103 1228 381 1770
22 -1089 -267 -1102 1231 379 1768
23 -1087 -270 -1106 1228 381 1768
24 -1085 -269 -1102 1228 380 1768
25 -1086 -268 -1101 1227 381 1771
26 -1086 -271 -1103 1225 377 1763
27 -1087 -268 -1102 1226 378 1768
28 -1088 -270 -1104 1227 377 1764
29 -1088 -272 -1103 1230 377 1768
30 -1085 -272 -1103 1227 379 1768
31 -1086 -267 -1102 1227 378 1765
32 -1088 -272 -1104 1225 379 1766
33 -1086 -269 -1103 1227 380 1764
34 -1084 -267 -1103 1228 378 1769
35 -1087 -267 -1103 1227 379 1770
36 -1085 -268 -1103 1226 379 1765
37 -1087 -270 -1104 1227 377 1764
38 -1088 -268 -1103 1229 381 1765
39 -1085 -270 -1102 1228 380 1767
40 -1086 -271 -1100 1226 376 1766
41 -1084 -269 -1102 1227 380 1770
42 -1086 -269 -1104 1230 376 1769
43 -1085 -273 -1100 1227 382 1769
44 -1085 -271 -1101 1230 379 1766
45 -1086 -269 -1104 1225 379 1769
46 -1084 -268 -1102 1226 378 1768
47 -1083 -271 -1103 1229 382 1769
48 -1085 -266 -1100 1228 379 1765
49 -1084 -270 -1103 1228 381 1769
50 -1084 -269 -1102 1226 379 1767
51 -1081 -270 -1102 1229 381 1771
52 -1087 -267 -1101 1227 382 1767
53 -1088 -271 -1099 1230 382 1766
54 -1087 -268 -1104 1229 382 1767
55 -1085 -267 -1102 1226 376 1768
56 -1088 -269 -1102 1225 379 1762
57 -1085 -271 -1102 1228 377 1766
58 -1087 -269 -1102 1228 380 1765
59 -1085 -268 -1102 1225 379 1766
60 -1086 -265 -1102 1229 382 1768
61 -1085 -269 -1102 1227 382 1766
62 -1087 -270 -1104 1228 379 1764
63 -1088 -270 -1102 1230 378 1766
64 -1087 -271 -1100 1226 377 1766
65 -1084 -268 -1104 1225 381 1763
66 -1085 -271 -1103 1229 378 1766
67 -1086 -268 -1102 1226 380 1765
68 -1084 -270 -1102 1226 381 1767
69 -1086 -270 -1105 1228 382 1769
70 -1085 -268 -1104 1226 378 1763
71 -1084 -271 -1105 1228 381 1766
72 -1089 -267 -1104 1230 382 1769
73 -1082 -267 -1105 1227 384 1767
74 -1084 -271 -1100 1229 380 1770
75 -1085 -273 -1103 1229 378 1765
76 -1086 -271 -1103 1229 377 1769
77 -1088 -273 -1100 1228 378 1770
78 -1088 -270 -1104 1227 379 1763
79 -1087 -272 -1101 1227 379 1770
80 -1086 -271 -1102 1225 375 1766
81 -1086 -270 -1103 1227 378 1764
82 -1087 -268 -1102 1230 377 1768
83 -1085 -268 -1101 1231 378 1769
84 -1090 -273 -1104 1226 380 1763
85 -1084 -272 -1103 1227 376 1765
86 -1082 -269 -1103 1228 379 1763
87 -1089 -272 -1101 1232 379 1771
88 -1085 -271 -1106 1227 376 1768
89 -1090 -269 -1106 1226 379 1760
90 -1088 -269 -1104 1224 380 1766
91 -1087 -271 -1103 1227 381 1765
92 -1086 -272 -1102 1226 380 1768
93 -1083 -268 -1104 1228 382 1769
94 -1085 -270 -1104 1228 378 1766
95 -1085 -271 -1102 1226 379 1764
96 -1087 -271 -1101 1227 377 1766
97 -1083 -268 -1106 1228 381 1767
98 -1081 -270 -1103 1225 380 1767
99 -1086 -272 -1103 1227 382 1766
100 -1089 -269 -1100 1229 382 1769
101 -1089 -268 -1102 1226 375 1765
102 -1087 -273 -1101 1229 376 1765
103 -1085 -271 -1103 1228 378 1766
104 -1086 -274 -1101 1227 378 1763
105 -1089 -271 -1101 1230 379 1764
106 -1085 -270 -1103 1228 375 1767
107 -1086 -272 -1101 1228 378 1765
108 -1083 -270 -1104 1226 379 1769
109 -1086 -270 -1104 1230 378 1767
110 -1086 -270 -1103 1224 380 1766
111 -1086 -271 -1102 1228 378 1766
112 -1089 -272 -1105 1227 380 1769
113 -1085 -269 -1105 1225 379 1766
114 -1086 -269 -1100 1226 381 1768
115 -1086 -270 -1102 1223 382 1766
116 -1089 -271 -1103 1226 377 1767
117 -1088 -270 -1104 1226 379 1766
118 -1087 -268 -1099 1225 383 1765
119 -1083 -270 -1104 1226 378 1765
120 -1085 -269 -1102 1227 378 1767
121 -1084 -267 -1102 1229 379 1764
122 -1085 -270 -1101 1225 378 1771
123 -1085 -271 -1101 1230 381 1764
124 -1089 -270 -1100 1230 380 1768
125 -1085 -268 -1103 1230 380 1766
126 -1086 -270 -1102 1231 379 1767
127 -1086 -268 -1101 1228 383 1766
128 -1085 -270 -1103 1228 376 1765
129 -1086 -272 -1103 1227 377 1769
130 -1086 -269 -1102 1228 381 1768
131 -1086 -271 -1103 1231 381 1765
132 -1086 -271 -1104 1228 379 1767
133 -1087 -268 -1103 1226 379 1768
134 -1087 -270 -1099 1229 380 1766
135 -1088 -273 -1101 1228 379 1764
136 -1086 -268 -1099 1226 381 1765
137 -1086 -269 -1103 1229 381 1766
138 -1086 -273 -1104 1225 383 1766
139 -1085 -266 -1102 1225 375 1766
140 -1087 -266 -1102 1229 381 1764
141 -1086 -269 -1103 1230 381 1767
142 -1083 -267 -1099 1228 379 1767
143 -1084 -269 -1103 1229 380 1770
144 -1088 -269 -1102 1230 378 1765
145 -1089 -267 -1097 1226 377 1765
146 -1086 -267 -1099 1228 377 1764
147 -1087 -269 -1105 1226 376 1767
148 -1084 -269 -1103 1227 381 1767
149 -1090 -272 -1104 1229 380 1770
150 -1086 -272 -1105 1229 381 1767
151 -1085 -271 -1105 1227 382 1765
152 -1083 -269 -1101 1226 375 1767
153 -1084 -270 -1101 1228 376 1764
154 -1087 -270 -1104 1228 378 1767
155 -1086 -271 -1103 1231 380 1769
156 -1085 -268 -1103 1227 380 1767
157 -1086 -270 -1104 1228 378 1765
158 -1088 -272 -1103 1225 379 1767
159 -1089 -268 -1103 1228 380 1767
160 -1087 -269 -1103 1230 381 1768
161 -1090 -267 -1102 1227 379 1765
162 -1086 -267 -1104 1229 378 1770
163 -1085 -270 -1100 1230 377 1760
164 -1085 -270 -1104 1227 380 1767
165 -1086 -269 -1104 1228 380 1764
166 -1084 -269 -1100 1227 381 1766
167 -1086 -270 -1103 1229 379 1769
168 -1090 -270 -1104 1225 377 1761
169 -1089 -274 -1105 1228 377 1766
170 -1086 -269 -1100 1226 380 1766
171 -1084 -269 -1104 1226 382 1769
172 -1086 -271 -1098 1228 377 1769
173 -1082 -269 -1101 1227 380 1769
174 -1086 -273 -1103 1227 379 1769
175 -1085 -269 -1101 1231 379 1767
176 -1086 -269 -1101 1227 379 1766
177 -1087 -269 -1102 1226 377 1765
178 -1084 -269 -1106 1228 379 1768
179 -1088 -268 -1101 1225 377 1769
180 -1085 -271 -1103 1226 379 1766
181 -1084 -273 -1105 1227 381 1766
182 -1083 -272 -1101 1230 383 1768
183 -1087 -269 -1104 1227 379 1767
184 -1087 -269 -1101 1228 377 1767
185 -1083 -269 -1103 1228 380 1766
186 -1089 -272 -1099 1229 380 1769
187 -1081 -266 -1106 1227 378 1767
188 -1084 -269 -1103 1227 377 1765
189 -1086 -269 -1102 1225 378 1766
190 -1084 -269 -1103 1228 378 1764
191 -1089 -271 -1100 1228 378 1770
192 -1081 -270 -1105 1229 378 1766
193 -1088 -270 -1103 1228 375 1768
194 -1087 -271 -1102 1227 379 1764
195 -1086 -270 -1103 1227 380 1767
196 -1089 -265 -1104 1227 380 1764
197 -1086 -271 -1102 1226 379 1767
198 -1086 -272 -1104 1228 382 1767
199 -1086 -272 -1100 1227 378 1764
200 -1090 -272 -1106 1225 378 1766
201 -1087 -267 -1103 1228 377 1770
202 -1085 -271 -1104 1227 380 1765
203 -1087 -268 -1103 1228 378 1769
204 -1089 -270 -1104 1228 380 1770
205 -1085 -265 -1102 1227 381 1767
206 -1086 -268 -1104 1230 376 1765
207 -1084 -267 -1102 1228 379 1766
208 -1087 -268 -1102 1227 379 1764
209 -1085 -268 -1103 1230 380 1770
210 -1086 -272 -1104 1229 377 1768
211 -1084 -267 -1101 1225 376 1767
212 -1086 -272 -1103 1228 376 1768
213 -1086 -270 -1102 1228 380 1764
214 -1088 -269 -1104 1229 376 1767
215 -1086 -270 -1101 1229 379 1768
216 -1083 -268 -1104 1232 380 1764
217 -1085 -269 -1102 1229 383 1765
218 -1083 -269 -1102 1228 379 1766
219 -1084 -267 -1103 1228 381 1768
220 -1087 -267 -1101 1228 377 1766
221 -1087 -267 -1102 1223 376 1770
222 -1087 -272 -1102 1228 379 1766
223 -1084 -268 -1104 1228 379 1767
224 -1087 -270 -1102 1228 380 1770
225 -1088 -270 -1104 1226 373 1762
226 -1087 -269 -1105 1228 376 1766
227 -1083 -271 -1104 1227 378 1767
228 -1087 -269 -1106 1228 380 1764
229 -1089 -270 -1099 1229 381 1766
230 -1088 -269 -1102 1226 380 1767
231 -1088 -273 -1105 1228 378 1767
232 -1086 -266 -1099 1227 379 1768
233 -1084 -270 -1103 1228 377 1768
234 -1084 -272 -1101 1230 377 1768
235 -1085 -270 -1105 1229 379 1770
236 -1088 -272 -1101 1228 380 1768
237 -1085 -270 -1103 1230 376 1769
238 -1086 -273 -1103 1226 377 1766
239 -1086 -272 -1101 1230 378 1765
240 -1084 -271 -1102 1228 376 1765
241 -1086 -270 -1101 1228 378 1766
242 -1086 -272 -1100 1228 375 1767
243 -1085 -272 -1103 1229 379 1766
244 -1085 -271 -1104 1228 379 1768
245 -1089 -272 -1104 1230 378 1768
246 -1087 -270 -1105 1223 380 1768
247 -1087 -269 -1104 1227 378 1771
248 -1085 -270 -1101 1227 380 1766
249 -1091 -269 -1104 1230 377 1763
250 -1086 -269 -1102 1226 379 1768
251 -1086 -272 -1103 1231 380 1766
252 -1086 -274 -1102 1229 381 1768
253 -1085 -268 -1104 1229 380 1766
254 -1087 -267 -1101 1228 381 1767
255 -1086 -274 -1105 1230 381 1763
256 -1083 -267 -1103 1229 380 1767
257 -1087 -271 -1102 1227 376 1764
258 -1085 -268 -1099 1232 380 1765
259 -1086 -272 -1105 1228 377 1767
260 -1083 -271 -1103 1229 379 1764
261 -1085 -271 -1103 1232 381 1767
262 -1087 -271 -1103 1229 380 1768
263 -1086 -272 -1099 1227 376 1765
264 -1084 -266 -1105 1228 382 1766
265 -1085 -271 -1105 1227 380 1769
266 -1088 -269 -1103 1225 378 1769
267 -1087 -270 -1099 1225 378 1766
268 -1087 -269 -1102 1230 377 1765
269 -1087 -272 -1102 1229 375 1765
270 -1085 -270 -1105 1226 383 1766
271 -1085 -265 -1098 1227 379 1768
272 -1083 -271 -1099 1224 379 1766
273 -1088 -272 -1101 1227 376 1767
274 -1086 -268 -1105 1228 378 1767
275 -1088 -269 -1101 1229 378 1766
276 -1087 -268 -1099 1229 380 1766
277 -1087 -269 -1100 1229 379 1766
278 -1086 -267 -1101 1229 377 1767
279 -1087 -268 -1101 1227 378 1766
280 -1083 -268 -1103 1228 377 1765
281 -1084 -267 -1104 1227 376 1765
282 -1086 -267 -1103 1231 379 1766
283 -1088 -270 -1104 1229 381 1767
284 -1085 -271 -1101 1230 383 1769
285 -1089 -269 -1102 1228 377 1766
286 -1088 -268 -1105 1229 381 1763
287 -1084 -268 -1102 1226 376 1768
288 -1084 -268 -1101 1227 382 1766
289 -1085 -265 -1098 1231 380 1768
290 -1080 -271 -1101 1230 379 1767
291 -1088 -269 -1103 1232 379 1769
292 -1088 -267 -1100 1229 378 1764
293 -1086 -269 -1104 1229 380 1766
294 -1087 -268 -1103 1227 378 1765
295 -1088 -270 -1101 1227 379 1768
296 -1088 -268 -1099 1227 382 1767
297 -1087 -271 -1106 1229 378 1766
298 -1084 -269 -1103 1228 376 1768
299 -1086 -269 -1099 1227 378 1766
300 -1080 -268 -1100 1228 377 1767
301 -1084 -269 -1104 1229 378 1769
302 -1086 -273 -1102 1230 380 1766
303 -1086 -272 -1101 1228 382 1765
304 -1088 -270 -1102 1230 380 1767
305 -1084 -268 -1102 1227 378 1768
306 -1086 -269 -1102 1226 379 1763
307 -1086 -269 -1103 1224 380 1769
308 -1087 -274 -1101 1226 376 1764
309 -1086 -271 -1102 1228 380 1764
310 -1089 -269 -1104 1228 376 1770
311 -1087 -270 -1104 1228 380 1768
312 -1087 -271 -1101 1225 377 1770
313 -1088 -269 -1105 1224 376 1765
314 -1086 -270 -1104 1228 377 1768
315 -1084 -273 -1100 1226 383 1762
316 -1089 -268 -1102 1227 380 1767
317 -1087 -272 -1104 1230 380 1763
318 -1087 -270 -1102 1230 378 1769
319 -1088 -268 -1103 1228 380 1766
320 -1084 -269 -1101 1231 380 1765
321 -1085 -271 -1103 1229 379 1768
322 -1084 -267 -1102 1231 378 1765
323 -1086 -271 -1104 1230 380 1770
324 -1087 -269 -1103 1232 382 1765
325 -1083 -269 -1103 1223 377 1765
326 -1086 -269 -1102 1228 377 1770
327 -1087 -268 -1097 1226 379 1765
328 -1090 -271 -1101 1229 379 1765
329 -1089 -271 -1101 1225 375 1766
330 -1085 -268 -1101 1228 382 1767
331 -1088 -272 -1104 1229 382 1766
332 -1086 -269 -1102 1227 382 1764
333 -1089 -273 -1104 1229 380 1764
334 -1087 -267 -1104 1227 378 1764
335 -1083 -266 -1106 1225 376 1763
336 -1085 -272 -1106 1228 381 1767
337 -1083 -268 -1102 1229 379 1766
338 -1085 -268 -1102 1227 379 1766
339 -1085 -267 -1100 1228 384 1765
340 -1082 -267 -1100 1229 382 1768
341 -1083 -268 -1100 1230 378 1769
342 -1085 -270 -1102 1228 379 1766
343 -1083 -272 -1100 1229 381 1767
344 -1083 -265 -1102 1230 380 1771
345 -1088 -271 -1100 1228 378 1766
346 -1086 -268 -1102 1230 379 1767
347 -1085 -267 -1100 1231 382 1765
348 -1083 -268 -1101 1231 380 1769
349 -1086 -271 -1102 1226 380 1768
350 -1085 -268 -1099 1229 381 1769
351 -1086 -269 -1103 1231 380 1768
352 -1087 -270 -1099 1229 381 1767
353 -1084 -269 -1102 1228 376 1766
354 -1083 -269 -1103 1228 382 1766
355 -1085 -267 -1102 1227 381 1771
356 -1084 -268 -1105 1229 378 1770
357 -1085 -272 -1104 1229 380 1765
358 -1085 -268 -1101 1229 380 1765
359 -1086 -268 -1102 1227 380 1768
360 -1084 -269 -1102 1228 376 1770
361 -1090 -270 -1100 1228 382 1764
362 -1087 -274 -1100 1231 379 1764
363 -1086 -267 -1104 1228 378 1767
364 -1085 -269 -1102 1230 382 1769
365 -1086 -268 -1098 1231 378 1768
366 -1086 -269 -1099 1231 380 1766
367 -1085 -266 -1103 1227 379 1766
368 -1087 -269 -1101 1229 381 1765
369 -1085 -267 -1099 1229 382 1766
370 -1086 -271 -1103 1228 380 1771
371 -1084 -269 -1102 1228 380 1766
372 -1086 -270 -1102 1227 383 1765
373 -1085 -273 -1105 1226 380 1767
374 -1086 -266 -1104 1230 380 1766
375 -1089 -270 -1102 1229 379 1772
376 -1081 -269 -1103 1228 385 1769
377 -1087 -269 -1101 1232 379 1767
378 -1086 -270 -1104 1228 376 1766
379 -1084 -271 -1101 1229 379 1767
380 -1084 -268 -1099 1227 380 1767
381 -1088 -270 -1100 1230 379 1767
382 -1085 -271 -1103 1232 382 1769
383 -1088 -270 -1102 1233 380 1767
384 -1088 -267 -1102 1228 381 1769
385 -1082 -267 -1100 1229 380 1764
386 -1085 -268 -1100 1229 380 1768
387 -1087 -267 -1103 1224 379 1767
388 -1087 -268 -1103 1231 384 1770
389 -1086 -264 -1103 1232 380 1766
390 -1085 -268 -1100 1224 376 1769
391 -1086 -269 -1101 1230 379 1766
392 -1086 -270 -1101 1231 379 1766
393 -1085 -266 -1101 1229 379 1767
394 -1083 -267 -1101 1227 381 1768
395 -1085 -270 -1101 1229 382 1767
396 -1084 -268 -1102 1228 382 1768
397 -1084 -269 -1102 1229 381 1768
398 -1086 -269 -1101 1228 382 1766
399 -1085 -271 -1104 1227 379 1772
400 -1086 -267 -1101 1227 377 1769
401 -1087 -268 -1103 1231 380 1765
402 -1085 -269 -1102 1230 381 1770
403 -1082 -268 -1103 1231 380 1767
404 -1088 -268 -1100 1225 380 1768
405 -1085 -267 -1101 1228 376 1765
406 -1085 -268 -1102 1230 378 1765
407 -1087 -271 -1104 1232 384 1767
408 -1085 -269 -1102 1230 378 1768
409 -1087 -270 -1103 1229 384 1767
410 -1083 -268 -1103 1228 381 1768
411 -1087 -270 -1100 1230 381 1770
412 -1090 -270 -1103 1230 380 1766
413 -1085 -272 -1102 1228 378 1769
414 -1083 -268 -1104 1230 376 1768
415 -1087 -270 -1102 1229 381 1769
416 -1086 -269 -1102 1228 377 1767
417 -1085 -270 -1100 1227 379 1767
418 -1085 -269 -1101 1232 379 1766
419 -1085 -268 -1101 1224 376 1770
420 -1084 -270 -1102 1228 384 1772
421 -1084 -270 -1102 1226 378 1765
422 -1085 -272 -1099 1230 381 1766
423 -1084 -271 -1103 1230 378 1765
424 -1086 -269 -1102 1230 379 1770
425 -1082 -269 -1103 1228 376 1767
426 -1083 -267 -1100 1228 383 1769
427 -1084 -268 -1100 1228 378 1767
428 -1084 -269 -1103 1227 377 1769
429 -1085 -267 -1101 1228 378 1766
430 -1087 -272 -1104 1229 380 1766
431 -1087 -270 -1105 1226 378 1768
432 -1083 -268 -1104 1227 379 1768
433 -1087 -272 -1101 1229 380 1767
434 -1087 -267 -1102 1226 380 1771
435 -1085 -271 -1101 1227 382 1769
436 -1088 -270 -1099 1229 382 1770
437 -1085 -272 -1101 1229 379 1770
438 -1084 -269 -1100 1227 380 1766
439 -1084 -267 -1100 1226 383 1766
440 -1086 -270 -1100 1228 381 1767
441 -1085 -270 -1100 1225 381 1765
442 -1089 -267 -1103 1228 379 1767
443 -1083 -269 -1100 1229 381 1769
444 -1085 -267 -1099 1229 383 1765
445 -1084 -268 -1101 1231 382 1766
446 -1084 -269 -1103 1228 381 1767
447 -1084 -267 -1100 1225 383 1764
448 -1083 -268 -1103 1228 381 1767
449 -1082 -267 -1102 1227 381 1766
450 -1083 -273 -1104 1232 382 1767
451 -1083 -267 -1099 1230 383 1766
452 -1086 -268 -1100 1231 383 1769
453 -1084 -268 -1102 1231 382 1768
454 -1087 -270 -1099 1231 380 1766
455 -1086 -270 -1104 1229 382 1768
456 -1088 -268 -1103 1230 379 1770
457 -1086 -271 -1103 1230 379 1770
458 -1087 -267 -1104 1226 382 1767
459 -1085 -271 -1098 1229 382 1768
460 -1088 -271 -1103 1231 380 1763
461 -1082 -270 -1102 1228 381 1766
462 -1082 -270 -1102 1228 381 1768
463 -1085 -265 -1101 1232 380 1770
464 -1089 -271 -1101 1228 376 1767
465 -1085 -270 -1103 1227 380 1769
466 -1088 -269 -1103 1229 379 1770
467 -1088 -265 -1103 1226 380 1767
468 -1085 -269 -1105 1229 381 1765
469 -1086 -270 -1104 1229 381 1769
470 -1088 -269 -1104 1230 381 1767
471 -1085 -270 -1100 1231 381 1768
472 -1087 -272 -1100 1229 379 1768
473 -1083 -269 -1104 1230 377 1769
474 -1088 -271 -1101 1228 380 1767
475 -1085 -268 -1103 1227 379 1765
476 -1081 -267 -1100 1231 380 1770
477 -1080 -266 -1097 1228 381 1767
478 -1085 -269 -1103 1227 383 1769
479 -1082 -271 -1104 1231 383 1769
480 -1086 -270 -1102 1231 384 1765
481 -1082 -268 -1098 1228 382 1768
482 -1084 -264 -1101 1231 380 1768
483 -1088 -272 -1101 1229 377 1768
484 -1087 -271 -1101 1230 378 1767
485 -1087 -269 -1100 1226 381 1768
486 -1086 -269 -1100 1229 378 1765
487 -1085 -270 -1105 1229 379 1769
488 -1083 -269 -1101 1230 379 1767
489 -1084 -271 -1104 1228 380 1765
490 -1084 -270 -1103 1227 381 1769
491 -1087 -268 -1098 1230 379 1768
492 -1086 -268 -1102 1232 379 1767
493 -1084 -267 -1103 1226 381 1766
494 -1086 -270 -1102 1226 376 1766
495 -1086 -271 -1105 1228 382 1766
496 -1085 -271 -1100 1230 383 1765
497 -1086 -270 -1102 1231 377 1769
498 -1086 -272 -1104 1225 377 1766
499 -1085 -271 -1102 1229 380 1765
500 -1086 -268 -1100 1228 379 1764
501 -1086 -270 -1101 1229 381 1767
502 -1085 -268 -1100 1229 376 1772
503 -1087 -267 -1101 1225 380 1767
504 -1086 -270 -1101 1225 378 1768
505 -1086 -270 -1103 1227 379 1768
506 -1086 -267 -1100 1229 377 1766
507 -1084 -271 -1101 1232 383 1769
508 -1088 -269 -1101 1227 381 1765
509 -1089 -270 -1102 1226 378 1768
510 -1086 -268 -1101 1231 382 1769
511 -1081 -268 -1105 1228 380 1765
512 -1083 -267 -1101 1229 383 1769
513 -1083 -265 -1100 1228 381 1766
514 -1088 -271 -1098 1227 379 1767
515 -1083 -270 -1103 1230 383 1771
516 -1086 -268 -1100 1231 379 1768
517 -1086 -269 -1104 1230 378 1764
518 -1084 -268 -1101 1226 380 1769
519 -1085 -274 -1103 1226 384 1767
520 -1082 -270 -1103 1229 379 1766
521 -1085 -270 -1104 1229 381 1766
522 -1082 -269 -1100 1234 382 1772
523 -1085 -268 -1097 1227 382 1768
524 -1084 -270 -1098 1229 380 1768
525 -1088 -269 -1100 1231 381 1767
526 -1082 -268 -1103 1227 382 1766
527 -1087 -273 -1098 1230 382 1766
528 -1085 -272 -1102 1228 378 1767
529 -1086 -267 -1105 1229 381 1765
530 -1083 -267 -1099 1230 381 1764
531 -1085 -268 -1101 1228 380 1767
532 -1086 -268 -1101 1230 382 1770
533 -1086 -266 -1101 1230 384 1768
534 -1083 -268 -1098 1228 379 1769
535 -1086 -270 -1100 1228 379 1765
536 -1087 -271 -1102 1232 382 1767
537 -1088 -267 -1102 1230 381 1766
538 -1086 -269 -1102 1231 380 1767
539 -1088 -266 -1103 1229 383 1768
540 -1087 -270 -1101 1231 379 1768
541 -1088 -271 -1099 1229 379 1765
542 -1086 -271 -1103 1229 381 1764
543 -1090 -268 -1103 1230 383 1765
544 -1085 -268 -1104 1231 381 1769
545 -1084 -268 -1104 1230 381 1767
546 -1083 -265 -1104 1231 376 1764
547 -1084 -266 -1099 1229 381 1767
548 -1081 -270 -1100 1227 381 1772
549 -1085 -269 -1101 1227 382 1770
550 -1085 -269 -1105 1227 383 1768
551 -1086 -267 -1103 1227 380 1766
552 -1086 -271 -1103 1231 379 1770
553 -1083 -272 -1103 1228 382 1764
554 -1084 -273 -1101 1227 383 1770
555 -1085 -272 -1100 1229 373 1769
556 -1085 -272 -1102 1229 382 1769
557 -1083 -268 -1103 1231 380 1767
558 -1084 -270 -1100 1230 383 1771
559 -1082 -267 -1103 1229 381 1767
560 -1081 -267 -1102 1229 383 1770
561 -1084 -269 -1104 1229 382 1771
562 -1084 -267 -1100 1229 383 1767
563 -1085 -270 -1102 1224 379 1769
564 -1087 -267 -1105 1229 379 1766
565 -1085 -265 -1098 1231 379 1768
566 -1083 -270 -1102 1230 380 1767
567 -1085 -269 -1100 1228 377 1767
568 -1085 -264 -1100 1227 381 1767
569 -1086 -266 -1102 1230 379 1769
570 -1085 -270 -1100 1231 380 1766
571 -1081 -267 -1104 1232 378 1769
572 -1085 -266 -1100 1229 383 1768
573 -1086 -269 -1101 1228 380 1767
574 -1084 -269 -1101 1228 380 1767
575 -1083 -266 -1101 1228 379 1767
576 -1084 -265 -1103 1229 381 1771
577 -1082 -268 -1102 1226 377 1768
578 -1088 -267 -1102 1232 381 1767
579 -1085 -267 -1104 1226 379 1768
580 -1083 -269 -1102 1232 382 1766
581 -1082 -270 -1102 1230 380 1765
582 -1084 -271 -1103 1229 376 1767
583 -1085 -269 -1103 1232 381 1768
584 -1085 -268 -1104 1231 381 1768
585 -1082 -271 -1101 1231 381 1768
586 -1084 -267 -1101 1232 379 1767
587 -1084 -270 -1103 1232 381 1768
588 -1085 -268 -1101 1231 381 1766
589 -1086 -268 -1100 1230 382 1769
590 -1085 -268 -1100 1229 381 1770
591 -1087 -270 -1100 1232 381 1767
592 -1086 -268 -1102 1229 378 1768
593 -1085 -266 -1101 1227 382 1769
594 -1089 -269 -1101 1230 381 1769
595 -1085 -269 -1103 1231 377 1767
596 -1085 -269 -1101 1229 380 1764
597 -1087 -270 -1102 1228 378 1768
598 -1086 -269 -1099 1227 380 1768
599 -1086 -268 -1102 1227 380 1765
600 -1085 -269 -1099 1230 377 1766
601 -1086 -267 -1103 1228 383 1765
602 -1083 -267 -1101 1231 380 1763
603 -1088 -270 -1101 1227 380 1766
604 -1085 -269 -1101 1227 381 1767
605 -1085 -270 -1100 1230 381 1768
606 -1086 -267 -1100 1228 379 1766
607 -1083 -269 -1104 1228 381 1766
608 -1088 -269 -1099 1227 383 1767
609 -1086 -268 -1099 1227 381 1772
610 -1088 -267 -1102 1227 380 1766
611 -1090 -268 -1100 1227 383 1767
612 -1084 -270 -1103 1228 380 1766
613 -1085 -266 -1101 1229 380 1764
614 -1084 -269 -1099 1231 377 1767
615 -1086 -272 -1103 1229 381 1769
616 -1085 -268 -1101 1229 382 1770
617 -1087 -270 -1104 1232 381 1767
618 -1085 -267 -1102 1232 381 1767
619 -1087 -270 -1103 1230 379 1768
620 -1084 -269 -1102 1229 380 1767
621 -1085 -270 -1100 1227 375 1767
622 -1085 -270 -1103 1228 386 1766
623 -1085 -270 -1101 1231 382 1769
624 -1083 -270 -1103 1235 382 1767
625 -1086 -270 -1100 1226 381 1767
626 -1089 -265 -1099 1230 383 1767
627 -1084 -268 -1101 1228 379 1767
628 -1081 -270 -1103 1231 378 1767
629 -1087 -267 -1103 1232 379 1768
630 -1086 -269 -1102 1228 381 1768
631 -1086 -269 -1102 1229 378 1767
632 -1087 -268 -1104 1229 381 1768
633 -1085 -267 -1102 1227 378 1768
634 -1082 -270 -1103 1232 381 1768
635 -1082 -268 -1099 1228 379 1768
636 -1084 -265 -1103 1229 379 1768
637 -1084 -266 -1101 1227 377 1767
638 -1083 -269 -1103 1226 382 1768
639 -1085 -269 -1102 1229 377 1768
640 -1087 -269 -1103 1227 382 1769
641 -1083 -270 -1103 1227 377 1768
642 -1088 -270 -1100 1230 380 1767
643 -1084 -267 -1104 1228 380 1767
644 -1085 -265 -1100 1230 379 1766
645 -1085 -268 -1102 1229 378 1769
646 -1086 -270 -1102 1229 379 1765
647 -1088 -270 -1104 1230 380 1766
648 -1087 -273 -1104 1232 379 1767
649 -1086 -268 -1097 1229 382 1768
650 -1086 -265 -1100 1230 379 1768
651 -1084 -270 -1103 1230 379 1768
652 -1086 -268 -1101 1231 379 1768
653 -1088 -266 -1103 1227 383 1767
654 -1084 -270 -1099 1230 381 1765
655 -1085 -267 -1102 1231 382 1767
656 -1080 -270 -1101 1226 379 1768
657 -1083 -268 -1100 1221 377 1768
658 -1084 -271 -1102 1225 381 1767
659 -1085 -268 -1101 1228 378 1767
660 -1086 -267 -1103 1229 378 1767
661 -1083 -266 -1102 1229 380 1768
662 -1084 -267 -1101 1228 379 1768
663 -1088 -269 -1101 1226 378 1770
664 -1082 -267 -1105 1228 376 1765
665 -1086 -267 -1102 1228 378 1768
666 -1086 -274 -1102 1230 380 1769
667 -1083 -270 -1100 1231 379 1771
668 -1085 -266 -1101 1232 379 1765
669 -1084 -267 -1101 1230 378 1764
670 -1086 -268 -1100 1232 381 1766
671 -1085 -272 -1104 1231 380 1768
672 -1088 -270 -1102 1227 378 1765
673 -1086 -271 -1101 1229 377 1772
674 -1083 -271 -1101 1230 379 1768
675 -1087 -267 -1104 1229 378 1766
676 -1085 -266 -1102 1225 380 1766
677 -1086 -269 -1105 1233 381 1767
678 -1085 -266 -1104 1227 380 1766
679 -1082 -271 -1106 1228 382 1766
680 -1087 -272 -1101 1227 377 1765
681 -1084 -272 -1104 1231 381 1770
682 -1084 -268 -1102 1229 378 1764
683 -1083 -273 -1102 1228 378 1769
684 -1082 -269 -1101 1225 378 1767
685 -1084 -271 -1101 1232 381 1769
686 -1083 -266 -1100 1229 379 1769
687 -1085 -269 -1101 1227 379 1769
688 -1084 -268 -1100 1228 378 1764
689 -1089 -270 -1103 1231 378 1768
690 -1088 -269 -1103 1228 379 1766
691 -1088 -269 -1102 1227 378 1765
692 -1087 -271 -1102 1228 379 1767
693 -1087 -271 -1102 1229 380 1765
694 -1084 -268 -1099 1230 378 1766
695 -1089 -268 -1102 1228 380 1767
696 -1087 -273 -1101 1227 379 1769
697 -1083 -265 -1103 1224 382 1767
698 -1086 -272 -1101 1229 379 1767
699 -1086 -269 -1104 1227 379 1767
700 -1087 -272 -1103 1228 379 1767
701 -1087 -274 -1103 1226 380 1767
702 -1084 -271 -1100 1227 382 1766
703 -1085 -269 -1101 1228 379 1769
704 -1080 -268 -1104 1228 377 1765
705 -1086 -266 -1103 1227 377 1767
706 -1085 -272 -1104 1228 378 1764
707 -1085 -272 -1105 1225 380 1768
708 -1086 -270 -1102 1229 379 1765
709 -1088 -269 -1098 1231 379 1768
710 -1087 -269 -1103 1231 379 1770
711 -1080 -271 -1101 1227 381 1768
712 -1085 -272 -1103 1228 384 1769
713 -1087 -270 -1100 1227 379 1768
714 -1084 -272 -1101 1225 378 1767
715 -1088 -270 -1101 1229 379 1767
716 -1087 -271 -1103 1227 382 1767
717 -1087 -268 -1101 1229 381 1768
718 -1085 -268 -1103 1231 382 1767
719 -1090 -269 -1101 1228 379 1766
720 -1089 -266 -1099 1232 378 1768
721 -1088 -270 -1103 1229 382 1769
722 -1086 -271 -1102 1224 379 1769
723 -1084 -268 -1103 1228 380 1766
724 -1087 -273 -1103 1235 379 1769
725 -1086 -271 -1104 1230 380 1769
726 -1082 -266 -1103 1225 382 1769
727 -1083 -269 -1101 1226 380 1769
728 -1083 -270 -1102 1229 383 1768
729 -1086 -267 -1103 1225 379 1769
730 -1085 -268 -1103 1228 379 1769
731 -1083 -271 -1100 1226 382 1767
732 -1085 -269 -1104 1229 379 1768
733 -1081 -268 -1100 1227 381 1764
734 -1087 -268 -1105 1228 375 1766
735 -1086 -268 -1100 1227 379 1768
736 -1085 -269 -1099 1226 380 1769
737 -1085 -269 -1100 1228 378 1765
738 -1085 -269 -1101 1231 377 1765
739 -1088 -268 -1101 1228 382 1767
740 -1085 -269 -1102 1228 380 1767
741 -1087 -272 -1101 1225 377 1769
742 -1089 -271 -1103 1226 382 1764
743 -1086 -270 -1101 1233 379 1770
744 -1086 -269 -1102 1229 380 1764
745 -1087 -270 -1101 1226 378 1767
746 -1084 -270 -1101 1228 380 1765
747 -1083 -271 -1103 1229 379 1768
748 -1084 -270 -1101 1231 380 1767
749 -1085 -272 -1102 1229 379 1768
750 -1084 -270 -1101 1229 383 1767
751 -1083 -266 -1100 1227 379 1766
752 -1083 -268 -1102 1229 379 1768
753 -1083 -270 -1103 1228 377 1767
754 -1081 -264 -1104 1228 376 1765
755 -1083 -268 -1104 1230 380 1766
756 -1086 -270 -1105 1229 382 1766
757 -1086 -269 -1101 1229 375 1766
758 -1088 -269 -1100 1228 377 1767
759 -1089 -271 -1099 1228 379 1765
760 -1088 -268 -1103 1225 377 1765
761 -1088 -270 -1107 1228 378 1766
762 -1089 -271 -1101 1230 377 1768
763 -1085 -270 -1101 1229 378 1768
764 -1086 -268 -1101 1226 380 1768
765 -1088 -271 -1106 1227 382 1768
766 -1087 -269 -1104 1232 380 1770
767 -1087 -270 -1100 1228 379 1767
768 -1086 -269 -1100 1227 380 1770
769 -1083 -270 -1102 1225 384 1769
770 -1083 -267 -1102 1226 382 1768
771 -1080 -266 -1099 1231 378 1766
772 -1083 -272 -1102 1229 379 1767
773 -1085 -269 -1102 1228 380 1769
774 -1085 -268 -1101 1225 381 1770
775 -1082 -271 -1102 1230 381 1770
776 -1086 -270 -1099 1230 383 1768
777 -1085 -270 -1098 1229 379 1768
778 -1086 -267 -1101 1227 375 1767
779 -1088 -273 -1100 1228 377 1768
780 -1084 -266 -1102 1226 379 1768
781 -1087 -269 -1101 1228 377 1767
782 -1090 -270 -1101 1228 377 1767
783 -1086 -271 -1103 1228 378 1769
784 -1088 -270 -1099 1227 381 1768
785 -1088 -270 -1103 1228 381 1764
786 -1085 -270 -1101 1227 378 1768
787 -1086 -270 -1101 1228 376 1766
788 -1083 -268 -1103 1229 381 1766
789 -1083 -272 -1100 1230 380 1767
790 -1084 -269 -1099 1231 382 1767
791 -1086 -269 -1102 1228 380 1769
792 -1083 -267 -1104 1228 381 1769
793 -1085 -267 -1101 1229 381 1764
794 -1087 -270 -1104 1229 379 1768
795 -1085 -270 -1101 1225 383 1765
796 -1089 -268 -1099 1232 381 1767
797 -1086 -268 -1103 1228 377 1767
798 -1084 -268 -1102 1233 380 1768
799 -1083 -269 -1101 1230 383 1766
800 -1085 -270 -1107 1229 378 1764
801 -1081 -271 -1101 1228 379 1768
802 -1086 -270 -1103 1231 382 1763
803 -1082 -272 -1104 1228 377 1768
804 -1083 -267 -1102 1227 379 1769
805 -1084 -268 -1100 1230 380 1771
806 -1087 -269 -1098 1228 378 1769
807 -1085 -269 -1103 1229 382 1769
808 -1083 -266 -1103 1228 379 1771
809 -1088 -269 -1102 1228 378 1768
810 -1088 -269 -1103 1226 379 1768
811 -1084 -268 -1102 1230 380 1766
812 -1084 -271 -1103 1227 380 1770
813 -1086 -271 -1104 1226 378 1771
814 -1086 -269 -1102 1226 379 1767
815 -1086 -272 -1103 1227 379 1764
816 -1086 -269 -1100 1229 380 1766
817 -1086 -271 -1101 1228 379 1771
818 -1084 -268 -1101 1230 380 1768
819 -1084 -272 -1100 1229 379 1764
820 -1085 -269 -1098 1226 381 1765
821 -1086 -269 -1104 1232 380 1766
822 -1086 -267 -1102 1229 379 1769
823 -1085 -270 -1101 1226 377 1768
824 -1085 -271 -1103 1227 380 1767
825 -1082 -268 -1103 1228 381 1767
826 -1086 -272 -1104 1229 378 1766
827 -1083 -268 -1103 1228 379 1766
828 -1083 -270 -1101 1229 380 1767
829 -1087 -268 -1101 1229 377 1766
830 -1090 -270 -1102 1227 380 1768
831 -1085 -273 -1103 1231 377 1767
832 -1084 -272 -1104 1229 375 1762
833 -1088 -268 -1103 1227 380 1768
834 -1085 -271 -1099 1229 378 1769
835 -1087 -270 -1103 1228 379 1768
836 -1084 -270 -1102 1223 381 1769
837 -1086 -269 -1103 1227 376 1766
838 -1085 -267 -1105 1227 377 1766
839 -1089 -269 -1102 1229 378 1768
840 -1090 -274 -1106 1226 377 1767
841 -1088 -269 -1102 1225 379 1766
842 -1087 -269 -1103 1229 378 1767
843 -1086 -270 -1099 1231 379 1765
844 -1085 -269 -1099 1228 378 1766
845 -1085 -270 -1107 1228 377 1768
846 -1088 -270 -1103 1224 380 1767
847 -1087 -272 -1105 1229 378 1768
848 -1088 -271 -1103 1225 379 1765
849 -1085 -271 -1105 1228 383 1763
850 -1087 -269 -1105 1227 379 1770
851 -1086 -267 -1100 1228 381 1768
852 -1085 -268 -1104 1227 376 1765
853 -1084 -269 -1105 1230 380 1768
854 -1087 -268 -1103 1229 383 1765
855 -1087 -272 -1101 1226 376 1765
856 -1086 -267 -1105 1227 379 1768
857 -1089 -267 -1101 1229 380 1770
858 -1085 -270 -1098 1228 378 1765
859 -1082 -268 -1101 1224 381 1766
860 -1085 -267 -1103 1226 380 1770
861 -1088 -272 -1104 1227 378 1764
862 -1087 -271 -1103 1232 378 1767
863 -1084 -269 -1102 1228 376 1765
864 -1085 -269 -1100 1229 381 1767
865 -1086 -271 -1102 1228 381 1766
866 -1089 -269 -1101 1228 379 1765
867 -1086 -270 -1103 1230 378 1767
868 -1085 -271 -1102 1224 379 1765
869 -1083 -268 -1102 1231 382 1763
870 -1085 -272 -1102 1225 380 1764
871 -1084 -269 -1106 1227 380 1766
872 -1087 -270 -1103 1229 381 1770
873 -1086 -266 -1101 1232 378 1762
874 -1087 -272 -1104 1223 378 1765
875 -1083 -270 -1105 1228 382 1767
876 -1089 -266 -1103 1229 381 1767
877 -1086 -269 -1103 1233 382 1766
878 -1083 -268 -1101 1232 383 1767
879 -1085 -269 -1102 1224 378 1766
880 -1084 -269 -1104 1227 381 1772
881 -1083 -268 -1103 1226 381 1767
882 -1085 -267 -1100 1229 380 1767
883 -1087 -271 -1104 1230 379 1770
884 -1084 -271 -1104 1226 378 1768
885 -1085 -270 -1103 1228 379 1768
886 -1089 -270 -1102 1227 381 1767
887 -1084 -270 -1104 1229 377 1767
888 -1089 -268 -1100 1227 377 1771
889 -1085 -270 -1100 1228 380 1770
890 -1088 -271 -1103 1225 381 1767
891 -1083 -272 -1101 1229 383 1772
892 -1084 -270 -1102 1227 378 1769
893 -1084 -270 -1101 1227 381 1768
894 -1088 -267 -1099 1230 384 1767
895 -1086 -267 -1101 1229 380 1765
896 -1088 -268 -1102 1224 380 1767
897 -1085 -271 -1104 1228 380 1766
898 -1084 -272 -1103 1228 379 1769
899 -1087 -269 -1098 1229 378 1766
900 -1088 -270 -1097 1229 384 1774
901 -1086 -267 -1099 1229 380 1766
902 -1085 -268 -1100 1230 381 1769
903 -1082 -268 -1102 1231 380 1767
904 -1087 -267 -1101 1228 386 1770
905 -1087 -267 -1100 1229 382 1767
906 -1084 -268 -1100 1230 380 1767
907 -1087 -269 -1101 1231 382 1770
908 -1084 -266 -1098 1229 380 1771
909 -1083 -268 -1098 1229 380 1767
910 -1087 -266 -1102 1228 381 1767
911 -1088 -267 -1103 1230 379 1769
912 -1086 -270 -1102 1229 379 1766
913 -1089 -268 -1100 1230 377 1763
914 -1085 -268 -1102 1231 383 1767
915 -1083 -269 -1100 1224 381 1769
916 -1084 -269 -1099 1226 381 1766
917 -1085 -268 -1102 1228 382 1766
918 -1085 -269 -1104 1229 379 1768
919 -1085 -270 -1103 1231 379 1766
920 -1085 -269 -1100 1228 377 1766
921 -1084 -268 -1104 1232 380 1767
922 -1083 -270 -1102 1227 377 1765
923 -1084 -267 -1105 1229 374 1765
924 -1085 -265 -1101 1228 382 1769
925 -1087 -269 -1101 1230 381 1767
926 -1085 -270 -1102 1230 380 1767
927 -1087 -266 -1099 1226 383 1769
928 -1081 -265 -1101 1228 378 1767
929 -1086 -270 -1104 1228 378 1768
930 -1085 -267 -1103 1229 383 1767
931 -1084 -268 -1102 1227 378 1768
932 -1084 -267 -1102 1226 378 1766
933 -1082 -269 -1102 1229 382 1768
934 -1086 -270 -1102 1227 381 1768
935 -1085 -267 -1097 1229 381 1766
936 -1086 -267 -1100 1229 382 1764
937 -1085 -265 -1100 1228 380 1768
938 -1084 -268 -1100 1228 378 1770
939 -1084 -270 -1103 1228 381 1767
940 -1088 -269 -1101 1227 380 1768
941 -1086 -268 -1102 1228 380 1770
942 -1084 -269 -1100 1229 383 1769
943 -1088 -269 -1102 1231 377 1766
944 -1085 -267 -1100 1230 376 1767
945 -1085 -269 -1102 1228 382 1769
946 -1084 -269 -1101 1228 379 1766
947 -1084 -269 -1098 1231 380 1768
948 -1083 -270 -1103 1229 384 1766
949 -1086 -270 -1102 1231 381 1767
950 -1086 -268 -1101 1230 380 1766
951 -1087 -269 -1102 1231 381 1769
952 -1084 -269 -1100 1229 381 1767
953 -1083 -272 -1103 1229 379 1770
954 -1080 -269 -1103 1228 382 1771
955 -1085 -268 -1102 1230 382 1770
956 -1082 -269 -1102 1231 382 1768
957 -1086 -269 -1098 1230 378 1767
958 -1087 -269 -1101 1231 380 1767
959 -1086 -267 -1100 1230 384 1769
960 -1085 -269 -1101 1227 380 1770
961 -1085 -267 -1101 1225 379 1770
962 -1087 -272 -1103 1232 377 1769
963 -1085 -269 -1104 1229 381 1769
964 -1085 -268 -1100 1225 379 1765
965 -1084 -271 -1097 1229 381 1769
966 -1081 -267 -1100 1232 384 1766
967 -1085 -269 -1104 1228 380 1766
968 -1089 -272 -1101 1230 380 1767
969 -1085 -269 -1104 1225 381 1769
970 -1084 -267 -1100 1232 378 1768
971 -1086 -266 -1100 1230 377 1769
972 -1081 -268 -1099 1229 382 1766
973 -1085 -266 -1099 1233 382 1768
974 -1087 -270 -1102 1232 381 1769
975 -1085 -273 -1102 1228 383 1769
976 -1082 -267 -1100 1225 380 1770
977 -1086 -268 -1100 1230 380 1767
978 -1086 -271 -1101 1227 376 1768
979 -1085 -271 -1100 1230 380 1767
980 -1086 -269 -1102 1228 377 1768
981 -1085 -270 -1103 1224 380 1766
982 -1083 -270 -1103 1230 380 1764
983 -1086 -267 -1104 1227 379 1769
984 -1089 -272 -1104 1233 380 1766
985 -1087 -270 -1102 1228 378 1765
986 -1086 -269 -1102 1231 380 1766
987 -1087 -269 -1100 1230 381 1768
988 -1083 -267 -1104 1229 382 1766
989 -1087 -268 -1103 1229 381 1770
990 -1085 -270 -1101 1229 378 1768
991 -1086 -269 -1099 1227 381 1766
992 -1086 -268 -1104 1226 380 1769
993 -1085 -270 -1101 1228 378 1768
994 -1086 -265 -1102 1229 382 1770
995 -1089 -269 -1098 1228 378 1768
996 -1086 -270 -1103 1229 379 1765
997 -1087 -271 -1103 1233 380 1769
998 -1087 -268 -1103 1230 381 1769
999 -1086 -267 -1104 1230 382 1766
0 2899 -316 -990 4285 5050 2006
1 2904 -316 -987 4286 5054 2007
2 2897 -314 -990 4286 5050 2007
3 2901 -315 -987 4284 5049 2006
4 2901 -316 -988 4287 5049 2005
5 2903 -311 -990 4286 5050 2005
6 2902 -313 -993 4284 5049 2008
7 2901 -317 -993 4285 5049 2002
8 2902 -315 -989 4287 5048 2004
9 2904 -314 -989 4283 5047 2007
10 2905 -318 -992 4285 5050 2007
11 2904 -316 -986 4285 5052 2004
12 2908 -315 -989 4283 5046 2008
13 2907 -315 -990 4288 5046 2007
14 2908 -315 -986 4284 5047 2006
15 2908 -314 -990 4284 5048 2008
16 2906 -313 -988 4284 5051 2006
17 2906 -317 -986 4287 5050 2007
18 2909 -316 -990 4281 5046 2007
19 2914 -316 -986 4285 5050 2005
20 2912 -311 -990 4285 5048 2005
21 2909 -315 -990 4285 5049 2008
22 2915 -316 -990 4284 5050 2008
23 2910 -315 -992 4286 5048 2007
24 2917 -314 -992 4283 5048 2007
25 2917 -314 -992 4283 5045 2005
26 2915 -313 -989 4283 5049 2008
27 2916 -316 -993 4283 5047 2008
28 2915 -316 -993 4286 5052 2004
29 2916 -314 -991 4284 5048 2008
30 2919 -309 -988 4286 5047 2005
31 2916 -315 -991 4283 5048 2010
32 2916 -317 -990 4282 5045 2005
33 2919 -316 -989 4278 5047 2007
34 2920 -314 -988 4283 5043 2008
35 2919 -313 -992 4285 5039 2007
36 2913 -315 -989 4283 5043 2006
37 2919 -314 -987 4281 5042 2005
38 2918 -316 -987 4282 5041 2011
39 2915 -317 -992 4281 5041 2009
40 2915 -316 -991 4284 5041 2007
41 2917 -317 -987 4282 5039 2008
42 2917 -316 -986 4279 5039 2008
43 2916 -312 -987 4278 5040 2010
44 2916 -315 -991 4281 5036 2007
45 2917 -314 -993 4278 5036 2005
46 2920 -313 -991 4279 5038 2009
47 2916 -316 -987 4281 5038 2007
48 2915 -316 -988 4280 5039 2004
49 2917 -315 -990 4278 5038 2005
50 2917 -311 -991 4279 5037 2006
51 2919 -315 -991 4277 5038 2007
52 2915 -314 -987 4278 5035 2009
53 2917 -313 -993 4279 5037 2008
54 2920 -315 -992 4280 5037 2010
55 2918 -316 -993 4276 5037 2010
56 2919 -315 -992 4282 5039 2007
57 2919 -311 -989 4277 5038 2006
58 2919 -313 -987 4280 5037 2010
59 2919 -315 -990 4279 5037 2008
60 2926 -314 -990 4280 5037 2008
61 2923 -315 -990 4276 5037 2009
62 2927 -313 -995 4280 5037 2010
63 2928 -313 -991 4279 5040 2005
64 2924 -316 -991 4277 5040 2007
65 2926 -319 -989 4278 5036 2009
66 2925 -315 -992 4276 5040 2007
67 2930 -312 -991 4280 5036 2008
68 2924 -314 -991 4282 5038 2011
69 2928 -316 -994 4279 5038 2009
70 2928 -314 -993 4280 5039 2010
71 2926 -311 -992 4281 5034 2007
72 2930 -314 -989 4280 5039 2005
73 2927 -313 -992 4282 5037 2011
74 2928 -312 -990 4282 5035 2008
75 2927 -314 -994 4282 5037 2009
76 2926 -310 -992 4278 5034 2011
77 2927 -318 -989 4278 5036 2006
78 2925 -312 -992 4280 5032 2008
79 2929 -315 -992 4277 5036 2008
80 2930 -310 -990 4279 5034 2010
81 2927 -313 -992 4281 5036 2008
82 2927 -312 -990 4276 5036 2009
83 2930 -314 -995 4283 5034 2007
84 2929 -312 -989 4282 5036 2012
85 2930 -312 -992 4274 5031 2010
86 2932 -315 -991 4279 5032 2009
87 2931 -314 -991 4278 5037 2012
88 2927 -313 -989 4278 5033 2011
89 2936 -317 -991 4275 5034 2007
90 2930 -315 -995 4279 5034 2009
91 2929 -313 -993 4277 5037 2010
92 2932 -312 -990 4277 5034 2013
93 2932 -314 -988 4280 5035 2010
94 2934 -314 -992 4274 5034 2011
95 2932 -317 -994 4277 5032 2006
96 2929 -313 -992 4277 5034 2009
97 2931 -311 -993 4279 5031 2010
98 2933 -314 -990 4278 5033 2008
99 2935 -314 -994 4276 5031 2010
100 2929 -315 -992 4277 5030 2011
101 2933 -314 -993 4273 5029 2010
102 2928 -313 -989 4274 5029 2009
103 2934 -311 -991 4275 5029 2008
104 2932 -317 -990 4277 5029 2011
105 2931 -314 -995 4276 5029 2008
106 2930 -317 -990 4274 5029 2009
107 2931 -314 -990 4279 5029 2012
108 2930 -315 -991 4275 5031 2011
109 2934 -313 -995 4276 5033 2012
110 2932 -314 -992 4274 5031 2008
111 2930 -315 -993 4274 5030 2007
112 2936 -312 -990 4276 5029 2009
113 2930 -314 -990 4271 5028 2013
114 2932 -311 -994 4272 5029 2014
115 2935 -314 -993 4273 5028 2009
116 2934 -314 -999 4272 5033 2011
117 2935 -317 -993 4275 5032 2006
118 2935 -314 -991 4276 5036 2009
119 2932 -313 -990 4273 5031 2010
120 2934 -312 -996 4274 5028 2005
121 2937 -313 -993 4274 5029 2012
122 2935 -314 -991 4273 5032 2010
123 2938 -313 -993 4274 5030 2009
124 2935 -313 -990 4274 5032 2013
125 2936 -315 -994 4274 5032 2009
126 2935 -314 -992 4277 5031 2008
127 2938 -316 -992 4272 5034 2012
128 2937 -315 -997 4272 5031 2010
129 2937 -314 -991 4272 5034 2010
130 2942 -314 -996 4275 5033 2014
131 2939 -314 -993 4269 5032 2011
132 2940 -318 -991 4270 5033 2009
133 2940 -312 -993 4273 5038 2011
134 2939 -312 -994 4273 5034 2008
135 2941 -315 -992 4269 5036 2010
136 2936 -314 -994 4271 5035 2012
137 2941 -315 -995 4272 5034 2010
138 2942 -313 -992 4269 5033 2010
139 2941 -313 -991 4271 5037 2009
140 2943 -313 -994 4271 5036 2011
141 2938 -313 -995 4273 5036 2014
142 2944 -313 -991 4270 5035 2011
143 2943 -308 -994 4272 5039 2012
144 2943 -313 -995 4269 5035 2009
145 2943 -315 -995 4272 5037 2011
146 2939 -312 -993 4268 5035 2007
147 2944 -315 -992 4269 5035 2011
148 2942 -318 -993 4269 5034 2014
149 2939 -314 -996 4269 5036 2011
150 2940 -314 -994 4269 5033 2009
151 2940 -317 -995 4269 5032 2011
152 2937 -318 -993 4263 5033 2009
153 2940 -316 -993 4263 5028 2010
154 2939 -312 -990 4266 5033 2009
155 2940 -313 -993 4263 5031 2013
156 2937 -315 -994 4261 5032 2007
157 2939 -315 -993 4261 5027 2012
158 2937 -312 -993 4259 5035 2012
159 2938 -315 -991 4258 5031 2013
160 2940 -313 -993 4262 5032 2010
161 2942 -317 -992 4260 5030 2012
162 2940 -313 -992 4258 5034 2010
163 2935 -317 -993 4260 5032 2012
164 2941 -312 -993 4258 5030 2010
165 2940 -312 -992 4260 5032 2012
166 2938 -317 -994 4258 5032 2012
167 2939 -317 -992 4256 5031 2015
168 2938 -317 -996 4257 5034 2009
169 2940 -316 -995 4255 5034 2011
170 2940 -314 -995 4255 5032 2009
171 2939 -314 -994 4258 5031 2008
172 2942 -319 -993 4260 5038 2011
173 2940 -314 -994 4254 5036 2010
174 2941 -317 -997 4256 5039 2013
175 2941 -317 -994 4253 5037 2011
176 2948 -316 -993 4257 5037 2010
177 2946 -317 -995 4255 5040 2013
178 2944 -314 -992 4254 5040 2014
179 2942 -316 -996 4254 5042 2010
180 2945 -317 -990 4256 5041 2006
181 2946 -315 -996 4252 5041 2009
182 2949 -314 -992 4254 5040 2012
183 2946 -316 -993 4254 5043 2013
184 2946 -315 -993 4253 5044 2016
185 2949 -317 -995 4255 5045 2013
186 2951 -315 -997 4256 5046 2013
187 2952 -315 -994 4255 5046 2014
188 2951 -315 -992 4254 5048 2015
189 2951 -316 -994 4250 5049 2015
190 2952 -317 -996 4254 5053 2012
191 2954 -315 -993 4252 5049 2012
192 2953 -317 -995 4253 5051 2011
193 2952 -315 -994 4254 5051 2014
194 2953 -316 -992 4251 5053 2014
195 2950 -317 -992 4254 5050 2014
196 2950 -319 -992 4252 5049 2016
197 2950 -319 -997 4249 5048 2012
198 2951 -317 -995 4251 5047 2012
199 2950 -317 -994 4249 5049 2012
200 2948 -315 -993 4245 5051 2015
201 2948 -315 -993 4244 5049 2017
202 2949 -320 -994 4243 5048 2014
203 2947 -312 -994 4245 5045 2016
204 2949 -317 -992 4244 5051 2016
205 2949 -320 -993 4238 5049 2018
206 2950 -318 -995 4240 5051 2018
207 2949 -317 -993 4242 5051 2017
208 2953 -317 -994 4239 5048 2015
209 2949 -319 -996 4239 5047 2013
210 2949 -320 -995 4240 5051 2015
211 2945 -319 -995 4237 5051 2015
212 2946 -319 -995 4237 5047 2014
213 2946 -321 -996 4238 5051 2015
214 2950 -320 -995 4234 5048 2013
215 2949 -319 -995 4234 5052 2016
216 2946 -316 -993 4237 5051 2019
217 2947 -319 -994 4232 5050 2012
218 2948 -317 -991 4229 5048 2013
219 2949 -324 -995 4231 5049 2015
220 2950 -321 -994 4229 5050 2017
221 2950 -318 -997 4230 5057 2017
222 2948 -318 -995 4231 5051 2016
223 2946 -319 -992 4232 5057 2011
224 2952 -320 -995 4232 5056 2018
225 2950 -323 -995 4232 5056 2017
226 2949 -321 -992 4231 5056 2013
227 2950 -320 -994 4229 5061 2014
228 2952 -321 -996 4229 5054 2013
229 2952 -320 -993 4229 5058 2014
230 2952 -318 -992 4231 5058 2017
231 2950 -318 -994 4229 5060 2014
232 2947 -317 -990 4228 5061 2018
233 2955 -320 -996 4228 5065 2012
234 2951 -317 -992 4227 5060 2014
235 2951 -321 -995 4226 5064 2016
236 2954 -322 -993 4229 5067 2015
237 2952 -319 -996 4225 5067 2015
238 2953 -319 -993 4225 5065 2018
239 2957 -318 -994 4224 5068 2014
240 2954 -320 -991 4221 5063 2017
241 2956 -318 -991 4226 5070 2017
242 2954 -321 -992 4225 5067 2016
243 2952 -319 -996 4221 5068 2018
244 2953 -322 -995 4220 5072 2018
245 2953 -320 -993 4220 5070 2017
246 2953 -322 -996 4222 5071 2018
247 2950 -323 -997 4221 5072 2017
248 2950 -323 -995 4219 5073 2013
249 2949 -319 -993 4220 5070 2017
250 2954 -322 -993 4218 5071 2014
251 2951 -322 -996 4216 5069 2015
252 2954 -320 -993 4216 5069 2014
253 2951 -319 -993 4217 5071 2016
254 2948 -322 -995 4218 5070 2018
255 2950 -323 -997 4217 5074 2017
256 2949 -320 -996 4217 5070 2017
257 2947 -323 -999 4216 5073 2016
258 2948 -320 -994 4214 5073 2013
259 2949 -324 -994 4215 5074 2016
260 2949 -324 -994 4215 5075 2017
261 2946 -320 -992 4211 5074 2017
262 2952 -322 -992 4215 5073 2013
263 2948 -322 -993 4212 5074 2010
264 2946 -321 -995 4210 5077 2018
265 2946 -325 -994 4211 5080 2018
266 2946 -324 -994 4209 5076 2016
267 2948 -322 -994 4211 5075 2015
268 2948 -321 -992 4212 5078 2017
269 2944 -323 -993 4207 5076 2018
270 2946 -323 -994 4208 5079 2016
271 2944 -323 -994 4209 5076 2018
272 2946 -324 -994 4208 5074 2016
273 2948 -325 -993 4210 5082 2017
274 2946 -322 -992 4210 5077 2017
275 2944 -321 -991 4206 5076 2014
276 2943 -323 -995 4207 5080 2017
277 2947 -322 -991 4209 5080 2015
278 2947 -323 -993 4209 5082 2016
279 2946 -322 -992 4212 5086 2020
280 2946 -321 -995 4212 5081 2016
281 2944 -325 -992 4208 5083 2013
282 2942 -322 -994 4208 5086 2016
283 2946 -323 -991 4207 5088 2018
284 2948 -323 -993 4211 5086 2016
285 2945 -325 -992 4208 5086 2017
286 2944 -326 -992 4204 5089 2018
287 2943 -328 -992 4206 5088 2015
288 2944 -325 -993 4209 5090 2015
289 2946 -321 -991 4207 5089 2016
290 2945 -322 -991 4206 5087 2015
291 2945 -323 -991 4206 5091 2016
292 2942 -319 -995 4204 5091 2020
293 2944 -320 -990 4209 5093 2016
294 2949 -325 -993 4209 5093 2018
295 2945 -321 -988 4209 5094 2018
296 2944 -325 -994 4206 5091 2016
297 2942 -328 -993 4208 5094 2017
298 2941 -320 -993 4210 5095 2018
299 2944 -325 -992 4207 5094 2019
300 2943 -326 -993 4210 5093 2017
301 2942 -323 -991 4206 5094 2021
302 2939 -323 -990 4207 5094 2018
303 2943 -326 -993 4205 5095 2018
304 2943 -322 -991 4203 5096 2017
305 2938 -327 -995 4205 5095 2016
306 2941 -322 -989 4208 5099 2016
307 2938 -325 -990 4205 5098 2019
308 2939 -328 -993 4204 5098 2019
309 2940 -325 -991 4201 5099 2016
310 2936 -327 -991 4200 5097 2013
311 2941 -326 -991 4204 5098 2016
312 2939 -328 -990 4206 5098 2013
313 2936 -322 -991 4204 5102 2019
314 2936 -322 -990 4204 5101 2015
315 2934 -323 -990 4201 5102 2018
316 2937 -324 -990 4202 5100 2017
317 2933 -325 -992 4205 5100 2020
318 2937 -328 -992 4203 5102 2015
319 2934 -326 -989 4204 5103 2016
320 2933 -327 -992 4207 5103 2016
321 2931 -324 -990 4202 5103 2016
322 2933 -323 -995 4205 5102 2016
323 2929 -326 -990 4201 5103 2016
324 2932 -325 -987 4198 5107 2018
325 2931 -326 -991 4199 5105 2014
326 2932 -324 -993 4202 5105 2015
327 2929 -324 -989 4203 5105 2016
328 2930 -327 -989 4203 5106 2014
329 2929 -324 -990 4202 5105 2016
330 2928 -326 -990 4203 5104 2016
331 2930 -324 -990 4201 5107 2020
332 2927 -325 -988 4199 5108 2017
333 2925 -322 -990 4206 5108 2014
334 2929 -325 -986 4202 5109 2016
335 2929 -323 -990 4204 5108 2014
336 2924 -325 -989 4206 5107 2014
337 2929 -323 -990 4202 5107 2013
338 2923 -326 -993 4206 5109 2016
339 2922 -326 -987 4206 5110 2015
340 2923 -322 -990 4203 5109 2016
341 2917 -325 -989 4203 5113 2012
342 2923 -326 -987 4207 5110 2015
343 2924 -323 -986 4203 5113 2014
344 2921 -326 -990 4203 5110 2015
345 2925 -326 -988 4205 5116 2017
346 2926 -325 -990 4205 5117 2020
347 2921 -327 -988 4204 5115 2014
348 2918 -323 -987 4203 5115 2020
349 2922 -327 -991 4205 5115 2014
350 2919 -328 -990 4207 5115 2013
351 2919 -326 -989 4204 5119 2018
352 2918 -325 -987 4207 5118 2016
353 2916 -324 -989 4206 5119 2014
354 2920 -325 -986 4206 5118 2011
355 2916 -324 -988 4207 5116 2014
356 2919 -324 -986 4205 5120 2018
357 2915 -325 -985 4205 5121 2015
358 2916 -326 -987 4207 5117 2014
359 2918 -328 -989 4204 5118 2013
360 2912 -328 -989 4204 5116 2009
361 2914 -326 -986 4210 5122 2014
362 2912 -326 -987 4208 5123 2012
363 2910 -329 -990 4208 5120 2016
364 2915 -326 -986 4207 5121 2014
365 2911 -329 -986 4209 5118 2013
366 2909 -325 -987 4210 5121 2012
367 2911 -327 -985 4206 5120 2014
368 2910 -327 -988 4209 5119 2011
369 2909 -326 -986 4206 5121 2010
370 2910 -325 -987 4211 5124 2015
371 2907 -326 -984 4209 5120 2014
372 2904 -324 -985 4210 5123 2013
373 2906 -328 -986 4211 5122 2015
374 2905 -327 -986 4205 5124 2013
375 2906 -324 -986 4211 5123 2014
376 2907 -326 -989 4212 5125 2014
377 2903 -325 -986 4210 5123 2015
378 2904 -325 -984 4212 5124 2015
379 2905 -328 -986 4209 5127 2012
380 2905 -322 -982 4212 5128 2012
381 2905 -327 -987 4215 5125 2014
382 2902 -327 -985 4214 5127 2012
383 2903 -327 -986 4211 5125 2013
384 2899 -326 -988 4214 5126 2016
385 2899 -326 -986 4213 5127 2010
386 2896 -326 -986 4214 5129 2011
387 2897 -325 -985 4212 5128 2013
388 2898 -328 -985 4213 5129 2013
389 2894 -325 -987 4211 5130 2013
390 2897 -326 -984 4215 5125 2014
391 2894 -325 -984 4214 5127 2011
392 2893 -325 -985 4213 5130 2011
393 2898 -329 -988 4216 5131 2013
394 2895 -327 -984 4219 5133 2014
395 2896 -325 -986 4215 5134 2012
396 2894 -326 -986 4215 5133 2013
397 2891 -328 -985 4215 5133 2011
398 2894 -330 -983 4213 5134 2011
399 2894 -330 -984 4216 5133 2010
400 2893 -328 -983 4215 5134 2010
401 2889 -329 -986 4212 5134 2014
402 2894 -328 -985 4217 5137 2009
403 2889 -326 -984 4218 5137 2011
404 2889 -329 -979 4213 5133 2010
405 2890 -325 -982 4216 5134 2010
406 2886 -330 -985 4216 5136 2010
407 2889 -327 -979 4213 5135 2010
408 2889 -326 -984 4218 5138 2011
409 2885 -328 -979 4214 5139 2009
410 2886 -328 -984 4217 5136 2014
411 2883 -325 -984 4216 5140 2014
412 2885 -326 -982 4218 5139 2010
413 2886 -326 -984 4215 5140 2011
414 2883 -326 -983 4215 5142 2012
415 2884 -329 -982 4216 5143 2011
416 2884 -330 -980 4213 5140 2013
417 2883 -329 -984 4215 5144 2009
418 2876 -328 -981 4212 5140 2011
419 2883 -331 -986 4215 5139 2010
420 2878 -329 -985 4217 5142 2008
421 2879 -326 -985 4215 5139 2010
422 2879 -329 -984 4213 5141 2010
423 2879 -326 -982 4216 5139 2005
424 2876 -328 -985 4216 5146 2009
425 2877 -326 -982 4215 5143 2009
426 2875 -328 -982 4217 5144 2010
427 2876 -330 -982 4214 5144 2010
428 2873 -332 -982 4218 5143 2009
429 2875 -331 -982 4216 5149 2008
430 2876 -332 -982 4216 5149 2010
431 2875 -330 -980 4215 5149 2010
432 2874 -327 -981 4216 5147 2010
433 2875 -328 -980 4218 5147 2008
434 2874 -327 -979 4215 5147 2011
435 2871 -327 -978 4215 5150 2008
436 2874 -329 -980 4214 5146 2008
437 2873 -329 -980 4212 5149 2009
438 2870 -331 -981 4213 5153 2010
439 2869 -328 -981 4214 5154 2008
440 2872 -326 -980 4215 5154 2014
441 2870 -327 -982 4214 5151 2008
442 2871 -330 -982 4218 5154 2010
443 2869 -324 -979 4215 5150 2010
444 2868 -326 -980 4215 5155 2009
445 2867 -331 -980 4220 5154 2011
446 2867 -329 -984 4218 5155 2011
447 2866 -332 -977 4215 5154 2011
448 2866 -328 -979 4216 5154 2007
449 2864 -328 -978 4216 5156 2011
450 2865 -328 -980 4215 5154 2011
451 2868 -329 -981 4218 5155 2011
452 2866 -330 -976 4215 5159 2010
453 2863 -331 -981 4218 5159 2012
454 2865 -329 -981 4220 5156 2010
455 2864 -325 -982 4217 5159 2009
456 2863 -328 -981 4217 5160 2007
457 2865 -328 -981 4217 5161 2009
458 2863 -332 -979 4217 5160 2010
459 2861 -330 -979 4217 5163 2010
460 2862 -329 -974 4220 5164 2008
461 2863 -331 -981 4215 5165 2009
462 2864 -328 -978 4218 5165 2008
463 2862 -329 -979 4219 5163 2010
464 2862 -330 -980 4221 5167 2006
465 2861 -329 -977 4221 5165 2007
466 2858 -327 -980 4219 5168 2010
467 2860 -330 -979 4218 5166 2010
468 2858 -330 -975 4216 5168 2008
469 2858 -331 -980 4216 5168 2011
470 2859 -328 -980 4217 5164 2008
471 2859 -328 -979 4215 5168 2008
472 2858 -329 -979 4219 5166 2008
473 2856 -331 -979 4216 5167 2007
474 2856 -331 -980 4220 5168 2009
475 2857 -329 -978 4219 5169 2007
476 2854 -328 -979 4218 5168 2006
477 2858 -331 -981 4219 5168 2010
478 2855 -332 -979 4216 5168 2010
479 2853 -331 -975 4219 5173 2007
480 2854 -324 -977 4218 5169 2007
481 2856 -330 -981 4216 5170 2010
482 2855 -330 -976 4219 5171 2009
483 2852 -328 -980 4216 5171 2008
484 2853 -330 -979 4219 5166 2008
485 2855 -329 -976 4217 5176 2010
486 2853 -331 -979 4218 5171 2007
487 2849 -335 -979 4215 5171 2010
488 2851 -328 -976 4216 5173 2007
489 2850 -329 -977 4213 5171 2007
490 2851 -330 -977 4216 5170 2007
491 2846 -332 -978 4213 5167 2007
492 2846 -328 -977 4214 5171 2006
493 2846 -333 -980 4214 5172 2010
494 2844 -330 -975 4213 5175 2008
495 2846 -331 -979 4216 5174 2009
496 2846 -332 -976 4214 5173 2011
497 2846 -331 -975 4216 5176 2009
498 2843 -331 -977 4217 5175 2007
499 2845 -333 -978 4214 5178 2010
500 2849 -329 -976 4215 5176 2010
501 2847 -330 -972 4217 5178 2010
502 2843 -332 -978 4215 5179 2009
503 2846 -331 -976 4216 5179 2009
504 2842 -328 -978 4217 5180 2008
505 2845 -334 -977 4217 5179 2009
506 2845 -331 -976 4217 5183 2006
507 2844 -331 -972 4218 5179 2006
508 2845 -330 -974 4216 5183 2009
509 2843 -333 -977 4214 5182 2010
510 2844 -332 -976 4215 5184 2008
511 2844 -331 -976 4216 5184 2005
512 2843 -329 -977 4218 5184 2006
513 2840 -336 -976 4219 5186 2007
514 2842 -330 -975 4218 5186 2006
515 2837 -331 -975 4218 5188 2006
516 2844 -334 -979 4216 5187 2007
517 2841 -331 -974 4217 5186 2008
518 2840 -330 -975 4217 5188 2010
519 2842 -330 -973 4218 5187 2006
520 2840 -329 -974 4218 5187 2008
521 2836 -329 -978 4215 5184 2007
522 2838 -329 -974 4215 5188 2008
523 2839 -333 -976 4220 5191 2010
524 2838 -334 -974 4215 5189 2005
525 2836 -330 -973 4218 5185 2007
526 2835 -333 -976 4217 5190 2006
527 2838 -333 -973 4217 5187 2007
528 2837 -329 -974 4217 5189 2009
529 2834 -332 -976 4220 5185 2007
530 2834 -331 -976 4218 5188 2008
531 2834 -331 -975 4220 5186 2007
532 2832 -332 -979 4216 5189 2008
533 2834 -333 -977 4212 5183 2008
534 2832 -328 -975 4216 5188 2007
535 2829 -335 -978 4219 5186 2006
536 2829 -334 -976 4219 5189 2004
537 2833 -333 -972 4224 5188 2005
538 2832 -330 -973 4218 5188 2010
539 2831 -329 -974 4217 5188 2006
540 2829 -332 -977 4221 5187 2006
541 2831 -334 -973 4217 5191 2006
542 2828 -333 -974 4218 5188 2006
543 2830 -332 -972 4219 5190 2005
544 2828 -332 -974 4219 5189 2008
545 2828 -332 -973 4220 5189 2008
546 2830 -329 -977 4224 5189 2007
547 2827 -331 -973 4221 5192 2006
548 2828 -334 -973 4222 5192 2007
549 2827 -333 -972 4221 5192 2004
550 2826 -331 -977 4224 5192 2005
551 2829 -328 -974 4222 5193 2005
552 2824 -333 -976 4223 5188 2005
553 2823 -331 -973 4224 5189 2006
554 2826 -333 -973 4224 5193 2004
555 2824 -330 -976 4226 5188 2009
556 2824 -331 -973 4226 5190 2002
557 2826 -332 -977 4228 5191 2005
558 2825 -333 -974 4226 5191 2008
559 2822 -332 -974 4226 5192 2012
560 2822 -329 -971 4226 5193 2008
561 2822 -330 -973 4225 5193 2006
562 2821 -332 -973 4228 5191 2002
563 2821 -331 -972 4225 5191 2005
564 2818 -331 -973 4228 5197 2004
565 2817 -335 -974 4230 5194 2003
566 2821 -329 -977 4228 5192 2002
567 2822 -330 -977 4229 5192 2004
568 2815 -332 -973 4228 5191 2002
569 2819 -332 -974 4231 5195 2005
570 2818 -332 -972 4228 5192 1999
571 2818 -330 -978 4229 5192 2002
572 2818 -332 -974 4231 5192 2003
573 2815 -326 -973 4234 5194 2001
574 2816 -328 -973 4231 5191 2007
575 2812 -329 -973 4232 5194 2006
576 2815 -332 -973 4233 5190 2005
577 2815 -334 -971 4229 5190 2002
578 2816 -331 -974 4236 5192 2004
579 2812 -331 -970 4236 5190 2004
580 2814 -329 -974 4237 5194 2002
581 2810 -333 -972 4235 5191 2003
582 2814 -334 -972 4237 5193 2007
583 2811 -332 -972 4234 5191 2003
584 2812 -333 -972 4239 5193 2004
585 2809 -331 -971 4236 5191 2002
586 2810 -328 -970 4239 5194 2004
587 2809 -331 -973 4238 5194 2005
588 2813 -331 -973 4238 5190 2002
589 2810 -332 -973 4237 5189 2003
590 2810 -333 -975 4240 5191 2003
591 2807 -330 -972 4240 5190 2004
592 2808 -330 -974 4242 5193 2001
593 2806 -331 -974 4243 5191 2003
594 2807 -331 -971 4239 5190 2000
595 2806 -331 -970 4242 5190 2003
596 2803 -332 -969 4240 5195 2002
597 2804 -328 -971 4245 5193 1998
598 2801 -330 -970 4242 5190 2004
599 2803 -331 -977 4248 5185 2002
600 2806 -331 -974 4242 5189 2003
601 2803 -330 -971 4246 5189 2003
602 2801 -333 -970 4243 5194 2002
603 2801 -329 -973 4245 5189 2003
604 2801 -332 -975 4250 5187 2000
605 2798 -334 -969 4246 5187 2000
606 2804 -328 -970 4246 5189 2000
607 2797 -330 -970 4247 5189 2000
608 2797 -331 -971 4247 5192 2002
609 2794 -334 -973 4252 5187 2004
610 2801 -330 -973 4252 5188 1999
611 2799 -330 -972 4251 5190 1997
612 2795 -330 -971 4252 5188 2001
613 2798 -328 -971 4252 5191 2000
614 2797 -330 -969 4251 5189 2002
615 2798 -331 -970 4250 5187 1999
616 2796 -326 -971 4257 5188 2001
617 2796 -330 -972 4255 5191 2001
618 2794 -331 -972 4254 5192 2001
619 2796 -331 -972 4256 5190 1999
620 2793 -331 -973 4261 5189 2001
621 2792 -328 -968 4261 5189 2001
622 2793 -327 -971 4262 5188 1998
623 2790 -331 -970 4259 5191 2001
624 2793 -328 -970 4260 5185 1995
625 2787 -329 -972 4261 5185 1997
626 2790 -329 -975 4267 5186 1997
627 2790 -328 -971 4266 5184 1998
628 2787 -329 -969 4267 5189 1997
629 2791 -328 -970 4266 5188 1998
630 2790 -328 -975 4265 5184 2000
631 2789 -332 -970 4267 5189 1997
632 2786 -325 -968 4265 5187 1999
633 2790 -332 -971 4268 5187 1996
634 2789 -329 -972 4266 5185 1996
635 2787 -326 -973 4265 5186 1995
636 2784 -328 -970 4269 5184 1998
637 2787 -330 -969 4268 5182 1998
638 2785 -330 -971 4274 5185 1999
639 2784 -330 -969 4267 5183 1993
640 2781 -330 -969 4270 5186 2000
641 2789 -329 -969 4273 5187 1997
642 2786 -329 -968 4276 5182 1993
643 2786 -326 -969 4274 5181 1997
644 2784 -325 -973 4273 5182 1996
645 2781 -327 -972 4274 5183 1995
646 2784 -331 -969 4276 5183 1998
647 2781 -329 -971 4277 5177 2001
648 2784 -327 -970 4275 5179 1994
649 2782 -329 -969 4276 5180 1997
650 2777 -327 -971 4280 5179 1996
651 2778 -329 -971 4275 5183 1994
652 2777 -330 -968 4276 5179 1994
653 2779 -326 -969 4281 5179 1995
654 2777 -328 -971 4281 5176 1995
655 2781 -326 -971 4282 5181 1998
656 2777 -323 -968 4278 5178 1997
657 2782 -324 -968 4282 5176 1996
658 2781 -323 -970 4280 5177 1994
659 2778 -327 -972 4283 5178 1994
660 2774 -326 -970 4284 5177 1992
661 2775 -326 -969 4285 5178 1995
662 2776 -331 -965 4284 5179 1992
663 2780 -327 -970 4286 5176 1995
664 2773 -327 -969 4286 5179 1996
665 2773 -330 -970 4282 5173 1994
666 2775 -327 -968 4286 5176 1994
667 2776 -324 -969 4287 5177 1991
668 2775 -326 -970 4286 5174 1992
669 2775 -325 -968 4293 5172 1992
670 2771 -329 -969 4293 5176 1995
671 2776 -324 -968 4292 5175 1994
672 2776 -324 -965 4287 5175 1991
673 2772 -327 -968 4289 5174 1993
674 2774 -326 -966 4293 5175 1991
675 2775 -325 -971 4296 5175 1995
676 2773 -330 -968 4293 5176 1996
677 2772 -329 -964 4297 5177 1996
678 2771 -329 -970 4295 5175 1992
679 2775 -326 -972 4293 5176 1993
680 2775 -323 -968 4294 5175 1994
681 2772 -323 -971 4297 5175 1993
682 2775 -327 -969 4297 5178 1991
683 2772 -328 -967 4297 5178 1997
684 2774 -326 -970 4298 5176 1992
685 2770 -324 -973 4299 5171 1993
686 2771 -325 -970 4300 5171 1986
687 2774 -327 -966 4299 5175 1993
688 2769 -327 -968 4299 5176 1996
689 2771 -327 -967 4301 5173 1994
690 2771 -325 -966 4301 5171 1989
691 2771 -325 -972 4298 5171 1993
692 2769 -330 -970 4299 5170 1990
693 2770 -327 -966 4299 5171 1991
694 2771 -325 -970 4303 5170 1993
695 2766 -326 -970 4299 5168 1990
696 2765 -324 -966 4301 5168 1994
697 2770 -326 -971 4302 5167 1994
698 2769 -327 -970 4304 5170 1992
699 2764 -325 -967 4298 5168 1991
700 2768 -327 -968 4298 5168 1991
701 2769 -325 -968 4302 5165 1993
702 2767 -326 -968 4303 5167 1992
703 2766 -325 -967 4303 5167 1992
704 2765 -324 -968 4301 5163 1990
705 2763 -325 -968 4305 5164 1989
706 2765 -322 -966 4306 5161 1989
707 2766 -324 -969 4307 5161 1990
708 2768 -326 -969 4308 5163 1990
709 2768 -326 -971 4303 5161 1992
710 2761 -324 -970 4307 5165 1993
711 2764 -323 -966 4305 5160 1990
712 2769 -326 -970 4304 5159 1994
713 2770 -326 -970 4312 5164 1988
714 2768 -324 -964 4304 5163 1988
715 2762 -325 -967 4307 5159 1991
716 2767 -323 -971 4310 5162 1995
717 2765 -323 -969 4307 5160 1993
718 2766 -326 -968 4307 5163 1990
719 2767 -323 -970 4309 5167 1992
720 2769 -323 -966 4309 5163 1991
721 2767 -324 -968 4307 5161 1992
722 2767 -324 -968 4309 5164 1992
723 2767 -324 -968 4310 5160 1993
724 2769 -327 -969 4315 5169 1995
725 2770 -324 -967 4317 5164 1991
726 2770 -320 -970 4311 5162 1992
727 2768 -323 -967 4314 5161 1990
728 2770 -324 -968 4312 5161 1991
729 2770 -323 -968 4311 5158 1991
730 2768 -324 -969 4316 5160 1995
731 2767 -324 -970 4315 5161 1991
732 2770 -326 -972 4314 5162 1989
733 2770 -323 -967 4313 5156 1991
734 2769 -327 -970 4317 5158 1990
735 2773 -328 -969 4315 5162 1990
736 2772 -321 -970 4311 5159 1993
737 2771 -327 -966 4314 5159 1991
738 2770 -325 -968 4316 5155 1988
739 2772 -323 -972 4314 5158 1991
740 2773 -321 -970 4317 5155 1994
741 2767 -323 -970 4313 5156 1992
742 2770 -326 -967 4317 5156 1991
743 2771 -322 -970 4317 5156 1991
744 2772 -324 -969 4317 5158 1990
745 2772 -323 -970 4314 5156 1989
746 2773 -325 -970 4319 5155 1991
747 2773 -321 -970 4315 5154 1991
748 2771 -324 -970 4314 5152 1991
749 2774 -323 -972 4318 5153 1990
750 2772 -322 -969 4318 5152 1989
751 2771 -323 -965 4319 5153 1991
752 2769 -321 -967 4314 5152 1992
753 2768 -322 -968 4314 5153 1989
754 2766 -323 -965 4318 5148 1990
755 2772 -326 -970 4317 5149 1991
756 2772 -320 -969 4314 5148 1994
757 2771 -324 -973 4317 5146 1986
758 2769 -321 -969 4314 5148 1990
759 2770 -324 -968 4314 5147 1990
760 2771 -324 -972 4317 5148 1992
761 2771 -325 -969 4315 5148 1991
762 2771 -324 -972 4319 5146 1992
763 2768 -322 -969 4318 5150 1986
764 2771 -324 -968 4316 5148 1997
765 2774 -323 -972 4312 5147 1991
766 2776 -322 -968 4317 5145 1992
767 2776 -322 -968 4314 5145 1991
768 2778 -324 -972 4311 5143 1989
769 2774 -319 -973 4317 5145 1991
770 2775 -320 -968 4314 5144 1989
771 2775 -324 -973 4321 5144 1992
772 2775 -318 -963 4319 5145 1994
773 2778 -321 -970 4318 5148 1994
774 2775 -324 -970 4319 5148 1995
775 2773 -324 -967 4322 5145 1992
776 2773 -320 -970 4315 5145 1994
777 2777 -323 -973 4320 5143 1989
778 2778 -320 -971 4319 5141 1995
779 2779 -323 -968 4319 5147 1993
780 2777 -321 -970 4322 5144 1993
781 2779 -322 -973 4320 5141 1993
782 2779 -324 -973 4321 5144 1991
783 2781 -326 -973 4318 5140 1990
784 2780 -322 -976 4319 5147 1998
785 2781 -322 -976 4321 5147 1994
786 2782 -321 -967 4320 5145 1991
787 2777 -323 -968 4316 5142 1990
788 2784 -319 -970 4319 5144 1994
789 2781 -321 -970 4320 5137 1991
790 2782 -322 -971 4321 5144 1996
791 2782 -322 -971 4318 5142 1992
792 2782 -321 -973 4320 5141 1995
793 2783 -318 -968 4323 5140 1992
794 2784 -323 -971 4317 5138 1990
795 2784 -319 -971 4321 5142 1992
796 2782 -322 -970 4320 5140 1994
797 2783 -322 -971 4320 5140 1992
798 2783 -322 -972 4323 5139 1992
799 2786 -321 -973 4322 5142 1991
800 2785 -320 -972 4323 5136 1989
801 2783 -323 -975 4317 5139 1995
802 2787 -319 -973 4319 5138 1991
803 2783 -324 -969 4318 5135 1992
804 2788 -317 -973 4318 5133 1990
805 2784 -321 -972 4321 5139 1993
806 2788 -323 -970 4322 5136 1992
807 2785 -318 -969 4316 5136 1995
808 2784 -320 -973 4320 5131 1991
809 2785 -321 -974 4322 5130 1996
810 2787 -320 -970 4318 5129 1992
811 2786 -322 -970 4318 5134 1993
812 2782 -319 -970 4316 5132 1993
813 2785 -320 -971 4321 5131 1993
814 2791 -320 -969 4316 5131 1996
815 2787 -320 -972 4320 5129 1996
816 2787 -322 -974 4320 5130 1993
817 2787 -320 -971 4318 5132 1996
818 2788 -323 -973 4319 5131 1992
819 2788 -319 -973 4321 5131 1996
820 2787 -322 -974 4323 5127 1993
821 2790 -315 -973 4322 5126 1993
822 2785 -321 -976 4323 5129 1992
823 2791 -319 -973 4319 5127 1991
824 2789 -318 -970 4320 5130 1995
825 2790 -320 -974 4320 5127 1993
826 2788 -320 -972 4319 5125 1991
827 2787 -321 -975 4316 5121 1989
828 2787 -319 -971 4321 5124 1994
829 2789 -319 -974 4321 5123 1991
830 2788 -320 -974 4322 5125 1993
831 2789 -320 -972 4323 5125 1996
832 2791 -319 -973 4323 5125 1994
833 2792 -319 -973 4324 5127 1994
834 2795 -319 -972 4321 5125 1994
835 2794 -319 -976 4322 5124 1994
836 2794 -321 -974 4326 5121 1995
837 2795 -319 -972 4324 5124 1993
838 2796 -322 -976 4325 5122 1991
839 2793 -320 -975 4321 5121 1996
840 2795 -319 -974 4324 5123 1995
841 2799 -320 -975 4323 5122 1994
842 2798 -320 -974 4324 5121 1995
843 2799 -316 -972 4323 5120 1991
844 2798 -318 -974 4321 5121 1992
845 2795 -319 -975 4326 5122 1996
846 2800 -318 -972 4322 5120 1993
847 2799 -318 -971 4325 5122 1991
848 2800 -323 -975 4326 5120 1992
849 2798 -317 -975 4327 5123 1991
850 2798 -320 -971 4324 5121 1992
851 2799 -321 -974 4326 5119 1992
852 2798 -318 -974 4323 5118 1993
853 2801 -321 -974 4324 5115 1993
854 2802 -318 -977 4325 5119 1991
855 2797 -321 -976 4326 5118 1994
856 2806 -316 -975 4330 5115 1994
857 2800 -320 -974 4329 5112 1994
858 2799 -319 -972 4326 5113 1993
859 2799 -319 -976 4325 5115 1994
860 2800 -317 -976 4326 5115 1995
861 2801 -321 -974 4328 5114 1994
862 2802 -317 -975 4327 5109 1994
863 2801 -320 -972 4328 5111 1991
864 2801 -318 -973 4327 5110 1990
865 2798 -319 -976 4325 5111 1990
866 2799 -321 -977 4326 5110 1989
867 2804 -317 -978 4331 5106 1990
868 2802 -318 -975 4325 5109 1990
869 2803 -318 -973 4330 5111 1994
870 2802 -314 -977 4329 5109 1993
871 2803 -318 -976 4326 5109 1995
872 2805 -319 -974 4323 5104 1994
873 2802 -319 -978 4324 5104 1995
874 2803 -319 -973 4323 5102 1992
875 2804 -315 -975 4322 5102 1993
876 2800 -316 -976 4328 5101 1991
877 2805 -314 -977 4325 5101 1993
878 2803 -315 -976 4327 5097 1995
879 2803 -318 -976 4326 5100 1990
880 2804 -319 -979 4328 5098 1994
881 2804 -315 -978 4328 5100 1992
882 2804 -321 -977 4328 5101 1993
883 2802 -316 -976 4327 5102 1992
884 2804 -320 -977 4326 5102 1993
885 2810 -318 -973 4327 5097 1989
886 2806 -317 -979 4333 5097 1991
887 2805 -318 -979 4327 5097 1994
888 2806 -319 -976 4329 5099 1991
889 2807 -320 -976 4329 5098 1990
890 2811 -319 -978 4333 5099 1994
891 2808 -317 -975 4330 5098 1991
892 2808 -316 -980 4334 5100 1994
893 2809 -316 -976 4334 5098 1992
894 2813 -317 -973 4336 5102 1994
895 2809 -316 -975 4335 5096 1994
896 2813 -319 -974 4332 5097 1996
897 2811 -320 -977 4337 5095 1996
898 2812 -319 -977 4335 5095 1992
899 2814 -317 -975 4336 5091 1994
900 2811 -317 -980 4332 5094 1995
901 2813 -315 -977 4334 5092 1994
902 2813 -316 -978 4333 5090 1991
903 2813 -318 -980 4338 5093 1991
904 2815 -315 -979 4337 5096 1992
905 2815 -315 -976 4338 5092 1991
906 2813 -320 -977 4336 5093 1994
907 2814 -317 -979 4339 5089 1992
908 2816 -317 -981 4336 5091 1995
909 2817 -316 -974 4337 5089 1995
910 2817 -318 -977 4340 5089 1995
911 2817 -314 -974 4340 5090 1994
912 2815 -317 -980 4340 5085 1992
913 2818 -316 -976 4340 5083 1993
914 2817 -314 -982 4337 5087 1993
915 2816 -319 -977 4339 5086 1991
916 2816 -318 -977 4338 5088 1992
917 2815 -318 -976 4337 5083 1990
918 2818 -318 -978 4341 5081 1993
919 2815 -316 -980 4338 5082 1993
920 2820 -314 -975 4336 5085 1994
921 2817 -316 -977 4338 5084 1992
922 2814 -317 -980 4334 5079 1989
923 2816 -318 -981 4339 5076 1992
924 2816 -316 -977 4336 5075 1994
925 2816 -316 -981 4337 5073 1993
926 2814 -317 -982 4335 5075 1991
927 2815 -316 -978 4337 5075 1995
928 2814 -319 -978 4339 5075 1993
929 2818 -312 -979 4339 5075 1994
930 2816 -316 -977 4340 5073 1994
931 2819 -316 -978 4340 5077 1991
932 2817 -319 -977 4339 5077 1991
933 2821 -316 -977 4338 5076 1995
934 2821 -315 -978 4340 5072 1992
935 2825 -315 -978 4339 5072 1992
936 2823 -316 -982 4338 5073 1991
937 2822 -315 -982 4341 5077 1992
938 2820 -318 -981 4337 5078 1992
939 2822 -318 -979 4338 5071 1994
940 2826 -316 -980 4340 5068 1992
941 2824 -316 -979 4339 5071 1992
942 2823 -319 -981 4340 5073 1993
943 2823 -318 -978 4339 5073 1993
944 2824 -313 -980 4341 5070 1992
945 2829 -315 -980 4341 5067 1993
946 2828 -312 -979 4340 5071 1992
947 2827 -315 -982 4339 5073 1991
948 2828 -314 -977 4340 5071 1995
949 2831 -315 -980 4343 5066 1993
950 2829 -316 -981 4343 5072 1996
951 2829 -313 -977 4342 5072 1989
952 2832 -313 -982 4344 5072 1995
953 2830 -314 -981 4341 5075 1996
954 2831 -314 -981 4342 5070 1991
955 2832 -317 -979 4342 5068 1992
956 2835 -319 -981 4341 5069 1993
957 2834 -314 -980 4340 5071 1995
958 2834 -312 -981 4342 5069 1997
959 2832 -314 -981 4340 5069 1997
960 2832 -315 -980 4339 5068 1995
961 2835 -315 -980 4341 5068 1995
962 2834 -313 -981 4339 5063 1994
963 2834 -319 -981 4338 5069 1993
964 2835 -312 -985 4337 5066 1994
965 2837 -315 -978 4335 5063 1995
966 2836 -317 -984 4341 5065 1995
967 2837 -310 -983 4341 5060 1993
968 2836 -314 -982 4335 5064 1995
969 2837 -312 -984 4336 5063 1997
970 2836 -317 -983 4338 5062 1995
971 2836 -315 -980 4338 5060 1994
972 2840 -312 -980 4339 5059 1997
973 2839 -313 -984 4335 5064 1994
974 2839 -312 -979 4336 5059 1993
975 2840 -313 -985 4335 5064 1996
976 2842 -313 -981 4337 5059 1996
977 2840 -315 -984 4337 5060 1993
978 2841 -312 -982 4335 5059 1995
979 2840 -311 -984 4337 5060 1998
980 2838 -317 -981 4337 5059 1995
981 2844 -315 -985 4335 5057 1996
982 2841 -312 -984 4332 5061 1994
983 2841 -312 -982 4333 5055 1996
984 2844 -314 -981 4334 5053 1993
985 2843 -313 -984 4331 5053 1995
986 2843 -316 -983 4331 5056 1995
987 2843 -315 -981 4329 5053 1994
988 2842 -311 -983 4333 5053 1995
989 2845 -313 -985 4330 5054 1995
990 2848 -315 -985 4326 5054 1996
991 2846 -315 -980 4333 5056 1997
992 2847 -312 -985 4328 5056 1997
993 2846 -315 -986 4331 5056 1994
994 2850 -314 -984 4333 5053 1996
995 2849 -312 -980 4330 5055 1997
996 2852 -312 -984 4328 5057 2000
997 2852 -313 -985 4328 5055 1999
998 2850 -313 -981 4330 5055 1995
999 2855 -315 -982 4327 5058 1997
