0 -1674 -36 -894 1912 -9 1275
1 -1672 -40 -898 1916 -6 1273
2 -1672 -34 -898 1917 -7 1270
3 -1675 -35 -898 1910 -5 1274
4 -1677 -37 -895 1912 -4 1274
5 -1679 -37 -899 1912 -5 1270
6 -1675 -34 -897 1909 -6 1272
7 -1674 -34 -899 1911 -4 1271
8 -1675 -34 -900 1910 -9 1271
9 -1675 -36 -897 1911 -4 1275
10 -1675 -34 -896 1910 -4 1270
11 -1675 -38 -897 1909 -8 1270
12 -1673 -39 -898 1910 -8 1271
13 -1675 -36 -898 1910 -7 1272
14 -1673 -37 -896 1908 -6 1270
15 -1675 -35 -898 1917 -7 1273
16 -1676 -35 -894 1911 -4 1275
17 -1671 -32 -896 1914 -2 1274
18 -1672 -37 -894 1910 -3 1274
19 -1673 -38 -897 1910 -7 1274
20 -1674 -37 -896 1910 -8 1274
21 -1674 -33 -896 1915 -6 1273
22 -1676 -35 -893 1915 -7 1275
23 -1676 -32 -894 1917 -6 1273
24 -1674 -35 -897 1914 -8 1274
25 -1675 -32 -895 1911 -6 1269
26 -1674 -35 -896 1912 -6 1272
27 -1672 -35 -894 1911 -4 1272
28 -1671 -34 -896 1911 -2 1272
29 -1673 -38 -897 1908 0 1273
30 -1673 -34 -893 1914 1 1275
31 -1671 -36 -894 1906 -5 1274
32 -1668 -33 -897 1912 -7 1273
33 -1669 -36 -895 1914 -6 1273
34 -1675 -33 -897 1914 -7 1272
35 -1672 -36 -898 1912 -8 1270
36 -1676 -37 -897 1914 -7 1271
37 -1676 -33 -894 1909 -4 1274
38 -1673 -35 -895 1908 -2 1271
39 -1672 -34 -897 1905 -5 1273
40 -1674 -38 -894 1909 -4 1271
41 -1674 -36 -895 1905 -2 1273
42 -1674 -35 -895 1912 -4 1273
43 -1673 -33 -896 1917 -6 1275
44 -1675 -33 -892 1914 -7 1271
45 -1675 -34 -893 1918 -6 1272
46 -1676 -35 -894 1914 -10 1269
47 -1673 -34 -897 1917 -6 1271
48 -1677 -34 -894 1907 -7 1269
49 -1672 -34 -895 1908 -4 1275
50 -1672 -36 -897 1908 -4 1272
51 -1673 -34 -896 1905 -3 1274
52 -1672 -34 -896 1909 -3 1274
53 -1675 -34 -896 1906 -7 1272
54 -1669 -37 -896 1910 -6 1273
55 -1673 -35 -893 1914 -5 1276
56 -1677 -34 -898 1912 -4 1272
57 -1672 -36 -894 1914 -8 1274
58 -1673 -32 -892 1913 -7 1274
59 -1670 -33 -898 1912 -7 1274
60 -1671 -34 -896 1912 -6 1273
61 -1675 -36 -896 1912 -5 1276
62 -1674 -34 -896 1911 -2 1271
63 -1675 -34 -898 1909 -1 1275
64 -1674 -36 -892 1912 -2 1272
65 -1674 -33 -894 1913 -1 1274
66 -1674 -33 -894 1919 -9 1272
67 -1672 -34 -895 1923 -4 1275
68 -1675 -34 -898 1918 -13 1271
69 -1677 -33 -895 1918 -10 1267
70 -1671 -32 -894 1916 -5 1274
71 -1671 -31 -896 1913 -2 1273
72 -1671 -36 -896 1911 -7 1272
73 -1672 -37 -895 1910 -6 1273
74 -1674 -35 -899 1909 -4 1273
75 -1671 -38 -894 1911 -1 1279
76 -1670 -33 -897 1905 -5 1273
77 -1673 -35 -895 1908 -3 1271
78 -1670 -34 -897 1913 -6 1273
79 -1673 -33 -896 1914 -7 1273
80 -1678 -35 -896 1914 -8 1274
81 -1674 -36 -895 1915 -5 1272
82 -1675 -33 -897 1911 -5 1272
83 -1672 -34 -896 1910 -4 1273
84 -1672 -34 -894 1907 -2 1274
85 -1671 -33 -892 1910 -7 1273
86 -1673 -32 -896 1910 -7 1273
87 -1672 -32 -896 1915 -5 1272
88 -1671 -34 -894 1915 -7 1271
89 -1672 -34 -896 1916 -8 1271
90 -1672 -34 -894 1916 -5 1271
91 -1673 -34 -896 1913 -4 1274
92 -1676 -33 -895 1913 -2 1269
93 -1672 -35 -895 1911 -7 1270
94 -1670 -32 -896 1912 -6 1274
95 -1672 -33 -896 1911 -3 1275
96 -1670 -32 -894 1911 -6 1270
97 -1673 -32 -898 1915 -4 1272
98 -1670 -35 -897 1912 -4 1275
99 -1670 -33 -895 1907 0 1275
100 -1670 -36 -894 1908 -4 1274
101 -1671 -36 -895 1912 -6 1272
102 -1673 -34 -895 1916 -3 1271
103 -1671 -35 -898 1914 -8 1273
104 -1675 -36 -897 1913 -6 1274
105 -1675 -35 -897 1909 -7 1273
106 -1671 -34 -896 1912 -6 1277
107 -1673 -34 -893 1910 -5 1274
108 -1672 -35 -894 1908 -3 1273
109 -1674 -36 -897 1913 -4 1272
110 -1674 -34 -895 1916 -5 1267
111 -1672 -32 -896 1914 -6 1271
112 -1670 -33 -899 1916 -11 1274
113 -1673 -35 -894 1915 -7 1272
114 -1673 -33 -897 1908 -5 1275
115 -1675 -32 -893 1909 -3 1274
116 -1674 -34 -894 1909 -2 1277
117 -1670 -34 -894 1910 -6 1273
118 -1671 -33 -894 1909 -1 1277
119 -1671 -36 -895 1915 -7 1272
120 -1676 -34 -893 1913 -1 1273
121 -1672 -32 -897 1914 -3 1275
122 -1676 -32 -894 1914 -2 1276
123 -1673 -32 -891 1915 -5 1271
124 -1675 -34 -894 1914 -3 1275
125 -1673 -30 -896 1912 -1 1275
126 -1671 -31 -897 1916 -5 1277
127 -1670 -34 -895 1912 -5 1275
128 -1671 -37 -894 1913 -6 1271
129 -1673 -32 -898 1907 -8 1275
130 -1671 -34 -896 1913 -5 1275
131 -1673 -34 -896 1913 -5 1276
132 -1676 -32 -894 1917 -1 1275
133 -1673 -28 -894 1913 -5 1273
134 -1672 -32 -894 1911 -6 1274
135 -1672 -33 -894 1912 -3 1272
136 -1676 -34 -896 1912 -5 1273
137 -1672 -32 -895 1911 -6 1270
138 -1672 -33 -897 1917 -6 1270
139 -1672 -36 -893 1915 -8 1272
140 -1674 -34 -897 1914 -6 1274
141 -1672 -34 -893 1912 -10 1271
142 -1672 -32 -896 1915 -6 1274
143 -1674 -33 -898 1906 -2 1272
144 -1676 -37 -896 1910 0 1273
145 -1672 -37 -892 1909 -6 1275
146 -1672 -37 -895 1909 -4 1272
147 -1674 -38 -897 1916 -5 1275
148 -1673 -32 -895 1912 -7 1275
149 -1677 -37 -896 1915 -6 1271
150 -1673 -33 -896 1910 -8 1272
151 -1674 -32 -893 1906 -4 1273
152 -1672 -33 -896 1913 -5 1272
153 -1671 -35 -894 1912 -6 1275
154 -1673 -33 -895 1912 -9 1272
155 -1670 -34 -893 1910 -9 1272
156 -1673 -36 -896 1912 -6 1271
157 -1670 -38 -898 1910 -5 1273
158 -1671 -33 -893 1905 -6 1273
159 -1670 -32 -897 1909 -5 1273
160 -1676 -32 -895 1915 -5 1274
161 -1673 -36 -894 1916 -7 1273
162 -1677 -33 -898 1919 -6 1278
163 -1676 -33 -891 1918 -1 1274
164 -1674 -30 -893 1911 -6 1273
165 -1670 -32 -894 1907 -7 1273
166 -1669 -36 -894 1908 -3 1274
167 -1672 -31 -895 1905 -2 1274
168 -1672 -35 -899 1911 -6 1274
169 -1674 -40 -897 1913 -5 1272
170 -1674 -34 -896 1912 -4 1275
171 -1676 -36 -896 1912 -8 1272
172 -1673 -33 -898 1914 -9 1271
173 -1670 -34 -896 1910 -5 1274
174 -1673 -36 -897 1912 -7 1274
175 -1674 -36 -893 1912 -2 1273
176 -1673 -31 -896 1909 -5 1275
177 -1670 -35 -890 1910 -6 1273
178 -1672 -34 -897 1917 -1 1273
179 -1668 -37 -897 1909 -4 1274
180 -1674 -33 -896 1911 -3 1275
181 -1673 -32 -894 1910 -6 1273
182 -1674 -38 -896 1910 0 1275
183 -1672 -36 -897 1911 0 1275
184 -1672 -37 -894 1914 -3 1275
185 -1674 -34 -895 1915 -4 1273
186 -1671 -37 -900 1913 -6 1270
187 -1671 -33 -896 1910 0 1273
188 -1670 -37 -896 1912 -4 1274
189 -1674 -37 -895 1911 -2 1273
190 -1672 -35 -895 1912 -4 1277
191 -1673 -35 -894 1913 -5 1274
192 -1676 -34 -897 1916 -8 1270
193 -1672 -32 -893 1914 -8 1270
194 -1672 -32 -899 1913 -6 1272
195 -1671 -36 -898 1914 -7 1274
196 -1674 -38 -894 1912 -3 1272
197 -1671 -34 -895 1906 -4 1276
198 -1672 -37 -894 1911 -5 1272
199 -1671 -36 -899 1912 -6 1274
200 -1672 -35 -896 1916 -5 1273
201 -1674 -40 -898 1913 -5 1272
202 -1672 -34 -896 1910 -2 1271
203 -1672 -31 -895 1913 -4 1272
204 -1672 -32 -892 1908 -2 1272
205 -1671 -37 -896 1913 -4 1272
206 -1672 -31 -896 1912 -6 1270
207 -1671 -32 -893 1912 -6 1276
208 -1674 -33 -896 1913 -4 1270
209 -1675 -36 -893 1908 -4 1271
210 -1672 -34 -895 1908 -2 1275
211 -1672 -35 -897 1911 -6 1271
212 -1674 -34 -898 1909 0 1275
213 -1677 -36 -898 1911 -6 1271
214 -1671 -31 -895 1916 -3 1274
215 -1673 -37 -894 1913 -8 1271
216 -1676 -34 -894 1910 -5 1271
217 -1671 -34 -896 1912 -5 1278
218 -1673 -34 -899 1909 -4 1275
219 -1673 -40 -893 1912 -6 1272
220 -1674 -37 -894 1914 -6 1271
221 -1674 -38 -895 1916 -6 1269
222 -1674 -33 -901 1913 -8 1268
223 -1674 -32 -896 1915 -8 1272
224 -1672 -35 -893 1913 -7 1271
225 -1678 -39 -897 1910 -6 1271
226 -1677 -37 -895 1915 -2 1272
227 -1673 -35 -892 1911 -6 1273
228 -1673 -34 -895 1910 -8 1271
229 -1670 -34 -895 1910 -4 1272
230 -1669 -34 -895 1911 -3 1274
231 -1672 -37 -896 1909 -7 1274
232 -1674 -36 -896 1912 -3 1274
233 -1675 -34 -897 1912 -3 1275
234 -1674 -36 -899 1910 -7 1273
235 -1674 -36 -894 1912 -7 1274
236 -1675 -38 -898 1912 -7 1273
237 -1673 -32 -896 1912 -7 1272
238 -1671 -33 -895 1912 -5 1276
239 -1675 -35 -898 1911 -6 1273
240 -1676 -32 -892 1916 -3 1277
241 -1668 -34 -896 1910 -2 1274
242 -1671 -36 -899 1916 -5 1275
243 -1672 -36 -892 1913 -6 1271
244 -1678 -37 -898 1918 -10 1274
245 -1673 -36 -895 1918 -10 1272
246 -1674 -34 -900 1914 -8 1268
247 -1676 -35 -897 1913 -11 1275
248 -1675 -35 -898 1911 -8 1272
249 -1670 -32 -896 1912 -7 1269
250 -1672 -38 -897 1900 -3 1274
251 -1670 -35 -896 1901 -1 1271
252 -1669 -35 -895 1907 -5 1272
253 -1671 -36 -896 1914 -4 1276
254 -1674 -32 -896 1910 -8 1272
255 -1674 -35 -895 1914 -10 1273
256 -1673 -31 -893 1910 -7 1272
257 -1676 -33 -896 1911 -5 1273
258 -1670 -33 -897 1908 -1 1272
259 -1669 -38 -896 1908 -4 1277
260 -1673 -36 -898 1913 -1 1273
261 -1673 -34 -894 1913 -4 1271
262 -1671 -34 -896 1908 -4 1274
263 -1670 -31 -892 1912 1 1270
264 -1671 -32 -893 1914 -4 1273
265 -1672 -33 -892 1915 -5 1275
266 -1670 -32 -894 1916 -6 1272
267 -1678 -34 -897 1918 -6 1274
268 -1671 -32 -894 1914 -7 1273
269 -1672 -35 -895 1915 -7 1271
270 -1670 -31 -897 1913 -5 1273
271 -1672 -35 -898 1907 -3 1276
272 -1669 -31 -895 1907 -3 1276
273 -1673 -34 -893 1908 -3 1275
274 -1669 -34 -895 1908 -5 1268
275 -1673 -36 -900 1911 -6 1273
276 -1670 -33 -897 1914 -4 1270
277 -1670 -34 -893 1913 -9 1272
278 -1673 -35 -896 1911 -8 1273
279 -1670 -34 -898 1908 -6 1273
280 -1670 -30 -896 1912 -4 1275
281 -1670 -33 -894 1911 -4 1275
282 -1672 -34 -895 1909 -3 1274
283 -1676 -37 -896 1911 -5 1275
284 -1675 -37 -896 1915 -6 1274
285 -1672 -34 -897 1910 -5 1273
286 -1673 -35 -897 1910 -7 1270
287 -1673 -34 -898 1916 0 1274
288 -1677 -33 -899 1914 -4 1273
289 -1674 -35 -896 1917 -4 1272
290 -1672 -33 -894 1918 -12 1272
291 -1677 -35 -899 1917 -5 1270
292 -1675 -33 -896 1911 -7 1276
293 -1672 -33 -895 1914 -4 1276
294 -1673 -34 -895 1912 -2 1271
295 -1673 -33 -896 1909 -4 1274
296 -1668 -32 -895 1908 -3 1272
297 -1673 -36 -895 1910 -5 1273
298 -1671 -36 -897 1915 -8 1271
299 -1672 -34 -896 1918 -7 1273
300 -1673 -34 -895 1915 -6 1267
301 -1675 -34 -896 1916 -2 1271
302 -1675 -37 -897 1908 -2 1272
303 -1670 -34 -894 1909 -4 1277
304 -1670 -35 -893 1906 -7 1276
305 -1671 -38 -895 1908 -7 1271
306 -1670 -37 -899 1902 2 1270
307 -1670 -35 -895 1913 -2 1272
308 -1675 -32 -895 1909 -6 1272
309 -1679 -34 -897 1910 -4 1270
310 -1678 -39 -899 1914 -8 1271
311 -1677 -38 -893 1920 -7 1273
312 -1674 -34 -895 1921 -9 1273
313 -1678 -36 -893 1918 -11 1268
314 -1676 -36 -897 1913 -8 1274
315 -1677 -35 -895 1912 -6 1273
316 -1672 -36 -896 1904 0 1272
317 -1671 -36 -896 1904 -1 1277
318 -1668 -36 -897 1908 -1 1274
319 -1671 -34 -894 1913 -6 1274
320 -1674 -33 -895 1914 -12 1270
321 -1677 -33 -898 1916 -11 1272
322 -1673 -37 -896 1918 -8 1271
323 -1674 -33 -897 1915 -8 1277
324 -1673 -35 -893 1912 -3 1274
325 -1672 -36 -899 1912 1 1271
326 -1673 -39 -894 1908 -4 1272
327 -1670 -36 -899 1905 -2 1274
328 -1667 -34 -896 1907 -1 1274
329 -1670 -32 -896 1906 -3 1275
330 -1672 -37 -896 1912 -6 1271
331 -1674 -35 -899 1915 -6 1269
332 -1677 -33 -894 1917 -9 1272
333 -1677 -34 -897 1915 -9 1271
334 -1674 -35 -900 1921 -11 1271
335 -1676 -32 -895 1910 -9 1270
336 -1675 -34 -894 1913 -4 1270
337 -1675 -38 -896 1911 1 1273
338 -1677 -35 -894 1904 -2 1272
339 -1670 -33 -896 1905 -1 1274
340 -1670 -32 -894 1908 -1 1278
341 -1669 -32 -897 1914 -6 1274
342 -1671 -36 -895 1913 -7 1270
343 -1668 -34 -896 1916 -8 1267
344 -1674 -33 -898 1920 -11 1271
345 -1676 -31 -897 1919 -10 1268
346 -1675 -32 -898 1912 -6 1271
347 -1670 -34 -895 1907 -1 1276
348 -1669 -35 -896 1904 -2 1279
349 -1669 -32 -896 1908 -4 1272
350 -1675 -33 -895 1913 -9 1276
351 -1672 -35 -895 1912 -9 1273
352 -1670 -35 -894 1911 -5 1276
353 -1675 -35 -894 1910 -5 1272
354 -1669 -34 -896 1912 -4 1273
355 -1673 -38 -897 1917 -2 1274
356 -1674 -33 -895 1915 -7 1271
357 -1673 -34 -900 1919 -6 1273
358 -1671 -35 -895 1913 -7 1272
359 -1672 -33 -894 1913 -6 1271
360 -1672 -33 -896 1907 -6 1271
361 -1671 -37 -894 1904 -2 1275
362 -1672 -34 -899 1906 -1 1275
363 -1672 -35 -895 1912 0 1275
364 -1673 -35 -897 1916 -4 1273
365 -1673 -32 -897 1915 -8 1272
366 -1672 -34 -894 1920 -9 1273
367 -1677 -34 -900 1912 -4 1273
368 -1673 -35 -894 1912 -2 1275
369 -1675 -33 -895 1911 -2 1273
370 -1674 -34 -896 1910 -7 1272
371 -1673 -37 -892 1909 -5 1273
372 -1670 -32 -896 1912 -11 1275
373 -1668 -38 -896 1908 -4 1274
374 -1672 -35 -897 1910 -3 1272
375 -1671 -37 -898 1911 1 1274
376 -1674 -34 -896 1913 -5 1272
377 -1679 -37 -894 1922 -3 1272
378 -1672 -34 -897 1917 -7 1272
379 -1672 -32 -894 1916 -10 1271
380 -1676 -31 -893 1919 -8 1274
381 -1673 -32 -892 1914 -5 1273
382 -1673 -36 -898 1907 0 1274
383 -1671 -37 -893 1910 0 1273
384 -1671 -31 -895 1910 -3 1275
385 -1670 -34 -896 1910 -3 1274
386 -1671 -33 -897 1911 -8 1273
387 -1669 -34 -896 1919 -5 1272
388 -1674 -30 -894 1916 -8 1273
389 -1677 -32 -893 1914 -2 1275
390 -1678 -33 -892 1912 -4 1274
391 -1672 -31 -896 1915 -2 1276
392 -1673 -33 -893 1911 -1 1275
393 -1667 -34 -893 1908 -3 1276
394 -1668 -33 -893 1911 0 1275
395 -1668 -33 -893 1910 -4 1275
396 -1673 -35 -892 1913 -1 1272
397 -1673 -35 -895 1914 -4 1273
398 -1673 -36 -895 1915 -6 1275
399 -1670 -33 -889 1919 -6 1274
400 -1670 -34 -894 1920 -8 1275
401 -1672 -32 -896 1918 -6 1273
402 -1675 -33 -894 1916 -4 1276
403 -1676 -32 -893 1912 -4 1272
404 -1676 -32 -895 1914 -1 1272
405 -1673 -36 -894 1909 2 1277
406 -1669 -32 -900 1906 -6 1276
407 -1668 -33 -894 1910 -4 1275
408 -1672 -35 -898 1916 -4 1274
409 -1673 -33 -896 1913 -5 1271
410 -1674 -34 -893 1916 -5 1277
411 -1673 -30 -894 1911 -5 1274
412 -1671 -36 -892 1912 -3 1274
413 -1668 -31 -894 1910 -5 1274
414 -1670 -33 -898 1911 -4 1275
415 -1674 -34 -895 1911 -4 1275
416 -1674 -34 -894 1907 -3 1274
417 -1671 -32 -894 1909 -6 1270
418 -1673 -32 -892 1912 -2 1271
419 -1672 -36 -898 1911 -6 1272
420 -1672 -35 -897 1913 -7 1275
421 -1677 -37 -894 1915 -5 1275
422 -1677 -32 -894 1914 -3 1275
423 -1671 -33 -893 1915 -2 1274
424 -1671 -32 -897 1912 -5 1271
425 -1670 -32 -895 1910 -7 1276
426 -1671 -34 -896 1911 -7 1274
427 -1672 -31 -897 1910 -5 1271
428 -1672 -35 -895 1910 -7 1276
429 -1672 -32 -896 1910 -2 1276
430 -1667 -33 -893 1912 -4 1272
431 -1669 -32 -898 1908 -6 1272
432 -1671 -36 -897 1911 -4 1273
433 -1673 -34 -895 1912 -9 1272
434 -1675 -34 -897 1915 -5 1275
435 -1669 -32 -899 1918 -5 1272
436 -1673 -30 -897 1911 -4 1276
437 -1668 -36 -892 1913 2 1277
438 -1667 -34 -894 1909 -2 1276
439 -1670 -32 -895 1912 -7 1272
440 -1670 -37 -894 1912 -8 1273
441 -1672 -35 -896 1915 -5 1270
442 -1677 -35 -896 1913 -7 1273
443 -1677 -34 -896 1913 -3 1271
444 -1670 -35 -893 1910 -3 1273
445 -1674 -33 -893 1910 -3 1276
446 -1670 -34 -895 1914 -4 1276
447 -1671 -34 -896 1912 -3 1274
448 -1671 -32 -894 1912 -6 1273
449 -1672 -32 -897 1913 -5 1272
450 -1671 -34 -898 1914 -4 1274
451 -1672 -35 -895 1916 -3 1275
452 -1671 -30 -895 1917 -4 1271
453 -1672 -32 -894 1912 -3 1276
454 -1670 -36 -897 1912 -8 1275
455 -1673 -31 -896 1912 -3 1272
456 -1671 -29 -893 1912 -3 1274
457 -1671 -37 -894 1911 -7 1274
458 -1672 -33 -896 1907 -6 1272
459 -1673 -33 -896 1909 -7 1270
460 -1670 -32 -896 1910 -7 1274
461 -1670 -36 -896 1914 -4 1275
462 -1675 -37 -893 1913 -3 1271
463 -1675 -36 -897 1915 -5 1272
464 -1670 -34 -895 1914 -4 1269
465 -1671 -34 -896 1916 -2 1277
466 -1670 -33 -893 1911 -4 1273
467 -1672 -33 -896 1907 -3 1276
468 -1671 -34 -897 1908 -3 1274
469 -1671 -36 -896 1910 0 1275
470 -1672 -34 -893 1914 -4 1275
471 -1674 -33 -889 1918 -6 1278
472 -1674 -32 -896 1919 -8 1275
473 -1671 -35 -895 1914 -6 1273
474 -1673 -36 -895 1912 -4 1273
475 -1669 -35 -898 1908 -4 1273
476 -1676 -33 -896 1913 0 1275
477 -1671 -32 -894 1908 -5 1272
478 -1669 -33 -896 1912 -6 1273
479 -1670 -35 -892 1914 -1 1277
480 -1673 -35 -894 1910 -5 1278
481 -1670 -38 -896 1908 -3 1276
482 -1671 -32 -894 1908 -4 1276
483 -1670 -32 -897 1911 -2 1273
484 -1672 -32 -893 1918 -3 1276
485 -1668 -30 -894 1921 -6 1272
486 -1676 -36 -896 1923 -9 1273
487 -1673 -36 -895 1916 -9 1273
488 -1672 -33 -895 1913 -2 1275
489 -1666 -31 -892 1912 -1 1274
490 -1673 -32 -892 1913 -4 1274
491 -1670 -38 -897 1912 1 1275
492 -1676 -35 -895 1912 -2 1272
493 -1671 -29 -892 1918 -7 1272
494 -1671 -32 -893 1914 -2 1274
495 -1671 -34 -896 1915 -3 1274
496 -1672 -32 -897 1915 -2 1276
497 -1673 -39 -895 1911 -5 1271
498 -1671 -31 -895 1910 -5 1274
499 -1673 -35 -897 1909 -7 1275
500 -1670 -36 -894 1911 -2 1274
501 -1672 -36 -895 1907 -5 1274
502 -1670 -37 -899 1906 -4 1272
503 -1670 -35 -892 1908 -4 1277
504 -1673 -32 -895 1909 -4 1277
505 -1674 -33 -893 1912 -4 1277
506 -1675 -32 -894 1917 -6 1273
507 -1670 -34 -894 1919 -5 1276
508 -1675 -31 -894 1921 -9 1275
509 -1674 -28 -893 1919 -4 1275
510 -1675 -32 -896 1918 -3 1274
511 -1669 -34 -896 1909 0 1276
512 -1669 -35 -893 1906 0 1275
513 -1669 -34 -897 1910 0 1274
514 -1671 -38 -893 1910 -6 1273
515 -1672 -35 -896 1913 -4 1275
516 -1674 -33 -896 1918 -2 1273
517 -1676 -32 -895 1913 -4 1272
518 -1671 -34 -893 1913 -5 1270
519 -1668 -32 -892 1908 -5 1272
520 -1666 -33 -895 1913 -3 1272
521 -1671 -34 -895 1912 -6 1277
522 -1670 -35 -896 1911 -4 1275
523 -1674 -35 -896 1912 -7 1270
524 -1671 -34 -898 1910 -5 1278
525 -1670 -34 -893 1910 -6 1278
526 -1670 -37 -896 1909 -3 1275
527 -1671 -32 -892 1912 -3 1275
528 -1671 -36 -896 1908 -2 1275
529 -1672 -31 -894 1913 -5 1270
530 -1673 -33 -892 1917 -7 1276
531 -1676 -32 -894 1918 -8 1270
532 -1674 -38 -899 1917 -10 1272
533 -1670 -31 -895 1913 -6 1279
534 -1672 -31 -896 1912 0 1271
535 -1669 -36 -896 1907 -3 1269
536 -1668 -34 -893 1912 -3 1274
537 -1672 -31 -892 1913 -4 1275
538 -1672 -33 -894 1914 -10 1271
539 -1670 -34 -897 1912 -8 1271
540 -1674 -37 -897 1912 -4 1273
541 -1673 -34 -893 1908 -6 1270
542 -1672 -37 -897 1907 -1 1275
543 -1671 -34 -894 1908 -3 1273
544 -1671 -37 -897 1910 -2 1270
545 -1672 -33 -896 1912 -10 1276
546 -1671 -34 -893 1911 -6 1274
547 -1670 -36 -891 1913 -4 1270
548 -1672 -36 -896 1910 -4 1270
549 -1674 -32 -896 1913 0 1275
550 -1673 -32 -893 1915 -2 1274
551 -1672 -33 -894 1915 -6 1272
552 -1674 -35 -895 1915 -9 1272
553 -1670 -31 -895 1917 -7 1274
554 -1671 -31 -895 1913 -8 1270
555 -1670 -34 -896 1915 -2 1272
556 -1672 -33 -896 1912 -6 1272
557 -1675 -31 -895 1913 -3 1272
558 -1674 -39 -897 1912 -5 1271
559 -1675 -32 -897 1918 -9 1272
560 -1673 -32 -896 1916 -9 1272
561 -1675 -34 -893 1914 -6 1269
562 -1675 -33 -897 1912 -2 1274
563 -1676 -32 -895 1908 -3 1276
564 -1672 -34 -896 1905 0 1275
565 -1672 -34 -895 1906 0 1275
566 -1669 -33 -893 1907 -1 1274
567 -1671 -32 -894 1912 -5 1271
568 -1673 -35 -898 1915 -3 1269
569 -1673 -34 -893 1913 -2 1276
570 -1677 -30 -892 1915 -3 1274
571 -1674 -35 -894 1909 -3 1270
572 -1676 -37 -898 1896 -2 1272
573 -1673 -34 -898 1907 -1 1276
574 -1673 -35 -893 1911 -2 1275
575 -1672 -36 -892 1913 -2 1276
576 -1676 -36 -893 1913 -6 1276
577 -1675 -31 -892 1915 -7 1271
578 -1673 -33 -895 1914 -11 1271
579 -1672 -32 -893 1922 -6 1275
580 -1675 -33 -893 1921 -8 1274
581 -1676 -35 -898 1918 -8 1270
582 -1673 -36 -899 1913 -2 1274
583 -1674 -34 -893 1905 -2 1277
584 -1669 -33 -894 1903 1 1272
585 -1670 -38 -899 1906 -3 1272
586 -1674 -34 -897 1916 -4 1277
587 -1672 -32 -893 1914 -4 1276
588 -1675 -37 -896 1914 -4 1269
589 -1674 -37 -899 1912 -2 1274
590 -1672 -31 -894 1910 -5 1273
591 -1669 -32 -892 1910 -6 1273
592 -1670 -33 -896 1913 -5 1273
593 -1671 -34 -889 1914 -3 1275
594 -1671 -33 -893 1909 -5 1271
595 -1675 -35 -898 1909 -4 1274
596 -1673 -36 -897 1913 -6 1276
597 -1671 -32 -892 1913 -6 1273
598 -1671 -32 -896 1914 -8 1267
599 -1671 -35 -899 1917 -8 1272
600 -1676 -34 -895 1917 -6 1271
601 -1678 -30 -892 1920 -6 1271
602 -1674 -34 -901 1920 -6 1269
603 -1675 -30 -893 1910 -9 1274
604 -1673 -33 -893 1914 -6 1277
605 -1671 -36 -895 1911 -2 1270
606 -1669 -37 -899 1911 -3 1275
607 -1670 -30 -895 1905 -3 1278
608 -1668 -30 -891 1905 -2 1275
609 -1670 -39 -895 1910 -4 1272
610 -1672 -36 -897 1914 -5 1276
611 -1673 -30 -893 1911 -8 1274
612 -1672 -35 -900 1914 -7 1270
613 -1674 -34 -897 1918 -7 1276
614 -1674 -31 -892 1914 -4 1277
615 -1670 -31 -896 1908 -5 1269
616 -1666 -41 -899 1908 -3 1271
617 -1668 -36 -898 1907 -5 1275
618 -1671 -34 -893 1916 -3 1274
619 -1668 -35 -892 1918 -10 1274
620 -1675 -32 -896 1919 -8 1273
621 -1676 -30 -890 1921 -5 1274
622 -1676 -36 -896 1912 -3 1270
623 -1674 -36 -899 1912 -6 1272
624 -1670 -33 -896 1916 -5 1276
625 -1672 -35 -891 1911 -4 1273
626 -1672 -36 -895 1910 -6 1275
627 -1672 -35 -897 1906 -7 1274
628 -1673 -33 -893 1906 -4 1274
629 -1669 -36 -897 1911 -6 1271
630 -1673 -34 -896 1913 -8 1276
631 -1671 -31 -893 1909 -10 1271
632 -1672 -36 -895 1913 -8 1270
633 -1674 -38 -900 1914 -6 1269
634 -1672 -34 -896 1910 -8 1276
635 -1676 -36 -893 1904 -6 1271
636 -1666 -37 -894 1908 -5 1277
637 -1672 -33 -895 1908 -4 1277
638 -1672 -34 -897 1911 -6 1273
639 -1675 -35 -895 1916 -7 1268
640 -1674 -33 -893 1912 -7 1272
641 -1670 -32 -890 1916 -6 1273
642 -1673 -34 -896 1914 -8 1270
643 -1673 -34 -898 1924 -6 1272
644 -1678 -33 -898 1913 -3 1272
645 -1676 -32 -892 1917 -7 1274
646 -1672 -33 -897 1916 -5 1270
647 -1673 -32 -894 1908 -6 1273
648 -1672 -32 -893 1914 0 1278
649 -1669 -31 -891 1906 -1 1271
650 -1675 -40 -898 1914 -4 1276
651 -1672 -33 -894 1913 -2 1274
652 -1672 -32 -893 1914 -8 1272
653 -1671 -38 -898 1917 -7 1270
654 -1671 -34 -893 1912 -8 1275
655 -1670 -35 -895 1911 -5 1274
656 -1670 -37 -896 1913 -2 1270
657 -1674 -35 -897 1911 -6 1271
658 -1676 -32 -894 1913 -6 1274
659 -1670 -28 -891 1907 -4 1272
660 -1669 -36 -899 1907 -3 1269
661 -1673 -37 -895 1912 -1 1274
662 -1673 -31 -896 1915 -5 1274
663 -1674 -32 -897 1918 -2 1270
664 -1670 -33 -893 1917 -5 1273
665 -1672 -35 -896 1919 -9 1271
666 -1674 -30 -898 1915 -8 1269
667 -1677 -34 -897 1920 -7 1272
668 -1674 -33 -894 1915 -4 1275
669 -1676 -35 -894 1910 -5 1273
670 -1674 -31 -893 1913 -2 1272
671 -1671 -36 -893 1909 -1 1276
672 -1666 -37 -898 1910 -2 1273
673 -1671 -34 -897 1912 -3 1274
674 -1674 -33 -899 1914 -5 1275
675 -1675 -32 -891 1910 -5 1274
676 -1675 -37 -895 1914 -5 1270
677 -1673 -34 -894 1910 -5 1275
678 -1672 -36 -896 1908 -4 1274
679 -1675 -34 -896 1910 -2 1274
680 -1673 -37 -893 1914 -4 1275
681 -1670 -34 -895 1912 -3 1273
682 -1670 -31 -896 1913 -3 1275
683 -1672 -33 -898 1911 -4 1276
684 -1672 -34 -895 1910 -7 1272
685 -1674 -32 -898 1918 -5 1274
686 -1670 -33 -895 1914 -6 1272
687 -1674 -34 -898 1918 -8 1271
688 -1674 -35 -898 1913 -6 1274
689 -1674 -33 -896 1915 -5 1271
690 -1675 -34 -896 1914 -10 1272
691 -1674 -35 -899 1912 -6 1272
692 -1671 -32 -896 1911 -7 1270
693 -1674 -35 -892 1909 -4 1269
694 -1672 -34 -895 1909 -4 1273
695 -1670 -34 -896 1914 -3 1271
696 -1672 -33 -893 1914 -5 1274
697 -1672 -36 -896 1912 -4 1272
698 -1673 -37 -895 1914 -5 1275
699 -1674 -35 -897 1910 -5 1275
700 -1672 -33 -894 1907 -2 1272
701 -1671 -36 -900 1907 -8 1279
702 -1673 -30 -896 1910 -6 1271
703 -1670 -34 -895 1912 -4 1273
704 -1670 -33 -894 1912 -7 1273
705 -1673 -31 -897 1914 -2 1273
706 -1669 -34 -893 1912 -8 1277
707 -1673 -31 -894 1914 -2 1275
708 -1672 -38 -897 1913 -3 1274
709 -1676 -33 -897 1916 -5 1275
710 -1674 -32 -893 1915 -7 1271
711 -1673 -37 -896 1916 -7 1275
712 -1672 -35 -897 1912 -9 1272
713 -1674 -30 -897 1915 -8 1275
714 -1673 -35 -894 1915 -6 1274
715 -1675 -35 -897 1910 -3 1269
716 -1669 -33 -897 1913 -4 1275
717 -1677 -34 -894 1911 -4 1273
718 -1673 -30 -898 1915 -10 1276
719 -1672 -34 -896 1915 -8 1273
720 -1672 -30 -894 1912 -7 1270
721 -1669 -34 -897 1909 -4 1275
722 -1671 -33 -896 1908 -2 1275
723 -1677 -34 -896 1910 -5 1272
724 -1670 -34 -897 1911 -4 1273
725 -1669 -35 -895 1912 -5 1276
726 -1671 -32 -895 1913 -5 1275
727 -1675 -35 -894 1915 -7 1273
728 -1674 -35 -898 1914 -4 1271
729 -1674 -34 -897 1916 -5 1273
730 -1675 -35 -894 1913 -2 1275
731 -1672 -37 -897 1908 -7 1274
732 -1667 -32 -897 1912 -2 1270
733 -1672 -32 -891 1911 -8 1274
734 -1674 -32 -898 1913 -5 1274
735 -1674 -34 -896 1920 -6 1273
736 -1674 -34 -895 1917 -5 1271
737 -1672 -30 -895 1913 -6 1275
738 -1672 -32 -894 1912 -4 1273
739 -1671 -33 -898 1910 -6 1276
740 -1670 -35 -896 1909 -6 1272
741 -1671 -33 -893 1909 -4 1276
742 -1671 -36 -896 1908 -2 1275
743 -1671 -33 -891 1909 -2 1274
744 -1671 -39 -894 1911 -3 1276
745 -1670 -33 -896 1910 -2 1274
746 -1670 -32 -892 1912 -5 1272
747 -1675 -34 -896 1909 -4 1274
748 -1673 -37 -896 1912 -2 1270
749 -1674 -33 -894 1910 -1 1274
750 -1674 -32 -895 1909 -4 1275
751 -1674 -36 -893 1912 -3 1273
752 -1669 -34 -895 1914 -7 1270
753 -1671 -38 -897 1919 -2 1273
754 -1675 -32 -895 1916 -3 1275
755 -1673 -32 -894 1919 -4 1273
756 -1677 -35 -900 1912 -4 1276
757 -1674 -33 -896 1911 -3 1275
758 -1672 -36 -892 1910 -4 1274
759 -1676 -35 -895 1908 -5 1275
760 -1670 -35 -896 1916 -3 1273
761 -1675 -33 -895 1915 -2 1274
762 -1673 -33 -894 1916 -2 1273
763 -1672 -32 -896 1915 -6 1275
764 -1670 -31 -896 1912 -6 1276
765 -1676 -33 -896 1913 -4 1275
766 -1671 -36 -894 1913 -4 1272
767 -1674 -36 -893 1908 -3 1273
768 -1672 -37 -896 1913 -1 1274
769 -1673 -35 -896 1910 -5 1273
770 -1670 -38 -895 1910 -5 1275
771 -1671 -31 -894 1914 -6 1274
772 -1671 -35 -897 1917 -7 1271
773 -1672 -30 -891 1916 -4 1274
774 -1675 -33 -894 1914 -6 1273
775 -1673 -35 -896 1911 -2 1273
776 -1675 -36 -894 1914 -3 1273
777 -1672 -36 -891 1910 -2 1273
778 -1673 -35 -891 1911 -2 1274
779 -1671 -34 -892 1912 -6 1273
780 -1671 -30 -893 1916 -6 1272
781 -1675 -34 -896 1914 -4 1271
782 -1671 -36 -897 1916 -5 1277
783 -1675 -33 -896 1912 -6 1272
784 -1675 -38 -896 1912 -2 1274
785 -1668 -33 -897 1909 -5 1273
786 -1674 -33 -897 1907 -5 1272
787 -1672 -35 -896 1908 -2 1275
788 -1675 -32 -895 1906 -5 1273
789 -1670 -34 -897 1916 -2 1276
790 -1669 -34 -895 1912 -4 1270
791 -1671 -33 -893 1910 -1 1274
792 -1670 -33 -896 1912 -6 1275
793 -1672 -34 -897 1914 -5 1272
794 -1670 -35 -893 1911 -5 1274
795 -1672 -35 -894 1913 -5 1275
796 -1671 -33 -896 1915 -6 1275
797 -1671 -34 -900 1911 -6 1270
798 -1672 -34 -895 1915 -2 1274
799 -1669 -32 -894 1913 -4 1271
800 -1671 -32 -894 1913 -5 1276
801 -1672 -35 -896 1908 -2 1277
802 -1673 -34 -897 1914 -10 1271
803 -1672 -32 -892 1912 -2 1274
804 -1668 -34 -896 1913 -8 1270
805 -1673 -36 -896 1914 -7 1273
806 -1669 -33 -894 1910 -6 1272
807 -1672 -34 -893 1909 -4 1273
808 -1671 -33 -894 1910 -4 1272
809 -1672 -34 -895 1908 -3 1274
810 -1668 -33 -895 1906 -1 1271
811 -1669 -39 -896 1909 -3 1277
812 -1671 -35 -900 1913 -6 1272
813 -1675 -33 -895 1912 -7 1276
814 -1673 -37 -896 1912 -4 1273
815 -1672 -34 -892 1913 -4 1275
816 -1673 -33 -896 1915 -5 1272
817 -1671 -32 -894 1916 -4 1274
818 -1670 -35 -894 1914 -10 1272
819 -1673 -35 -897 1914 -9 1274
820 -1673 -35 -895 1915 -8 1274
821 -1674 -36 -893 1915 -4 1272
822 -1670 -28 -894 1910 -6 1271
823 -1677 -37 -896 1913 -9 1274
824 -1676 -36 -895 1912 -7 1273
825 -1675 -32 -893 1911 -6 1274
826 -1673 -36 -896 1912 -6 1273
827 -1670 -35 -899 1910 -5 1274
828 -1672 -32 -894 1911 -3 1273
829 -1673 -33 -895 1911 -4 1275
830 -1670 -34 -893 1913 -2 1271
831 -1670 -36 -894 1912 -1 1274
832 -1669 -34 -894 1911 -3 1276
833 -1674 -37 -896 1913 -7 1276
834 -1668 -35 -894 1911 -5 1278
835 -1671 -37 -896 1907 -3 1275
836 -1669 -34 -894 1906 -1 1275
837 -1673 -31 -893 1907 -4 1276
838 -1675 -38 -893 1913 -2 1274
839 -1673 -32 -894 1915 -4 1275
840 -1676 -32 -894 1917 -3 1273
841 -1673 -32 -896 1920 -5 1272
842 -1677 -34 -892 1919 -3 1274
843 -1673 -32 -894 1917 -6 1274
844 -1674 -35 -892 1911 -5 1271
845 -1667 -31 -891 1912 -4 1274
846 -1672 -34 -891 1913 -3 1277
847 -1669 -33 -896 1912 -3 1277
848 -1670 -37 -895 1914 -7 1271
849 -1671 -35 -894 1911 -6 1273
850 -1671 -33 -894 1915 -7 1271
851 -1670 -33 -894 1914 -3 1275
852 -1670 -33 -895 1915 -2 1275
853 -1672 -36 -895 1911 -3 1275
854 -1675 -39 -896 1913 -6 1271
855 -1670 -35 -895 1909 -7 1275
856 -1672 -36 -897 1909 0 1275
857 -1668 -36 -894 1904 -2 1275
858 -1670 -34 -897 1904 -2 1271
859 -1668 -36 -898 1909 -3 1274
860 -1677 -35 -895 1913 -4 1275
861 -1676 -33 -895 1919 -3 1278
862 -1677 -31 -892 1922 -9 1271
863 -1674 -32 -894 1919 -7 1272
864 -1674 -31 -894 1914 -5 1273
865 -1671 -31 -894 1912 -6 1271
866 -1672 -34 -894 1910 -2 1274
867 -1675 -36 -894 1912 -3 1276
868 -1668 -33 -894 1912 -5 1272
869 -1670 -32 -894 1919 -4 1276
870 -1671 -35 -890 1920 -4 1273
871 -1673 -34 -894 1916 -6 1273
872 -1674 -35 -892 1915 -5 1275
873 -1672 -34 -895 1914 -2 1275
874 -1669 -33 -894 1910 -2 1273
875 -1673 -34 -896 1909 -2 1273
876 -1669 -34 -896 1908 -4 1271
877 -1669 -34 -896 1910 -6 1279
878 -1671 -35 -896 1911 -6 1275
879 -1671 -33 -895 1914 -1 1273
880 -1671 -35 -894 1907 -4 1272
881 -1672 -36 -897 1909 -3 1276
882 -1670 -33 -897 1908 -2 1274
883 -1671 -32 -894 1911 1 1273
884 -1672 -35 -896 1915 -8 1274
885 -1673 -34 -894 1916 -7 1273
886 -1672 -33 -893 1918 -8 1271
887 -1673 -32 -895 1914 -6 1275
888 -1674 -33 -896 1910 -2 1274
889 -1673 -34 -895 1911 -3 1274
890 -1672 -35 -898 1907 -7 1274
891 -1673 -34 -897 1912 -5 1270
892 -1674 -37 -894 1912 -11 1273
893 -1674 -34 -894 1912 -6 1272
894 -1671 -31 -896 1911 -4 1273
895 -1670 -32 -894 1911 -1 1272
896 -1673 -33 -893 1908 -4 1274
897 -1670 -38 -895 1914 -4 1272
898 -1671 -36 -893 1912 -5 1271
899 -1668 -34 -894 1914 -7 1277
900 -1666 -35 -893 1910 -2 1270
901 -1669 -32 -897 1907 -4 1280
902 -1669 -35 -893 1911 -1 1274
903 -1671 -34 -896 1909 -3 1276
904 -1673 -34 -899 1914 -10 1271
905 -1674 -34 -892 1914 -7 1274
906 -1673 -32 -893 1919 -5 1278
907 -1673 -33 -892 1918 -2 1272
908 -1673 -31 -896 1910 0 1274
909 -1670 -34 -893 1912 -3 1275
910 -1673 -32 -893 1914 -3 1274
911 -1671 -33 -894 1913 -1 1278
912 -1672 -31 -893 1913 -5 1276
913 -1671 -32 -895 1917 -6 1272
914 -1671 -32 -892 1917 -3 1277
915 -1673 -34 -892 1916 -4 1273
916 -1672 -33 -895 1914 -5 1275
917 -1671 -34 -894 1911 -5 1271
918 -1673 -32 -897 1912 -3 1274
919 -1670 -32 -893 1915 -1 1275
920 -1669 -34 -898 1912 -4 1273
921 -1672 -30 -896 1911 0 1277
922 -1670 -35 -894 1906 0 1274
923 -1672 -33 -891 1907 0 1272
924 -1672 -36 -894 1909 -3 1273
925 -1670 -32 -893 1912 0 1275
926 -1674 -37 -896 1913 -1 1276
927 -1675 -33 -894 1915 -2 1273
928 -1675 -34 -894 1922 -4 1271
929 -1673 -31 -889 1919 -6 1271
930 -1670 -33 -894 1916 -5 1271
931 -1673 -33 -894 1911 -4 1275
932 -1671 -32 -893 1913 -1 1273
933 -1674 -28 -892 1911 -4 1276
934 -1672 -34 -894 1912 -3 1277
935 -1670 -40 -895 1914 -5 1276
936 -1674 -31 -893 1916 -1 1276
937 -1670 -36 -892 1917 -4 1275
938 -1674 -34 -892 1914 -5 1269
939 -1671 -32 -894 1915 -7 1276
940 -1673 -32 -893 1916 -2 1275
941 -1672 -32 -894 1911 -2 1276
942 -1670 -32 -892 1911 0 1275
943 -1668 -36 -893 1906 0 1274
944 -1669 -32 -893 1907 -2 1275
945 -1669 -33 -894 1908 -5 1275
946 -1669 -33 -898 1912 -3 1275
947 -1672 -32 -889 1912 -2 1274
948 -1671 -32 -895 1912 -4 1277
949 -1675 -33 -893 1916 -2 1275
950 -1670 -32 -891 1916 -4 1275
951 -1669 -33 -893 1917 0 1275
952 -1670 -31 -893 1912 -5 1271
953 -1674 -36 -890 1912 -4 1272
954 -1673 -34 -892 1912 -2 1273
955 -1673 -33 -893 1912 -3 1273
956 -1673 -32 -892 1912 -4 1274
957 -1674 -31 -893 1913 -3 1276
958 -1671 -30 -892 1919 -6 1274
959 -1676 -33 -896 1915 -7 1273
960 -1671 -33 -894 1912 -4 1273
961 -1675 -34 -891 1911 -1 1276
962 -1672 -33 -892 1910 -2 1275
963 -1673 -33 -893 1908 -2 1276
964 -1670 -32 -896 1908 -4 1275
965 -1669 -36 -894 1910 -3 1274
966 -1668 -34 -894 1912 -3 1274
967 -1671 -32 -894 1912 -4 1273
968 -1674 -33 -895 1913 -6 1275
969 -1671 -30 -895 1917 -1 1276
970 -1669 -32 -889 1914 -6 1274
971 -1672 -32 -892 1915 -4 1273
972 -1672 -35 -899 1914 -3 1272
973 -1671 -37 -892 1912 -2 1279
974 -1671 -34 -895 1910 -3 1275
975 -1673 -31 -896 1911 -7 1275
976 -1672 -33 -894 1914 0 1278
977 -1671 -32 -892 1911 0 1278
978 -1669 -33 -895 1914 -3 1276
979 -1673 -29 -893 1921 -4 1277
980 -1672 -32 -895 1914 -4 1273
981 -1671 -33 -895 1913 -2 1271
982 -1669 -31 -893 1912 -4 1273
983 -1670 -31 -895 1911 -5 1279
984 -1670 -32 -892 1911 -4 1276
985 -1669 -32 -893 1913 -4 1273
986 -1670 -36 -896 1912 -5 1273
987 -1670 -32 -894 1914 1 1276
988 -1666 -36 -897 1909 -1 1276
989 -1671 -34 -893 1911 -2 1274
990 -1668 -33 -894 1912 -3 1277
991 -1670 -36 -894 1912 -6 1274
992 -1668 -33 -894 1909 -6 1274
993 -1671 -30 -893 1917 -6 1277
994 -1673 -33 -896 1917 -4 1273
995 -1671 -33 -894 1913 -3 1272
996 -1672 -34 -895 1916 -5 1274
997 -1673 -30 -893 1914 -4 1274
998 -1673 -32 -894 1914 -5 1271
999 -1673 -35 -897 1914 -1 1274
0 -4894 5293 -793 8333 -3209 -4676
1 -4895 5293 -794 8335 -3204 -4671
2 -4897 5292 -795 8338 -3211 -4675
3 -4896 5294 -792 8340 -3212 -4676
4 -4900 5297 -795 8339 -3212 -4673
5 -4898 5294 -796 8336 -3213 -4674
6 -4898 5293 -795 8337 -3212 -4674
7 -4896 5290 -790 8333 -3208 -4669
8 -4895 5295 -792 8334 -3207 -4671
9 -4895 5291 -793 8337 -3212 -4672
10 -4898 5299 -793 8339 -3210 -4670
11 -4896 5296 -790 8338 -3208 -4675
12 -4896 5295 -795 8339 -3212 -4676
13 -4901 5293 -792 8337 -3207 -4672
14 -4897 5293 -793 8332 -3207 -4674
15 -4896 5292 -792 8331 -3207 -4675
16 -4892 5298 -793 8329 -3204 -4672
17 -4894 5295 -793 8332 -3206 -4670
18 -4896 5293 -792 8332 -3206 -4676
19 -4898 5297 -795 8333 -3207 -4672
20 -4895 5296 -789 8333 -3207 -4670
21 -4891 5298 -793 8333 -3204 -4666
22 -4896 5297 -789 8333 -3210 -4672
23 -4895 5297 -791 8331 -3205 -4670
24 -4895 5296 -792 8328 -3206 -4674
25 -4897 5294 -792 8333 -3209 -4669
26 -4896 5298 -792 8330 -3208 -4673
27 -4894 5297 -791 8334 -3208 -4668
28 -4893 5299 -789 8334 -3205 -4670
29 -4893 5298 -785 8332 -3206 -4666
30 -4894 5297 -791 8334 -3205 -4670
31 -4893 5300 -790 8334 -3209 -4670
32 -4894 5301 -789 8336 -3213 -4668
33 -4894 5299 -787 8334 -3206 -4668
34 -4897 5301 -789 8330 -3207 -4666
35 -4894 5300 -788 8325 -3206 -4671
36 -4893 5297 -790 8328 -3205 -4667
37 -4894 5297 -788 8325 -3207 -4668
38 -4894 5299 -790 8323 -3207 -4667
39 -4888 5300 -791 8326 -3205 -4668
40 -4889 5296 -790 8324 -3206 -4666
41 -4890 5300 -792 8329 -3205 -4667
42 -4890 5301 -791 8327 -3205 -4671
43 -4892 5300 -787 8328 -3203 -4665
44 -4891 5298 -788 8331 -3206 -4667
45 -4885 5300 -786 8331 -3205 -4666
46 -4894 5301 -788 8325 -3208 -4665
47 -4894 5300 -787 8332 -3207 -4664
48 -4892 5302 -787 8331 -3208 -4666
49 -4892 5302 -784 8332 -3203 -4664
50 -4892 5303 -785 8331 -3209 -4664
51 -4891 5302 -788 8330 -3206 -4669
52 -4892 5299 -788 8328 -3205 -4661
53 -4890 5302 -787 8326 -3204 -4664
54 -4891 5300 -786 8326 -3203 -4662
55 -4890 5302 -787 8325 -3204 -4662
56 -4891 5303 -786 8328 -3201 -4661
57 -4893 5299 -787 8326 -3205 -4663
58 -4891 5304 -789 8328 -3207 -4662
59 -4889 5304 -783 8324 -3208 -4663
60 -4887 5304 -784 8326 -3203 -4660
61 -4886 5303 -787 8322 -3201 -4664
62 -4887 5305 -788 8322 -3199 -4661
63 -4889 5306 -788 8321 -3203 -4663
64 -4885 5305 -785 8322 -3203 -4663
65 -4885 5306 -784 8327 -3209 -4661
66 -4891 5304 -785 8325 -3206 -4662
67 -4886 5305 -783 8325 -3206 -4657
68 -4891 5306 -784 8325 -3205 -4660
69 -4889 5306 -784 8326 -3205 -4661
70 -4886 5306 -785 8326 -3203 -4659
71 -4887 5308 -784 8323 -3209 -4658
72 -4884 5307 -783 8323 -3205 -4660
73 -4888 5307 -786 8321 -3207 -4660
74 -4884 5308 -785 8320 -3200 -4658
75 -4886 5306 -785 8320 -3198 -4658
76 -4888 5310 -785 8321 -3204 -4657
77 -4887 5307 -784 8330 -3204 -4655
78 -4888 5310 -783 8327 -3208 -4659
79 -4889 5309 -782 8330 -3209 -4654
80 -4887 5309 -784 8326 -3203 -4655
81 -4884 5311 -781 8322 -3203 -4655
82 -4884 5312 -781 8319 -3201 -4656
83 -4880 5307 -782 8319 -3201 -4650
84 -4882 5314 -782 8323 -3204 -4657
85 -4885 5312 -783 8323 -3204 -4651
86 -4880 5311 -782 8329 -3208 -4656
87 -4888 5313 -782 8327 -3202 -4656
88 -4882 5314 -780 8326 -3205 -4651
89 -4888 5314 -781 8323 -3201 -4653
90 -4883 5315 -782 8317 -3205 -4652
91 -4880 5313 -780 8319 -3205 -4653
92 -4881 5312 -779 8318 -3200 -4652
93 -4884 5317 -778 8320 -3202 -4652
94 -4882 5313 -780 8321 -3200 -4649
95 -4884 5315 -779 8322 -3204 -4653
96 -4886 5316 -782 8324 -3208 -4648
97 -4888 5315 -782 8329 -3206 -4647
98 -4884 5316 -780 8321 -3206 -4650
99 -4884 5317 -779 8323 -3205 -4649
100 -4884 5317 -780 8323 -3205 -4648
101 -4884 5316 -777 8326 -3206 -4649
102 -4885 5314 -777 8322 -3205 -4649
103 -4883 5319 -777 8322 -3206 -4647
104 -4880 5316 -778 8320 -3206 -4648
105 -4882 5317 -775 8319 -3202 -4644
106 -4879 5320 -774 8319 -3206 -4642
107 -4883 5319 -777 8320 -3203 -4645
108 -4883 5316 -774 8322 -3203 -4642
109 -4884 5321 -777 8321 -3207 -4645
110 -4882 5323 -773 8321 -3207 -4644
111 -4883 5321 -776 8319 -3207 -4644
112 -4877 5323 -773 8317 -3205 -4641
113 -4880 5322 -774 8315 -3202 -4643
114 -4884 5321 -771 8316 -3201 -4640
115 -4882 5326 -772 8323 -3206 -4641
116 -4883 5326 -774 8327 -3205 -4643
117 -4882 5327 -775 8329 -3211 -4642
118 -4881 5323 -772 8331 -3212 -4640
119 -4882 5326 -769 8326 -3205 -4639
120 -4885 5324 -772 8319 -3204 -4641
121 -4884 5328 -770 8318 -3202 -4637
122 -4882 5329 -772 8316 -3205 -4637
123 -4882 5328 -771 8319 -3207 -4640
124 -4881 5323 -773 8323 -3207 -4633
125 -4881 5329 -770 8325 -3208 -4636
126 -4882 5327 -770 8323 -3206 -4635
127 -4883 5324 -772 8318 -3204 -4637
128 -4882 5332 -766 8316 -3203 -4636
129 -4883 5332 -770 8313 -3203 -4631
130 -4875 5329 -771 8314 -3210 -4631
131 -4879 5331 -766 8317 -3205 -4630
132 -4876 5331 -767 8321 -3205 -4628
133 -4881 5328 -768 8322 -3210 -4631
134 -4882 5334 -766 8326 -3206 -4632
135 -4886 5336 -766 8328 -3207 -4633
136 -4881 5333 -768 8326 -3211 -4630
137 -4884 5336 -766 8327 -3213 -4631
138 -4882 5335 -767 8326 -3215 -4630
139 -4881 5331 -768 8323 -3209 -4632
140 -4878 5332 -767 8324 -3205 -4628
141 -4877 5333 -768 8321 -3204 -4628
142 -4880 5334 -766 8323 -3209 -4627
143 -4880 5338 -764 8325 -3211 -4630
144 -4879 5339 -767 8325 -3213 -4627
145 -4881 5340 -764 8329 -3214 -4626
146 -4884 5340 -765 8332 -3210 -4626
147 -4882 5338 -764 8328 -3208 -4628
148 -4884 5338 -762 8320 -3206 -4628
149 -4877 5339 -766 8314 -3206 -4624
150 -4877 5340 -764 8312 -3206 -4628
151 -4876 5339 -766 8320 -3209 -4623
152 -4876 5343 -765 8326 -3209 -4623
153 -4883 5344 -760 8331 -3210 -4623
154 -4883 5344 -756 8335 -3212 -4621
155 -4883 5344 -762 8334 -3212 -4623
156 -4886 5342 -762 8324 -3216 -4619
157 -4882 5342 -761 8321 -3214 -4622
158 -4878 5345 -762 8319 -3208 -4620
159 -4877 5341 -760 8317 -3212 -4620
160 -4879 5343 -759 8324 -3208 -4618
161 -4879 5347 -757 8326 -3215 -4619
162 -4879 5343 -757 8332 -3216 -4616
163 -4881 5345 -763 8331 -3218 -4619
164 -4880 5348 -760 8329 -3219 -4619
165 -4880 5347 -758 8329 -3213 -4620
166 -4885 5348 -757 8327 -3212 -4619
167 -4882 5349 -757 8330 -3211 -4616
168 -4885 5349 -758 8327 -3216 -4619
169 -4879 5346 -759 8332 -3214 -4615
170 -4879 5347 -757 8324 -3214 -4614
171 -4880 5348 -758 8324 -3218 -4617
172 -4881 5352 -756 8325 -3210 -4616
173 -4882 5353 -756 8326 -3212 -4613
174 -4888 5351 -753 8333 -3214 -4611
175 -4882 5354 -755 8328 -3219 -4614
176 -4877 5352 -756 8328 -3222 -4616
177 -4879 5352 -752 8328 -3224 -4615
178 -4880 5351 -756 8323 -3217 -4611
179 -4880 5352 -759 8326 -3214 -4613
180 -4880 5354 -754 8324 -3215 -4613
181 -4882 5352 -752 8327 -3214 -4610
182 -4880 5356 -751 8329 -3215 -4609
183 -4877 5357 -754 8334 -3218 -4610
184 -4879 5358 -751 8332 -3223 -4608
185 -4882 5356 -755 8335 -3221 -4612
186 -4883 5357 -752 8336 -3216 -4605
187 -4883 5353 -754 8337 -3219 -4608
188 -4884 5358 -751 8336 -3221 -4606
189 -4884 5358 -752 8336 -3225 -4607
190 -4880 5360 -752 8338 -3224 -4605
191 -4878 5358 -751 8340 -3222 -4611
192 -4881 5361 -750 8337 -3218 -4604
193 -4883 5359 -750 8331 -3216 -4603
194 -4881 5362 -749 8326 -3212 -4604
195 -4879 5358 -748 8323 -3216 -4605
196 -4876 5358 -750 8328 -3220 -4606
197 -4872 5362 -751 8328 -3221 -4601
198 -4874 5364 -749 8330 -3220 -4600
199 -4879 5361 -753 8334 -3219 -4603
200 -4878 5360 -752 8336 -3215 -4602
201 -4880 5365 -750 8329 -3222 -4600
202 -4880 5362 -749 8327 -3218 -4602
203 -4876 5365 -748 8326 -3223 -4600
204 -4877 5361 -750 8325 -3219 -4600
205 -4876 5364 -745 8328 -3221 -4601
206 -4881 5363 -746 8333 -3214 -4597
207 -4882 5366 -744 8336 -3216 -4597
208 -4884 5368 -741 8338 -3221 -4600
209 -4883 5368 -745 8341 -3225 -4602
210 -4882 5369 -747 8341 -3228 -4602
211 -4885 5369 -744 8343 -3227 -4602
212 -4889 5369 -744 8338 -3220 -4594
213 -4882 5367 -745 8335 -3218 -4595
214 -4881 5369 -744 8326 -3216 -4595
215 -4875 5367 -739 8323 -3225 -4593
216 -4871 5366 -747 8326 -3219 -4596
217 -4876 5364 -748 8326 -3218 -4590
218 -4873 5368 -745 8329 -3220 -4592
219 -4883 5367 -743 8335 -3223 -4596
220 -4883 5366 -745 8336 -3225 -4599
221 -4876 5367 -746 8333 -3229 -4593
222 -4877 5370 -745 8335 -3226 -4590
223 -4874 5366 -746 8332 -3224 -4593
224 -4872 5370 -744 8326 -3222 -4592
225 -4876 5366 -742 8329 -3217 -4594
226 -4879 5366 -742 8329 -3218 -4590
227 -4880 5368 -741 8332 -3222 -4592
228 -4880 5372 -739 8334 -3221 -4593
229 -4879 5374 -739 8339 -3227 -4592
230 -4884 5368 -744 8339 -3224 -4591
231 -4885 5372 -742 8340 -3223 -4595
232 -4885 5373 -740 8337 -3221 -4592
233 -4888 5371 -740 8338 -3222 -4592
234 -4885 5373 -738 8338 -3226 -4588
235 -4880 5374 -739 8336 -3227 -4592
236 -4875 5374 -742 8331 -3227 -4589
237 -4877 5374 -741 8334 -3222 -4587
238 -4874 5373 -744 8331 -3218 -4587
239 -4875 5374 -740 8326 -3219 -4588
240 -4877 5372 -742 8332 -3221 -4589
241 -4872 5374 -744 8334 -3226 -4589
242 -4870 5373 -746 8335 -3232 -4590
243 -4877 5373 -746 8340 -3233 -4593
244 -4880 5374 -743 8336 -3228 -4588
245 -4881 5376 -741 8333 -3226 -4590
246 -4884 5372 -740 8328 -3220 -4588
247 -4878 5375 -741 8324 -3222 -4587
248 -4877 5374 -740 8325 -3218 -4589
249 -4874 5373 -738 8322 -3217 -4587
250 -4872 5373 -742 8328 -3217 -4587
251 -4879 5376 -735 8325 -3215 -4587
252 -4883 5376 -738 8334 -3222 -4590
253 -4885 5377 -738 8338 -3225 -4589
254 -4882 5374 -738 8337 -3230 -4592
255 -4882 5375 -741 8339 -3234 -4591
256 -4880 5377 -737 8338 -3234 -4587
257 -4880 5375 -741 8335 -3228 -4586
258 -4878 5376 -740 8334 -3223 -4588
259 -4879 5380 -736 8328 -3221 -4587
260 -4876 5376 -739 8328 -3224 -4589
261 -4872 5375 -737 8329 -3225 -4587
262 -4872 5376 -744 8328 -3230 -4587
263 -4868 5375 -739 8335 -3224 -4585
264 -4878 5376 -736 8337 -3226 -4587
265 -4881 5378 -739 8335 -3225 -4586
266 -4881 5376 -738 8338 -3226 -4589
267 -4878 5378 -739 8334 -3224 -4589
268 -4877 5376 -740 8333 -3225 -4586
269 -4875 5377 -737 8324 -3219 -4587
270 -4870 5376 -738 8318 -3214 -4586
271 -4873 5374 -736 8312 -3209 -4582
272 -4870 5377 -738 8312 -3209 -4581
273 -4871 5378 -736 8318 -3210 -4587
274 -4875 5375 -737 8332 -3222 -4585
275 -4876 5376 -736 8343 -3231 -4585
276 -4880 5378 -739 8351 -3235 -4588
277 -4883 5377 -737 8353 -3228 -4588
278 -4884 5380 -736 8344 -3226 -4587
279 -4879 5380 -736 8328 -3217 -4582
280 -4875 5378 -739 8317 -3218 -4584
281 -4866 5377 -739 8312 -3217 -4584
282 -4866 5376 -736 8317 -3218 -4587
283 -4874 5372 -740 8325 -3220 -4586
284 -4876 5377 -738 8329 -3221 -4586
285 -4880 5375 -739 8337 -3220 -4589
286 -4876 5378 -737 8334 -3224 -4587
287 -4878 5379 -738 8338 -3225 -4588
288 -4874 5377 -738 8338 -3227 -4589
289 -4876 5379 -738 8333 -3221 -4585
290 -4875 5378 -737 8322 -3217 -4583
291 -4868 5379 -739 8316 -3212 -4586
292 -4866 5376 -738 8305 -3209 -4585
293 -4867 5375 -738 8306 -3212 -4583
294 -4873 5377 -739 8317 -3216 -4584
295 -4871 5374 -740 8332 -3222 -4588
296 -4878 5379 -735 8337 -3227 -4587
297 -4879 5376 -741 8341 -3223 -4590
298 -4881 5377 -737 8334 -3220 -4585
299 -4879 5379 -739 8325 -3218 -4584
300 -4869 5378 -737 8316 -3212 -4585
301 -4869 5377 -737 8317 -3213 -4581
302 -4866 5378 -739 8325 -3221 -4585
303 -4872 5378 -737 8327 -3216 -4582
304 -4874 5378 -736 8324 -3216 -4585
305 -4870 5377 -739 8322 -3216 -4585
306 -4872 5378 -740 8323 -3218 -4585
307 -4874 5378 -741 8324 -3218 -4585
308 -4871 5378 -739 8323 -3217 -4589
309 -4871 5376 -742 8327 -3212 -4584
310 -4871 5375 -740 8320 -3216 -4588
311 -4868 5375 -741 8320 -3213 -4585
312 -4871 5374 -740 8318 -3215 -4586
313 -4865 5377 -738 8312 -3213 -4584
314 -4869 5375 -740 8318 -3212 -4584
315 -4870 5375 -738 8314 -3211 -4586
316 -4866 5376 -742 8316 -3215 -4586
317 -4872 5374 -742 8320 -3218 -4585
318 -4871 5375 -738 8324 -3219 -4589
319 -4869 5377 -739 8322 -3217 -4585
320 -4871 5376 -738 8323 -3218 -4588
321 -4869 5376 -740 8316 -3215 -4589
322 -4872 5376 -740 8315 -3213 -4588
323 -4869 5376 -738 8311 -3210 -4585
324 -4867 5375 -743 8312 -3214 -4585
325 -4866 5372 -741 8318 -3213 -4589
326 -4867 5373 -741 8317 -3213 -4585
327 -4866 5375 -739 8315 -3210 -4588
328 -4869 5374 -738 8316 -3211 -4589
329 -4868 5373 -738 8313 -3210 -4588
330 -4867 5371 -742 8311 -3210 -4587
331 -4867 5369 -743 8310 -3213 -4587
332 -4870 5373 -742 8310 -3212 -4589
333 -4869 5371 -742 8312 -3208 -4588
334 -4866 5372 -738 8314 -3209 -4589
335 -4869 5373 -738 8311 -3211 -4590
336 -4867 5371 -739 8311 -3209 -4587
337 -4868 5374 -741 8308 -3206 -4589
338 -4858 5374 -741 8307 -3208 -4590
339 -4866 5370 -741 8311 -3208 -4591
340 -4863 5370 -738 8312 -3211 -4589
341 -4866 5375 -741 8314 -3214 -4593
342 -4868 5374 -742 8315 -3209 -4590
343 -4870 5371 -743 8312 -3210 -4590
344 -4866 5373 -744 8309 -3210 -4593
345 -4866 5370 -743 8308 -3205 -4591
346 -4866 5371 -743 8307 -3203 -4590
347 -4864 5372 -741 8304 -3202 -4590
348 -4863 5369 -743 8307 -3204 -4591
349 -4862 5371 -742 8310 -3210 -4590
350 -4866 5372 -740 8310 -3208 -4590
351 -4864 5373 -744 8311 -3207 -4593
352 -4865 5367 -745 8305 -3206 -4592
353 -4864 5371 -742 8307 -3204 -4589
354 -4861 5368 -743 8309 -3204 -4590
355 -4861 5370 -744 8304 -3204 -4590
356 -4862 5371 -744 8306 -3206 -4593
357 -4863 5370 -745 8307 -3203 -4591
358 -4861 5372 -743 8301 -3204 -4592
359 -4862 5368 -742 8302 -3199 -4594
360 -4865 5367 -746 8305 -3202 -4592
361 -4866 5369 -741 8305 -3202 -4591
362 -4865 5370 -745 8308 -3205 -4592
363 -4863 5372 -744 8307 -3204 -4592
364 -4863 5369 -745 8306 -3205 -4594
365 -4859 5367 -744 8308 -3205 -4594
366 -4865 5367 -747 8307 -3204 -4593
367 -4863 5366 -744 8302 -3199 -4594
368 -4863 5365 -740 8301 -3200 -4593
369 -4861 5364 -746 8299 -3203 -4598
370 -4859 5367 -746 8306 -3205 -4596
371 -4856 5367 -748 8304 -3203 -4591
372 -4861 5366 -746 8307 -3205 -4594
373 -4862 5365 -744 8305 -3204 -4597
374 -4864 5364 -746 8304 -3201 -4594
375 -4858 5364 -746 8302 -3200 -4590
376 -4861 5364 -746 8303 -3203 -4596
377 -4860 5364 -746 8299 -3203 -4596
378 -4859 5364 -747 8300 -3200 -4595
379 -4859 5364 -743 8303 -3199 -4596
380 -4860 5369 -749 8299 -3199 -4597
381 -4863 5366 -750 8297 -3203 -4593
382 -4863 5360 -748 8299 -3203 -4598
383 -4863 5362 -747 8302 -3202 -4596
384 -4863 5363 -746 8300 -3205 -4598
385 -4864 5364 -751 8306 -3201 -4601
386 -4863 5366 -749 8304 -3202 -4599
387 -4861 5365 -748 8302 -3201 -4597
388 -4866 5365 -747 8300 -3197 -4597
389 -4860 5363 -747 8301 -3201 -4599
390 -4861 5362 -753 8304 -3198 -4599
391 -4863 5361 -748 8300 -3197 -4596
392 -4862 5359 -745 8299 -3200 -4599
393 -4860 5357 -751 8300 -3197 -4600
394 -4861 5365 -750 8298 -3197 -4599
395 -4860 5362 -750 8298 -3201 -4597
396 -4861 5357 -749 8302 -3195 -4600
397 -4863 5358 -749 8301 -3202 -4601
398 -4861 5363 -749 8298 -3198 -4600
399 -4863 5361 -752 8299 -3200 -4601
400 -4861 5360 -752 8297 -3199 -4599
401 -4857 5357 -752 8294 -3197 -4605
402 -4865 5361 -750 8303 -3196 -4602
403 -4862 5359 -750 8303 -3198 -4597
404 -4860 5360 -748 8302 -3196 -4599
405 -4860 5363 -749 8297 -3199 -4598
406 -4858 5362 -746 8298 -3196 -4600
407 -4861 5364 -750 8301 -3199 -4601
408 -4861 5362 -751 8303 -3200 -4602
409 -4866 5359 -753 8299 -3199 -4599
410 -4861 5358 -750 8299 -3194 -4602
411 -4860 5363 -749 8300 -3196 -4602
412 -4860 5361 -751 8298 -3195 -4601
413 -4862 5360 -748 8296 -3195 -4604
414 -4857 5362 -750 8296 -3197 -4601
415 -4862 5360 -752 8293 -3200 -4603
416 -4862 5359 -751 8298 -3198 -4599
417 -4858 5360 -751 8300 -3195 -4600
418 -4854 5361 -749 8300 -3200 -4598
419 -4861 5358 -749 8297 -3197 -4601
420 -4862 5361 -749 8299 -3196 -4603
421 -4862 5356 -751 8300 -3198 -4601
422 -4861 5361 -750 8301 -3198 -4601
423 -4858 5359 -750 8298 -3195 -4599
424 -4858 5359 -751 8296 -3195 -4601
425 -4862 5357 -753 8296 -3194 -4601
426 -4863 5356 -748 8299 -3195 -4600
427 -4859 5356 -750 8298 -3196 -4601
428 -4861 5357 -753 8301 -3195 -4601
429 -4862 5359 -752 8302 -3198 -4601
430 -4861 5357 -752 8303 -3199 -4605
431 -4865 5357 -752 8303 -3201 -4600
432 -4861 5361 -746 8302 -3197 -4600
433 -4861 5359 -752 8298 -3194 -4605
434 -4865 5359 -752 8300 -3197 -4601
435 -4860 5362 -749 8295 -3195 -4603
436 -4862 5356 -752 8298 -3197 -4599
437 -4859 5360 -752 8296 -3195 -4602
438 -4857 5360 -749 8302 -3198 -4603
439 -4864 5359 -750 8301 -3193 -4603
440 -4865 5358 -750 8302 -3194 -4602
441 -4862 5361 -745 8306 -3197 -4605
442 -4863 5360 -752 8302 -3199 -4605
443 -4861 5361 -751 8302 -3197 -4605
444 -4864 5359 -751 8298 -3195 -4602
445 -4860 5357 -752 8294 -3196 -4605
446 -4863 5355 -752 8295 -3192 -4604
447 -4862 5357 -753 8296 -3196 -4604
448 -4862 5358 -750 8299 -3193 -4605
449 -4860 5358 -748 8304 -3197 -4604
450 -4861 5360 -753 8305 -3196 -4607
451 -4862 5360 -753 8306 -3204 -4605
452 -4867 5356 -748 8309 -3200 -4602
453 -4866 5360 -748 8308 -3198 -4602
454 -4861 5360 -748 8302 -3197 -4604
455 -4861 5358 -749 8297 -3196 -4604
456 -4859 5360 -752 8297 -3198 -4602
457 -4861 5358 -750 8301 -3196 -4603
458 -4861 5358 -748 8304 -3198 -4603
459 -4864 5360 -749 8304 -3198 -4608
460 -4865 5359 -748 8305 -3198 -4605
461 -4860 5360 -752 8307 -3198 -4604
462 -4862 5358 -751 8301 -3198 -4598
463 -4863 5361 -752 8302 -3201 -4603
464 -4862 5360 -752 8303 -3199 -4601
465 -4861 5360 -751 8302 -3196 -4606
466 -4862 5359 -752 8304 -3197 -4604
467 -4863 5359 -754 8304 -3198 -4606
468 -4865 5357 -753 8306 -3199 -4605
469 -4868 5358 -750 8307 -3201 -4604
470 -4864 5358 -748 8304 -3199 -4602
471 -4863 5359 -753 8306 -3201 -4606
472 -4866 5354 -751 8304 -3201 -4606
473 -4867 5359 -748 8308 -3198 -4602
474 -4867 5361 -749 8306 -3201 -4604
475 -4870 5356 -753 8306 -3200 -4605
476 -4864 5357 -753 8305 -3201 -4607
477 -4865 5356 -752 8308 -3201 -4602
478 -4866 5358 -750 8308 -3198 -4606
479 -4866 5356 -751 8302 -3199 -4602
480 -4865 5357 -756 8310 -3199 -4601
481 -4863 5355 -748 8303 -3198 -4603
482 -4863 5358 -749 8305 -3198 -4608
483 -4864 5357 -750 8307 -3200 -4602
484 -4864 5358 -752 8306 -3203 -4605
485 -4862 5359 -755 8306 -3203 -4603
486 -4860 5356 -750 8308 -3198 -4603
487 -4863 5358 -749 8304 -3201 -4605
488 -4865 5360 -752 8305 -3198 -4601
489 -4863 5358 -748 8302 -3198 -4603
490 -4863 5358 -752 8302 -3199 -4602
491 -4862 5358 -753 8304 -3203 -4606
492 -4867 5355 -754 8310 -3201 -4605
493 -4869 5358 -751 8312 -3202 -4606
494 -4870 5357 -751 8314 -3204 -4607
495 -4867 5360 -750 8312 -3202 -4604
496 -4866 5359 -753 8308 -3204 -4603
497 -4868 5358 -748 8305 -3199 -4603
498 -4864 5358 -750 8306 -3199 -4602
499 -4867 5358 -750 8309 -3198 -4606
500 -4863 5358 -749 8310 -3200 -4603
501 -4869 5359 -752 8312 -3200 -4604
502 -4865 5359 -751 8308 -3199 -4603
503 -4866 5362 -748 8308 -3203 -4603
504 -4866 5362 -747 8305 -3199 -4605
505 -4865 5360 -749 8309 -3201 -4606
506 -4870 5357 -752 8310 -3205 -4604
507 -4869 5357 -752 8313 -3201 -4606
508 -4865 5360 -747 8309 -3204 -4603
509 -4866 5357 -752 8312 -3205 -4605
510 -4866 5357 -752 8309 -3203 -4600
511 -4865 5361 -749 8307 -3201 -4603
512 -4865 5356 -746 8309 -3200 -4605
513 -4862 5361 -748 8306 -3201 -4604
514 -4866 5359 -748 8314 -3201 -4603
515 -4864 5357 -750 8311 -3202 -4601
516 -4866 5359 -749 8309 -3203 -4603
517 -4867 5360 -747 8309 -3200 -4603
518 -4867 5359 -751 8306 -3201 -4606
519 -4868 5358 -748 8312 -3202 -4603
520 -4869 5360 -745 8309 -3200 -4604
521 -4866 5357 -752 8311 -3205 -4604
522 -4867 5361 -752 8310 -3204 -4605
523 -4865 5358 -750 8312 -3205 -4604
524 -4870 5355 -750 8308 -3202 -4602
525 -4869 5359 -751 8312 -3199 -4603
526 -4868 5361 -749 8306 -3199 -4605
527 -4868 5357 -752 8309 -3200 -4602
528 -4869 5359 -749 8310 -3204 -4604
529 -4865 5360 -749 8310 -3204 -4604
530 -4864 5359 -749 8310 -3203 -4607
531 -4870 5356 -750 8310 -3200 -4605
532 -4867 5360 -751 8307 -3203 -4604
533 -4872 5355 -752 8306 -3200 -4601
534 -4867 5357 -750 8309 -3200 -4603
535 -4866 5362 -751 8307 -3200 -4603
536 -4867 5360 -753 8312 -3203 -4604
537 -4868 5358 -748 8310 -3203 -4604
538 -4871 5357 -753 8313 -3200 -4606
539 -4869 5359 -750 8308 -3203 -4606
540 -4869 5362 -752 8306 -3204 -4603
541 -4866 5356 -750 8307 -3202 -4602
542 -4869 5358 -752 8308 -3202 -4604
543 -4865 5361 -750 8310 -3200 -4607
544 -4867 5362 -750 8306 -3205 -4604
545 -4870 5359 -747 8309 -3202 -4604
546 -4870 5359 -753 8304 -3200 -4605
547 -4865 5359 -752 8305 -3198 -4602
548 -4868 5362 -751 8309 -3201 -4607
549 -4867 5360 -752 8308 -3199 -4606
550 -4869 5357 -749 8306 -3204 -4604
551 -4865 5358 -750 8312 -3200 -4602
552 -4866 5355 -751 8313 -3200 -4605
553 -4863 5359 -747 8307 -3199 -4601
554 -4865 5359 -749 8307 -3201 -4604
555 -4868 5358 -750 8305 -3200 -4606
556 -4866 5358 -753 8307 -3198 -4605
557 -4867 5360 -750 8311 -3197 -4606
558 -4865 5360 -754 8307 -3205 -4603
559 -4867 5358 -754 8314 -3200 -4607
560 -4870 5356 -749 8308 -3201 -4605
561 -4863 5355 -753 8308 -3196 -4605
562 -4867 5360 -752 8309 -3198 -4604
563 -4866 5357 -752 8305 -3198 -4605
564 -4868 5355 -754 8311 -3200 -4602
565 -4863 5359 -750 8308 -3196 -4606
566 -4864 5358 -751 8306 -3199 -4606
567 -4865 5357 -749 8305 -3202 -4604
568 -4866 5356 -753 8305 -3201 -4606
569 -4868 5358 -752 8302 -3199 -4607
570 -4864 5356 -749 8303 -3200 -4606
571 -4865 5358 -751 8301 -3199 -4608
572 -4866 5354 -753 8304 -3197 -4606
573 -4862 5357 -753 8306 -3201 -4604
574 -4861 5357 -752 8310 -3200 -4609
575 -4861 5359 -749 8309 -3199 -4608
576 -4865 5355 -754 8306 -3195 -4606
577 -4862 5359 -750 8301 -3195 -4602
578 -4862 5354 -749 8303 -3196 -4604
579 -4863 5355 -752 8300 -3198 -4609
580 -4862 5354 -752 8302 -3197 -4604
581 -4861 5358 -752 8306 -3197 -4607
582 -4866 5352 -753 8304 -3202 -4607
583 -4864 5355 -754 8308 -3200 -4607
584 -4865 5356 -753 8306 -3200 -4606
585 -4864 5356 -752 8305 -3198 -4607
586 -4861 5354 -752 8300 -3194 -4607
587 -4863 5350 -753 8296 -3193 -4609
588 -4859 5353 -754 8299 -3191 -4609
589 -4860 5355 -753 8299 -3193 -4607
590 -4860 5352 -755 8298 -3198 -4610
591 -4864 5354 -754 8303 -3192 -4610
592 -4860 5352 -754 8304 -3195 -4608
593 -4864 5352 -751 8300 -3197 -4611
594 -4862 5354 -754 8300 -3196 -4610
595 -4861 5354 -754 8301 -3194 -4612
596 -4863 5354 -751 8301 -3192 -4610
597 -4861 5355 -750 8299 -3189 -4608
598 -4859 5353 -751 8296 -3188 -4608
599 -4861 5348 -754 8294 -3192 -4611
600 -4864 5348 -753 8298 -3191 -4612
601 -4863 5353 -753 8300 -3194 -4611
602 -4861 5349 -756 8299 -3193 -4613
603 -4858 5353 -756 8303 -3192 -4610
604 -4862 5350 -753 8300 -3191 -4608
605 -4860 5351 -758 8297 -3193 -4612
606 -4863 5347 -759 8293 -3190 -4615
607 -4858 5345 -759 8296 -3186 -4613
608 -4862 5350 -757 8294 -3190 -4618
609 -4860 5347 -760 8298 -3190 -4611
610 -4861 5351 -755 8294 -3194 -4610
611 -4859 5351 -755 8295 -3187 -4612
612 -4861 5349 -759 8297 -3189 -4618
613 -4858 5347 -759 8298 -3187 -4614
614 -4860 5349 -758 8293 -3189 -4615
615 -4861 5346 -758 8298 -3189 -4614
616 -4859 5347 -759 8291 -3189 -4615
617 -4856 5345 -756 8294 -3192 -4618
618 -4861 5343 -758 8294 -3188 -4617
619 -4859 5344 -756 8288 -3187 -4617
620 -4860 5346 -765 8290 -3185 -4619
621 -4861 5346 -759 8290 -3186 -4619
622 -4854 5346 -762 8292 -3181 -4617
623 -4861 5342 -762 8287 -3187 -4619
624 -4858 5345 -761 8292 -3188 -4615
625 -4861 5344 -758 8293 -3186 -4616
626 -4864 5343 -762 8295 -3185 -4618
627 -4862 5346 -761 8291 -3185 -4622
628 -4859 5340 -761 8290 -3184 -4620
629 -4860 5343 -762 8293 -3184 -4620
630 -4861 5342 -758 8289 -3183 -4618
631 -4858 5339 -764 8288 -3181 -4619
632 -4855 5342 -758 8290 -3183 -4620
633 -4860 5341 -764 8289 -3182 -4618
634 -4861 5341 -757 8291 -3181 -4622
635 -4860 5340 -766 8295 -3187 -4625
636 -4860 5341 -762 8292 -3188 -4622
637 -4860 5338 -764 8292 -3183 -4621
638 -4859 5339 -765 8291 -3182 -4622
639 -4860 5336 -762 8286 -3180 -4622
640 -4856 5336 -765 8286 -3179 -4624
641 -4854 5338 -767 8282 -3182 -4625
642 -4855 5338 -764 8284 -3178 -4628
643 -4858 5337 -767 8288 -3182 -4625
644 -4858 5335 -766 8290 -3184 -4625
645 -4860 5333 -764 8292 -3185 -4628
646 -4861 5335 -770 8289 -3181 -4625
647 -4861 5336 -765 8281 -3184 -4630
648 -4858 5331 -767 8284 -3181 -4629
649 -4853 5333 -768 8278 -3177 -4628
650 -4857 5332 -768 8284 -3178 -4629
651 -4859 5332 -769 8282 -3182 -4630
652 -4860 5333 -765 8286 -3183 -4630
653 -4859 5330 -767 8292 -3178 -4630
654 -4859 5334 -768 8294 -3185 -4630
655 -4862 5329 -768 8290 -3182 -4631
656 -4859 5329 -771 8292 -3178 -4635
657 -4863 5330 -767 8285 -3179 -4632
658 -4860 5329 -771 8282 -3178 -4632
659 -4853 5329 -769 8284 -3179 -4634
660 -4854 5326 -770 8283 -3177 -4629
661 -4856 5326 -773 8281 -3176 -4628
662 -4857 5330 -771 8286 -3178 -4631
663 -4858 5326 -772 8281 -3175 -4634
664 -4857 5327 -769 8288 -3179 -4634
665 -4856 5325 -768 8285 -3176 -4631
666 -4860 5326 -772 8290 -3176 -4637
667 -4859 5327 -768 8288 -3180 -4636
668 -4856 5327 -775 8285 -3178 -4640
669 -4861 5320 -774 8282 -3177 -4636
670 -4858 5325 -777 8278 -3177 -4638
671 -4858 5322 -774 8279 -3173 -4638
672 -4862 5321 -774 8283 -3177 -4636
673 -4860 5326 -775 8283 -3177 -4640
674 -4862 5320 -774 8285 -3178 -4638
675 -4860 5321 -776 8284 -3180 -4640
676 -4863 5323 -776 8290 -3179 -4646
677 -4859 5322 -774 8284 -3178 -4644
678 -4863 5319 -776 8282 -3178 -4641
679 -4858 5319 -779 8286 -3173 -4641
680 -4860 5320 -773 8285 -3174 -4642
681 -4859 5320 -776 8285 -3178 -4645
682 -4856 5324 -773 8288 -3175 -4645
683 -4858 5319 -772 8286 -3175 -4641
684 -4861 5312 -778 8283 -3173 -4641
685 -4861 5315 -780 8283 -3173 -4645
686 -4857 5316 -774 8284 -3175 -4645
687 -4861 5314 -779 8289 -3176 -4647
688 -4861 5311 -779 8286 -3176 -4649
689 -4857 5317 -780 8285 -3175 -4647
690 -4863 5315 -781 8283 -3176 -4643
691 -4861 5312 -782 8278 -3172 -4649
692 -4863 5312 -781 8279 -3169 -4648
693 -4857 5313 -779 8280 -3176 -4647
694 -4863 5310 -782 8282 -3174 -4648
695 -4861 5311 -780 8283 -3174 -4647
696 -4859 5314 -781 8287 -3179 -4654
697 -4866 5310 -782 8285 -3179 -4651
698 -4864 5310 -781 8290 -3175 -4652
699 -4857 5311 -783 8286 -3176 -4651
700 -4865 5310 -782 8284 -3172 -4653
701 -4862 5311 -781 8286 -3175 -4654
702 -4865 5308 -785 8283 -3172 -4652
703 -4863 5311 -783 8285 -3174 -4653
704 -4862 5306 -782 8283 -3172 -4653
705 -4863 5310 -788 8290 -3171 -4656
706 -4863 5302 -787 8284 -3173 -4658
707 -4862 5305 -785 8288 -3173 -4657
708 -4863 5307 -786 8288 -3175 -4659
709 -4866 5308 -784 8285 -3174 -4658
710 -4861 5306 -785 8288 -3175 -4660
711 -4865 5302 -786 8284 -3174 -4659
712 -4866 5303 -787 8287 -3172 -4657
713 -4863 5300 -787 8281 -3167 -4657
714 -4865 5303 -786 8283 -3169 -4659
715 -4861 5302 -790 8283 -3172 -4661
716 -4865 5300 -787 8283 -3170 -4659
717 -4867 5301 -788 8289 -3176 -4663
718 -4867 5305 -787 8291 -3177 -4663
719 -4867 5298 -788 8292 -3172 -4663
720 -4866 5302 -786 8288 -3176 -4661
721 -4866 5297 -790 8287 -3175 -4666
722 -4866 5300 -787 8289 -3172 -4664
723 -4870 5297 -792 8288 -3176 -4664
724 -4868 5298 -789 8292 -3174 -4664
725 -4868 5295 -790 8288 -3172 -4665
726 -4864 5294 -792 8289 -3173 -4664
727 -4868 5295 -790 8288 -3172 -4665
728 -4871 5297 -790 8287 -3176 -4668
729 -4869 5293 -793 8285 -3175 -4668
730 -4867 5294 -794 8290 -3171 -4669
731 -4868 5293 -791 8287 -3178 -4670
732 -4869 5295 -792 8292 -3175 -4673
733 -4868 5294 -789 8291 -3178 -4673
734 -4869 5296 -793 8293 -3175 -4670
735 -4869 5293 -792 8290 -3172 -4672
736 -4869 5296 -795 8288 -3176 -4670
737 -4871 5294 -793 8288 -3171 -4673
738 -4868 5293 -792 8290 -3174 -4674
739 -4869 5292 -794 8289 -3176 -4670
740 -4870 5292 -795 8289 -3174 -4670
741 -4871 5293 -793 8294 -3176 -4672
742 -4873 5288 -795 8293 -3173 -4674
743 -4871 5289 -792 8297 -3178 -4672
744 -4874 5288 -793 8299 -3174 -4674
745 -4876 5286 -794 8295 -3178 -4678
746 -4873 5288 -795 8297 -3179 -4678
747 -4872 5288 -798 8294 -3174 -4678
748 -4873 5285 -796 8293 -3175 -4677
749 -4874 5286 -794 8292 -3174 -4680
750 -4873 5285 -798 8291 -3169 -4679
751 -4873 5289 -798 8295 -3176 -4676
752 -4874 5288 -798 8296 -3174 -4678
753 -4877 5285 -796 8297 -3178 -4676
754 -4880 5287 -801 8301 -3180 -4680
755 -4878 5284 -802 8299 -3180 -4683
756 -4880 5285 -801 8297 -3178 -4680
757 -4878 5284 -796 8297 -3178 -4683
758 -4876 5286 -800 8294 -3175 -4681
759 -4875 5284 -798 8295 -3175 -4680
760 -4876 5283 -799 8297 -3175 -4680
761 -4877 5282 -801 8299 -3178 -4683
762 -4879 5281 -804 8299 -3177 -4683
763 -4879 5283 -799 8300 -3177 -4686
764 -4880 5281 -801 8300 -3176 -4682
765 -4879 5280 -801 8304 -3175 -4683
766 -4878 5284 -798 8306 -3181 -4686
767 -4883 5278 -801 8303 -3177 -4683
768 -4881 5280 -802 8305 -3178 -4683
769 -4885 5280 -802 8302 -3179 -4683
770 -4880 5281 -801 8300 -3177 -4686
771 -4877 5279 -801 8302 -3174 -4687
772 -4879 5279 -801 8295 -3176 -4688
773 -4878 5276 -802 8303 -3176 -4686
774 -4879 5277 -803 8299 -3178 -4684
775 -4882 5276 -802 8305 -3176 -4688
776 -4881 5280 -802 8308 -3182 -4683
777 -4883 5278 -805 8307 -3183 -4689
778 -4884 5276 -803 8307 -3179 -4691
779 -4882 5277 -805 8306 -3178 -4688
780 -4881 5278 -801 8303 -3178 -4687
781 -4883 5276 -803 8300 -3179 -4691
782 -4880 5275 -803 8302 -3182 -4691
783 -4881 5275 -808 8302 -3179 -4688
784 -4880 5276 -803 8306 -3181 -4688
785 -4880 5277 -803 8307 -3180 -4695
786 -4885 5272 -806 8312 -3180 -4694
787 -4887 5276 -802 8313 -3180 -4692
788 -4883 5277 -801 8311 -3177 -4692
789 -4884 5274 -804 8311 -3181 -4693
790 -4883 5273 -809 8306 -3181 -4694
791 -4886 5272 -805 8305 -3178 -4691
792 -4889 5273 -806 8306 -3180 -4690
793 -4886 5270 -804 8301 -3179 -4694
794 -4885 5274 -803 8304 -3181 -4692
795 -4881 5271 -804 8308 -3180 -4690
796 -4890 5272 -806 8309 -3180 -4691
797 -4890 5275 -806 8315 -3178 -4690
798 -4891 5274 -801 8314 -3184 -4695
799 -4886 5273 -805 8310 -3182 -4694
800 -4887 5276 -805 8308 -3182 -4695
801 -4888 5272 -806 8308 -3182 -4694
802 -4884 5273 -807 8306 -3178 -4694
803 -4885 5270 -806 8309 -3182 -4698
804 -4885 5272 -807 8307 -3181 -4691
805 -4885 5269 -805 8310 -3181 -4692
806 -4886 5268 -803 8307 -3183 -4699
807 -4890 5270 -804 8312 -3182 -4695
808 -4888 5271 -807 8316 -3182 -4698
809 -4890 5271 -804 8319 -3183 -4697
810 -4888 5267 -806 8313 -3182 -4694
811 -4888 5271 -809 8312 -3180 -4693
812 -4886 5271 -806 8310 -3181 -4695
813 -4891 5269 -808 8310 -3182 -4696
814 -4890 5270 -807 8310 -3182 -4699
815 -4888 5268 -806 8309 -3182 -4693
816 -4887 5272 -807 8311 -3182 -4692
817 -4888 5270 -805 8315 -3181 -4696
818 -4887 5267 -804 8310 -3184 -4699
819 -4891 5267 -812 8312 -3182 -4696
820 -4890 5267 -806 8316 -3185 -4698
821 -4890 5269 -807 8316 -3182 -4697
822 -4889 5266 -812 8313 -3183 -4699
823 -4893 5270 -810 8310 -3188 -4702
824 -4891 5266 -810 8313 -3178 -4696
825 -4890 5271 -810 8308 -3181 -4699
826 -4889 5267 -811 8309 -3184 -4697
827 -4888 5269 -809 8309 -3181 -4703
828 -4890 5268 -806 8313 -3181 -4698
829 -4890 5266 -812 8309 -3187 -4698
830 -4888 5269 -813 8318 -3183 -4699
831 -4890 5267 -809 8314 -3186 -4697
832 -4890 5269 -808 8316 -3184 -4701
833 -4895 5267 -812 8313 -3182 -4698
834 -4895 5264 -809 8315 -3181 -4699
835 -4892 5262 -810 8313 -3182 -4700
836 -4890 5265 -811 8314 -3183 -4698
837 -4892 5264 -814 8314 -3182 -4701
838 -4887 5265 -813 8315 -3185 -4700
839 -4890 5265 -810 8316 -3184 -4702
840 -4891 5266 -811 8316 -3184 -4696
841 -4895 5268 -807 8313 -3187 -4698
842 -4893 5265 -812 8313 -3183 -4704
843 -4889 5265 -810 8314 -3182 -4697
844 -4893 5266 -814 8318 -3184 -4699
845 -4888 5267 -808 8315 -3181 -4699
846 -4891 5269 -806 8316 -3185 -4698
847 -4892 5266 -809 8310 -3183 -4698
848 -4888 5264 -811 8311 -3185 -4698
849 -4890 5268 -810 8314 -3183 -4702
850 -4892 5267 -810 8317 -3184 -4702
851 -4894 5264 -811 8319 -3185 -4704
852 -4892 5267 -809 8312 -3184 -4699
853 -4893 5265 -808 8314 -3181 -4698
854 -4892 5266 -810 8315 -3185 -4701
855 -4890 5264 -811 8309 -3184 -4699
856 -4891 5266 -811 8315 -3183 -4704
857 -4892 5265 -810 8317 -3184 -4700
858 -4892 5264 -810 8316 -3179 -4698
859 -4890 5268 -806 8320 -3183 -4700
860 -4892 5267 -807 8314 -3183 -4702
861 -4895 5267 -808 8314 -3184 -4699
862 -4893 5267 -810 8314 -3185 -4702
863 -4887 5264 -814 8316 -3185 -4704
864 -4891 5265 -811 8314 -3183 -4700
865 -4891 5266 -810 8315 -3184 -4702
866 -4890 5267 -810 8314 -3181 -4698
867 -4890 5268 -811 8313 -3182 -4704
868 -4892 5263 -811 8314 -3183 -4701
869 -4891 5266 -812 8316 -3185 -4698
870 -4889 5265 -808 8316 -3185 -4700
871 -4891 5265 -810 8316 -3183 -4702
872 -4890 5266 -809 8310 -3178 -4701
873 -4889 5265 -811 8312 -3179 -4698
874 -4891 5262 -810 8310 -3183 -4700
875 -4890 5268 -805 8309 -3182 -4696
876 -4888 5263 -811 8311 -3180 -4700
877 -4893 5264 -809 8319 -3183 -4703
878 -4891 5266 -810 8313 -3188 -4701
879 -4893 5267 -808 8312 -3181 -4700
880 -4890 5267 -806 8313 -3181 -4701
881 -4892 5270 -814 8310 -3179 -4700
882 -4890 5266 -806 8315 -3184 -4703
883 -4887 5269 -811 8315 -3182 -4698
884 -4889 5264 -811 8311 -3184 -4703
885 -4889 5266 -810 8312 -3181 -4697
886 -4887 5267 -808 8310 -3180 -4702
887 -4888 5266 -806 8310 -3179 -4698
888 -4886 5264 -813 8310 -3181 -4699
889 -4889 5268 -810 8312 -3178 -4702
890 -4888 5266 -813 8314 -3184 -4702
891 -4889 5265 -809 8314 -3181 -4699
892 -4887 5266 -811 8312 -3180 -4697
893 -4888 5268 -808 8309 -3183 -4701
894 -4885 5266 -810 8309 -3178 -4701
895 -4891 5264 -806 8309 -3178 -4700
896 -4892 5265 -809 8311 -3182 -4700
897 -4892 5267 -812 8312 -3179 -4705
898 -4889 5263 -808 8309 -3176 -4701
899 -4884 5268 -810 8305 -3178 -4698
900 -4887 5271 -812 8313 -3180 -4700
901 -4888 5272 -809 8306 -3180 -4701
902 -4887 5269 -812 8306 -3180 -4700
903 -4890 5270 -810 8309 -3180 -4698
904 -4884 5265 -809 8311 -3177 -4698
905 -4888 5267 -813 8306 -3179 -4700
906 -4888 5263 -813 8307 -3180 -4701
907 -4890 5264 -809 8309 -3178 -4699
908 -4887 5269 -809 8308 -3177 -4700
909 -4887 5268 -810 8314 -3177 -4698
910 -4886 5269 -806 8310 -3179 -4699
911 -4888 5267 -811 8310 -3179 -4698
912 -4885 5266 -809 8309 -3178 -4701
913 -4886 5268 -809 8309 -3180 -4699
914 -4886 5266 -810 8305 -3182 -4701
915 -4887 5270 -811 8307 -3179 -4696
916 -4888 5268 -809 8304 -3180 -4698
917 -4885 5264 -811 8304 -3179 -4697
918 -4882 5268 -813 8303 -3179 -4700
919 -4887 5267 -808 8307 -3182 -4700
920 -4885 5266 -809 8312 -3177 -4700
921 -4882 5269 -809 8308 -3176 -4698
922 -4889 5263 -810 8308 -3181 -4700
923 -4881 5267 -812 8302 -3177 -4699
924 -4885 5267 -807 8302 -3175 -4700
925 -4883 5267 -811 8301 -3174 -4702
926 -4884 5264 -810 8301 -3177 -4700
927 -4884 5265 -809 8302 -3177 -4699
928 -4885 5265 -811 8306 -3176 -4701
929 -4882 5269 -810 8309 -3178 -4700
930 -4885 5267 -809 8307 -3179 -4699
931 -4885 5267 -808 8303 -3178 -4698
932 -4888 5268 -809 8306 -3179 -4698
933 -4888 5267 -809 8305 -3175 -4700
934 -4883 5264 -812 8303 -3174 -4697
935 -4884 5268 -812 8297 -3176 -4699
936 -4884 5267 -811 8304 -3173 -4698
937 -4881 5269 -808 8301 -3177 -4696
938 -4885 5269 -811 8305 -3171 -4696
939 -4886 5268 -810 8303 -3175 -4697
940 -4883 5265 -810 8308 -3174 -4700
941 -4883 5265 -808 8303 -3180 -4701
942 -4884 5266 -808 8305 -3180 -4698
943 -4883 5265 -809 8302 -3178 -4699
944 -4883 5271 -808 8296 -3175 -4696
945 -4883 5269 -814 8300 -3174 -4695
946 -4883 5268 -808 8302 -3174 -4696
947 -4879 5269 -810 8306 -3174 -4695
948 -4880 5268 -805 8305 -3176 -4700
949 -4880 5264 -805 8306 -3174 -4696
950 -4884 5266 -808 8307 -3179 -4700
951 -4884 5268 -808 8301 -3172 -4699
952 -4884 5268 -810 8302 -3171 -4694
953 -4885 5268 -808 8301 -3173 -4697
954 -4883 5269 -809 8303 -3173 -4698
955 -4880 5266 -811 8304 -3174 -4700
956 -4880 5269 -808 8304 -3177 -4698
957 -4881 5265 -808 8305 -3174 -4699
958 -4886 5265 -811 8301 -3176 -4701
959 -4882 5267 -810 8303 -3173 -4700
960 -4884 5266 -807 8301 -3172 -4699
961 -4885 5267 -810 8297 -3174 -4695
962 -4882 5268 -809 8301 -3176 -4699
963 -4882 5267 -811 8305 -3176 -4698
964 -4883 5266 -807 8301 -3171 -4695
965 -4881 5265 -810 8301 -3176 -4696
966 -4880 5269 -807 8302 -3173 -4697
967 -4884 5271 -808 8304 -3170 -4695
968 -4884 5266 -808 8306 -3176 -4699
969 -4883 5268 -809 8305 -3175 -4697
970 -4883 5267 -811 8301 -3176 -4698
971 -4882 5266 -808 8305 -3176 -4696
972 -4883 5266 -810 8304 -3174 -4698
973 -4886 5263 -810 8304 -3176 -4701
974 -4883 5267 -810 8305 -3172 -4700
975 -4883 5268 -808 8303 -3173 -4698
976 -4884 5265 -810 8304 -3174 -4696
977 -4883 5265 -811 8304 -3175 -4698
978 -4885 5266 -810 8303 -3176 -4700
979 -4886 5266 -811 8306 -3178 -4699
980 -4882 5268 -808 8301 -3176 -4701
981 -4883 5268 -809 8304 -3176 -4696
982 -4880 5267 -808 8310 -3178 -4701
983 -4883 5265 -809 8303 -3176 -4698
984 -4886 5266 -809 8306 -3169 -4695
985 -4883 5264 -808 8301 -3175 -4699
986 -4883 5264 -809 8302 -3176 -4702
987 -4883 5266 -810 8300 -3172 -4697
988 -4885 5268 -811 8304 -3173 -4699
989 -4884 5264 -813 8305 -3177 -4700
990 -4887 5262 -813 8310 -3177 -4700
991 -4886 5266 -809 8311 -3175 -4700
992 -4883 5268 -809 8307 -3176 -4700
993 -4887 5265 -807 8302 -3172 -4699
994 -4886 5266 -812 8304 -3174 -4701
995 -4887 5266 -812 8306 -3176 -4703
996 -4884 5268 -809 8303 -3176 -4698
997 -4886 5265 -811 8306 -3178 -4698
998 -4886 5267 -813 8308 -3177 -4700
999 -4885 5265 -809 8312 -3177 -4700
