0 -211 180 222 235 156 -7
1 -211 179 222 235 154 -10
2 -208 180 221 234 157 -9
3 -207 182 219 239 158 -12
4 -209 179 225 236 155 -9
5 -210 182 221 237 155 -9
6 -209 181 220 235 156 -10
7 -210 180 224 232 156 -8
8 -209 183 223 235 159 -8
9 -211 181 221 236 155 -12
10 -207 177 222 237 154 -7
11 -211 180 224 232 158 -12
12 -211 183 221 233 156 -11
13 -211 178 223 235 153 -12
14 -211 181 224 234 154 -10
15 -212 182 223 235 158 -12
16 -209 180 220 232 153 -11
17 -210 178 222 234 154 -11
18 -210 181 221 234 156 -10
19 -207 180 221 236 157 -9
20 -209 179 223 233 155 -9
21 -205 181 220 236 155 -9
22 -206 181 222 235 156 -8
23 -211 182 220 235 154 -12
24 -209 183 222 232 159 -8
25 -210 177 218 230 155 -9
26 -211 182 219 233 157 -7
27 -207 180 225 234 155 -10
28 -209 176 219 234 154 -9
29 -209 181 224 236 157 -15
30 -209 180 219 234 155 -9
31 -210 181 222 234 154 -13
32 -209 178 222 233 155 -7
33 -210 179 220 234 155 -11
34 -211 179 222 232 157 -11
35 -207 182 223 231 155 -8
36 -207 181 222 236 154 -10
37 -209 181 221 237 154 -12
38 -210 184 223 231 155 -12
39 -209 181 220 231 151 -12
40 -210 182 220 232 155 -10
41 -207 183 223 234 154 -9
42 -212 180 220 234 155 -10
43 -210 181 220 234 155 -9
44 -206 181 221 233 157 -10
45 -210 180 222 236 155 -10
46 -210 178 218 236 154 -10
47 -208 182 220 235 156 -12
48 -208 180 222 231 156 -13
49 -211 180 221 232 153 -10
50 -212 177 219 230 151 -10
51 -210 177 217 234 154 -9
52 -213 178 218 235 154 -9
53 -211 177 219 233 158 -8
54 -212 179 223 231 154 -9
55 -209 180 220 230 153 -10
56 -212 178 220 231 156 -12
57 -209 182 222 231 150 -10
58 -207 180 221 235 153 -10
59 -212 176 223 237 156 -11
60 -211 178 218 232 154 -11
61 -210 180 218 231 155 -11
62 -210 179 220 231 154 -13
63 -210 179 221 231 154 -12
64 -213 179 220 236 154 -12
65 -210 180 220 235 156 -11
66 -208 177 220 234 153 -12
67 -208 177 219 234 154 -12
68 -214 180 217 233 153 -10
69 -213 179 220 231 151 -10
70 -212 175 217 232 153 -11
71 -213 179 217 232 150 -11
72 -207 173 217 230 155 -11
73 -208 175 220 232 152 -12
74 -211 181 223 233 154 -10
75 -209 180 222 234 156 -10
76 -209 178 221 234 151 -11
77 -209 181 219 231 154 -12
78 -214 175 217 234 150 -13
79 -213 180 219 232 156 -11
80 -212 178 224 235 153 -11
81 -211 179 218 229 153 -11
82 -211 176 218 236 156 -11
83 -208 181 221 232 157 -13
84 -207 179 219 234 155 -11
85 -209 181 221 236 158 -11
86 -213 182 221 236 156 -9
87 -207 178 221 234 157 -9
88 -211 178 217 231 158 -11
89 -210 181 219 234 155 -12
90 -213 182 220 234 155 -13
91 -210 182 219 234 154 -10
92 -208 180 219 233 155 -12
93 -211 180 222 234 153 -9
94 -211 182 221 237 157 -12
95 -209 180 221 229 159 -13
96 -208 180 217 232 155 -12
97 -209 176 220 235 152 -11
98 -210 178 219 235 155 -9
99 -207 183 221 234 153 -11
100 -210 178 219 231 153 -13
101 -208 179 219 232 154 -10
102 -209 179 219 232 155 -10
103 -209 178 218 235 151 -10
104 -210 178 222 231 154 -12
105 -210 178 220 235 157 -12
106 -208 180 220 233 155 -10
107 -207 179 220 236 152 -13
108 -210 180 218 235 154 -12
109 -209 182 223 233 157 -12
110 -209 178 218 233 157 -11
111 -209 177 220 234 155 -9
112 -209 182 218 231 156 -7
113 -205 182 219 233 154 -12
114 -211 177 219 232 158 -9
115 -210 179 221 233 156 -12
116 -211 180 222 234 155 -10
117 -209 181 220 234 154 -14
118 -213 180 220 232 153 -10
119 -210 181 219 235 154 -13
120 -211 181 219 233 155 -12
121 -208 181 220 232 152 -11
122 -206 179 222 235 157 -11
123 -209 179 222 236 156 -6
124 -207 179 223 234 155 -9
125 -209 182 220 232 154 -7
126 -210 180 218 236 159 -9
127 -208 179 220 233 156 -8
128 -208 179 218 233 154 -5
129 -208 179 222 237 157 -14
130 -210 182 219 234 157 -12
131 -212 178 217 233 154 -13
132 -210 182 222 232 157 -10
133 -212 180 220 234 155 -14
134 -209 180 221 234 153 -10
135 -208 181 218 230 155 -13
136 -206 178 218 231 154 -12
137 -209 179 223 233 153 -8
138 -212 179 221 233 154 -10
139 -212 179 218 233 155 -16
140 -208 177 216 232 153 -12
141 -211 179 220 237 154 -10
142 -213 178 220 236 156 -12
143 -213 178 219 231 153 -11
144 -212 175 222 235 157 -13
145 -209 181 221 234 154 -9
146 -209 180 221 234 157 -9
147 -210 178 222 231 157 -10
148 -211 179 222 232 153 -12
149 -211 180 218 234 154 -12
150 -209 179 216 236 154 -7
151 -208 177 221 231 153 -10
152 -208 178 220 232 154 -9
153 -209 181 219 230 153 -13
154 -209 178 220 234 156 -11
155 -207 181 222 233 154 -12
156 -211 178 220 234 158 -10
157 -211 179 222 230 153 -11
158 -210 179 219 233 155 -11
159 -207 177 219 234 156 -12
160 -211 184 218 237 154 -11
161 -208 183 220 237 158 -10
162 -211 179 221 234 157 -12
163 -208 179 220 234 152 -12
164 -209 180 219 234 155 -12
165 -206 182 221 231 158 -12
166 -206 179 220 231 157 -11
167 -209 180 221 231 158 -9
168 -212 181 221 231 158 -9
169 -213 177 223 233 153 -9
170 -208 178 220 232 156 -13
171 -209 180 220 234 155 -9
172 -211 179 218 232 157 -10
173 -212 177 222 235 155 -8
174 -210 179 220 232 153 -11
175 -209 179 218 234 155 -13
176 -208 181 221 235 159 -6
177 -212 176 220 237 155 -11
178 -209 178 219 234 155 -16
179 -211 180 219 236 154 -13
180 -210 179 219 233 154 -8
181 -212 180 219 236 154 -13
182 -211 180 219 232 153 -12
183 -210 178 221 232 154 -10
184 -209 181 221 234 156 -11
185 -212 178 222 234 154 -11
186 -208 176 221 234 155 -11
187 -208 177 221 232 150 -10
188 -207 177 217 232 153 -13
189 -209 180 221 231 152 -12
190 -210 180 220 234 154 -10
191 -207 180 219 231 153 -13
192 -211 179 220 233 152 -14
193 -210 181 220 232 152 -11
194 -208 179 219 235 151 -13
195 -213 178 217 232 153 -10
196 -212 177 220 234 153 -11
197 -211 178 222 233 156 -11
198 -211 182 219 237 155 -8
199 -211 177 221 233 157 -12
200 -210 178 218 233 155 -9
201 -211 180 220 237 155 -13
202 -212 180 218 234 154 -11
203 -210 178 219 231 154 -12
204 -211 180 221 233 154 -12
205 -209 180 220 233 155 -11
206 -211 180 219 235 152 -12
207 -208 179 227 233 154 -12
208 -209 178 220 232 155 -12
209 -205 182 222 232 152 -14
210 -211 177 217 233 155 -9
211 -210 177 221 230 156 -12
212 -211 183 218 233 152 -13
213 -209 182 219 233 153 -12
214 -211 178 220 232 155 -10
215 -208 181 221 232 154 -10
216 -210 179 221 234 157 -12
217 -212 179 218 232 159 -8
218 -210 178 219 233 154 -11
219 -214 176 220 234 152 -11
220 -211 178 219 234 154 -12
221 -208 179 220 235 154 -12
222 -207 178 223 234 155 -9
223 -208 178 221 230 153 -10
224 -211 177 219 232 156 -11
225 -208 177 218 238 155 -8
226 -210 180 220 232 156 -10
227 -212 175 219 233 156 -7
228 -211 182 221 235 157 -11
229 -208 177 220 234 156 -10
230 -210 178 223 237 156 -12
231 -210 179 221 232 155 -13
232 -211 181 220 233 156 -10
233 -214 176 219 232 155 -10
234 -210 178 221 235 153 -10
235 -211 180 220 231 156 -10
236 -213 176 218 235 155 -10
237 -210 173 222 231 153 -12
238 -214 180 220 233 154 -12
239 -210 177 223 235 153 -12
240 -211 180 222 233 154 -12
241 -209 178 220 232 153 -13
242 -211 179 218 229 151 -13
243 -209 176 219 231 152 -13
244 -210 181 217 233 155 -10
245 -209 179 219 234 155 -9
246 -211 176 217 232 157 -9
247 -208 180 219 232 155 -10
248 -210 177 221 234 158 -11
249 -207 180 224 230 156 -14
250 -211 179 219 231 154 -11
251 -209 177 218 230 152 -13
252 -210 180 220 237 156 -9
253 -205 182 221 231 155 -11
254 -210 180 220 229 155 -6
255 -210 180 219 235 155 -9
256 -212 175 217 232 154 -11
257 -211 179 217 231 155 -10
258 -209 179 218 235 154 -12
259 -210 176 219 232 152 -13
260 -211 176 218 236 153 -14
261 -214 175 218 236 153 -14
262 -211 180 223 231 155 -11
263 -209 179 219 236 156 -11
264 -211 179 219 230 151 -10
265 -210 178 220 230 157 -12
266 -208 181 218 230 155 -10
267 -209 179 220 229 154 -13
268 -210 175 218 232 154 -8
269 -211 180 218 234 152 -9
270 -212 180 220 229 158 -9
271 -209 182 219 231 153 -13
272 -209 177 220 230 154 -12
273 -208 180 220 230 155 -11
274 -208 179 220 230 154 -13
275 -211 177 217 234 157 -9
276 -209 182 221 230 152 -14
277 -214 176 216 235 153 -10
278 -209 178 218 233 156 -11
279 -209 179 222 233 156 -13
280 -210 176 221 232 153 -13
281 -214 178 219 231 155 -14
282 -211 180 218 231 157 -13
283 -212 176 219 235 158 -10
284 -211 178 218 235 156 -13
285 -208 176 218 230 154 -9
286 -212 179 220 231 154 -12
287 -212 180 218 232 155 -12
288 -211 175 220 233 154 -11
289 -211 177 219 234 154 -13
290 -211 176 219 235 155 -11
291 -211 177 217 233 152 -11
292 -210 180 220 235 157 -10
293 -208 179 220 233 155 -8
294 -210 175 221 231 153 -13
295 -209 180 219 234 155 -10
296 -210 179 219 233 158 -13
297 -209 180 220 232 156 -13
298 -211 176 218 235 158 -10
299 -210 177 217 235 158 -10
300 -209 180 218 231 153 -11
301 -211 178 218 233 152 -12
302 -211 179 220 234 156 -11
303 -207 180 221 233 155 -12
304 -213 178 220 236 159 -9
305 -212 178 220 231 153 -11
306 -208 179 219 233 154 -13
307 -212 180 218 234 153 -10
308 -212 178 218 230 153 -9
309 -211 175 221 234 156 -11
310 -213 176 218 236 156 -14
311 -211 182 219 235 156 -10
312 -213 179 218 233 153 -12
313 -212 176 218 234 155 -10
314 -211 180 220 234 155 -11
315 -206 180 220 230 155 -11
316 -207 179 219 234 158 -10
317 -213 180 220 234 156 -12
318 -212 173 219 232 155 -8
319 -213 174 221 231 156 -14
320 -211 179 219 235 153 -10
321 -210 179 220 235 156 -14
322 -212 179 221 232 155 -14
323 -211 178 220 227 152 -11
324 -210 177 218 234 150 -11
325 -211 176 215 233 156 -14
326 -210 179 214 234 150 -14
327 -213 180 220 233 153 -15
328 -212 180 220 234 155 -12
329 -213 179 221 231 154 -10
330 -211 181 221 234 153 -11
331 -209 181 218 234 158 -8
332 -211 181 219 231 154 -12
333 -210 178 217 233 156 -13
334 -214 178 222 234 153 -9
335 -211 178 220 232 157 -8
336 -212 179 220 231 156 -11
337 -209 179 221 234 154 -11
338 -208 180 223 230 155 -12
339 -211 180 220 231 155 -12
340 -212 177 220 232 154 -8
341 -210 178 219 230 153 -11
342 -211 177 220 233 153 -10
343 -211 180 217 229 154 -13
344 -210 178 220 236 155 -10
345 -213 176 215 233 154 -15
346 -211 178 219 235 153 -10
347 -208 178 220 232 155 -11
348 -210 177 219 230 151 -13
349 -211 177 223 234 151 -15
350 -211 180 218 232 154 -14
351 -211 181 214 233 154 -14
352 -211 181 222 233 156 -10
353 -208 176 220 236 158 -9
354 -211 181 219 231 151 -13
355 -207 177 217 233 152 -15
356 -212 176 219 230 155 -14
357 -209 177 219 233 157 -9
358 -209 178 221 233 154 -14
359 -211 180 216 232 155 -14
360 -210 183 218 229 152 -15
361 -212 175 217 233 153 -13
362 -213 179 217 233 153 -15
363 -211 177 218 231 155 -8
364 -206 177 225 231 154 -12
365 -213 179 218 231 151 -13
366 -212 179 220 232 155 -13
367 -213 180 220 230 152 -12
368 -213 178 218 233 152 -10
369 -213 180 221 235 154 -14
370 -210 179 219 234 153 -10
371 -209 177 216 234 157 -12
372 -212 178 219 232 153 -10
373 -210 178 218 233 150 -14
374 -211 178 215 234 153 -10
375 -209 180 218 232 154 -12
376 -214 179 218 234 153 -15
377 -209 178 219 234 151 -9
378 -209 178 222 234 155 -12
379 -211 179 219 235 153 -11
380 -213 177 220 233 154 -12
381 -209 180 224 233 153 -10
382 -213 176 220 234 153 -11
383 -210 181 223 233 153 -13
384 -212 178 221 232 154 -14
385 -211 182 219 231 153 -12
386 -210 180 219 236 155 -9
387 -210 180 223 234 152 -13
388 -209 179 218 230 153 -12
389 -211 177 217 233 155 -14
390 -211 179 220 232 152 -10
391 -210 180 222 231 153 -13
392 -212 181 222 233 154 -11
393 -209 182 222 229 156 -10
394 -211 182 218 236 155 -11
395 -209 179 222 235 156 -11
396 -209 181 216 234 151 -11
397 -212 177 219 233 155 -11
398 -211 175 216 233 155 -12
399 -213 180 219 233 153 -16
400 -213 174 219 230 151 -12
401 -211 177 217 235 152 -14
402 -207 179 217 234 152 -12
403 -210 177 219 230 152 -12
404 -210 179 221 234 155 -11
405 -214 179 219 231 151 -13
406 -211 177 219 230 155 -13
407 -212 175 217 232 152 -14
408 -211 176 219 232 153 -15
409 -211 177 220 232 155 -12
410 -209 179 219 234 156 -12
411 -210 181 218 232 154 -13
412 -209 175 219 232 156 -10
413 -211 179 218 236 152 -14
414 -210 181 218 234 154 -8
415 -208 182 220 235 154 -12
416 -206 179 220 229 155 -13
417 -210 179 218 230 155 -10
418 -212 179 220 232 154 -12
419 -210 180 222 233 157 -13
420 -211 178 219 233 156 -13
421 -209 179 219 231 152 -13
422 -210 178 219 231 152 -15
423 -210 180 221 231 154 -14
424 -208 179 222 234 156 -12
425 -211 178 219 231 152 -11
426 -212 182 220 233 156 -9
427 -211 178 219 231 155 -10
428 -211 176 220 235 155 -9
429 -208 183 220 233 154 -10
430 -210 177 218 235 154 -8
431 -206 177 220 232 157 -11
432 -207 178 217 235 152 -11
433 -210 180 220 235 153 -8
434 -211 180 219 236 156 -12
435 -209 179 219 231 156 -11
436 -208 181 220 234 156 -11
437 -209 179 221 235 155 -13
438 -213 178 222 232 154 -11
439 -212 177 218 229 154 -13
440 -213 178 216 231 153 -13
441 -212 181 217 229 156 -11
442 -210 174 218 232 154 -11
443 -212 175 218 229 158 -11
444 -208 177 220 230 154 -11
445 -211 176 220 227 153 -13
446 -209 177 221 234 151 -12
447 -211 177 220 232 152 -12
448 -209 177 217 233 157 -11
449 -208 178 219 231 154 -16
450 -207 180 223 235 156 -13
451 -213 177 218 235 154 -10
452 -211 177 219 236 154 -9
453 -210 179 219 228 150 -12
454 -211 177 216 235 153 -11
455 -211 181 217 231 154 -10
456 -211 178 219 229 155 -13
457 -211 177 222 231 153 -12
458 -208 180 217 230 155 -14
459 -212 175 218 235 152 -13
460 -212 179 220 235 154 -11
461 -207 179 219 232 157 -12
462 -211 180 219 234 154 -12
463 -214 184 220 234 156 -12
464 -209 181 220 231 155 -9
465 -208 179 218 235 153 -13
466 -211 180 219 235 153 -12
467 -209 176 224 232 151 -12
468 -209 177 219 235 155 -12
469 -209 179 216 228 154 -13
470 -211 180 219 234 154 -8
471 -213 179 220 236 153 -10
472 -209 180 219 234 156 -8
473 -213 176 221 234 156 -8
474 -213 180 219 233 154 -14
475 -212 179 220 231 153 -13
476 -208 178 219 233 155 -15
477 -210 182 220 232 153 -10
478 -211 175 217 229 152 -12
479 -210 177 219 235 155 -10
480 -210 180 221 234 156 -13
481 -210 180 221 232 153 -11
482 -210 177 221 238 153 -10
483 -207 182 219 231 152 -14
484 -211 180 219 235 155 -12
485 -213 178 218 233 155 -11
486 -212 177 216 231 152 -12
487 -214 176 217 229 153 -14
488 -213 178 218 233 153 -9
489 -210 179 219 232 153 -14
490 -209 179 217 232 152 -15
491 -210 176 222 232 153 -12
492 -215 176 218 232 154 -13
493 -210 176 217 232 152 -13
494 -212 176 217 232 155 -15
495 -209 179 221 233 152 -12
496 -215 179 220 232 151 -16
497 -214 177 219 229 154 -12
498 -211 180 221 232 152 -11
499 -213 180 221 232 151 -10
500 -210 181 221 234 154 -13
501 -214 179 218 232 152 -11
502 -211 176 216 234 154 -12
503 -211 176 217 232 154 -11
504 -211 176 218 229 154 -11
505 -212 179 222 230 154 -14
506 -209 179 221 233 156 -10
507 -213 177 216 231 154 -13
508 -212 177 216 231 154 -14
509 -212 177 219 229 152 -12
510 -209 177 220 231 155 -13
511 -212 178 215 232 154 -9
512 -210 179 219 233 153 -14
513 -211 178 221 232 154 -11
514 -209 180 219 232 158 -11
515 -212 182 218 235 154 -11
516 -210 179 221 232 152 -14
517 -211 179 217 235 154 -9
518 -210 182 220 234 154 -14
519 -212 178 220 233 152 -10
520 -210 178 221 234 155 -11
521 -210 177 215 234 154 -14
522 -210 177 218 231 154 -12
523 -211 178 218 234 150 -12
524 -213 179 219 231 155 -12
525 -209 181 218 233 152 -11
526 -211 176 219 232 155 -12
527 -214 178 216 234 153 -12
528 -209 178 221 231 155 -10
529 -209 180 219 232 154 -13
530 -211 178 216 232 152 -12
531 -211 178 219 231 155 -11
532 -207 177 223 231 158 -12
533 -213 179 219 231 156 -11
534 -213 177 220 230 156 -11
535 -208 176 217 234 152 -13
536 -212 182 218 230 154 -13
537 -209 178 216 235 157 -12
538 -209 176 216 233 155 -13
539 -212 182 218 232 156 -10
540 -207 177 219 233 157 -11
541 -210 180 218 232 155 -13
542 -213 176 216 233 157 -9
543 -212 178 219 234 152 -11
544 -213 176 222 233 152 -11
545 -214 179 217 232 153 -11
546 -209 182 220 233 156 -8
547 -209 178 222 234 156 -9
548 -210 183 222 229 153 -12
549 -211 177 217 232 154 -14
550 -210 178 218 235 154 -11
551 -211 178 220 234 154 -12
552 -211 175 219 233 152 -13
553 -213 177 217 232 152 -13
554 -211 177 216 233 152 -13
555 -212 178 219 233 156 -11
556 -214 178 217 231 153 -11
557 -209 179 218 232 155 -12
558 -214 175 218 231 153 -13
559 -210 179 219 233 152 -13
560 -207 182 217 236 154 -7
561 -211 177 221 233 151 -12
562 -211 176 219 232 157 -13
563 -207 180 217 232 151 -11
564 -212 176 218 228 156 -12
565 -209 180 219 233 155 -11
566 -211 181 222 232 155 -11
567 -211 180 218 231 151 -14
568 -214 181 220 229 155 -12
569 -211 176 218 235 153 -10
570 -210 178 218 230 152 -12
571 -209 180 217 236 157 -10
572 -211 179 221 232 156 -14
573 -212 179 219 232 155 -13
574 -208 175 219 232 154 -12
575 -206 178 217 233 153 -13
576 -211 177 216 232 154 -12
577 -213 177 221 233 154 -12
578 -213 177 220 234 155 -11
579 -213 177 218 233 153 -12
580 -215 179 217 230 152 -11
581 -211 176 220 232 154 -15
582 -212 179 222 232 156 -13
583 -208 177 218 231 154 -9
584 -210 176 219 236 151 -13
585 -208 179 217 232 153 -9
586 -213 179 221 232 152 -10
587 -212 176 218 234 154 -12
588 -208 176 220 229 153 -11
589 -212 178 222 234 152 -12
590 -208 177 219 235 156 -12
591 -212 179 221 236 157 -12
592 -210 177 220 236 153 -13
593 -209 180 219 231 157 -12
594 -210 182 221 234 153 -13
595 -210 180 218 233 154 -9
596 -208 181 222 229 153 -13
597 -211 178 219 236 153 -12
598 -209 182 219 234 154 -14
599 -213 180 220 233 155 -10
600 -208 180 219 228 151 -14
601 -210 179 217 232 154 -10
602 -206 179 220 232 154 -14
603 -213 177 219 236 154 -11
604 -211 178 216 235 155 -10
605 -213 178 220 233 155 -12
606 -209 181 221 229 159 -11
607 -212 179 221 232 154 -10
608 -204 183 221 233 153 -8
609 -212 179 222 233 157 -11
610 -210 179 217 232 152 -11
611 -210 181 221 232 156 -14
612 -213 180 218 229 154 -13
613 -210 180 219 234 155 -15
614 -208 178 217 236 157 -13
615 -211 178 219 234 154 -12
616 -209 177 222 234 153 -10
617 -210 178 218 233 154 -12
618 -210 176 219 232 156 -13
619 -211 181 219 234 155 -12
620 -212 178 219 237 154 -12
621 -212 179 222 233 152 -14
622 -211 180 222 236 158 -11
623 -212 180 221 235 154 -15
624 -208 182 220 232 155 -12
625 -211 181 221 236 156 -8
626 -210 181 222 230 155 -13
627 -213 180 219 233 155 -12
628 -207 177 216 234 155 -10
629 -209 179 219 231 151 -9
630 -212 178 219 232 155 -11
631 -209 176 219 232 156 -13
632 -210 181 220 233 153 -10
633 -212 179 220 233 157 -15
634 -212 181 220 235 155 -9
635 -208 178 220 233 158 -10
636 -209 181 220 234 155 -12
637 -212 181 219 235 156 -11
638 -211 176 217 232 156 -11
639 -211 178 218 233 154 -14
640 -209 175 217 232 150 -14
641 -210 178 223 233 155 -13
642 -214 179 217 239 154 -10
643 -210 179 220 235 155 -10
644 -209 179 219 235 155 -13
645 -211 178 220 233 152 -11
646 -211 178 219 234 154 -10
647 -210 178 219 233 151 -10
648 -211 176 220 233 156 -10
649 -209 176 220 234 155 -13
650 -210 180 219 235 155 -12
651 -215 178 221 234 153 -11
652 -208 179 221 234 158 -11
653 -212 178 216 232 155 -12
654 -209 179 221 234 155 -13
655 -208 177 217 231 154 -12
656 -211 175 217 232 152 -9
657 -212 180 218 235 153 -14
658 -210 177 219 235 157 -11
659 -212 177 220 233 152 -13
660 -211 179 217 233 152 -11
661 -214 182 219 233 156 -10
662 -210 180 218 231 154 -12
663 -209 177 219 231 153 -12
664 -212 177 218 230 156 -13
665 -212 177 218 231 155 -8
666 -209 179 220 232 155 -11
667 -211 176 216 234 155 -14
668 -212 180 218 234 154 -12
669 -214 178 218 232 153 -15
670 -213 179 216 234 154 -11
671 -206 175 219 232 154 -12
672 -209 179 218 234 155 -13
673 -211 180 219 232 151 -13
674 -213 178 218 238 155 -12
675 -210 181 219 233 153 -14
676 -207 180 221 235 157 -14
677 -211 180 219 234 156 -8
678 -210 179 221 232 155 -12
679 -210 178 220 232 156 -9
680 -210 178 220 233 151 -11
681 -210 178 216 231 154 -11
682 -212 178 219 235 154 -10
683 -210 176 217 232 153 -12
684 -209 179 219 232 155 -13
685 -213 177 219 230 152 -8
686 -210 179 218 233 154 -10
687 -210 177 221 234 154 -14
688 -206 178 219 234 155 -10
689 -214 178 218 231 155 -12
690 -213 182 220 235 151 -12
691 -209 178 217 234 156 -9
692 -212 176 221 233 153 -11
693 -210 178 219 231 154 -14
694 -209 177 218 233 156 -8
695 -209 178 218 231 157 -14
696 -212 177 218 232 155 -12
697 -208 177 221 232 156 -12
698 -212 179 220 234 158 -10
699 -213 175 216 233 153 -13
700 -212 178 219 233 153 -13
701 -213 176 219 236 156 -12
702 -214 178 218 234 155 -11
703 -210 180 220 234 153 -15
704 -213 180 218 233 157 -12
705 -212 176 220 235 156 -12
706 -213 177 223 232 155 -12
707 -210 177 220 235 154 -13
708 -213 179 219 234 156 -15
709 -207 179 220 232 156 -13
710 -212 176 219 233 154 -13
711 -213 176 220 233 154 -10
712 -212 177 218 232 154 -11
713 -212 180 218 233 155 -12
714 -210 178 219 234 153 -10
715 -212 178 217 235 157 -10
716 -210 179 222 233 151 -13
717 -212 177 220 231 155 -11
718 -212 179 217 233 153 -11
719 -212 180 221 233 156 -11
720 -211 177 218 233 156 -12
721 -213 180 219 232 156 -11
722 -213 178 218 231 157 -14
723 -210 180 219 230 154 -11
724 -210 177 218 232 156 -13
725 -211 178 217 237 158 -10
726 -209 183 218 235 153 -14
727 -212 180 222 231 154 -10
728 -213 179 217 232 152 -11
729 -214 178 219 233 154 -14
730 -211 176 219 236 156 -14
731 -212 179 220 234 152 -11
732 -210 179 218 234 152 -12
733 -211 177 222 233 153 -9
734 -209 180 218 235 154 -13
735 -214 180 224 229 153 -10
736 -209 179 221 234 155 -11
737 -210 174 221 233 155 -13
738 -211 180 222 234 154 -13
739 -212 177 219 233 150 -16
740 -209 177 219 234 156 -10
741 -210 179 218 232 152 -9
742 -208 179 222 232 153 -12
743 -210 175 219 229 152 -12
744 -213 177 216 230 153 -14
745 -210 179 219 233 155 -14
746 -209 179 219 232 154 -12
747 -208 179 219 233 154 -10
748 -207 178 219 235 151 -14
749 -214 178 218 231 151 -12
750 -211 177 221 232 152 -13
751 -211 176 216 232 152 -14
752 -216 179 217 235 153 -13
753 -211 178 218 232 155 -13
754 -210 178 217 230 154 -12
755 -212 175 217 232 153 -10
756 -213 178 218 235 153 -9
757 -209 179 217 233 154 -15
758 -212 179 218 233 154 -14
759 -210 177 220 232 155 -10
760 -209 179 219 237 155 -10
761 -212 180 220 236 155 -9
762 -208 180 222 232 156 -13
763 -210 183 222 232 153 -13
764 -210 181 215 233 150 -11
765 -206 178 220 234 155 -9
766 -212 178 222 235 155 -12
767 -210 181 221 232 152 -10
768 -212 176 219 229 155 -10
769 -210 176 216 234 155 -12
770 -210 178 218 234 155 -12
771 -209 179 222 232 155 -12
772 -213 177 217 232 153 -14
773 -210 174 221 234 156 -14
774 -210 178 217 233 154 -12
775 -210 179 219 231 152 -12
776 -208 177 218 233 151 -11
777 -212 179 220 233 157 -12
778 -214 178 217 229 155 -14
779 -212 174 218 231 152 -12
780 -211 181 220 232 155 -9
781 -211 178 222 233 154 -13
782 -203 178 222 235 157 -10
783 -207 177 219 232 156 -16
784 -210 180 218 232 156 -15
785 -206 180 217 233 154 -8
786 -207 178 220 230 154 -12
787 -208 181 220 235 154 -10
788 -211 178 218 238 158 -10
789 -209 178 221 236 154 -11
790 -210 181 222 236 159 -10
791 -208 179 219 236 158 -8
792 -208 178 220 236 151 -11
793 -208 180 218 235 157 -11
794 -210 182 219 235 152 -11
795 -208 181 220 235 160 -12
796 -209 182 221 235 154 -11
797 -211 177 218 237 155 -10
798 -211 181 223 233 157 -13
799 -209 177 221 233 155 -10
800 -208 180 221 232 154 -12
801 -211 180 218 232 153 -14
802 -210 180 219 232 154 -7
803 -208 181 219 231 159 -9
804 -212 182 223 233 154 -11
805 -208 181 222 234 155 -17
806 -209 178 220 231 153 -11
807 -211 182 220 234 154 -11
808 -211 179 219 234 152 -11
809 -213 177 221 236 156 -11
810 -209 181 223 238 157 -7
811 -210 177 222 234 155 -10
812 -212 182 220 234 151 -10
813 -210 181 218 233 151 -12
814 -212 181 218 230 153 -12
815 -210 174 216 234 153 -14
816 -212 179 217 233 158 -14
817 -207 180 219 233 154 -12
818 -208 181 220 235 159 -11
819 -213 177 217 234 152 -15
820 -213 179 214 236 155 -9
821 -211 179 217 232 155 -11
822 -211 179 219 232 157 -11
823 -212 177 219 236 155 -12
824 -212 181 219 234 155 -13
825 -213 178 217 231 152 -12
826 -210 178 222 231 154 -11
827 -211 178 218 232 158 -10
828 -207 178 222 236 156 -14
829 -212 181 224 234 154 -14
830 -211 180 221 232 151 -13
831 -211 177 218 229 153 -12
832 -209 179 219 235 154 -6
833 -211 179 217 231 156 -10
834 -207 179 220 236 154 -10
835 -212 179 218 235 157 -12
836 -208 180 219 234 153 -11
837 -207 176 220 235 156 -10
838 -207 182 220 232 157 -16
839 -209 179 221 235 153 -13
840 -211 177 219 234 153 -11
841 -208 179 218 234 156 -11
842 -213 178 219 230 154 -15
843 -208 179 220 232 155 -9
844 -211 180 222 232 153 -13
845 -211 178 217 230 157 -13
846 -212 177 220 233 158 -11
847 -208 181 220 236 157 -10
848 -209 178 222 232 154 -11
849 -211 180 221 234 156 -10
850 -213 176 219 234 152 -11
851 -214 180 220 233 155 -12
852 -208 179 221 233 154 -12
853 -209 183 223 235 154 -6
854 -213 180 218 233 154 -14
855 -211 179 217 233 153 -11
856 -210 179 223 234 152 -9
857 -211 178 221 234 157 -11
858 -207 179 221 233 154 -10
859 -209 176 220 235 156 -11
860 -206 181 222 235 157 -10
861 -211 175 220 234 157 -6
862 -209 178 218 235 157 -10
863 -207 179 220 236 153 -8
864 -208 180 220 237 155 -11
865 -208 183 222 234 157 -12
866 -206 182 222 238 155 -9
867 -210 180 224 234 154 -12
868 -209 181 220 231 158 -12
869 -212 183 217 233 153 -9
870 -209 179 223 236 155 -15
871 -211 180 218 234 156 -10
872 -209 181 220 237 155 -11
873 -207 181 219 231 155 -12
874 -213 179 219 234 156 -12
875 -206 181 218 235 155 -12
876 -210 178 217 237 156 -10
877 -210 178 224 237 158 -10
878 -208 182 220 234 158 -12
879 -213 181 221 237 157 -11
880 -209 177 222 234 157 -10
881 -207 183 223 232 152 -8
882 -209 178 219 234 155 -8
883 -208 182 219 236 158 -11
884 -209 181 221 236 156 -11
885 -211 183 218 237 158 -9
886 -209 179 224 238 159 -11
887 -209 179 220 238 158 -10
888 -207 183 221 234 156 -9
889 -210 180 221 234 157 -11
890 -210 180 219 234 153 -10
891 -207 179 220 235 155 -8
892 -209 180 220 233 155 -9
893 -211 179 222 237 157 -11
894 -208 180 220 236 156 -9
895 -210 178 221 239 154 -8
896 -210 180 220 233 155 -12
897 -207 179 220 234 160 -8
898 -207 181 224 234 155 -12
899 -208 180 221 234 157 -13
900 -208 181 223 236 160 -10
901 -207 177 217 235 158 -10
902 -207 180 223 237 157 -10
903 -211 178 221 237 152 -9
904 -206 183 221 234 154 -13
905 -211 180 218 236 156 -11
906 -209 178 221 234 154 -15
907 -211 176 221 238 159 -9
908 -209 182 222 234 150 -10
909 -209 179 222 238 156 -7
910 -212 182 223 234 153 -10
911 -211 176 219 237 159 -12
912 -209 183 220 233 154 -12
913 -207 182 222 236 154 -9
914 -206 184 223 233 156 -6
915 -208 177 217 232 156 -12
916 -210 177 218 235 156 -11
917 -210 179 220 233 155 -14
918 -212 178 221 234 154 -10
919 -214 179 220 234 150 -11
920 -209 178 219 234 155 -12
921 -213 177 221 236 157 -11
922 -210 178 222 234 155 -11
923 -209 177 218 235 156 -11
924 -210 178 218 233 153 -8
925 -207 182 221 231 156 -10
926 -209 179 222 236 154 -11
927 -210 180 219 233 153 -12
928 -213 181 219 232 156 -10
929 -210 178 218 232 153 -14
930 -212 179 219 232 153 -12
931 -213 180 219 229 152 -12
932 -209 179 221 234 158 -13
933 -208 183 221 233 154 -13
934 -209 178 221 234 158 -13
935 -210 178 220 234 157 -9
936 -211 178 221 233 156 -9
937 -209 180 222 235 159 -10
938 -209 178 220 230 157 -13
939 -212 178 219 232 153 -9
940 -212 178 216 234 156 -10
941 -210 180 222 236 151 -13
942 -210 176 221 235 156 -11
943 -209 180 219 235 155 -8
944 -210 182 221 236 157 -9
945 -208 179 217 234 158 -11
946 -210 176 219 237 153 -10
947 -207 181 223 233 153 -10
948 -210 183 219 233 156 -11
949 -209 179 220 234 154 -12
950 -210 178 220 237 152 -12
951 -208 181 220 234 158 -10
952 -208 179 221 236 157 -12
953 -210 177 219 235 154 -9
954 -208 178 222 234 156 -9
955 -211 182 225 233 156 -7
956 -212 183 217 235 155 -12
957 -209 179 221 237 157 -8
958 -208 180 222 233 159 -10
959 -210 178 221 232 156 -12
960 -206 178 220 232 156 -13
961 -209 179 220 236 158 -16
962 -210 179 222 237 158 -12
963 -210 180 219 234 157 -14
964 -211 180 218 234 156 -12
965 -211 177 218 236 155 -11
966 -209 180 222 236 155 -11
967 -209 179 223 234 153 -9
968 -208 179 221 230 153 -10
969 -210 178 220 232 154 -12
970 -209 176 215 231 154 -8
971 -208 181 222 237 156 -8
972 -208 180 221 234 158 -10
973 -208 180 220 236 154 -10
974 -209 175 219 236 157 -12
975 -207 182 220 233 155 -11
976 -213 179 218 234 156 -11
977 -208 178 222 234 158 -12
978 -210 183 218 236 156 -9
979 -214 182 222 231 157 -12
980 -209 179 220 234 156 -11
981 -210 181 221 237 158 -7
982 -206 178 221 231 155 -8
983 -206 182 219 236 157 -11
984 -210 180 218 235 156 -10
985 -211 178 220 236 157 -10
986 -210 179 220 231 156 -10
987 -208 179 218 231 156 -10
988 -210 177 222 232 156 -9
989 -208 184 219 233 155 -12
990 -213 179 217 231 156 -11
991 -207 177 222 233 156 -14
992 -210 178 222 236 153 -10
993 -206 180 218 236 154 -11
994 -206 178 222 234 154 -9
995 -210 177 216 235 155 -10
996 -208 180 220 236 158 -9
997 -209 178 217 233 155 -12
998 -208 181 221 233 156 -9
999 -209 180 219 235 152 -10
