0 184 -1672 304 150 -1048 -192
1 186 -1667 297 147 -1052 -193
2 182 -1665 298 147 -1055 -188
3 185 -1667 299 147 -1056 -194
4 183 -1670 302 146 -1057 -194
5 188 -1667 298 144 -1055 -194
6 184 -1669 297 145 -1058 -197
7 184 -1670 298 146 -1058 -197
8 183 -1669 298 147 -1055 -194
9 181 -1666 299 143 -1059 -192
10 181 -1667 298 143 -1056 -195
11 181 -1667 297 139 -1063 -196
12 181 -1668 296 144 -1060 -198
13 179 -1664 299 147 -1059 -199
14 177 -1671 294 143 -1054 -194
15 182 -1667 299 145 -1058 -194
16 180 -1669 301 146 -1055 -197
17 178 -1671 298 145 -1056 -193
18 180 -1669 300 146 -1057 -193
19 182 -1668 299 147 -1056 -191
20 182 -1672 298 148 -1053 -190
21 186 -1672 298 148 -1051 -195
22 183 -1672 299 149 -1051 -193
23 182 -1669 300 148 -1054 -193
24 184 -1667 302 147 -1055 -191
25 182 -1669 301 145 -1057 -196
26 181 -1666 297 147 -1058 -194
27 184 -1669 296 146 -1054 -192
28 183 -1664 304 147 -1055 -194
29 182 -1670 304 143 -1061 -198
30 182 -1668 297 141 -1063 -199
31 180 -1668 299 141 -1056 -196
32 181 -1672 296 142 -1060 -197
33 177 -1673 294 144 -1056 -194
34 184 -1668 301 143 -1057 -192
35 175 -1667 300 146 -1059 -194
36 182 -1670 297 144 -1058 -197
37 181 -1673 297 145 -1057 -194
38 180 -1673 297 147 -1055 -194
39 180 -1670 302 147 -1059 -192
40 182 -1671 303 149 -1052 -191
41 181 -1670 296 149 -1053 -190
42 185 -1671 298 147 -1052 -193
43 184 -1670 301 147 -1053 -192
44 185 -1668 301 149 -1055 -189
45 185 -1670 305 149 -1056 -191
46 185 -1669 298 147 -1056 -194
47 190 -1666 303 146 -1056 -194
48 188 -1667 300 146 -1054 -195
49 183 -1666 298 143 -1056 -192
50 184 -1668 299 146 -1058 -195
51 185 -1668 305 149 -1060 -191
52 184 -1668 297 147 -1058 -198
53 184 -1665 302 147 -1059 -194
54 185 -1669 300 144 -1056 -195
55 184 -1672 298 143 -1056 -197
56 181 -1665 301 141 -1057 -194
57 180 -1672 299 145 -1057 -196
58 176 -1671 298 143 -1059 -195
59 181 -1671 300 143 -1056 -194
60 181 -1669 300 149 -1055 -191
61 180 -1672 297 150 -1057 -194
62 184 -1670 301 149 -1055 -194
63 185 -1671 303 152 -1055 -188
64 184 -1668 301 151 -1052 -190
65 185 -1669 302 148 -1050 -189
66 185 -1667 301 149 -1049 -192
67 186 -1666 301 147 -1055 -195
68 185 -1666 301 149 -1056 -192
69 187 -1668 300 147 -1056 -192
70 184 -1671 299 146 -1056 -192
71 185 -1666 299 145 -1058 -197
72 184 -1664 302 143 -1056 -193
73 185 -1668 302 143 -1054 -189
74 183 -1668 299 141 -1056 -193
75 188 -1668 297 143 -1058 -194
76 183 -1669 298 143 -1058 -197
77 181 -1669 299 147 -1060 -195
78 185 -1667 299 140 -1066 -195
79 180 -1672 300 145 -1058 -194
80 181 -1668 299 145 -1055 -195
81 179 -1670 296 146 -1055 -197
82 184 -1673 302 146 -1054 -190
83 183 -1673 296 148 -1050 -191
84 182 -1666 301 153 -1051 -190
85 181 -1670 302 150 -1049 -190
86 186 -1672 301 154 -1053 -192
87 186 -1668 300 148 -1051 -190
88 183 -1668 299 148 -1051 -194
89 184 -1670 300 147 -1053 -194
90 187 -1666 301 145 -1053 -196
91 186 -1666 300 148 -1055 -192
92 183 -1670 300 147 -1056 -194
93 185 -1668 300 145 -1060 -193
94 183 -1669 300 144 -1058 -195
95 183 -1666 300 144 -1056 -193
96 183 -1670 302 143 -1056 -192
97 180 -1665 302 142 -1059 -195
98 185 -1667 302 147 -1057 -194
99 186 -1669 301 144 -1056 -195
100 181 -1669 298 145 -1058 -198
101 179 -1669 297 145 -1057 -191
102 179 -1669 298 145 -1055 -196
103 180 -1666 299 147 -1057 -195
104 184 -1666 297 149 -1057 -193
105 179 -1673 300 149 -1056 -194
106 183 -1669 300 147 -1054 -192
107 185 -1669 300 149 -1052 -190
108 186 -1671 300 151 -1050 -191
109 186 -1667 301 145 -1055 -190
110 184 -1672 299 145 -1058 -195
111 182 -1670 301 149 -1053 -193
112 184 -1668 301 147 -1055 -190
113 183 -1668 300 144 -1052 -194
114 185 -1664 300 148 -1057 -192
115 181 -1671 302 142 -1054 -195
116 182 -1668 298 145 -1053 -193
117 182 -1666 299 144 -1055 -194
118 178 -1666 297 144 -1057 -197
119 187 -1665 302 144 -1058 -193
120 183 -1667 299 143 -1060 -196
121 183 -1668 300 141 -1056 -193
122 181 -1670 295 140 -1059 -197
123 184 -1669 300 142 -1057 -195
124 182 -1669 297 143 -1056 -197
125 180 -1671 305 148 -1056 -193
126 179 -1669 297 147 -1056 -193
127 180 -1671 300 152 -1054 -193
128 187 -1668 300 150 -1054 -192
129 184 -1670 301 155 -1053 -192
130 181 -1668 302 148 -1050 -190
131 184 -1666 304 150 -1055 -191
132 187 -1669 300 147 -1058 -192
133 186 -1667 303 147 -1056 -191
134 184 -1664 299 149 -1054 -195
135 184 -1667 301 147 -1056 -194
136 182 -1667 299 143 -1056 -192
137 185 -1666 300 143 -1059 -193
138 182 -1666 301 145 -1057 -197
139 184 -1665 300 145 -1058 -191
140 180 -1666 299 147 -1056 -193
141 182 -1664 299 147 -1057 -197
142 187 -1664 303 145 -1058 -194
143 184 -1667 297 142 -1058 -194
144 181 -1671 296 147 -1060 -197
145 182 -1669 296 148 -1057 -193
146 182 -1669 300 144 -1059 -194
147 180 -1669 301 149 -1056 -193
148 181 -1671 299 150 -1050 -192
149 188 -1668 301 150 -1051 -192
150 185 -1671 301 151 -1050 -188
151 188 -1665 302 152 -1051 -193
152 186 -1664 304 152 -1052 -188
153 186 -1668 302 149 -1049 -187
154 187 -1665 303 152 -1053 -188
155 188 -1664 303 146 -1055 -191
156 184 -1666 303 146 -1052 -190
157 186 -1667 301 148 -1056 -193
158 187 -1666 302 148 -1054 -191
159 188 -1667 303 144 -1056 -193
160 182 -1666 299 147 -1056 -195
161 186 -1667 301 148 -1056 -194
162 185 -1668 300 146 -1058 -194
163 186 -1666 303 146 -1054 -189
164 185 -1666 301 144 -1056 -193
165 183 -1666 302 146 -1056 -192
166 181 -1665 302 150 -1053 -196
167 184 -1664 298 150 -1056 -190
168 186 -1668 298 146 -1055 -192
169 182 -1670 298 147 -1052 -191
170 184 -1669 300 152 -1052 -190
171 183 -1668 304 151 -1051 -191
172 182 -1671 301 153 -1054 -191
173 185 -1668 301 153 -1050 -191
174 186 -1668 304 148 -1051 -192
175 185 -1669 303 153 -1052 -187
176 184 -1663 306 150 -1052 -186
177 184 -1665 303 150 -1055 -190
178 183 -1668 304 147 -1052 -192
179 187 -1667 300 147 -1056 -193
180 187 -1667 302 147 -1052 -193
181 186 -1668 299 145 -1059 -196
182 187 -1664 304 147 -1054 -193
183 187 -1665 303 146 -1056 -192
184 185 -1667 303 146 -1057 -191
185 184 -1667 300 144 -1058 -192
186 183 -1663 301 147 -1055 -195
187 181 -1666 300 146 -1059 -193
188 182 -1671 300 146 -1056 -189
189 182 -1668 297 146 -1057 -192
190 179 -1669 298 149 -1054 -191
191 184 -1667 301 150 -1052 -193
192 186 -1667 299 149 -1052 -189
193 187 -1669 300 151 -1052 -187
194 184 -1668 303 152 -1050 -190
195 185 -1670 299 154 -1050 -190
196 191 -1668 305 151 -1052 -192
197 183 -1665 304 151 -1050 -189
198 182 -1666 304 150 -1053 -191
199 188 -1665 301 148 -1061 -192
200 183 -1667 302 147 -1055 -192
201 185 -1664 301 145 -1057 -192
202 186 -1666 301 146 -1058 -193
203 182 -1668 300 143 -1056 -194
204 183 -1665 301 146 -1055 -194
205 186 -1668 299 144 -1054 -189
206 186 -1664 303 143 -1054 -192
207 184 -1668 302 147 -1057 -191
208 181 -1669 298 147 -1057 -191
209 179 -1669 301 144 -1058 -194
210 182 -1669 303 146 -1054 -196
211 184 -1667 301 145 -1058 -194
212 183 -1669 298 148 -1056 -189
213 179 -1669 302 148 -1056 -194
214 182 -1667 300 147 -1051 -188
215 184 -1667 300 151 -1053 -191
216 186 -1670 304 150 -1056 -192
217 185 -1664 301 153 -1051 -192
218 184 -1667 301 150 -1051 -189
219 186 -1667 302 148 -1053 -191
220 186 -1665 304 145 -1054 -192
221 186 -1667 300 148 -1055 -190
222 186 -1666 301 143 -1058 -191
223 186 -1666 302 148 -1061 -192
224 185 -1666 300 147 -1060 -196
225 186 -1664 301 142 -1055 -193
226 188 -1664 302 144 -1052 -193
227 181 -1667 302 148 -1054 -193
228 183 -1668 303 146 -1055 -191
229 184 -1666 301 146 -1053 -194
230 185 -1662 302 145 -1058 -196
231 184 -1667 300 144 -1059 -193
232 180 -1673 300 143 -1056 -190
233 183 -1670 297 148 -1055 -192
234 183 -1670 299 150 -1055 -191
235 180 -1670 300 149 -1052 -192
236 182 -1673 298 151 -1055 -190
237 181 -1668 300 153 -1054 -192
238 185 -1668 302 150 -1053 -190
239 188 -1667 304 151 -1052 -190
240 189 -1668 301 148 -1051 -187
241 188 -1664 304 146 -1053 -188
242 182 -1668 299 145 -1053 -192
243 185 -1667 303 150 -1056 -189
244 186 -1670 299 149 -1058 -191
245 186 -1665 299 149 -1054 -189
246 187 -1664 303 147 -1052 -192
247 185 -1668 303 147 -1054 -192
248 182 -1667 300 141 -1058 -195
249 182 -1666 302 146 -1055 -193
250 183 -1667 301 144 -1056 -194
251 182 -1665 304 149 -1056 -195
252 180 -1664 300 144 -1057 -195
253 182 -1669 301 147 -1054 -192
254 183 -1666 301 148 -1055 -195
255 183 -1664 301 147 -1053 -193
256 180 -1670 296 146 -1052 -190
257 185 -1668 301 148 -1051 -191
258 184 -1667 301 151 -1055 -190
259 183 -1669 305 152 -1052 -194
260 185 -1670 300 154 -1053 -187
261 192 -1666 303 150 -1053 -189
262 190 -1666 303 151 -1051 -189
263 186 -1666 303 147 -1056 -192
264 185 -1667 301 147 -1052 -190
265 184 -1666 297 145 -1056 -193
266 184 -1668 301 148 -1058 -192
267 182 -1668 300 149 -1060 -195
268 185 -1664 301 146 -1058 -193
269 184 -1665 301 147 -1060 -192
270 182 -1667 300 148 -1057 -194
271 183 -1666 302 145 -1055 -196
272 182 -1665 302 145 -1056 -194
273 180 -1664 301 143 -1056 -191
274 181 -1671 299 147 -1056 -195
275 184 -1666 302 149 -1061 -192
276 183 -1669 301 147 -1054 -194
277 180 -1670 299 150 -1054 -191
278 182 -1666 298 151 -1053 -192
279 184 -1669 301 148 -1052 -193
280 181 -1667 303 152 -1053 -190
281 185 -1665 304 157 -1049 -190
282 187 -1668 305 152 -1049 -183
283 186 -1667 303 150 -1055 -194
284 189 -1666 299 150 -1054 -193
285 187 -1667 301 146 -1056 -197
286 186 -1666 300 148 -1056 -195
287 184 -1668 300 147 -1054 -194
288 188 -1665 301 150 -1052 -191
289 185 -1667 305 146 -1053 -190
290 182 -1664 302 148 -1057 -194
291 182 -1664 301 144 -1058 -193
292 189 -1668 299 148 -1058 -194
293 185 -1666 299 147 -1056 -195
294 184 -1666 303 146 -1056 -191
295 183 -1666 300 143 -1061 -190
296 180 -1672 296 147 -1054 -193
297 181 -1667 302 145 -1054 -191
298 182 -1667 299 146 -1055 -193
299 183 -1669 295 146 -1057 -189
300 183 -1667 300 154 -1053 -189
301 181 -1673 302 154 -1052 -187
302 184 -1666 299 149 -1051 -189
303 184 -1667 301 152 -1050 -190
304 187 -1669 301 150 -1049 -188
305 183 -1670 303 150 -1054 -194
306 184 -1665 300 149 -1053 -191
307 187 -1664 301 147 -1059 -193
308 185 -1670 299 149 -1060 -193
309 182 -1667 298 145 -1057 -195
310 185 -1668 301 146 -1057 -192
311 184 -1667 300 146 -1053 -195
312 184 -1669 302 144 -1053 -194
313 183 -1668 301 141 -1053 -195
314 184 -1665 301 143 -1058 -197
315 183 -1664 299 146 -1056 -193
316 186 -1668 300 145 -1058 -193
317 183 -1665 301 143 -1059 -194
318 182 -1670 299 147 -1058 -194
319 185 -1667 300 146 -1055 -193
320 184 -1668 301 145 -1054 -192
321 184 -1669 297 148 -1055 -189
322 182 -1669 300 146 -1054 -189
323 183 -1669 298 148 -1054 -193
324 184 -1672 300 153 -1052 -191
325 186 -1670 304 152 -1052 -189
326 186 -1666 305 153 -1053 -189
327 186 -1667 302 149 -1051 -190
328 184 -1666 305 149 -1054 -192
329 180 -1669 298 144 -1054 -192
330 184 -1672 299 148 -1055 -192
331 186 -1666 302 146 -1059 -192
332 187 -1670 299 146 -1055 -196
333 184 -1668 302 149 -1059 -192
334 184 -1668 301 145 -1057 -194
335 181 -1667 299 141 -1058 -193
336 184 -1666 297 142 -1058 -194
337 182 -1669 298 143 -1056 -196
338 181 -1672 299 145 -1056 -196
339 179 -1672 293 144 -1064 -196
340 179 -1672 298 147 -1059 -194
341 182 -1670 299 147 -1059 -194
342 177 -1669 295 145 -1057 -196
343 183 -1670 297 148 -1054 -190
344 185 -1671 302 148 -1050 -192
345 183 -1670 301 151 -1051 -189
346 183 -1670 303 150 -1051 -190
347 186 -1668 304 153 -1050 -189
348 186 -1665 303 153 -1052 -191
349 190 -1666 305 148 -1055 -193
350 184 -1669 302 150 -1056 -193
351 185 -1666 298 150 -1055 -192
352 185 -1667 303 147 -1054 -195
353 181 -1668 302 145 -1056 -193
354 184 -1667 299 143 -1057 -194
355 182 -1666 301 146 -1055 -194
356 184 -1663 302 149 -1059 -192
357 187 -1669 301 149 -1056 -192
358 184 -1666 304 144 -1057 -194
359 183 -1665 299 147 -1056 -192
360 185 -1666 302 145 -1055 -195
361 180 -1671 301 145 -1057 -195
362 181 -1669 300 145 -1056 -195
363 180 -1667 299 147 -1056 -193
364 181 -1668 300 148 -1055 -193
365 183 -1670 297 153 -1051 -190
366 180 -1666 300 153 -1050 -190
367 186 -1668 300 151 -1054 -190
368 185 -1668 302 150 -1052 -189
369 181 -1668 301 149 -1050 -187
370 191 -1667 305 152 -1049 -192
371 186 -1668 298 148 -1054 -189
372 186 -1668 300 147 -1057 -194
373 184 -1667 300 147 -1056 -194
374 183 -1668 300 147 -1057 -196
375 186 -1669 301 143 -1057 -192
376 182 -1667 298 145 -1057 -192
377 186 -1666 300 147 -1059 -191
378 184 -1665 301 145 -1057 -188
379 185 -1664 302 143 -1057 -191
380 184 -1668 299 145 -1059 -193
381 183 -1666 298 147 -1060 -191
382 184 -1665 298 148 -1058 -193
383 181 -1671 299 146 -1059 -193
384 183 -1671 297 149 -1057 -196
385 180 -1668 300 147 -1059 -189
386 188 -1671 299 148 -1052 -191
387 181 -1664 303 149 -1051 -192
388 185 -1670 302 150 -1050 -190
389 185 -1670 304 154 -1048 -190
390 184 -1664 304 151 -1050 -190
391 187 -1665 304 153 -1053 -188
392 190 -1666 301 151 -1054 -186
393 187 -1665 305 149 -1054 -190
394 184 -1667 305 148 -1052 -189
395 189 -1666 304 149 -1053 -190
396 183 -1665 302 146 -1054 -191
397 183 -1669 299 147 -1056 -192
398 185 -1666 301 145 -1057 -189
399 182 -1665 301 148 -1056 -193
400 185 -1669 305 143 -1056 -192
401 184 -1665 303 144 -1056 -193
402 184 -1668 300 146 -1059 -195
403 184 -1667 303 147 -1057 -193
404 183 -1670 300 145 -1059 -197
405 185 -1666 297 146 -1056 -192
406 182 -1670 300 146 -1055 -192
407 182 -1667 300 147 -1054 -191
408 186 -1666 299 150 -1052 -190
409 186 -1667 300 145 -1051 -191
410 183 -1670 302 149 -1051 -189
411 184 -1668 305 151 -1051 -190
412 184 -1667 303 152 -1052 -189
413 189 -1663 301 151 -1051 -193
414 188 -1665 303 149 -1052 -188
415 188 -1664 304 151 -1056 -189
416 185 -1666 302 148 -1056 -195
417 185 -1667 303 145 -1056 -192
418 187 -1667 302 149 -1053 -190
419 185 -1666 299 147 -1057 -194
420 186 -1667 303 143 -1056 -195
421 180 -1670 298 147 -1058 -197
422 182 -1668 297 143 -1054 -190
423 180 -1668 301 145 -1057 -192
424 183 -1664 299 143 -1060 -191
425 183 -1665 302 147 -1061 -195
426 184 -1668 297 148 -1057 -195
427 182 -1665 302 147 -1058 -195
428 184 -1665 301 148 -1055 -190
429 183 -1667 301 149 -1054 -191
430 182 -1668 303 153 -1055 -189
431 182 -1669 303 150 -1050 -191
432 184 -1667 302 151 -1052 -190
433 184 -1669 302 152 -1049 -192
434 186 -1664 302 150 -1052 -191
435 187 -1666 304 151 -1050 -191
436 186 -1663 302 147 -1055 -191
437 188 -1666 301 148 -1058 -193
438 183 -1668 303 148 -1056 -194
439 186 -1666 300 148 -1053 -193
440 180 -1665 303 148 -1054 -191
441 186 -1666 301 148 -1053 -192
442 185 -1669 299 151 -1055 -191
443 186 -1666 302 146 -1057 -193
444 185 -1666 300 150 -1056 -193
445 186 -1663 301 146 -1058 -197
446 183 -1667 302 149 -1059 -194
447 184 -1664 303 144 -1056 -197
448 180 -1667 301 142 -1058 -194
449 184 -1667 303 148 -1052 -191
450 182 -1667 299 149 -1053 -189
451 181 -1668 299 149 -1051 -190
452 185 -1670 305 150 -1050 -187
453 185 -1667 302 150 -1051 -190
454 184 -1667 303 152 -1053 -189
455 185 -1666 302 153 -1052 -187
456 184 -1665 305 153 -1048 -190
457 187 -1666 305 151 -1055 -190
458 190 -1665 302 149 -1052 -188
459 184 -1664 304 152 -1056 -191
460 184 -1666 299 148 -1055 -190
461 186 -1666 301 147 -1052 -194
462 189 -1663 301 146 -1056 -189
463 189 -1667 305 147 -1051 -192
464 187 -1666 303 147 -1053 -191
465 185 -1666 299 149 -1056 -192
466 185 -1662 306 149 -1056 -191
467 190 -1665 301 147 -1056 -193
468 188 -1664 302 148 -1051 -188
469 184 -1660 302 144 -1058 -193
470 185 -1666 304 146 -1054 -192
471 185 -1666 301 147 -1054 -191
472 184 -1666 301 148 -1055 -188
473 185 -1668 301 151 -1054 -191
474 189 -1666 302 155 -1050 -189
475 184 -1669 303 154 -1052 -191
476 187 -1666 305 154 -1049 -188
477 187 -1664 305 154 -1049 -190
478 186 -1665 304 150 -1051 -192
479 189 -1666 300 150 -1052 -190
480 187 -1666 303 149 -1050 -187
481 186 -1664 300 145 -1052 -190
482 188 -1666 301 149 -1054 -192
483 184 -1664 301 146 -1052 -192
484 187 -1669 302 146 -1053 -191
485 185 -1666 303 147 -1055 -193
486 185 -1666 303 145 -1052 -191
487 185 -1665 302 147 -1057 -191
488 188 -1664 299 144 -1054 -191
489 187 -1664 301 145 -1057 -192
490 183 -1668 302 141 -1058 -194
491 183 -1666 298 143 -1060 -193
492 184 -1666 301 146 -1058 -189
493 183 -1669 300 147 -1054 -192
494 184 -1666 302 150 -1053 -190
495 183 -1665 303 149 -1052 -190
496 185 -1667 303 150 -1054 -188
497 184 -1668 300 151 -1050 -190
498 186 -1665 302 152 -1048 -189
499 189 -1666 303 155 -1049 -188
500 189 -1666 302 151 -1052 -190
501 190 -1665 302 153 -1055 -191
502 185 -1666 303 147 -1056 -191
503 183 -1668 299 149 -1055 -191
504 186 -1664 303 150 -1057 -191
505 186 -1665 302 147 -1053 -191
506 186 -1665 301 149 -1055 -191
507 188 -1665 299 146 -1055 -194
508 187 -1666 302 148 -1056 -192
509 185 -1668 301 146 -1055 -191
510 186 -1664 301 147 -1052 -189
511 185 -1669 302 147 -1055 -194
512 186 -1664 302 144 -1058 -191
513 188 -1667 301 143 -1054 -192
514 186 -1666 300 152 -1055 -189
515 180 -1669 301 150 -1054 -188
516 187 -1666 303 151 -1054 -189
517 183 -1667 300 153 -1050 -189
518 187 -1667 305 154 -1049 -187
519 185 -1667 302 156 -1051 -187
520 187 -1667 304 153 -1047 -187
521 193 -1664 307 155 -1049 -188
522 188 -1664 304 155 -1049 -193
523 188 -1664 307 153 -1049 -191
524 187 -1664 307 151 -1051 -191
525 186 -1664 304 151 -1052 -188
526 182 -1667 303 151 -1052 -193
527 186 -1667 305 147 -1053 -189
528 190 -1661 303 147 -1055 -193
529 184 -1664 302 147 -1057 -190
530 186 -1663 299 150 -1055 -192
531 185 -1664 297 147 -1053 -193
532 185 -1666 303 147 -1056 -191
533 184 -1666 303 145 -1057 -193
534 184 -1665 301 143 -1058 -194
535 184 -1668 304 151 -1054 -191
536 182 -1665 303 151 -1052 -190
537 183 -1668 301 149 -1057 -190
538 184 -1669 300 150 -1054 -189
539 186 -1666 305 159 -1055 -191
540 182 -1666 306 153 -1049 -189
541 183 -1673 302 153 -1050 -189
542 184 -1668 303 155 -1053 -187
543 187 -1664 301 148 -1052 -190
544 184 -1666 302 151 -1048 -188
545 183 -1668 302 149 -1052 -194
546 184 -1667 304 148 -1052 -192
547 185 -1664 301 145 -1057 -192
548 186 -1666 301 147 -1056 -193
549 186 -1665 300 148 -1052 -192
550 184 -1669 301 149 -1059 -194
551 185 -1665 296 148 -1056 -192
552 187 -1665 301 149 -1058 -193
553 184 -1665 303 148 -1052 -189
554 185 -1663 306 147 -1052 -195
555 185 -1664 302 146 -1056 -191
556 185 -1669 300 144 -1054 -190
557 182 -1664 303 147 -1052 -191
558 179 -1669 300 147 -1050 -193
559 184 -1668 302 147 -1054 -192
560 184 -1668 301 151 -1052 -192
561 184 -1667 302 151 -1050 -188
562 187 -1666 299 152 -1049 -188
563 187 -1664 301 156 -1048 -191
564 188 -1665 299 156 -1050 -188
565 185 -1664 304 153 -1051 -189
566 193 -1663 302 151 -1053 -188
567 186 -1663 305 151 -1052 -190
568 189 -1664 305 146 -1054 -191
569 184 -1665 303 146 -1056 -190
570 182 -1667 301 146 -1057 -193
571 189 -1665 303 149 -1055 -191
572 185 -1665 301 145 -1055 -193
573 186 -1667 300 147 -1058 -192
574 185 -1665 300 147 -1058 -192
575 186 -1664 301 146 -1056 -194
576 189 -1663 300 151 -1059 -193
577 186 -1666 301 142 -1060 -196
578 184 -1667 299 142 -1054 -190
579 184 -1667 303 147 -1052 -194
580 182 -1668 302 148 -1057 -194
581 180 -1670 301 149 -1051 -189
582 182 -1669 301 152 -1053 -190
583 183 -1666 301 152 -1050 -191
584 184 -1666 303 152 -1049 -188
585 189 -1667 302 152 -1052 -187
586 187 -1669 303 152 -1053 -189
587 187 -1663 303 150 -1051 -188
588 187 -1667 300 150 -1054 -188
589 189 -1664 304 146 -1054 -194
590 186 -1665 301 146 -1053 -194
591 186 -1664 305 148 -1053 -191
592 186 -1664 302 149 -1055 -191
593 182 -1667 302 145 -1052 -194
594 185 -1667 302 149 -1056 -192
595 184 -1664 299 145 -1054 -193
596 185 -1666 300 145 -1060 -194
597 187 -1666 303 145 -1055 -194
598 184 -1669 299 147 -1057 -191
599 186 -1665 299 143 -1057 -192
600 179 -1669 299 145 -1053 -191
601 182 -1667 300 147 -1053 -193
602 183 -1670 302 153 -1056 -188
603 185 -1668 300 150 -1056 -189
604 185 -1669 301 150 -1049 -190
605 183 -1669 305 155 -1050 -188
606 184 -1668 302 150 -1048 -186
607 186 -1665 301 155 -1048 -189
608 186 -1665 306 153 -1048 -189
609 186 -1665 301 153 -1051 -191
610 189 -1665 303 150 -1051 -190
611 186 -1666 300 148 -1052 -191
612 188 -1664 303 147 -1054 -192
613 186 -1668 303 151 -1051 -190
614 185 -1668 303 145 -1053 -193
615 182 -1664 301 146 -1055 -190
616 183 -1665 307 150 -1057 -194
617 185 -1664 305 149 -1054 -194
618 186 -1664 302 149 -1054 -194
619 188 -1664 300 146 -1056 -194
620 185 -1666 301 147 -1055 -193
621 181 -1666 305 144 -1053 -192
622 185 -1666 297 148 -1053 -191
623 186 -1667 302 147 -1056 -191
624 183 -1667 302 151 -1053 -189
625 182 -1667 301 149 -1054 -189
626 183 -1665 303 151 -1052 -191
627 184 -1668 302 152 -1052 -189
628 184 -1666 300 148 -1047 -189
629 191 -1664 304 151 -1048 -186
630 184 -1667 303 152 -1051 -188
631 188 -1669 302 154 -1052 -193
632 186 -1662 304 150 -1052 -191
633 186 -1669 304 151 -1054 -191
634 185 -1666 301 151 -1051 -189
635 186 -1666 302 146 -1049 -193
636 185 -1664 299 150 -1049 -189
637 184 -1665 305 144 -1057 -191
638 186 -1663 302 146 -1054 -191
639 186 -1666 303 147 -1052 -192
640 183 -1664 305 149 -1054 -195
641 187 -1667 302 153 -1053 -197
642 187 -1664 302 144 -1057 -194
643 185 -1668 303 151 -1054 -193
644 183 -1666 303 147 -1056 -191
645 185 -1667 299 143 -1055 -192
646 187 -1668 303 150 -1049 -191
647 184 -1667 300 149 -1052 -188
648 185 -1667 299 149 -1050 -189
649 184 -1664 306 154 -1050 -188
650 185 -1666 304 152 -1052 -189
651 187 -1668 305 156 -1049 -188
652 182 -1665 300 152 -1052 -192
653 190 -1662 304 151 -1052 -188
654 186 -1665 305 148 -1052 -189
655 188 -1668 301 148 -1056 -192
656 182 -1665 300 150 -1055 -195
657 187 -1666 301 145 -1059 -192
658 188 -1664 300 145 -1059 -193
659 185 -1669 298 145 -1056 -192
660 183 -1666 299 144 -1056 -192
661 186 -1665 301 146 -1057 -194
662 184 -1665 300 146 -1055 -192
663 184 -1666 301 145 -1056 -192
664 184 -1664 302 145 -1058 -191
665 180 -1670 301 145 -1058 -193
666 185 -1669 301 147 -1058 -190
667 186 -1670 301 147 -1058 -192
668 184 -1668 301 150 -1054 -191
669 183 -1670 299 148 -1051 -190
670 184 -1669 303 152 -1051 -189
671 187 -1666 302 149 -1053 -185
672 185 -1668 302 152 -1054 -189
673 189 -1670 301 149 -1053 -193
674 186 -1665 304 152 -1050 -193
675 186 -1665 303 149 -1054 -189
676 188 -1663 299 147 -1054 -190
677 186 -1668 300 149 -1049 -188
678 184 -1662 304 145 -1057 -195
679 187 -1665 303 148 -1056 -188
680 184 -1664 303 144 -1058 -191
681 184 -1667 304 145 -1056 -195
682 187 -1666 300 146 -1060 -194
683 185 -1665 301 145 -1059 -195
684 186 -1665 297 145 -1054 -191
685 186 -1665 300 143 -1052 -195
686 186 -1665 300 146 -1056 -192
687 181 -1673 299 146 -1055 -191
688 184 -1667 300 151 -1054 -191
689 182 -1667 302 152 -1052 -192
690 184 -1668 302 154 -1052 -193
691 183 -1666 304 150 -1052 -190
692 183 -1667 301 153 -1049 -189
693 185 -1668 306 155 -1052 -189
694 187 -1666 306 153 -1047 -188
695 186 -1665 307 149 -1049 -190
696 187 -1663 306 154 -1053 -191
697 186 -1664 304 150 -1053 -190
698 185 -1668 301 150 -1054 -194
699 184 -1663 301 147 -1053 -192
700 184 -1668 303 147 -1052 -195
701 184 -1668 301 147 -1056 -194
702 185 -1665 304 147 -1057 -190
703 183 -1666 303 145 -1056 -192
704 182 -1665 304 149 -1054 -191
705 188 -1665 302 147 -1057 -192
706 182 -1665 303 145 -1056 -191
707 184 -1667 302 143 -1054 -193
708 182 -1668 303 145 -1059 -196
709 182 -1667 300 145 -1052 -195
710 179 -1666 300 146 -1054 -191
711 180 -1668 300 148 -1057 -189
712 181 -1667 300 148 -1051 -191
713 182 -1667 301 151 -1050 -191
714 183 -1665 304 149 -1054 -193
715 182 -1668 300 151 -1051 -192
716 187 -1668 305 151 -1054 -189
717 186 -1664 302 148 -1051 -192
718 187 -1669 301 151 -1051 -190
719 185 -1664 301 147 -1054 -190
720 186 -1666 303 150 -1056 -193
721 184 -1665 305 150 -1056 -190
722 183 -1666 300 150 -1055 -191
723 183 -1666 300 146 -1056 -195
724 182 -1665 302 146 -1057 -195
725 186 -1665 304 146 -1055 -192
726 184 -1668 299 145 -1053 -194
727 186 -1664 297 146 -1057 -192
728 185 -1665 301 146 -1053 -194
729 187 -1663 300 146 -1065 -193
730 183 -1669 299 145 -1056 -193
731 182 -1664 300 149 -1058 -192
732 185 -1670 299 148 -1056 -192
733 181 -1668 300 149 -1055 -194
734 184 -1667 300 148 -1054 -194
735 184 -1672 301 150 -1054 -191
736 184 -1668 299 156 -1049 -188
737 188 -1664 302 153 -1052 -192
738 188 -1663 304 154 -1051 -189
739 189 -1669 300 150 -1051 -185
740 190 -1668 301 150 -1050 -192
741 187 -1669 304 149 -1052 -191
742 185 -1670 300 147 -1053 -194
743 183 -1664 302 150 -1055 -189
744 184 -1668 302 146 -1054 -192
745 183 -1665 300 148 -1057 -192
746 186 -1666 299 147 -1052 -190
747 186 -1664 302 149 -1055 -192
748 187 -1664 301 146 -1056 -194
749 186 -1664 301 144 -1054 -192
750 183 -1667 301 142 -1058 -194
751 181 -1664 302 143 -1060 -194
752 185 -1667 298 146 -1056 -192
753 185 -1667 300 147 -1056 -192
754 180 -1668 300 148 -1060 -191
755 179 -1669 299 150 -1053 -190
756 179 -1665 298 150 -1052 -191
757 181 -1669 301 149 -1053 -190
758 181 -1668 303 152 -1052 -192
759 185 -1668 304 155 -1046 -188
760 193 -1663 304 155 -1050 -189
761 183 -1665 302 150 -1056 -194
762 184 -1666 301 150 -1057 -191
763 186 -1665 302 148 -1055 -194
764 186 -1663 303 145 -1055 -187
765 185 -1666 301 148 -1052 -189
766 184 -1666 304 144 -1053 -192
767 185 -1668 303 145 -1053 -193
768 186 -1667 303 144 -1056 -192
769 187 -1664 304 146 -1055 -193
770 185 -1668 301 146 -1053 -195
771 186 -1664 303 145 -1059 -196
772 184 -1668 301 148 -1057 -191
773 185 -1669 300 146 -1059 -194
774 182 -1668 300 142 -1056 -194
775 182 -1668 301 145 -1054 -195
776 184 -1666 300 149 -1054 -189
777 183 -1670 303 153 -1052 -190
778 184 -1670 303 149 -1049 -191
779 182 -1667 304 154 -1050 -192
780 185 -1667 300 154 -1051 -189
781 185 -1664 303 152 -1050 -191
782 185 -1666 304 153 -1048 -190
783 190 -1665 305 152 -1051 -189
784 187 -1667 305 150 -1054 -192
785 187 -1669 300 146 -1053 -193
786 186 -1668 298 148 -1055 -191
787 185 -1664 300 146 -1054 -189
788 184 -1668 299 148 -1056 -194
789 185 -1664 300 143 -1056 -194
790 184 -1667 300 147 -1055 -191
791 186 -1666 302 143 -1056 -192
792 184 -1666 302 149 -1054 -195
793 184 -1662 301 145 -1057 -192
794 184 -1666 301 144 -1056 -197
795 182 -1667 297 148 -1058 -193
796 183 -1667 304 147 -1055 -192
797 184 -1671 300 148 -1058 -193
798 183 -1667 301 149 -1052 -188
799 183 -1669 301 151 -1053 -192
800 183 -1666 302 149 -1049 -189
801 185 -1669 303 150 -1050 -191
802 183 -1666 302 153 -1052 -193
803 185 -1668 301 150 -1050 -189
804 185 -1662 303 151 -1050 -188
805 186 -1664 307 148 -1054 -192
806 186 -1666 303 150 -1054 -189
807 188 -1665 303 148 -1057 -191
808 187 -1666 301 148 -1054 -193
809 187 -1664 303 148 -1054 -191
810 185 -1663 300 147 -1053 -191
811 181 -1667 301 146 -1056 -194
812 188 -1664 304 145 -1054 -194
813 190 -1667 301 145 -1055 -193
814 184 -1664 299 150 -1055 -190
815 185 -1668 304 147 -1054 -193
816 184 -1664 300 145 -1057 -192
817 184 -1668 303 144 -1057 -194
818 182 -1668 300 148 -1056 -190
819 180 -1669 301 146 -1055 -189
820 181 -1672 299 148 -1056 -191
821 184 -1671 299 151 -1054 -188
822 183 -1668 299 151 -1054 -191
823 185 -1667 304 151 -1047 -190
824 186 -1668 305 153 -1051 -188
825 187 -1663 302 149 -1050 -192
826 186 -1665 301 151 -1050 -189
827 186 -1665 303 147 -1055 -193
828 186 -1669 304 151 -1056 -194
829 185 -1668 300 147 -1058 -192
830 185 -1666 301 148 -1054 -196
831 183 -1666 301 149 -1054 -193
832 185 -1668 300 146 -1059 -193
833 185 -1665 304 147 -1056 -193
834 186 -1665 302 146 -1056 -194
835 188 -1668 298 143 -1060 -193
836 184 -1664 301 146 -1055 -193
837 180 -1665 299 144 -1059 -195
838 183 -1670 300 146 -1056 -194
839 184 -1665 299 145 -1056 -192
840 182 -1670 299 144 -1057 -192
841 177 -1668 297 149 -1056 -193
842 180 -1668 301 150 -1056 -193
843 183 -1670 302 148 -1054 -190
844 184 -1666 301 153 -1054 -192
845 183 -1666 304 148 -1050 -191
846 185 -1667 303 153 -1051 -191
847 186 -1665 300 147 -1056 -190
848 190 -1668 300 151 -1054 -191
849 186 -1662 305 146 -1052 -194
850 188 -1667 303 146 -1055 -195
851 185 -1664 301 146 -1057 -191
852 183 -1668 303 147 -1054 -191
853 182 -1667 303 147 -1054 -191
854 184 -1668 299 147 -1058 -192
855 185 -1667 301 145 -1057 -193
856 189 -1667 298 144 -1059 -192
857 188 -1666 304 145 -1057 -191
858 186 -1666 301 145 -1055 -195
859 184 -1662 302 147 -1059 -193
860 179 -1668 298 148 -1055 -194
861 183 -1667 301 145 -1056 -192
862 181 -1666 298 144 -1055 -191
863 185 -1669 299 147 -1055 -193
864 182 -1669 300 150 -1051 -191
865 182 -1668 303 152 -1053 -190
866 186 -1667 302 151 -1051 -188
867 183 -1667 303 152 -1052 -188
868 186 -1665 303 148 -1051 -189
869 182 -1664 301 149 -1053 -189
870 187 -1664 300 149 -1049 -191
871 184 -1667 300 149 -1056 -191
872 186 -1666 301 146 -1053 -193
873 183 -1668 298 145 -1055 -194
874 186 -1669 301 144 -1060 -196
875 186 -1668 301 144 -1061 -195
876 181 -1671 298 146 -1059 -195
877 182 -1667 301 143 -1062 -198
878 184 -1667 299 143 -1060 -193
879 182 -1670 297 144 -1057 -190
880 186 -1667 301 149 -1054 -194
881 184 -1666 298 146 -1057 -196
882 178 -1668 299 147 -1053 -192
883 180 -1669 298 148 -1056 -190
884 179 -1671 306 149 -1056 -195
885 182 -1669 301 147 -1050 -194
886 182 -1667 302 153 -1049 -194
887 186 -1667 303 149 -1056 -195
888 181 -1671 297 148 -1051 -190
889 184 -1669 299 150 -1050 -191
890 182 -1670 305 151 -1050 -190
891 183 -1668 301 149 -1054 -192
892 185 -1664 300 153 -1053 -191
893 183 -1666 303 147 -1058 -193
894 182 -1668 301 148 -1057 -193
895 186 -1671 298 145 -1057 -194
896 184 -1667 299 146 -1054 -192
897 184 -1667 299 142 -1058 -194
898 186 -1668 298 145 -1057 -194
899 181 -1668 297 146 -1055 -194
900 185 -1665 298 145 -1057 -192
901 186 -1664 301 146 -1058 -194
902 183 -1666 300 147 -1057 -192
903 184 -1668 302 143 -1056 -192
904 182 -1668 299 145 -1057 -192
905 180 -1665 301 147 -1054 -189
906 179 -1666 301 145 -1054 -194
907 180 -1667 300 149 -1055 -192
908 181 -1669 301 152 -1054 -191
909 182 -1668 303 155 -1049 -186
910 188 -1668 302 151 -1051 -192
911 186 -1670 300 153 -1052 -190
912 186 -1668 303 149 -1050 -190
913 190 -1664 301 150 -1053 -189
914 186 -1666 307 151 -1052 -190
915 185 -1663 304 146 -1052 -193
916 185 -1664 300 150 -1055 -191
917 186 -1667 299 147 -1055 -194
918 184 -1667 300 145 -1055 -195
919 185 -1668 299 151 -1056 -195
920 186 -1665 302 147 -1056 -191
921 187 -1667 302 146 -1054 -192
922 180 -1663 299 149 -1057 -193
923 184 -1665 301 144 -1055 -190
924 184 -1662 303 139 -1055 -191
925 179 -1665 303 147 -1058 -191
926 186 -1665 303 148 -1055 -192
927 184 -1669 298 146 -1059 -195
928 182 -1669 299 147 -1055 -191
929 183 -1670 299 148 -1056 -187
930 184 -1668 304 150 -1053 -191
931 184 -1669 303 153 -1050 -191
932 183 -1669 304 153 -1051 -188
933 187 -1668 303 153 -1051 -189
934 188 -1666 306 152 -1051 -192
935 188 -1664 303 154 -1054 -191
936 185 -1664 303 149 -1056 -191
937 187 -1665 299 148 -1054 -192
938 182 -1666 301 148 -1057 -188
939 184 -1665 300 148 -1054 -190
940 186 -1665 301 147 -1057 -195
941 184 -1667 301 148 -1055 -191
942 186 -1667 302 148 -1056 -193
943 185 -1667 301 145 -1056 -194
944 185 -1666 301 146 -1056 -194
945 182 -1667 304 149 -1054 -191
946 179 -1667 301 146 -1058 -189
947 182 -1664 302 145 -1054 -189
948 185 -1667 301 149 -1055 -193
949 182 -1665 303 145 -1054 -189
950 183 -1668 300 145 -1055 -190
951 186 -1669 297 154 -1052 -191
952 183 -1667 303 156 -1050 -191
953 184 -1666 303 149 -1052 -189
954 185 -1668 302 150 -1052 -191
955 186 -1666 304 154 -1048 -189
956 189 -1663 307 152 -1052 -188
957 186 -1661 305 150 -1053 -191
958 183 -1664 301 143 -1058 -196
959 187 -1669 300 147 -1058 -192
960 187 -1669 300 143 -1060 -192
961 183 -1666 300 141 -1059 -196
962 182 -1666 297 146 -1056 -193
963 185 -1665 304 148 -1057 -194
964 187 -1667 304 148 -1058 -193
965 183 -1666 304 150 -1055 -191
966 188 -1665 303 147 -1054 -189
967 189 -1667 305 150 -1054 -193
968 181 -1666 303 146 -1056 -191
969 182 -1669 298 151 -1054 -190
970 183 -1668 303 147 -1057 -192
971 180 -1669 303 146 -1053 -189
972 186 -1668 303 151 -1049 -191
973 183 -1667 300 155 -1050 -189
974 183 -1667 305 150 -1050 -190
975 186 -1667 302 153 -1050 -192
976 183 -1666 303 148 -1051 -192
977 183 -1667 301 146 -1055 -191
978 182 -1670 299 146 -1055 -193
979 182 -1667 301 146 -1056 -192
980 186 -1669 297 144 -1058 -193
981 182 -1668 302 144 -1058 -199
982 182 -1670 300 145 -1059 -196
983 183 -1670 299 147 -1060 -192
984 184 -1669 301 144 -1058 -195
985 184 -1661 299 143 -1060 -198
986 181 -1669 297 143 -1059 -196
987 183 -1668 299 140 -1062 -193
988 182 -1668 300 142 -1058 -195
989 181 -1668 301 144 -1054 -195
990 181 -1668 299 145 -1057 -191
991 181 -1668 301 145 -1057 -193
992 183 -1668 298 147 -1056 -188
993 182 -1670 302 150 -1053 -191
994 187 -1672 301 148 -1052 -194
995 184 -1665 301 150 -1053 -193
996 184 -1666 302 153 -1052 -189
997 184 -1667 301 152 -1052 -192
998 185 -1667 303 151 -1047 -187
999 183 -1664 302 152 -1048 -190
0 -3648 -1580 598 -3754 -4777 -160
1 -3657 -1582 597 -3752 -4772 -159
2 -3666 -1581 595 -3753 -4772 -165
3 -3673 -1583 592 -3750 -4772 -166
4 -3679 -1582 595 -3745 -4763 -164
5 -3681 -1581 595 -3745 -4763 -167
6 -3689 -1582 594 -3743 -4761 -165
7 -3691 -1582 595 -3741 -4759 -168
8 -3697 -1581 593 -3735 -4755 -167
9 -3700 -1581 597 -3735 -4753 -167
10 -3705 -1582 591 -3732 -4753 -171
11 -3706 -1582 593 -3732 -4751 -170
12 -3714 -1584 595 -3729 -4748 -171
13 -3716 -1585 593 -3730 -4747 -171
14 -3718 -1583 592 -3727 -4748 -170
15 -3722 -1585 592 -3725 -4745 -172
16 -3722 -1585 594 -3723 -4748 -170
17 -3721 -1585 596 -3731 -4746 -167
18 -3721 -1584 595 -3726 -4746 -167
19 -3720 -1585 594 -3729 -4749 -170
20 -3714 -1586 594 -3726 -4746 -168
21 -3708 -1583 595 -3733 -4750 -166
22 -3709 -1582 595 -3736 -4752 -163
23 -3704 -1581 595 -3742 -4757 -163
24 -3702 -1586 596 -3746 -4758 -164
25 -3693 -1583 593 -3747 -4759 -167
26 -3682 -1584 593 -3752 -4765 -166
27 -3674 -1582 595 -3755 -4768 -166
28 -3665 -1581 594 -3759 -4771 -162
29 -3663 -1581 595 -3766 -4774 -165
30 -3654 -1584 597 -3771 -4776 -165
31 -3640 -1583 595 -3773 -4773 -161
32 -3636 -1578 598 -3779 -4779 -164
33 -3633 -1582 595 -3782 -4784 -157
34 -3623 -1587 593 -3789 -4787 -162
35 -3615 -1583 599 -3786 -4785 -160
36 -3611 -1583 598 -3789 -4789 -159
37 -3603 -1586 595 -3792 -4787 -160
38 -3594 -1587 593 -3792 -4790 -159
39 -3591 -1586 597 -3795 -4797 -158
40 -3585 -1587 597 -3796 -4793 -157
41 -3583 -1590 599 -3798 -4799 -160
42 -3579 -1585 598 -3799 -4797 -156
43 -3575 -1586 591 -3795 -4801 -157
44 -3570 -1584 594 -3800 -4801 -159
45 -3572 -1584 595 -3802 -4805 -158
46 -3572 -1586 591 -3799 -4808 -158
47 -3574 -1586 595 -3799 -4804 -161
48 -3572 -1590 591 -3798 -4812 -161
49 -3572 -1586 593 -3797 -4812 -159
50 -3576 -1586 590 -3795 -4811 -164
51 -3582 -1586 589 -3793 -4810 -162
52 -3582 -1584 593 -3790 -4813 -162
53 -3583 -1588 591 -3789 -4811 -162
54 -3591 -1586 589 -3789 -4813 -160
55 -3595 -1585 586 -3786 -4810 -165
56 -3599 -1590 588 -3785 -4810 -160
57 -3604 -1588 590 -3777 -4806 -161
58 -3609 -1589 589 -3778 -4805 -162
59 -3614 -1590 590 -3775 -4804 -162
60 -3616 -1589 593 -3773 -4799 -161
61 -3616 -1585 590 -3774 -4800 -161
62 -3622 -1587 591 -3766 -4799 -161
63 -3624 -1584 591 -3769 -4799 -160
64 -3626 -1585 591 -3765 -4797 -157
65 -3630 -1585 597 -3768 -4792 -159
66 -3630 -1583 591 -3769 -4794 -158
67 -3630 -1585 593 -3770 -4795 -163
68 -3635 -1587 594 -3773 -4795 -161
69 -3634 -1585 593 -3772 -4791 -163
70 -3635 -1584 592 -3773 -4791 -160
71 -3636 -1582 595 -3775 -4787 -159
72 -3637 -1582 594 -3772 -4786 -160
73 -3637 -1583 595 -3772 -4790 -163
74 -3639 -1582 599 -3779 -4787 -165
75 -3641 -1583 593 -3777 -4790 -163
76 -3642 -1582 594 -3778 -4787 -159
77 -3643 -1581 597 -3776 -4784 -159
78 -3643 -1582 597 -3778 -4786 -159
79 -3643 -1584 593 -3780 -4784 -160
80 -3644 -1584 598 -3781 -4782 -161
81 -3643 -1586 595 -3781 -4783 -161
82 -3639 -1584 596 -3783 -4781 -160
83 -3637 -1586 593 -3782 -4781 -158
84 -3634 -1588 598 -3781 -4781 -160
85 -3627 -1589 592 -3784 -4784 -158
86 -3616 -1583 598 -3791 -4787 -159
87 -3612 -1587 592 -3788 -4790 -157
88 -3606 -1582 592 -3789 -4788 -162
89 -3605 -1586 594 -3794 -4797 -162
90 -3598 -1590 592 -3794 -4798 -162
91 -3595 -1586 592 -3793 -4798 -161
92 -3591 -1586 588 -3798 -4804 -164
93 -3588 -1586 589 -3792 -4805 -163
94 -3580 -1586 591 -3793 -4806 -161
95 -3583 -1589 589 -3793 -4809 -163
96 -3580 -1589 591 -3791 -4811 -164
97 -3582 -1587 592 -3790 -4813 -163
98 -3582 -1587 589 -3785 -4815 -163
99 -3588 -1590 590 -3787 -4816 -163
100 -3588 -1588 589 -3780 -4816 -164
101 -3592 -1587 588 -3778 -4817 -163
102 -3597 -1591 588 -3774 -4813 -160
103 -3597 -1586 592 -3772 -4814 -162
104 -3602 -1588 590 -3765 -4813 -162
105 -3606 -1587 587 -3764 -4811 -164
106 -3607 -1585 593 -3759 -4811 -161
107 -3614 -1587 593 -3758 -4810 -160
108 -3616 -1586 595 -3755 -4809 -162
109 -3620 -1583 595 -3753 -4805 -162
110 -3624 -1584 591 -3757 -4806 -161
111 -3634 -1585 589 -3755 -4801 -166
112 -3637 -1582 592 -3756 -4801 -161
113 -3643 -1581 594 -3755 -4799 -163
114 -3643 -1582 590 -3754 -4794 -164
115 -3652 -1580 595 -3753 -4790 -165
116 -3655 -1579 592 -3753 -4788 -164
117 -3659 -1582 596 -3751 -4784 -164
118 -3662 -1581 594 -3749 -4781 -164
119 -3667 -1582 596 -3747 -4779 -165
120 -3671 -1577 594 -3749 -4778 -165
121 -3681 -1580 595 -3748 -4774 -168
122 -3681 -1582 595 -3743 -4771 -164
123 -3688 -1583 597 -3742 -4767 -166
124 -3690 -1585 595 -3743 -4762 -163
125 -3690 -1583 597 -3740 -4758 -168
126 -3691 -1583 596 -3738 -4755 -164
127 -3692 -1582 596 -3739 -4754 -163
128 -3690 -1579 597 -3739 -4753 -160
129 -3688 -1581 595 -3740 -4752 -161
130 -3686 -1583 596 -3742 -4752 -161
131 -3684 -1584 597 -3747 -4752 -161
132 -3682 -1582 598 -3750 -4753 -163
133 -3682 -1585 600 -3753 -4752 -162
134 -3679 -1586 597 -3755 -4750 -166
135 -3675 -1583 597 -3759 -4754 -161
136 -3672 -1583 598 -3757 -4753 -162
137 -3669 -1587 598 -3766 -4756 -165
138 -3665 -1586 596 -3772 -4758 -165
139 -3660 -1584 594 -3773 -4757 -163
140 -3658 -1584 592 -3775 -4759 -166
141 -3654 -1586 594 -3780 -4760 -164
142 -3651 -1588 594 -3784 -4765 -166
143 -3647 -1586 590 -3785 -4760 -160
144 -3641 -1592 593 -3790 -4767 -163
145 -3636 -1590 593 -3794 -4768 -165
146 -3630 -1591 593 -3796 -4770 -159
147 -3625 -1593 595 -3797 -4774 -160
148 -3616 -1593 592 -3802 -4775 -162
149 -3607 -1590 594 -3798 -4779 -162
150 -3598 -1592 593 -3802 -4783 -158
151 -3592 -1592 591 -3803 -4785 -161
152 -3583 -1592 590 -3805 -4790 -158
153 -3576 -1589 593 -3811 -4796 -159
154 -3574 -1588 590 -3815 -4803 -160
155 -3569 -1590 593 -3816 -4804 -158
156 -3569 -1586 593 -3814 -4808 -158
157 -3566 -1592 596 -3818 -4812 -157
158 -3563 -1591 595 -3818 -4814 -162
159 -3564 -1588 594 -3818 -4817 -157
160 -3562 -1589 593 -3817 -4821 -161
161 -3562 -1585 593 -3818 -4824 -157
162 -3563 -1584 593 -3818 -4828 -161
163 -3567 -1585 593 -3811 -4828 -160
164 -3572 -1587 589 -3812 -4832 -160
165 -3571 -1584 589 -3810 -4830 -157
166 -3578 -1587 589 -3806 -4832 -157
167 -3578 -1588 591 -3805 -4834 -160
168 -3585 -1586 593 -3799 -4831 -155
169 -3584 -1586 589 -3798 -4831 -154
170 -3586 -1590 591 -3796 -4831 -158
171 -3582 -1590 589 -3793 -4834 -159
172 -3584 -1588 590 -3787 -4832 -158
173 -3582 -1588 592 -3787 -4834 -157
174 -3583 -1585 589 -3781 -4834 -161
175 -3584 -1586 590 -3777 -4835 -161
176 -3584 -1587 587 -3775 -4833 -162
177 -3588 -1584 590 -3775 -4832 -162
178 -3594 -1589 588 -3772 -4832 -164
179 -3595 -1587 586 -3770 -4830 -162
180 -3599 -1587 588 -3768 -4828 -165
181 -3607 -1587 588 -3761 -4826 -163
182 -3611 -1588 587 -3754 -4820 -165
183 -3616 -1585 591 -3757 -4820 -167
184 -3625 -1583 591 -3748 -4815 -168
185 -3630 -1585 588 -3753 -4813 -164
186 -3640 -1586 585 -3746 -4808 -168
187 -3642 -1589 583 -3749 -4802 -168
188 -3649 -1586 585 -3747 -4791 -164
189 -3658 -1588 587 -3743 -4791 -166
190 -3663 -1589 590 -3740 -4782 -163
191 -3668 -1584 591 -3743 -4778 -167
192 -3671 -1588 591 -3743 -4769 -164
193 -3675 -1588 594 -3741 -4765 -163
194 -3673 -1588 593 -3743 -4762 -163
195 -3675 -1580 593 -3743 -4757 -166
196 -3674 -1580 601 -3743 -4752 -163
197 -3678 -1581 598 -3749 -4750 -165
198 -3677 -1580 597 -3752 -4749 -165
199 -3677 -1583 595 -3753 -4744 -162
200 -3675 -1581 599 -3756 -4741 -166
201 -3675 -1584 596 -3760 -4739 -167
202 -3674 -1584 600 -3762 -4736 -165
203 -3674 -1582 602 -3760 -4735 -161
204 -3672 -1584 601 -3767 -4736 -165
205 -3674 -1583 600 -3766 -4735 -164
206 -3678 -1586 603 -3766 -4735 -165
207 -3680 -1582 599 -3769 -4739 -166
208 -3676 -1585 593 -3764 -4740 -162
209 -3675 -1581 599 -3765 -4740 -163
210 -3679 -1584 594 -3767 -4746 -163
211 -3676 -1584 594 -3763 -4750 -164
212 -3678 -1580 597 -3765 -4750 -165
213 -3673 -1584 597 -3762 -4752 -160
214 -3671 -1584 596 -3762 -4759 -161
215 -3671 -1584 595 -3762 -4760 -161
216 -3663 -1584 598 -3759 -4771 -162
217 -3660 -1585 598 -3762 -4775 -161
218 -3653 -1584 594 -3763 -4785 -165
219 -3649 -1581 594 -3767 -4793 -163
220 -3644 -1583 594 -3762 -4798 -164
221 -3634 -1583 594 -3764 -4798 -165
222 -3628 -1586 593 -3766 -4809 -163
223 -3625 -1586 591 -3769 -4813 -163
224 -3617 -1588 588 -3768 -4820 -166
225 -3612 -1589 589 -3769 -4820 -167
226 -3606 -1586 589 -3772 -4828 -163
227 -3598 -1587 589 -3775 -4830 -163
228 -3594 -1587 590 -3779 -4833 -164
229 -3594 -1591 586 -3778 -4837 -166
230 -3587 -1594 587 -3780 -4836 -162
231 -3579 -1588 589 -3780 -4838 -162
232 -3574 -1585 590 -3785 -4835 -160
233 -3575 -1592 589 -3787 -4838 -159
234 -3571 -1590 586 -3787 -4838 -159
235 -3567 -1590 587 -3790 -4835 -159
236 -3566 -1588 591 -3790 -4836 -159
237 -3562 -1586 591 -3791 -4830 -156
238 -3563 -1586 595 -3797 -4833 -158
239 -3562 -1584 590 -3801 -4829 -156
240 -3562 -1584 593 -3804 -4826 -155
241 -3562 -1586 593 -3803 -4828 -158
242 -3567 -1585 593 -3806 -4820 -155
243 -3566 -1586 593 -3808 -4819 -158
244 -3570 -1585 595 -3806 -4817 -158
245 -3570 -1583 596 -3808 -4814 -155
246 -3572 -1585 593 -3810 -4812 -158
247 -3578 -1585 596 -3811 -4807 -158
248 -3583 -1585 595 -3809 -4801 -158
249 -3588 -1585 594 -3809 -4795 -159
250 -3596 -1585 594 -3809 -4787 -159
251 -3599 -1587 593 -3809 -4787 -160
252 -3604 -1587 596 -3803 -4784 -158
253 -3611 -1590 596 -3804 -4775 -160
254 -3619 -1590 596 -3797 -4769 -158
255 -3624 -1586 597 -3791 -4766 -161
256 -3633 -1588 599 -3788 -4765 -161
257 -3635 -1589 594 -3785 -4755 -163
258 -3642 -1585 597 -3780 -4755 -160
259 -3647 -1588 597 -3776 -4748 -161
260 -3655 -1589 596 -3772 -4749 -161
261 -3660 -1583 596 -3773 -4752 -162
262 -3667 -1587 595 -3764 -4752 -166
263 -3674 -1587 594 -3766 -4753 -168
264 -3681 -1588 595 -3759 -4752 -165
265 -3686 -1587 594 -3758 -4754 -172
266 -3688 -1586 594 -3750 -4756 -169
267 -3690 -1587 595 -3751 -4758 -168
268 -3691 -1585 589 -3743 -4758 -171
269 -3694 -1586 592 -3742 -4760 -171
270 -3695 -1584 588 -3739 -4765 -172
271 -3694 -1586 592 -3739 -4769 -173
272 -3694 -1584 591 -3738 -4768 -171
273 -3696 -1588 587 -3736 -4774 -166
274 -3696 -1588 591 -3734 -4775 -165
275 -3691 -1585 594 -3738 -4780 -166
276 -3687 -1587 593 -3739 -4780 -165
277 -3681 -1584 594 -3736 -4778 -164
278 -3677 -1586 592 -3739 -4786 -165
279 -3671 -1585 592 -3740 -4784 -161
280 -3662 -1584 593 -3742 -4785 -163
281 -3654 -1581 595 -3745 -4793 -159
282 -3649 -1581 593 -3751 -4790 -160
283 -3641 -1582 596 -3753 -4797 -161
284 -3633 -1577 592 -3757 -4798 -162
285 -3625 -1579 597 -3759 -4804 -157
286 -3620 -1581 596 -3767 -4805 -159
287 -3615 -1584 595 -3771 -4810 -162
288 -3610 -1585 593 -3778 -4811 -161
289 -3602 -1581 597 -3776 -4815 -161
290 -3595 -1582 593 -3782 -4814 -161
291 -3589 -1583 594 -3786 -4815 -159
292 -3586 -1583 592 -3789 -4816 -160
293 -3581 -1581 592 -3789 -4817 -161
294 -3575 -1581 593 -3793 -4818 -159
295 -3578 -1586 591 -3796 -4820 -160
296 -3574 -1583 594 -3798 -4820 -158
297 -3571 -1586 593 -3796 -4814 -159
298 -3572 -1591 593 -3795 -4820 -158
299 -3575 -1589 595 -3798 -4817 -158
300 -3575 -1592 593 -3793 -4814 -160
301 -3574 -1589 593 -3797 -4811 -155
302 -3576 -1590 594 -3792 -4811 -160
303 -3573 -1588 592 -3794 -4812 -160
304 -3574 -1586 590 -3793 -4810 -164
305 -3574 -1585 592 -3794 -4808 -162
306 -3581 -1586 590 -3794 -4808 -159
307 -3584 -1591 589 -3792 -4808 -163
308 -3588 -1587 590 -3793 -4804 -162
309 -3589 -1592 589 -3790 -4807 -166
310 -3594 -1591 589 -3788 -4798 -162
311 -3596 -1590 590 -3790 -4799 -165
312 -3604 -1590 590 -3786 -4797 -165
313 -3607 -1593 589 -3784 -4791 -166
314 -3610 -1588 589 -3782 -4789 -163
315 -3616 -1588 588 -3779 -4789 -165
316 -3626 -1591 590 -3775 -4785 -169
317 -3629 -1588 585 -3774 -4782 -166
318 -3635 -1587 587 -3772 -4776 -166
319 -3644 -1591 587 -3769 -4775 -160
320 -3647 -1591 592 -3765 -4771 -166
321 -3657 -1588 595 -3765 -4766 -166
322 -3664 -1588 593 -3760 -4761 -164
323 -3671 -1587 594 -3762 -4763 -160
324 -3675 -1587 595 -3758 -4761 -163
325 -3676 -1582 597 -3758 -4761 -162
326 -3678 -1581 596 -3757 -4761 -160
327 -3680 -1579 599 -3758 -4767 -162
328 -3683 -1580 600 -3759 -4765 -162
329 -3687 -1579 597 -3760 -4764 -163
330 -3685 -1582 598 -3761 -4767 -160
331 -3685 -1578 599 -3760 -4770 -159
332 -3685 -1578 599 -3759 -4772 -161
333 -3680 -1580 599 -3761 -4775 -163
334 -3676 -1580 596 -3760 -4775 -160
335 -3671 -1580 598 -3765 -4780 -161
336 -3664 -1579 598 -3763 -4779 -165
337 -3661 -1581 600 -3766 -4785 -161
338 -3659 -1583 596 -3765 -4786 -165
339 -3653 -1581 598 -3769 -4790 -162
340 -3646 -1585 597 -3768 -4793 -161
341 -3641 -1581 593 -3768 -4797 -163
342 -3634 -1584 595 -3766 -4793 -159
343 -3627 -1587 594 -3769 -4796 -162
344 -3621 -1589 592 -3770 -4799 -160
345 -3613 -1586 594 -3771 -4803 -162
346 -3610 -1586 591 -3777 -4806 -159
347 -3608 -1587 591 -3777 -4809 -166
348 -3602 -1585 590 -3777 -4810 -161
349 -3596 -1590 589 -3782 -4815 -164
350 -3591 -1591 586 -3785 -4820 -163
351 -3585 -1588 588 -3783 -4818 -165
352 -3582 -1588 587 -3787 -4820 -164
353 -3578 -1591 587 -3789 -4820 -162
354 -3576 -1587 585 -3793 -4820 -163
355 -3571 -1589 587 -3794 -4823 -165
356 -3568 -1590 588 -3797 -4818 -164
357 -3569 -1589 586 -3796 -4817 -163
358 -3567 -1592 586 -3799 -4820 -161
359 -3568 -1594 586 -3805 -4823 -166
360 -3570 -1594 587 -3803 -4810 -169
361 -3570 -1592 587 -3801 -4809 -163
362 -3570 -1592 591 -3801 -4806 -159
363 -3575 -1590 588 -3801 -4801 -157
364 -3576 -1595 592 -3799 -4795 -159
365 -3578 -1589 593 -3799 -4794 -157
366 -3584 -1590 593 -3798 -4793 -156
367 -3588 -1586 595 -3800 -4787 -159
368 -3591 -1586 596 -3798 -4781 -158
369 -3598 -1590 594 -3794 -4779 -159
370 -3604 -1584 597 -3793 -4777 -159
371 -3613 -1584 600 -3792 -4775 -159
372 -3619 -1582 595 -3789 -4771 -161
373 -3624 -1586 598 -3784 -4769 -161
374 -3633 -1582 597 -3784 -4770 -158
375 -3641 -1583 598 -3778 -4762 -161
376 -3648 -1579 598 -3778 -4763 -163
377 -3660 -1580 597 -3775 -4760 -162
378 -3667 -1579 598 -3770 -4763 -158
379 -3673 -1580 598 -3765 -4760 -163
380 -3684 -1580 598 -3759 -4760 -163
381 -3695 -1580 600 -3754 -4764 -165
382 -3698 -1582 595 -3751 -4764 -169
383 -3702 -1583 596 -3743 -4760 -164
384 -3709 -1585 593 -3738 -4762 -167
385 -3711 -1584 596 -3733 -4763 -165
386 -3714 -1583 594 -3727 -4764 -169
387 -3714 -1586 594 -3723 -4770 -167
388 -3717 -1587 594 -3721 -4770 -165
389 -3712 -1581 593 -3716 -4774 -164
390 -3707 -1584 595 -3718 -4779 -169
391 -3699 -1583 588 -3720 -4782 -168
392 -3697 -1586 590 -3720 -4786 -167
393 -3689 -1584 587 -3720 -4792 -170
394 -3688 -1586 587 -3722 -4796 -172
395 -3678 -1586 585 -3729 -4797 -166
396 -3669 -1588 589 -3730 -4802 -171
397 -3659 -1585 589 -3731 -4803 -168
398 -3651 -1585 592 -3736 -4807 -167
399 -3640 -1588 584 -3741 -4807 -167
400 -3632 -1586 585 -3746 -4812 -168
401 -3623 -1582 589 -3752 -4812 -163
402 -3619 -1586 588 -3759 -4815 -166
403 -3612 -1584 590 -3759 -4811 -165
404 -3607 -1587 589 -3765 -4814 -167
405 -3603 -1589 588 -3771 -4812 -165
406 -3596 -1587 591 -3778 -4810 -159
407 -3592 -1588 588 -3780 -4808 -160
408 -3591 -1586 595 -3788 -4805 -156
409 -3587 -1583 592 -3790 -4804 -157
410 -3584 -1585 597 -3790 -4801 -151
411 -3578 -1584 599 -3801 -4800 -153
412 -3575 -1583 601 -3805 -4798 -154
413 -3573 -1582 597 -3811 -4803 -155
414 -3571 -1582 600 -3821 -4804 -156
415 -3570 -1586 594 -3821 -4802 -155
416 -3565 -1583 597 -3826 -4797 -153
417 -3563 -1585 595 -3830 -4796 -153
418 -3559 -1584 597 -3836 -4796 -155
419 -3564 -1585 598 -3836 -4797 -155
420 -3563 -1586 596 -3838 -4795 -155
421 -3559 -1585 598 -3834 -4794 -158
422 -3566 -1583 596 -3835 -4794 -157
423 -3566 -1586 600 -3830 -4791 -159
424 -3573 -1586 595 -3832 -4794 -159
425 -3577 -1591 596 -3825 -4795 -161
426 -3578 -1587 596 -3818 -4790 -161
427 -3585 -1591 594 -3815 -4789 -160
428 -3594 -1592 594 -3811 -4790 -161
429 -3603 -1593 592 -3807 -4787 -160
430 -3608 -1588 593 -3798 -4786 -165
431 -3618 -1591 590 -3792 -4787 -161
432 -3625 -1593 593 -3787 -4784 -161
433 -3632 -1590 593 -3782 -4785 -160
434 -3638 -1591 591 -3775 -4785 -164
435 -3643 -1585 590 -3774 -4785 -162
436 -3647 -1588 595 -3772 -4789 -164
437 -3650 -1588 589 -3770 -4788 -167
438 -3650 -1586 590 -3767 -4789 -164
439 -3655 -1587 593 -3763 -4791 -164
440 -3655 -1588 591 -3764 -4792 -168
441 -3652 -1588 592 -3764 -4791 -164
442 -3654 -1589 591 -3762 -4791 -163
443 -3650 -1587 589 -3761 -4790 -167
444 -3648 -1587 593 -3759 -4792 -166
445 -3642 -1584 589 -3761 -4795 -166
446 -3650 -1587 593 -3763 -4794 -167
447 -3642 -1589 587 -3762 -4792 -159
448 -3640 -1585 590 -3764 -4787 -161
449 -3641 -1583 591 -3764 -4791 -161
450 -3637 -1584 594 -3761 -4792 -163
451 -3635 -1585 596 -3762 -4789 -161
452 -3634 -1585 595 -3763 -4788 -158
453 -3630 -1584 594 -3765 -4790 -157
454 -3622 -1581 595 -3764 -4784 -158
455 -3617 -1581 599 -3767 -4785 -155
456 -3615 -1578 603 -3766 -4788 -157
457 -3614 -1579 597 -3772 -4787 -156
458 -3611 -1579 595 -3774 -4789 -157
459 -3611 -1580 597 -3775 -4792 -160
460 -3611 -1584 596 -3779 -4791 -160
461 -3603 -1583 595 -3776 -4788 -159
462 -3607 -1583 595 -3779 -4791 -158
463 -3606 -1580 596 -3780 -4792 -162
464 -3603 -1587 594 -3778 -4792 -160
465 -3605 -1585 596 -3781 -4791 -161
466 -3605 -1586 595 -3774 -4791 -163
467 -3612 -1584 594 -3776 -4792 -164
468 -3613 -1587 589 -3777 -4795 -169
469 -3619 -1586 587 -3772 -4791 -169
470 -3626 -1589 594 -3771 -4794 -165
471 -3629 -1589 591 -3766 -4792 -167
472 -3636 -1590 589 -3762 -4790 -166
473 -3643 -1590 591 -3755 -4785 -167
474 -3645 -1589 589 -3750 -4790 -170
475 -3649 -1588 588 -3748 -4787 -168
476 -3655 -1589 587 -3748 -4786 -166
477 -3656 -1588 588 -3742 -4789 -172
478 -3657 -1586 590 -3744 -4792 -169
479 -3662 -1587 587 -3743 -4793 -171
480 -3666 -1588 588 -3739 -4796 -174
481 -3668 -1588 587 -3742 -4791 -167
482 -3668 -1587 589 -3739 -4793 -170
483 -3666 -1588 587 -3735 -4792 -170
484 -3671 -1589 587 -3738 -4789 -175
485 -3672 -1585 593 -3741 -4791 -169
486 -3672 -1589 591 -3741 -4789 -174
487 -3673 -1579 592 -3737 -4788 -170
488 -3675 -1582 591 -3743 -4786 -166
489 -3677 -1581 591 -3746 -4788 -168
490 -3678 -1584 590 -3745 -4780 -165
491 -3679 -1582 600 -3751 -4778 -168
492 -3686 -1582 595 -3751 -4779 -163
493 -3685 -1581 596 -3752 -4778 -161
494 -3686 -1582 597 -3753 -4773 -162
495 -3686 -1581 600 -3755 -4773 -158
496 -3682 -1580 599 -3763 -4777 -157
497 -3678 -1584 597 -3760 -4772 -158
498 -3674 -1581 601 -3767 -4770 -157
499 -3668 -1579 597 -3771 -4771 -155
500 -3656 -1580 601 -3779 -4779 -160
501 -3649 -1580 597 -3782 -4778 -157
502 -3645 -1583 597 -3786 -4780 -159
503 -3637 -1582 597 -3793 -4780 -161
504 -3623 -1588 598 -3797 -4783 -162
505 -3612 -1585 599 -3802 -4786 -159
506 -3601 -1587 595 -3803 -4787 -161
507 -3595 -1588 593 -3808 -4791 -162
508 -3588 -1588 594 -3811 -4793 -163
509 -3581 -1591 591 -3811 -4792 -159
510 -3571 -1590 592 -3811 -4800 -162
511 -3568 -1591 589 -3816 -4800 -162
512 -3569 -1592 584 -3812 -4801 -163
513 -3566 -1596 587 -3813 -4802 -161
514 -3562 -1592 586 -3810 -4804 -162
515 -3564 -1598 585 -3813 -4807 -160
516 -3563 -1596 585 -3808 -4805 -160
517 -3566 -1597 588 -3808 -4809 -160
518 -3568 -1599 586 -3804 -4810 -162
519 -3567 -1594 589 -3804 -4809 -162
520 -3564 -1595 590 -3803 -4810 -162
521 -3563 -1591 589 -3800 -4814 -160
522 -3566 -1590 586 -3803 -4818 -163
523 -3568 -1592 588 -3800 -4814 -164
524 -3568 -1591 586 -3799 -4820 -158
525 -3568 -1591 586 -3796 -4820 -157
526 -3567 -1590 588 -3796 -4824 -158
527 -3565 -1591 588 -3796 -4824 -159
528 -3571 -1589 589 -3797 -4822 -162
529 -3568 -1592 588 -3792 -4818 -163
530 -3574 -1586 593 -3791 -4819 -163
531 -3571 -1586 590 -3792 -4816 -164
532 -3580 -1587 589 -3786 -4812 -160
533 -3586 -1589 593 -3787 -4812 -163
534 -3593 -1585 594 -3787 -4810 -161
535 -3599 -1587 590 -3781 -4805 -160
536 -3606 -1582 591 -3783 -4802 -158
537 -3622 -1583 593 -3780 -4794 -158
538 -3625 -1583 593 -3779 -4792 -156
539 -3632 -1584 595 -3778 -4789 -156
540 -3646 -1583 598 -3774 -4784 -155
541 -3649 -1584 596 -3771 -4785 -157
542 -3656 -1581 604 -3769 -4777 -158
543 -3660 -1578 600 -3767 -4777 -159
544 -3665 -1575 598 -3771 -4780 -160
545 -3674 -1579 598 -3768 -4778 -165
546 -3678 -1581 598 -3766 -4776 -163
547 -3678 -1582 597 -3766 -4778 -162
548 -3677 -1580 595 -3765 -4777 -163
549 -3678 -1580 595 -3765 -4778 -166
550 -3677 -1583 592 -3770 -4778 -167
551 -3676 -1586 589 -3766 -4781 -170
552 -3676 -1588 592 -3764 -4779 -170
553 -3675 -1592 587 -3768 -4778 -174
554 -3673 -1593 587 -3769 -4785 -174
555 -3674 -1593 586 -3767 -4779 -178
556 -3670 -1594 587 -3763 -4781 -173
557 -3669 -1592 587 -3766 -4778 -173
558 -3669 -1592 585 -3762 -4777 -175
559 -3667 -1593 586 -3760 -4779 -173
560 -3663 -1594 586 -3757 -4775 -173
561 -3661 -1593 585 -3757 -4777 -172
562 -3660 -1594 586 -3758 -4777 -171
563 -3657 -1596 585 -3758 -4781 -170
564 -3656 -1596 587 -3754 -4780 -169
565 -3652 -1592 586 -3755 -4783 -171
566 -3645 -1590 589 -3762 -4790 -171
567 -3645 -1590 586 -3758 -4790 -170
568 -3641 -1591 585 -3760 -4792 -172
569 -3635 -1587 586 -3759 -4790 -169
570 -3626 -1589 592 -3760 -4791 -167
571 -3623 -1588 587 -3759 -4792 -163
572 -3617 -1587 587 -3763 -4789 -163
573 -3613 -1581 592 -3765 -4794 -163
574 -3610 -1588 592 -3762 -4792 -160
575 -3607 -1584 590 -3766 -4794 -159
576 -3612 -1582 596 -3766 -4791 -162
577 -3612 -1587 594 -3763 -4790 -162
578 -3612 -1584 599 -3764 -4786 -158
579 -3618 -1584 596 -3764 -4786 -159
580 -3620 -1582 596 -3760 -4785 -158
581 -3621 -1583 595 -3760 -4781 -160
582 -3628 -1583 597 -3759 -4782 -159
583 -3634 -1583 595 -3757 -4778 -158
584 -3642 -1582 593 -3757 -4775 -159
585 -3642 -1577 597 -3758 -4778 -161
586 -3648 -1578 593 -3763 -4778 -157
587 -3654 -1579 593 -3760 -4778 -159
588 -3661 -1581 597 -3759 -4782 -162
589 -3664 -1583 596 -3759 -4783 -166
590 -3667 -1585 591 -3759 -4781 -167
591 -3667 -1583 596 -3758 -4783 -168
592 -3671 -1587 593 -3760 -4789 -167
593 -3667 -1583 591 -3761 -4788 -166
594 -3665 -1584 586 -3763 -4788 -166
595 -3663 -1584 588 -3765 -4794 -169
596 -3661 -1585 588 -3761 -4794 -167
597 -3658 -1587 588 -3765 -4795 -170
598 -3662 -1587 590 -3768 -4797 -171
599 -3658 -1588 585 -3770 -4799 -170
600 -3654 -1590 587 -3769 -4798 -169
601 -3651 -1592 591 -3772 -4797 -168
602 -3644 -1592 592 -3772 -4799 -167
603 -3643 -1592 591 -3774 -4799 -164
604 -3638 -1592 591 -3777 -4801 -161
605 -3633 -1591 590 -3779 -4800 -162
606 -3628 -1584 590 -3786 -4798 -161
607 -3622 -1586 591 -3789 -4798 -160
608 -3617 -1586 593 -3792 -4799 -159
609 -3608 -1584 593 -3799 -4801 -159
610 -3605 -1592 591 -3802 -4801 -158
611 -3602 -1589 596 -3806 -4801 -161
612 -3596 -1586 594 -3811 -4800 -160
613 -3588 -1590 595 -3815 -4798 -157
614 -3579 -1590 593 -3817 -4800 -158
615 -3570 -1587 594 -3822 -4801 -154
616 -3566 -1586 595 -3824 -4799 -155
617 -3557 -1587 595 -3825 -4801 -156
618 -3550 -1584 594 -3832 -4799 -157
619 -3546 -1588 595 -3830 -4801 -153
620 -3545 -1586 595 -3828 -4799 -157
621 -3537 -1589 591 -3830 -4795 -155
622 -3539 -1590 596 -3829 -4797 -153
623 -3538 -1589 596 -3827 -4791 -156
624 -3538 -1592 597 -3824 -4792 -154
625 -3545 -1592 597 -3819 -4797 -160
626 -3543 -1591 596 -3817 -4787 -154
627 -3550 -1590 596 -3810 -4788 -155
628 -3558 -1586 599 -3806 -4788 -157
629 -3566 -1585 593 -3800 -4788 -155
630 -3576 -1587 594 -3795 -4788 -159
631 -3583 -1586 592 -3792 -4790 -159
632 -3597 -1588 593 -3784 -4786 -160
633 -3612 -1584 592 -3778 -4788 -160
634 -3628 -1585 591 -3770 -4788 -161
635 -3638 -1589 592 -3767 -4789 -163
636 -3647 -1585 590 -3763 -4791 -163
637 -3658 -1583 592 -3752 -4789 -166
638 -3668 -1584 591 -3748 -4792 -171
639 -3676 -1583 590 -3741 -4791 -169
640 -3681 -1584 595 -3740 -4792 -172
641 -3686 -1583 588 -3737 -4800 -166
642 -3692 -1586 588 -3727 -4793 -167
643 -3692 -1583 585 -3726 -4796 -167
644 -3694 -1582 591 -3723 -4796 -168
645 -3697 -1584 589 -3722 -4793 -167
646 -3698 -1582 588 -3718 -4797 -167
647 -3695 -1585 589 -3719 -4797 -167
648 -3694 -1581 592 -3716 -4796 -164
649 -3693 -1581 595 -3712 -4796 -163
650 -3687 -1582 594 -3721 -4799 -163
651 -3687 -1579 593 -3721 -4797 -161
652 -3685 -1577 594 -3723 -4800 -167
653 -3685 -1580 594 -3733 -4798 -163
654 -3681 -1580 593 -3737 -4798 -162
655 -3679 -1580 595 -3742 -4799 -168
656 -3673 -1579 594 -3748 -4799 -162
657 -3665 -1583 594 -3754 -4797 -162
658 -3662 -1579 595 -3759 -4797 -163
659 -3655 -1582 595 -3768 -4798 -163
660 -3646 -1583 593 -3777 -4795 -157
661 -3635 -1581 595 -3781 -4792 -159
662 -3627 -1582 594 -3791 -4794 -160
663 -3614 -1586 591 -3794 -4796 -162
664 -3609 -1588 589 -3803 -4790 -159
665 -3595 -1587 593 -3808 -4790 -159
666 -3586 -1592 591 -3813 -4789 -162
667 -3576 -1593 594 -3821 -4785 -162
668 -3567 -1592 593 -3822 -4787 -158
669 -3559 -1594 593 -3825 -4779 -158
670 -3550 -1594 595 -3830 -4784 -161
671 -3542 -1593 591 -3830 -4780 -157
672 -3540 -1590 597 -3832 -4779 -157
673 -3537 -1592 596 -3834 -4779 -163
674 -3540 -1592 592 -3831 -4781 -163
675 -3542 -1596 588 -3834 -4781 -159
676 -3546 -1594 587 -3827 -4781 -164
677 -3551 -1593 593 -3820 -4780 -165
678 -3556 -1592 589 -3821 -4777 -162
679 -3564 -1594 593 -3815 -4781 -165
680 -3572 -1591 590 -3812 -4781 -165
681 -3586 -1593 589 -3803 -4776 -164
682 -3595 -1591 592 -3798 -4781 -166
683 -3605 -1588 591 -3789 -4780 -168
684 -3617 -1589 592 -3780 -4782 -168
685 -3627 -1588 591 -3778 -4784 -166
686 -3640 -1586 589 -3771 -4782 -165
687 -3651 -1590 589 -3760 -4785 -165
688 -3659 -1587 589 -3754 -4783 -160
689 -3673 -1583 592 -3742 -4779 -166
690 -3676 -1584 593 -3738 -4778 -164
691 -3686 -1583 593 -3729 -4777 -160
692 -3693 -1581 597 -3720 -4776 -161
693 -3701 -1579 597 -3717 -4778 -160
694 -3706 -1576 599 -3713 -4783 -166
695 -3712 -1577 600 -3713 -4782 -163
696 -3715 -1575 601 -3707 -4784 -163
697 -3721 -1576 596 -3706 -4782 -166
698 -3728 -1575 597 -3707 -4787 -164
699 -3723 -1575 598 -3707 -4789 -165
700 -3727 -1578 597 -3708 -4789 -162
701 -3723 -1574 593 -3708 -4788 -167
702 -3721 -1575 595 -3710 -4786 -166
703 -3717 -1577 595 -3716 -4789 -162
704 -3712 -1578 594 -3719 -4791 -166
705 -3705 -1577 594 -3724 -4789 -166
706 -3700 -1580 592 -3733 -4789 -167
707 -3692 -1579 596 -3730 -4786 -169
708 -3686 -1581 590 -3742 -4792 -168
709 -3681 -1585 592 -3750 -4791 -174
710 -3671 -1587 588 -3752 -4790 -162
711 -3660 -1587 589 -3759 -4786 -164
712 -3648 -1586 591 -3767 -4788 -167
713 -3639 -1589 591 -3775 -4790 -165
714 -3624 -1590 591 -3785 -4787 -164
715 -3618 -1588 589 -3789 -4788 -161
716 -3605 -1590 592 -3797 -4785 -164
717 -3594 -1591 590 -3806 -4792 -158
718 -3588 -1591 588 -3818 -4791 -166
719 -3579 -1589 591 -3822 -4795 -164
720 -3566 -1594 593 -3832 -4796 -162
721 -3554 -1594 589 -3836 -4796 -162
722 -3545 -1590 588 -3840 -4797 -158
723 -3537 -1595 590 -3840 -4799 -164
724 -3530 -1594 588 -3842 -4800 -160
725 -3526 -1594 590 -3845 -4804 -158
726 -3518 -1591 593 -3848 -4806 -162
727 -3515 -1593 589 -3850 -4807 -160
728 -3513 -1592 587 -3852 -4812 -160
729 -3514 -1596 587 -3848 -4810 -159
730 -3512 -1594 591 -3844 -4812 -154
731 -3514 -1595 589 -3838 -4810 -156
732 -3518 -1594 589 -3835 -4811 -155
733 -3524 -1589 591 -3829 -4807 -156
734 -3535 -1592 590 -3821 -4812 -157
735 -3539 -1588 591 -3815 -4811 -155
736 -3546 -1592 595 -3805 -4811 -155
737 -3555 -1588 596 -3803 -4813 -153
738 -3565 -1587 591 -3795 -4812 -158
739 -3579 -1581 592 -3789 -4812 -155
740 -3588 -1585 591 -3785 -4818 -160
741 -3604 -1587 590 -3777 -4818 -162
742 -3618 -1585 588 -3770 -4818 -160
743 -3630 -1582 588 -3762 -4818 -164
744 -3643 -1580 589 -3753 -4817 -164
745 -3652 -1581 590 -3748 -4818 -166
746 -3663 -1578 589 -3738 -4818 -163
747 -3667 -1581 590 -3733 -4819 -169
748 -3682 -1578 588 -3727 -4816 -172
749 -3684 -1579 588 -3723 -4815 -169
750 -3692 -1583 588 -3721 -4814 -170
751 -3698 -1580 590 -3716 -4813 -169
752 -3704 -1581 590 -3712 -4811 -168
753 -3705 -1583 589 -3710 -4810 -168
754 -3705 -1583 586 -3706 -4809 -167
755 -3709 -1585 590 -3706 -4804 -167
756 -3711 -1581 585 -3708 -4802 -167
757 -3707 -1583 586 -3709 -4801 -166
758 -3707 -1580 590 -3713 -4802 -168
759 -3702 -1580 594 -3714 -4797 -171
760 -3703 -1580 591 -3717 -4795 -165
761 -3698 -1581 591 -3723 -4796 -167
762 -3694 -1584 589 -3725 -4793 -169
763 -3689 -1581 592 -3734 -4788 -167
764 -3682 -1585 591 -3740 -4789 -168
765 -3674 -1583 589 -3745 -4786 -165
766 -3673 -1585 593 -3753 -4781 -165
767 -3663 -1584 591 -3763 -4785 -167
768 -3655 -1586 593 -3769 -4782 -164
769 -3645 -1586 593 -3779 -4778 -162
770 -3630 -1585 594 -3786 -4776 -160
771 -3625 -1586 596 -3797 -4776 -160
772 -3615 -1591 590 -3803 -4776 -161
773 -3606 -1590 593 -3816 -4772 -158
774 -3597 -1592 595 -3823 -4770 -160
775 -3588 -1592 599 -3830 -4767 -159
776 -3578 -1593 595 -3831 -4766 -157
777 -3570 -1597 596 -3838 -4764 -159
778 -3559 -1597 597 -3840 -4762 -153
779 -3549 -1597 594 -3846 -4761 -156
780 -3543 -1591 595 -3849 -4760 -152
781 -3537 -1592 596 -3849 -4760 -153
782 -3531 -1589 599 -3853 -4761 -158
783 -3534 -1592 597 -3854 -4766 -157
784 -3536 -1595 596 -3853 -4764 -161
785 -3540 -1595 598 -3854 -4769 -158
786 -3545 -1594 593 -3851 -4769 -162
787 -3552 -1600 596 -3845 -4769 -160
788 -3561 -1596 595 -3839 -4772 -160
789 -3564 -1594 595 -3833 -4770 -162
790 -3575 -1594 591 -3827 -4773 -165
791 -3582 -1595 593 -3816 -4773 -161
792 -3593 -1591 594 -3810 -4775 -163
793 -3608 -1589 590 -3802 -4778 -166
794 -3628 -1593 589 -3792 -4775 -165
795 -3642 -1592 590 -3784 -4778 -170
796 -3655 -1593 591 -3774 -4777 -166
797 -3665 -1591 591 -3763 -4778 -169
798 -3680 -1589 590 -3753 -4778 -166
799 -3690 -1590 593 -3739 -4776 -168
800 -3700 -1584 594 -3731 -4780 -169
801 -3708 -1586 591 -3721 -4779 -167
802 -3716 -1581 590 -3717 -4777 -168
803 -3720 -1581 592 -3706 -4779 -169
804 -3728 -1583 596 -3705 -4781 -168
805 -3736 -1579 591 -3705 -4783 -170
806 -3744 -1582 589 -3699 -4786 -172
807 -3750 -1580 593 -3699 -4785 -170
808 -3748 -1580 593 -3694 -4787 -170
809 -3751 -1578 595 -3694 -4791 -170
810 -3748 -1574 597 -3696 -4787 -169
811 -3742 -1574 595 -3698 -4789 -167
812 -3741 -1578 590 -3697 -4794 -169
813 -3737 -1576 593 -3698 -4784 -167
814 -3733 -1577 592 -3703 -4789 -167
815 -3728 -1575 593 -3710 -4788 -167
816 -3722 -1579 591 -3714 -4786 -167
817 -3716 -1579 595 -3722 -4787 -160
818 -3708 -1582 596 -3723 -4782 -164
819 -3695 -1580 598 -3735 -4784 -161
820 -3686 -1582 595 -3741 -4783 -160
821 -3676 -1581 597 -3749 -4781 -158
822 -3664 -1584 596 -3757 -4778 -155
823 -3645 -1579 597 -3765 -4779 -160
824 -3635 -1585 594 -3777 -4784 -161
825 -3620 -1584 593 -3789 -4787 -159
826 -3600 -1587 592 -3796 -4782 -159
827 -3590 -1588 590 -3810 -4788 -159
828 -3577 -1592 593 -3817 -4784 -161
829 -3561 -1591 593 -3825 -4785 -159
830 -3551 -1591 594 -3832 -4791 -161
831 -3540 -1593 590 -3841 -4793 -159
832 -3528 -1598 591 -3845 -4795 -163
833 -3521 -1596 585 -3853 -4799 -162
834 -3513 -1598 585 -3858 -4804 -163
835 -3506 -1594 587 -3862 -4808 -164
836 -3495 -1598 581 -3866 -4809 -161
837 -3496 -1601 584 -3860 -4815 -163
838 -3492 -1602 582 -3859 -4816 -165
839 -3490 -1602 583 -3859 -4822 -166
840 -3491 -1608 582 -3856 -4819 -165
841 -3495 -1605 583 -3850 -4825 -162
842 -3499 -1602 583 -3844 -4828 -165
843 -3504 -1604 581 -3836 -4830 -161
844 -3507 -1600 583 -3832 -4834 -160
845 -3516 -1600 585 -3827 -4837 -159
846 -3523 -1595 583 -3820 -4842 -162
847 -3530 -1592 584 -3814 -4846 -164
848 -3539 -1590 582 -3807 -4847 -162
849 -3552 -1589 584 -3800 -4852 -161
850 -3562 -1592 586 -3790 -4854 -161
851 -3572 -1586 585 -3779 -4856 -159
852 -3582 -1583 587 -3771 -4856 -161
853 -3594 -1580 592 -3767 -4858 -159
854 -3606 -1585 587 -3762 -4855 -164
855 -3615 -1582 590 -3753 -4859 -162
856 -3624 -1577 595 -3747 -4854 -161
857 -3637 -1580 591 -3740 -4858 -160
858 -3643 -1577 591 -3734 -4859 -163
859 -3656 -1578 590 -3727 -4853 -160
860 -3667 -1577 588 -3724 -4850 -164
861 -3672 -1579 590 -3721 -4844 -161
862 -3674 -1575 591 -3717 -4839 -162
863 -3683 -1576 592 -3713 -4831 -159
864 -3686 -1578 594 -3711 -4824 -158
865 -3688 -1578 593 -3713 -4818 -159
866 -3690 -1578 596 -3711 -4813 -161
867 -3685 -1576 597 -3713 -4805 -159
868 -3691 -1580 595 -3715 -4799 -164
869 -3690 -1577 596 -3720 -4795 -162
870 -3691 -1576 595 -3721 -4790 -163
871 -3686 -1578 593 -3732 -4782 -169
872 -3689 -1580 593 -3735 -4775 -164
873 -3686 -1581 593 -3739 -4769 -164
874 -3684 -1583 593 -3747 -4765 -168
875 -3682 -1584 592 -3750 -4751 -167
876 -3678 -1588 591 -3761 -4746 -166
877 -3673 -1586 596 -3766 -4736 -166
878 -3672 -1591 597 -3777 -4733 -167
879 -3668 -1592 594 -3781 -4725 -165
880 -3665 -1590 597 -3791 -4719 -170
881 -3666 -1595 595 -3793 -4711 -172
882 -3660 -1594 596 -3799 -4707 -166
883 -3659 -1597 595 -3806 -4701 -169
884 -3655 -1595 593 -3809 -4698 -167
885 -3652 -1596 597 -3813 -4692 -165
886 -3652 -1600 595 -3816 -4686 -166
887 -3645 -1600 595 -3817 -4680 -164
888 -3643 -1598 597 -3825 -4684 -164
889 -3638 -1597 601 -3828 -4682 -163
890 -3634 -1597 599 -3827 -4682 -164
891 -3639 -1598 600 -3827 -4684 -163
892 -3638 -1593 601 -3833 -4691 -164
893 -3640 -1596 601 -3828 -4692 -165
894 -3640 -1592 603 -3823 -4695 -168
895 -3644 -1590 601 -3822 -4697 -165
896 -3650 -1587 602 -3817 -4705 -167
897 -3650 -1590 599 -3815 -4711 -165
898 -3660 -1587 598 -3810 -4720 -166
899 -3665 -1587 601 -3801 -4726 -163
900 -3671 -1586 602 -3796 -4733 -161
901 -3677 -1587 599 -3787 -4741 -162
902 -3688 -1586 600 -3783 -4749 -166
903 -3688 -1585 600 -3773 -4760 -165
904 -3691 -1583 599 -3763 -4767 -166
905 -3698 -1583 598 -3755 -4775 -163
906 -3698 -1580 597 -3745 -4786 -167
907 -3698 -1578 592 -3739 -4795 -163
908 -3698 -1578 594 -3733 -4805 -162
909 -3696 -1579 596 -3724 -4814 -164
910 -3695 -1578 592 -3719 -4821 -164
911 -3687 -1576 594 -3715 -4835 -165
912 -3686 -1580 589 -3711 -4846 -164
913 -3683 -1576 592 -3713 -4850 -167
914 -3679 -1579 588 -3711 -4859 -165
915 -3667 -1579 586 -3707 -4871 -167
916 -3661 -1575 584 -3707 -4877 -169
917 -3651 -1584 587 -3708 -4882 -169
918 -3642 -1580 581 -3709 -4890 -166
919 -3631 -1579 582 -3713 -4892 -167
920 -3622 -1578 579 -3718 -4891 -169
921 -3612 -1577 581 -3722 -4897 -171
922 -3603 -1586 576 -3729 -4901 -170
923 -3594 -1585 575 -3734 -4900 -168
924 -3593 -1588 579 -3739 -4901 -167
925 -3581 -1589 575 -3745 -4895 -164
926 -3570 -1590 580 -3751 -4893 -162
927 -3568 -1592 576 -3758 -4885 -165
928 -3560 -1595 578 -3762 -4879 -160
929 -3549 -1590 583 -3773 -4873 -159
930 -3538 -1592 582 -3777 -4860 -156
931 -3534 -1589 582 -3787 -4856 -158
932 -3521 -1586 588 -3798 -4847 -154
933 -3516 -1586 588 -3812 -4842 -155
934 -3514 -1589 588 -3819 -4832 -159
935 -3507 -1592 589 -3831 -4824 -156
936 -3509 -1592 589 -3838 -4812 -156
937 -3504 -1593 591 -3845 -4806 -155
938 -3506 -1593 594 -3854 -4796 -154
939 -3504 -1592 595 -3863 -4787 -153
940 -3506 -1594 589 -3865 -4777 -158
941 -3509 -1594 594 -3864 -4767 -157
942 -3513 -1592 593 -3870 -4761 -160
943 -3522 -1593 593 -3871 -4750 -155
944 -3531 -1590 595 -3868 -4744 -156
945 -3538 -1592 598 -3866 -4737 -157
946 -3555 -1594 596 -3865 -4729 -157
947 -3566 -1597 601 -3859 -4722 -160
948 -3579 -1595 600 -3851 -4721 -158
949 -3594 -1597 595 -3844 -4716 -162
950 -3606 -1595 598 -3835 -4710 -158
951 -3622 -1593 600 -3826 -4711 -158
952 -3638 -1591 600 -3814 -4710 -161
953 -3652 -1591 598 -3803 -4711 -161
954 -3666 -1588 595 -3795 -4716 -165
955 -3675 -1589 598 -3782 -4717 -162
956 -3692 -1584 597 -3774 -4725 -165
957 -3704 -1582 595 -3766 -4732 -165
958 -3719 -1583 596 -3752 -4739 -172
959 -3729 -1589 594 -3743 -4745 -169
960 -3736 -1588 597 -3734 -4754 -169
961 -3740 -1586 594 -3728 -4757 -172
962 -3746 -1584 596 -3715 -4772 -170
963 -3752 -1581 595 -3705 -4775 -172
964 -3752 -1580 592 -3702 -4788 -171
965 -3752 -1581 590 -3694 -4801 -171
966 -3752 -1579 587 -3691 -4809 -169
967 -3751 -1578 585 -3690 -4817 -169
968 -3745 -1580 585 -3687 -4824 -169
969 -3741 -1576 585 -3687 -4834 -171
970 -3731 -1574 585 -3687 -4837 -165
971 -3719 -1579 589 -3689 -4844 -166
972 -3707 -1581 588 -3695 -4852 -166
973 -3688 -1580 589 -3695 -4854 -164
974 -3669 -1580 589 -3701 -4858 -160
975 -3651 -1579 590 -3710 -4860 -161
976 -3631 -1578 590 -3721 -4864 -162
977 -3610 -1577 593 -3735 -4866 -161
978 -3601 -1579 588 -3746 -4873 -158
979 -3581 -1579 588 -3757 -4874 -160
980 -3567 -1579 590 -3770 -4872 -159
981 -3551 -1581 586 -3783 -4867 -159
982 -3536 -1580 589 -3795 -4866 -158
983 -3527 -1584 588 -3802 -4863 -155
984 -3515 -1587 590 -3815 -4853 -161
985 -3508 -1588 591 -3822 -4848 -158
986 -3503 -1592 591 -3833 -4844 -158
987 -3498 -1591 595 -3840 -4834 -159
988 -3493 -1592 592 -3850 -4826 -159
989 -3494 -1599 587 -3854 -4820 -159
990 -3497 -1593 589 -3857 -4809 -159
991 -3499 -1597 590 -3861 -4801 -159
992 -3508 -1597 587 -3860 -4790 -159
993 -3510 -1596 589 -3857 -4782 -155
994 -3518 -1593 589 -3859 -4773 -162
995 -3526 -1597 592 -3853 -4765 -159
996 -3531 -1599 591 -3850 -4762 -159
997 -3537 -1601 592 -3842 -4751 -160
998 -3549 -1600 595 -3833 -4747 -162
999 -3562 -1597 593 -3829 -4744 -160
