0 1413 228 574 -928 -176 -949
1 1411 223 570 -926 -173 -951
2 1410 224 574 -926 -177 -955
3 1410 224 572 -927 -178 -954
4 1411 221 574 -925 -174 -954
5 1413 224 574 -929 -177 -955
6 1411 223 569 -926 -175 -954
7 1410 224 569 -928 -176 -952
8 1408 220 570 -931 -177 -955
9 1411 224 571 -928 -175 -953
10 1413 224 567 -926 -174 -954
11 1410 222 572 -928 -176 -954
12 1412 223 571 -930 -175 -950
13 1411 227 571 -928 -174 -953
14 1412 221 570 -928 -175 -955
15 1412 224 571 -929 -176 -955
16 1410 222 570 -925 -173 -951
17 1409 224 575 -924 -174 -952
18 1413 225 571 -925 -175 -952
19 1409 220 570 -928 -178 -955
20 1411 222 571 -927 -177 -954
21 1411 226 571 -925 -178 -952
22 1414 227 573 -924 -174 -948
23 1416 227 573 -926 -174 -954
24 1411 224 572 -928 -175 -951
25 1413 226 572 -925 -173 -953
26 1413 225 573 -925 -173 -951
27 1410 225 574 -925 -176 -953
28 1412 224 570 -925 -176 -954
29 1410 225 572 -927 -177 -954
30 1410 226 574 -929 -176 -956
31 1408 226 570 -928 -180 -955
32 1406 223 570 -929 -176 -954
33 1409 221 572 -926 -177 -954
34 1408 223 571 -928 -178 -952
35 1409 223 572 -925 -175 -953
36 1410 225 572 -928 -178 -954
37 1411 224 571 -926 -176 -951
38 1411 225 573 -928 -175 -952
39 1412 220 574 -924 -176 -953
40 1412 223 569 -926 -174 -955
41 1414 224 572 -925 -177 -954
42 1411 222 570 -926 -173 -954
43 1409 220 569 -931 -177 -956
44 1408 224 571 -928 -177 -959
45 1407 222 569 -928 -180 -956
46 1405 221 569 -928 -180 -957
47 1408 223 569 -927 -176 -958
48 1406 219 568 -932 -180 -956
49 1411 222 570 -931 -178 -957
50 1407 220 572 -929 -174 -958
51 1407 221 568 -931 -174 -951
52 1408 221 570 -926 -175 -953
53 1413 224 574 -930 -179 -953
54 1408 223 570 -929 -178 -957
55 1408 221 569 -928 -180 -955
56 1410 221 569 -931 -177 -955
57 1408 223 567 -929 -177 -954
58 1409 221 569 -930 -176 -952
59 1409 220 568 -933 -176 -957
60 1409 218 570 -931 -178 -958
61 1407 220 568 -933 -181 -953
62 1406 222 567 -928 -177 -956
63 1407 220 571 -923 -178 -955
64 1411 221 571 -927 -181 -956
65 1408 221 568 -927 -174 -956
66 1406 220 572 -927 -178 -956
67 1409 222 570 -930 -176 -956
68 1409 225 570 -926 -178 -954
69 1409 225 570 -926 -177 -955
70 1410 222 570 -927 -178 -956
71 1410 223 568 -925 -174 -952
72 1409 228 570 -927 -175 -955
73 1415 226 572 -921 -173 -948
74 1414 228 576 -926 -178 -953
75 1411 224 572 -928 -175 -953
76 1406 223 569 -926 -176 -955
77 1410 225 570 -928 -176 -952
78 1411 222 570 -927 -177 -952
79 1409 223 571 -929 -177 -957
80 1410 222 570 -927 -177 -956
81 1411 221 568 -927 -175 -955
82 1410 226 570 -929 -175 -955
83 1408 225 570 -931 -180 -956
84 1408 221 573 -927 -176 -953
85 1413 223 574 -928 -178 -954
86 1407 222 567 -931 -178 -958
87 1406 222 570 -929 -177 -957
88 1408 221 569 -928 -180 -955
89 1410 224 570 -930 -179 -954
90 1407 223 568 -928 -178 -954
91 1409 223 569 -928 -176 -955
92 1411 223 568 -929 -174 -956
93 1412 223 569 -928 -177 -952
94 1412 224 573 -929 -178 -953
95 1407 220 571 -932 -174 -953
96 1410 219 569 -928 -179 -956
97 1412 221 571 -925 -176 -953
98 1412 222 570 -928 -176 -953
99 1411 223 573 -930 -178 -955
100 1411 223 569 -927 -178 -957
101 1411 224 568 -927 -180 -955
102 1406 222 567 -930 -182 -956
103 1410 217 569 -929 -178 -955
104 1407 218 569 -931 -179 -958
105 1408 219 568 -930 -180 -956
106 1410 223 569 -926 -175 -951
107 1408 223 571 -928 -176 -954
108 1409 222 570 -929 -179 -956
109 1410 219 569 -929 -179 -956
110 1410 223 568 -928 -177 -956
111 1411 223 572 -930 -176 -955
112 1410 225 574 -927 -175 -955
113 1411 221 570 -928 -177 -957
114 1408 222 568 -930 -178 -958
115 1407 224 567 -928 -177 -956
116 1411 222 572 -928 -178 -955
117 1408 225 570 -928 -179 -953
118 1407 222 568 -927 -178 -956
119 1408 224 571 -929 -179 -958
120 1411 220 568 -928 -177 -953
121 1413 221 568 -930 -176 -956
122 1411 224 570 -929 -178 -956
123 1411 225 572 -928 -178 -957
124 1409 221 571 -930 -179 -959
125 1404 220 567 -931 -179 -955
126 1407 223 569 -931 -180 -960
127 1408 220 568 -929 -176 -956
128 1409 224 568 -924 -178 -956
129 1410 223 573 -928 -177 -955
130 1407 222 571 -927 -179 -959
131 1406 220 570 -931 -179 -957
132 1407 222 568 -928 -176 -956
133 1410 223 569 -930 -175 -954
134 1410 224 569 -929 -176 -954
135 1409 224 569 -927 -176 -958
136 1409 221 570 -930 -178 -961
137 1407 221 569 -931 -178 -958
138 1411 223 568 -927 -176 -954
139 1412 224 572 -925 -176 -955
140 1409 225 573 -928 -178 -957
141 1411 220 570 -931 -173 -954
142 1413 225 571 -929 -175 -954
143 1413 224 571 -925 -177 -954
144 1410 224 573 -929 -175 -948
145 1409 223 572 -930 -177 -956
146 1408 220 568 -928 -175 -955
147 1410 224 571 -927 -174 -955
148 1411 225 570 -921 -176 -956
149 1409 225 568 -926 -175 -954
150 1410 222 571 -928 -177 -954
151 1407 221 568 -926 -179 -955
152 1408 221 570 -925 -177 -955
153 1410 226 573 -925 -174 -955
154 1412 223 570 -925 -177 -955
155 1408 220 571 -928 -177 -954
156 1410 223 572 -931 -178 -956
157 1408 221 572 -930 -178 -955
158 1409 223 570 -930 -176 -954
159 1409 221 571 -929 -175 -957
160 1409 223 568 -931 -176 -954
161 1409 222 570 -930 -179 -957
162 1407 220 570 -929 -176 -953
163 1404 220 566 -929 -178 -954
164 1413 221 570 -927 -178 -956
165 1407 223 568 -933 -179 -958
166 1412 218 570 -930 -179 -955
167 1409 221 567 -929 -176 -954
168 1410 221 570 -930 -174 -956
169 1408 222 571 -932 -180 -956
170 1409 222 564 -929 -180 -957
171 1407 220 569 -929 -179 -957
172 1407 220 570 -925 -177 -959
173 1409 221 568 -926 -176 -957
174 1407 222 569 -927 -180 -954
175 1408 222 568 -929 -182 -958
176 1408 221 568 -928 -178 -954
177 1412 224 569 -928 -178 -955
178 1408 223 568 -929 -178 -955
179 1408 223 568 -930 -176 -954
180 1411 221 568 -930 -178 -956
181 1412 223 570 -929 -175 -952
182 1415 221 571 -927 -177 -950
183 1411 221 571 -928 -175 -954
184 1411 224 570 -929 -178 -953
185 1411 223 570 -926 -178 -953
186 1411 223 570 -927 -176 -952
187 1411 224 573 -929 -176 -955
188 1409 222 571 -928 -172 -953
189 1413 222 571 -927 -175 -949
190 1412 222 572 -931 -175 -956
191 1412 223 572 -930 -178 -952
192 1410 224 573 -928 -177 -952
193 1410 226 572 -930 -178 -958
194 1410 225 571 -924 -176 -955
195 1409 222 570 -927 -180 -959
196 1405 219 567 -927 -180 -955
197 1407 225 569 -928 -175 -956
198 1408 224 568 -924 -176 -955
199 1409 223 570 -928 -179 -957
200 1409 225 572 -925 -175 -955
201 1409 224 573 -930 -180 -955
202 1407 222 571 -929 -175 -956
203 1412 224 569 -928 -177 -953
204 1411 225 570 -930 -174 -952
205 1410 221 569 -929 -178 -956
206 1410 222 574 -926 -175 -953
207 1409 219 569 -929 -179 -956
208 1408 221 570 -926 -175 -955
209 1411 222 570 -930 -175 -954
210 1411 222 569 -925 -174 -956
211 1409 223 570 -929 -173 -953
212 1407 221 568 -928 -178 -956
213 1411 224 570 -926 -177 -956
214 1411 223 571 -928 -178 -953
215 1410 226 571 -929 -177 -955
216 1411 225 571 -925 -174 -953
217 1407 221 569 -931 -176 -961
218 1409 222 570 -926 -178 -954
219 1409 223 570 -929 -177 -957
220 1408 221 567 -926 -181 -956
221 1407 221 571 -928 -177 -955
222 1410 224 570 -929 -178 -954
223 1411 224 571 -931 -177 -955
224 1410 222 569 -932 -181 -952
225 1408 221 568 -931 -179 -955
226 1409 225 572 -930 -178 -956
227 1410 222 572 -933 -181 -955
228 1411 222 570 -929 -178 -953
229 1410 219 565 -930 -177 -956
230 1406 220 569 -931 -177 -955
231 1411 221 570 -929 -177 -957
232 1409 219 566 -932 -181 -957
233 1407 219 568 -928 -179 -957
234 1406 218 570 -929 -181 -957
235 1406 219 566 -934 -181 -959
236 1406 221 568 -927 -175 -952
237 1408 225 572 -928 -180 -958
238 1405 222 570 -929 -178 -956
239 1406 220 568 -930 -182 -959
240 1408 220 567 -925 -178 -955
241 1407 223 567 -929 -178 -955
242 1407 223 570 -928 -176 -958
243 1407 222 567 -927 -177 -956
244 1409 221 567 -928 -176 -957
245 1411 223 571 -928 -175 -953
246 1411 220 569 -932 -180 -958
247 1411 222 568 -927 -177 -960
248 1407 220 570 -929 -174 -955
249 1407 222 572 -930 -177 -953
250 1409 221 570 -932 -178 -954
251 1412 221 572 -927 -174 -954
252 1409 223 565 -929 -179 -957
253 1411 219 566 -929 -177 -955
254 1410 222 571 -930 -180 -954
255 1406 220 567 -930 -184 -961
256 1405 219 564 -929 -181 -958
257 1405 220 566 -929 -178 -961
258 1406 218 569 -931 -178 -957
259 1404 218 568 -934 -180 -958
260 1407 220 569 -931 -176 -957
261 1406 221 569 -930 -181 -956
262 1408 223 567 -932 -178 -954
263 1413 223 572 -928 -174 -954
264 1411 222 569 -930 -176 -954
265 1409 222 570 -925 -176 -957
266 1411 222 570 -929 -177 -956
267 1405 222 567 -925 -177 -955
268 1409 224 567 -929 -179 -956
269 1407 223 571 -928 -179 -955
270 1409 224 570 -931 -178 -959
271 1411 225 566 -929 -176 -953
272 1411 220 568 -931 -178 -955
273 1409 221 567 -934 -178 -957
274 1411 225 567 -931 -177 -954
275 1408 225 568 -928 -177 -953
276 1409 223 571 -930 -178 -957
277 1412 222 568 -926 -183 -959
278 1409 223 569 -926 -179 -957
279 1407 221 567 -924 -178 -958
280 1407 226 570 -924 -177 -954
281 1411 225 571 -926 -176 -957
282 1405 220 568 -930 -179 -958
283 1409 221 568 -926 -178 -958
284 1411 223 569 -927 -177 -952
285 1410 226 570 -927 -174 -953
286 1412 227 574 -926 -178 -954
287 1415 226 570 -927 -177 -955
288 1409 225 567 -928 -176 -957
289 1409 222 570 -926 -177 -954
290 1409 222 569 -928 -176 -956
291 1410 220 568 -927 -176 -960
292 1409 220 568 -930 -176 -958
293 1409 221 567 -927 -177 -952
294 1411 226 572 -929 -175 -953
295 1413 224 570 -931 -177 -952
296 1412 223 570 -930 -175 -955
297 1414 219 570 -935 -176 -953
298 1409 219 570 -932 -177 -955
299 1409 221 571 -931 -177 -953
300 1412 219 570 -929 -179 -958
301 1408 219 568 -931 -181 -958
302 1407 219 568 -930 -177 -957
303 1406 224 572 -926 -180 -961
304 1404 218 565 -925 -179 -961
305 1407 225 565 -924 -178 -957
306 1407 225 571 -927 -180 -955
307 1405 220 570 -927 -179 -957
308 1408 223 572 -929 -177 -955
309 1408 220 570 -932 -180 -955
310 1410 221 567 -934 -178 -954
311 1412 221 568 -930 -174 -953
312 1410 223 572 -933 -179 -956
313 1411 222 571 -930 -174 -953
314 1413 222 570 -932 -177 -956
315 1408 220 568 -926 -176 -954
316 1410 222 567 -928 -178 -956
317 1408 221 571 -928 -174 -957
318 1408 220 570 -927 -178 -958
319 1410 222 571 -928 -178 -954
320 1412 222 572 -928 -175 -951
321 1411 225 570 -927 -178 -956
322 1409 218 569 -931 -176 -956
323 1408 222 571 -929 -174 -951
324 1411 221 572 -928 -175 -956
325 1410 223 569 -928 -179 -956
326 1409 220 570 -929 -180 -955
327 1410 222 569 -930 -178 -955
328 1411 222 571 -928 -175 -956
329 1406 220 569 -928 -177 -957
330 1411 222 571 -928 -178 -957
331 1409 223 571 -928 -177 -956
332 1408 220 568 -932 -180 -959
333 1407 220 569 -931 -178 -957
334 1406 218 567 -932 -178 -956
335 1407 219 566 -931 -179 -956
336 1407 220 568 -931 -178 -956
337 1412 220 568 -929 -176 -953
338 1409 221 571 -927 -176 -953
339 1410 221 568 -930 -175 -955
340 1408 223 570 -929 -177 -956
341 1407 221 567 -929 -175 -955
342 1409 222 568 -928 -180 -954
343 1409 221 569 -930 -178 -955
344 1406 221 568 -930 -179 -956
345 1407 222 571 -927 -176 -958
346 1413 224 573 -928 -176 -954
347 1410 222 569 -927 -175 -957
348 1412 224 571 -931 -180 -959
349 1407 225 573 -932 -179 -957
350 1405 220 564 -931 -180 -956
351 1407 222 568 -933 -179 -958
352 1406 219 567 -928 -180 -958
353 1404 221 564 -928 -180 -958
354 1407 220 569 -930 -178 -959
355 1408 218 570 -930 -180 -962
356 1409 218 568 -930 -179 -958
357 1406 221 569 -933 -181 -958
358 1408 218 571 -932 -178 -958
359 1407 219 567 -932 -177 -954
360 1410 221 568 -928 -176 -954
361 1410 221 572 -930 -175 -953
362 1410 222 569 -929 -179 -954
363 1409 223 571 -931 -180 -955
364 1408 222 572 -929 -178 -955
365 1407 217 569 -933 -183 -958
366 1405 221 567 -929 -180 -959
367 1408 224 568 -930 -179 -957
368 1409 222 566 -928 -177 -954
369 1409 223 569 -930 -178 -953
370 1406 221 566 -930 -176 -955
371 1409 224 568 -928 -177 -956
372 1410 226 571 -927 -176 -954
373 1408 222 570 -931 -179 -958
374 1410 220 570 -928 -177 -955
375 1410 224 574 -927 -178 -955
376 1410 222 571 -929 -177 -957
377 1408 221 567 -928 -177 -957
378 1406 221 569 -932 -178 -956
379 1409 223 570 -927 -176 -953
380 1411 221 568 -930 -178 -953
381 1406 221 568 -929 -179 -957
382 1408 221 569 -929 -178 -956
383 1411 224 570 -931 -177 -956
384 1408 224 570 -930 -180 -958
385 1411 221 566 -932 -177 -956
386 1409 223 569 -929 -178 -959
387 1408 221 569 -926 -178 -955
388 1411 225 569 -928 -179 -959
389 1410 223 571 -925 -174 -954
390 1407 223 571 -925 -178 -955
391 1408 225 568 -925 -177 -955
392 1408 221 570 -924 -178 -955
393 1409 223 570 -929 -180 -954
394 1409 222 567 -931 -182 -957
395 1406 220 563 -931 -179 -956
396 1405 222 571 -929 -179 -957
397 1408 221 568 -928 -178 -957
398 1408 218 567 -931 -178 -956
399 1407 220 567 -930 -178 -957
400 1407 219 567 -931 -178 -957
401 1409 221 571 -930 -177 -955
402 1406 219 569 -930 -178 -957
403 1409 219 565 -934 -179 -960
404 1406 219 568 -934 -181 -961
405 1410 220 566 -935 -182 -960
406 1407 218 564 -932 -179 -957
407 1410 220 568 -930 -178 -957
408 1408 220 567 -929 -176 -955
409 1409 221 569 -931 -174 -956
410 1410 220 567 -930 -175 -954
411 1409 221 569 -930 -176 -955
412 1404 220 570 -928 -180 -957
413 1407 221 568 -930 -178 -957
414 1405 221 566 -931 -179 -956
415 1410 221 569 -928 -178 -955
416 1412 222 570 -931 -179 -956
417 1410 223 568 -929 -177 -954
418 1411 223 570 -927 -177 -955
419 1411 225 569 -924 -172 -955
420 1412 226 573 -929 -178 -956
421 1408 220 570 -928 -178 -956
422 1407 222 568 -927 -179 -954
423 1407 219 567 -930 -177 -955
424 1406 221 566 -927 -182 -958
425 1407 224 570 -930 -179 -960
426 1409 221 569 -929 -178 -957
427 1407 222 567 -929 -178 -955
428 1409 227 572 -928 -178 -954
429 1409 220 567 -928 -178 -954
430 1411 224 572 -926 -177 -955
431 1407 221 569 -929 -180 -957
432 1408 221 570 -930 -180 -960
433 1408 222 566 -933 -178 -959
434 1408 220 567 -929 -180 -957
435 1409 220 567 -928 -176 -954
436 1406 223 568 -930 -178 -957
437 1409 223 568 -927 -180 -958
438 1408 221 567 -928 -179 -957
439 1408 223 569 -929 -179 -954
440 1409 221 570 -928 -176 -954
441 1405 222 570 -932 -179 -953
442 1408 225 570 -927 -182 -957
443 1409 221 567 -930 -176 -955
444 1406 224 569 -932 -177 -955
445 1412 226 569 -926 -176 -954
446 1405 219 570 -929 -178 -953
447 1409 221 569 -935 -180 -955
448 1410 221 565 -929 -180 -958
449 1410 219 569 -934 -177 -957
450 1404 217 565 -929 -178 -959
451 1406 221 569 -932 -180 -956
452 1408 219 567 -929 -179 -956
453 1409 221 567 -929 -176 -955
454 1411 221 568 -929 -174 -956
455 1409 225 569 -926 -176 -954
456 1410 223 571 -929 -177 -952
457 1412 225 567 -929 -173 -956
458 1410 222 571 -929 -177 -956
459 1411 224 569 -927 -176 -956
460 1408 223 571 -931 -179 -956
461 1409 220 567 -928 -178 -957
462 1410 221 570 -929 -179 -954
463 1408 223 570 -927 -175 -958
464 1409 223 569 -929 -179 -956
465 1411 219 570 -932 -182 -956
466 1407 222 567 -929 -175 -954
467 1410 227 571 -930 -174 -950
468 1406 224 570 -929 -177 -958
469 1405 221 568 -930 -181 -956
470 1409 220 568 -926 -178 -955
471 1409 224 570 -927 -176 -955
472 1411 224 572 -926 -174 -956
473 1408 223 571 -928 -179 -956
474 1406 221 569 -926 -177 -957
475 1410 222 571 -928 -178 -959
476 1409 224 571 -930 -182 -959
477 1407 221 567 -926 -177 -954
478 1411 222 569 -928 -179 -959
479 1407 222 567 -928 -178 -957
480 1409 225 571 -926 -180 -956
481 1411 221 569 -930 -177 -957
482 1408 223 570 -928 -175 -955
483 1408 224 568 -927 -174 -958
484 1411 223 570 -928 -178 -955
485 1408 221 569 -928 -176 -954
486 1411 223 569 -928 -175 -953
487 1408 223 572 -928 -176 -955
488 1408 223 570 -930 -180 -957
489 1410 219 568 -929 -178 -954
490 1408 217 566 -930 -180 -955
491 1411 222 568 -929 -177 -953
492 1410 225 572 -931 -179 -950
493 1411 224 571 -929 -175 -952
494 1408 220 571 -931 -175 -954
495 1411 218 571 -932 -173 -956
496 1410 221 569 -927 -178 -956
497 1407 218 568 -929 -177 -958
498 1407 216 568 -931 -181 -958
499 1405 221 569 -928 -178 -955
500 1409 219 571 -930 -176 -958
501 1407 222 568 -932 -178 -956
502 1408 224 570 -931 -178 -957
503 1407 219 569 -929 -182 -958
504 1408 220 565 -928 -175 -954
505 1409 223 569 -932 -177 -957
506 1408 220 571 -931 -179 -954
507 1409 221 568 -932 -181 -955
508 1408 221 568 -928 -179 -960
509 1405 221 568 -929 -180 -961
510 1407 220 568 -926 -174 -953
511 1411 223 570 -930 -177 -954
512 1408 220 569 -926 -176 -952
513 1411 223 569 -925 -175 -953
514 1410 224 571 -929 -175 -954
515 1410 223 571 -927 -179 -955
516 1412 219 569 -927 -176 -957
517 1408 222 571 -927 -177 -958
518 1407 221 568 -929 -177 -955
519 1405 219 568 -930 -178 -956
520 1408 222 570 -928 -180 -959
521 1409 222 568 -929 -179 -957
522 1407 222 567 -928 -181 -954
523 1407 222 571 -930 -179 -960
524 1406 219 566 -929 -178 -956
525 1410 223 569 -929 -176 -955
526 1410 223 569 -928 -180 -957
527 1407 222 569 -931 -177 -956
528 1411 219 568 -930 -179 -955
529 1405 220 569 -932 -178 -955
530 1408 219 570 -929 -181 -956
531 1410 218 568 -929 -180 -956
532 1409 220 565 -928 -178 -956
533 1409 222 568 -929 -182 -957
534 1409 219 568 -931 -178 -958
535 1406 217 567 -932 -180 -954
536 1407 217 565 -932 -180 -954
537 1408 220 567 -929 -177 -955
538 1408 217 568 -928 -178 -956
539 1409 221 569 -929 -176 -956
540 1411 222 570 -931 -178 -955
541 1411 222 569 -932 -181 -954
542 1410 225 567 -932 -180 -958
543 1410 222 571 -928 -178 -956
544 1410 220 565 -928 -179 -956
545 1407 222 569 -926 -173 -952
546 1412 223 572 -928 -177 -956
547 1410 220 570 -928 -178 -955
548 1405 220 570 -930 -178 -958
549 1409 224 567 -928 -178 -954
550 1408 220 568 -930 -177 -957
551 1405 220 567 -928 -178 -955
552 1409 223 568 -929 -178 -956
553 1409 225 571 -931 -176 -958
554 1412 223 573 -928 -177 -956
555 1410 224 569 -928 -175 -955
556 1408 223 573 -928 -178 -960
557 1408 221 568 -925 -180 -955
558 1411 223 570 -924 -178 -955
559 1408 223 571 -929 -180 -958
560 1406 221 568 -927 -176 -955
561 1409 220 570 -928 -180 -958
562 1410 224 568 -931 -177 -956
563 1408 224 569 -925 -176 -955
564 1409 224 572 -927 -176 -953
565 1413 224 571 -924 -175 -950
566 1408 225 568 -930 -175 -956
567 1408 220 571 -926 -175 -953
568 1412 225 571 -925 -179 -955
569 1407 221 572 -931 -179 -955
570 1409 221 570 -930 -177 -955
571 1407 221 566 -929 -178 -956
572 1406 217 567 -931 -177 -956
573 1407 219 566 -930 -181 -960
574 1406 218 567 -929 -181 -958
575 1407 218 567 -933 -180 -957
576 1406 220 567 -931 -179 -957
577 1409 222 566 -931 -178 -955
578 1408 219 568 -931 -179 -958
579 1410 221 568 -930 -178 -955
580 1410 220 570 -932 -182 -958
581 1409 218 565 -929 -181 -958
582 1407 220 568 -929 -177 -953
583 1409 218 569 -931 -177 -957
584 1405 220 566 -930 -179 -961
585 1406 221 568 -931 -183 -959
586 1408 221 569 -927 -177 -958
587 1408 221 568 -930 -181 -958
588 1407 220 570 -930 -179 -955
589 1407 220 567 -929 -178 -956
590 1409 220 568 -931 -178 -957
591 1408 221 569 -929 -177 -955
592 1408 219 566 -933 -181 -959
593 1403 219 562 -936 -179 -962
594 1406 218 563 -931 -179 -957
595 1404 218 568 -928 -181 -959
596 1407 221 567 -929 -177 -957
597 1408 219 569 -932 -179 -959
598 1406 219 566 -928 -176 -957
599 1408 219 566 -936 -179 -959
600 1409 220 563 -929 -179 -957
601 1404 218 567 -929 -182 -958
602 1404 223 568 -929 -178 -958
603 1407 221 568 -929 -176 -955
604 1410 222 571 -930 -179 -954
605 1408 220 570 -927 -179 -958
606 1407 222 568 -929 -178 -956
607 1407 219 567 -933 -179 -958
608 1404 218 570 -932 -183 -962
609 1408 220 565 -930 -177 -956
610 1406 223 571 -929 -179 -955
611 1406 220 568 -930 -177 -957
612 1409 219 568 -928 -179 -959
613 1406 222 568 -930 -179 -960
614 1408 219 568 -933 -176 -958
615 1410 221 570 -929 -177 -955
616 1407 219 571 -931 -177 -956
617 1407 218 567 -931 -177 -958
618 1407 221 567 -928 -177 -956
619 1407 221 569 -927 -177 -957
620 1412 222 571 -931 -177 -956
621 1405 222 568 -930 -178 -958
622 1406 218 567 -936 -178 -955
623 1406 218 566 -930 -179 -957
624 1406 221 569 -932 -181 -956
625 1410 218 569 -933 -180 -960
626 1409 220 562 -931 -177 -957
627 1408 217 568 -930 -182 -962
628 1407 216 566 -928 -180 -958
629 1407 222 570 -932 -178 -958
630 1406 217 567 -926 -178 -958
631 1408 223 568 -929 -180 -958
632 1406 222 571 -930 -180 -956
633 1410 222 570 -929 -177 -956
634 1408 220 568 -933 -178 -957
635 1407 220 566 -932 -177 -955
636 1409 223 568 -931 -181 -958
637 1405 218 566 -932 -180 -957
638 1407 219 568 -931 -176 -957
639 1407 220 566 -933 -178 -955
640 1405 217 564 -931 -182 -961
641 1405 219 565 -934 -184 -960
642 1406 219 564 -932 -179 -960
643 1405 218 568 -930 -176 -958
644 1408 219 566 -927 -181 -954
645 1408 221 568 -931 -177 -955
646 1410 222 571 -929 -179 -955
647 1409 225 568 -928 -176 -956
648 1408 222 569 -926 -177 -950
649 1409 223 571 -931 -181 -957
650 1407 220 566 -926 -177 -956
651 1408 223 568 -928 -180 -956
652 1410 223 571 -929 -178 -956
653 1409 223 567 -929 -179 -956
654 1407 223 569 -929 -177 -955
655 1409 222 570 -927 -176 -955
656 1410 223 568 -929 -177 -955
657 1411 222 569 -929 -180 -954
658 1409 222 570 -931 -177 -955
659 1409 220 568 -926 -179 -957
660 1406 218 567 -926 -178 -955
661 1407 223 570 -930 -177 -954
662 1410 220 569 -929 -176 -958
663 1410 221 567 -929 -179 -958
664 1407 219 565 -930 -176 -956
665 1406 222 570 -929 -175 -956
666 1406 219 568 -932 -178 -957
667 1407 217 568 -930 -181 -957
668 1412 222 568 -928 -177 -958
669 1408 221 569 -926 -179 -953
670 1408 223 571 -929 -178 -955
671 1411 225 571 -930 -175 -957
672 1410 221 571 -932 -176 -960
673 1411 223 569 -930 -173 -954
674 1408 223 569 -928 -175 -955
675 1412 222 570 -929 -178 -954
676 1412 224 571 -930 -181 -955
677 1407 221 566 -928 -182 -956
678 1408 223 568 -929 -175 -957
679 1410 221 570 -926 -180 -953
680 1410 221 569 -926 -175 -959
681 1412 221 571 -928 -176 -955
682 1410 222 573 -927 -177 -956
683 1411 222 569 -928 -177 -954
684 1411 224 572 -928 -177 -956
685 1408 223 570 -926 -173 -955
686 1409 224 573 -931 -177 -956
687 1408 224 568 -928 -176 -955
688 1408 223 570 -929 -176 -955
689 1409 221 571 -928 -177 -956
690 1407 221 571 -925 -173 -953
691 1409 224 572 -927 -175 -954
692 1410 226 573 -928 -177 -955
693 1408 220 571 -927 -176 -954
694 1408 223 570 -929 -178 -954
695 1411 225 572 -928 -175 -956
696 1411 224 571 -929 -176 -952
697 1411 224 568 -929 -175 -957
698 1409 224 571 -928 -178 -953
699 1412 222 569 -928 -175 -956
700 1408 220 571 -929 -176 -955
701 1409 220 572 -925 -177 -955
702 1411 224 571 -928 -175 -954
703 1412 226 570 -928 -177 -956
704 1408 222 572 -927 -180 -956
705 1409 223 568 -928 -176 -954
706 1411 221 570 -928 -176 -954
707 1412 221 572 -926 -174 -951
708 1410 221 573 -927 -176 -950
709 1410 221 570 -928 -176 -957
710 1410 218 568 -929 -178 -955
711 1410 221 569 -929 -175 -955
712 1408 222 571 -933 -178 -955
713 1409 219 568 -930 -178 -958
714 1408 222 569 -930 -177 -957
715 1410 224 566 -926 -177 -958
716 1409 218 572 -928 -174 -954
717 1412 222 569 -931 -178 -956
718 1410 220 569 -926 -176 -954
719 1408 223 569 -929 -173 -954
720 1411 224 570 -927 -176 -956
721 1410 226 572 -927 -179 -958
722 1412 226 572 -928 -172 -950
723 1408 222 570 -931 -177 -954
724 1408 220 571 -929 -176 -955
725 1409 220 567 -928 -178 -959
726 1409 222 571 -924 -178 -958
727 1408 222 573 -926 -177 -954
728 1410 221 569 -925 -175 -953
729 1411 224 573 -924 -175 -953
730 1408 221 569 -929 -178 -955
731 1407 224 568 -929 -176 -955
732 1412 222 569 -927 -178 -954
733 1413 223 569 -927 -175 -953
734 1409 223 573 -923 -174 -953
735 1412 223 571 -930 -178 -954
736 1411 224 570 -928 -178 -955
737 1409 220 569 -928 -175 -956
738 1405 221 568 -930 -182 -954
739 1409 224 571 -928 -179 -958
740 1405 222 568 -930 -177 -956
741 1408 221 569 -928 -177 -954
742 1408 222 572 -929 -178 -954
743 1411 225 570 -928 -176 -956
744 1410 220 573 -928 -180 -955
745 1411 224 571 -928 -177 -955
746 1407 223 566 -931 -175 -956
747 1409 225 571 -927 -176 -956
748 1408 223 568 -928 -177 -954
749 1409 221 573 -927 -176 -954
750 1410 223 567 -929 -175 -955
751 1409 220 567 -929 -178 -953
752 1409 222 570 -930 -178 -954
753 1410 223 569 -929 -180 -959
754 1411 220 570 -930 -178 -956
755 1408 223 568 -930 -179 -952
756 1406 217 567 -929 -180 -960
757 1405 218 566 -930 -182 -958
758 1406 222 566 -930 -181 -959
759 1407 221 568 -929 -177 -956
760 1411 223 568 -929 -179 -954
761 1408 220 571 -927 -177 -957
762 1410 223 570 -926 -177 -956
763 1409 219 569 -929 -178 -956
764 1408 221 568 -930 -176 -956
765 1409 221 569 -927 -177 -953
766 1411 221 567 -930 -180 -957
767 1409 219 571 -929 -178 -957
768 1407 221 568 -931 -180 -954
769 1407 223 569 -928 -174 -958
770 1409 223 570 -928 -176 -955
771 1408 219 570 -929 -177 -955
772 1410 221 567 -931 -178 -957
773 1409 224 570 -928 -176 -958
774 1405 222 569 -930 -178 -957
775 1409 220 568 -929 -179 -955
776 1408 224 573 -928 -173 -957
777 1408 224 570 -930 -177 -958
778 1408 218 569 -932 -176 -954
779 1409 223 570 -931 -181 -957
780 1410 224 571 -930 -177 -957
781 1408 218 569 -927 -174 -958
782 1408 221 565 -930 -176 -954
783 1411 225 568 -929 -177 -953
784 1412 223 573 -929 -178 -955
785 1412 225 570 -927 -175 -952
786 1408 220 572 -925 -175 -958
787 1407 224 570 -927 -179 -957
788 1410 224 571 -930 -178 -954
789 1405 222 566 -928 -176 -958
790 1410 223 571 -929 -177 -954
791 1408 222 569 -930 -176 -954
792 1408 221 571 -932 -181 -957
793 1410 221 569 -929 -178 -956
794 1405 217 568 -931 -178 -957
795 1409 221 569 -933 -180 -958
796 1407 218 569 -932 -179 -955
797 1406 218 568 -930 -181 -957
798 1406 221 567 -928 -177 -957
799 1410 218 567 -931 -182 -956
800 1408 218 569 -927 -177 -955
801 1406 221 571 -931 -180 -959
802 1411 220 569 -931 -180 -956
803 1408 220 569 -929 -180 -958
804 1409 221 568 -930 -176 -955
805 1410 224 572 -928 -175 -953
806 1408 222 567 -927 -173 -956
807 1407 222 568 -928 -174 -954
808 1408 222 574 -925 -178 -954
809 1408 222 569 -926 -176 -958
810 1412 225 571 -929 -179 -955
811 1410 223 567 -927 -178 -955
812 1410 223 569 -934 -180 -959
813 1406 219 568 -931 -181 -958
814 1405 222 570 -928 -181 -958
815 1404 219 567 -930 -177 -957
816 1408 221 567 -929 -178 -955
817 1410 225 570 -936 -178 -956
818 1411 222 568 -928 -177 -957
819 1409 221 567 -931 -177 -957
820 1407 220 569 -931 -177 -958
821 1406 220 569 -930 -181 -953
822 1406 224 570 -927 -179 -954
823 1408 223 571 -931 -174 -954
824 1406 219 568 -929 -177 -957
825 1408 220 567 -929 -177 -957
826 1410 221 571 -931 -178 -959
827 1411 225 570 -929 -176 -956
828 1408 223 572 -927 -177 -957
829 1409 221 571 -930 -177 -954
830 1411 225 571 -928 -178 -951
831 1408 223 568 -930 -178 -955
832 1411 221 571 -929 -177 -954
833 1408 226 573 -925 -175 -952
834 1409 224 570 -925 -175 -955
835 1411 225 571 -923 -175 -952
836 1411 223 569 -928 -173 -948
837 1408 224 569 -929 -178 -956
838 1410 223 571 -928 -177 -956
839 1410 220 566 -932 -179 -958
840 1411 223 569 -931 -178 -956
841 1410 221 569 -929 -179 -954
842 1409 221 569 -926 -178 -956
843 1412 222 573 -930 -175 -954
844 1413 223 574 -928 -176 -953
845 1410 222 569 -929 -180 -954
846 1413 223 571 -925 -173 -954
847 1410 224 571 -927 -176 -957
848 1407 224 570 -929 -176 -954
849 1407 223 571 -927 -176 -954
850 1413 224 571 -928 -177 -952
851 1412 226 569 -929 -178 -956
852 1410 221 570 -927 -175 -954
853 1407 221 568 -925 -177 -957
854 1409 226 570 -928 -175 -953
855 1410 224 569 -926 -175 -952
856 1414 226 571 -929 -174 -952
857 1414 223 568 -925 -176 -954
858 1412 225 571 -930 -176 -955
859 1410 226 572 -928 -175 -955
860 1410 223 566 -927 -180 -956
861 1408 221 569 -929 -178 -956
862 1409 222 568 -929 -176 -954
863 1411 223 572 -928 -175 -955
864 1407 220 570 -929 -175 -952
865 1409 222 570 -935 -178 -955
866 1407 220 566 -930 -177 -960
867 1408 224 566 -934 -178 -956
868 1410 221 570 -928 -182 -959
869 1407 220 567 -931 -179 -958
870 1408 223 570 -932 -179 -960
871 1408 221 568 -927 -177 -954
872 1408 222 568 -928 -179 -957
873 1410 225 570 -925 -174 -953
874 1412 224 569 -924 -176 -950
875 1412 223 570 -928 -178 -955
876 1414 224 572 -927 -173 -953
877 1412 225 573 -925 -173 -953
878 1410 223 571 -925 -175 -952
879 1407 224 572 -928 -172 -957
880 1412 224 570 -928 -175 -954
881 1411 224 571 -924 -178 -956
882 1409 225 575 -928 -175 -955
883 1414 228 568 -928 -174 -953
884 1408 221 570 -929 -179 -955
885 1410 221 569 -930 -177 -954
886 1410 223 570 -925 -177 -954
887 1410 223 570 -927 -179 -957
888 1412 222 569 -933 -176 -955
889 1409 224 569 -928 -177 -957
890 1410 223 571 -926 -176 -956
891 1411 224 570 -928 -175 -953
892 1408 223 569 -928 -175 -952
893 1410 225 571 -927 -177 -954
894 1411 226 570 -928 -176 -953
895 1409 222 568 -925 -177 -954
896 1410 222 572 -929 -179 -957
897 1408 221 572 -931 -178 -957
898 1409 221 569 -929 -177 -953
899 1408 217 572 -928 -177 -955
900 1412 224 568 -929 -175 -955
901 1410 225 570 -927 -178 -954
902 1412 221 568 -931 -177 -956
903 1407 222 568 -929 -176 -955
904 1410 226 574 -928 -176 -952
905 1409 224 572 -928 -178 -954
906 1410 223 570 -926 -172 -954
907 1409 223 570 -928 -175 -955
908 1409 223 572 -929 -177 -955
909 1409 224 567 -928 -179 -958
910 1409 222 568 -927 -177 -956
911 1408 223 571 -929 -180 -955
912 1409 220 571 -928 -178 -955
913 1409 222 571 -925 -175 -955
914 1410 223 572 -928 -178 -955
915 1410 222 573 -927 -174 -954
916 1411 223 570 -926 -173 -952
917 1411 223 571 -925 -176 -954
918 1412 223 572 -922 -177 -955
919 1413 224 569 -930 -176 -951
920 1407 220 569 -929 -178 -957
921 1409 222 571 -931 -180 -955
922 1406 221 567 -926 -182 -953
923 1411 224 571 -926 -177 -954
924 1409 222 571 -929 -177 -957
925 1410 224 572 -927 -173 -954
926 1413 222 571 -929 -176 -953
927 1411 219 569 -929 -178 -954
928 1407 223 571 -930 -178 -955
929 1408 224 569 -929 -177 -954
930 1409 222 571 -929 -177 -953
931 1411 226 569 -927 -174 -955
932 1412 224 572 -926 -176 -956
933 1410 220 570 -927 -176 -952
934 1410 225 570 -927 -174 -952
935 1413 224 574 -924 -176 -954
936 1409 222 571 -931 -177 -957
937 1410 221 569 -930 -174 -957
938 1409 223 570 -929 -178 -955
939 1412 224 568 -928 -178 -954
940 1410 220 569 -929 -176 -954
941 1410 221 569 -927 -177 -954
942 1411 224 571 -929 -181 -952
943 1408 222 568 -930 -173 -954
944 1412 223 568 -927 -176 -955
945 1412 222 572 -931 -180 -955
946 1410 223 571 -929 -180 -955
947 1407 221 568 -928 -175 -952
948 1412 224 570 -930 -177 -955
949 1409 223 569 -926 -176 -955
950 1409 225 571 -928 -179 -955
951 1409 224 571 -928 -176 -956
952 1408 223 568 -928 -177 -957
953 1409 221 571 -926 -176 -957
954 1411 225 572 -930 -173 -957
955 1408 224 569 -927 -180 -954
956 1411 223 569 -925 -177 -955
957 1411 225 570 -928 -178 -955
958 1409 222 570 -929 -175 -956
959 1409 220 568 -927 -174 -956
960 1409 221 567 -927 -177 -955
961 1410 221 573 -926 -174 -954
962 1414 223 572 -926 -173 -952
963 1411 223 571 -925 -174 -952
964 1411 224 574 -926 -174 -950
965 1410 223 574 -924 -173 -956
966 1411 225 571 -929 -176 -951
967 1409 223 572 -926 -175 -956
968 1407 225 569 -928 -174 -956
969 1409 223 572 -926 -175 -954
970 1411 225 571 -928 -175 -955
971 1411 226 573 -927 -177 -955
972 1410 224 573 -930 -176 -954
973 1407 223 571 -925 -176 -956
974 1410 223 572 -930 -176 -957
975 1407 219 569 -929 -180 -957
976 1408 223 570 -928 -176 -957
977 1406 222 567 -930 -180 -957
978 1409 222 568 -928 -179 -956
979 1409 222 568 -929 -178 -956
980 1409 223 570 -929 -176 -953
981 1412 221 568 -927 -174 -952
982 1412 226 575 -926 -173 -953
983 1411 220 571 -927 -179 -953
984 1410 221 573 -924 -174 -952
985 1409 224 575 -925 -173 -954
986 1408 224 570 -929 -176 -950
987 1408 221 570 -930 -178 -958
988 1410 223 572 -927 -176 -953
989 1410 224 572 -926 -177 -952
990 1412 222 571 -928 -174 -952
991 1414 225 574 -927 -175 -952
992 1412 226 572 -927 -175 -952
993 1409 223 572 -926 -175 -956
994 1410 223 574 -926 -174 -955
995 1412 225 570 -926 -177 -955
996 1411 225 570 -927 -177 -958
997 1414 222 570 -926 -176 -952
998 1411 224 576 -923 -176 -955
999 1414 227 576 -924 -172 -950
0 4440 -5305 170 -6963 3006 3689
1 4442 -5304 174 -6965 3008 3685
2 4443 -5303 173 -6965 3007 3689
3 4442 -5303 171 -6964 3008 3685
4 4438 -5305 169 -6967 3002 3685
5 4439 -5305 168 -6969 3002 3683
6 4443 -5308 167 -6967 3003 3685
7 4439 -5306 170 -6965 3001 3685
8 4439 -5305 171 -6962 3009 3688
9 4442 -5302 171 -6966 3004 3687
10 4441 -5306 173 -6965 3003 3688
11 4442 -5304 170 -6965 3004 3688
12 4444 -5302 173 -6966 3005 3686
13 4442 -5301 170 -6965 3005 3685
14 4443 -5303 170 -6963 3007 3689
15 4444 -5302 174 -6962 3007 3687
16 4446 -5298 173 -6961 3004 3686
17 4445 -5302 175 -6965 3006 3688
18 4443 -5304 171 -6962 3005 3688
19 4441 -5304 174 -6961 3004 3690
20 4444 -5298 170 -6964 3007 3688
21 4442 -5302 173 -6965 3007 3686
22 4443 -5303 170 -6962 3004 3690
23 4441 -5299 173 -6963 3003 3686
24 4441 -5300 171 -6960 3004 3686
25 4440 -5304 170 -6961 3004 3685
26 4441 -5304 171 -6959 3006 3685
27 4440 -5304 170 -6962 3003 3688
28 4441 -5302 175 -6962 3001 3686
29 4441 -5301 173 -6960 3002 3685
30 4440 -5300 174 -6963 3006 3684
31 4440 -5301 169 -6959 3005 3684
32 4440 -5300 172 -6960 3003 3685
33 4440 -5301 172 -6960 3003 3687
34 4441 -5301 171 -6958 3003 3686
35 4441 -5297 173 -6964 3004 3685
36 4439 -5299 172 -6960 3002 3684
37 4440 -5298 174 -6957 3003 3685
38 4441 -5301 171 -6959 3005 3685
39 4441 -5297 177 -6960 3002 3685
40 4442 -5296 174 -6959 3003 3687
41 4443 -5297 171 -6958 3005 3689
42 4439 -5297 175 -6958 3006 3686
43 4443 -5296 172 -6952 3008 3689
44 4442 -5294 177 -6957 3005 3688
45 4439 -5298 175 -6957 3001 3686
46 4441 -5297 177 -6957 3006 3686
47 4438 -5299 171 -6961 3002 3684
48 4435 -5302 174 -6959 3001 3683
49 4437 -5299 174 -6956 3004 3686
50 4437 -5298 173 -6961 3004 3686
51 4440 -5296 175 -6959 3004 3682
52 4437 -5296 174 -6958 3002 3682
53 4439 -5298 175 -6961 3004 3689
54 4436 -5301 173 -6959 3002 3684
55 4439 -5298 171 -6959 3001 3683
56 4439 -5294 173 -6955 3003 3686
57 4440 -5296 175 -6959 3003 3684
58 4442 -5298 175 -6960 3002 3689
59 4442 -5300 174 -6962 3005 3683
60 4440 -5297 176 -6959 3005 3687
61 4441 -5297 178 -6960 3003 3688
62 4437 -5300 174 -6955 3006 3690
63 4442 -5295 174 -6960 3005 3686
64 4441 -5298 174 -6957 3006 3687
65 4440 -5298 178 -6958 3002 3688
66 4440 -5296 176 -6959 3004 3690
67 4440 -5295 178 -6961 3004 3688
68 4439 -5296 176 -6959 3002 3686
69 4442 -5297 173 -6959 3005 3688
70 4440 -5298 180 -6958 3003 3691
71 4441 -5295 176 -6958 3005 3686
72 4440 -5298 177 -6958 3005 3687
73 4442 -5298 178 -6958 3007 3688
74 4437 -5299 175 -6962 3003 3683
75 4436 -5299 176 -6961 3003 3686
76 4441 -5296 177 -6960 3002 3688
77 4440 -5302 173 -6960 3002 3686
78 4438 -5302 174 -6962 3004 3690
79 4437 -5300 175 -6960 3005 3689
80 4439 -5299 174 -6959 3007 3689
81 4440 -5295 177 -6962 3005 3690
82 4443 -5297 177 -6961 3008 3691
83 4443 -5297 178 -6961 3007 3690
84 4441 -5295 176 -6961 3006 3690
85 4439 -5299 180 -6962 3006 3691
86 4440 -5302 177 -6963 3003 3688
87 4439 -5298 174 -6961 3004 3688
88 4440 -5299 175 -6965 3002 3684
89 4438 -5301 175 -6966 3002 3686
90 4441 -5301 174 -6964 3001 3687
91 4440 -5300 176 -6965 3003 3690
92 4438 -5303 176 -6967 3002 3688
93 4441 -5300 175 -6968 2999 3684
94 4442 -5301 174 -6964 3003 3689
95 4440 -5302 176 -6964 3007 3689
96 4441 -5296 179 -6962 3008 3689
97 4441 -5299 179 -6963 3005 3691
98 4443 -5300 177 -6964 3008 3690
99 4442 -5301 178 -6964 3006 3688
100 4441 -5298 178 -6966 3006 3692
101 4440 -5301 177 -6968 3006 3694
102 4440 -5301 176 -6963 3012 3695
103 4441 -5298 180 -6963 3009 3699
104 4445 -5299 181 -6964 3009 3696
105 4445 -5296 180 -6963 3010 3695
106 4447 -5296 183 -6965 3010 3697
107 4443 -5298 180 -6963 3008 3693
108 4445 -5299 181 -6968 3009 3697
109 4440 -5301 181 -6963 3005 3694
110 4442 -5298 180 -6970 3007 3690
111 4442 -5301 179 -6964 3007 3693
112 4443 -5299 178 -6965 3011 3698
113 4441 -5298 175 -6966 3008 3694
114 4440 -5298 181 -6965 3008 3693
115 4446 -5298 180 -6966 3010 3695
116 4443 -5297 180 -6967 3008 3693
117 4442 -5300 177 -6968 3007 3692
118 4439 -5299 179 -6968 3007 3693
119 4441 -5298 178 -6966 3009 3694
120 4442 -5302 180 -6970 3010 3693
121 4440 -5300 177 -6966 3011 3692
122 4441 -5300 180 -6970 3003 3691
123 4440 -5297 182 -6965 3007 3691
124 4441 -5300 181 -6967 3008 3692
125 4442 -5299 180 -6965 3010 3694
126 4445 -5296 182 -6967 3009 3696
127 4444 -5295 181 -6964 3009 3692
128 4445 -5299 183 -6968 3009 3697
129 4446 -5296 181 -6970 3009 3693
130 4443 -5296 180 -6967 3008 3693
131 4444 -5297 182 -6967 3009 3692
132 4448 -5294 183 -6966 3010 3696
133 4445 -5295 183 -6963 3011 3693
134 4444 -5297 181 -6962 3010 3694
135 4443 -5293 184 -6966 3009 3697
136 4444 -5294 183 -6962 3011 3697
137 4445 -5293 185 -6968 3009 3696
138 4442 -5298 181 -6968 3006 3695
139 4443 -5295 181 -6968 3009 3693
140 4443 -5299 185 -6969 3009 3695
141 4444 -5292 184 -6969 3008 3695
142 4440 -5297 181 -6970 3010 3695
143 4442 -5299 181 -6970 3010 3692
144 4442 -5295 183 -6967 3010 3694
145 4441 -5298 185 -6969 3009 3694
146 4443 -5295 181 -6966 3010 3699
147 4443 -5296 183 -6970 3011 3697
148 4442 -5291 182 -6970 3006 3694
149 4444 -5293 184 -6969 3012 3691
150 4446 -5291 188 -6970 3009 3695
151 4442 -5293 184 -6968 3012 3699
152 4443 -5293 185 -6967 3013 3695
153 4443 -5292 183 -6970 3014 3697
154 4444 -5292 187 -6972 3010 3696
155 4446 -5293 184 -6968 3012 3695
156 4443 -5291 186 -6966 3014 3698
157 4442 -5293 186 -6968 3012 3696
158 4444 -5292 186 -6970 3011 3696
159 4441 -5291 182 -6970 3011 3695
160 4445 -5290 187 -6966 3013 3700
161 4447 -5291 190 -6967 3010 3699
162 4445 -5289 187 -6968 3011 3697
163 4445 -5293 188 -6968 3013 3697
164 4443 -5287 188 -6969 3009 3695
165 4444 -5288 190 -6967 3012 3701
166 4444 -5287 188 -6966 3010 3696
167 4445 -5290 188 -6970 3012 3698
168 4444 -5291 186 -6970 3010 3696
169 4442 -5294 185 -6969 3010 3693
170 4444 -5292 188 -6965 3014 3696
171 4444 -5289 188 -6969 3009 3697
172 4443 -5287 188 -6968 3010 3696
173 4445 -5291 188 -6969 3013 3695
174 4444 -5288 186 -6970 3012 3695
175 4442 -5291 189 -6970 3009 3700
176 4442 -5289 190 -6972 3013 3697
177 4442 -5288 189 -6970 3012 3697
178 4444 -5287 192 -6971 3011 3696
179 4445 -5290 188 -6974 3013 3696
180 4444 -5287 190 -6969 3013 3696
181 4443 -5288 193 -6971 3011 3697
182 4441 -5290 193 -6974 3011 3697
183 4444 -5289 190 -6969 3011 3696
184 4445 -5287 193 -6971 3010 3697
185 4444 -5288 188 -6970 3011 3696
186 4444 -5289 190 -6969 3014 3698
187 4445 -5288 189 -6971 3015 3698
188 4447 -5286 190 -6969 3011 3699
189 4445 -5289 191 -6973 3013 3698
190 4441 -5291 191 -6973 3012 3701
191 4444 -5289 191 -6973 3012 3701
192 4445 -5290 190 -6973 3010 3699
193 4444 -5290 191 -6974 3012 3700
194 4443 -5289 188 -6972 3014 3698
195 4444 -5286 187 -6975 3012 3700
196 4441 -5288 191 -6975 3009 3698
197 4444 -5288 190 -6974 3012 3700
198 4441 -5290 191 -6974 3014 3697
199 4446 -5288 193 -6974 3011 3699
200 4446 -5287 193 -6971 3014 3701
201 4443 -5284 195 -6968 3017 3699
202 4442 -5285 192 -6974 3012 3697
203 4442 -5285 192 -6973 3014 3697
204 4439 -5288 189 -6976 3010 3696
205 4442 -5285 190 -6968 3015 3697
206 4445 -5283 194 -6971 3015 3700
207 4443 -5286 193 -6973 3012 3700
208 4441 -5287 195 -6973 3013 3696
209 4446 -5285 195 -6973 3012 3696
210 4444 -5281 192 -6970 3014 3698
211 4444 -5282 193 -6970 3016 3702
212 4443 -5286 194 -6974 3013 3700
213 4444 -5283 196 -6972 3012 3700
214 4442 -5285 195 -6968 3013 3702
215 4444 -5286 195 -6972 3015 3700
216 4443 -5284 193 -6973 3012 3702
217 4445 -5283 194 -6974 3016 3699
218 4440 -5285 193 -6973 3016 3701
219 4442 -5285 193 -6971 3014 3704
220 4445 -5282 193 -6975 3016 3701
221 4444 -5280 194 -6974 3016 3700
222 4442 -5284 195 -6975 3014 3702
223 4445 -5283 194 -6976 3013 3700
224 4443 -5286 193 -6976 3016 3700
225 4444 -5288 193 -6980 3012 3698
226 4445 -5284 196 -6973 3018 3703
227 4443 -5286 198 -6973 3015 3703
228 4442 -5286 197 -6974 3015 3703
229 4444 -5285 196 -6977 3019 3701
230 4445 -5285 193 -6976 3014 3705
231 4446 -5285 197 -6975 3016 3702
232 4444 -5284 197 -6975 3016 3704
233 4443 -5286 195 -6975 3014 3705
234 4444 -5283 201 -6973 3016 3704
235 4444 -5285 198 -6977 3018 3704
236 4445 -5284 197 -6978 3015 3703
237 4444 -5285 197 -6977 3020 3707
238 4444 -5286 198 -6978 3017 3704
239 4448 -5284 198 -6977 3017 3703
240 4445 -5283 201 -6978 3017 3705
241 4446 -5283 198 -6979 3016 3705
242 4443 -5285 196 -6978 3016 3701
243 4444 -5284 194 -6978 3017 3704
244 4442 -5286 194 -6978 3016 3703
245 4445 -5285 197 -6979 3017 3703
246 4445 -5284 198 -6977 3016 3701
247 4445 -5284 199 -6978 3016 3703
248 4445 -5285 197 -6979 3017 3704
249 4445 -5285 198 -6977 3019 3705
250 4445 -5285 193 -6979 3015 3707
251 4444 -5286 199 -6975 3017 3704
252 4444 -5284 201 -6976 3016 3705
253 4442 -5285 199 -6976 3017 3706
254 4445 -5284 201 -6977 3018 3706
255 4444 -5286 198 -6977 3019 3707
256 4446 -5286 197 -6978 3018 3705
257 4447 -5282 199 -6980 3017 3704
258 4447 -5284 201 -6979 3018 3706
259 4444 -5285 199 -6978 3016 3706
260 4448 -5286 202 -6979 3019 3711
261 4445 -5285 199 -6978 3016 3707
262 4445 -5284 198 -6978 3018 3706
263 4448 -5286 199 -6981 3017 3706
264 4443 -5282 198 -6981 3019 3708
265 4447 -5289 200 -6979 3018 3707
266 4449 -5285 201 -6980 3022 3710
267 4445 -5285 202 -6984 3018 3709
268 4443 -5283 201 -6978 3018 3706
269 4444 -5283 199 -6980 3019 3707
270 4446 -5286 201 -6975 3021 3710
271 4446 -5284 205 -6977 3020 3711
272 4447 -5283 202 -6978 3020 3711
273 4445 -5286 202 -6978 3017 3706
274 4443 -5284 201 -6978 3019 3708
275 4442 -5286 199 -6978 3019 3708
276 4445 -5284 199 -6980 3017 3710
277 4444 -5284 199 -6980 3014 3709
278 4441 -5286 200 -6980 3014 3706
279 4446 -5283 202 -6975 3019 3712
280 4443 -5282 202 -6978 3018 3711
281 4446 -5284 202 -6979 3017 3712
282 4446 -5282 200 -6981 3020 3710
283 4446 -5280 204 -6976 3018 3711
284 4446 -5279 205 -6976 3021 3712
285 4447 -5281 204 -6977 3019 3710
286 4445 -5283 200 -6976 3020 3706
287 4443 -5283 203 -6977 3019 3711
288 4446 -5282 203 -6975 3020 3708
289 4444 -5285 199 -6976 3016 3709
290 4442 -5281 202 -6976 3016 3707
291 4445 -5280 203 -6976 3020 3708
292 4446 -5279 206 -6971 3019 3707
293 4447 -5278 205 -6974 3015 3711
294 4444 -5280 200 -6976 3017 3708
295 4445 -5280 203 -6975 3017 3707
296 4442 -5283 204 -6976 3013 3704
297 4444 -5282 201 -6975 3017 3705
298 4440 -5280 204 -6976 3015 3706
299 4440 -5279 204 -6974 3017 3708
300 4444 -5279 205 -6970 3019 3709
301 4443 -5278 206 -6974 3018 3708
302 4441 -5280 204 -6976 3017 3708
303 4442 -5281 201 -6973 3014 3704
304 4439 -5282 204 -6978 3014 3706
305 4440 -5281 202 -6976 3014 3704
306 4445 -5282 203 -6974 3015 3708
307 4443 -5278 204 -6976 3016 3708
308 4444 -5281 203 -6974 3018 3708
309 4443 -5278 207 -6975 3016 3707
310 4442 -5279 206 -6975 3013 3708
311 4443 -5280 205 -6977 3013 3708
312 4437 -5281 203 -6971 3017 3703
313 4441 -5281 201 -6970 3016 3708
314 4442 -5278 204 -6975 3017 3710
315 4440 -5277 205 -6972 3015 3709
316 4443 -5279 202 -6967 3018 3710
317 4440 -5276 206 -6970 3018 3709
318 4446 -5271 207 -6971 3016 3709
319 4442 -5275 206 -6970 3012 3710
320 4443 -5277 205 -6972 3017 3710
321 4439 -5276 204 -6970 3015 3713
322 4440 -5277 206 -6974 3014 3706
323 4441 -5280 203 -6973 3016 3706
324 4442 -5278 204 -6974 3015 3705
325 4442 -5279 204 -6971 3019 3710
326 4440 -5276 204 -6971 3016 3708
327 4438 -5277 205 -6972 3012 3706
328 4441 -5274 206 -6972 3017 3708
329 4439 -5278 203 -6972 3013 3706
330 4439 -5279 206 -6973 3016 3708
331 4440 -5276 206 -6973 3016 3709
332 4440 -5278 203 -6972 3016 3705
333 4440 -5278 207 -6973 3013 3705
334 4440 -5277 203 -6969 3013 3704
335 4443 -5276 206 -6970 3015 3705
336 4438 -5274 207 -6969 3015 3708
337 4441 -5275 206 -6970 3014 3703
338 4439 -5274 203 -6970 3015 3707
339 4442 -5275 206 -6966 3020 3710
340 4440 -5274 206 -6970 3011 3709
341 4440 -5273 205 -6972 3014 3706
342 4441 -5276 205 -6969 3016 3706
343 4441 -5277 209 -6971 3014 3706
344 4437 -5277 208 -6970 3015 3704
345 4442 -5275 204 -6967 3015 3706
346 4443 -5273 209 -6969 3015 3709
347 4442 -5276 207 -6967 3014 3708
348 4443 -5273 208 -6967 3015 3710
349 4444 -5273 209 -6969 3018 3708
350 4441 -5277 206 -6969 3015 3709
351 4441 -5273 208 -6970 3013 3706
352 4440 -5276 208 -6970 3015 3707
353 4441 -5277 208 -6970 3018 3708
354 4444 -5276 206 -6968 3016 3709
355 4443 -5276 210 -6972 3014 3707
356 4441 -5278 206 -6974 3015 3707
357 4439 -5279 205 -6970 3013 3706
358 4437 -5275 206 -6971 3014 3707
359 4441 -5281 205 -6972 3014 3709
360 4439 -5280 207 -6972 3015 3710
361 4440 -5276 203 -6972 3013 3707
362 4441 -5278 204 -6970 3014 3709
363 4440 -5282 203 -6974 3013 3708
364 4438 -5277 205 -6973 3011 3709
365 4438 -5280 203 -6974 3013 3709
366 4437 -5276 202 -6974 3016 3708
367 4438 -5277 208 -6972 3012 3705
368 4438 -5277 206 -6973 3013 3710
369 4439 -5276 208 -6974 3018 3709
370 4440 -5278 207 -6971 3014 3711
371 4442 -5277 206 -6972 3018 3711
372 4439 -5275 207 -6969 3014 3711
373 4443 -5277 206 -6972 3015 3710
374 4442 -5275 207 -6968 3016 3711
375 4440 -5275 207 -6970 3012 3709
376 4440 -5280 207 -6972 3015 3708
377 4439 -5281 208 -6971 3012 3708
378 4440 -5276 207 -6970 3014 3711
379 4437 -5275 208 -6972 3014 3707
380 4440 -5277 203 -6969 3012 3708
381 4444 -5277 206 -6972 3018 3710
382 4441 -5275 205 -6969 3015 3710
383 4440 -5277 208 -6970 3018 3712
384 4439 -5274 206 -6968 3019 3714
385 4443 -5277 210 -6969 3019 3715
386 4442 -5276 208 -6969 3014 3709
387 4442 -5277 207 -6969 3016 3711
388 4441 -5277 208 -6973 3017 3713
389 4440 -5281 206 -6969 3016 3713
390 4441 -5276 210 -6972 3019 3711
391 4444 -5275 208 -6972 3018 3710
392 4441 -5278 207 -6974 3017 3711
393 4442 -5278 207 -6974 3016 3711
394 4442 -5276 208 -6969 3017 3713
395 4443 -5276 210 -6972 3019 3713
396 4444 -5278 210 -6971 3021 3715
397 4444 -5277 211 -6974 3016 3712
398 4442 -5280 207 -6973 3018 3710
399 4441 -5276 205 -6973 3016 3713
400 4442 -5279 209 -6975 3016 3713
401 4442 -5280 211 -6976 3018 3713
402 4444 -5279 209 -6973 3019 3714
403 4446 -5276 206 -6973 3017 3713
404 4441 -5276 209 -6974 3019 3716
405 4445 -5279 208 -6976 3016 3716
406 4441 -5279 208 -6973 3021 3718
407 4444 -5277 207 -6972 3017 3714
408 4442 -5278 209 -6977 3018 3712
409 4443 -5280 207 -6975 3015 3713
410 4444 -5282 206 -6976 3017 3714
411 4443 -5281 208 -6975 3019 3715
412 4445 -5275 206 -6978 3020 3715
413 4444 -5275 208 -6977 3017 3714
414 4443 -5281 206 -6978 3018 3712
415 4443 -5279 207 -6981 3018 3716
416 4445 -5283 209 -6981 3017 3708
417 4439 -5285 207 -6983 3016 3712
418 4439 -5282 203 -6982 3013 3708
419 4438 -5282 203 -6980 3013 3709
420 4440 -5281 206 -6976 3014 3710
421 4440 -5282 205 -6978 3014 3714
422 4438 -5281 204 -6981 3014 3710
423 4442 -5280 206 -6975 3015 3712
424 4438 -5281 206 -6978 3017 3710
425 4440 -5282 205 -6981 3018 3711
426 4443 -5281 206 -6982 3017 3715
427 4444 -5281 207 -6980 3015 3711
428 4440 -5279 206 -6980 3017 3710
429 4439 -5284 206 -6979 3016 3712
430 4440 -5282 208 -6978 3016 3710
431 4442 -5280 207 -6981 3015 3711
432 4446 -5279 207 -6980 3016 3710
433 4442 -5278 207 -6979 3018 3711
434 4438 -5278 209 -6981 3017 3711
435 4441 -5279 207 -6978 3016 3710
436 4443 -5277 210 -6982 3018 3711
437 4442 -5279 206 -6977 3020 3712
438 4443 -5279 208 -6978 3018 3710
439 4444 -5280 211 -6980 3017 3710
440 4445 -5275 209 -6979 3015 3709
441 4442 -5279 209 -6978 3020 3711
442 4444 -5279 214 -6979 3019 3710
443 4441 -5278 208 -6980 3017 3715
444 4443 -5280 208 -6977 3014 3711
445 4441 -5278 204 -6979 3019 3709
446 4437 -5280 210 -6980 3019 3710
447 4442 -5274 208 -6979 3017 3710
448 4440 -5276 209 -6981 3018 3711
449 4442 -5276 208 -6981 3018 3712
450 4440 -5278 204 -6982 3017 3709
451 4446 -5281 209 -6980 3016 3713
452 4447 -5273 210 -6980 3020 3713
453 4444 -5275 207 -6981 3016 3710
454 4441 -5278 207 -6981 3018 3711
455 4444 -5276 209 -6979 3019 3712
456 4442 -5278 207 -6976 3018 3708
457 4443 -5275 206 -6980 3020 3709
458 4441 -5277 211 -6980 3016 3710
459 4439 -5275 208 -6981 3016 3707
460 4440 -5276 207 -6979 3016 3710
461 4442 -5272 206 -6978 3018 3708
462 4443 -5274 209 -6981 3017 3710
463 4441 -5275 206 -6980 3015 3712
464 4441 -5276 210 -6980 3016 3707
465 4441 -5276 206 -6983 3017 3706
466 4441 -5273 209 -6979 3017 3709
467 4442 -5272 209 -6982 3016 3710
468 4440 -5272 210 -6978 3017 3706
469 4440 -5272 205 -6978 3018 3710
470 4443 -5273 210 -6978 3016 3708
471 4441 -5277 210 -6978 3020 3708
472 4443 -5272 207 -6981 3015 3708
473 4439 -5273 210 -6980 3015 3705
474 4440 -5275 212 -6982 3019 3708
475 4442 -5275 207 -6984 3018 3706
476 4440 -5279 205 -6983 3015 3709
477 4444 -5275 205 -6985 3014 3703
478 4440 -5277 208 -6983 3013 3706
479 4442 -5279 204 -6986 3013 3703
480 4440 -5274 208 -6981 3017 3707
481 4442 -5273 207 -6980 3021 3709
482 4444 -5275 208 -6983 3012 3705
483 4440 -5277 208 -6984 3017 3705
484 4440 -5277 207 -6986 3017 3707
485 4441 -5274 207 -6984 3018 3708
486 4441 -5273 208 -6984 3020 3710
487 4443 -5275 211 -6982 3020 3712
488 4445 -5272 209 -6986 3019 3708
489 4443 -5277 208 -6986 3021 3708
490 4440 -5275 207 -6984 3017 3710
491 4441 -5278 208 -6987 3018 3708
492 4441 -5275 210 -6983 3019 3712
493 4442 -5277 213 -6983 3018 3714
494 4443 -5279 210 -6985 3022 3711
495 4444 -5274 210 -6982 3024 3709
496 4442 -5276 211 -6985 3018 3711
497 4447 -5274 207 -6986 3020 3709
498 4441 -5276 211 -6987 3022 3710
499 4445 -5275 208 -6986 3021 3714
500 4444 -5274 210 -6987 3023 3712
501 4444 -5278 212 -6991 3018 3708
502 4444 -5278 208 -6989 3019 3712
503 4444 -5276 209 -6987 3019 3710
504 4444 -5278 210 -6988 3019 3707
505 4442 -5282 207 -6987 3022 3707
506 4443 -5279 210 -6985 3016 3705
507 4441 -5279 209 -6989 3023 3706
508 4440 -5277 208 -6990 3017 3707
509 4444 -5276 207 -6988 3019 3706
510 4441 -5277 210 -6989 3022 3708
511 4447 -5276 210 -6989 3021 3706
512 4442 -5277 210 -6988 3019 3709
513 4444 -5271 210 -6990 3024 3711
514 4444 -5276 209 -6987 3024 3711
515 4444 -5274 212 -6989 3021 3711
516 4448 -5274 211 -6992 3022 3713
517 4443 -5277 211 -6991 3020 3707
518 4445 -5279 210 -6986 3024 3713
519 4445 -5275 212 -6990 3022 3711
520 4445 -5274 211 -6988 3023 3709
521 4447 -5274 210 -6992 3019 3708
522 4448 -5274 208 -6988 3021 3713
523 4447 -5275 207 -6990 3022 3710
524 4449 -5276 210 -6994 3022 3709
525 4444 -5277 207 -6991 3022 3712
526 4446 -5279 210 -6992 3021 3707
527 4442 -5277 206 -6991 3021 3710
528 4445 -5277 208 -6990 3021 3713
529 4447 -5279 207 -6995 3024 3712
530 4448 -5276 208 -6991 3024 3710
531 4447 -5274 211 -6992 3025 3714
532 4447 -5280 207 -6994 3023 3713
533 4447 -5276 214 -6993 3024 3714
534 4449 -5275 211 -6995 3025 3712
535 4449 -5277 211 -6996 3027 3712
536 4449 -5279 210 -6996 3024 3715
537 4446 -5277 211 -6994 3024 3711
538 4448 -5277 210 -6994 3024 3715
539 4448 -5280 213 -6992 3025 3713
540 4449 -5275 212 -6995 3027 3713
541 4448 -5277 209 -6995 3025 3713
542 4448 -5278 210 -6994 3024 3711
543 4449 -5278 210 -6997 3023 3711
544 4448 -5282 213 -6994 3026 3713
545 4451 -5276 211 -6996 3027 3717
546 4447 -5278 210 -6998 3024 3710
547 4450 -5277 210 -6997 3023 3711
548 4448 -5281 210 -6997 3021 3714
549 4450 -5279 207 -7001 3024 3711
550 4448 -5279 209 -6997 3025 3712
551 4448 -5279 209 -6997 3025 3713
552 4451 -5280 208 -6996 3024 3711
553 4448 -5277 211 -6993 3026 3713
554 4452 -5278 213 -6994 3025 3713
555 4449 -5278 211 -6997 3024 3711
556 4449 -5280 211 -6998 3024 3712
557 4447 -5280 206 -6998 3022 3712
558 4446 -5278 208 -7002 3024 3711
559 4449 -5282 208 -6996 3028 3713
560 4449 -5277 213 -6999 3024 3715
561 4449 -5280 209 -6998 3025 3713
562 4452 -5278 209 -6995 3026 3713
563 4450 -5279 208 -6998 3028 3718
564 4451 -5278 208 -6998 3024 3713
565 4445 -5283 206 -7001 3023 3712
566 4447 -5280 205 -6998 3024 3711
567 4450 -5284 209 -7000 3021 3712
568 4447 -5280 206 -7000 3022 3714
569 4448 -5281 209 -6997 3026 3715
570 4452 -5278 211 -6996 3026 3716
571 4448 -5281 208 -6997 3022 3715
572 4446 -5283 206 -6997 3026 3711
573 4447 -5282 206 -7001 3023 3710
574 4447 -5282 205 -7000 3023 3710
575 4447 -5284 205 -7000 3026 3707
576 4446 -5284 206 -6998 3024 3711
577 4449 -5282 208 -7000 3022 3712
578 4447 -5281 205 -6997 3026 3713
579 4450 -5282 208 -7001 3027 3713
580 4450 -5281 209 -7001 3025 3713
581 4451 -5281 207 -6999 3024 3710
582 4447 -5281 207 -6998 3025 3710
583 4449 -5280 207 -7001 3025 3712
584 4448 -5283 208 -7000 3025 3709
585 4444 -5283 206 -6998 3025 3710
586 4448 -5279 210 -7001 3022 3710
587 4445 -5284 204 -6997 3020 3710
588 4449 -5279 207 -6995 3024 3710
589 4449 -5280 209 -6997 3022 3709
590 4451 -5279 204 -6998 3021 3712
591 4449 -5279 206 -6998 3022 3711
592 4448 -5279 208 -6997 3021 3709
593 4447 -5278 209 -6998 3021 3709
594 4449 -5281 208 -6995 3025 3709
595 4448 -5278 206 -6997 3023 3708
596 4448 -5279 207 -6995 3024 3708
597 4448 -5275 206 -6993 3026 3708
598 4449 -5275 210 -6994 3022 3712
599 4449 -5277 209 -6995 3025 3709
600 4446 -5277 207 -6996 3023 3705
601 4446 -5281 207 -6991 3026 3710
602 4449 -5279 205 -6996 3023 3711
603 4448 -5276 204 -6995 3025 3712
604 4449 -5275 209 -6992 3025 3709
605 4446 -5279 208 -6992 3023 3707
606 4451 -5277 208 -6992 3024 3709
607 4446 -5280 205 -6995 3023 3706
608 4446 -5280 206 -6997 3021 3707
609 4445 -5277 205 -6995 3025 3710
610 4445 -5279 205 -6993 3021 3707
611 4445 -5282 204 -6991 3021 3706
612 4446 -5278 206 -6992 3022 3708
613 4445 -5279 203 -6993 3020 3708
614 4447 -5276 207 -6989 3018 3705
615 4447 -5280 204 -6991 3020 3704
616 4446 -5279 205 -6993 3022 3705
617 4445 -5279 206 -6993 3023 3705
618 4448 -5278 204 -6994 3022 3710
619 4445 -5278 207 -6991 3022 3712
620 4444 -5277 203 -6990 3021 3706
621 4444 -5279 203 -6995 3020 3706
622 4445 -5283 205 -6993 3018 3706
623 4447 -5281 202 -6991 3020 3706
624 4446 -5282 202 -6993 3021 3705
625 4444 -5281 204 -6988 3020 3708
626 4444 -5279 202 -6994 3019 3706
627 4445 -5278 203 -6993 3020 3706
628 4445 -5282 204 -6990 3022 3708
629 4447 -5279 200 -6990 3021 3707
630 4447 -5279 203 -6988 3020 3709
631 4446 -5279 204 -6992 3023 3703
632 4445 -5282 205 -6994 3019 3704
633 4444 -5283 203 -6991 3019 3706
634 4443 -5281 199 -6990 3018 3701
635 4445 -5281 201 -6988 3019 3702
636 4446 -5277 205 -6989 3019 3703
637 4445 -5280 203 -6989 3022 3704
638 4445 -5281 203 -6989 3021 3707
639 4447 -5279 203 -6987 3019 3705
640 4448 -5280 202 -6989 3019 3706
641 4449 -5279 204 -6989 3019 3708
642 4448 -5281 201 -6990 3019 3706
643 4449 -5277 203 -6989 3022 3707
644 4447 -5280 203 -6992 3022 3707
645 4445 -5282 204 -6994 3020 3705
646 4446 -5283 200 -6993 3020 3703
647 4444 -5283 199 -6992 3020 3705
648 4448 -5281 202 -6990 3020 3704
649 4446 -5281 200 -6989 3020 3704
650 4444 -5283 199 -6992 3017 3705
651 4445 -5285 198 -6990 3018 3702
652 4445 -5284 201 -6992 3016 3700
653 4442 -5285 199 -6991 3017 3704
654 4444 -5285 199 -6992 3016 3702
655 4445 -5285 198 -6993 3017 3702
656 4443 -5283 202 -6994 3020 3701
657 4445 -5284 201 -6988 3019 3707
658 4444 -5283 199 -6992 3017 3706
659 4446 -5283 201 -6993 3017 3706
660 4442 -5285 198 -6991 3019 3706
661 4449 -5284 199 -6990 3018 3704
662 4451 -5284 197 -6990 3020 3705
663 4447 -5285 199 -6986 3023 3706
664 4445 -5283 201 -6990 3019 3701
665 4446 -5285 196 -6992 3017 3704
666 4443 -5286 196 -6993 3016 3705
667 4447 -5282 196 -6992 3020 3705
668 4446 -5284 197 -6990 3018 3703
669 4443 -5286 196 -6991 3017 3704
670 4443 -5287 200 -6990 3021 3708
671 4447 -5282 198 -6990 3021 3706
672 4445 -5285 198 -6989 3019 3704
673 4449 -5285 200 -6990 3016 3705
674 4447 -5287 198 -6985 3014 3703
675 4443 -5283 199 -6988 3017 3700
676 4445 -5282 199 -6989 3020 3703
677 4448 -5285 199 -6989 3021 3704
678 4445 -5286 196 -6989 3019 3703
679 4448 -5284 200 -6988 3017 3702
680 4446 -5285 198 -6988 3019 3704
681 4449 -5286 196 -6985 3020 3702
682 4446 -5282 200 -6987 3018 3704
683 4446 -5284 197 -6988 3019 3703
684 4444 -5286 197 -6987 3015 3696
685 4446 -5287 196 -6986 3016 3701
686 4442 -5285 198 -6987 3016 3702
687 4446 -5284 195 -6991 3017 3704
688 4445 -5291 194 -6989 3016 3701
689 4443 -5284 197 -6988 3015 3702
690 4443 -5288 195 -6986 3016 3699
691 4444 -5286 197 -6984 3012 3697
692 4446 -5284 198 -6983 3017 3703
693 4448 -5286 196 -6982 3017 3701
694 4447 -5284 194 -6986 3017 3704
695 4442 -5288 196 -6986 3014 3700
696 4447 -5284 194 -6986 3015 3702
697 4446 -5284 194 -6986 3016 3704
698 4446 -5283 196 -6985 3019 3704
699 4445 -5285 196 -6983 3020 3704
700 4449 -5286 197 -6983 3019 3699
701 4443 -5289 194 -6979 3023 3704
702 4447 -5281 200 -6982 3019 3701
703 4448 -5283 198 -6981 3017 3705
704 4445 -5285 196 -6984 3015 3700
705 4445 -5284 197 -6982 3018 3703
706 4448 -5282 199 -6986 3020 3703
707 4447 -5284 196 -6981 3018 3701
708 4446 -5283 198 -6985 3019 3704
709 4445 -5285 195 -6982 3018 3701
710 4446 -5285 196 -6984 3017 3697
711 4449 -5286 194 -6982 3019 3703
712 4446 -5288 194 -6981 3016 3703
713 4448 -5285 197 -6983 3019 3705
714 4446 -5289 193 -6985 3018 3701
715 4445 -5290 195 -6982 3016 3700
716 4448 -5289 194 -6982 3019 3704
717 4447 -5286 192 -6984 3015 3701
718 4444 -5288 195 -6982 3017 3699
719 4448 -5286 195 -6982 3019 3701
720 4445 -5288 194 -6984 3015 3703
721 4446 -5285 194 -6984 3018 3700
722 4444 -5289 193 -6982 3019 3700
723 4446 -5286 194 -6982 3018 3699
724 4447 -5285 196 -6980 3016 3700
725 4444 -5291 195 -6984 3014 3700
726 4447 -5287 193 -6982 3016 3698
727 4446 -5288 195 -6982 3018 3701
728 4447 -5290 192 -6978 3014 3700
729 4446 -5285 193 -6984 3016 3702
730 4450 -5283 192 -6980 3017 3702
731 4444 -5287 194 -6982 3020 3703
732 4447 -5287 195 -6981 3021 3704
733 4447 -5286 198 -6979 3017 3700
734 4446 -5288 193 -6980 3016 3705
735 4447 -5287 193 -6981 3015 3701
736 4448 -5284 193 -6980 3016 3699
737 4448 -5287 191 -6984 3016 3699
738 4445 -5288 193 -6981 3014 3702
739 4448 -5287 194 -6982 3017 3701
740 4446 -5289 193 -6985 3015 3700
741 4446 -5291 192 -6979 3017 3700
742 4447 -5286 193 -6980 3020 3701
743 4447 -5290 195 -6984 3014 3699
744 4446 -5288 193 -6982 3017 3700
745 4447 -5288 191 -6984 3016 3701
746 4447 -5289 190 -6984 3014 3700
747 4448 -5290 192 -6986 3016 3698
748 4444 -5291 191 -6983 3017 3701
749 4448 -5288 194 -6981 3017 3703
750 4451 -5285 195 -6982 3022 3700
751 4447 -5289 190 -6982 3018 3704
752 4449 -5292 190 -6982 3017 3701
753 4451 -5292 193 -6982 3018 3701
754 4446 -5290 192 -6985 3016 3699
755 4447 -5289 188 -6985 3016 3698
756 4447 -5291 190 -6987 3015 3701
757 4448 -5288 189 -6983 3019 3702
758 4448 -5290 189 -6984 3019 3702
759 4446 -5286 189 -6983 3018 3700
760 4447 -5288 191 -6986 3013 3695
761 4446 -5293 190 -6984 3016 3702
762 4447 -5291 187 -6983 3016 3699
763 4449 -5291 190 -6982 3015 3699
764 4447 -5293 191 -6983 3016 3696
765 4448 -5289 190 -6984 3017 3696
766 4446 -5291 190 -6984 3016 3698
767 4449 -5288 189 -6983 3015 3699
768 4450 -5289 191 -6983 3015 3698
769 4448 -5289 189 -6985 3014 3695
770 4447 -5289 186 -6983 3016 3695
771 4449 -5289 189 -6980 3018 3700
772 4446 -5292 188 -6983 3017 3697
773 4446 -5292 189 -6984 3010 3693
774 4447 -5288 189 -6981 3012 3697
775 4445 -5292 189 -6980 3014 3696
776 4448 -5291 190 -6984 3017 3698
777 4445 -5291 187 -6981 3014 3697
778 4448 -5290 187 -6983 3011 3697
779 4446 -5291 186 -6983 3016 3697
780 4446 -5293 186 -6985 3014 3694
781 4444 -5291 187 -6983 3015 3693
782 4443 -5291 186 -6985 3013 3693
783 4445 -5292 185 -6985 3016 3696
784 4445 -5291 186 -6984 3013 3694
785 4446 -5294 187 -6985 3008 3691
786 4445 -5292 186 -6982 3015 3696
787 4448 -5290 188 -6982 3015 3696
788 4446 -5291 185 -6985 3013 3696
789 4448 -5288 187 -6984 3012 3695
790 4450 -5289 188 -6987 3014 3695
791 4448 -5292 188 -6981 3011 3695
792 4449 -5291 186 -6981 3018 3693
793 4450 -5287 188 -6980 3017 3696
794 4450 -5289 191 -6980 3018 3699
795 4450 -5290 190 -6984 3014 3700
796 4450 -5290 190 -6982 3012 3699
797 4449 -5288 187 -6985 3019 3696
798 4447 -5290 189 -6982 3016 3697
799 4449 -5289 186 -6984 3016 3698
800 4448 -5293 187 -6984 3013 3697
801 4447 -5292 185 -6986 3014 3694
802 4448 -5292 187 -6988 3015 3698
803 4448 -5291 188 -6985 3017 3697
804 4447 -5294 184 -6984 3014 3693
805 4450 -5292 185 -6986 3014 3695
806 4447 -5292 184 -6983 3021 3695
807 4447 -5292 186 -6985 3017 3696
808 4446 -5293 186 -6985 3015 3693
809 4446 -5297 186 -6988 3014 3693
810 4445 -5295 183 -6986 3015 3694
811 4449 -5295 186 -6983 3015 3694
812 4447 -5292 185 -6985 3015 3692
813 4444 -5294 185 -6988 3014 3694
814 4450 -5294 185 -6986 3013 3694
815 4447 -5292 187 -6984 3013 3693
816 4447 -5294 184 -6987 3017 3692
817 4443 -5293 184 -6989 3015 3695
818 4449 -5293 184 -6987 3013 3697
819 4445 -5296 188 -6988 3013 3695
820 4448 -5294 182 -6985 3014 3694
821 4449 -5295 187 -6988 3015 3695
822 4452 -5293 186 -6987 3016 3693
823 4448 -5296 183 -6987 3017 3691
824 4448 -5295 183 -6991 3015 3693
825 4447 -5296 184 -6986 3019 3695
826 4451 -5295 185 -6992 3018 3697
827 4450 -5296 184 -6989 3017 3694
828 4449 -5294 185 -6989 3014 3691
829 4449 -5294 184 -6989 3015 3695
830 4447 -5297 184 -6989 3014 3695
831 4447 -5299 184 -6988 3018 3691
832 4450 -5297 183 -6990 3017 3696
833 4448 -5297 182 -6986 3020 3694
834 4452 -5294 184 -6985 3018 3693
835 4450 -5296 183 -6987 3018 3695
836 4449 -5297 180 -6989 3016 3696
837 4449 -5298 185 -6992 3015 3693
838 4447 -5297 182 -6992 3014 3695
839 4451 -5298 182 -6993 3014 3693
840 4449 -5297 183 -6991 3014 3691
841 4449 -5299 181 -6990 3018 3694
842 4453 -5295 185 -6991 3016 3695
843 4452 -5296 181 -6989 3019 3695
844 4451 -5293 184 -6990 3020 3697
845 4450 -5297 185 -6989 3018 3697
846 4453 -5299 187 -6991 3017 3691
847 4452 -5297 185 -6992 3015 3693
848 4447 -5300 180 -6992 3014 3692
849 4446 -5304 179 -6996 3013 3688
850 4448 -5299 177 -6994 3015 3690
851 4446 -5300 181 -6994 3013 3692
852 4449 -5300 179 -6995 3016 3692
853 4445 -5300 176 -6992 3015 3692
854 4445 -5298 183 -6993 3015 3691
855 4448 -5297 180 -6990 3016 3692
856 4450 -5298 180 -6995 3018 3691
857 4446 -5300 179 -6991 3014 3690
858 4449 -5299 179 -6988 3019 3692
859 4452 -5296 180 -6990 3017 3692
860 4453 -5298 181 -6989 3015 3690
861 4452 -5294 179 -6987 3018 3694
862 4452 -5297 182 -6990 3016 3691
863 4449 -5296 179 -6992 3016 3689
864 4450 -5299 179 -6990 3015 3694
865 4452 -5295 181 -6989 3016 3691
866 4450 -5298 177 -6993 3014 3692
867 4450 -5298 178 -6993 3012 3691
868 4453 -5299 180 -6993 3016 3689
869 4450 -5298 183 -6993 3018 3693
870 4451 -5297 181 -6991 3014 3691
871 4451 -5300 178 -6991 3015 3691
872 4448 -5298 179 -6993 3015 3690
873 4450 -5298 179 -6989 3019 3694
874 4448 -5298 180 -6995 3016 3688
875 4449 -5299 178 -6992 3016 3691
876 4449 -5298 181 -6991 3019 3689
877 4448 -5300 179 -6993 3015 3685
878 4449 -5304 178 -6991 3013 3689
879 4447 -5298 180 -6991 3017 3691
880 4446 -5303 177 -6993 3015 3687
881 4451 -5300 180 -6991 3016 3692
882 4451 -5297 180 -6995 3016 3690
883 4453 -5298 178 -6993 3015 3689
884 4450 -5300 177 -6993 3016 3692
885 4450 -5302 179 -6991 3015 3689
886 4451 -5301 176 -6990 3015 3693
887 4455 -5299 177 -6989 3015 3689
888 4453 -5300 178 -6990 3016 3692
889 4453 -5300 177 -6990 3015 3691
890 4451 -5299 178 -6990 3017 3689
891 4453 -5296 182 -6989 3018 3690
892 4450 -5298 177 -6994 3015 3689
893 4451 -5301 177 -6993 3019 3689
894 4454 -5296 181 -6989 3016 3689
895 4449 -5300 178 -6987 3014 3689
896 4449 -5300 178 -6992 3017 3688
897 4450 -5302 177 -6994 3015 3688
898 4448 -5301 173 -6985 3019 3694
899 4457 -5296 181 -6993 3017 3690
900 4452 -5301 183 -6991 3016 3688
901 4452 -5302 175 -6990 3015 3692
902 4454 -5299 179 -6989 3016 3688
903 4452 -5298 179 -6987 3016 3691
904 4451 -5301 176 -6990 3017 3689
905 4455 -5301 177 -6993 3020 3690
906 4453 -5299 177 -6990 3018 3691
907 4455 -5297 177 -6987 3016 3689
908 4453 -5301 177 -6988 3018 3693
909 4454 -5298 177 -6989 3019 3689
910 4456 -5301 178 -6987 3020 3693
911 4455 -5296 179 -6990 3017 3692
912 4453 -5299 177 -6987 3018 3689
913 4453 -5298 177 -6986 3017 3689
914 4450 -5302 174 -6990 3013 3684
915 4454 -5302 177 -6993 3016 3690
916 4448 -5302 173 -6994 3013 3687
917 4451 -5301 174 -6988 3016 3690
918 4453 -5300 175 -6988 3017 3689
919 4453 -5301 176 -6987 3017 3689
920 4450 -5300 177 -6990 3015 3688
921 4452 -5303 176 -6986 3016 3690
922 4451 -5299 177 -6991 3017 3691
923 4452 -5301 178 -6991 3014 3687
924 4450 -5302 175 -6991 3013 3685
925 4450 -5303 175 -6990 3012 3683
926 4451 -5300 171 -6990 3015 3692
927 4451 -5303 172 -6987 3015 3685
928 4452 -5303 176 -6989 3016 3686
929 4456 -5299 178 -6987 3017 3688
930 4455 -5301 174 -6987 3019 3689
931 4453 -5300 175 -6988 3017 3692
932 4451 -5303 174 -6990 3016 3685
933 4452 -5302 174 -6989 3014 3688
934 4449 -5303 171 -6987 3017 3685
935 4452 -5303 173 -6990 3013 3688
936 4450 -5302 175 -6988 3014 3688
937 4449 -5303 170 -6986 3013 3688
938 4452 -5301 172 -6988 3015 3689
939 4450 -5303 173 -6989 3013 3687
940 4448 -5302 172 -6984 3015 3686
941 4450 -5301 174 -6986 3014 3685
942 4453 -5303 174 -6988 3011 3686
943 4448 -5301 172 -6985 3014 3686
944 4452 -5298 173 -6981 3013 3690
945 4452 -5300 176 -6984 3015 3686
946 4454 -5297 175 -6987 3013 3689
947 4452 -5301 175 -6982 3012 3686
948 4450 -5303 174 -6981 3013 3687
949 4451 -5300 174 -6983 3013 3687
950 4452 -5300 170 -6981 3015 3687
951 4455 -5300 172 -6984 3012 3685
952 4450 -5304 170 -6982 3010 3685
953 4448 -5302 171 -6984 3012 3686
954 4451 -5302 172 -6984 3015 3687
955 4450 -5303 168 -6983 3013 3686
956 4450 -5302 170 -6982 3013 3682
957 4449 -5304 169 -6982 3011 3683
958 4450 -5300 171 -6985 3012 3684
959 4450 -5304 170 -6985 3008 3683
960 4446 -5304 168 -6984 3011 3684
961 4450 -5305 168 -6987 3007 3682
962 4448 -5303 170 -6983 3010 3685
963 4450 -5307 170 -6983 3008 3681
964 4449 -5306 172 -6983 3011 3682
965 4450 -5304 167 -6981 3012 3683
966 4449 -5304 169 -6980 3011 3682
967 4449 -5303 171 -6983 3012 3683
968 4451 -5306 169 -6983 3010 3683
969 4448 -5307 169 -6983 3010 3684
970 4450 -5304 171 -6983 3010 3684
971 4449 -5306 166 -6984 3012 3684
972 4451 -5305 169 -6980 3010 3689
973 4450 -5305 168 -6982 3010 3686
974 4452 -5305 170 -6983 3011 3680
975 4449 -5305 169 -6984 3010 3683
976 4449 -5304 169 -6982 3012 3682
977 4451 -5304 170 -6981 3012 3684
978 4452 -5302 167 -6982 3011 3685
979 4448 -5309 168 -6983 3010 3684
980 4448 -5305 164 -6984 3012 3685
981 4449 -5304 169 -6980 3010 3682
982 4449 -5309 168 -6979 3013 3685
983 4449 -5305 170 -6981 3008 3684
984 4449 -5308 167 -6980 3013 3681
985 4447 -5309 167 -6982 3011 3682
986 4448 -5307 165 -6978 3010 3682
987 4450 -5305 169 -6981 3013 3686
988 4446 -5309 168 -6978 3010 3682
989 4450 -5305 168 -6976 3010 3682
990 4449 -5304 166 -6980 3006 3683
991 4449 -5308 166 -6980 3005 3684
992 4451 -5307 168 -6980 3010 3684
993 4450 -5308 167 -6978 3012 3682
994 4450 -5307 166 -6979 3015 3683
995 4449 -5307 167 -6976 3009 3684
996 4451 -5305 170 -6974 3014 3686
997 4452 -5304 168 -6981 3011 3682
998 4449 -5307 165 -6978 3011 3683
999 4449 -5303 168 -6978 3014 3686
