0 1997 571 537 -1014 -631 -1570
1 1994 573 535 -1018 -635 -1567
2 1997 571 538 -1016 -635 -1565
3 1995 570 537 -1016 -634 -1572
4 1993 573 536 -1015 -633 -1569
5 1995 572 537 -1014 -632 -1569
6 1997 575 540 -1014 -631 -1569
7 1998 570 539 -1014 -632 -1567
8 1996 574 538 -1015 -632 -1565
9 1997 572 537 -1017 -632 -1568
10 1996 570 537 -1015 -631 -1568
11 1997 570 538 -1015 -634 -1570
12 1997 571 540 -1014 -631 -1567
13 1996 577 538 -1013 -635 -1568
14 1993 570 537 -1013 -630 -1567
15 1997 573 535 -1017 -632 -1568
16 1995 575 539 -1013 -631 -1567
17 1995 571 538 -1017 -635 -1572
18 1995 572 536 -1017 -635 -1569
19 1997 575 538 -1014 -636 -1566
20 1997 572 540 -1013 -630 -1566
21 1995 576 539 -1013 -633 -1570
22 1998 575 537 -1013 -635 -1568
23 1993 572 537 -1012 -631 -1564
24 1997 576 540 -1015 -632 -1566
25 1994 572 539 -1018 -634 -1571
26 1997 568 536 -1014 -634 -1572
27 1995 573 538 -1013 -634 -1568
28 1997 572 538 -1013 -633 -1571
29 1999 570 539 -1015 -630 -1568
30 1994 573 536 -1013 -632 -1568
31 1993 571 541 -1014 -634 -1570
32 1995 571 538 -1010 -631 -1570
33 1995 570 539 -1016 -634 -1567
34 1997 573 541 -1016 -634 -1566
35 1997 573 535 -1015 -636 -1568
36 1998 574 536 -1012 -636 -1569
37 1997 575 539 -1014 -631 -1564
38 1996 573 539 -1013 -633 -1568
39 1993 569 538 -1015 -632 -1570
40 1998 575 539 -1017 -636 -1568
41 1994 569 536 -1019 -636 -1572
42 1993 568 537 -1013 -634 -1572
43 1994 572 535 -1015 -635 -1569
44 1993 571 536 -1015 -636 -1572
45 1993 570 536 -1018 -636 -1572
46 1995 570 533 -1018 -634 -1573
47 1995 572 541 -1014 -633 -1572
48 1995 573 540 -1012 -633 -1569
49 1994 573 540 -1015 -632 -1570
50 1993 572 539 -1014 -634 -1567
51 1996 573 536 -1016 -634 -1571
52 1996 573 538 -1014 -631 -1570
53 1997 572 541 -1014 -633 -1567
54 1997 572 540 -1016 -632 -1570
55 1996 571 537 -1014 -633 -1569
56 1996 574 536 -1013 -629 -1565
57 1997 573 540 -1010 -630 -1566
58 1998 573 542 -1014 -633 -1569
59 1997 571 536 -1017 -634 -1568
60 1997 573 538 -1017 -634 -1568
61 1995 572 538 -1014 -633 -1570
62 1995 569 535 -1017 -632 -1569
63 1997 570 538 -1011 -632 -1570
64 1994 572 541 -1010 -633 -1568
65 1994 574 540 -1013 -634 -1567
66 1997 570 538 -1014 -632 -1570
67 1995 572 539 -1013 -635 -1567
68 1997 571 538 -1013 -634 -1567
69 1997 572 536 -1012 -633 -1566
70 1998 574 541 -1012 -631 -1566
71 1995 576 538 -1014 -631 -1567
72 1995 575 537 -1013 -632 -1568
73 1997 571 538 -1014 -635 -1567
74 1998 572 538 -1012 -630 -1566
75 1995 574 541 -1014 -629 -1566
76 1994 573 540 -1015 -635 -1569
77 1994 572 538 -1016 -632 -1570
78 1995 570 538 -1013 -631 -1568
79 1993 569 538 -1013 -634 -1567
80 1995 572 538 -1014 -634 -1570
81 1995 570 538 -1016 -637 -1570
82 1996 571 533 -1014 -636 -1568
83 1993 570 537 -1017 -634 -1569
84 1997 570 534 -1013 -631 -1569
85 1996 572 539 -1017 -634 -1566
86 1994 571 536 -1016 -635 -1569
87 1995 569 536 -1016 -631 -1566
88 1996 574 538 -1016 -632 -1568
89 1996 569 538 -1016 -633 -1568
90 1995 570 535 -1013 -635 -1571
91 1996 568 536 -1014 -634 -1569
92 1997 573 536 -1014 -632 -1567
93 1996 574 540 -1013 -629 -1569
94 1999 575 539 -1011 -633 -1565
95 1997 574 542 -1013 -631 -1569
96 1997 574 541 -1009 -632 -1566
97 2000 576 541 -1015 -632 -1565
98 1997 572 540 -1011 -631 -1566
99 1995 573 540 -1018 -631 -1568
100 1998 571 538 -1013 -631 -1565
101 1996 571 539 -1014 -630 -1568
102 1995 570 541 -1011 -630 -1565
103 2001 573 539 -1012 -630 -1568
104 1999 573 541 -1011 -631 -1567
105 1996 574 540 -1017 -631 -1567
106 1998 575 540 -1013 -631 -1565
107 2000 574 539 -1015 -635 -1569
108 1995 572 538 -1014 -631 -1566
109 1998 571 538 -1013 -632 -1568
110 1998 571 537 -1016 -632 -1566
111 1994 570 536 -1016 -636 -1572
112 1994 572 539 -1015 -634 -1569
113 1996 570 537 -1016 -634 -1567
114 1996 573 536 -1012 -632 -1568
115 1996 572 539 -1013 -632 -1567
116 1993 570 537 -1012 -633 -1570
117 1996 573 540 -1011 -628 -1568
118 1996 574 541 -1014 -633 -1566
119 1996 575 537 -1016 -632 -1568
120 1997 575 539 -1012 -631 -1561
121 2002 576 538 -1016 -630 -1570
122 1998 575 539 -1009 -633 -1567
123 1999 571 538 -1013 -635 -1570
124 2000 576 540 -1015 -630 -1565
125 2000 574 538 -1013 -631 -1567
126 1998 574 539 -1011 -629 -1565
127 1995 574 538 -1014 -634 -1569
128 1997 573 539 -1014 -628 -1572
129 1998 573 539 -1014 -630 -1568
130 1998 574 539 -1016 -632 -1567
131 1999 572 538 -1017 -635 -1569
132 1993 571 539 -1015 -635 -1567
133 1997 573 534 -1015 -636 -1569
134 1996 570 536 -1016 -631 -1569
135 1993 572 539 -1019 -634 -1567
136 1997 575 539 -1013 -629 -1569
137 1998 573 542 -1010 -633 -1568
138 1997 573 540 -1010 -629 -1564
139 1999 575 542 -1012 -630 -1567
140 1999 574 541 -1016 -631 -1568
141 1999 572 538 -1012 -630 -1565
142 1996 571 539 -1014 -632 -1569
143 1998 575 541 -1011 -628 -1566
144 1998 573 542 -1015 -631 -1567
145 1999 574 539 -1013 -634 -1570
146 1997 574 538 -1014 -632 -1567
147 1995 574 537 -1012 -634 -1569
148 1996 570 539 -1008 -632 -1566
149 1993 568 538 -1011 -628 -1566
150 1996 573 542 -1016 -634 -1569
151 1995 573 539 -1014 -633 -1566
152 1999 574 540 -1013 -631 -1566
153 1998 574 539 -1018 -630 -1568
154 1992 572 539 -1013 -629 -1567
155 1996 574 537 -1015 -634 -1570
156 1993 570 536 -1015 -631 -1568
157 1995 569 537 -1016 -632 -1571
158 1997 572 540 -1011 -634 -1566
159 1996 572 538 -1015 -633 -1566
160 1997 574 539 -1013 -633 -1568
161 1996 573 539 -1014 -635 -1566
162 1995 573 538 -1015 -633 -1567
163 1996 574 539 -1014 -630 -1569
164 1995 572 539 -1013 -629 -1568
165 1996 571 537 -1016 -632 -1568
166 1995 573 536 -1016 -633 -1566
167 1994 571 540 -1013 -636 -1571
168 1997 569 535 -1013 -633 -1570
169 1996 573 537 -1017 -636 -1563
170 1998 573 536 -1016 -633 -1569
171 1994 571 536 -1015 -631 -1570
172 1998 575 539 -1013 -634 -1565
173 1997 574 539 -1012 -632 -1567
174 1994 571 537 -1018 -633 -1570
175 1993 570 539 -1017 -634 -1569
176 1996 570 539 -1016 -632 -1569
177 1996 572 537 -1013 -632 -1569
178 1998 572 538 -1015 -633 -1568
179 1996 572 541 -1016 -632 -1566
180 1997 572 538 -1011 -632 -1566
181 1997 573 538 -1012 -634 -1569
182 1995 571 537 -1016 -633 -1569
183 1995 571 539 -1015 -629 -1570
184 1996 573 540 -1012 -631 -1565
185 1998 573 542 -1014 -632 -1564
186 1996 573 542 -1014 -631 -1565
187 1995 575 538 -1013 -632 -1571
188 1994 572 538 -1011 -630 -1565
189 1996 574 539 -1012 -634 -1566
190 1999 573 538 -1018 -633 -1568
191 1996 571 537 -1013 -632 -1567
192 1997 574 541 -1014 -630 -1570
193 1996 572 537 -1016 -635 -1569
194 1995 572 537 -1014 -634 -1571
195 1996 571 535 -1014 -633 -1571
196 1997 576 540 -1013 -634 -1569
197 1998 572 539 -1016 -633 -1570
198 1997 572 537 -1012 -630 -1569
199 1995 573 538 -1013 -629 -1565
200 1998 571 538 -1011 -634 -1569
201 1998 574 539 -1011 -630 -1565
202 1995 571 541 -1014 -632 -1566
203 1995 572 537 -1017 -634 -1570
204 1994 568 535 -1013 -634 -1569
205 1995 573 538 -1016 -634 -1567
206 1994 569 539 -1014 -634 -1568
207 1994 570 537 -1016 -632 -1570
208 1992 569 537 -1011 -632 -1568
209 1996 574 537 -1016 -633 -1571
210 1998 569 538 -1013 -632 -1570
211 1996 572 541 -1013 -634 -1567
212 1995 573 542 -1010 -633 -1568
213 1999 574 538 -1016 -633 -1567
214 1997 573 542 -1015 -633 -1567
215 1998 573 537 -1017 -634 -1567
216 1999 576 536 -1013 -630 -1566
217 1998 573 540 -1014 -634 -1568
218 1998 573 537 -1013 -630 -1568
219 1996 575 537 -1013 -629 -1566
220 2000 574 538 -1013 -628 -1569
221 1998 573 540 -1014 -633 -1566
222 1998 574 539 -1014 -631 -1569
223 1994 571 538 -1014 -635 -1570
224 1999 572 539 -1014 -634 -1569
225 1995 572 536 -1012 -631 -1570
226 1997 572 539 -1015 -633 -1568
227 1995 572 540 -1012 -632 -1564
228 1997 572 538 -1010 -631 -1567
229 1997 575 539 -1013 -631 -1570
230 1995 572 540 -1013 -630 -1567
231 1996 576 539 -1017 -635 -1566
232 1998 570 539 -1014 -632 -1571
233 1995 573 540 -1011 -633 -1567
234 1996 572 540 -1013 -633 -1567
235 1995 572 538 -1017 -629 -1568
236 1996 573 539 -1013 -634 -1566
237 1997 573 538 -1013 -628 -1566
238 1999 574 539 -1015 -628 -1566
239 2000 576 541 -1013 -629 -1565
240 1998 575 538 -1016 -633 -1567
241 2001 574 539 -1012 -632 -1567
242 1998 575 537 -1013 -633 -1568
243 1998 575 538 -1013 -632 -1568
244 1997 574 539 -1015 -632 -1574
245 1996 573 540 -1012 -630 -1565
246 1995 573 537 -1013 -633 -1572
247 1995 573 537 -1017 -636 -1570
248 1993 569 541 -1014 -633 -1570
249 1995 570 539 -1012 -633 -1570
250 1997 574 539 -1013 -633 -1567
251 1997 573 540 -1014 -634 -1569
252 1995 574 539 -1011 -637 -1568
253 1995 574 540 -1015 -632 -1568
254 1998 573 540 -1017 -633 -1565
255 1995 572 540 -1019 -634 -1567
256 1994 571 533 -1015 -633 -1569
257 1994 572 540 -1017 -635 -1568
258 1995 571 538 -1016 -633 -1571
259 1996 570 537 -1014 -632 -1571
260 1996 573 538 -1017 -632 -1572
261 1992 572 536 -1016 -635 -1570
262 1996 568 536 -1018 -633 -1571
263 1995 572 540 -1015 -633 -1568
264 1999 577 541 -1011 -628 -1570
265 2000 572 541 -1017 -635 -1572
266 1993 570 536 -1012 -639 -1570
267 1998 576 536 -1015 -633 -1568
268 1993 572 538 -1016 -634 -1568
269 1995 569 539 -1016 -638 -1571
270 1996 574 538 -1014 -634 -1571
271 1991 568 535 -1017 -633 -1570
272 1993 573 537 -1017 -634 -1572
273 1996 570 536 -1012 -635 -1570
274 1995 570 538 -1016 -634 -1568
275 1996 571 538 -1017 -633 -1567
276 1998 571 538 -1017 -634 -1567
277 1996 571 537 -1015 -635 -1571
278 1999 571 539 -1013 -630 -1566
279 1996 572 538 -1013 -632 -1567
280 1997 571 533 -1014 -634 -1569
281 1995 574 537 -1012 -632 -1566
282 1997 573 537 -1014 -635 -1565
283 1995 574 540 -1012 -631 -1564
284 1996 572 538 -1012 -632 -1565
285 1997 572 540 -1016 -634 -1568
286 1997 572 538 -1014 -633 -1570
287 1995 571 539 -1014 -633 -1570
288 1999 573 539 -1016 -636 -1570
289 1996 572 539 -1013 -633 -1564
290 1995 571 537 -1015 -631 -1570
291 1995 572 540 -1015 -634 -1568
292 1995 570 535 -1015 -631 -1567
293 1996 571 540 -1012 -630 -1566
294 1995 571 541 -1015 -634 -1570
295 1994 569 538 -1012 -632 -1568
296 1999 576 540 -1013 -631 -1568
297 1995 572 540 -1013 -630 -1566
298 1996 572 539 -1015 -635 -1569
299 2000 573 539 -1013 -631 -1566
300 1999 575 539 -1010 -631 -1567
301 1998 575 539 -1013 -633 -1565
302 1998 570 539 -1015 -630 -1566
303 1997 569 537 -1015 -637 -1569
304 1995 571 539 -1017 -636 -1570
305 1994 569 538 -1016 -635 -1573
306 1993 568 536 -1013 -635 -1569
307 1998 573 541 -1017 -630 -1571
308 1994 573 538 -1015 -635 -1570
309 1997 572 540 -1014 -631 -1568
310 1997 573 537 -1013 -632 -1569
311 1995 573 535 -1017 -635 -1567
312 1997 574 539 -1014 -631 -1565
313 2001 575 539 -1017 -634 -1570
314 1992 573 539 -1015 -632 -1567
315 1997 573 539 -1015 -635 -1567
316 1997 571 537 -1014 -633 -1569
317 1995 571 541 -1013 -636 -1570
318 1998 572 536 -1016 -631 -1568
319 1997 570 537 -1016 -631 -1570
320 1994 571 539 -1011 -632 -1570
321 1995 573 539 -1016 -633 -1565
322 1995 569 538 -1018 -636 -1567
323 1996 570 537 -1015 -635 -1568
324 1997 570 538 -1014 -634 -1568
325 1999 572 536 -1015 -635 -1567
326 1995 573 541 -1015 -630 -1568
327 1998 573 540 -1014 -636 -1568
328 1997 574 540 -1016 -634 -1568
329 1998 571 538 -1016 -630 -1570
330 1995 570 538 -1014 -634 -1571
331 1999 574 539 -1013 -634 -1569
332 1995 575 538 -1013 -635 -1569
333 1996 574 538 -1013 -632 -1568
334 1996 571 538 -1018 -633 -1566
335 1997 571 538 -1014 -634 -1566
336 1997 570 536 -1014 -629 -1568
337 1995 571 542 -1013 -633 -1569
338 1998 573 538 -1010 -635 -1569
339 1999 574 540 -1014 -631 -1570
340 1995 573 540 -1012 -629 -1568
341 1998 571 539 -1011 -631 -1566
342 1998 573 538 -1010 -633 -1565
343 1994 571 543 -1017 -633 -1568
344 1991 573 539 -1014 -630 -1570
345 1996 571 538 -1015 -632 -1568
346 1997 572 534 -1012 -630 -1570
347 1995 569 539 -1014 -633 -1569
348 1994 572 538 -1016 -631 -1569
349 1995 573 535 -1015 -630 -1568
350 1992 576 542 -1014 -634 -1570
351 2001 574 536 -1013 -634 -1567
352 1993 570 536 -1015 -634 -1568
353 1997 573 541 -1013 -632 -1566
354 1995 570 539 -1011 -631 -1567
355 1997 574 540 -1016 -633 -1569
356 1993 570 536 -1016 -634 -1571
357 1994 571 534 -1016 -635 -1570
358 1994 572 536 -1014 -633 -1569
359 1996 575 535 -1016 -630 -1566
360 1997 572 538 -1015 -633 -1570
361 1999 573 538 -1015 -633 -1565
362 1995 575 538 -1017 -633 -1567
363 1996 573 536 -1016 -634 -1569
364 1998 573 536 -1014 -632 -1568
365 1996 573 538 -1015 -634 -1569
366 1994 575 540 -1013 -635 -1566
367 1997 574 538 -1013 -635 -1568
368 1996 573 536 -1017 -633 -1570
369 1996 571 536 -1014 -635 -1569
370 1994 571 537 -1018 -638 -1569
371 1992 570 538 -1014 -636 -1570
372 1996 569 536 -1017 -634 -1572
373 1992 569 538 -1016 -634 -1568
374 1995 572 538 -1018 -637 -1572
375 1998 572 537 -1013 -636 -1570
376 1996 569 539 -1016 -634 -1567
377 1995 572 538 -1016 -635 -1570
378 1994 572 536 -1014 -629 -1566
379 1995 572 538 -1016 -635 -1570
380 1995 573 537 -1011 -631 -1569
381 1993 570 538 -1013 -635 -1569
382 1994 577 541 -1016 -634 -1569
383 1995 570 535 -1015 -635 -1570
384 1993 571 535 -1017 -635 -1569
385 1997 571 534 -1016 -633 -1567
386 1995 572 539 -1013 -633 -1566
387 1995 573 541 -1013 -632 -1569
388 1994 569 539 -1012 -635 -1569
389 1992 570 538 -1011 -632 -1567
390 1997 575 540 -1014 -630 -1567
391 1993 572 539 -1016 -632 -1570
392 1995 572 538 -1016 -634 -1570
393 1996 572 536 -1014 -634 -1570
394 1995 573 539 -1011 -631 -1566
395 1998 573 541 -1013 -632 -1568
396 1997 574 540 -1012 -632 -1564
397 1997 573 539 -1013 -631 -1565
398 1998 571 537 -1015 -633 -1566
399 1996 573 540 -1015 -634 -1568
400 1999 572 541 -1012 -631 -1568
401 1997 574 535 -1013 -631 -1566
402 1997 574 540 -1012 -634 -1566
403 1994 573 536 -1013 -636 -1568
404 1996 572 536 -1015 -634 -1568
405 1998 571 539 -1014 -632 -1568
406 1996 572 537 -1015 -635 -1568
407 1996 573 539 -1016 -634 -1568
408 1994 571 536 -1016 -636 -1569
409 1998 571 537 -1015 -634 -1569
410 1997 574 538 -1015 -630 -1569
411 1999 575 536 -1014 -630 -1568
412 1997 573 538 -1014 -632 -1568
413 1996 576 537 -1017 -632 -1568
414 1996 571 535 -1016 -633 -1570
415 1993 571 535 -1016 -637 -1567
416 1997 572 535 -1015 -634 -1571
417 1996 574 536 -1017 -633 -1568
418 1994 571 538 -1016 -634 -1572
419 1991 573 538 -1017 -633 -1569
420 1995 574 534 -1011 -631 -1566
421 1997 573 538 -1011 -633 -1569
422 1999 574 543 -1011 -630 -1565
423 1998 575 541 -1013 -632 -1566
424 1998 573 541 -1013 -632 -1567
425 1995 574 541 -1011 -633 -1568
426 1994 572 539 -1013 -630 -1568
427 1997 576 542 -1013 -630 -1566
428 1998 576 539 -1012 -628 -1566
429 1995 573 538 -1011 -630 -1567
430 1996 573 539 -1015 -632 -1565
431 1996 570 537 -1014 -631 -1569
432 1997 572 536 -1014 -632 -1567
433 1995 569 538 -1013 -632 -1568
434 1997 574 539 -1012 -634 -1568
435 1994 568 535 -1013 -633 -1569
436 1994 571 537 -1013 -631 -1566
437 1998 575 536 -1015 -633 -1566
438 1994 573 537 -1013 -632 -1567
439 1997 572 542 -1011 -632 -1568
440 1997 575 542 -1012 -632 -1566
441 1998 574 539 -1012 -632 -1568
442 1996 570 537 -1013 -632 -1568
443 1996 574 540 -1015 -634 -1566
444 2000 572 537 -1014 -634 -1568
445 1998 572 537 -1012 -634 -1569
446 1994 571 535 -1016 -637 -1569
447 1995 569 537 -1014 -634 -1566
448 1996 576 536 -1013 -631 -1565
449 1997 575 540 -1015 -634 -1569
450 1997 571 534 -1013 -630 -1569
451 1996 573 538 -1014 -632 -1567
452 1998 571 540 -1014 -634 -1568
453 1997 572 535 -1015 -635 -1568
454 1996 567 536 -1014 -635 -1569
455 1998 571 539 -1016 -635 -1569
456 1994 569 537 -1018 -635 -1570
457 1993 572 538 -1014 -634 -1571
458 1993 571 534 -1014 -631 -1568
459 1995 573 540 -1012 -634 -1569
460 1994 572 538 -1008 -631 -1565
461 1999 577 541 -1013 -632 -1568
462 1998 574 540 -1013 -630 -1567
463 1997 573 540 -1011 -633 -1570
464 1997 573 539 -1011 -633 -1569
465 1997 573 541 -1012 -634 -1567
466 1995 574 541 -1014 -633 -1568
467 1994 574 537 -1015 -630 -1570
468 2000 573 538 -1014 -632 -1564
469 2000 571 541 -1016 -634 -1568
470 1995 573 537 -1014 -633 -1569
471 1994 573 537 -1013 -628 -1568
472 1995 574 537 -1012 -631 -1568
473 1997 573 539 -1012 -629 -1570
474 1996 572 540 -1013 -628 -1567
475 1998 573 541 -1015 -632 -1569
476 1999 572 538 -1013 -628 -1565
477 1996 573 539 -1016 -633 -1569
478 1998 575 539 -1016 -634 -1570
479 1992 569 536 -1011 -632 -1571
480 1996 572 538 -1017 -634 -1566
481 1995 572 538 -1012 -634 -1570
482 1994 574 538 -1011 -635 -1567
483 1996 572 538 -1014 -634 -1568
484 1997 572 537 -1014 -637 -1569
485 1994 572 541 -1014 -631 -1568
486 1994 570 537 -1013 -631 -1567
487 1995 573 539 -1014 -630 -1568
488 1995 573 539 -1011 -633 -1567
489 1997 573 539 -1013 -635 -1568
490 1997 571 535 -1017 -633 -1570
491 1992 574 535 -1015 -634 -1568
492 1998 574 538 -1013 -634 -1568
493 1999 573 539 -1016 -633 -1569
494 1997 570 539 -1015 -636 -1568
495 1995 570 536 -1017 -634 -1570
496 1995 572 540 -1013 -633 -1565
497 1996 573 537 -1015 -632 -1572
498 1995 572 535 -1012 -631 -1564
499 1997 570 539 -1016 -632 -1569
500 1997 571 540 -1016 -634 -1569
501 1997 571 540 -1009 -631 -1571
502 2000 573 536 -1015 -635 -1569
503 1998 574 538 -1013 -633 -1569
504 1996 573 538 -1011 -631 -1568
505 1998 576 540 -1011 -632 -1571
506 1998 573 541 -1015 -631 -1567
507 1996 571 540 -1011 -631 -1567
508 1995 571 539 -1014 -631 -1567
509 1995 572 539 -1013 -632 -1570
510 1992 567 535 -1015 -633 -1570
511 1995 570 539 -1018 -633 -1569
512 1996 570 540 -1014 -631 -1569
513 1994 571 537 -1011 -633 -1567
514 1995 572 538 -1009 -630 -1566
515 1997 570 543 -1015 -630 -1568
516 1995 572 537 -1015 -630 -1566
517 1997 572 537 -1014 -631 -1568
518 1995 573 542 -1016 -633 -1564
519 1996 573 538 -1013 -633 -1566
520 1995 572 537 -1012 -631 -1567
521 1997 573 538 -1016 -634 -1569
522 1997 572 537 -1013 -635 -1569
523 1999 573 537 -1010 -630 -1569
524 1996 574 537 -1011 -631 -1566
525 1999 576 541 -1015 -632 -1565
526 1997 575 541 -1015 -631 -1568
527 1998 569 535 -1013 -634 -1568
528 1997 570 539 -1013 -632 -1566
529 1998 575 541 -1015 -632 -1569
530 1996 573 540 -1011 -632 -1568
531 1998 573 539 -1013 -634 -1565
532 1995 573 540 -1011 -630 -1567
533 1998 571 539 -1014 -632 -1568
534 1998 572 541 -1015 -632 -1566
535 1997 571 536 -1016 -631 -1566
536 1999 576 541 -1011 -630 -1568
537 1994 573 539 -1011 -631 -1565
538 1998 574 540 -1014 -632 -1569
539 1995 575 540 -1012 -631 -1564
540 2000 577 542 -1014 -630 -1565
541 2001 575 539 -1012 -631 -1566
542 1997 576 536 -1014 -631 -1567
543 1997 571 540 -1015 -630 -1567
544 1993 569 536 -1013 -631 -1567
545 1996 572 541 -1015 -634 -1571
546 1993 570 539 -1014 -633 -1570
547 1997 575 537 -1013 -632 -1569
548 1998 571 540 -1012 -633 -1570
549 1999 573 538 -1012 -630 -1568
550 1994 576 539 -1016 -635 -1571
551 1993 568 536 -1014 -633 -1567
552 1997 573 536 -1016 -636 -1570
553 1996 570 537 -1015 -633 -1567
554 1998 574 541 -1012 -630 -1567
555 1999 575 539 -1014 -628 -1567
556 1996 574 541 -1013 -631 -1568
557 1998 572 539 -1010 -630 -1567
558 1996 574 540 -1012 -633 -1569
559 1999 575 541 -1010 -632 -1568
560 1996 574 545 -1011 -630 -1564
561 1996 574 541 -1014 -632 -1567
562 1997 570 540 -1011 -635 -1569
563 1998 571 538 -1014 -632 -1568
564 1998 572 537 -1014 -634 -1568
565 1999 575 539 -1013 -631 -1568
566 1997 572 537 -1017 -634 -1573
567 1997 573 538 -1013 -634 -1570
568 1994 570 537 -1016 -636 -1570
569 1994 571 536 -1012 -634 -1571
570 1997 569 537 -1014 -636 -1571
571 1996 572 541 -1014 -633 -1566
572 1997 573 539 -1009 -632 -1562
573 1999 575 540 -1013 -629 -1567
574 1997 572 540 -1013 -634 -1566
575 1996 570 539 -1015 -630 -1566
576 1997 573 537 -1016 -635 -1566
577 1998 574 536 -1015 -636 -1569
578 1997 571 536 -1013 -635 -1567
579 1996 573 536 -1013 -630 -1568
580 1997 574 538 -1018 -634 -1567
581 1996 570 533 -1017 -631 -1568
582 1999 573 540 -1015 -633 -1568
583 1993 572 536 -1017 -636 -1570
584 1997 572 538 -1014 -631 -1564
585 1993 568 539 -1018 -634 -1573
586 1992 572 539 -1014 -635 -1570
587 1995 572 537 -1015 -635 -1569
588 1993 572 537 -1016 -631 -1566
589 1995 571 538 -1014 -635 -1567
590 1996 572 537 -1013 -631 -1571
591 1993 572 537 -1011 -635 -1568
592 1996 573 540 -1013 -636 -1568
593 1993 571 536 -1013 -632 -1570
594 1996 575 542 -1014 -633 -1570
595 1993 572 540 -1014 -634 -1568
596 1996 572 536 -1012 -634 -1568
597 1998 574 538 -1014 -632 -1568
598 1997 573 539 -1013 -630 -1566
599 1995 575 538 -1013 -630 -1568
600 1994 574 540 -1014 -632 -1568
601 1997 570 540 -1017 -632 -1568
602 1998 570 541 -1013 -635 -1569
603 1996 572 539 -1017 -633 -1571
604 1995 571 539 -1013 -631 -1568
605 1996 570 539 -1013 -630 -1568
606 1997 572 539 -1018 -633 -1569
607 1996 573 540 -1015 -634 -1568
608 1995 570 539 -1011 -634 -1570
609 1995 573 539 -1012 -633 -1568
610 1997 579 539 -1014 -634 -1566
611 1998 572 538 -1014 -633 -1570
612 1994 571 540 -1017 -636 -1569
613 1996 576 537 -1012 -635 -1566
614 1995 572 542 -1012 -634 -1571
615 1996 571 539 -1014 -633 -1569
616 1996 572 538 -1017 -630 -1570
617 1996 572 538 -1012 -633 -1567
618 1994 571 539 -1013 -632 -1568
619 1998 571 537 -1013 -632 -1567
620 1999 573 535 -1015 -633 -1567
621 1995 570 538 -1013 -630 -1567
622 1998 572 539 -1012 -633 -1567
623 1996 574 541 -1013 -631 -1568
624 2000 574 539 -1013 -629 -1567
625 1999 572 539 -1013 -632 -1566
626 2001 577 539 -1016 -635 -1567
627 1999 572 537 -1014 -629 -1566
628 1998 576 541 -1013 -634 -1567
629 1995 571 538 -1015 -630 -1567
630 1997 572 537 -1014 -633 -1570
631 1995 570 538 -1016 -637 -1570
632 1994 570 537 -1011 -632 -1570
633 1998 574 540 -1018 -633 -1569
634 1995 572 540 -1014 -635 -1568
635 1993 571 539 -1014 -633 -1570
636 1997 572 538 -1011 -633 -1569
637 1998 576 541 -1013 -632 -1569
638 1998 571 537 -1013 -635 -1566
639 1997 572 539 -1012 -631 -1563
640 1997 575 540 -1011 -633 -1567
641 1997 576 539 -1014 -632 -1572
642 1999 573 542 -1016 -634 -1569
643 1995 572 539 -1016 -632 -1568
644 1998 572 543 -1012 -632 -1567
645 1994 571 539 -1014 -631 -1568
646 1996 574 537 -1014 -634 -1567
647 1998 572 540 -1010 -632 -1566
648 1999 574 540 -1014 -632 -1565
649 1999 571 539 -1014 -631 -1565
650 1997 574 541 -1015 -631 -1568
651 1995 569 538 -1016 -636 -1572
652 1995 570 536 -1015 -636 -1568
653 1992 570 539 -1016 -632 -1569
654 1998 570 536 -1013 -633 -1569
655 1996 570 538 -1012 -633 -1570
656 1996 570 536 -1015 -635 -1567
657 1993 569 539 -1017 -636 -1571
658 1993 572 537 -1018 -634 -1569
659 1994 571 538 -1015 -636 -1568
660 2000 571 537 -1016 -633 -1570
661 1996 572 538 -1014 -636 -1565
662 1998 573 539 -1015 -633 -1569
663 1996 571 538 -1018 -635 -1571
664 1995 569 537 -1016 -632 -1570
665 1993 571 539 -1017 -633 -1570
666 1996 570 537 -1012 -632 -1571
667 1997 574 540 -1015 -633 -1565
668 1995 572 537 -1011 -631 -1566
669 1998 576 542 -1015 -633 -1568
670 1996 572 536 -1016 -637 -1567
671 1995 572 537 -1019 -633 -1570
672 1993 570 537 -1011 -632 -1570
673 1995 570 540 -1016 -635 -1570
674 1995 575 538 -1018 -636 -1574
675 1992 571 533 -1015 -633 -1571
676 1997 569 534 -1016 -635 -1570
677 1994 571 539 -1014 -634 -1572
678 1996 571 539 -1013 -631 -1568
679 1997 574 538 -1009 -632 -1568
680 1998 575 538 -1014 -632 -1565
681 1996 573 539 -1013 -633 -1566
682 1997 573 537 -1015 -631 -1565
683 1997 573 536 -1011 -631 -1571
684 1998 572 540 -1014 -631 -1566
685 1995 573 538 -1011 -633 -1569
686 1998 574 542 -1012 -632 -1565
687 1994 573 537 -1014 -633 -1568
688 1993 572 536 -1014 -631 -1567
689 1995 571 540 -1015 -630 -1566
690 1997 573 541 -1014 -630 -1569
691 1999 574 540 -1015 -632 -1571
692 2000 575 543 -1013 -631 -1567
693 1998 572 539 -1018 -634 -1570
694 1992 569 536 -1015 -635 -1569
695 1998 570 536 -1015 -632 -1568
696 1996 572 537 -1013 -633 -1570
697 1997 568 536 -1012 -632 -1565
698 1998 575 541 -1014 -634 -1567
699 1994 573 539 -1014 -632 -1567
700 1997 573 539 -1017 -631 -1567
701 1995 571 537 -1011 -630 -1570
702 1999 573 538 -1014 -631 -1568
703 1998 573 539 -1013 -630 -1568
704 1997 571 538 -1013 -631 -1568
705 1999 573 540 -1016 -630 -1568
706 1998 572 538 -1015 -634 -1571
707 1999 573 537 -1014 -633 -1566
708 1997 573 536 -1014 -634 -1568
709 1994 571 537 -1013 -633 -1566
710 1997 573 537 -1016 -632 -1566
711 1998 571 541 -1016 -634 -1569
712 1993 568 537 -1017 -637 -1572
713 1992 569 535 -1016 -636 -1571
714 1996 572 540 -1019 -636 -1570
715 1995 573 536 -1016 -635 -1571
716 1991 569 537 -1014 -634 -1571
717 1994 570 535 -1014 -632 -1567
718 1994 574 537 -1013 -635 -1569
719 1996 571 538 -1011 -633 -1571
720 1997 572 540 -1019 -636 -1569
721 1996 572 537 -1017 -632 -1570
722 1995 571 535 -1015 -635 -1570
723 1996 574 536 -1012 -633 -1566
724 1993 571 539 -1015 -634 -1570
725 1994 574 538 -1017 -634 -1568
726 1995 570 537 -1015 -638 -1571
727 1995 571 538 -1013 -632 -1569
728 1994 572 540 -1016 -634 -1571
729 1993 568 534 -1015 -635 -1569
730 1993 571 537 -1013 -632 -1570
731 1996 571 537 -1012 -631 -1567
732 1997 572 542 -1012 -634 -1568
733 1995 572 537 -1011 -631 -1568
734 1997 576 540 -1014 -634 -1570
735 1996 574 537 -1015 -636 -1567
736 1998 574 536 -1012 -635 -1569
737 1997 575 538 -1012 -629 -1569
738 1997 575 539 -1013 -629 -1566
739 1997 573 539 -1016 -635 -1571
740 1995 571 538 -1016 -637 -1567
741 1995 572 537 -1015 -633 -1570
742 1997 573 540 -1015 -633 -1568
743 1995 567 536 -1016 -633 -1567
744 1999 572 541 -1012 -629 -1565
745 1997 571 537 -1015 -633 -1570
746 1997 571 537 -1013 -634 -1569
747 1997 573 540 -1015 -635 -1569
748 1996 573 537 -1012 -628 -1566
749 1994 574 539 -1013 -632 -1566
750 1998 571 539 -1013 -629 -1566
751 1996 579 541 -1016 -633 -1565
752 1997 572 538 -1014 -633 -1567
753 1997 569 535 -1017 -634 -1572
754 1997 572 534 -1012 -634 -1566
755 1997 574 539 -1015 -630 -1564
756 1995 572 541 -1017 -633 -1567
757 1994 570 537 -1014 -635 -1571
758 1994 568 538 -1014 -635 -1571
759 1992 570 538 -1015 -634 -1571
760 1997 571 539 -1014 -633 -1571
761 1994 572 534 -1013 -634 -1567
762 1997 573 540 -1014 -630 -1569
763 1997 572 538 -1013 -632 -1570
764 1993 570 539 -1015 -635 -1567
765 1996 576 539 -1013 -632 -1569
766 1998 575 538 -1014 -632 -1570
767 1997 573 540 -1009 -631 -1570
768 1998 576 539 -1014 -631 -1567
769 1997 574 540 -1014 -629 -1566
770 1995 573 537 -1012 -633 -1565
771 1993 571 536 -1018 -635 -1568
772 1997 568 536 -1020 -634 -1572
773 1995 571 538 -1015 -635 -1569
774 1995 574 537 -1014 -633 -1569
775 1996 570 537 -1013 -632 -1566
776 1993 573 536 -1013 -634 -1570
777 1997 572 541 -1013 -632 -1566
778 1997 574 538 -1016 -634 -1568
779 1996 576 538 -1015 -632 -1565
780 1998 575 538 -1015 -633 -1566
781 1997 572 540 -1013 -633 -1566
782 1999 573 541 -1014 -630 -1566
783 2000 575 539 -1017 -633 -1568
784 1998 571 537 -1011 -633 -1568
785 1997 571 538 -1013 -631 -1571
786 1997 570 538 -1014 -633 -1571
787 1997 571 537 -1013 -634 -1568
788 1996 573 538 -1013 -635 -1567
789 1997 573 537 -1014 -634 -1569
790 1999 572 538 -1014 -632 -1567
791 1997 570 537 -1019 -634 -1570
792 1998 573 535 -1015 -633 -1567
793 1995 572 536 -1016 -634 -1570
794 1996 572 535 -1013 -633 -1573
795 1998 573 537 -1015 -629 -1568
796 1997 572 539 -1013 -630 -1566
797 1995 568 539 -1013 -631 -1568
798 1994 573 536 -1014 -631 -1572
799 1993 573 538 -1013 -632 -1566
800 1995 572 539 -1013 -633 -1569
801 1996 572 539 -1016 -634 -1572
802 1995 570 536 -1014 -630 -1567
803 1998 572 538 -1018 -634 -1570
804 1994 569 539 -1014 -635 -1568
805 1999 571 537 -1013 -633 -1570
806 1998 573 540 -1011 -633 -1568
807 1996 571 543 -1011 -634 -1567
808 1995 571 540 -1012 -631 -1567
809 1995 569 538 -1011 -633 -1568
810 1996 571 538 -1015 -633 -1568
811 1998 575 539 -1016 -634 -1570
812 1994 570 537 -1015 -634 -1570
813 1994 572 539 -1016 -634 -1570
814 1993 574 536 -1014 -636 -1572
815 1996 569 535 -1016 -633 -1570
816 1994 568 535 -1015 -634 -1572
817 1993 573 540 -1015 -635 -1571
818 1993 570 535 -1017 -635 -1570
819 1997 573 538 -1015 -631 -1570
820 1997 571 540 -1015 -633 -1570
821 1996 570 539 -1011 -634 -1567
822 1998 571 539 -1014 -634 -1570
823 1997 572 539 -1012 -630 -1567
824 1996 573 537 -1014 -634 -1572
825 1996 573 535 -1017 -634 -1570
826 1994 570 537 -1020 -634 -1570
827 1993 571 538 -1013 -634 -1568
828 1996 571 536 -1015 -634 -1568
829 1998 572 535 -1017 -633 -1566
830 1996 572 539 -1018 -633 -1570
831 1994 569 537 -1016 -635 -1571
832 1993 571 538 -1015 -634 -1572
833 1995 573 538 -1015 -633 -1570
834 1997 573 538 -1017 -635 -1571
835 1994 570 538 -1017 -632 -1573
836 1995 573 536 -1017 -635 -1569
837 1993 571 534 -1016 -635 -1571
838 1993 573 536 -1017 -634 -1569
839 1996 570 537 -1017 -635 -1569
840 1992 572 535 -1014 -634 -1569
841 1996 574 539 -1014 -635 -1568
842 1998 574 538 -1014 -634 -1567
843 1997 573 540 -1017 -633 -1571
844 1992 571 536 -1013 -633 -1571
845 1993 570 537 -1016 -636 -1571
846 1992 572 537 -1014 -633 -1570
847 1992 569 539 -1018 -633 -1571
848 1992 570 534 -1015 -633 -1571
849 1993 571 535 -1015 -630 -1571
850 1994 570 535 -1017 -636 -1573
851 1995 574 538 -1014 -634 -1568
852 1995 575 538 -1017 -634 -1570
853 1996 572 538 -1015 -633 -1570
854 1993 572 535 -1015 -633 -1567
855 1993 570 537 -1016 -630 -1571
856 1992 570 541 -1012 -633 -1570
857 1993 572 540 -1015 -633 -1567
858 1991 569 538 -1015 -632 -1569
859 1993 570 539 -1015 -631 -1568
860 1991 570 540 -1014 -633 -1567
861 1994 570 538 -1015 -630 -1567
862 1998 571 538 -1009 -631 -1566
863 1997 571 536 -1013 -635 -1569
864 1997 570 540 -1011 -630 -1568
865 1998 572 539 -1015 -634 -1567
866 1995 573 536 -1015 -636 -1572
867 1994 574 540 -1017 -636 -1568
868 1997 571 537 -1018 -635 -1572
869 1993 570 541 -1015 -631 -1573
870 1994 571 538 -1016 -637 -1569
871 1994 569 536 -1015 -634 -1570
872 1994 567 536 -1018 -636 -1570
873 1995 571 534 -1018 -635 -1569
874 1994 571 537 -1016 -637 -1570
875 1993 570 537 -1017 -634 -1570
876 1997 572 538 -1016 -633 -1569
877 2000 573 541 -1016 -636 -1570
878 1995 574 542 -1014 -634 -1570
879 1997 573 540 -1015 -634 -1568
880 1997 569 538 -1014 -632 -1565
881 1998 574 540 -1017 -633 -1567
882 1997 572 538 -1010 -633 -1570
883 1996 572 537 -1011 -634 -1568
884 1997 572 538 -1016 -634 -1570
885 1994 572 537 -1014 -631 -1567
886 1998 572 536 -1015 -635 -1570
887 1993 570 539 -1017 -633 -1568
888 1995 571 537 -1013 -633 -1564
889 1996 572 539 -1014 -633 -1568
890 1994 573 536 -1014 -635 -1568
891 1997 573 537 -1014 -630 -1569
892 1997 571 538 -1012 -635 -1568
893 1996 572 535 -1017 -633 -1569
894 1995 569 535 -1015 -631 -1571
895 1996 569 538 -1016 -635 -1570
896 1992 571 537 -1015 -634 -1571
897 1996 572 537 -1010 -633 -1569
898 1997 572 541 -1013 -630 -1564
899 1993 573 540 -1011 -632 -1567
900 1996 570 538 -1014 -631 -1568
901 1996 572 539 -1014 -634 -1572
902 1994 572 535 -1017 -634 -1568
903 1994 573 537 -1014 -634 -1567
904 1997 572 540 -1012 -634 -1567
905 1995 573 541 -1014 -630 -1569
906 1993 570 537 -1013 -632 -1569
907 1995 569 539 -1014 -633 -1571
908 1993 574 536 -1016 -634 -1572
909 1996 570 537 -1016 -632 -1569
910 1995 570 538 -1013 -634 -1570
911 1997 572 538 -1017 -634 -1564
912 1998 574 538 -1017 -635 -1567
913 1997 570 537 -1018 -633 -1569
914 1996 570 537 -1014 -633 -1569
915 1996 573 538 -1014 -638 -1569
916 1995 572 536 -1017 -632 -1572
917 1993 569 539 -1015 -633 -1569
918 1994 567 537 -1015 -633 -1574
919 1993 568 536 -1016 -638 -1570
920 1995 569 536 -1015 -633 -1565
921 1995 573 538 -1012 -633 -1567
922 2001 572 538 -1014 -632 -1566
923 1996 576 541 -1012 -636 -1568
924 1996 573 539 -1016 -635 -1570
925 1994 569 539 -1018 -638 -1571
926 1996 569 535 -1015 -635 -1568
927 1997 572 537 -1013 -630 -1567
928 1995 573 538 -1016 -633 -1567
929 1995 568 537 -1014 -633 -1569
930 1997 575 538 -1016 -634 -1569
931 1998 570 538 -1013 -632 -1571
932 1999 572 538 -1018 -633 -1570
933 1997 571 540 -1014 -632 -1568
934 1998 573 539 -1015 -633 -1569
935 2000 573 537 -1013 -632 -1566
936 1998 574 538 -1017 -632 -1568
937 1998 574 539 -1017 -633 -1569
938 1998 572 537 -1012 -635 -1571
939 1994 575 537 -1013 -633 -1569
940 1998 576 542 -1013 -631 -1570
941 1992 571 539 -1016 -634 -1570
942 1991 568 537 -1012 -633 -1571
943 1993 570 538 -1015 -633 -1570
944 1993 570 537 -1016 -635 -1570
945 1995 573 537 -1015 -634 -1569
946 1996 574 539 -1016 -630 -1565
947 1997 576 535 -1016 -635 -1567
948 2000 573 541 -1016 -634 -1565
949 1997 575 540 -1015 -633 -1565
950 1999 568 537 -1014 -635 -1568
951 1996 571 536 -1018 -631 -1568
952 1994 570 536 -1018 -634 -1574
953 1994 570 535 -1018 -634 -1574
954 1993 569 535 -1016 -638 -1571
955 1995 568 533 -1011 -631 -1569
956 1995 571 536 -1015 -633 -1570
957 1995 572 536 -1019 -637 -1571
958 1997 572 536 -1016 -635 -1566
959 2001 575 538 -1019 -635 -1568
960 1995 573 533 -1017 -639 -1568
961 1994 570 535 -1018 -635 -1572
962 1995 570 538 -1014 -634 -1569
963 1995 568 533 -1016 -632 -1572
964 1994 568 538 -1016 -633 -1570
965 1989 567 534 -1016 -634 -1573
966 1994 568 533 -1014 -632 -1566
967 1996 571 537 -1011 -633 -1570
968 1997 572 540 -1016 -632 -1567
969 1996 571 540 -1016 -636 -1568
970 1994 573 539 -1014 -634 -1569
971 1994 575 540 -1016 -635 -1570
972 1995 569 536 -1016 -637 -1571
973 1995 573 537 -1016 -637 -1571
974 1994 570 535 -1015 -637 -1570
975 1993 571 537 -1014 -631 -1569
976 1990 570 532 -1016 -633 -1573
977 1994 565 537 -1013 -637 -1575
978 1992 566 534 -1019 -635 -1566
979 1992 568 534 -1015 -636 -1569
980 1997 573 536 -1013 -636 -1571
981 1996 571 537 -1015 -633 -1570
982 1995 578 541 -1016 -635 -1570
983 1995 575 538 -1017 -636 -1569
984 1995 572 538 -1014 -633 -1570
985 1993 571 537 -1014 -638 -1573
986 1996 569 537 -1016 -634 -1567
987 1992 569 533 -1014 -633 -1571
988 1991 570 534 -1017 -636 -1572
989 1993 570 537 -1013 -634 -1571
990 1993 574 536 -1015 -633 -1570
991 1992 569 540 -1015 -631 -1570
992 1994 574 539 -1015 -632 -1566
993 1995 572 539 -1015 -634 -1567
994 1998 570 540 -1015 -634 -1565
995 1998 570 535 -1018 -633 -1568
996 1998 572 537 -1014 -635 -1566
997 1998 570 539 -1017 -638 -1568
998 1995 571 535 -1014 -633 -1571
999 1997 571 539 -1013 -634 -1569
0 8186 166 -4891 -3926 -3384 3830
1 8186 169 -4890 -3928 -3385 3835
2 8190 172 -4890 -3929 -3385 3834
3 8183 167 -4889 -3928 -3383 3832
4 8185 168 -4890 -3929 -3388 3830
5 8180 167 -4891 -3928 -3384 3833
6 8187 169 -4889 -3927 -3386 3831
7 8180 169 -4891 -3927 -3386 3832
8 8182 168 -4892 -3930 -3385 3829
9 8180 168 -4892 -3929 -3384 3833
10 8182 168 -4893 -3930 -3386 3833
11 8180 169 -4891 -3929 -3386 3832
12 8180 165 -4892 -3925 -3386 3834
13 8182 171 -4892 -3926 -3384 3834
14 8180 171 -4887 -3929 -3383 3836
15 8178 170 -4890 -3927 -3385 3832
16 8184 173 -4890 -3924 -3381 3837
17 8179 167 -4889 -3926 -3386 3832
18 8175 166 -4892 -3927 -3382 3834
19 8176 170 -4886 -3923 -3382 3836
20 8177 169 -4889 -3925 -3383 3834
21 8181 174 -4886 -3925 -3384 3836
22 8179 172 -4888 -3922 -3381 3839
23 8180 171 -4887 -3923 -3378 3836
24 8178 170 -4887 -3922 -3381 3835
25 8181 174 -4887 -3925 -3380 3840
26 8178 172 -4889 -3920 -3381 3835
27 8179 175 -4887 -3927 -3382 3840
28 8176 172 -4887 -3924 -3383 3838
29 8179 172 -4889 -3926 -3381 3841
30 8176 170 -4893 -3924 -3380 3839
31 8178 174 -4889 -3922 -3378 3841
32 8179 178 -4890 -3925 -3380 3840
33 8176 176 -4887 -3924 -3376 3843
34 8181 172 -4889 -3924 -3380 3845
35 8178 174 -4891 -3923 -3379 3843
36 8178 170 -4890 -3924 -3379 3844
37 8178 172 -4890 -3923 -3379 3845
38 8178 175 -4887 -3921 -3376 3846
39 8179 176 -4889 -3921 -3379 3845
40 8177 175 -4891 -3921 -3379 3842
41 8177 176 -4888 -3923 -3380 3842
42 8177 176 -4889 -3922 -3377 3844
43 8180 176 -4890 -3921 -3379 3845
44 8178 177 -4886 -3921 -3380 3848
45 8179 178 -4891 -3920 -3378 3845
46 8178 175 -4890 -3921 -3377 3846
47 8176 178 -4886 -3920 -3379 3848
48 8179 175 -4888 -3919 -3381 3845
49 8176 173 -4889 -3921 -3376 3849
50 8178 177 -4888 -3917 -3379 3847
51 8179 180 -4885 -3920 -3377 3848
52 8176 178 -4889 -3921 -3373 3849
53 8176 179 -4888 -3919 -3375 3848
54 8177 178 -4888 -3921 -3374 3851
55 8176 180 -4885 -3920 -3378 3847
56 8176 177 -4887 -3919 -3377 3849
57 8176 176 -4886 -3919 -3376 3849
58 8180 177 -4886 -3919 -3374 3850
59 8176 178 -4890 -3922 -3378 3848
60 8175 179 -4890 -3921 -3373 3849
61 8175 176 -4887 -3917 -3376 3848
62 8175 176 -4887 -3920 -3375 3847
63 8178 177 -4888 -3923 -3378 3844
64 8172 174 -4891 -3919 -3380 3845
65 8172 180 -4891 -3918 -3376 3848
66 8173 176 -4889 -3923 -3379 3846
67 8175 177 -4888 -3919 -3375 3847
68 8174 177 -4885 -3918 -3376 3846
69 8175 178 -4887 -3920 -3377 3848
70 8173 176 -4887 -3922 -3376 3842
71 8168 174 -4892 -3919 -3375 3846
72 8173 179 -4886 -3917 -3372 3850
73 8175 179 -4884 -3919 -3372 3850
74 8172 179 -4888 -3917 -3376 3850
75 8169 179 -4885 -3920 -3374 3849
76 8169 178 -4889 -3921 -3373 3849
77 8170 179 -4886 -3917 -3376 3848
78 8170 183 -4885 -3920 -3374 3848
79 8171 177 -4887 -3918 -3372 3848
80 8167 178 -4885 -3920 -3373 3846
81 8167 177 -4883 -3918 -3374 3847
82 8168 178 -4887 -3921 -3374 3848
83 8162 179 -4886 -3917 -3376 3848
84 8166 178 -4881 -3914 -3373 3849
85 8164 179 -4882 -3914 -3372 3850
86 8166 179 -4884 -3914 -3372 3847
87 8163 180 -4882 -3914 -3372 3849
88 8165 181 -4880 -3915 -3372 3845
89 8165 178 -4880 -3916 -3372 3846
90 8163 181 -4884 -3913 -3366 3847
91 8163 177 -4884 -3913 -3371 3846
92 8162 179 -4879 -3914 -3367 3848
93 8163 182 -4881 -3913 -3366 3848
94 8163 177 -4879 -3913 -3370 3847
95 8161 181 -4876 -3913 -3370 3845
96 8164 180 -4879 -3914 -3372 3847
97 8157 179 -4878 -3914 -3369 3844
98 8164 183 -4880 -3914 -3367 3847
99 8162 183 -4880 -3911 -3368 3843
100 8159 181 -4877 -3910 -3367 3846
101 8162 183 -4873 -3914 -3370 3847
102 8158 181 -4878 -3911 -3371 3842
103 8161 180 -4877 -3913 -3368 3846
104 8158 181 -4876 -3914 -3370 3844
105 8154 180 -4881 -3914 -3367 3843
106 8155 180 -4877 -3913 -3366 3844
107 8158 182 -4880 -3916 -3369 3841
108 8155 178 -4877 -3914 -3369 3844
109 8159 181 -4877 -3913 -3369 3842
110 8158 179 -4879 -3915 -3367 3843
111 8159 183 -4876 -3907 -3366 3848
112 8157 182 -4878 -3912 -3368 3846
113 8159 181 -4878 -3913 -3368 3845
114 8159 179 -4878 -3912 -3370 3846
115 8158 182 -4881 -3911 -3370 3846
116 8159 181 -4878 -3913 -3366 3847
117 8161 182 -4879 -3912 -3370 3847
118 8159 184 -4879 -3911 -3369 3846
119 8157 179 -4878 -3912 -3370 3847
120 8160 181 -4882 -3914 -3368 3847
121 8155 180 -4884 -3914 -3372 3845
122 8159 180 -4882 -3911 -3368 3849
123 8157 178 -4883 -3915 -3368 3846
124 8155 180 -4881 -3914 -3372 3845
125 8159 181 -4881 -3912 -3368 3848
126 8160 180 -4880 -3911 -3367 3851
127 8161 182 -4878 -3911 -3369 3848
128 8158 184 -4882 -3912 -3370 3848
129 8159 182 -4881 -3914 -3367 3846
130 8157 183 -4880 -3911 -3367 3850
131 8159 179 -4881 -3912 -3370 3850
132 8159 182 -4878 -3911 -3369 3851
133 8160 181 -4880 -3912 -3366 3850
134 8157 182 -4881 -3910 -3367 3852
135 8161 182 -4876 -3914 -3370 3849
136 8159 180 -4880 -3913 -3369 3851
137 8162 184 -4877 -3914 -3367 3847
138 8160 184 -4881 -3913 -3368 3851
139 8158 183 -4882 -3913 -3366 3852
140 8162 183 -4880 -3914 -3367 3851
141 8161 183 -4880 -3913 -3371 3850
142 8157 181 -4878 -3911 -3364 3851
143 8160 183 -4880 -3912 -3368 3850
144 8156 181 -4879 -3915 -3367 3849
145 8160 179 -4881 -3912 -3367 3848
146 8156 181 -4882 -3914 -3369 3846
147 8157 183 -4883 -3913 -3368 3849
148 8158 183 -4883 -3915 -3371 3849
149 8159 179 -4883 -3914 -3367 3854
150 8160 183 -4879 -3912 -3370 3850
151 8157 181 -4881 -3910 -3368 3850
152 8158 181 -4881 -3911 -3365 3851
153 8159 180 -4880 -3912 -3366 3848
154 8160 182 -4880 -3910 -3369 3848
155 8159 181 -4878 -3915 -3370 3847
156 8158 180 -4879 -3913 -3367 3850
157 8157 182 -4881 -3912 -3366 3852
158 8159 184 -4880 -3914 -3369 3849
159 8157 182 -4880 -3914 -3368 3852
160 8160 178 -4880 -3911 -3368 3849
161 8159 183 -4881 -3912 -3367 3852
162 8160 182 -4882 -3910 -3372 3848
163 8159 181 -4882 -3911 -3367 3853
164 8162 184 -4879 -3910 -3366 3855
165 8160 186 -4880 -3913 -3369 3851
166 8160 184 -4881 -3912 -3369 3849
167 8160 181 -4882 -3915 -3367 3848
168 8158 185 -4876 -3914 -3366 3853
169 8162 183 -4881 -3911 -3368 3853
170 8163 184 -4879 -3912 -3368 3851
171 8162 183 -4881 -3912 -3369 3852
172 8159 182 -4880 -3912 -3367 3851
173 8162 184 -4881 -3911 -3368 3854
174 8158 178 -4881 -3915 -3369 3848
175 8158 180 -4883 -3912 -3369 3848
176 8158 184 -4883 -3915 -3367 3851
177 8159 181 -4882 -3914 -3370 3849
178 8158 184 -4881 -3915 -3370 3853
179 8159 183 -4876 -3914 -3370 3850
180 8159 183 -4880 -3916 -3371 3849
181 8156 182 -4880 -3916 -3371 3848
182 8157 183 -4880 -3911 -3368 3849
183 8157 183 -4873 -3914 -3368 3849
184 8157 184 -4878 -3913 -3367 3850
185 8160 182 -4880 -3912 -3365 3851
186 8158 184 -4878 -3910 -3368 3851
187 8158 180 -4876 -3916 -3368 3852
188 8156 182 -4879 -3912 -3371 3848
189 8156 185 -4878 -3910 -3364 3850
190 8161 186 -4874 -3911 -3368 3850
191 8161 184 -4876 -3907 -3367 3850
192 8159 186 -4878 -3912 -3369 3850
193 8160 183 -4877 -3913 -3367 3850
194 8160 180 -4878 -3912 -3368 3848
195 8158 185 -4874 -3910 -3368 3849
196 8155 184 -4876 -3911 -3369 3849
197 8159 185 -4879 -3913 -3368 3850
198 8159 184 -4880 -3910 -3368 3852
199 8158 186 -4876 -3914 -3368 3851
200 8158 185 -4877 -3916 -3370 3854
201 8159 185 -4880 -3914 -3371 3853
202 8158 180 -4879 -3914 -3369 3851
203 8158 183 -4878 -3913 -3368 3854
204 8162 183 -4881 -3914 -3369 3851
205 8162 184 -4879 -3918 -3370 3855
206 8159 184 -4879 -3917 -3369 3850
207 8161 183 -4881 -3915 -3373 3851
208 8158 183 -4880 -3914 -3370 3850
209 8160 182 -4880 -3914 -3370 3854
210 8160 185 -4878 -3917 -3372 3852
211 8161 182 -4881 -3915 -3368 3854
212 8160 185 -4879 -3915 -3369 3854
213 8160 185 -4882 -3918 -3374 3853
214 8164 186 -4878 -3918 -3370 3853
215 8163 186 -4875 -3911 -3368 3854
216 8161 187 -4879 -3912 -3368 3854
217 8163 187 -4877 -3915 -3367 3855
218 8162 184 -4876 -3914 -3370 3852
219 8162 183 -4876 -3912 -3371 3852
220 8163 185 -4876 -3912 -3371 3853
221 8161 186 -4875 -3913 -3367 3852
222 8162 184 -4876 -3915 -3368 3856
223 8162 187 -4876 -3911 -3369 3855
224 8164 184 -4874 -3914 -3369 3853
225 8163 187 -4877 -3913 -3370 3853
226 8161 187 -4872 -3916 -3370 3853
227 8159 187 -4874 -3916 -3370 3849
228 8161 183 -4874 -3917 -3369 3850
229 8162 185 -4873 -3916 -3370 3852
230 8158 184 -4874 -3913 -3369 3853
231 8162 184 -4873 -3915 -3369 3850
232 8160 183 -4875 -3918 -3368 3850
233 8161 186 -4872 -3914 -3369 3852
234 8159 185 -4871 -3918 -3371 3850
235 8162 186 -4873 -3916 -3371 3846
236 8160 184 -4874 -3917 -3372 3850
237 8159 186 -4873 -3917 -3373 3850
238 8161 189 -4873 -3916 -3369 3848
239 8162 186 -4870 -3916 -3368 3851
240 8161 186 -4875 -3918 -3371 3852
241 8161 186 -4871 -3914 -3371 3851
242 8160 186 -4870 -3916 -3371 3851
243 8162 186 -4871 -3916 -3370 3851
244 8161 187 -4871 -3917 -3372 3850
245 8161 184 -4869 -3917 -3370 3853
246 8163 185 -4870 -3916 -3371 3851
247 8162 185 -4870 -3915 -3371 3851
248 8162 187 -4870 -3916 -3372 3854
249 8165 187 -4870 -3917 -3372 3854
250 8165 187 -4867 -3918 -3369 3851
251 8165 190 -4869 -3919 -3370 3854
252 8168 187 -4869 -3919 -3370 3857
253 8168 189 -4870 -3918 -3371 3854
254 8168 190 -4869 -3919 -3370 3852
255 8167 187 -4869 -3918 -3374 3854
256 8166 187 -4870 -3921 -3374 3852
257 8164 183 -4871 -3920 -3373 3850
258 8164 186 -4875 -3919 -3376 3850
259 8164 187 -4875 -3918 -3377 3853
260 8166 184 -4872 -3921 -3375 3853
261 8169 183 -4874 -3923 -3378 3855
262 8169 184 -4872 -3920 -3376 3851
263 8167 189 -4872 -3921 -3376 3853
264 8170 187 -4870 -3920 -3376 3859
265 8173 184 -4866 -3920 -3375 3856
266 8171 186 -4873 -3924 -3377 3857
267 8171 188 -4871 -3922 -3374 3853
268 8175 187 -4874 -3922 -3376 3853
269 8171 189 -4872 -3923 -3372 3855
270 8168 189 -4873 -3921 -3374 3854
271 8174 189 -4874 -3921 -3372 3855
272 8170 184 -4873 -3923 -3375 3855
273 8170 185 -4873 -3925 -3377 3853
274 8172 185 -4875 -3926 -3377 3853
275 8174 183 -4874 -3921 -3378 3853
276 8171 185 -4873 -3928 -3379 3856
277 8174 186 -4874 -3923 -3377 3858
278 8175 188 -4873 -3924 -3373 3860
279 8179 191 -4871 -3922 -3375 3857
280 8176 185 -4874 -3924 -3377 3856
281 8174 189 -4874 -3925 -3377 3855
282 8174 184 -4872 -3921 -3377 3861
283 8175 190 -4873 -3925 -3375 3857
284 8174 188 -4873 -3925 -3379 3860
285 8177 188 -4875 -3927 -3381 3859
286 8178 187 -4874 -3928 -3380 3860
287 8182 186 -4873 -3927 -3381 3861
288 8180 185 -4875 -3929 -3381 3859
289 8181 185 -4876 -3928 -3382 3861
290 8182 187 -4876 -3926 -3379 3861
291 8186 187 -4875 -3928 -3379 3864
292 8183 186 -4878 -3928 -3381 3862
293 8183 185 -4876 -3924 -3380 3862
294 8185 186 -4876 -3931 -3382 3862
295 8183 186 -4879 -3929 -3383 3861
296 8185 185 -4878 -3931 -3382 3864
297 8187 185 -4880 -3930 -3381 3862
298 8188 186 -4877 -3931 -3386 3867
299 8189 187 -4881 -3929 -3383 3867
300 8192 186 -4877 -3934 -3385 3862
301 8190 186 -4878 -3930 -3385 3863
302 8189 185 -4879 -3933 -3386 3862
303 8190 188 -4880 -3933 -3386 3863
304 8187 185 -4876 -3934 -3385 3863
305 8188 187 -4877 -3929 -3381 3867
306 8189 188 -4876 -3929 -3383 3862
307 8188 188 -4875 -3928 -3385 3864
308 8188 186 -4875 -3931 -3384 3863
309 8191 187 -4874 -3932 -3385 3864
310 8193 190 -4877 -3931 -3389 3863
311 8188 188 -4875 -3930 -3382 3868
312 8197 191 -4872 -3931 -3385 3864
313 8192 191 -4873 -3935 -3385 3866
314 8193 189 -4877 -3935 -3387 3864
315 8189 189 -4875 -3930 -3383 3860
316 8188 187 -4872 -3936 -3388 3859
317 8188 185 -4874 -3932 -3384 3858
318 8190 185 -4875 -3930 -3382 3858
319 8185 185 -4873 -3934 -3384 3858
320 8186 187 -4875 -3936 -3384 3859
321 8185 189 -4873 -3933 -3383 3859
322 8189 186 -4871 -3935 -3387 3857
323 8188 190 -4870 -3936 -3391 3860
324 8189 187 -4872 -3936 -3386 3859
325 8192 190 -4869 -3934 -3386 3858
326 8193 191 -4868 -3933 -3387 3858
327 8193 190 -4868 -3931 -3386 3861
328 8196 191 -4870 -3934 -3388 3857
329 8192 186 -4873 -3931 -3386 3856
330 8195 190 -4868 -3931 -3386 3857
331 8192 188 -4866 -3934 -3387 3856
332 8192 186 -4870 -3932 -3388 3857
333 8193 190 -4870 -3936 -3385 3858
334 8197 188 -4870 -3933 -3384 3861
335 8198 190 -4869 -3932 -3387 3859
336 8194 188 -4866 -3934 -3388 3858
337 8198 189 -4869 -3935 -3385 3857
338 8203 190 -4865 -3932 -3385 3860
339 8202 190 -4864 -3935 -3385 3860
340 8196 187 -4870 -3934 -3387 3857
341 8202 189 -4868 -3935 -3386 3858
342 8199 189 -4866 -3937 -3388 3857
343 8200 186 -4864 -3939 -3392 3855
344 8197 185 -4867 -3936 -3390 3850
345 8198 187 -4868 -3937 -3389 3854
346 8199 185 -4865 -3936 -3391 3855
347 8198 187 -4869 -3940 -3390 3852
348 8199 187 -4870 -3938 -3391 3855
349 8201 185 -4865 -3939 -3388 3856
350 8201 188 -4868 -3940 -3396 3851
351 8201 185 -4869 -3939 -3394 3851
352 8201 181 -4869 -3941 -3389 3856
353 8201 186 -4868 -3940 -3390 3859
354 8205 190 -4868 -3937 -3393 3857
355 8206 185 -4868 -3938 -3392 3857
356 8209 187 -4870 -3941 -3389 3859
357 8206 188 -4867 -3940 -3391 3857
358 8209 188 -4866 -3939 -3392 3854
359 8211 189 -4872 -3942 -3393 3856
360 8209 183 -4870 -3941 -3390 3859
361 8212 187 -4869 -3944 -3396 3859
362 8209 183 -4873 -3943 -3392 3857
363 8213 182 -4874 -3942 -3395 3859
364 8211 187 -4871 -3944 -3394 3855
365 8209 183 -4873 -3943 -3395 3859
366 8213 184 -4872 -3943 -3396 3855
367 8214 185 -4872 -3944 -3396 3856
368 8212 183 -4878 -3949 -3394 3856
369 8214 184 -4874 -3945 -3399 3857
370 8214 187 -4872 -3945 -3395 3858
371 8219 183 -4876 -3946 -3395 3857
372 8217 185 -4872 -3946 -3398 3857
373 8214 185 -4875 -3947 -3397 3855
374 8219 186 -4875 -3946 -3396 3857
375 8216 183 -4877 -3947 -3399 3856
376 8221 185 -4876 -3948 -3397 3858
377 8223 184 -4874 -3946 -3398 3859
378 8222 185 -4875 -3947 -3402 3859
379 8222 182 -4877 -3944 -3398 3860
380 8219 181 -4876 -3952 -3403 3854
381 8222 179 -4881 -3952 -3401 3856
382 8220 179 -4877 -3949 -3401 3857
383 8219 176 -4881 -3951 -3401 3856
384 8220 177 -4878 -3954 -3403 3855
385 8221 177 -4882 -3952 -3405 3853
386 8220 180 -4879 -3952 -3404 3856
387 8222 179 -4879 -3950 -3405 3854
388 8225 178 -4883 -3951 -3406 3857
389 8225 178 -4882 -3950 -3405 3857
390 8224 182 -4881 -3950 -3402 3856
391 8229 180 -4878 -3948 -3400 3860
392 8228 181 -4876 -3952 -3402 3856
393 8229 182 -4878 -3951 -3401 3860
394 8231 183 -4879 -3951 -3402 3857
395 8232 179 -4878 -3952 -3405 3856
396 8230 180 -4878 -3954 -3405 3855
397 8229 177 -4879 -3952 -3405 3857
398 8233 180 -4880 -3952 -3404 3857
399 8230 180 -4879 -3951 -3402 3858
400 8232 181 -4877 -3950 -3405 3857
401 8234 180 -4879 -3954 -3405 3856
402 8231 179 -4880 -3954 -3406 3854
403 8232 180 -4878 -3953 -3407 3854
404 8231 177 -4882 -3955 -3411 3857
405 8235 180 -4879 -3956 -3410 3857
406 8232 181 -4879 -3954 -3409 3854
407 8230 177 -4880 -3955 -3408 3855
408 8235 178 -4881 -3954 -3405 3852
409 8234 179 -4881 -3952 -3405 3852
410 8235 176 -4881 -3954 -3406 3853
411 8235 178 -4879 -3952 -3407 3853
412 8235 180 -4878 -3954 -3409 3849
413 8234 181 -4877 -3955 -3406 3853
414 8234 176 -4882 -3955 -3405 3854
415 8233 177 -4878 -3956 -3405 3854
416 8236 179 -4879 -3955 -3408 3850
417 8238 178 -4878 -3956 -3408 3852
418 8234 179 -4880 -3953 -3406 3850
419 8235 178 -4878 -3955 -3410 3853
420 8239 175 -4884 -3959 -3408 3854
421 8238 177 -4883 -3956 -3408 3847
422 8240 176 -4879 -3958 -3409 3851
423 8237 175 -4882 -3958 -3410 3852
424 8240 174 -4882 -3956 -3413 3849
425 8241 175 -4882 -3956 -3411 3850
426 8240 174 -4883 -3957 -3410 3848
427 8241 179 -4883 -3958 -3411 3848
428 8241 176 -4881 -3956 -3413 3848
429 8242 177 -4880 -3956 -3412 3844
430 8243 172 -4885 -3960 -3412 3847
431 8243 174 -4884 -3960 -3419 3845
432 8242 172 -4884 -3963 -3416 3844
433 8242 173 -4888 -3963 -3411 3846
434 8242 173 -4885 -3960 -3412 3846
435 8248 176 -4883 -3957 -3411 3848
436 8247 176 -4885 -3960 -3414 3844
437 8247 172 -4884 -3961 -3417 3846
438 8244 173 -4885 -3961 -3417 3845
439 8246 172 -4885 -3962 -3413 3846
440 8249 173 -4882 -3962 -3415 3845
441 8247 170 -4888 -3965 -3416 3845
442 8245 170 -4889 -3962 -3416 3843
443 8248 170 -4889 -3966 -3419 3843
444 8249 171 -4889 -3963 -3418 3842
445 8248 170 -4888 -3963 -3417 3841
446 8250 171 -4887 -3965 -3417 3842
447 8251 170 -4889 -3964 -3419 3846
448 8249 170 -4891 -3963 -3415 3845
449 8252 172 -4887 -3964 -3417 3841
450 8252 169 -4888 -3962 -3415 3847
451 8255 172 -4886 -3963 -3417 3845
452 8252 169 -4886 -3963 -3419 3844
453 8254 169 -4887 -3966 -3420 3839
454 8251 166 -4891 -3969 -3420 3841
455 8251 168 -4892 -3967 -3417 3842
456 8255 169 -4887 -3966 -3418 3844
457 8256 169 -4889 -3965 -3418 3844
458 8258 167 -4894 -3967 -3420 3840
459 8257 167 -4890 -3966 -3420 3841
460 8256 168 -4892 -3966 -3418 3840
461 8258 167 -4889 -3965 -3418 3845
462 8260 170 -4888 -3968 -3417 3843
463 8258 168 -4892 -3966 -3421 3843
464 8258 168 -4893 -3969 -3421 3844
465 8260 164 -4893 -3971 -3420 3843
466 8260 165 -4897 -3968 -3421 3843
467 8262 165 -4894 -3967 -3422 3845
468 8264 166 -4894 -3971 -3422 3843
469 8262 166 -4895 -3971 -3424 3841
470 8265 167 -4895 -3973 -3424 3840
471 8266 167 -4898 -3966 -3422 3842
472 8265 166 -4896 -3971 -3426 3843
473 8262 164 -4897 -3971 -3425 3841
474 8264 162 -4899 -3971 -3427 3842
475 8266 163 -4900 -3968 -3426 3843
476 8266 164 -4896 -3972 -3426 3843
477 8264 161 -4900 -3973 -3430 3840
478 8268 160 -4898 -3974 -3428 3840
479 8268 165 -4897 -3972 -3426 3843
480 8268 163 -4897 -3972 -3427 3840
481 8269 163 -4898 -3973 -3427 3839
482 8263 162 -4900 -3973 -3429 3839
483 8271 161 -4901 -3975 -3429 3839
484 8273 161 -4898 -3971 -3428 3840
485 8269 163 -4901 -3973 -3427 3841
486 8269 162 -4900 -3973 -3430 3839
487 8271 163 -4902 -3971 -3425 3839
488 8273 165 -4897 -3971 -3428 3841
489 8273 164 -4898 -3972 -3425 3839
490 8271 165 -4899 -3971 -3430 3842
491 8272 163 -4897 -3974 -3427 3842
492 8271 163 -4900 -3975 -3428 3836
493 8272 162 -4898 -3975 -3427 3840
494 8270 164 -4901 -3975 -3430 3837
495 8273 161 -4898 -3976 -3432 3835
496 8271 161 -4900 -3975 -3431 3835
497 8269 161 -4899 -3976 -3430 3834
498 8272 162 -4898 -3974 -3428 3834
499 8274 160 -4898 -3977 -3431 3834
500 8271 160 -4899 -3975 -3431 3831
501 8272 161 -4897 -3976 -3433 3830
502 8272 162 -4900 -3975 -3431 3832
503 8272 158 -4898 -3977 -3433 3834
504 8274 158 -4898 -3978 -3432 3831
505 8274 162 -4900 -3978 -3431 3833
506 8273 161 -4898 -3978 -3430 3834
507 8278 160 -4899 -3978 -3433 3833
508 8278 160 -4899 -3977 -3432 3834
509 8278 159 -4898 -3979 -3434 3834
510 8279 156 -4900 -3981 -3435 3833
511 8279 157 -4901 -3978 -3432 3834
512 8278 154 -4901 -3982 -3435 3830
513 8278 156 -4902 -3981 -3438 3832
514 8278 156 -4904 -3980 -3436 3830
515 8277 157 -4906 -3979 -3436 3829
516 8280 155 -4903 -3982 -3437 3829
517 8279 157 -4904 -3982 -3437 3828
518 8281 156 -4906 -3983 -3437 3829
519 8282 155 -4904 -3982 -3440 3827
520 8282 155 -4905 -3982 -3434 3828
521 8282 158 -4903 -3980 -3440 3831
522 8283 155 -4903 -3981 -3438 3827
523 8282 154 -4904 -3982 -3434 3828
524 8283 157 -4904 -3981 -3441 3827
525 8284 154 -4902 -3984 -3440 3830
526 8284 154 -4904 -3984 -3441 3829
527 8286 156 -4905 -3981 -3438 3832
528 8287 156 -4900 -3980 -3437 3832
529 8289 155 -4902 -3983 -3437 3832
530 8287 155 -4907 -3980 -3443 3831
531 8291 155 -4901 -3986 -3441 3830
532 8289 158 -4903 -3985 -3438 3832
533 8288 153 -4907 -3987 -3440 3827
534 8289 153 -4902 -3983 -3438 3828
535 8287 154 -4905 -3983 -3437 3831
536 8290 156 -4905 -3987 -3441 3829
537 8292 156 -4904 -3989 -3442 3825
538 8291 154 -4904 -3984 -3442 3827
539 8290 153 -4903 -3985 -3441 3829
540 8293 153 -4906 -3985 -3438 3829
541 8294 157 -4905 -3989 -3441 3827
542 8293 154 -4906 -3984 -3440 3827
543 8293 152 -4904 -3982 -3443 3828
544 8298 153 -4905 -3985 -3440 3831
545 8295 154 -4905 -3985 -3442 3828
546 8296 151 -4907 -3986 -3440 3829
547 8297 153 -4907 -3986 -3442 3826
548 8295 152 -4905 -3989 -3444 3829
549 8296 154 -4908 -3986 -3441 3829
550 8296 156 -4904 -3988 -3444 3828
551 8296 151 -4908 -3992 -3448 3829
552 8300 155 -4907 -3990 -3442 3829
553 8299 153 -4905 -3991 -3445 3828
554 8302 153 -4908 -3992 -3447 3829
555 8296 150 -4912 -3988 -3446 3829
556 8300 151 -4909 -3992 -3444 3830
557 8302 153 -4908 -3990 -3445 3830
558 8301 150 -4910 -3989 -3441 3828
559 8300 149 -4912 -3990 -3445 3831
560 8304 149 -4913 -3994 -3447 3828
561 8302 147 -4913 -3995 -3451 3826
562 8302 151 -4915 -3992 -3447 3827
563 8302 150 -4912 -3991 -3447 3830
564 8304 150 -4915 -3994 -3450 3827
565 8302 149 -4914 -3992 -3447 3830
566 8302 151 -4909 -3994 -3451 3828
567 8301 152 -4914 -3995 -3451 3825
568 8303 145 -4918 -3991 -3449 3826
569 8307 149 -4910 -3995 -3448 3827
570 8304 150 -4914 -3994 -3451 3829
571 8305 148 -4915 -3992 -3448 3829
572 8308 152 -4911 -3994 -3448 3830
573 8306 150 -4913 -3994 -3449 3826
574 8305 147 -4915 -3997 -3452 3828
575 8305 147 -4914 -3996 -3451 3828
576 8307 145 -4915 -3994 -3452 3828
577 8307 148 -4913 -3995 -3448 3826
578 8308 148 -4910 -3995 -3451 3827
579 8304 150 -4912 -3998 -3454 3825
580 8309 148 -4912 -3997 -3451 3827
581 8305 147 -4913 -3997 -3452 3825
582 8306 146 -4914 -3995 -3453 3822
583 8312 151 -4912 -3992 -3449 3826
584 8309 147 -4909 -3993 -3449 3825
585 8308 151 -4912 -3993 -3448 3827
586 8309 149 -4910 -3992 -3449 3828
587 8311 150 -4910 -3992 -3450 3826
588 8308 149 -4909 -3995 -3449 3827
589 8310 149 -4908 -3995 -3452 3830
590 8312 149 -4908 -3996 -3450 3828
591 8308 151 -4911 -4000 -3453 3826
592 8309 151 -4913 -3998 -3452 3827
593 8311 144 -4911 -3995 -3453 3829
594 8314 149 -4910 -3994 -3451 3824
595 8312 148 -4912 -3995 -3455 3824
596 8313 148 -4911 -3997 -3454 3825
597 8313 147 -4911 -4000 -3451 3824
598 8311 149 -4914 -4002 -3455 3827
599 8315 148 -4911 -3998 -3454 3825
600 8315 146 -4914 -3999 -3457 3825
601 8313 146 -4913 -3998 -3453 3827
602 8311 146 -4915 -4004 -3457 3825
603 8314 147 -4914 -3999 -3453 3826
604 8315 147 -4912 -3999 -3457 3823
605 8316 149 -4912 -4001 -3453 3822
606 8317 146 -4911 -3999 -3456 3824
607 8318 148 -4911 -4000 -3455 3821
608 8316 148 -4914 -4002 -3456 3826
609 8317 147 -4912 -4002 -3458 3826
610 8312 147 -4914 -4001 -3459 3824
611 8316 145 -4916 -3999 -3459 3824
612 8320 145 -4914 -4002 -3457 3820
613 8317 145 -4913 -4004 -3457 3829
614 8317 145 -4914 -4000 -3457 3825
615 8318 146 -4915 -4002 -3459 3824
616 8319 144 -4916 -4002 -3454 3821
617 8316 146 -4912 -3999 -3457 3821
618 8318 147 -4914 -4004 -3461 3824
619 8318 145 -4911 -4001 -3456 3824
620 8320 144 -4913 -4000 -3456 3822
621 8318 148 -4914 -4003 -3456 3822
622 8321 144 -4913 -4004 -3456 3820
623 8318 143 -4914 -4008 -3459 3818
624 8317 142 -4913 -4005 -3455 3820
625 8319 142 -4911 -4002 -3456 3819
626 8321 141 -4913 -4002 -3459 3820
627 8319 144 -4913 -4007 -3459 3819
628 8320 144 -4915 -4005 -3461 3820
629 8320 144 -4911 -4001 -3456 3818
630 8317 143 -4913 -4000 -3460 3820
631 8323 147 -4913 -4004 -3461 3819
632 8319 143 -4914 -4002 -3459 3819
633 8322 143 -4914 -4003 -3459 3819
634 8323 144 -4913 -4005 -3458 3820
635 8324 145 -4913 -4003 -3458 3820
636 8325 146 -4915 -4006 -3459 3823
637 8322 143 -4917 -4007 -3463 3822
638 8322 143 -4919 -4003 -3458 3821
639 8323 142 -4921 -4003 -3459 3823
640 8321 142 -4913 -4007 -3460 3823
641 8328 145 -4914 -4006 -3461 3822
642 8326 143 -4917 -4006 -3462 3823
643 8325 143 -4917 -4003 -3459 3824
644 8321 142 -4920 -4007 -3462 3823
645 8324 141 -4919 -4006 -3459 3824
646 8325 142 -4921 -4002 -3461 3821
647 8328 145 -4916 -4004 -3463 3826
648 8325 138 -4920 -4006 -3463 3823
649 8327 143 -4917 -4005 -3461 3821
650 8323 141 -4917 -4009 -3459 3825
651 8328 142 -4919 -4007 -3463 3819
652 8329 143 -4920 -4005 -3462 3821
653 8326 143 -4921 -4009 -3463 3821
654 8326 141 -4919 -4005 -3460 3823
655 8326 142 -4918 -4008 -3461 3821
656 8327 141 -4920 -4008 -3463 3822
657 8324 141 -4919 -4003 -3465 3820
658 8324 140 -4920 -4003 -3461 3823
659 8324 144 -4918 -4005 -3457 3824
660 8328 143 -4916 -4005 -3460 3818
661 8326 140 -4921 -3997 -3456 3824
662 8329 142 -4915 -4004 -3463 3821
663 8326 144 -4919 -4004 -3462 3821
664 8327 145 -4917 -4003 -3464 3818
665 8326 141 -4919 -4003 -3461 3820
666 8327 143 -4919 -4002 -3459 3822
667 8328 140 -4916 -4003 -3462 3820
668 8328 143 -4921 -4006 -3461 3822
669 8324 143 -4920 -4004 -3459 3819
670 8324 141 -4921 -4005 -3464 3820
671 8327 142 -4916 -4001 -3457 3816
672 8326 141 -4916 -4006 -3465 3818
673 8329 143 -4920 -4003 -3459 3822
674 8327 142 -4918 -4002 -3462 3818
675 8324 141 -4919 -4005 -3459 3818
676 8326 141 -4921 -4005 -3459 3819
677 8327 139 -4917 -4001 -3460 3818
678 8327 142 -4918 -4005 -3463 3819
679 8326 141 -4920 -4007 -3461 3820
680 8327 140 -4921 -4005 -3459 3820
681 8329 142 -4921 -4005 -3461 3815
682 8324 136 -4920 -4008 -3462 3816
683 8328 141 -4924 -4007 -3465 3821
684 8327 141 -4923 -4006 -3465 3818
685 8329 139 -4922 -4008 -3464 3817
686 8328 138 -4920 -4010 -3464 3817
687 8327 140 -4922 -4007 -3464 3819
688 8326 136 -4921 -4008 -3463 3818
689 8330 141 -4921 -4004 -3460 3818
690 8327 138 -4920 -4005 -3462 3818
691 8324 141 -4923 -4006 -3465 3820
692 8329 136 -4924 -4005 -3464 3812
693 8329 139 -4923 -4003 -3465 3816
694 8330 138 -4923 -4008 -3463 3816
695 8328 136 -4925 -4007 -3465 3816
696 8327 133 -4927 -4007 -3461 3815
697 8326 136 -4924 -4007 -3465 3814
698 8330 135 -4925 -4011 -3463 3815
699 8327 136 -4925 -4009 -3463 3816
700 8327 135 -4924 -4009 -3467 3815
701 8325 135 -4926 -4010 -3464 3811
702 8326 132 -4927 -4009 -3463 3814
703 8329 136 -4928 -4008 -3464 3813
704 8327 138 -4927 -4006 -3465 3814
705 8327 135 -4925 -4008 -3466 3808
706 8328 134 -4926 -4006 -3464 3812
707 8324 136 -4925 -4007 -3465 3808
708 8325 136 -4926 -4005 -3462 3813
709 8324 135 -4925 -4009 -3467 3808
710 8326 132 -4927 -4009 -3467 3809
711 8323 132 -4924 -4005 -3463 3811
712 8326 133 -4925 -4006 -3465 3810
713 8325 134 -4925 -4004 -3463 3809
714 8324 135 -4927 -4006 -3466 3811
715 8324 129 -4928 -4007 -3467 3806
716 8323 133 -4927 -4010 -3464 3808
717 8326 134 -4929 -4006 -3467 3810
718 8327 135 -4931 -4001 -3463 3811
719 8325 135 -4920 -4003 -3463 3808
720 8331 138 -4925 -4002 -3459 3814
721 8325 135 -4923 -4003 -3460 3816
722 8328 136 -4924 -4003 -3462 3808
723 8325 134 -4926 -4003 -3461 3812
724 8326 135 -4928 -4003 -3462 3812
725 8329 137 -4926 -4005 -3463 3811
726 8327 136 -4926 -4004 -3464 3813
727 8328 137 -4924 -4002 -3462 3813
728 8327 135 -4925 -4001 -3462 3810
729 8326 135 -4926 -4006 -3458 3812
730 8326 135 -4928 -4004 -3463 3811
731 8324 134 -4926 -4003 -3458 3810
732 8327 135 -4927 -4005 -3460 3813
733 8327 133 -4925 -4006 -3462 3808
734 8322 129 -4932 -4003 -3460 3808
735 8323 136 -4927 -4004 -3462 3808
736 8325 130 -4929 -4000 -3462 3812
737 8328 131 -4930 -4003 -3461 3807
738 8325 132 -4929 -4003 -3462 3808
739 8325 133 -4928 -4003 -3459 3809
740 8324 131 -4930 -4004 -3461 3808
741 8321 131 -4929 -4004 -3460 3812
742 8321 132 -4930 -4001 -3460 3811
743 8326 133 -4927 -4001 -3458 3810
744 8323 133 -4927 -4004 -3459 3810
745 8324 134 -4926 -4001 -3460 3808
746 8324 132 -4930 -4003 -3458 3807
747 8324 132 -4929 -4001 -3457 3812
748 8323 133 -4931 -4002 -3460 3809
749 8321 134 -4929 -4001 -3462 3808
750 8325 134 -4932 -3999 -3457 3811
751 8326 133 -4929 -4002 -3458 3810
752 8321 131 -4930 -3998 -3460 3804
753 8322 131 -4931 -4000 -3459 3807
754 8321 132 -4929 -3999 -3456 3808
755 8322 131 -4928 -3998 -3458 3809
756 8320 133 -4930 -3996 -3460 3808
757 8318 133 -4931 -4001 -3458 3804
758 8319 131 -4932 -3999 -3458 3807
759 8322 133 -4930 -4002 -3461 3806
760 8319 129 -4932 -4000 -3459 3806
761 8317 131 -4935 -3999 -3460 3806
762 8319 128 -4932 -4001 -3459 3803
763 8322 131 -4934 -3998 -3459 3805
764 8321 131 -4932 -4000 -3459 3805
765 8321 130 -4931 -4000 -3458 3804
766 8318 127 -4933 -3998 -3459 3808
767 8317 127 -4931 -4000 -3462 3805
768 8320 131 -4935 -4002 -3457 3804
769 8320 129 -4938 -3999 -3456 3806
770 8322 132 -4936 -3997 -3457 3807
771 8322 133 -4934 -3997 -3458 3806
772 8320 133 -4933 -4001 -3457 3809
773 8318 130 -4935 -3998 -3458 3805
774 8318 130 -4936 -4002 -3459 3804
775 8320 127 -4937 -4001 -3459 3807
776 8320 126 -4934 -3999 -3456 3807
777 8322 129 -4934 -4004 -3458 3806
778 8320 131 -4937 -4000 -3461 3806
779 8317 128 -4937 -4000 -3460 3802
780 8318 126 -4939 -4002 -3464 3804
781 8315 127 -4937 -3998 -3459 3804
782 8318 128 -4937 -3998 -3458 3806
783 8320 129 -4937 -4001 -3459 3801
784 8318 124 -4936 -4001 -3459 3805
785 8318 126 -4935 -4006 -3461 3804
786 8318 127 -4941 -4000 -3460 3801
787 8314 123 -4937 -3996 -3456 3806
788 8318 125 -4940 -3999 -3459 3803
789 8316 127 -4938 -3999 -3459 3801
790 8315 129 -4937 -3996 -3461 3799
791 8318 128 -4937 -3998 -3456 3802
792 8316 129 -4937 -3996 -3460 3803
793 8313 126 -4936 -3997 -3458 3801
794 8317 126 -4939 -3996 -3455 3801
795 8317 124 -4934 -3995 -3456 3801
796 8312 128 -4938 -3996 -3459 3800
797 8315 126 -4935 -3996 -3458 3802
798 8316 127 -4935 -3999 -3457 3800
799 8314 127 -4937 -3997 -3457 3802
800 8313 126 -4935 -3996 -3458 3802
801 8317 128 -4937 -3993 -3455 3799
802 8311 126 -4936 -3996 -3458 3798
803 8311 126 -4939 -3997 -3459 3799
804 8311 123 -4940 -3995 -3453 3799
805 8314 128 -4935 -3997 -3459 3798
806 8311 125 -4937 -3997 -3458 3801
807 8311 126 -4935 -3990 -3454 3799
808 8312 128 -4935 -3996 -3457 3797
809 8312 127 -4938 -3996 -3456 3803
810 8310 126 -4934 -3995 -3454 3800
811 8312 127 -4934 -3996 -3457 3803
812 8307 124 -4937 -3995 -3453 3797
813 8310 125 -4940 -3996 -3454 3798
814 8310 128 -4940 -3994 -3453 3799
815 8308 124 -4935 -3993 -3454 3801
816 8309 127 -4936 -3995 -3452 3799
817 8312 127 -4935 -3992 -3451 3804
818 8306 126 -4938 -3992 -3451 3802
819 8308 126 -4935 -3990 -3453 3800
820 8308 127 -4934 -3995 -3454 3799
821 8307 128 -4938 -3994 -3453 3800
822 8306 124 -4936 -3995 -3456 3801
823 8306 124 -4940 -3994 -3453 3799
824 8309 127 -4938 -3993 -3458 3798
825 8306 128 -4939 -3991 -3453 3799
826 8303 124 -4937 -3993 -3452 3799
827 8301 127 -4937 -3991 -3452 3799
828 8301 127 -4934 -3992 -3453 3797
829 8305 126 -4935 -3990 -3453 3800
830 8305 125 -4937 -3993 -3455 3798
831 8301 123 -4939 -3990 -3451 3800
832 8303 127 -4936 -3991 -3452 3798
833 8298 125 -4936 -3993 -3454 3800
834 8301 123 -4938 -3992 -3450 3797
835 8299 125 -4938 -3990 -3451 3798
836 8298 126 -4935 -3990 -3449 3800
837 8300 127 -4933 -3989 -3448 3801
838 8301 124 -4935 -3988 -3449 3800
839 8298 126 -4934 -3989 -3447 3799
840 8299 130 -4934 -3987 -3449 3798
841 8298 126 -4939 -3987 -3448 3800
842 8294 125 -4937 -3989 -3449 3796
843 8296 126 -4938 -3990 -3448 3800
844 8299 129 -4932 -3989 -3445 3798
845 8294 129 -4932 -3987 -3449 3796
846 8292 128 -4937 -3988 -3450 3797
847 8297 126 -4936 -3987 -3446 3800
848 8296 129 -4934 -3987 -3450 3801
849 8292 127 -4935 -3989 -3449 3800
850 8296 130 -4936 -3984 -3445 3801
851 8297 129 -4935 -3986 -3447 3804
852 8297 130 -4935 -3985 -3444 3801
853 8294 128 -4935 -3986 -3448 3803
854 8296 129 -4934 -3985 -3449 3803
855 8293 128 -4934 -3985 -3447 3805
856 8298 131 -4932 -3986 -3445 3806
857 8298 131 -4935 -3985 -3445 3803
858 8294 128 -4936 -3988 -3447 3803
859 8294 131 -4934 -3985 -3446 3806
860 8299 130 -4938 -3985 -3445 3804
861 8296 127 -4933 -3983 -3444 3806
862 8297 130 -4936 -3988 -3446 3806
863 8295 131 -4937 -3983 -3446 3806
864 8296 132 -4934 -3984 -3444 3806
865 8294 131 -4937 -3987 -3443 3805
866 8298 130 -4938 -3988 -3446 3804
867 8294 130 -4938 -3985 -3445 3806
868 8289 132 -4938 -3984 -3446 3807
869 8296 130 -4934 -3982 -3446 3806
870 8293 130 -4934 -3986 -3444 3803
871 8293 129 -4937 -3983 -3445 3803
872 8294 131 -4936 -3982 -3445 3806
873 8292 133 -4935 -3982 -3443 3803
874 8294 130 -4934 -3982 -3445 3803
875 8295 130 -4935 -3983 -3442 3806
876 8291 133 -4932 -3982 -3443 3808
877 8292 132 -4932 -3980 -3439 3808
878 8292 131 -4933 -3981 -3441 3806
879 8289 132 -4933 -3979 -3441 3807
880 8285 133 -4935 -3981 -3441 3806
881 8289 130 -4933 -3982 -3441 3806
882 8288 130 -4931 -3984 -3439 3805
883 8287 132 -4935 -3982 -3439 3806
884 8287 133 -4931 -3981 -3441 3805
885 8283 129 -4935 -3982 -3440 3803
886 8283 132 -4930 -3982 -3443 3803
887 8283 132 -4932 -3984 -3442 3804
888 8281 126 -4933 -3981 -3439 3802
889 8282 131 -4930 -3978 -3438 3806
890 8283 133 -4931 -3979 -3441 3803
891 8282 130 -4934 -3982 -3442 3804
892 8280 129 -4932 -3978 -3436 3805
893 8282 132 -4932 -3979 -3441 3807
894 8282 135 -4933 -3981 -3440 3807
895 8280 135 -4933 -3981 -3434 3803
896 8279 131 -4934 -3977 -3436 3802
897 8281 135 -4931 -3976 -3438 3806
898 8281 136 -4929 -3976 -3435 3810
899 8281 138 -4928 -3974 -3432 3808
900 8279 134 -4930 -3974 -3437 3805
901 8276 134 -4931 -3977 -3438 3809
902 8277 136 -4928 -3977 -3432 3809
903 8277 137 -4929 -3976 -3434 3808
904 8279 135 -4927 -3976 -3438 3807
905 8278 133 -4930 -3975 -3433 3810
906 8275 138 -4927 -3975 -3435 3805
907 8274 137 -4926 -3975 -3433 3806
908 8272 137 -4928 -3973 -3433 3809
909 8271 139 -4929 -3973 -3437 3808
910 8275 138 -4927 -3971 -3431 3805
911 8271 137 -4926 -3973 -3433 3807
912 8268 137 -4927 -3972 -3430 3807
913 8268 134 -4928 -3971 -3432 3804
914 8270 137 -4926 -3974 -3430 3807
915 8270 136 -4926 -3969 -3428 3807
916 8265 136 -4926 -3971 -3431 3805
917 8265 135 -4925 -3972 -3427 3809
918 8270 136 -4924 -3972 -3434 3807
919 8267 140 -4926 -3968 -3428 3810
920 8266 139 -4922 -3972 -3427 3811
921 8262 140 -4925 -3970 -3432 3804
922 8263 137 -4925 -3969 -3431 3806
923 8263 135 -4924 -3967 -3429 3807
924 8263 139 -4922 -3968 -3427 3806
925 8263 137 -4922 -3967 -3427 3810
926 8261 142 -4921 -3966 -3425 3811
927 8261 144 -4922 -3966 -3425 3808
928 8259 143 -4919 -3967 -3424 3808
929 8261 140 -4919 -3967 -3425 3808
930 8259 138 -4923 -3966 -3422 3809
931 8257 137 -4920 -3963 -3427 3809
932 8259 140 -4920 -3964 -3423 3813
933 8259 141 -4921 -3964 -3424 3811
934 8259 143 -4920 -3966 -3422 3808
935 8260 146 -4920 -3964 -3425 3812
936 8259 142 -4922 -3959 -3425 3813
937 8257 142 -4922 -3963 -3422 3816
938 8261 143 -4922 -3964 -3423 3814
939 8258 146 -4921 -3964 -3426 3816
940 8258 144 -4921 -3965 -3424 3815
941 8257 143 -4923 -3964 -3427 3813
942 8258 143 -4920 -3965 -3423 3815
943 8258 145 -4924 -3965 -3423 3813
944 8258 144 -4922 -3965 -3422 3819
945 8255 145 -4919 -3966 -3423 3819
946 8255 142 -4923 -3964 -3422 3820
947 8256 145 -4921 -3962 -3424 3815
948 8255 146 -4922 -3961 -3424 3815
949 8254 146 -4921 -3961 -3424 3816
950 8252 145 -4923 -3967 -3426 3816
951 8251 139 -4921 -3963 -3422 3815
952 8253 144 -4920 -3962 -3421 3819
953 8256 146 -4921 -3964 -3420 3819
954 8254 144 -4921 -3961 -3420 3818
955 8252 144 -4919 -3963 -3420 3818
956 8250 143 -4922 -3960 -3421 3816
957 8250 142 -4924 -3964 -3425 3817
958 8246 142 -4922 -3961 -3422 3816
959 8248 143 -4923 -3959 -3421 3814
960 8247 143 -4922 -3961 -3423 3815
961 8244 146 -4922 -3960 -3419 3820
962 8249 146 -4918 -3957 -3419 3815
963 8248 145 -4916 -3959 -3417 3819
964 8248 146 -4917 -3959 -3419 3818
965 8245 145 -4920 -3958 -3417 3820
966 8247 149 -4918 -3961 -3417 3819
967 8247 146 -4920 -3956 -3417 3818
968 8245 147 -4919 -3957 -3418 3819
969 8246 147 -4917 -3959 -3416 3818
970 8243 147 -4917 -3955 -3416 3822
971 8244 151 -4915 -3955 -3414 3822
972 8243 149 -4917 -3958 -3416 3816
973 8243 145 -4920 -3959 -3416 3818
974 8239 145 -4920 -3955 -3416 3815
975 8238 146 -4915 -3957 -3418 3819
976 8242 147 -4918 -3953 -3414 3817
977 8240 149 -4918 -3956 -3414 3822
978 8237 148 -4917 -3954 -3414 3817
979 8244 148 -4914 -3951 -3414 3821
980 8240 151 -4913 -3955 -3414 3820
981 8240 149 -4913 -3956 -3415 3819
982 8238 149 -4916 -3955 -3412 3821
983 8239 148 -4915 -3954 -3413 3818
984 8237 150 -4913 -3954 -3413 3822
985 8237 148 -4915 -3953 -3411 3817
986 8234 149 -4915 -3955 -3412 3818
987 8232 149 -4916 -3951 -3408 3819
988 8234 149 -4913 -3952 -3413 3815
989 8233 148 -4914 -3950 -3409 3821
990 8232 150 -4915 -3947 -3407 3822
991 8233 152 -4912 -3949 -3409 3821
992 8236 151 -4910 -3950 -3408 3821
993 8231 150 -4911 -3949 -3410 3820
994 8231 152 -4911 -3948 -3408 3821
995 8229 150 -4909 -3950 -3411 3817
996 8227 152 -4909 -3948 -3408 3817
997 8226 151 -4912 -3949 -3410 3819
998 8225 150 -4912 -3949 -3406 3817
999 8226 151 -4911 -3947 -3407 3820
