0 1916 75 800 -589 -456 -1634
1 1921 71 800 -585 -454 -1635
2 1917 74 801 -587 -456 -1633
3 1920 73 803 -584 -451 -1635
4 1918 73 805 -586 -454 -1633
5 1918 72 803 -583 -453 -1634
6 1919 74 804 -585 -454 -1634
7 1918 75 805 -584 -451 -1632
8 1915 74 801 -586 -454 -1632
9 1916 72 801 -586 -452 -1634
10 1917 75 800 -585 -453 -1634
11 1918 72 797 -583 -454 -1632
12 1920 74 800 -584 -453 -1629
13 1920 74 801 -588 -454 -1636
14 1915 71 798 -583 -454 -1631
15 1916 73 803 -584 -454 -1629
16 1916 75 803 -580 -449 -1631
17 1921 76 805 -584 -454 -1634
18 1920 71 800 -585 -452 -1630
19 1921 77 800 -586 -457 -1631
20 1917 73 802 -584 -455 -1632
21 1917 74 800 -585 -455 -1631
22 1917 71 801 -583 -454 -1634
23 1918 74 802 -583 -452 -1632
24 1917 74 803 -584 -455 -1633
25 1916 72 800 -584 -454 -1633
26 1918 72 803 -582 -454 -1632
27 1920 75 805 -584 -454 -1630
28 1918 74 804 -583 -452 -1634
29 1918 75 804 -580 -449 -1629
30 1922 77 804 -584 -454 -1629
31 1919 77 804 -582 -450 -1631
32 1921 77 806 -581 -450 -1630
33 1922 76 803 -580 -449 -1630
34 1921 77 803 -582 -453 -1632
35 1919 72 803 -581 -450 -1630
36 1923 74 804 -585 -451 -1628
37 1921 72 802 -585 -453 -1632
38 1920 74 802 -580 -452 -1629
39 1921 74 801 -587 -455 -1632
40 1921 74 802 -588 -453 -1631
41 1918 71 803 -586 -453 -1633
42 1916 71 802 -585 -456 -1633
43 1917 73 805 -585 -457 -1631
44 1919 74 799 -583 -454 -1631
45 1918 74 802 -587 -456 -1630
46 1916 75 801 -584 -451 -1631
47 1918 75 800 -581 -455 -1635
48 1917 72 802 -582 -454 -1633
49 1918 73 803 -585 -453 -1632
50 1916 72 802 -584 -456 -1631
51 1917 70 804 -582 -456 -1633
52 1918 73 802 -586 -455 -1632
53 1913 73 801 -584 -454 -1630
54 1918 73 802 -588 -456 -1633
55 1913 70 802 -586 -455 -1635
56 1914 69 798 -587 -457 -1638
57 1915 70 799 -585 -456 -1635
58 1918 71 801 -584 -453 -1632
59 1917 70 802 -589 -456 -1635
60 1916 73 802 -585 -456 -1631
61 1917 69 802 -583 -454 -1634
62 1919 72 800 -584 -454 -1634
63 1919 75 803 -583 -453 -1630
64 1922 73 803 -581 -453 -1630
65 1917 72 800 -586 -457 -1632
66 1921 74 802 -584 -454 -1634
67 1916 71 803 -585 -456 -1636
68 1917 72 804 -583 -454 -1633
69 1914 72 802 -586 -453 -1635
70 1918 70 804 -584 -457 -1634
71 1917 75 803 -580 -454 -1632
72 1918 69 801 -584 -456 -1631
73 1917 73 802 -582 -455 -1632
74 1919 73 802 -582 -451 -1631
75 1920 75 802 -584 -455 -1633
76 1918 71 804 -583 -451 -1629
77 1918 73 800 -582 -455 -1632
78 1920 75 803 -583 -454 -1628
79 1920 72 805 -586 -456 -1635
80 1919 69 802 -587 -454 -1632
81 1916 73 801 -584 -451 -1630
82 1921 71 805 -583 -453 -1629
83 1921 73 803 -585 -452 -1628
84 1918 70 800 -586 -458 -1633
85 1920 74 802 -589 -456 -1634
86 1914 69 799 -590 -458 -1634
87 1918 70 799 -585 -457 -1636
88 1917 68 800 -589 -457 -1637
89 1915 71 799 -587 -459 -1637
90 1916 72 802 -582 -456 -1633
91 1916 68 801 -585 -455 -1638
92 1919 69 799 -582 -454 -1634
93 1915 74 804 -582 -451 -1632
94 1920 74 805 -583 -455 -1632
95 1921 75 801 -584 -454 -1634
96 1919 73 804 -584 -455 -1635
97 1918 74 801 -585 -453 -1631
98 1916 74 799 -584 -453 -1630
99 1916 74 799 -587 -459 -1634
100 1919 73 803 -587 -456 -1637
101 1921 72 800 -586 -453 -1629
102 1918 76 801 -584 -453 -1634
103 1920 72 802 -586 -451 -1632
104 1920 73 801 -585 -453 -1629
105 1919 73 801 -585 -454 -1633
106 1919 72 800 -582 -453 -1632
107 1921 72 798 -585 -455 -1636
108 1918 74 802 -587 -455 -1632
109 1914 71 802 -588 -457 -1638
110 1915 69 798 -584 -456 -1635
111 1917 75 800 -587 -456 -1635
112 1916 70 798 -586 -455 -1633
113 1917 72 802 -585 -456 -1633
114 1916 69 798 -584 -455 -1634
115 1917 71 802 -583 -454 -1634
116 1916 75 801 -583 -451 -1631
117 1918 75 804 -586 -454 -1629
118 1919 72 797 -584 -453 -1632
119 1920 75 803 -585 -453 -1631
120 1919 72 805 -583 -453 -1633
121 1915 74 799 -588 -453 -1635
122 1917 72 800 -583 -453 -1634
123 1921 75 805 -584 -454 -1631
124 1921 74 803 -584 -454 -1629
125 1914 72 801 -589 -454 -1633
126 1917 69 800 -589 -455 -1633
127 1917 70 799 -586 -456 -1636
128 1916 68 797 -586 -452 -1633
129 1915 71 801 -587 -455 -1635
130 1916 69 800 -589 -458 -1634
131 1913 69 797 -587 -456 -1638
132 1914 68 794 -584 -458 -1636
133 1918 71 801 -586 -459 -1636
134 1918 71 798 -585 -455 -1633
135 1917 71 800 -582 -455 -1634
136 1917 72 801 -585 -455 -1638
137 1914 71 800 -585 -453 -1634
138 1918 72 801 -584 -454 -1633
139 1915 70 803 -584 -453 -1636
140 1920 78 805 -585 -453 -1630
141 1920 74 804 -584 -454 -1632
142 1918 71 798 -585 -451 -1629
143 1918 71 803 -584 -455 -1629
144 1917 74 800 -582 -451 -1633
145 1918 71 800 -586 -454 -1631
146 1920 73 801 -584 -453 -1632
147 1917 69 803 -585 -454 -1632
148 1919 74 801 -583 -453 -1633
149 1920 76 802 -583 -450 -1631
150 1918 74 801 -586 -455 -1631
151 1921 73 801 -584 -453 -1633
152 1918 72 800 -585 -454 -1630
153 1920 75 804 -588 -452 -1633
154 1919 72 798 -585 -453 -1635
155 1917 71 803 -583 -451 -1631
156 1920 73 801 -585 -452 -1633
157 1917 72 803 -583 -450 -1631
158 1917 74 803 -586 -456 -1634
159 1915 70 803 -585 -454 -1633
160 1920 70 803 -584 -454 -1632
161 1919 74 802 -583 -452 -1634
162 1919 73 801 -582 -454 -1632
163 1919 72 804 -584 -453 -1635
164 1919 70 802 -586 -453 -1632
165 1919 74 801 -582 -451 -1628
166 1919 72 802 -584 -455 -1632
167 1919 72 804 -582 -454 -1630
168 1922 75 803 -582 -450 -1630
169 1916 74 805 -584 -454 -1633
170 1921 71 806 -586 -453 -1629
171 1921 74 803 -584 -455 -1634
172 1915 72 802 -585 -457 -1632
173 1918 72 796 -586 -454 -1634
174 1918 73 802 -584 -452 -1635
175 1917 76 801 -585 -453 -1634
176 1918 72 803 -584 -454 -1634
177 1917 74 801 -587 -453 -1632
178 1916 72 802 -584 -454 -1634
179 1912 72 801 -585 -454 -1631
180 1918 72 801 -584 -452 -1632
181 1921 79 805 -584 -454 -1632
182 1918 74 800 -585 -457 -1635
183 1918 71 800 -584 -453 -1630
184 1921 74 801 -585 -453 -1629
185 1919 72 804 -587 -454 -1631
186 1918 71 803 -587 -452 -1633
187 1919 73 804 -583 -454 -1631
188 1917 72 799 -585 -453 -1629
189 1919 76 805 -586 -450 -1634
190 1922 74 803 -583 -453 -1630
191 1920 75 804 -586 -451 -1631
192 1920 73 802 -584 -456 -1632
193 1917 76 801 -585 -454 -1631
194 1918 75 802 -586 -449 -1629
195 1919 74 802 -585 -453 -1633
196 1917 74 802 -585 -454 -1635
197 1917 69 799 -583 -453 -1634
198 1920 75 804 -583 -458 -1634
199 1916 74 802 -583 -456 -1634
200 1916 71 800 -583 -452 -1634
201 1919 73 804 -584 -454 -1632
202 1920 76 803 -581 -454 -1630
203 1919 76 802 -581 -450 -1629
204 1919 74 805 -583 -454 -1633
205 1918 71 799 -586 -456 -1633
206 1917 71 799 -585 -456 -1636
207 1915 69 798 -585 -456 -1636
208 1917 70 800 -585 -456 -1632
209 1918 73 803 -583 -454 -1626
210 1919 70 802 -583 -452 -1631
211 1920 75 806 -582 -449 -1629
212 1920 73 803 -586 -450 -1629
213 1920 72 802 -584 -451 -1630
214 1921 73 802 -586 -454 -1634
215 1920 73 801 -586 -452 -1633
216 1917 75 804 -586 -455 -1633
217 1916 69 800 -584 -454 -1635
218 1919 76 803 -584 -454 -1634
219 1917 71 802 -586 -453 -1635
220 1916 74 800 -585 -454 -1632
221 1915 72 802 -586 -453 -1634
222 1917 78 803 -584 -455 -1634
223 1915 72 799 -586 -457 -1630
224 1917 72 801 -582 -452 -1632
225 1919 75 802 -583 -452 -1632
226 1919 72 803 -584 -453 -1633
227 1915 72 803 -584 -451 -1629
228 1919 75 800 -582 -454 -1632
229 1919 73 802 -585 -451 -1632
230 1919 76 804 -583 -450 -1628
231 1917 75 804 -583 -454 -1632
232 1916 71 800 -584 -454 -1632
233 1920 74 802 -583 -452 -1631
234 1920 75 803 -583 -457 -1633
235 1917 73 802 -586 -450 -1629
236 1917 71 802 -587 -454 -1627
237 1922 72 805 -581 -452 -1633
238 1916 72 800 -589 -456 -1635
239 1915 68 797 -589 -457 -1634
240 1918 70 797 -589 -458 -1634
241 1915 72 800 -586 -457 -1637
242 1916 70 798 -585 -459 -1636
243 1915 68 799 -586 -453 -1635
244 1916 71 799 -578 -452 -1632
245 1919 75 805 -581 -452 -1633
246 1920 76 805 -583 -453 -1629
247 1919 73 800 -583 -454 -1631
248 1918 75 805 -584 -452 -1630
249 1918 74 804 -587 -451 -1632
250 1918 75 805 -583 -454 -1631
251 1919 73 805 -582 -450 -1630
252 1915 71 803 -590 -456 -1634
253 1918 72 801 -584 -452 -1633
254 1919 70 801 -585 -455 -1632
255 1918 71 800 -587 -453 -1631
256 1916 70 803 -586 -454 -1633
257 1917 70 802 -586 -456 -1634
258 1916 68 799 -587 -455 -1632
259 1920 74 803 -589 -456 -1632
260 1914 71 802 -587 -458 -1635
261 1914 71 800 -588 -454 -1634
262 1915 75 802 -585 -453 -1633
263 1921 72 802 -585 -456 -1632
264 1917 72 802 -585 -455 -1636
265 1917 72 798 -582 -455 -1632
266 1915 74 803 -585 -453 -1631
267 1914 71 803 -585 -454 -1631
268 1918 73 803 -582 -452 -1633
269 1917 71 805 -585 -456 -1632
270 1917 72 802 -586 -451 -1632
271 1921 73 805 -583 -452 -1629
272 1917 73 801 -585 -456 -1634
273 1917 73 801 -585 -456 -1631
274 1919 73 801 -584 -455 -1633
275 1916 71 801 -586 -454 -1632
276 1918 71 797 -587 -456 -1633
277 1916 73 800 -585 -454 -1635
278 1920 74 802 -585 -455 -1634
279 1920 70 802 -585 -455 -1633
280 1919 69 800 -585 -455 -1635
281 1916 71 800 -583 -456 -1634
282 1917 72 801 -587 -454 -1636
283 1917 71 796 -587 -454 -1634
284 1916 75 801 -584 -456 -1634
285 1916 72 803 -585 -456 -1636
286 1916 70 800 -582 -454 -1634
287 1914 74 802 -583 -454 -1634
288 1916 70 800 -583 -455 -1630
289 1920 69 799 -585 -453 -1633
290 1917 72 804 -585 -454 -1631
291 1919 74 802 -586 -453 -1635
292 1914 69 799 -584 -455 -1632
293 1918 74 802 -585 -455 -1632
294 1917 70 805 -583 -455 -1633
295 1917 74 802 -583 -452 -1631
296 1917 74 802 -583 -454 -1633
297 1917 74 804 -584 -454 -1631
298 1915 72 801 -585 -452 -1633
299 1918 72 804 -584 -456 -1633
300 1918 71 802 -585 -453 -1631
301 1918 71 803 -584 -455 -1629
302 1918 74 799 -584 -453 -1630
303 1918 73 803 -589 -455 -1632
304 1919 70 800 -586 -454 -1633
305 1920 70 801 -581 -453 -1633
306 1917 73 803 -584 -454 -1633
307 1919 72 800 -582 -454 -1633
308 1916 75 802 -585 -456 -1633
309 1917 72 800 -585 -455 -1634
310 1918 71 801 -583 -455 -1633
311 1918 75 806 -584 -455 -1635
312 1913 69 804 -584 -455 -1630
313 1917 74 801 -584 -456 -1634
314 1921 72 800 -584 -453 -1630
315 1918 74 805 -583 -451 -1633
316 1920 75 802 -584 -456 -1631
317 1916 73 801 -583 -451 -1632
318 1919 74 801 -584 -453 -1629
319 1921 76 803 -583 -451 -1631
320 1917 77 804 -583 -451 -1630
321 1920 74 804 -582 -452 -1630
322 1921 71 803 -588 -451 -1631
323 1919 77 796 -585 -453 -1633
324 1919 70 803 -586 -450 -1630
325 1919 74 802 -584 -454 -1630
326 1920 73 803 -583 -452 -1631
327 1920 71 802 -584 -453 -1634
328 1917 72 803 -588 -454 -1633
329 1915 73 800 -584 -454 -1636
330 1915 75 801 -579 -454 -1632
331 1917 74 801 -584 -453 -1633
332 1918 72 803 -584 -453 -1633
333 1918 71 803 -584 -451 -1628
334 1920 71 802 -584 -453 -1632
335 1918 71 803 -585 -452 -1633
336 1920 75 801 -580 -453 -1632
337 1920 71 804 -583 -453 -1630
338 1916 75 799 -583 -454 -1630
339 1917 72 805 -586 -454 -1632
340 1918 72 801 -584 -453 -1629
341 1919 71 802 -582 -451 -1632
342 1920 75 799 -584 -453 -1629
343 1921 74 804 -585 -451 -1632
344 1920 75 806 -586 -451 -1630
345 1919 74 806 -585 -451 -1631
346 1920 72 801 -582 -451 -1632
347 1920 77 804 -587 -453 -1632
348 1916 69 799 -585 -454 -1632
349 1917 75 802 -586 -452 -1635
350 1915 70 799 -587 -457 -1636
351 1913 71 795 -585 -458 -1636
352 1918 71 799 -585 -456 -1634
353 1916 74 802 -584 -453 -1630
354 1916 71 800 -580 -448 -1632
355 1919 75 805 -584 -457 -1633
356 1917 77 801 -587 -454 -1631
357 1916 70 800 -584 -451 -1633
358 1919 73 800 -584 -454 -1629
359 1918 74 802 -583 -454 -1633
360 1918 72 800 -583 -453 -1634
361 1918 72 803 -585 -452 -1631
362 1922 73 802 -587 -457 -1634
363 1919 73 800 -586 -454 -1634
364 1918 73 803 -587 -455 -1631
365 1918 72 804 -584 -452 -1631
366 1918 71 801 -585 -455 -1632
367 1918 72 799 -585 -455 -1634
368 1916 69 801 -585 -454 -1632
369 1918 70 800 -589 -457 -1636
370 1914 71 801 -585 -453 -1634
371 1921 75 804 -584 -453 -1632
372 1917 75 802 -580 -454 -1633
373 1917 72 801 -588 -456 -1634
374 1915 72 799 -585 -451 -1632
375 1917 70 801 -584 -454 -1632
376 1918 72 803 -585 -454 -1634
377 1917 73 802 -584 -450 -1632
378 1918 75 802 -581 -451 -1632
379 1919 71 803 -584 -454 -1631
380 1917 73 801 -582 -453 -1632
381 1919 75 804 -583 -452 -1631
382 1919 71 802 -581 -451 -1631
383 1919 72 804 -583 -453 -1631
384 1920 76 803 -585 -453 -1632
385 1920 75 802 -585 -454 -1632
386 1918 72 800 -583 -452 -1633
387 1920 72 803 -584 -454 -1630
388 1919 74 801 -583 -453 -1634
389 1918 73 803 -584 -453 -1629
390 1917 71 803 -588 -456 -1632
391 1915 71 799 -588 -453 -1634
392 1918 71 801 -586 -453 -1632
393 1917 70 803 -586 -456 -1631
394 1914 73 800 -585 -455 -1634
395 1917 72 800 -580 -453 -1632
396 1915 70 799 -582 -454 -1637
397 1918 74 802 -583 -455 -1634
398 1917 70 801 -586 -453 -1632
399 1918 75 804 -584 -456 -1635
400 1919 74 802 -585 -449 -1632
401 1920 74 800 -583 -454 -1629
402 1918 71 799 -585 -457 -1632
403 1917 71 801 -585 -452 -1634
404 1921 72 801 -584 -451 -1632
405 1916 72 804 -584 -452 -1633
406 1921 74 802 -586 -453 -1632
407 1919 70 802 -586 -453 -1630
408 1916 72 801 -587 -455 -1633
409 1917 70 800 -586 -454 -1633
410 1916 70 801 -585 -453 -1633
411 1920 70 801 -586 -456 -1632
412 1914 70 802 -586 -457 -1632
413 1919 72 801 -586 -454 -1633
414 1914 73 799 -584 -456 -1635
415 1916 71 802 -588 -455 -1638
416 1918 70 802 -586 -453 -1633
417 1918 74 803 -580 -451 -1630
418 1919 74 803 -584 -454 -1633
419 1918 75 801 -582 -453 -1633
420 1922 75 803 -584 -452 -1630
421 1922 72 803 -586 -452 -1630
422 1917 73 803 -587 -456 -1633
423 1921 72 801 -585 -453 -1633
424 1920 76 802 -583 -453 -1630
425 1920 71 801 -584 -453 -1630
426 1922 73 804 -584 -452 -1633
427 1919 73 801 -584 -451 -1630
428 1916 74 801 -586 -455 -1633
429 1918 72 798 -582 -451 -1634
430 1917 71 802 -586 -452 -1632
431 1918 72 804 -585 -456 -1632
432 1918 70 798 -586 -455 -1631
433 1917 73 799 -585 -453 -1634
434 1920 73 801 -587 -457 -1634
435 1912 68 801 -585 -455 -1631
436 1917 70 798 -583 -456 -1632
437 1918 72 802 -582 -454 -1632
438 1918 73 804 -584 -451 -1630
439 1923 72 805 -586 -454 -1633
440 1916 73 799 -582 -452 -1632
441 1919 72 802 -584 -454 -1633
442 1918 74 803 -583 -451 -1630
443 1919 74 801 -584 -457 -1633
444 1919 74 803 -585 -454 -1634
445 1919 71 798 -586 -454 -1633
446 1918 71 800 -584 -454 -1632
447 1917 71 805 -583 -455 -1630
448 1919 74 803 -583 -450 -1631
449 1916 75 802 -583 -456 -1631
450 1919 76 802 -586 -453 -1633
451 1918 73 801 -584 -454 -1630
452 1916 74 802 -587 -453 -1631
453 1919 69 803 -587 -454 -1635
454 1918 75 803 -587 -456 -1634
455 1919 74 803 -584 -453 -1632
456 1917 70 799 -585 -455 -1634
457 1915 74 801 -585 -457 -1638
458 1913 68 799 -587 -457 -1637
459 1917 69 799 -581 -457 -1634
460 1916 71 801 -583 -455 -1635
461 1915 71 799 -583 -456 -1634
462 1915 68 800 -584 -454 -1633
463 1914 70 801 -586 -454 -1632
464 1917 73 801 -585 -454 -1635
465 1919 73 797 -587 -454 -1631
466 1918 71 804 -583 -450 -1633
467 1921 75 806 -588 -456 -1633
468 1917 71 798 -587 -455 -1634
469 1916 70 801 -587 -458 -1634
470 1915 70 800 -583 -453 -1632
471 1921 73 805 -583 -455 -1635
472 1917 75 805 -588 -454 -1633
473 1917 70 801 -587 -457 -1636
474 1917 71 799 -587 -457 -1633
475 1916 67 796 -589 -451 -1636
476 1917 72 800 -586 -451 -1634
477 1918 74 802 -588 -455 -1635
478 1918 67 801 -586 -454 -1631
479 1919 74 800 -587 -455 -1633
480 1914 69 799 -586 -458 -1636
481 1917 74 799 -589 -457 -1636
482 1918 73 797 -586 -455 -1637
483 1914 73 800 -587 -457 -1637
484 1916 71 802 -583 -453 -1634
485 1918 72 799 -587 -453 -1634
486 1917 71 799 -587 -457 -1635
487 1916 70 801 -588 -456 -1632
488 1915 67 799 -585 -453 -1630
489 1921 71 802 -585 -453 -1634
490 1917 72 800 -588 -457 -1633
491 1917 67 800 -586 -453 -1634
492 1916 71 802 -582 -453 -1632
493 1917 72 802 -587 -456 -1631
494 1916 70 799 -585 -456 -1633
495 1916 71 799 -585 -453 -1632
496 1917 72 801 -583 -451 -1633
497 1918 70 798 -586 -454 -1633
498 1918 71 801 -582 -455 -1633
499 1916 73 801 -586 -456 -1632
500 1918 71 801 -587 -455 -1637
501 1916 70 804 -586 -455 -1635
502 1918 72 802 -585 -453 -1634
503 1919 73 799 -584 -455 -1633
504 1918 72 801 -580 -455 -1632
505 1920 74 799 -582 -455 -1634
506 1918 73 802 -588 -456 -1636
507 1917 71 805 -587 -452 -1633
508 1916 73 801 -584 -450 -1633
509 1917 74 801 -583 -454 -1632
510 1917 73 803 -587 -455 -1630
511 1916 74 806 -586 -455 -1631
512 1916 70 801 -586 -455 -1634
513 1921 72 799 -584 -454 -1633
514 1918 73 801 -585 -453 -1632
515 1919 72 801 -582 -455 -1633
516 1917 72 803 -585 -453 -1631
517 1918 74 802 -588 -450 -1631
518 1917 69 804 -584 -457 -1633
519 1919 70 799 -587 -449 -1630
520 1916 71 803 -585 -454 -1634
521 1916 73 802 -583 -455 -1635
522 1915 72 799 -586 -456 -1632
523 1913 67 799 -589 -455 -1632
524 1919 71 803 -582 -453 -1631
525 1921 73 802 -581 -451 -1635
526 1916 75 801 -581 -453 -1629
527 1917 74 803 -583 -451 -1630
528 1920 76 800 -585 -455 -1633
529 1916 74 800 -582 -451 -1630
530 1918 74 802 -583 -456 -1632
531 1916 74 802 -586 -453 -1635
532 1921 74 804 -584 -451 -1629
533 1923 79 805 -582 -453 -1629
534 1921 74 804 -584 -454 -1632
535 1919 73 802 -584 -453 -1630
536 1921 73 805 -583 -453 -1630
537 1921 76 803 -586 -451 -1631
538 1920 76 802 -583 -453 -1632
539 1917 75 802 -585 -455 -1631
540 1919 70 801 -583 -453 -1631
541 1917 71 802 -585 -453 -1633
542 1922 72 802 -586 -456 -1633
543 1917 72 803 -581 -451 -1633
544 1918 72 801 -584 -454 -1634
545 1918 71 801 -585 -457 -1636
546 1915 71 802 -584 -455 -1635
547 1918 72 802 -585 -454 -1634
548 1917 73 802 -584 -454 -1632
549 1918 73 801 -583 -452 -1630
550 1922 72 801 -583 -453 -1631
551 1917 73 800 -587 -452 -1634
552 1917 75 802 -583 -452 -1633
553 1919 75 803 -582 -452 -1633
554 1917 70 800 -585 -455 -1628
555 1917 69 802 -583 -457 -1635
556 1918 72 801 -586 -453 -1632
557 1914 71 802 -582 -449 -1630
558 1923 73 803 -581 -452 -1632
559 1921 75 805 -582 -452 -1628
560 1919 72 802 -583 -451 -1630
561 1920 76 801 -585 -452 -1633
562 1918 72 802 -587 -459 -1633
563 1918 74 799 -581 -454 -1634
564 1916 73 802 -584 -453 -1632
565 1917 74 803 -585 -453 -1634
566 1915 73 806 -582 -454 -1631
567 1918 75 805 -582 -453 -1631
568 1915 74 803 -582 -451 -1634
569 1917 75 804 -583 -452 -1635
570 1919 72 802 -584 -455 -1633
571 1915 70 804 -583 -455 -1631
572 1918 73 803 -586 -453 -1631
573 1921 74 805 -585 -454 -1632
574 1919 70 802 -584 -454 -1629
575 1916 71 798 -582 -453 -1630
576 1920 73 804 -585 -453 -1631
577 1919 74 807 -583 -451 -1629
578 1919 74 806 -584 -451 -1629
579 1919 73 801 -584 -455 -1632
580 1918 75 801 -586 -456 -1631
581 1918 72 801 -584 -451 -1629
582 1917 73 802 -586 -454 -1632
583 1915 73 801 -585 -453 -1635
584 1917 71 799 -587 -454 -1633
585 1916 72 800 -585 -456 -1633
586 1917 72 800 -588 -456 -1636
587 1913 69 798 -587 -455 -1637
588 1917 73 798 -584 -454 -1636
589 1916 70 800 -588 -455 -1634
590 1914 72 801 -584 -454 -1635
591 1917 73 802 -582 -453 -1637
592 1918 73 802 -586 -453 -1632
593 1915 71 801 -584 -451 -1637
594 1915 72 803 -587 -453 -1633
595 1917 70 803 -585 -451 -1632
596 1915 75 801 -586 -453 -1631
597 1915 71 802 -584 -453 -1633
598 1921 72 802 -585 -452 -1631
599 1916 73 800 -586 -454 -1630
600 1920 74 803 -584 -457 -1632
601 1920 73 802 -585 -454 -1632
602 1919 73 802 -586 -451 -1633
603 1919 74 801 -584 -454 -1633
604 1918 69 801 -585 -453 -1633
605 1915 72 798 -586 -454 -1635
606 1917 72 801 -587 -452 -1634
607 1917 72 799 -585 -453 -1633
608 1920 72 802 -586 -455 -1635
609 1918 71 800 -587 -455 -1633
610 1919 71 803 -584 -455 -1632
611 1918 68 800 -583 -454 -1635
612 1917 74 804 -588 -454 -1635
613 1916 70 800 -584 -453 -1636
614 1915 73 798 -583 -454 -1637
615 1918 70 801 -583 -454 -1634
616 1918 72 802 -584 -452 -1631
617 1918 74 803 -583 -452 -1634
618 1920 74 805 -586 -452 -1632
619 1916 72 800 -585 -453 -1631
620 1917 75 801 -586 -456 -1635
621 1918 71 803 -585 -455 -1633
622 1915 71 798 -585 -454 -1633
623 1918 72 801 -586 -454 -1634
624 1916 72 800 -588 -454 -1633
625 1918 67 803 -585 -456 -1636
626 1919 73 800 -585 -456 -1634
627 1915 70 803 -588 -456 -1635
628 1915 69 799 -584 -456 -1635
629 1917 69 799 -588 -455 -1635
630 1915 69 800 -587 -455 -1635
631 1914 73 798 -585 -455 -1636
632 1915 69 801 -586 -456 -1635
633 1916 72 801 -587 -456 -1637
634 1915 72 798 -587 -455 -1636
635 1917 72 800 -583 -454 -1633
636 1920 76 804 -580 -451 -1632
637 1918 77 804 -583 -451 -1632
638 1919 73 801 -583 -450 -1633
639 1917 72 799 -581 -456 -1631
640 1917 75 805 -587 -455 -1631
641 1921 71 801 -582 -456 -1632
642 1919 73 803 -585 -456 -1637
643 1920 72 802 -582 -456 -1632
644 1919 73 801 -584 -454 -1633
645 1918 73 800 -588 -458 -1635
646 1915 70 798 -586 -455 -1631
647 1918 71 804 -584 -449 -1632
648 1920 72 800 -585 -457 -1632
649 1919 71 799 -584 -454 -1631
650 1919 74 802 -586 -454 -1631
651 1915 74 802 -585 -454 -1630
652 1916 71 803 -589 -455 -1637
653 1915 71 799 -585 -456 -1635
654 1919 71 799 -586 -455 -1632
655 1916 71 800 -583 -459 -1633
656 1916 71 801 -583 -453 -1635
657 1916 74 802 -581 -453 -1633
658 1916 72 801 -581 -453 -1634
659 1917 73 804 -580 -450 -1630
660 1920 76 803 -587 -456 -1631
661 1918 73 804 -584 -452 -1632
662 1918 74 805 -584 -452 -1632
663 1915 72 801 -583 -455 -1633
664 1920 74 801 -582 -451 -1631
665 1921 75 805 -584 -451 -1633
666 1919 73 805 -582 -452 -1629
667 1918 77 801 -584 -455 -1632
668 1920 72 803 -586 -454 -1634
669 1917 72 802 -588 -455 -1634
670 1917 70 800 -583 -457 -1635
671 1919 72 799 -586 -454 -1632
672 1917 74 804 -589 -456 -1636
673 1914 70 800 -585 -454 -1634
674 1916 72 800 -589 -457 -1634
675 1912 68 798 -589 -457 -1637
676 1913 69 796 -588 -457 -1637
677 1912 69 800 -584 -456 -1635
678 1919 76 806 -583 -450 -1634
679 1921 73 802 -583 -451 -1630
680 1922 73 804 -583 -450 -1633
681 1919 74 802 -586 -453 -1633
682 1920 73 801 -586 -454 -1632
683 1918 73 804 -584 -455 -1632
684 1919 71 800 -585 -454 -1632
685 1918 70 799 -589 -455 -1632
686 1918 70 801 -587 -454 -1632
687 1919 72 800 -587 -455 -1634
688 1916 70 800 -584 -454 -1633
689 1915 69 800 -585 -455 -1633
690 1921 73 802 -587 -455 -1632
691 1919 75 797 -585 -452 -1631
692 1918 73 802 -583 -452 -1631
693 1917 73 802 -585 -453 -1631
694 1920 73 802 -584 -454 -1633
695 1921 77 805 -582 -454 -1630
696 1918 73 805 -583 -457 -1634
697 1918 72 802 -584 -454 -1633
698 1917 72 799 -586 -452 -1635
699 1917 71 800 -584 -452 -1636
700 1915 72 803 -585 -454 -1630
701 1923 77 804 -581 -451 -1630
702 1924 75 805 -583 -451 -1629
703 1916 77 805 -585 -455 -1635
704 1916 69 795 -584 -455 -1632
705 1917 70 799 -587 -455 -1636
706 1915 71 800 -590 -456 -1634
707 1918 67 798 -587 -455 -1630
708 1917 65 798 -587 -456 -1633
709 1915 68 799 -585 -454 -1629
710 1916 70 801 -584 -457 -1632
711 1917 72 802 -587 -454 -1629
712 1918 71 799 -587 -454 -1633
713 1917 71 802 -588 -460 -1634
714 1916 69 797 -589 -455 -1639
715 1918 72 799 -583 -455 -1632
716 1917 69 798 -590 -459 -1636
717 1912 70 800 -588 -453 -1638
718 1915 70 801 -587 -458 -1636
719 1913 70 802 -587 -459 -1634
720 1916 72 801 -584 -457 -1635
721 1920 75 800 -585 -453 -1633
722 1916 72 802 -583 -456 -1632
723 1917 72 800 -586 -454 -1632
724 1915 73 802 -586 -453 -1632
725 1917 72 803 -582 -453 -1632
726 1919 73 804 -588 -455 -1636
727 1922 73 801 -584 -456 -1634
728 1920 72 802 -586 -455 -1632
729 1918 71 801 -581 -454 -1632
730 1920 73 801 -582 -452 -1630
731 1921 72 803 -585 -452 -1631
732 1918 75 802 -584 -456 -1633
733 1918 74 802 -585 -453 -1631
734 1921 75 802 -581 -452 -1631
735 1916 74 800 -587 -454 -1632
736 1917 73 800 -589 -454 -1632
737 1918 71 800 -585 -455 -1635
738 1920 70 800 -587 -456 -1634
739 1917 74 798 -586 -454 -1633
740 1915 72 804 -586 -453 -1634
741 1915 75 802 -583 -455 -1632
742 1916 74 800 -585 -452 -1634
743 1915 72 799 -585 -456 -1637
744 1914 74 802 -583 -458 -1636
745 1916 69 800 -585 -455 -1634
746 1916 69 796 -586 -455 -1633
747 1918 71 800 -587 -457 -1634
748 1915 68 801 -585 -454 -1633
749 1914 70 801 -583 -454 -1633
750 1916 73 801 -585 -454 -1631
751 1915 75 804 -582 -452 -1630
752 1920 72 805 -586 -454 -1633
753 1918 72 800 -586 -456 -1633
754 1917 72 803 -585 -454 -1632
755 1919 70 800 -584 -455 -1633
756 1918 71 802 -588 -450 -1631
757 1920 72 800 -586 -454 -1632
758 1917 73 799 -586 -454 -1632
759 1915 72 801 -587 -456 -1633
760 1916 71 800 -585 -454 -1634
761 1917 73 801 -582 -455 -1637
762 1918 70 799 -586 -454 -1636
763 1913 69 802 -585 -455 -1631
764 1917 72 801 -584 -456 -1636
765 1916 70 800 -587 -457 -1636
766 1913 72 802 -584 -453 -1633
767 1919 75 799 -583 -452 -1631
768 1922 75 802 -582 -454 -1626
769 1918 73 802 -583 -451 -1627
770 1919 72 802 -583 -450 -1631
771 1923 76 803 -586 -454 -1629
772 1915 74 801 -585 -456 -1632
773 1917 72 800 -583 -451 -1632
774 1917 74 803 -586 -454 -1630
775 1922 73 804 -584 -454 -1630
776 1919 75 802 -586 -454 -1631
777 1917 72 801 -587 -454 -1636
778 1916 71 803 -588 -454 -1632
779 1917 69 798 -585 -456 -1634
780 1920 72 801 -586 -457 -1631
781 1921 71 802 -586 -453 -1633
782 1915 70 804 -585 -457 -1631
783 1915 74 800 -580 -454 -1631
784 1921 75 801 -585 -453 -1633
785 1915 69 802 -585 -454 -1635
786 1915 73 802 -583 -455 -1634
787 1917 72 801 -586 -452 -1635
788 1915 70 798 -586 -454 -1631
789 1920 73 800 -586 -453 -1634
790 1918 73 803 -587 -457 -1635
791 1916 69 799 -585 -454 -1634
792 1916 70 802 -585 -450 -1632
793 1915 69 801 -586 -454 -1632
794 1916 72 802 -587 -454 -1632
795 1917 69 803 -586 -455 -1634
796 1916 69 798 -586 -456 -1634
797 1917 70 799 -585 -453 -1633
798 1916 71 803 -586 -455 -1632
799 1917 72 803 -584 -455 -1631
800 1918 75 805 -582 -459 -1629
801 1918 77 803 -583 -454 -1633
802 1916 73 801 -583 -454 -1633
803 1917 72 800 -584 -456 -1632
804 1918 72 800 -585 -455 -1633
805 1919 71 799 -585 -454 -1633
806 1918 71 802 -584 -456 -1635
807 1915 72 804 -588 -457 -1636
808 1918 71 800 -586 -455 -1634
809 1920 71 801 -584 -454 -1633
810 1919 74 802 -586 -453 -1633
811 1917 73 805 -585 -453 -1631
812 1917 70 801 -583 -454 -1633
813 1917 72 800 -585 -454 -1632
814 1919 73 802 -585 -454 -1633
815 1918 71 802 -583 -454 -1635
816 1917 72 803 -585 -452 -1632
817 1916 74 803 -586 -454 -1632
818 1918 71 802 -582 -455 -1632
819 1919 72 802 -584 -454 -1630
820 1918 71 800 -584 -453 -1630
821 1919 74 805 -584 -455 -1633
822 1920 72 802 -585 -455 -1633
823 1920 74 801 -585 -455 -1635
824 1918 70 801 -588 -460 -1634
825 1915 70 797 -587 -458 -1635
826 1914 70 799 -589 -454 -1638
827 1914 72 796 -584 -456 -1634
828 1915 73 797 -587 -456 -1636
829 1916 73 798 -585 -453 -1629
830 1917 71 802 -583 -456 -1636
831 1914 74 803 -586 -457 -1634
832 1920 73 801 -584 -451 -1632
833 1918 74 802 -583 -455 -1632
834 1918 73 797 -584 -454 -1629
835 1917 71 800 -586 -453 -1631
836 1919 74 802 -585 -451 -1633
837 1919 72 801 -587 -455 -1632
838 1916 69 799 -582 -456 -1634
839 1917 73 804 -587 -457 -1634
840 1919 71 799 -586 -456 -1637
841 1915 71 797 -585 -455 -1632
842 1918 71 800 -586 -453 -1632
843 1921 77 799 -584 -454 -1631
844 1918 70 798 -584 -452 -1633
845 1916 73 800 -584 -455 -1637
846 1916 71 801 -589 -458 -1636
847 1917 70 797 -586 -453 -1635
848 1913 71 799 -587 -457 -1633
849 1916 73 800 -584 -456 -1632
850 1919 75 804 -584 -453 -1633
851 1916 71 802 -584 -454 -1633
852 1918 73 799 -589 -455 -1635
853 1915 70 800 -584 -455 -1633
854 1918 72 801 -585 -457 -1635
855 1917 74 799 -585 -453 -1634
856 1919 73 800 -587 -456 -1631
857 1917 73 803 -586 -454 -1633
858 1917 75 800 -586 -454 -1631
859 1920 71 800 -584 -455 -1633
860 1917 75 803 -583 -454 -1630
861 1917 71 798 -584 -452 -1630
862 1918 75 803 -586 -453 -1634
863 1919 72 802 -586 -453 -1633
864 1918 72 802 -588 -457 -1634
865 1915 71 800 -591 -457 -1635
866 1915 67 797 -588 -458 -1635
867 1918 69 798 -589 -458 -1635
868 1914 67 796 -586 -459 -1638
869 1915 69 798 -588 -460 -1640
870 1912 68 796 -589 -457 -1639
871 1912 68 798 -588 -458 -1636
872 1911 69 799 -585 -458 -1638
873 1917 69 802 -586 -456 -1634
874 1916 73 799 -584 -457 -1638
875 1917 69 800 -584 -454 -1635
876 1917 71 802 -586 -455 -1633
877 1913 72 804 -586 -454 -1634
878 1916 71 800 -588 -455 -1635
879 1918 70 799 -587 -459 -1635
880 1916 68 797 -591 -457 -1635
881 1912 65 797 -586 -454 -1637
882 1915 70 800 -585 -455 -1634
883 1918 70 801 -587 -453 -1633
884 1919 69 799 -588 -457 -1635
885 1915 69 797 -588 -454 -1630
886 1919 72 801 -585 -456 -1632
887 1918 70 801 -585 -454 -1637
888 1917 72 798 -586 -458 -1634
889 1919 72 801 -586 -459 -1633
890 1912 67 799 -585 -456 -1634
891 1915 66 799 -586 -457 -1636
892 1915 69 800 -586 -454 -1637
893 1916 70 800 -582 -455 -1634
894 1916 74 801 -582 -455 -1634
895 1917 73 800 -587 -454 -1633
896 1916 73 801 -587 -455 -1634
897 1922 76 802 -584 -455 -1635
898 1917 72 797 -588 -456 -1638
899 1919 69 801 -583 -455 -1634
900 1919 70 799 -585 -452 -1633
901 1914 70 800 -586 -455 -1633
902 1917 70 799 -588 -456 -1631
903 1915 70 802 -586 -458 -1633
904 1914 68 800 -589 -457 -1635
905 1918 72 800 -582 -452 -1631
906 1920 73 802 -586 -452 -1633
907 1918 73 799 -588 -457 -1634
908 1918 70 800 -587 -455 -1635
909 1917 68 797 -588 -457 -1636
910 1918 68 799 -589 -456 -1633
911 1916 69 798 -591 -457 -1636
912 1914 69 798 -591 -459 -1638
913 1912 68 797 -587 -460 -1642
914 1915 69 797 -583 -458 -1637
915 1918 71 799 -589 -455 -1635
916 1916 70 798 -586 -455 -1635
917 1913 70 797 -584 -457 -1635
918 1916 74 800 -587 -456 -1635
919 1913 71 800 -585 -455 -1636
920 1913 70 799 -587 -455 -1636
921 1917 71 800 -587 -457 -1633
922 1918 71 799 -585 -450 -1633
923 1920 70 801 -585 -454 -1633
924 1919 71 805 -584 -451 -1633
925 1920 73 804 -584 -451 -1631
926 1918 75 803 -584 -457 -1634
927 1921 72 800 -584 -454 -1632
928 1915 70 799 -585 -455 -1629
929 1918 71 800 -584 -452 -1633
930 1919 71 803 -586 -454 -1636
931 1918 72 801 -584 -454 -1633
932 1916 69 802 -585 -452 -1632
933 1918 70 805 -585 -452 -1634
934 1920 75 798 -586 -455 -1631
935 1917 74 799 -581 -452 -1634
936 1919 75 804 -584 -454 -1633
937 1918 76 802 -584 -453 -1635
938 1914 71 804 -585 -453 -1634
939 1919 72 799 -585 -455 -1633
940 1918 73 799 -582 -454 -1631
941 1919 77 805 -581 -453 -1626
942 1917 74 806 -582 -452 -1629
943 1919 72 800 -584 -452 -1630
944 1921 72 803 -587 -453 -1635
945 1919 73 800 -586 -455 -1634
946 1921 73 801 -586 -453 -1631
947 1916 74 801 -582 -455 -1634
948 1916 72 800 -582 -451 -1634
949 1922 73 803 -585 -453 -1630
950 1918 75 803 -585 -454 -1632
951 1919 69 802 -588 -455 -1631
952 1916 69 797 -587 -455 -1639
953 1917 69 797 -586 -454 -1631
954 1920 73 803 -586 -454 -1635
955 1917 70 800 -590 -454 -1638
956 1915 70 798 -585 -456 -1635
957 1917 75 803 -585 -454 -1634
958 1917 72 801 -583 -455 -1634
959 1916 72 799 -585 -455 -1633
960 1916 72 805 -587 -456 -1632
961 1914 70 799 -590 -454 -1634
962 1915 70 800 -587 -452 -1633
963 1919 71 802 -585 -458 -1634
964 1914 69 802 -586 -455 -1636
965 1917 72 803 -587 -457 -1635
966 1915 70 802 -587 -457 -1635
967 1918 73 799 -587 -454 -1634
968 1920 74 802 -580 -453 -1631
969 1922 72 803 -584 -455 -1633
970 1919 71 802 -585 -456 -1630
971 1918 70 801 -588 -459 -1633
972 1917 72 801 -586 -455 -1632
973 1917 70 801 -588 -456 -1635
974 1912 70 797 -589 -459 -1636
975 1918 70 799 -588 -453 -1636
976 1914 73 799 -588 -457 -1634
977 1914 70 799 -590 -455 -1637
978 1914 71 799 -586 -457 -1636
979 1918 67 796 -588 -456 -1636
980 1913 70 797 -585 -454 -1636
981 1915 71 800 -587 -456 -1635
982 1914 70 798 -589 -454 -1636
983 1917 73 802 -580 -455 -1635
984 1919 72 803 -583 -455 -1633
985 1918 71 802 -585 -456 -1633
986 1917 72 801 -588 -456 -1633
987 1915 71 800 -585 -453 -1634
988 1915 69 801 -588 -458 -1637
989 1914 69 798 -585 -458 -1634
990 1915 69 799 -588 -458 -1635
991 1918 71 802 -586 -456 -1633
992 1914 69 800 -589 -457 -1636
993 1915 68 800 -589 -456 -1634
994 1919 72 800 -584 -453 -1634
995 1920 74 802 -585 -453 -1633
996 1918 72 804 -584 -453 -1633
997 1921 73 802 -588 -457 -1634
998 1919 71 798 -587 -457 -1633
999 1916 71 799 -586 -457 -1636
0 6668 -40 748 2633 3248 -1755
1 6669 -41 751 2635 3245 -1755
2 6666 -40 748 2632 3245 -1753
3 6665 -41 750 2633 3247 -1754
4 6667 -40 751 2634 3246 -1753
5 6665 -40 749 2634 3244 -1755
6 6665 -41 748 2630 3242 -1758
7 6659 -38 748 2633 3243 -1758
8 6661 -43 747 2630 3242 -1760
9 6662 -41 747 2628 3243 -1759
10 6659 -43 745 2631 3238 -1761
11 6661 -41 748 2631 3243 -1758
12 6662 -44 747 2630 3240 -1755
13 6660 -42 746 2636 3241 -1759
14 6661 -43 747 2634 3243 -1758
15 6661 -40 747 2635 3240 -1758
16 6663 -40 749 2632 3242 -1757
17 6661 -42 746 2633 3239 -1757
18 6663 -43 746 2637 3239 -1757
19 6661 -43 745 2635 3243 -1755
20 6665 -45 748 2636 3241 -1756
21 6664 -40 749 2638 3241 -1757
22 6664 -41 744 2637 3241 -1756
23 6664 -42 747 2633 3242 -1756
24 6663 -42 747 2639 3240 -1755
25 6663 -38 748 2640 3240 -1756
26 6665 -41 750 2638 3242 -1756
27 6664 -40 749 2634 3240 -1760
28 6662 -41 746 2636 3237 -1758
29 6661 -40 749 2638 3235 -1758
30 6664 -40 748 2639 3239 -1760
31 6663 -40 744 2638 3236 -1756
32 6660 -41 747 2640 3236 -1759
33 6663 -39 747 2639 3235 -1755
34 6667 -40 747 2638 3234 -1759
35 6662 -39 746 2641 3234 -1757
36 6667 -38 745 2644 3235 -1758
37 6666 -40 747 2643 3237 -1757
38 6669 -39 748 2646 3240 -1755
39 6672 -35 752 2648 3240 -1753
40 6671 -35 751 2647 3239 -1753
41 6672 -39 748 2647 3239 -1757
42 6672 -36 750 2647 3236 -1754
43 6669 -38 750 2649 3238 -1753
44 6674 -38 748 2646 3237 -1755
45 6672 -40 748 2646 3237 -1752
46 6672 -39 746 2642 3230 -1756
47 6667 -41 748 2646 3233 -1755
48 6674 -36 750 2645 3233 -1755
49 6669 -40 748 2643 3233 -1752
50 6669 -40 746 2643 3231 -1755
51 6666 -40 747 2643 3229 -1757
52 6667 -36 747 2643 3225 -1758
53 6666 -38 744 2642 3224 -1755
54 6666 -39 747 2643 3228 -1756
55 6661 -37 749 2644 3223 -1757
56 6666 -37 746 2647 3224 -1759
57 6661 -35 746 2644 3223 -1758
58 6665 -34 750 2646 3225 -1753
59 6669 -36 750 2645 3224 -1754
60 6668 -35 748 2643 3225 -1752
61 6664 -34 750 2642 3225 -1753
62 6665 -36 745 2645 3220 -1756
63 6661 -40 743 2644 3222 -1756
64 6663 -39 745 2646 3224 -1756
65 6664 -35 747 2646 3225 -1753
66 6663 -37 749 2649 3223 -1755
67 6661 -35 747 2650 3226 -1754
68 6665 -37 748 2648 3225 -1755
69 6664 -35 746 2649 3227 -1753
70 6666 -38 748 2649 3226 -1754
71 6664 -35 748 2652 3224 -1755
72 6666 -35 752 2651 3223 -1757
73 6661 -35 747 2651 3223 -1756
74 6663 -36 749 2650 3225 -1760
75 6659 -38 745 2648 3224 -1761
76 6659 -37 746 2653 3223 -1760
77 6659 -38 744 2651 3222 -1762
78 6654 -39 745 2655 3221 -1761
79 6659 -37 747 2656 3227 -1758
80 6663 -35 749 2656 3227 -1759
81 6659 -37 745 2659 3226 -1757
82 6660 -34 747 2655 3228 -1758
83 6661 -38 748 2657 3225 -1754
84 6665 -33 752 2660 3232 -1755
85 6664 -35 749 2662 3227 -1759
86 6662 -33 749 2658 3228 -1759
87 6661 -33 747 2664 3228 -1756
88 6663 -34 749 2661 3229 -1756
89 6660 -35 748 2662 3228 -1756
90 6661 -36 750 2662 3228 -1759
91 6659 -37 747 2664 3227 -1757
92 6660 -34 748 2662 3226 -1758
93 6660 -35 747 2663 3226 -1761
94 6663 -38 748 2661 3227 -1759
95 6657 -34 746 2663 3224 -1760
96 6656 -37 744 2665 3226 -1761
97 6656 -33 747 2664 3225 -1763
98 6658 -34 749 2663 3222 -1760
99 6655 -37 746 2664 3225 -1762
100 6656 -32 749 2664 3222 -1761
101 6654 -33 748 2668 3223 -1758
102 6655 -39 745 2668 3224 -1760
103 6659 -34 750 2672 3223 -1758
104 6658 -32 748 2670 3224 -1758
105 6657 -34 748 2667 3223 -1757
106 6658 -34 749 2670 3220 -1756
107 6660 -32 747 2666 3218 -1760
108 6655 -33 747 2667 3219 -1760
109 6657 -34 744 2669 3217 -1760
110 6656 -34 747 2669 3220 -1758
111 6656 -32 750 2667 3219 -1758
112 6657 -32 747 2672 3217 -1757
113 6655 -32 747 2666 3216 -1760
114 6657 -35 746 2667 3212 -1760
115 6654 -36 745 2668 3212 -1763
116 6654 -36 748 2668 3212 -1758
117 6653 -33 748 2667 3213 -1760
118 6658 -33 746 2666 3209 -1761
119 6650 -37 743 2667 3205 -1763
120 6653 -33 749 2672 3208 -1762
121 6653 -34 746 2670 3205 -1761
122 6651 -35 746 2670 3204 -1759
123 6652 -30 746 2672 3204 -1758
124 6655 -31 745 2674 3210 -1760
125 6656 -32 748 2674 3206 -1756
126 6657 -29 750 2672 3204 -1757
127 6655 -29 749 2675 3206 -1757
128 6654 -33 746 2674 3203 -1759
129 6659 -30 744 2675 3204 -1757
130 6662 -29 749 2678 3206 -1755
131 6658 -27 748 2679 3203 -1754
132 6659 -33 746 2674 3202 -1756
133 6661 -27 746 2674 3199 -1759
134 6655 -31 747 2675 3201 -1762
135 6655 -33 748 2673 3198 -1755
136 6659 -30 747 2676 3200 -1759
137 6658 -31 748 2673 3198 -1759
138 6657 -33 747 2674 3194 -1760
139 6654 -34 742 2673 3195 -1760
140 6658 -30 746 2676 3195 -1762
141 6659 -29 744 2677 3194 -1760
142 6655 -29 747 2678 3197 -1760
143 6657 -33 746 2680 3198 -1760
144 6658 -29 745 2679 3195 -1758
145 6657 -27 746 2680 3196 -1759
146 6657 -28 749 2682 3199 -1762
147 6657 -30 749 2687 3197 -1755
148 6661 -27 748 2683 3196 -1757
149 6661 -26 749 2682 3200 -1759
150 6661 -28 748 2684 3202 -1756
151 6661 -28 746 2688 3202 -1753
152 6661 -29 749 2689 3200 -1756
153 6663 -26 748 2686 3200 -1756
154 6660 -29 743 2688 3203 -1757
155 6663 -26 746 2692 3201 -1757
156 6662 -29 747 2688 3201 -1759
157 6662 -28 747 2688 3198 -1759
158 6658 -28 745 2687 3198 -1760
159 6659 -29 747 2691 3198 -1759
160 6657 -27 743 2690 3198 -1761
161 6656 -29 743 2691 3199 -1758
162 6658 -28 747 2690 3196 -1764
163 6655 -30 750 2691 3198 -1759
164 6654 -29 748 2693 3198 -1759
165 6652 -26 748 2693 3196 -1761
166 6653 -27 748 2690 3195 -1760
167 6651 -31 747 2694 3195 -1758
168 6653 -29 750 2692 3190 -1761
169 6652 -27 748 2690 3194 -1760
170 6654 -26 748 2693 3197 -1758
171 6652 -26 747 2691 3195 -1758
172 6654 -28 745 2697 3196 -1757
173 6653 -28 748 2696 3195 -1760
174 6655 -27 748 2696 3198 -1757
175 6654 -25 746 2699 3195 -1761
176 6655 -25 747 2700 3197 -1759
177 6653 -23 749 2698 3196 -1760
178 6653 -25 747 2700 3196 -1760
179 6654 -26 749 2701 3195 -1759
180 6652 -25 750 2700 3198 -1761
181 6653 -28 749 2698 3197 -1760
182 6651 -28 747 2706 3198 -1760
183 6651 -28 746 2701 3197 -1760
184 6649 -26 749 2704 3195 -1762
185 6651 -26 746 2705 3196 -1762
186 6647 -25 746 2703 3192 -1763
187 6649 -26 747 2703 3195 -1761
188 6649 -24 749 2704 3194 -1761
189 6646 -27 747 2703 3193 -1763
190 6645 -24 748 2703 3192 -1762
191 6646 -28 746 2703 3192 -1764
192 6647 -24 747 2706 3191 -1761
193 6647 -24 750 2701 3185 -1765
194 6644 -25 745 2701 3190 -1759
195 6644 -27 748 2705 3187 -1766
196 6642 -26 749 2704 3188 -1761
197 6644 -23 748 2704 3186 -1762
198 6640 -27 745 2706 3190 -1759
199 6643 -24 747 2707 3189 -1762
200 6645 -24 748 2708 3191 -1760
201 6641 -24 748 2705 3186 -1765
202 6642 -25 745 2707 3186 -1764
203 6643 -25 745 2705 3185 -1767
204 6643 -23 746 2708 3187 -1763
205 6640 -28 744 2712 3185 -1760
206 6644 -25 747 2708 3187 -1763
207 6638 -24 748 2713 3185 -1760
208 6640 -25 747 2712 3183 -1760
209 6640 -21 748 2712 3187 -1762
210 6641 -22 748 2714 3184 -1763
211 6642 -19 750 2713 3184 -1763
212 6639 -20 747 2710 3184 -1763
213 6640 -21 747 2710 3184 -1761
214 6642 -23 752 2711 3185 -1763
215 6637 -24 746 2710 3183 -1760
216 6642 -25 748 2712 3178 -1762
217 6641 -21 749 2713 3181 -1759
218 6641 -23 747 2712 3178 -1765
219 6640 -23 746 2714 3177 -1764
220 6640 -26 745 2710 3179 -1760
221 6642 -25 746 2711 3180 -1761
222 6641 -21 752 2715 3176 -1761
223 6641 -23 747 2711 3177 -1762
224 6639 -22 748 2715 3181 -1764
225 6644 -21 746 2715 3177 -1762
226 6641 -20 749 2714 3174 -1763
227 6637 -25 744 2715 3178 -1765
228 6643 -22 747 2718 3174 -1766
229 6639 -23 748 2715 3177 -1766
230 6642 -23 747 2718 3176 -1764
231 6641 -22 745 2721 3177 -1760
232 6644 -20 748 2722 3179 -1762
233 6643 -21 750 2719 3178 -1763
234 6643 -23 746 2719 3177 -1763
235 6645 -23 748 2720 3180 -1764
236 6644 -21 749 2721 3178 -1763
237 6644 -23 747 2721 3176 -1762
238 6641 -22 748 2723 3177 -1762
239 6648 -21 746 2724 3179 -1761
240 6649 -19 749 2723 3176 -1764
241 6646 -23 745 2726 3178 -1762
242 6649 -20 746 2728 3179 -1759
243 6648 -19 749 2729 3176 -1762
244 6649 -19 747 2724 3178 -1764
245 6649 -21 746 2727 3175 -1763
246 6650 -20 748 2728 3175 -1761
247 6650 -18 748 2728 3175 -1762
248 6646 -18 746 2725 3171 -1766
249 6647 -20 744 2725 3173 -1762
250 6646 -22 747 2724 3170 -1762
251 6647 -22 748 2730 3171 -1760
252 6643 -20 751 2726 3171 -1763
253 6645 -18 747 2725 3172 -1763
254 6646 -21 746 2726 3169 -1762
255 6647 -19 748 2726 3170 -1761
256 6647 -18 749 2725 3166 -1762
257 6646 -20 749 2725 3166 -1760
258 6647 -17 748 2730 3170 -1762
259 6646 -19 750 2732 3168 -1758
260 6650 -18 747 2730 3167 -1756
261 6644 -19 749 2727 3164 -1760
262 6647 -20 746 2729 3164 -1758
263 6649 -19 748 2728 3164 -1764
264 6647 -21 745 2728 3163 -1761
265 6648 -20 747 2728 3163 -1761
266 6647 -18 748 2731 3165 -1762
267 6648 -19 748 2730 3167 -1762
268 6649 -17 748 2734 3167 -1762
269 6645 -17 747 2735 3164 -1761
270 6648 -19 746 2737 3163 -1763
271 6644 -20 748 2734 3164 -1763
272 6646 -20 746 2730 3165 -1762
273 6643 -16 746 2734 3163 -1764
274 6644 -17 748 2735 3161 -1765
275 6644 -17 749 2734 3163 -1761
276 6642 -18 747 2735 3162 -1761
277 6642 -13 750 2735 3166 -1758
278 6639 -18 749 2732 3159 -1760
279 6642 -16 748 2732 3161 -1761
280 6642 -17 747 2733 3157 -1761
281 6639 -16 747 2734 3162 -1761
282 6639 -13 746 2733 3164 -1760
283 6640 -16 746 2736 3163 -1761
284 6638 -21 744 2737 3164 -1758
285 6642 -15 750 2740 3163 -1762
286 6639 -18 748 2736 3163 -1760
287 6641 -17 747 2733 3163 -1764
288 6639 -19 745 2740 3167 -1763
289 6639 -15 744 2741 3163 -1760
290 6642 -17 745 2739 3163 -1762
291 6638 -16 747 2742 3166 -1761
292 6638 -16 746 2743 3166 -1766
293 6640 -14 751 2745 3166 -1764
294 6640 -14 749 2743 3168 -1761
295 6640 -17 748 2742 3168 -1762
296 6637 -19 747 2743 3166 -1762
297 6639 -15 747 2747 3168 -1760
298 6639 -13 749 2746 3167 -1762
299 6636 -14 746 2745 3166 -1763
300 6637 -15 751 2744 3164 -1763
301 6636 -14 750 2743 3168 -1761
302 6635 -16 745 2742 3165 -1763
303 6635 -15 747 2743 3165 -1760
304 6635 -17 748 2744 3162 -1766
305 6634 -15 748 2742 3164 -1760
306 6634 -15 746 2743 3164 -1761
307 6631 -17 749 2744 3166 -1761
308 6634 -12 747 2746 3166 -1764
309 6630 -15 750 2737 3162 -1766
310 6630 -16 750 2744 3164 -1765
311 6629 -17 747 2740 3165 -1764
312 6629 -15 749 2744 3165 -1765
313 6631 -16 750 2745 3164 -1764
314 6626 -16 749 2741 3162 -1766
315 6630 -15 750 2743 3164 -1761
316 6627 -14 750 2745 3164 -1766
317 6628 -14 750 2745 3166 -1765
318 6629 -13 750 2747 3169 -1764
319 6628 -15 748 2744 3165 -1765
320 6625 -17 749 2745 3163 -1767
321 6628 -14 749 2743 3162 -1766
322 6624 -18 747 2744 3165 -1764
323 6623 -19 747 2747 3162 -1767
324 6626 -19 745 2742 3164 -1762
325 6628 -13 751 2747 3165 -1760
326 6630 -10 752 2749 3163 -1763
327 6628 -13 749 2745 3164 -1762
328 6631 -10 746 2748 3165 -1764
329 6626 -15 749 2744 3162 -1762
330 6631 -16 749 2745 3167 -1762
331 6628 -13 749 2746 3164 -1767
332 6629 -16 748 2748 3167 -1763
333 6629 -13 748 2750 3168 -1769
334 6629 -15 746 2746 3162 -1766
335 6631 -18 746 2748 3163 -1767
336 6631 -18 748 2747 3166 -1766
337 6629 -16 746 2749 3161 -1768
338 6629 -17 747 2749 3164 -1764
339 6633 -14 748 2749 3164 -1768
340 6633 -14 750 2750 3166 -1765
341 6631 -16 746 2748 3161 -1766
342 6630 -16 745 2748 3163 -1764
343 6635 -15 747 2748 3160 -1765
344 6633 -18 747 2750 3162 -1766
345 6634 -17 745 2749 3160 -1763
346 6633 -16 747 2749 3162 -1764
347 6636 -15 745 2750 3161 -1765
348 6637 -14 749 2753 3166 -1762
349 6639 -12 749 2752 3162 -1762
350 6637 -13 747 2749 3161 -1766
351 6635 -15 746 2751 3160 -1765
352 6636 -11 748 2750 3157 -1763
353 6636 -16 744 2747 3158 -1767
354 6637 -15 746 2752 3158 -1764
355 6636 -20 744 2747 3155 -1762
356 6635 -16 742 2750 3154 -1769
357 6634 -17 741 2751 3157 -1768
358 6636 -17 742 2748 3155 -1767
359 6638 -17 746 2749 3157 -1768
360 6633 -16 743 2750 3155 -1766
361 6636 -14 744 2752 3155 -1768
362 6633 -15 746 2751 3152 -1770
363 6637 -16 745 2749 3153 -1763
364 6637 -19 746 2746 3152 -1765
365 6634 -14 746 2747 3153 -1765
366 6636 -13 749 2751 3151 -1762
367 6634 -15 749 2747 3151 -1761
368 6635 -13 747 2747 3148 -1761
369 6635 -12 750 2746 3149 -1763
370 6634 -12 746 2748 3150 -1763
371 6633 -11 745 2746 3148 -1762
372 6635 -15 746 2746 3149 -1762
373 6635 -13 748 2746 3151 -1761
374 6632 -14 746 2746 3151 -1764
375 6633 -17 744 2748 3147 -1765
376 6633 -12 746 2748 3149 -1764
377 6633 -15 747 2750 3146 -1763
378 6634 -14 747 2746 3150 -1763
379 6634 -17 744 2747 3150 -1764
380 6633 -13 748 2750 3151 -1764
381 6634 -14 743 2750 3145 -1766
382 6635 -17 747 2747 3153 -1765
383 6634 -14 746 2752 3152 -1762
384 6631 -15 746 2747 3153 -1765
385 6634 -13 746 2747 3153 -1762
386 6636 -14 748 2752 3158 -1761
387 6635 -15 747 2751 3154 -1765
388 6636 -14 746 2753 3154 -1765
389 6633 -11 746 2752 3156 -1764
390 6631 -15 748 2751 3157 -1762
391 6631 -14 749 2753 3157 -1764
392 6632 -18 750 2750 3154 -1764
393 6633 -11 749 2750 3159 -1764
394 6631 -14 750 2752 3153 -1765
395 6631 -14 745 2750 3157 -1765
396 6632 -17 747 2751 3156 -1767
397 6634 -17 747 2752 3163 -1764
398 6632 -16 747 2748 3159 -1767
399 6628 -16 745 2754 3161 -1768
400 6633 -15 747 2754 3162 -1765
401 6632 -14 750 2758 3163 -1764
402 6631 -14 750 2755 3165 -1768
403 6631 -16 744 2758 3167 -1767
404 6630 -16 748 2756 3168 -1765
405 6630 -13 747 2759 3166 -1767
406 6631 -14 749 2754 3167 -1769
407 6632 -15 750 2757 3166 -1764
408 6627 -16 751 2753 3169 -1763
409 6629 -14 751 2750 3171 -1764
410 6623 -14 746 2748 3165 -1767
411 6626 -15 743 2750 3164 -1766
412 6624 -17 747 2750 3162 -1768
413 6623 -18 749 2749 3165 -1767
414 6624 -23 744 2746 3163 -1765
415 6621 -16 745 2747 3165 -1768
416 6623 -17 748 2747 3163 -1766
417 6620 -20 749 2746 3164 -1767
418 6620 -21 744 2744 3163 -1768
419 6619 -18 744 2743 3161 -1769
420 6619 -19 741 2744 3162 -1766
421 6618 -19 748 2743 3162 -1771
422 6618 -20 743 2744 3160 -1769
423 6621 -19 742 2744 3165 -1766
424 6620 -16 748 2746 3166 -1769
425 6621 -14 749 2751 3164 -1767
426 6623 -14 747 2749 3164 -1768
427 6622 -19 743 2748 3163 -1768
428 6621 -16 746 2746 3166 -1765
429 6625 -16 745 2743 3167 -1767
430 6624 -20 745 2747 3165 -1766
431 6623 -16 750 2748 3167 -1765
432 6623 -20 746 2746 3165 -1766
433 6621 -18 748 2743 3163 -1768
434 6622 -17 744 2742 3159 -1765
435 6622 -18 746 2745 3162 -1767
436 6622 -20 748 2743 3161 -1766
437 6624 -15 747 2745 3164 -1766
438 6622 -16 746 2744 3162 -1765
439 6626 -14 748 2745 3163 -1766
440 6625 -18 749 2744 3166 -1762
441 6626 -16 751 2744 3165 -1765
442 6625 -14 751 2746 3162 -1769
443 6626 -19 747 2746 3162 -1766
444 6625 -17 747 2744 3161 -1768
445 6627 -15 748 2741 3163 -1766
446 6628 -19 746 2745 3163 -1768
447 6626 -19 747 2743 3167 -1767
448 6629 -17 745 2746 3169 -1764
449 6633 -15 747 2744 3166 -1765
450 6630 -19 745 2743 3170 -1765
451 6631 -15 748 2745 3169 -1763
452 6633 -19 750 2747 3168 -1765
453 6635 -14 749 2750 3169 -1763
454 6632 -19 747 2747 3170 -1766
455 6635 -18 750 2743 3165 -1766
456 6631 -16 746 2744 3167 -1765
457 6634 -20 745 2743 3163 -1765
458 6634 -18 747 2737 3165 -1767
459 6633 -17 747 2742 3165 -1761
460 6634 -15 745 2741 3165 -1762
461 6637 -19 745 2739 3168 -1765
462 6633 -21 745 2740 3164 -1763
463 6631 -16 744 2736 3165 -1762
464 6634 -19 743 2736 3161 -1766
465 6632 -19 746 2740 3160 -1764
466 6633 -20 746 2737 3162 -1767
467 6625 -19 747 2738 3161 -1766
468 6630 -18 747 2737 3161 -1769
469 6629 -24 743 2734 3162 -1768
470 6632 -21 747 2737 3161 -1766
471 6630 -19 747 2740 3161 -1764
472 6631 -16 745 2740 3165 -1766
473 6631 -19 747 2739 3165 -1763
474 6632 -16 750 2737 3168 -1762
475 6635 -16 748 2735 3166 -1764
476 6632 -18 747 2736 3166 -1761
477 6627 -19 747 2731 3165 -1763
478 6631 -21 748 2734 3164 -1765
479 6632 -23 743 2731 3166 -1765
480 6632 -24 744 2733 3164 -1764
481 6632 -18 747 2733 3167 -1763
482 6631 -21 748 2731 3167 -1766
483 6630 -20 748 2734 3168 -1761
484 6630 -19 746 2731 3167 -1764
485 6630 -18 744 2733 3169 -1767
486 6629 -20 744 2733 3170 -1766
487 6633 -23 746 2735 3173 -1764
488 6628 -19 747 2735 3176 -1765
489 6630 -23 745 2734 3174 -1768
490 6632 -18 748 2737 3174 -1765
491 6633 -17 749 2735 3177 -1766
492 6630 -19 750 2737 3178 -1767
493 6634 -17 752 2736 3180 -1764
494 6630 -18 749 2734 3176 -1764
495 6629 -19 747 2733 3176 -1765
496 6631 -24 746 2732 3176 -1765
497 6630 -20 747 2735 3177 -1762
498 6633 -18 751 2733 3180 -1761
499 6635 -19 749 2734 3178 -1762
500 6633 -18 750 2734 3179 -1766
501 6632 -17 748 2733 3180 -1766
502 6631 -20 747 2733 3183 -1765
503 6633 -17 748 2732 3179 -1763
504 6631 -20 752 2729 3182 -1762
505 6629 -19 745 2729 3180 -1762
506 6630 -22 748 2729 3185 -1764
507 6629 -21 749 2728 3182 -1767
508 6628 -18 747 2733 3188 -1764
509 6630 -21 749 2732 3178 -1769
510 6629 -18 748 2730 3180 -1766
511 6629 -19 747 2734 3184 -1765
512 6631 -21 747 2733 3186 -1765
513 6632 -21 750 2733 3183 -1764
514 6630 -19 751 2734 3186 -1764
515 6631 -16 749 2734 3188 -1762
516 6637 -17 750 2731 3184 -1762
517 6638 -21 748 2732 3187 -1762
518 6632 -19 750 2731 3190 -1760
519 6634 -21 750 2729 3190 -1762
520 6632 -20 752 2729 3186 -1763
521 6634 -21 746 2725 3185 -1761
522 6631 -21 751 2726 3189 -1761
523 6632 -21 747 2723 3185 -1765
524 6632 -21 744 2725 3185 -1763
525 6632 -20 748 2723 3183 -1767
526 6630 -21 748 2722 3184 -1761
527 6623 -19 748 2718 3182 -1765
528 6628 -23 746 2719 3181 -1763
529 6629 -23 744 2716 3180 -1765
530 6627 -26 746 2720 3182 -1764
531 6627 -23 746 2720 3183 -1765
532 6629 -24 747 2716 3183 -1766
533 6626 -19 749 2719 3180 -1766
534 6628 -21 745 2719 3184 -1764
535 6632 -22 746 2714 3179 -1765
536 6627 -25 744 2720 3179 -1764
537 6632 -21 751 2720 3186 -1761
538 6632 -24 752 2720 3189 -1763
539 6632 -23 749 2717 3187 -1761
540 6633 -22 747 2720 3187 -1764
541 6634 -21 750 2717 3185 -1762
542 6637 -25 747 2716 3185 -1760
543 6636 -23 747 2721 3188 -1762
544 6636 -21 748 2717 3187 -1763
545 6638 -24 747 2715 3187 -1760
546 6637 -20 749 2715 3186 -1763
547 6636 -24 747 2714 3186 -1761
548 6634 -23 746 2711 3187 -1763
549 6635 -23 747 2710 3189 -1762
550 6631 -25 748 2710 3187 -1765
551 6632 -25 746 2710 3186 -1763
552 6633 -24 748 2708 3184 -1763
553 6633 -26 746 2711 3187 -1765
554 6633 -23 749 2709 3186 -1763
555 6632 -26 750 2712 3187 -1761
556 6636 -26 748 2708 3188 -1764
557 6636 -25 747 2710 3191 -1763
558 6635 -25 749 2709 3191 -1763
559 6641 -24 749 2710 3190 -1759
560 6641 -27 747 2707 3194 -1759
561 6640 -23 749 2708 3192 -1763
562 6641 -26 748 2711 3196 -1761
563 6641 -24 748 2711 3197 -1762
564 6644 -26 747 2711 3196 -1762
565 6642 -24 748 2705 3193 -1760
566 6638 -29 746 2709 3196 -1763
567 6642 -27 748 2705 3199 -1763
568 6645 -27 748 2706 3198 -1762
569 6641 -27 747 2704 3198 -1763
570 6640 -26 747 2704 3196 -1764
571 6642 -26 745 2705 3202 -1762
572 6642 -27 748 2708 3199 -1761
573 6640 -27 745 2701 3203 -1763
574 6637 -28 748 2704 3201 -1764
575 6641 -26 747 2700 3194 -1765
576 6637 -26 745 2704 3201 -1763
577 6639 -26 750 2704 3204 -1762
578 6636 -26 744 2697 3198 -1760
579 6639 -29 749 2701 3201 -1766
580 6638 -29 746 2698 3202 -1762
581 6641 -25 748 2701 3200 -1764
582 6638 -25 747 2699 3202 -1760
583 6638 -26 750 2698 3202 -1761
584 6638 -27 749 2700 3202 -1760
585 6638 -29 747 2699 3200 -1761
586 6639 -25 748 2699 3206 -1762
587 6638 -29 749 2698 3203 -1761
588 6642 -29 746 2695 3201 -1761
589 6640 -28 750 2697 3205 -1759
590 6640 -29 749 2694 3202 -1761
591 6639 -26 747 2699 3205 -1762
592 6639 -29 748 2695 3203 -1762
593 6639 -27 747 2690 3205 -1761
594 6637 -28 746 2692 3203 -1762
595 6639 -28 746 2691 3207 -1761
596 6636 -29 749 2693 3204 -1764
597 6639 -30 746 2692 3203 -1764
598 6638 -29 748 2693 3201 -1764
599 6638 -30 745 2692 3200 -1764
600 6638 -29 745 2695 3206 -1767
601 6636 -30 744 2692 3206 -1762
602 6639 -32 745 2691 3206 -1762
603 6638 -31 747 2688 3203 -1761
604 6641 -33 746 2692 3204 -1762
605 6640 -32 747 2691 3208 -1758
606 6642 -32 750 2689 3211 -1761
607 6639 -27 745 2686 3204 -1763
608 6642 -33 747 2688 3208 -1762
609 6641 -31 745 2687 3206 -1761
610 6645 -32 744 2691 3210 -1763
611 6643 -30 746 2688 3213 -1761
612 6645 -32 747 2686 3210 -1763
613 6642 -29 747 2687 3210 -1763
614 6643 -31 747 2683 3211 -1761
615 6643 -29 746 2687 3214 -1763
616 6644 -30 751 2685 3209 -1766
617 6642 -33 746 2685 3211 -1764
618 6644 -33 746 2685 3213 -1766
619 6644 -32 747 2684 3214 -1761
620 6643 -32 750 2685 3212 -1763
621 6640 -33 743 2684 3211 -1765
622 6642 -33 742 2683 3211 -1761
623 6646 -32 747 2683 3213 -1763
624 6645 -33 747 2684 3215 -1761
625 6644 -34 748 2680 3211 -1762
626 6645 -32 745 2681 3213 -1760
627 6646 -32 746 2684 3216 -1761
628 6647 -29 747 2683 3216 -1756
629 6646 -31 748 2681 3215 -1755
630 6648 -30 749 2680 3213 -1759
631 6646 -30 749 2677 3210 -1759
632 6645 -30 747 2677 3215 -1757
633 6644 -33 747 2675 3212 -1757
634 6646 -32 750 2673 3215 -1757
635 6641 -31 746 2673 3213 -1760
636 6645 -33 746 2676 3213 -1760
637 6646 -32 748 2669 3212 -1762
638 6642 -34 746 2670 3211 -1760
639 6645 -32 747 2672 3210 -1759
640 6645 -34 747 2672 3214 -1762
641 6639 -35 749 2671 3213 -1764
642 6643 -32 748 2668 3212 -1760
643 6645 -36 747 2668 3214 -1761
644 6644 -33 746 2674 3213 -1762
645 6646 -32 749 2672 3219 -1756
646 6645 -35 749 2670 3219 -1761
647 6650 -34 746 2671 3219 -1757
648 6648 -35 748 2669 3220 -1758
649 6652 -34 749 2669 3222 -1757
650 6649 -36 745 2669 3226 -1757
651 6648 -34 750 2669 3221 -1760
652 6650 -36 750 2668 3222 -1757
653 6653 -34 748 2669 3224 -1756
654 6654 -32 749 2665 3224 -1757
655 6652 -32 749 2666 3224 -1757
656 6655 -32 747 2662 3225 -1758
657 6652 -35 749 2665 3224 -1756
658 6651 -35 747 2666 3228 -1757
659 6651 -34 751 2662 3226 -1760
660 6650 -37 745 2665 3225 -1758
661 6647 -39 747 2661 3223 -1764
662 6652 -37 748 2662 3227 -1762
663 6647 -33 748 2662 3228 -1761
664 6649 -33 747 2662 3229 -1760
665 6651 -36 746 2664 3228 -1759
666 6650 -36 749 2663 3230 -1760
667 6654 -35 747 2662 3232 -1754
668 6651 -34 751 2665 3230 -1762
669 6655 -35 749 2662 3232 -1755
670 6654 -33 752 2663 3233 -1760
671 6658 -34 748 2665 3234 -1757
672 6655 -34 752 2660 3235 -1753
673 6656 -34 749 2661 3234 -1758
674 6656 -35 747 2663 3234 -1758
675 6656 -36 745 2661 3239 -1755
676 6655 -35 749 2660 3234 -1757
677 6658 -36 749 2662 3234 -1761
678 6655 -41 744 2658 3232 -1761
679 6653 -36 748 2660 3237 -1758
680 6656 -36 745 2660 3236 -1760
681 6655 -37 747 2656 3234 -1760
682 6654 -37 746 2654 3231 -1761
683 6653 -36 746 2655 3232 -1759
684 6654 -37 750 2656 3231 -1761
685 6656 -42 747 2655 3232 -1760
686 6657 -38 749 2656 3231 -1755
687 6658 -38 748 2657 3233 -1756
688 6655 -36 748 2658 3234 -1756
689 6660 -35 748 2657 3233 -1756
690 6656 -38 748 2655 3233 -1753
691 6657 -36 748 2651 3229 -1757
692 6656 -41 747 2649 3231 -1760
693 6657 -38 747 2652 3232 -1756
694 6657 -38 745 2653 3229 -1755
695 6661 -36 749 2655 3236 -1754
696 6660 -35 750 2652 3233 -1758
697 6659 -37 750 2651 3233 -1754
698 6661 -35 747 2650 3229 -1756
699 6661 -38 747 2651 3233 -1755
700 6662 -35 747 2653 3230 -1759
701 6660 -36 748 2648 3233 -1759
702 6660 -40 749 2647 3234 -1757
703 6657 -37 747 2648 3232 -1759
704 6658 -41 744 2645 3229 -1758
705 6658 -40 747 2645 3227 -1760
706 6659 -39 746 2648 3230 -1757
707 6657 -38 747 2646 3229 -1758
708 6657 -39 747 2645 3230 -1758
709 6657 -40 744 2646 3230 -1760
710 6655 -39 745 2645 3230 -1756
711 6659 -38 749 2646 3232 -1753
712 6658 -36 748 2643 3231 -1756
713 6663 -36 747 2644 3231 -1756
714 6661 -40 747 2642 3232 -1754
715 6659 -37 749 2639 3228 -1757
716 6656 -41 747 2638 3227 -1760
717 6656 -40 743 2636 3232 -1759
718 6656 -40 746 2637 3228 -1756
719 6657 -42 747 2637 3230 -1755
720 6658 -38 747 2638 3229 -1756
721 6660 -40 747 2636 3232 -1759
722 6657 -41 745 2636 3232 -1757
723 6657 -39 745 2638 3236 -1757
724 6657 -43 742 2638 3235 -1757
725 6657 -43 746 2639 3233 -1751
726 6657 -41 746 2637 3234 -1758
727 6661 -40 748 2637 3237 -1757
728 6662 -43 746 2638 3235 -1760
729 6660 -40 742 2637 3235 -1758
730 6663 -43 747 2639 3239 -1757
731 6663 -39 749 2641 3242 -1755
732 6661 -41 747 2641 3240 -1757
733 6664 -38 748 2639 3243 -1757
734 6663 -42 745 2637 3241 -1756
735 6666 -41 748 2641 3244 -1755
736 6664 -40 748 2639 3241 -1756
737 6665 -41 747 2638 3246 -1755
738 6668 -41 749 2638 3248 -1754
739 6668 -41 747 2639 3247 -1755
740 6669 -41 748 2639 3248 -1756
741 6668 -38 751 2636 3248 -1756
742 6668 -40 749 2636 3249 -1755
743 6670 -44 745 2635 3248 -1757
744 6668 -43 745 2635 3247 -1758
745 6667 -39 749 2635 3247 -1759
746 6669 -40 747 2635 3244 -1756
747 6665 -42 744 2634 3246 -1759
748 6668 -43 744 2638 3249 -1753
749 6665 -43 749 2633 3246 -1757
750 6664 -41 746 2633 3248 -1756
751 6666 -43 750 2633 3246 -1754
752 6669 -40 752 2635 3248 -1754
753 6666 -42 751 2634 3246 -1756
754 6666 -41 749 2632 3248 -1756
755 6665 -42 750 2630 3245 -1755
756 6666 -40 745 2628 3244 -1756
757 6667 -41 749 2632 3246 -1753
758 6668 -37 751 2634 3248 -1754
759 6669 -42 749 2632 3248 -1753
760 6669 -41 748 2630 3247 -1753
761 6669 -40 753 2631 3247 -1756
762 6670 -40 750 2630 3250 -1753
763 6673 -44 748 2629 3249 -1752
764 6671 -41 750 2630 3250 -1752
765 6669 -45 746 2629 3245 -1754
766 6671 -41 747 2628 3245 -1755
767 6667 -40 746 2628 3242 -1758
768 6665 -45 749 2629 3244 -1756
769 6667 -42 743 2628 3243 -1757
770 6665 -44 745 2625 3242 -1756
771 6668 -42 747 2625 3243 -1755
772 6669 -42 749 2624 3244 -1757
773 6665 -41 749 2625 3242 -1755
774 6666 -41 749 2626 3242 -1756
775 6669 -44 748 2625 3241 -1753
776 6671 -42 749 2626 3242 -1753
777 6670 -42 747 2624 3240 -1754
778 6672 -42 748 2627 3244 -1753
779 6673 -42 750 2625 3245 -1751
780 6674 -42 750 2626 3244 -1750
781 6670 -39 750 2629 3246 -1750
782 6672 -41 749 2626 3243 -1754
783 6676 -42 747 2622 3242 -1754
784 6671 -44 745 2627 3246 -1751
785 6674 -45 744 2629 3247 -1752
786 6678 -42 750 2624 3238 -1753
787 6673 -47 745 2627 3242 -1757
788 6675 -43 745 2625 3245 -1755
789 6674 -46 746 2622 3242 -1760
790 6676 -46 747 2624 3244 -1757
791 6673 -44 744 2623 3245 -1755
792 6674 -43 743 2624 3244 -1758
793 6672 -45 747 2626 3241 -1759
794 6675 -45 745 2625 3245 -1760
795 6672 -46 746 2625 3243 -1757
796 6674 -43 749 2627 3246 -1753
797 6678 -39 750 2625 3243 -1750
798 6676 -41 746 2625 3246 -1754
799 6675 -42 749 2624 3244 -1753
800 6679 -41 749 2623 3244 -1753
801 6674 -40 750 2621 3242 -1755
802 6674 -43 748 2623 3245 -1755
803 6675 -40 747 2622 3245 -1755
804 6676 -41 747 2620 3243 -1754
805 6677 -41 747 2621 3245 -1754
806 6675 -42 748 2622 3245 -1751
807 6672 -43 749 2618 3246 -1755
808 6673 -45 749 2620 3246 -1751
809 6674 -43 749 2622 3244 -1754
810 6676 -43 749 2617 3246 -1754
811 6675 -45 746 2618 3247 -1757
812 6674 -44 748 2619 3248 -1756
813 6674 -43 745 2620 3245 -1756
814 6676 -42 746 2619 3247 -1754
815 6670 -42 748 2621 3247 -1755
816 6674 -42 746 2622 3251 -1755
817 6676 -43 749 2623 3250 -1753
818 6675 -43 748 2620 3249 -1751
819 6674 -44 747 2619 3248 -1751
820 6671 -44 748 2619 3246 -1756
821 6673 -43 750 2616 3249 -1755
822 6671 -46 747 2617 3245 -1757
823 6674 -42 746 2619 3247 -1753
824 6673 -45 747 2621 3248 -1752
825 6673 -44 747 2618 3248 -1755
826 6672 -47 748 2620 3251 -1756
827 6676 -43 747 2617 3250 -1753
828 6675 -43 748 2619 3250 -1753
829 6674 -47 744 2619 3251 -1750
830 6677 -42 751 2618 3250 -1755
831 6675 -42 747 2621 3254 -1752
832 6675 -44 748 2616 3249 -1754
833 6672 -45 746 2621 3252 -1753
834 6673 -41 748 2620 3251 -1756
835 6674 -44 746 2620 3249 -1755
836 6675 -46 745 2619 3249 -1759
837 6674 -41 745 2620 3250 -1754
838 6674 -45 748 2619 3249 -1758
839 6673 -46 749 2618 3251 -1753
840 6673 -44 748 2618 3250 -1753
841 6677 -43 749 2620 3252 -1754
842 6675 -46 744 2617 3249 -1756
843 6674 -47 746 2620 3251 -1756
844 6678 -44 748 2621 3249 -1752
845 6674 -46 748 2623 3250 -1756
846 6676 -42 747 2618 3246 -1757
847 6677 -46 746 2618 3247 -1756
848 6676 -48 743 2619 3250 -1754
849 6680 -45 747 2622 3247 -1760
850 6679 -47 747 2620 3249 -1759
851 6679 -44 744 2617 3250 -1755
852 6680 -44 744 2616 3247 -1756
853 6675 -46 744 2620 3251 -1755
854 6679 -48 742 2620 3246 -1757
855 6679 -47 746 2619 3249 -1754
856 6678 -46 745 2621 3245 -1756
857 6676 -45 747 2621 3246 -1757
858 6677 -45 746 2620 3240 -1757
859 6675 -46 746 2621 3243 -1754
860 6677 -42 749 2619 3246 -1756
861 6678 -44 749 2623 3246 -1755
862 6677 -40 747 2622 3243 -1751
863 6681 -42 751 2621 3245 -1751
864 6680 -43 752 2621 3244 -1753
865 6680 -43 746 2622 3243 -1753
866 6680 -41 750 2623 3246 -1752
867 6685 -42 751 2624 3243 -1751
868 6682 -41 751 2624 3246 -1752
869 6683 -41 751 2621 3243 -1752
870 6681 -40 750 2620 3242 -1755
871 6681 -43 748 2620 3237 -1753
872 6686 -43 751 2625 3241 -1756
873 6682 -45 749 2617 3239 -1754
874 6684 -42 745 2619 3242 -1753
875 6681 -43 743 2622 3241 -1755
876 6680 -44 742 2620 3237 -1757
877 6682 -46 747 2621 3238 -1756
878 6679 -44 745 2623 3239 -1755
879 6678 -43 748 2619 3239 -1755
880 6677 -41 747 2617 3235 -1758
881 6677 -43 744 2622 3234 -1751
882 6676 -44 748 2620 3235 -1756
883 6678 -44 745 2622 3237 -1754
884 6677 -41 747 2624 3234 -1757
885 6680 -40 749 2620 3236 -1751
886 6675 -46 745 2618 3234 -1754
887 6681 -42 745 2621 3237 -1753
888 6680 -43 746 2620 3234 -1750
889 6680 -44 746 2619 3231 -1753
890 6679 -46 746 2621 3238 -1753
891 6681 -43 747 2620 3238 -1754
892 6681 -42 748 2622 3237 -1755
893 6681 -44 747 2621 3236 -1755
894 6677 -42 747 2621 3236 -1754
895 6683 -45 744 2623 3237 -1753
896 6681 -42 745 2625 3241 -1753
897 6684 -42 748 2625 3238 -1754
898 6683 -44 748 2627 3240 -1756
899 6683 -41 745 2622 3238 -1752
900 6680 -45 744 2625 3237 -1756
901 6681 -46 746 2623 3238 -1756
902 6679 -42 745 2625 3240 -1759
903 6680 -45 746 2628 3239 -1756
904 6681 -44 748 2629 3243 -1757
905 6682 -42 749 2626 3242 -1752
906 6683 -40 749 2629 3244 -1752
907 6682 -40 750 2628 3243 -1751
908 6682 -41 750 2624 3239 -1753
909 6684 -42 747 2623 3239 -1755
910 6682 -39 744 2626 3240 -1749
911 6679 -42 746 2628 3240 -1754
912 6678 -45 746 2624 3240 -1755
913 6681 -41 749 2627 3241 -1752
914 6677 -39 751 2628 3242 -1747
915 6681 -39 748 2625 3237 -1753
916 6680 -45 749 2627 3242 -1752
917 6678 -43 744 2624 3242 -1752
918 6678 -43 744 2622 3238 -1755
919 6678 -44 746 2628 3238 -1755
920 6677 -42 746 2629 3235 -1753
921 6678 -41 746 2624 3238 -1756
922 6676 -42 745 2624 3238 -1755
923 6677 -44 746 2624 3236 -1757
924 6676 -45 747 2630 3236 -1757
925 6678 -43 748 2629 3238 -1757
926 6677 -41 745 2632 3239 -1757
927 6678 -42 750 2628 3237 -1757
928 6676 -44 746 2631 3238 -1755
929 6676 -43 746 2631 3237 -1758
930 6680 -42 747 2629 3235 -1757
931 6678 -41 744 2631 3238 -1754
932 6678 -38 747 2629 3234 -1755
933 6677 -41 748 2631 3236 -1755
934 6676 -40 747 2628 3236 -1755
935 6676 -44 743 2629 3236 -1754
936 6675 -43 745 2629 3231 -1757
937 6677 -46 748 2631 3234 -1756
938 6677 -46 744 2631 3231 -1753
939 6677 -41 747 2631 3236 -1753
940 6681 -40 747 2631 3233 -1755
941 6677 -40 746 2630 3232 -1756
942 6673 -41 745 2633 3227 -1756
943 6677 -43 745 2632 3229 -1756
944 6677 -38 746 2631 3230 -1753
945 6674 -44 746 2632 3231 -1758
946 6670 -45 745 2633 3228 -1758
947 6674 -42 747 2636 3228 -1757
948 6677 -42 745 2637 3231 -1757
949 6676 -40 748 2634 3230 -1753
950 6679 -43 745 2637 3228 -1753
951 6676 -42 747 2635 3230 -1756
952 6677 -43 744 2637 3230 -1757
953 6679 -44 744 2637 3233 -1755
954 6677 -41 744 2639 3230 -1754
955 6681 -42 746 2639 3230 -1757
956 6680 -41 745 2640 3228 -1752
957 6682 -38 746 2638 3228 -1755
958 6682 -41 747 2642 3229 -1754
959 6677 -40 745 2640 3227 -1753
960 6680 -39 743 2640 3224 -1755
961 6681 -38 746 2642 3228 -1752
962 6678 -37 751 2639 3225 -1755
963 6675 -37 744 2635 3223 -1755
964 6673 -39 744 2636 3222 -1755
965 6672 -40 743 2636 3220 -1758
966 6675 -38 744 2638 3222 -1757
967 6671 -40 742 2640 3220 -1759
968 6671 -40 744 2643 3220 -1754
969 6671 -37 748 2643 3219 -1755
970 6672 -38 747 2642 3220 -1755
971 6674 -36 749 2642 3220 -1753
972 6673 -36 747 2640 3217 -1758
973 6673 -37 744 2643 3218 -1756
974 6677 -37 748 2638 3218 -1752
975 6678 -36 747 2643 3224 -1755
976 6675 -37 749 2642 3219 -1756
977 6677 -37 743 2643 3222 -1754
978 6677 -39 748 2643 3223 -1752
979 6678 -38 750 2646 3221 -1754
980 6679 -38 747 2644 3222 -1753
981 6678 -35 748 2646 3221 -1751
982 6676 -40 747 2645 3219 -1755
983 6677 -36 746 2646 3224 -1753
984 6680 -37 750 2648 3224 -1754
985 6676 -38 748 2647 3222 -1755
986 6677 -37 747 2647 3223 -1756
987 6675 -39 747 2646 3218 -1758
988 6670 -37 743 2650 3219 -1760
989 6671 -40 744 2648 3220 -1756
990 6672 -35 747 2651 3221 -1757
991 6676 -35 748 2650 3223 -1752
992 6676 -36 748 2651 3222 -1750
993 6673 -33 750 2649 3221 -1753
994 6676 -34 747 2653 3222 -1756
995 6674 -34 749 2652 3221 -1755
996 6672 -34 747 2651 3219 -1755
997 6675 -35 745 2652 3217 -1757
998 6674 -35 750 2652 3222 -1755
999 6674 -36 748 2655 3223 -1753
