

<param name="Encoder">                                                                706.670  -11.375  11.375   -5.000   8.867    -2.222   -2.782   -2.833   -2.488   -2.711   -2.712   -2.148   </param>
<param name="Zeros">                                                                  -75.00   -180.00  180.00   -500.80  142.33   -106.20  -173.59  -90.00   -198.94  -90.00   -177.38  -349.63  </param>

















































































































[CALIBRATION]
// Joint                                                  0        4        5        6        7        8        9       10       11       12       13       14       15
CalibrationType                                           3        3        3        3        0        3        3        3        3        4        4        4        4
Calibration1                                        2388.75 3241.875   2047.5 1535.625      500   2047.5   2047.5     2504 1350.667      236       10      255       72
Calibration2                                             10       10       10       10       20       10       10      100       10       10       30       10       10
Calibration3                                         3629.5 3375.875   4085.5   4057.5        0   3972.5     40.5        0        0     6000    -6600     6000     7000
PositionZero                                            -30       30        0       45        0        0        0       15       45        0        0        0        0
VelocityZero                                             10       10       10       10       30       30       30      100      100      100      100      100      100

MaxPWM                                                  120     1000     1000     1000     1000     1000     1000     1000     1000     1000     1000     1000     1000                  //MAX PWM DURING THE CALIBRATION PHASE

[HOME]
// Joint                                                  0        4        5        6        7        8        9       10       11       12       13       14       15
PositionHome                                            -30       30        0       45        0        0       40       15       45        0        0        0        0
VelocityHome                                             10       10       10       10       30       30       30      100       10       10       10       10       10



[ENDINI] // do not remove this line!








































































































































