0 -520 2698 -562 -2806 2692 -334
1 -523 2695 -560 -2808 2697 -333
2 -519 2694 -563 -2811 2695 -333
3 -519 2697 -562 -2807 2690 -331
4 -523 2697 -564 -2804 2693 -334
5 -521 2701 -564 -2801 2692 -334
6 -527 2698 -562 -2798 2693 -334
7 -526 2699 -562 -2798 2689 -336
8 -526 2697 -565 -2799 2692 -332
9 -525 2697 -564 -2804 2691 -333
10 -522 2696 -563 -2804 2692 -330
11 -522 2699 -562 -2804 2697 -332
12 -518 2694 -561 -2811 2695 -330
13 -521 2695 -563 -2811 2695 -334
14 -520 2695 -564 -2810 2693 -334
15 -521 2698 -561 -2812 2696 -334
16 -523 2696 -565 -2804 2692 -334
17 -523 2698 -562 -2804 2692 -336
18 -519 2698 -564 -2801 2689 -332
19 -518 2696 -564 -2803 2692 -332
20 -522 2700 -562 -2804 2691 -330
21 -522 2701 -562 -2804 2695 -331
22 -519 2699 -563 -2806 2693 -330
23 -525 2695 -561 -2809 2694 -333
24 -522 2698 -563 -2808 2695 -333
25 -517 2699 -561 -2805 2695 -332
26 -520 2698 -562 -2804 2695 -333
27 -520 2697 -564 -2802 2693 -332
28 -523 2696 -561 -2797 2693 -332
29 -521 2697 -562 -2801 2688 -333
30 -522 2701 -564 -2800 2692 -332
31 -520 2700 -561 -2804 2692 -332
32 -522 2697 -564 -2806 2693 -335
33 -524 2698 -563 -2807 2692 -332
34 -517 2696 -563 -2809 2690 -333
35 -520 2700 -564 -2809 2693 -333
36 -521 2694 -565 -2810 2694 -329
37 -520 2695 -564 -2808 2694 -334
38 -521 2699 -561 -2810 2692 -331
39 -525 2697 -565 -2802 2694 -331
40 -524 2698 -562 -2803 2694 -336
41 -525 2697 -563 -2804 2690 -334
42 -523 2698 -564 -2802 2693 -336
43 -524 2694 -562 -2807 2691 -333
44 -523 2698 -562 -2808 2695 -335
45 -523 2693 -565 -2808 2693 -334
46 -523 2695 -564 -2806 2696 -332
47 -522 2696 -561 -2808 2694 -331
48 -524 2693 -566 -2808 2690 -334
49 -522 2699 -562 -2804 2688 -335
50 -523 2696 -561 -2801 2691 -334
51 -523 2698 -563 -2800 2690 -334
52 -525 2698 -566 -2800 2691 -334
53 -522 2696 -562 -2802 2695 -335
54 -524 2699 -563 -2808 2691 -332
55 -520 2696 -563 -2809 2697 -328
56 -521 2695 -564 -2811 2696 -333
57 -522 2694 -562 -2809 2696 -333
58 -524 2696 -558 -2806 2696 -334
59 -521 2695 -563 -2807 2695 -331
60 -518 2695 -562 -2804 2697 -332
61 -523 2701 -563 -2804 2693 -333
62 -523 2695 -562 -2799 2696 -333
63 -522 2698 -565 -2801 2691 -335
64 -526 2697 -563 -2802 2691 -334
65 -524 2699 -563 -2804 2691 -334
66 -522 2695 -563 -2807 2695 -335
67 -522 2696 -563 -2812 2696 -333
68 -522 2698 -564 -2807 2694 -332
69 -519 2696 -562 -2808 2695 -332
70 -520 2695 -561 -2808 2696 -333
71 -522 2698 -565 -2805 2693 -335
72 -522 2695 -561 -2801 2694 -334
73 -519 2701 -561 -2803 2688 -335
74 -522 2696 -564 -2801 2689 -333
75 -522 2698 -562 -2799 2692 -334
76 -525 2695 -561 -2803 2691 -333
77 -521 2700 -560 -2809 2690 -332
78 -524 2696 -562 -2811 2695 -336
79 -518 2695 -562 -2806 2695 -333
80 -518 2694 -565 -2810 2695 -334
81 -518 2700 -561 -2806 2694 -331
82 -522 2700 -561 -2803 2692 -334
83 -526 2696 -565 -2806 2692 -331
84 -520 2699 -564 -2803 2691 -335
85 -521 2700 -564 -2806 2692 -333
86 -524 2693 -565 -2805 2693 -332
87 -521 2698 -564 -2807 2697 -332
88 -520 2695 -562 -2806 2697 -332
89 -522 2698 -563 -2806 2690 -333
90 -522 2695 -564 -2807 2696 -332
91 -522 2695 -565 -2804 2695 -333
92 -522 2698 -565 -2806 2693 -335
93 -525 2696 -563 -2800 2694 -332
94 -523 2699 -565 -2803 2688 -334
95 -523 2699 -561 -2806 2694 -332
96 -524 2698 -560 -2805 2692 -334
97 -521 2697 -561 -2805 2692 -333
98 -520 2698 -563 -2806 2696 -332
99 -521 2696 -566 -2803 2695 -333
100 -519 2698 -563 -2810 2693 -333
101 -524 2697 -563 -2808 2693 -334
102 -523 2698 -563 -2808 2692 -337
103 -522 2695 -565 -2808 2694 -334
104 -522 2698 -561 -2806 2691 -332
105 -526 2699 -568 -2807 2691 -331
106 -519 2698 -560 -2804 2691 -333
107 -520 2700 -562 -2804 2692 -330
108 -522 2698 -559 -2805 2694 -333
109 -520 2696 -562 -2806 2696 -337
110 -524 2699 -561 -2808 2695 -333
111 -522 2701 -564 -2803 2696 -333
112 -521 2694 -562 -2806 2695 -336
113 -522 2698 -559 -2806 2691 -334
114 -522 2696 -562 -2806 2689 -335
115 -522 2699 -565 -2806 2689 -332
116 -526 2698 -561 -2800 2693 -330
117 -522 2695 -558 -2801 2691 -333
118 -524 2700 -564 -2800 2691 -336
119 -525 2697 -559 -2804 2691 -331
120 -522 2697 -565 -2804 2691 -331
121 -519 2699 -560 -2805 2693 -332
122 -520 2692 -564 -2810 2694 -335
123 -525 2696 -562 -2808 2695 -334
124 -520 2699 -564 -2806 2694 -330
125 -521 2698 -561 -2805 2688 -336
126 -525 2699 -565 -2801 2691 -335
127 -524 2698 -561 -2805 2688 -331
128 -523 2695 -564 -2801 2691 -332
129 -521 2698 -563 -2805 2695 -336
130 -522 2696 -565 -2808 2695 -331
131 -521 2698 -562 -2810 2697 -330
132 -519 2696 -563 -2808 2694 -332
133 -520 2694 -564 -2806 2692 -335
134 -524 2692 -562 -2807 2693 -332
135 -523 2696 -564 -2808 2693 -333
136 -522 2699 -563 -2804 2692 -333
137 -525 2697 -564 -2805 2692 -333
138 -524 2698 -563 -2806 2692 -336
139 -522 2698 -560 -2800 2692 -334
140 -524 2696 -563 -2802 2691 -331
141 -523 2696 -562 -2805 2697 -335
142 -522 2697 -562 -2809 2693 -333
143 -523 2696 -563 -2808 2696 -330
144 -523 2697 -565 -2807 2692 -333
145 -521 2698 -565 -2806 2691 -334
146 -522 2694 -564 -2805 2689 -334
147 -519 2699 -563 -2800 2692 -333
148 -524 2700 -561 -2802 2691 -335
149 -523 2699 -566 -2805 2692 -331
150 -526 2695 -564 -2805 2691 -333
151 -522 2696 -561 -2810 2691 -333
152 -520 2696 -567 -2808 2694 -332
153 -519 2696 -563 -2810 2695 -334
154 -521 2696 -566 -2810 2692 -335
155 -522 2694 -565 -2804 2693 -335
156 -521 2694 -563 -2804 2690 -336
157 -528 2696 -563 -2800 2689 -336
158 -525 2696 -561 -2799 2687 -339
159 -524 2694 -564 -2799 2690 -334
160 -525 2695 -563 -2806 2692 -335
161 -522 2701 -561 -2805 2692 -333
162 -522 2698 -562 -2808 2694 -336
163 -519 2696 -562 -2808 2695 -336
164 -521 2699 -566 -2809 2693 -335
165 -519 2693 -563 -2807 2694 -334
166 -524 2697 -564 -2805 2695 -334
167 -523 2697 -563 -2802 2690 -331
168 -524 2700 -565 -2807 2688 -333
169 -525 2695 -564 -2805 2690 -332
170 -523 2694 -565 -2805 2689 -336
171 -523 2695 -566 -2807 2691 -334
172 -523 2695 -567 -2809 2687 -335
173 -524 2695 -565 -2811 2694 -333
174 -522 2696 -567 -2810 2691 -335
175 -520 2694 -562 -2810 2692 -334
176 -524 2697 -565 -2807 2693 -336
177 -523 2696 -563 -2806 2689 -334
178 -524 2694 -564 -2806 2692 -332
179 -524 2696 -564 -2804 2693 -336
180 -522 2696 -562 -2803 2690 -332
181 -522 2698 -563 -2805 2692 -334
182 -520 2695 -564 -2803 2691 -335
183 -521 2698 -562 -2802 2688 -330
184 -523 2699 -559 -2800 2692 -331
185 -523 2698 -558 -2805 2690 -334
186 -523 2696 -558 -2808 2694 -335
187 -520 2698 -563 -2807 2693 -336
188 -521 2698 -561 -2807 2690 -336
189 -521 2699 -561 -2802 2693 -333
190 -525 2698 -561 -2801 2693 -334
191 -523 2696 -564 -2801 2691 -334
192 -525 2696 -563 -2803 2691 -338
193 -522 2696 -566 -2805 2690 -334
194 -519 2697 -563 -2806 2693 -332
195 -521 2696 -561 -2805 2692 -330
196 -521 2700 -561 -2807 2695 -329
197 -521 2697 -563 -2806 2694 -333
198 -519 2697 -564 -2805 2696 -334
199 -523 2699 -563 -2804 2696 -335
200 -519 2697 -560 -2805 2695 -332
201 -521 2698 -562 -2802 2693 -332
202 -522 2698 -564 -2806 2693 -333
203 -521 2701 -561 -2802 2692 -331
204 -523 2700 -560 -2807 2689 -334
205 -522 2696 -562 -2801 2693 -333
206 -525 2697 -561 -2803 2694 -332
207 -523 2696 -560 -2802 2694 -335
208 -525 2698 -562 -2808 2692 -333
209 -522 2698 -561 -2804 2693 -334
210 -517 2701 -563 -2808 2692 -332
211 -522 2697 -563 -2808 2693 -336
212 -519 2698 -564 -2806 2692 -333
213 -523 2698 -560 -2803 2691 -332
214 -524 2697 -562 -2804 2690 -337
215 -524 2699 -564 -2803 2691 -335
216 -523 2697 -566 -2805 2695 -334
217 -523 2696 -565 -2803 2690 -335
218 -522 2697 -561 -2808 2696 -332
219 -523 2699 -560 -2806 2692 -336
220 -524 2699 -562 -2807 2697 -334
221 -521 2695 -562 -2806 2692 -334
222 -528 2699 -563 -2806 2692 -331
223 -521 2698 -565 -2805 2696 -334
224 -523 2696 -562 -2803 2694 -333
225 -522 2697 -562 -2802 2697 -333
226 -523 2702 -565 -2802 2693 -330
227 -524 2699 -561 -2803 2694 -332
228 -524 2696 -561 -2802 2690 -332
229 -523 2698 -564 -2805 2690 -333
230 -522 2696 -563 -2806 2691 -333
231 -523 2698 -564 -2807 2691 -333
232 -525 2698 -563 -2808 2693 -332
233 -519 2698 -563 -2806 2692 -331
234 -521 2694 -564 -2804 2688 -335
235 -521 2696 -563 -2806 2691 -334
236 -524 2697 -562 -2803 2691 -335
237 -522 2696 -561 -2809 2694 -329
238 -522 2699 -563 -2805 2696 -332
239 -524 2695 -563 -2808 2694 -333
240 -521 2696 -564 -2803 2694 -330
241 -524 2698 -562 -2804 2694 -332
242 -522 2694 -563 -2803 2686 -334
243 -521 2698 -564 -2801 2691 -337
244 -525 2698 -562 -2803 2690 -334
245 -522 2700 -564 -2804 2693 -333
246 -520 2696 -564 -2805 2692 -335
247 -519 2698 -563 -2807 2691 -333
248 -520 2696 -564 -2806 2692 -335
249 -522 2697 -564 -2803 2694 -331
250 -521 2697 -560 -2808 2694 -332
251 -521 2696 -566 -2805 2695 -331
252 -523 2697 -562 -2806 2692 -334
253 -520 2699 -563 -2807 2692 -332
254 -521 2698 -562 -2805 2692 -337
255 -523 2700 -564 -2805 2695 -331
256 -517 2698 -561 -2805 2697 -330
257 -517 2702 -559 -2802 2696 -329
258 -521 2698 -559 -2807 2691 -335
259 -521 2697 -562 -2805 2692 -335
260 -523 2697 -562 -2804 2694 -330
261 -520 2698 -561 -2807 2693 -332
262 -523 2696 -562 -2808 2693 -333
263 -522 2698 -564 -2807 2690 -332
264 -525 2698 -563 -2806 2693 -330
265 -520 2697 -562 -2804 2694 -333
266 -522 2698 -560 -2806 2694 -334
267 -521 2700 -562 -2805 2693 -335
268 -521 2695 -563 -2805 2693 -329
269 -522 2699 -560 -2803 2697 -333
270 -522 2698 -561 -2806 2693 -331
271 -522 2696 -562 -2802 2692 -333
272 -523 2700 -560 -2801 2690 -335
273 -519 2697 -562 -2807 2690 -330
274 -525 2699 -561 -2806 2693 -335
275 -523 2697 -563 -2808 2696 -332
276 -522 2697 -563 -2807 2694 -332
277 -522 2698 -562 -2808 2691 -336
278 -522 2693 -563 -2804 2693 -334
279 -522 2697 -564 -2806 2692 -333
280 -524 2697 -565 -2807 2692 -334
281 -522 2697 -564 -2807 2693 -334
282 -521 2695 -564 -2808 2692 -336
283 -524 2695 -563 -2805 2691 -332
284 -521 2695 -562 -2809 2687 -334
285 -524 2697 -563 -2804 2692 -337
286 -521 2696 -565 -2805 2690 -335
287 -524 2699 -562 -2804 2690 -332
288 -523 2695 -562 -2807 2691 -334
289 -522 2695 -560 -2806 2694 -336
290 -522 2695 -563 -2808 2695 -334
291 -522 2695 -561 -2806 2694 -334
292 -525 2696 -566 -2805 2691 -331
293 -524 2695 -560 -2800 2688 -337
294 -524 2696 -566 -2801 2691 -333
295 -527 2695 -563 -2803 2693 -333
296 -520 2698 -563 -2810 2694 -332
297 -523 2697 -565 -2811 2694 -335
298 -522 2695 -566 -2806 2696 -334
299 -523 2699 -565 -2807 2693 -331
300 -526 2694 -564 -2805 2690 -335
301 -524 2699 -564 -2802 2689 -334
302 -524 2695 -564 -2803 2689 -334
303 -523 2699 -562 -2804 2692 -333
304 -521 2698 -562 -2808 2692 -334
305 -525 2694 -564 -2810 2695 -335
306 -519 2695 -564 -2812 2694 -333
307 -519 2696 -563 -2808 2697 -331
308 -519 2696 -561 -2810 2697 -333
309 -524 2696 -563 -2804 2693 -333
310 -521 2695 -565 -2807 2691 -337
311 -525 2698 -560 -2805 2692 -336
312 -522 2696 -564 -2805 2692 -334
313 -524 2695 -565 -2806 2692 -335
314 -524 2697 -564 -2804 2688 -334
315 -526 2694 -567 -2804 2691 -333
316 -524 2697 -562 -2801 2692 -333
317 -522 2696 -564 -2805 2692 -332
318 -524 2696 -565 -2807 2696 -336
319 -522 2696 -562 -2809 2696 -331
320 -522 2696 -563 -2806 2695 -333
321 -522 2697 -565 -2806 2690 -332
322 -522 2693 -564 -2803 2689 -336
323 -523 2695 -565 -2803 2691 -333
324 -525 2696 -564 -2801 2692 -333
325 -526 2698 -561 -2803 2692 -333
326 -524 2696 -565 -2807 2692 -334
327 -524 2694 -562 -2809 2692 -337
328 -523 2696 -565 -2809 2697 -335
329 -521 2696 -563 -2809 2694 -333
330 -520 2694 -565 -2806 2697 -332
331 -521 2697 -564 -2806 2694 -333
332 -524 2697 -561 -2805 2698 -332
333 -520 2697 -562 -2804 2691 -333
334 -522 2696 -562 -2801 2689 -337
335 -525 2701 -562 -2799 2688 -333
336 -524 2696 -560 -2801 2690 -333
337 -525 2699 -564 -2802 2689 -333
338 -523 2696 -565 -2809 2692 -333
339 -523 2693 -565 -2810 2693 -334
340 -520 2696 -565 -2813 2692 -334
341 -518 2697 -564 -2812 2694 -334
342 -520 2694 -560 -2806 2692 -334
343 -522 2696 -564 -2805 2689 -333
344 -525 2696 -563 -2799 2691 -334
345 -528 2696 -563 -2802 2688 -331
346 -523 2695 -564 -2800 2691 -330
347 -522 2697 -563 -2809 2691 -335
348 -523 2697 -563 -2811 2697 -333
349 -522 2695 -562 -2812 2694 -332
350 -518 2694 -562 -2814 2693 -335
351 -523 2694 -565 -2810 2694 -334
352 -522 2693 -564 -2808 2692 -334
353 -524 2697 -565 -2805 2691 -333
354 -523 2694 -564 -2805 2691 -336
355 -526 2693 -566 -2800 2691 -334
356 -524 2697 -563 -2801 2692 -334
357 -522 2698 -560 -2805 2692 -332
358 -524 2701 -559 -2803 2693 -331
359 -524 2696 -562 -2804 2694 -329
360 -523 2698 -563 -2807 2693 -333
361 -520 2698 -560 -2807 2694 -334
362 -518 2698 -562 -2811 2693 -334
363 -520 2696 -564 -2811 2697 -333
364 -522 2697 -564 -2811 2694 -334
365 -521 2696 -565 -2806 2694 -334
366 -526 2696 -566 -2802 2691 -334
367 -524 2697 -564 -2798 2690 -334
368 -525 2696 -563 -2798 2691 -334
369 -524 2699 -564 -2800 2690 -333
370 -521 2700 -564 -2805 2694 -333
371 -520 2698 -563 -2809 2696 -333
372 -519 2695 -564 -2811 2697 -334
373 -521 2698 -564 -2812 2693 -334
374 -524 2696 -561 -2811 2695 -331
375 -519 2693 -562 -2804 2696 -336
376 -520 2699 -562 -2805 2693 -334
377 -525 2695 -562 -2801 2692 -332
378 -525 2696 -560 -2804 2691 -335
379 -523 2695 -562 -2805 2694 -336
380 -525 2697 -562 -2802 2696 -334
381 -520 2699 -562 -2807 2694 -332
382 -523 2697 -559 -2805 2694 -333
383 -521 2695 -562 -2808 2695 -334
384 -522 2698 -563 -2805 2694 -332
385 -520 2697 -565 -2804 2692 -335
386 -521 2697 -564 -2806 2693 -330
387 -524 2697 -562 -2803 2690 -335
388 -524 2699 -563 -2799 2692 -333
389 -525 2698 -561 -2803 2691 -333
390 -521 2701 -564 -2805 2694 -333
391 -523 2698 -563 -2810 2693 -332
392 -520 2698 -563 -2808 2695 -333
393 -519 2698 -563 -2809 2696 -336
394 -521 2697 -561 -2804 2695 -333
395 -524 2694 -566 -2803 2695 -332
396 -520 2695 -562 -2806 2695 -332
397 -524 2695 -559 -2803 2694 -334
398 -521 2697 -566 -2805 2693 -335
399 -524 2698 -564 -2804 2694 -331
400 -523 2696 -564 -2804 2695 -335
401 -525 2700 -562 -2802 2691 -333
402 -520 2696 -562 -2803 2693 -331
403 -521 2696 -563 -2804 2696 -332
404 -519 2696 -560 -2807 2697 -331
405 -521 2700 -562 -2810 2694 -333
406 -524 2699 -564 -2806 2696 -334
407 -523 2696 -560 -2808 2692 -334
408 -523 2696 -564 -2806 2693 -334
409 -524 2695 -565 -2802 2694 -332
410 -521 2698 -560 -2800 2691 -335
411 -523 2697 -562 -2798 2690 -333
412 -526 2697 -562 -2803 2690 -331
413 -526 2699 -563 -2805 2693 -332
414 -521 2696 -565 -2809 2692 -331
415 -518 2695 -562 -2811 2697 -330
416 -517 2696 -566 -2812 2695 -333
417 -520 2699 -561 -2811 2694 -334
418 -521 2693 -564 -2807 2691 -332
419 -524 2696 -562 -2806 2690 -336
420 -521 2694 -563 -2802 2693 -335
421 -524 2697 -563 -2803 2693 -332
422 -525 2695 -564 -2804 2692 -336
423 -524 2697 -561 -2805 2695 -335
424 -522 2697 -562 -2804 2696 -334
425 -521 2701 -561 -2805 2694 -331
426 -522 2700 -564 -2808 2697 -336
427 -518 2696 -563 -2806 2694 -335
428 -525 2697 -563 -2803 2694 -335
429 -523 2698 -560 -2802 2695 -333
430 -523 2698 -562 -2801 2692 -334
431 -524 2696 -563 -2804 2695 -331
432 -522 2699 -561 -2803 2694 -331
433 -522 2699 -560 -2804 2694 -331
434 -524 2702 -563 -2804 2696 -334
435 -521 2696 -562 -2808 2695 -335
436 -522 2698 -565 -2808 2694 -335
437 -521 2695 -563 -2807 2696 -334
438 -520 2695 -563 -2808 2697 -332
439 -522 2696 -563 -2809 2693 -335
440 -524 2697 -564 -2804 2692 -333
441 -526 2695 -567 -2801 2694 -333
442 -524 2699 -563 -2804 2689 -333
443 -522 2701 -564 -2802 2691 -332
444 -524 2699 -564 -2804 2693 -331
445 -522 2696 -560 -2806 2694 -336
446 -519 2698 -560 -2805 2695 -331
447 -521 2696 -563 -2808 2694 -332
448 -519 2699 -560 -2811 2695 -332
449 -517 2696 -562 -2805 2694 -331
450 -520 2699 -560 -2801 2690 -335
451 -522 2700 -562 -2802 2691 -328
452 -526 2698 -561 -2800 2691 -331
453 -525 2700 -563 -2796 2692 -332
454 -524 2700 -560 -2801 2693 -332
455 -519 2700 -562 -2807 2695 -332
456 -521 2699 -559 -2806 2695 -334
457 -521 2698 -562 -2809 2695 -333
458 -522 2697 -566 -2811 2696 -333
459 -521 2694 -564 -2809 2698 -331
460 -522 2698 -561 -2808 2697 -330
461 -521 2696 -562 -2798 2696 -333
462 -522 2697 -560 -2802 2691 -333
463 -524 2699 -562 -2797 2692 -332
464 -521 2700 -560 -2803 2690 -333
465 -524 2698 -563 -2803 2690 -332
466 -522 2695 -564 -2804 2694 -333
467 -520 2696 -564 -2807 2692 -333
468 -520 2695 -562 -2810 2694 -334
469 -522 2697 -563 -2808 2694 -331
470 -521 2695 -564 -2807 2697 -332
471 -523 2698 -559 -2806 2692 -333
472 -525 2697 -564 -2804 2693 -336
473 -522 2698 -562 -2805 2693 -333
474 -523 2696 -565 -2800 2694 -331
475 -525 2700 -561 -2807 2692 -333
476 -523 2696 -561 -2803 2692 -334
477 -523 2701 -561 -2804 2690 -332
478 -524 2696 -562 -2804 2692 -332
479 -520 2693 -564 -2809 2695 -332
480 -520 2697 -564 -2811 2693 -334
481 -519 2693 -564 -2808 2696 -335
482 -521 2695 -563 -2808 2693 -333
483 -520 2694 -563 -2800 2695 -331
484 -523 2698 -562 -2798 2689 -333
485 -525 2699 -561 -2797 2692 -333
486 -524 2698 -563 -2802 2689 -332
487 -523 2698 -566 -2804 2690 -331
488 -523 2696 -565 -2806 2692 -338
489 -522 2696 -565 -2814 2694 -334
490 -521 2692 -562 -2809 2698 -332
491 -521 2695 -565 -2811 2692 -334
492 -521 2693 -564 -2807 2694 -333
493 -525 2696 -562 -2801 2690 -334
494 -525 2695 -561 -2802 2690 -335
495 -523 2696 -563 -2799 2686 -334
496 -525 2698 -564 -2802 2689 -332
497 -524 2697 -562 -2802 2691 -332
498 -525 2700 -561 -2806 2694 -332
499 -522 2697 -561 -2809 2691 -332
500 -521 2696 -560 -2806 2695 -331
501 -523 2698 -562 -2811 2695 -334
502 -522 2696 -565 -2812 2694 -332
503 -521 2694 -562 -2812 2692 -334
504 -521 2694 -567 -2807 2695 -332
505 -522 2693 -564 -2805 2691 -333
506 -524 2695 -566 -2801 2692 -336
507 -527 2695 -562 -2802 2691 -334
508 -525 2696 -564 -2804 2688 -335
509 -522 2699 -565 -2803 2690 -335
510 -524 2698 -562 -2807 2692 -334
511 -521 2697 -563 -2809 2692 -334
512 -523 2696 -563 -2812 2692 -335
513 -520 2694 -565 -2809 2696 -332
514 -517 2698 -562 -2806 2695 -333
515 -524 2698 -562 -2804 2692 -332
516 -523 2699 -562 -2801 2693 -333
517 -524 2699 -564 -2802 2692 -334
518 -523 2697 -567 -2802 2690 -334
519 -525 2694 -562 -2803 2693 -331
520 -524 2697 -564 -2803 2692 -335
521 -522 2696 -563 -2807 2695 -334
522 -522 2696 -565 -2809 2692 -334
523 -522 2695 -562 -2808 2695 -329
524 -518 2696 -563 -2806 2693 -332
525 -520 2696 -564 -2811 2695 -331
526 -524 2693 -562 -2808 2692 -334
527 -526 2700 -565 -2802 2689 -336
528 -526 2698 -564 -2798 2691 -335
529 -524 2698 -563 -2800 2691 -336
530 -523 2698 -563 -2803 2694 -333
531 -522 2696 -563 -2804 2692 -329
532 -523 2700 -560 -2808 2693 -332
533 -523 2691 -563 -2811 2693 -333
534 -522 2694 -561 -2808 2697 -335
535 -522 2696 -565 -2809 2695 -332
536 -520 2695 -565 -2805 2693 -333
537 -523 2698 -567 -2804 2689 -333
538 -524 2698 -561 -2805 2690 -335
539 -528 2696 -562 -2802 2693 -334
540 -524 2695 -564 -2802 2692 -331
541 -525 2691 -564 -2804 2690 -337
542 -521 2697 -563 -2808 2694 -333
543 -520 2696 -562 -2807 2694 -336
544 -520 2697 -562 -2802 2696 -331
545 -521 2695 -561 -2805 2694 -330
546 -521 2693 -566 -2806 2692 -333
547 -523 2695 -563 -2807 2696 -332
548 -520 2700 -563 -2806 2692 -334
549 -523 2699 -563 -2805 2692 -335
550 -520 2696 -563 -2805 2694 -332
551 -522 2698 -565 -2802 2690 -333
552 -526 2696 -564 -2801 2691 -332
553 -526 2701 -562 -2803 2689 -334
554 -525 2696 -564 -2806 2692 -334
555 -522 2696 -565 -2809 2697 -333
556 -520 2698 -564 -2814 2695 -331
557 -521 2697 -563 -2810 2694 -334
558 -521 2697 -567 -2805 2690 -334
559 -525 2698 -562 -2806 2691 -334
560 -521 2698 -567 -2808 2687 -336
561 -525 2698 -564 -2799 2693 -336
562 -523 2697 -564 -2804 2694 -332
563 -521 2697 -562 -2806 2690 -332
564 -525 2697 -562 -2810 2692 -334
565 -525 2692 -567 -2804 2694 -331
566 -525 2696 -565 -2804 2689 -333
567 -520 2698 -566 -2805 2692 -333
568 -522 2699 -564 -2804 2696 -334
569 -524 2698 -561 -2809 2694 -332
570 -523 2696 -564 -2801 2696 -335
571 -522 2698 -562 -2802 2692 -333
572 -521 2697 -563 -2802 2690 -333
573 -522 2695 -562 -2803 2693 -334
574 -521 2695 -561 -2807 2692 -332
575 -524 2699 -561 -2804 2694 -334
576 -523 2697 -565 -2806 2693 -329
577 -519 2698 -563 -2806 2695 -336
578 -524 2700 -563 -2809 2693 -335
579 -520 2697 -564 -2804 2691 -333
580 -524 2698 -563 -2802 2694 -335
581 -521 2699 -563 -2803 2691 -334
582 -523 2696 -565 -2802 2690 -333
583 -521 2697 -564 -2805 2692 -337
584 -521 2697 -565 -2809 2694 -334
585 -524 2698 -560 -2809 2694 -332
586 -521 2698 -567 -2807 2696 -334
587 -520 2697 -563 -2801 2692 -336
588 -521 2699 -564 -2804 2694 -334
589 -525 2699 -561 -2803 2696 -330
590 -521 2701 -562 -2807 2691 -334
591 -520 2699 -564 -2802 2692 -336
592 -522 2700 -561 -2807 2694 -334
593 -520 2694 -563 -2808 2692 -334
594 -524 2697 -562 -2805 2693 -333
595 -525 2697 -563 -2799 2690 -335
596 -523 2698 -565 -2799 2688 -334
597 -522 2698 -565 -2805 2691 -331
598 -519 2698 -563 -2809 2696 -333
599 -519 2698 -563 -2813 2695 -334
600 -520 2696 -563 -2811 2697 -332
601 -522 2696 -564 -2809 2697 -331
602 -521 2696 -563 -2801 2691 -333
603 -518 2700 -563 -2799 2692 -332
604 -523 2696 -565 -2801 2687 -333
605 -523 2699 -562 -2802 2694 -330
606 -522 2697 -561 -2809 2694 -333
607 -521 2697 -566 -2812 2696 -334
608 -521 2696 -566 -2808 2695 -336
609 -521 2696 -562 -2803 2691 -332
610 -519 2697 -560 -2801 2689 -333
611 -524 2696 -565 -2802 2692 -332
612 -524 2698 -565 -2805 2696 -331
613 -523 2697 -565 -2811 2693 -332
614 -520 2699 -560 -2807 2692 -334
615 -520 2697 -565 -2803 2694 -332
616 -523 2697 -561 -2803 2690 -336
617 -527 2699 -565 -2801 2688 -334
618 -526 2698 -563 -2802 2691 -333
619 -523 2696 -562 -2808 2693 -335
620 -522 2696 -564 -2806 2694 -334
621 -522 2697 -564 -2810 2696 -332
622 -520 2696 -564 -2808 2697 -332
623 -519 2695 -563 -2805 2693 -339
624 -526 2696 -565 -2803 2690 -334
625 -525 2695 -563 -2802 2692 -334
626 -522 2694 -562 -2803 2693 -334
627 -525 2696 -562 -2806 2694 -333
628 -523 2695 -566 -2808 2690 -336
629 -521 2696 -562 -2806 2696 -333
630 -522 2698 -564 -2810 2692 -335
631 -525 2696 -564 -2806 2691 -336
632 -523 2697 -564 -2804 2691 -334
633 -525 2697 -565 -2804 2691 -335
634 -526 2695 -563 -2810 2690 -335
635 -523 2697 -562 -2804 2694 -334
636 -522 2698 -565 -2806 2695 -333
637 -524 2697 -564 -2808 2694 -334
638 -525 2694 -563 -2802 2694 -330
639 -524 2698 -561 -2801 2691 -333
640 -524 2698 -564 -2801 2690 -333
641 -523 2698 -566 -2804 2692 -333
642 -527 2696 -560 -2813 2692 -334
643 -522 2695 -563 -2813 2693 -331
644 -520 2697 -567 -2811 2699 -333
645 -520 2694 -566 -2809 2691 -335
646 -522 2696 -566 -2805 2690 -336
647 -525 2696 -563 -2802 2689 -333
648 -522 2699 -562 -2800 2693 -333
649 -523 2696 -565 -2801 2693 -335
650 -522 2698 -564 -2806 2695 -330
651 -521 2696 -564 -2806 2696 -334
652 -520 2698 -562 -2807 2697 -334
653 -520 2697 -564 -2807 2692 -334
654 -524 2696 -563 -2805 2692 -332
655 -521 2697 -563 -2808 2692 -332
656 -522 2696 -565 -2807 2692 -332
657 -523 2697 -564 -2807 2694 -333
658 -521 2697 -564 -2808 2691 -338
659 -517 2697 -564 -2805 2695 -332
660 -522 2696 -565 -2801 2692 -334
661 -528 2700 -563 -2798 2688 -332
662 -522 2700 -563 -2799 2687 -331
663 -526 2699 -562 -2804 2691 -331
664 -523 2696 -560 -2802 2691 -331
665 -517 2696 -562 -2809 2693 -335
666 -517 2696 -562 -2814 2696 -332
667 -519 2696 -562 -2804 2698 -333
668 -516 2697 -563 -2805 2690 -333
669 -522 2698 -565 -2801 2694 -332
670 -526 2698 -563 -2805 2688 -334
671 -523 2698 -563 -2806 2689 -337
672 -521 2694 -563 -2809 2691 -330
673 -523 2698 -565 -2810 2693 -334
674 -523 2698 -563 -2807 2694 -334
675 -526 2698 -560 -2802 2691 -334
676 -525 2694 -564 -2802 2691 -330
677 -524 2695 -561 -2802 2692 -332
678 -519 2695 -565 -2808 2693 -333
679 -522 2696 -564 -2807 2694 -334
680 -520 2695 -565 -2809 2695 -332
681 -521 2698 -561 -2803 2693 -336
682 -527 2700 -562 -2803 2689 -335
683 -524 2696 -565 -2798 2688 -333
684 -522 2698 -564 -2803 2689 -333
685 -524 2699 -563 -2807 2691 -332
686 -520 2699 -562 -2810 2696 -333
687 -522 2695 -564 -2812 2697 -334
688 -521 2696 -566 -2810 2694 -336
689 -518 2697 -559 -2806 2693 -334
690 -522 2696 -566 -2802 2691 -334
691 -523 2698 -560 -2800 2692 -332
692 -524 2699 -561 -2800 2696 -333
693 -521 2701 -557 -2805 2693 -334
694 -522 2696 -561 -2805 2692 -332
695 -519 2698 -560 -2809 2695 -330
696 -518 2696 -561 -2802 2694 -332
697 -519 2698 -561 -2807 2691 -331
698 -521 2699 -564 -2802 2697 -330
699 -524 2697 -560 -2803 2693 -331
700 -520 2697 -562 -2802 2695 -333
701 -520 2699 -559 -2803 2694 -330
702 -521 2700 -560 -2803 2694 -334
703 -519 2699 -561 -2804 2693 -336
704 -521 2696 -562 -2804 2693 -331
705 -523 2695 -563 -2803 2691 -333
706 -525 2697 -563 -2803 2692 -332
707 -527 2698 -565 -2803 2693 -333
708 -520 2699 -561 -2808 2691 -331
709 -520 2695 -561 -2811 2695 -332
710 -521 2695 -560 -2809 2698 -331
711 -520 2696 -562 -2805 2698 -333
712 -526 2697 -562 -2803 2694 -331
713 -523 2700 -561 -2803 2693 -331
714 -523 2696 -561 -2801 2691 -334
715 -521 2697 -561 -2808 2694 -331
716 -520 2699 -561 -2808 2693 -333
717 -521 2697 -562 -2807 2696 -332
718 -521 2697 -563 -2801 2693 -333
719 -523 2697 -563 -2803 2694 -335
720 -522 2697 -565 -2802 2692 -333
721 -523 2697 -564 -2803 2690 -338
722 -522 2699 -562 -2807 2692 -332
723 -525 2699 -563 -2807 2695 -332
724 -520 2697 -565 -2809 2697 -334
725 -522 2695 -565 -2806 2694 -332
726 -522 2698 -564 -2804 2689 -331
727 -521 2701 -561 -2802 2687 -334
728 -526 2702 -563 -2800 2692 -332
729 -523 2697 -563 -2804 2691 -334
730 -523 2693 -562 -2808 2696 -332
731 -519 2698 -563 -2809 2693 -333
732 -518 2696 -565 -2809 2694 -333
733 -522 2697 -565 -2808 2693 -333
734 -522 2698 -564 -2802 2692 -333
735 -522 2697 -559 -2800 2691 -330
736 -525 2695 -561 -2802 2695 -333
737 -522 2700 -564 -2805 2694 -333
738 -520 2699 -565 -2808 2696 -333
739 -518 2698 -562 -2807 2694 -332
740 -520 2697 -564 -2804 2693 -333
741 -522 2695 -566 -2805 2695 -335
742 -525 2696 -562 -2804 2693 -333
743 -524 2695 -562 -2805 2692 -334
744 -523 2699 -562 -2807 2691 -334
745 -516 2698 -564 -2810 2694 -334
746 -520 2700 -564 -2805 2693 -334
747 -521 2698 -564 -2802 2695 -333
748 -523 2696 -564 -2799 2692 -329
749 -525 2699 -560 -2801 2690 -331
750 -526 2694 -563 -2803 2690 -332
751 -522 2695 -566 -2805 2692 -332
752 -519 2700 -564 -2809 2696 -334
753 -520 2699 -564 -2809 2696 -328
754 -522 2698 -561 -2812 2696 -332
755 -523 2697 -564 -2805 2695 -332
756 -524 2699 -562 -2800 2689 -333
757 -524 2697 -561 -2799 2693 -334
758 -524 2696 -561 -2800 2694 -333
759 -522 2697 -564 -2805 2693 -332
760 -522 2695 -559 -2808 2699 -331
761 -519 2698 -565 -2810 2695 -332
762 -520 2699 -561 -2806 2694 -330
763 -519 2700 -560 -2800 2691 -329
764 -520 2700 -560 -2801 2691 -331
765 -521 2698 -561 -2806 2689 -332
766 -524 2698 -559 -2804 2696 -332
767 -524 2698 -563 -2807 2698 -331
768 -521 2700 -563 -2807 2696 -331
769 -517 2699 -560 -2805 2695 -333
770 -520 2700 -558 -2802 2691 -331
771 -524 2699 -562 -2800 2690 -330
772 -523 2701 -560 -2800 2693 -334
773 -524 2696 -562 -2807 2694 -331
774 -524 2697 -562 -2808 2692 -335
775 -518 2697 -562 -2808 2696 -332
776 -519 2697 -564 -2808 2696 -330
777 -517 2699 -562 -2804 2692 -332
778 -522 2699 -563 -2798 2692 -331
779 -523 2700 -563 -2800 2690 -332
780 -524 2700 -559 -2802 2693 -332
781 -522 2699 -560 -2804 2695 -332
782 -518 2700 -561 -2805 2695 -334
783 -517 2698 -563 -2805 2695 -331
784 -520 2698 -563 -2804 2697 -331
785 -520 2699 -561 -2802 2692 -330
786 -521 2697 -563 -2803 2697 -331
787 -522 2699 -557 -2803 2695 -334
788 -522 2699 -561 -2801 2694 -331
789 -520 2700 -562 -2806 2693 -332
790 -522 2697 -564 -2806 2692 -330
791 -523 2694 -563 -2803 2696 -332
792 -522 2697 -562 -2803 2694 -333
793 -522 2698 -563 -2799 2694 -330
794 -521 2699 -559 -2802 2696 -332
795 -526 2700 -562 -2804 2692 -329
796 -518 2697 -563 -2807 2693 -332
797 -524 2698 -562 -2811 2692 -332
798 -522 2692 -563 -2808 2695 -331
799 -520 2701 -561 -2804 2692 -334
800 -520 2700 -561 -2799 2690 -331
801 -524 2698 -563 -2799 2690 -334
802 -527 2698 -560 -2802 2689 -330
803 -524 2696 -562 -2806 2692 -331
804 -521 2695 -562 -2811 2696 -333
805 -518 2700 -563 -2810 2693 -333
806 -519 2696 -565 -2807 2699 -332
807 -520 2697 -564 -2807 2693 -331
808 -519 2698 -559 -2804 2693 -334
809 -521 2698 -560 -2801 2693 -336
810 -520 2700 -560 -2805 2695 -329
811 -520 2699 -560 -2803 2696 -334
812 -521 2697 -562 -2802 2695 -331
813 -523 2700 -561 -2802 2693 -332
814 -521 2698 -559 -2800 2692 -332
815 -521 2698 -561 -2803 2694 -337
816 -522 2700 -561 -2800 2694 -330
817 -521 2697 -564 -2805 2693 -333
818 -520 2699 -564 -2808 2696 -328
819 -515 2698 -558 -2807 2695 -331
820 -518 2695 -564 -2803 2694 -332
821 -522 2700 -564 -2802 2691 -331
822 -524 2700 -562 -2799 2691 -329
823 -523 2698 -560 -2801 2693 -331
824 -521 2697 -563 -2806 2694 -337
825 -520 2696 -562 -2806 2693 -332
826 -523 2698 -561 -2810 2698 -331
827 -518 2699 -564 -2809 2695 -332
828 -522 2697 -563 -2804 2694 -333
829 -522 2695 -563 -2805 2698 -330
830 -521 2701 -564 -2807 2692 -332
831 -523 2699 -563 -2805 2692 -336
832 -523 2698 -561 -2802 2692 -333
833 -523 2697 -563 -2804 2691 -329
834 -521 2698 -562 -2804 2696 -330
835 -519 2698 -559 -2804 2692 -330
836 -524 2698 -560 -2803 2694 -333
837 -523 2694 -564 -2805 2690 -333
838 -519 2698 -564 -2804 2695 -329
839 -520 2698 -561 -2806 2693 -331
840 -520 2698 -564 -2807 2694 -335
841 -517 2696 -563 -2807 2695 -332
842 -519 2696 -560 -2804 2692 -333
843 -523 2695 -562 -2802 2695 -331
844 -523 2696 -562 -2802 2690 -333
845 -528 2694 -562 -2799 2690 -333
846 -521 2698 -561 -2800 2691 -330
847 -521 2698 -563 -2805 2693 -331
848 -521 2697 -562 -2807 2696 -334
849 -520 2697 -561 -2809 2695 -335
850 -520 2696 -564 -2806 2695 -334
851 -521 2701 -557 -2804 2694 -333
852 -518 2699 -561 -2803 2692 -333
853 -522 2697 -562 -2802 2693 -331
854 -524 2694 -562 -2807 2694 -333
855 -521 2700 -562 -2805 2692 -335
856 -524 2697 -561 -2802 2692 -333
857 -521 2699 -562 -2800 2690 -331
858 -524 2700 -562 -2802 2691 -330
859 -521 2696 -564 -2803 2689 -331
860 -519 2697 -561 -2807 2695 -334
861 -519 2695 -561 -2806 2695 -331
862 -523 2696 -564 -2807 2695 -331
863 -516 2698 -561 -2804 2694 -331
864 -518 2699 -564 -2800 2694 -330
865 -523 2700 -561 -2800 2692 -332
866 -527 2695 -562 -2801 2691 -330
867 -524 2697 -563 -2802 2688 -333
868 -526 2699 -561 -2804 2695 -333
869 -519 2696 -561 -2808 2696 -334
870 -520 2697 -559 -2805 2696 -331
871 -522 2694 -561 -2808 2691 -331
872 -519 2699 -562 -2805 2693 -333
873 -522 2699 -562 -2806 2692 -330
874 -525 2697 -560 -2801 2693 -332
875 -523 2700 -562 -2803 2692 -332
876 -524 2697 -566 -2805 2692 -332
877 -520 2698 -562 -2806 2695 -334
878 -524 2696 -564 -2805 2692 -334
879 -523 2695 -564 -2806 2695 -334
880 -522 2695 -562 -2803 2694 -331
881 -524 2698 -564 -2805 2693 -333
882 -521 2694 -564 -2804 2695 -333
883 -522 2696 -564 -2807 2696 -332
884 -518 2697 -563 -2806 2695 -330
885 -519 2697 -561 -2801 2696 -331
886 -520 2699 -562 -2802 2693 -328
887 -526 2696 -563 -2803 2694 -331
888 -525 2696 -562 -2800 2693 -335
889 -522 2698 -561 -2803 2693 -330
890 -521 2694 -564 -2805 2694 -331
891 -520 2698 -561 -2807 2695 -330
892 -517 2698 -559 -2804 2697 -331
893 -521 2698 -560 -2805 2695 -329
894 -521 2700 -560 -2803 2694 -328
895 -521 2701 -560 -2801 2694 -331
896 -523 2701 -560 -2801 2690 -332
897 -522 2696 -562 -2803 2692 -333
898 -521 2696 -563 -2805 2695 -331
899 -524 2697 -560 -2809 2693 -332
900 -523 2694 -563 -2810 2695 -334
901 -518 2696 -563 -2806 2695 -333
902 -521 2699 -565 -2803 2693 -331
903 -521 2698 -562 -2803 2691 -332
904 -520 2696 -566 -2802 2693 -335
905 -524 2698 -563 -2801 2692 -333
906 -522 2699 -562 -2804 2693 -331
907 -520 2697 -564 -2803 2693 -332
908 -520 2695 -562 -2805 2694 -330
909 -521 2701 -564 -2807 2693 -331
910 -524 2696 -562 -2803 2692 -332
911 -526 2695 -564 -2807 2689 -335
912 -524 2699 -561 -2805 2696 -333
913 -521 2696 -563 -2805 2691 -331
914 -519 2700 -561 -2804 2693 -331
915 -520 2697 -562 -2803 2692 -334
916 -520 2699 -561 -2804 2692 -331
917 -524 2699 -561 -2803 2688 -331
918 -522 2699 -561 -2800 2695 -330
919 -521 2696 -563 -2805 2694 -330
920 -519 2698 -563 -2808 2692 -332
921 -519 2697 -562 -2806 2694 -331
922 -519 2698 -564 -2804 2695 -333
923 -521 2695 -564 -2803 2695 -332
924 -519 2698 -561 -2802 2696 -330
925 -519 2699 -561 -2808 2695 -330
926 -518 2698 -563 -2810 2694 -332
927 -519 2694 -561 -2803 2694 -333
928 -519 2697 -562 -2800 2696 -331
929 -523 2699 -560 -2798 2695 -329
930 -519 2700 -561 -2799 2690 -331
931 -523 2699 -560 -2801 2692 -331
932 -520 2699 -559 -2810 2693 -333
933 -520 2699 -561 -2806 2698 -332
934 -518 2701 -562 -2804 2695 -332
935 -519 2698 -562 -2803 2698 -332
936 -523 2700 -561 -2804 2692 -328
937 -521 2697 -558 -2802 2695 -333
938 -519 2701 -560 -2799 2690 -333
939 -518 2701 -561 -2799 2693 -328
940 -516 2700 -560 -2802 2698 -327
941 -521 2700 -560 -2806 2697 -332
942 -520 2697 -563 -2806 2695 -331
943 -519 2698 -560 -2808 2694 -329
944 -518 2702 -560 -2806 2694 -329
945 -523 2698 -563 -2803 2693 -330
946 -518 2700 -562 -2800 2693 -329
947 -521 2700 -558 -2802 2695 -330
948 -523 2697 -561 -2804 2695 -331
949 -522 2696 -562 -2806 2694 -330
950 -521 2697 -562 -2805 2694 -329
951 -520 2697 -562 -2804 2696 -334
952 -517 2696 -562 -2803 2696 -332
953 -521 2696 -560 -2803 2696 -333
954 -522 2697 -561 -2802 2693 -332
955 -524 2697 -562 -2807 2693 -331
956 -521 2699 -563 -2805 2695 -331
957 -521 2698 -562 -2805 2694 -337
958 -524 2697 -563 -2804 2694 -333
959 -520 2699 -563 -2801 2695 -332
960 -524 2697 -561 -2803 2695 -331
961 -522 2699 -566 -2803 2694 -336
962 -520 2700 -565 -2806 2695 -333
963 -520 2699 -560 -2806 2698 -331
964 -520 2698 -559 -2804 2697 -331
965 -523 2697 -562 -2806 2697 -333
966 -523 2695 -564 -2803 2693 -332
967 -520 2698 -563 -2802 2692 -331
968 -521 2701 -562 -2802 2691 -331
969 -520 2698 -564 -2801 2692 -334
970 -521 2696 -564 -2804 2693 -331
971 -524 2697 -560 -2807 2694 -332
972 -521 2696 -563 -2808 2694 -330
973 -520 2695 -564 -2807 2696 -331
974 -524 2695 -564 -2808 2692 -332
975 -524 2700 -560 -2805 2693 -332
976 -521 2699 -562 -2806 2696 -328
977 -523 2697 -566 -2805 2694 -332
978 -524 2699 -562 -2802 2697 -331
979 -522 2702 -560 -2801 2696 -330
980 -524 2701 -558 -2804 2688 -330
981 -521 2697 -564 -2800 2693 -331
982 -524 2699 -560 -2805 2691 -330
983 -519 2697 -560 -2806 2697 -332
984 -522 2698 -562 -2810 2695 -333
985 -519 2696 -562 -2804 2695 -329
986 -518 2699 -560 -2804 2695 -332
987 -522 2700 -563 -2800 2692 -333
988 -522 2700 -560 -2798 2691 -333
989 -525 2700 -564 -2802 2691 -333
990 -521 2700 -563 -2802 2694 -333
991 -524 2699 -561 -2807 2697 -331
992 -517 2698 -564 -2810 2694 -329
993 -517 2698 -560 -2808 2694 -330
994 -519 2696 -559 -2812 2693 -333
995 -521 2702 -561 -2805 2699 -329
996 -523 2697 -562 -2804 2694 -334
997 -522 2696 -562 -2800 2694 -332
998 -523 2696 -562 -2804 2693 -333
999 -519 2700 -562 -2804 2690 -332
0 2605 -2433 -686 -9296 5582 4126
1 2606 -2433 -688 -9299 5583 4127
2 2608 -2433 -692 -9300 5581 4129
3 2606 -2433 -688 -9295 5584 4127
4 2607 -2434 -685 -9296 5583 4127
5 2604 -2430 -689 -9293 5584 4128
6 2603 -2432 -687 -9297 5582 4128
7 2606 -2432 -686 -9295 5582 4127
8 2604 -2433 -689 -9299 5583 4125
9 2605 -2430 -688 -9299 5582 4127
10 2605 -2434 -689 -9297 5583 4129
11 2604 -2434 -691 -9295 5584 4131
12 2603 -2430 -687 -9299 5584 4132
13 2605 -2433 -685 -9301 5583 4130
14 2607 -2433 -690 -9303 5581 4129
15 2603 -2431 -687 -9299 5581 4128
16 2604 -2432 -687 -9295 5579 4129
17 2601 -2428 -685 -9292 5583 4129
18 2602 -2432 -684 -9291 5583 4128
19 2606 -2433 -685 -9294 5582 4129
20 2606 -2431 -684 -9293 5583 4128
21 2605 -2431 -685 -9295 5583 4127
22 2605 -2432 -689 -9299 5583 4132
23 2606 -2431 -686 -9299 5580 4131
24 2608 -2431 -687 -9302 5583 4128
25 2602 -2436 -685 -9300 5581 4130
26 2605 -2431 -686 -9299 5583 4132
27 2604 -2432 -683 -9296 5580 4130
28 2604 -2430 -682 -9293 5582 4129
29 2601 -2432 -685 -9294 5583 4129
30 2605 -2431 -688 -9295 5584 4134
31 2610 -2430 -683 -9301 5586 4131
32 2606 -2432 -684 -9298 5584 4132
33 2608 -2431 -684 -9299 5580 4127
34 2606 -2434 -686 -9296 5585 4133
35 2605 -2430 -685 -9297 5583 4131
36 2604 -2431 -681 -9292 5583 4133
37 2603 -2432 -685 -9295 5582 4131
38 2601 -2432 -685 -9300 5581 4133
39 2601 -2433 -683 -9299 5585 4132
40 2605 -2433 -683 -9295 5585 4132
41 2607 -2429 -684 -9296 5581 4131
42 2605 -2430 -684 -9297 5582 4129
43 2602 -2430 -686 -9297 5577 4127
44 2606 -2433 -686 -9297 5579 4131
45 2603 -2430 -682 -9298 5583 4131
46 2604 -2432 -681 -9296 5583 4132
47 2604 -2439 -685 -9301 5584 4131
48 2606 -2431 -682 -9301 5587 4133
49 2607 -2432 -679 -9301 5583 4130
50 2607 -2431 -683 -9300 5584 4132
51 2605 -2430 -685 -9295 5582 4134
52 2605 -2431 -682 -9297 5579 4133
53 2602 -2433 -685 -9294 5581 4129
54 2604 -2431 -680 -9296 5582 4133
55 2608 -2430 -681 -9303 5585 4131
56 2606 -2433 -683 -9301 5585 4131
57 2606 -2434 -683 -9299 5583 4130
58 2603 -2432 -685 -9294 5583 4135
59 2603 -2429 -686 -9299 5584 4130
60 2600 -2432 -682 -9295 5581 4131
61 2605 -2431 -684 -9296 5583 4131
62 2605 -2429 -684 -9296 5582 4134
63 2605 -2429 -685 -9298 5582 4135
64 2605 -2431 -683 -9298 5583 4132
65 2605 -2433 -681 -9293 5585 4135
66 2605 -2428 -681 -9293 5584 4133
67 2602 -2429 -683 -9294 5586 4130
68 2604 -2426 -681 -9297 5582 4134
69 2606 -2430 -680 -9296 5581 4135
70 2605 -2428 -682 -9298 5583 4134
71 2607 -2427 -683 -9297 5585 4134
72 2608 -2430 -680 -9298 5587 4132
73 2607 -2427 -683 -9297 5582 4134
74 2604 -2428 -681 -9294 5582 4133
75 2604 -2432 -681 -9294 5579 4134
76 2605 -2428 -682 -9290 5580 4133
77 2602 -2427 -682 -9295 5583 4133
78 2605 -2427 -679 -9298 5585 4134
79 2608 -2430 -680 -9296 5583 4130
80 2605 -2431 -679 -9300 5586 4132
81 2608 -2433 -683 -9296 5583 4134
82 2605 -2431 -685 -9297 5583 4135
83 2603 -2428 -683 -9292 5582 4133
84 2603 -2428 -680 -9290 5583 4133
85 2604 -2430 -678 -9289 5582 4132
86 2603 -2428 -680 -9291 5581 4133
87 2600 -2429 -681 -9292 5582 4133
88 2603 -2428 -681 -9296 5584 4136
89 2606 -2430 -680 -9292 5584 4134
90 2605 -2433 -679 -9295 5584 4136
91 2602 -2430 -682 -9293 5583 4133
92 2603 -2429 -682 -9293 5583 4134
93 2604 -2429 -680 -9293 5582 4133
94 2604 -2431 -682 -9291 5583 4132
95 2602 -2430 -682 -9292 5582 4128
96 2603 -2428 -680 -9292 5583 4131
97 2604 -2433 -678 -9291 5581 4138
98 2605 -2429 -680 -9295 5582 4136
99 2604 -2430 -678 -9294 5582 4136
100 2603 -2426 -685 -9292 5582 4134
101 2603 -2432 -679 -9289 5582 4132
102 2599 -2431 -680 -9292 5582 4132
103 2602 -2430 -685 -9291 5585 4131
104 2605 -2427 -680 -9293 5585 4132
105 2606 -2425 -681 -9292 5583 4135
106 2606 -2426 -678 -9292 5584 4135
107 2604 -2426 -683 -9292 5583 4136
108 2604 -2426 -681 -9291 5582 4134
109 2602 -2425 -681 -9285 5581 4132
110 2601 -2426 -680 -9285 5578 4133
111 2598 -2428 -681 -9283 5581 4132
112 2598 -2431 -682 -9292 5582 4136
113 2605 -2427 -681 -9293 5586 4138
114 2605 -2430 -681 -9294 5586 4133
115 2606 -2429 -680 -9293 5585 4137
116 2605 -2426 -680 -9288 5582 4135
117 2603 -2426 -678 -9281 5579 4135
118 2599 -2428 -680 -9281 5579 4135
119 2603 -2429 -682 -9286 5582 4135
120 2601 -2426 -681 -9289 5583 4134
121 2601 -2427 -680 -9290 5583 4137
122 2606 -2427 -680 -9288 5585 4135
123 2607 -2426 -681 -9290 5583 4136
124 2602 -2429 -683 -9285 5579 4134
125 2598 -2431 -681 -9285 5584 4133
126 2602 -2430 -682 -9286 5578 4131
127 2601 -2430 -682 -9289 5583 4130
128 2601 -2429 -682 -9293 5584 4135
129 2604 -2428 -680 -9291 5582 4135
130 2600 -2428 -682 -9288 5580 4134
131 2600 -2430 -682 -9281 5578 4134
132 2601 -2428 -682 -9284 5579 4134
133 2600 -2429 -683 -9284 5581 4135
134 2597 -2427 -681 -9285 5581 4132
135 2603 -2432 -681 -9285 5583 4133
136 2601 -2430 -682 -9290 5581 4135
137 2601 -2431 -683 -9289 5581 4134
138 2604 -2430 -685 -9285 5584 4134
139 2602 -2427 -684 -9286 5581 4132
140 2601 -2432 -683 -9285 5579 4133
141 2602 -2429 -679 -9289 5577 4129
142 2599 -2428 -685 -9288 5579 4133
143 2601 -2429 -685 -9283 5581 4131
144 2601 -2430 -680 -9286 5581 4136
145 2601 -2431 -682 -9288 5580 4134
146 2602 -2430 -684 -9287 5580 4131
147 2600 -2432 -685 -9286 5579 4131
148 2600 -2433 -687 -9285 5581 4131
149 2602 -2429 -683 -9288 5581 4135
150 2604 -2426 -682 -9287 5579 4132
151 2600 -2433 -684 -9284 5578 4131
152 2598 -2433 -683 -9281 5581 4132
153 2597 -2429 -682 -9278 5578 4129
154 2598 -2429 -685 -9280 5578 4129
155 2599 -2427 -681 -9283 5579 4132
156 2603 -2431 -686 -9284 5579 4130
157 2600 -2435 -687 -9288 5579 4130
158 2599 -2435 -684 -9287 5579 4129
159 2600 -2432 -687 -9285 5578 4130
160 2599 -2429 -684 -9282 5577 4132
161 2598 -2431 -686 -9280 5577 4129
162 2601 -2430 -684 -9280 5578 4134
163 2602 -2431 -685 -9281 5579 4132
164 2600 -2433 -684 -9283 5581 4129
165 2604 -2432 -686 -9286 5578 4130
166 2598 -2432 -686 -9283 5577 4130
167 2599 -2431 -684 -9282 5576 4129
168 2600 -2433 -686 -9283 5581 4130
169 2599 -2435 -688 -9285 5577 4130
170 2601 -2434 -686 -9282 5578 4132
171 2599 -2433 -687 -9282 5580 4130
172 2601 -2432 -688 -9284 5579 4129
173 2599 -2431 -685 -9283 5575 4130
174 2601 -2434 -685 -9274 5579 4132
175 2599 -2428 -684 -9276 5575 4131
176 2600 -2430 -685 -9278 5574 4132
177 2600 -2433 -688 -9278 5580 4130
178 2599 -2433 -687 -9282 5581 4132
179 2600 -2433 -687 -9283 5584 4130
180 2600 -2433 -687 -9282 5584 4134
181 2602 -2430 -686 -9282 5576 4132
182 2602 -2432 -688 -9280 5579 4130
183 2599 -2433 -687 -9275 5577 4128
184 2598 -2432 -686 -9274 5574 4131
185 2597 -2430 -685 -9280 5574 4131
186 2600 -2435 -689 -9281 5579 4129
187 2602 -2436 -690 -9286 5581 4131
188 2602 -2433 -687 -9284 5580 4129
189 2603 -2434 -686 -9285 5579 4132
190 2599 -2436 -686 -9281 5579 4132
191 2603 -2433 -688 -9279 5578 4128
192 2603 -2433 -692 -9279 5576 4128
193 2602 -2434 -688 -9279 5574 4129
194 2598 -2436 -687 -9281 5577 4131
195 2597 -2434 -687 -9278 5574 4130
196 2597 -2434 -690 -9275 5579 4131
197 2598 -2433 -691 -9278 5578 4131
198 2600 -2433 -690 -9280 5579 4128
199 2601 -2434 -686 -9276 5579 4131
200 2602 -2434 -690 -9277 5581 4130
201 2599 -2436 -691 -9278 5580 4131
202 2597 -2432 -686 -9279 5577 4126
203 2599 -2437 -689 -9275 5577 4126
204 2601 -2436 -688 -9275 5576 4131
205 2600 -2434 -689 -9274 5573 4127
206 2598 -2433 -690 -9273 5575 4127
207 2598 -2432 -686 -9275 5579 4127
208 2600 -2433 -689 -9278 5579 4131
209 2604 -2432 -688 -9281 5577 4132
210 2606 -2436 -689 -9284 5577 4130
211 2602 -2433 -691 -9281 5578 4126
212 2602 -2437 -689 -9274 5581 4129
213 2601 -2435 -690 -9276 5576 4128
214 2601 -2435 -691 -9280 5577 4128
215 2600 -2432 -686 -9279 5579 4124
216 2600 -2433 -688 -9276 5575 4126
217 2600 -2432 -691 -9279 5577 4128
218 2601 -2435 -691 -9271 5576 4127
219 2597 -2432 -690 -9271 5577 4127
220 2593 -2434 -691 -9274 5577 4126
221 2600 -2435 -685 -9280 5578 4125
222 2603 -2438 -692 -9278 5578 4129
223 2603 -2436 -690 -9280 5579 4123
224 2600 -2436 -690 -9278 5577 4127
225 2597 -2434 -692 -9274 5573 4127
226 2597 -2433 -689 -9270 5572 4128
227 2598 -2435 -692 -9271 5571 4127
228 2600 -2434 -696 -9275 5575 4128
229 2602 -2434 -689 -9279 5576 4127
230 2601 -2434 -692 -9279 5575 4125
231 2601 -2438 -691 -9276 5578 4129
232 2600 -2436 -691 -9279 5578 4124
233 2602 -2432 -690 -9276 5578 4127
234 2604 -2435 -690 -9275 5575 4128
235 2600 -2436 -690 -9274 5575 4127
236 2601 -2435 -691 -9276 5576 4125
237 2598 -2435 -695 -9279 5577 4124
238 2598 -2437 -692 -9279 5576 4127
239 2598 -2435 -693 -9280 5575 4126
240 2595 -2436 -693 -9276 5575 4126
241 2602 -2437 -695 -9272 5573 4127
242 2598 -2435 -692 -9270 5575 4128
243 2602 -2433 -690 -9276 5576 4128
244 2599 -2436 -692 -9276 5579 4126
245 2602 -2438 -692 -9278 5578 4130
246 2600 -2435 -694 -9273 5576 4125
247 2601 -2435 -693 -9269 5573 4126
248 2600 -2432 -694 -9267 5573 4125
249 2598 -2432 -691 -9270 5574 4127
250 2598 -2438 -693 -9272 5575 4126
251 2602 -2433 -691 -9278 5580 4127
252 2605 -2434 -693 -9283 5579 4129
253 2606 -2438 -693 -9280 5579 4125
254 2604 -2439 -696 -9279 5576 4125
255 2598 -2439 -693 -9272 5575 4127
256 2598 -2437 -692 -9273 5572 4127
257 2597 -2438 -692 -9273 5573 4125
258 2599 -2438 -695 -9278 5576 4125
259 2602 -2436 -694 -9280 5574 4122
260 2602 -2437 -694 -9277 5576 4125
261 2601 -2435 -693 -9272 5575 4127
262 2596 -2439 -695 -9274 5572 4123
263 2597 -2437 -692 -9276 5575 4124
264 2599 -2438 -697 -9276 5572 4123
265 2600 -2437 -693 -9280 5574 4123
266 2602 -2438 -697 -9279 5576 4122
267 2600 -2438 -695 -9278 5573 4123
268 2597 -2440 -694 -9276 5577 4127
269 2599 -2436 -695 -9271 5574 4124
270 2599 -2439 -694 -9269 5570 4127
271 2596 -2436 -694 -9272 5569 4124
272 2599 -2435 -695 -9276 5571 4124
273 2603 -2433 -691 -9280 5576 4125
274 2601 -2439 -695 -9281 5577 4126
275 2600 -2440 -691 -9281 5574 4124
276 2600 -2438 -692 -9279 5574 4124
277 2600 -2438 -693 -9274 5573 4126
278 2597 -2436 -692 -9272 5571 4123
279 2595 -2436 -694 -9273 5569 4125
280 2596 -2438 -694 -9280 5573 4125
281 2603 -2438 -694 -9284 5575 4126
282 2602 -2436 -696 -9284 5578 4126
283 2599 -2441 -696 -9276 5576 4126
284 2600 -2437 -694 -9271 5574 4125
285 2597 -2438 -691 -9270 5573 4126
286 2597 -2436 -692 -9273 5578 4125
287 2600 -2438 -696 -9277 5577 4123
288 2603 -2438 -691 -9278 5578 4128
289 2603 -2434 -690 -9278 5580 4126
290 2602 -2438 -689 -9273 5574 4125
291 2597 -2436 -691 -9273 5572 4125
292 2596 -2437 -695 -9271 5570 4124
293 2598 -2435 -694 -9272 5572 4125
294 2600 -2437 -693 -9278 5578 4128
295 2599 -2438 -692 -9278 5577 4128
296 2602 -2436 -694 -9278 5580 4127
297 2604 -2436 -692 -9277 5577 4128
298 2601 -2437 -693 -9278 5573 4126
299 2601 -2435 -693 -9273 5577 4128
300 2599 -2433 -691 -9274 5575 4127
301 2597 -2435 -693 -9274 5571 4130
302 2600 -2435 -693 -9281 5578 4126
303 2604 -2437 -693 -9281 5577 4128
304 2604 -2436 -693 -9279 5580 4125
305 2600 -2436 -693 -9277 5578 4127
306 2600 -2434 -693 -9273 5577 4126
307 2596 -2437 -691 -9271 5572 4126
308 2595 -2438 -693 -9277 5576 4127
309 2602 -2438 -694 -9278 5575 4128
310 2604 -2437 -693 -9279 5580 4128
311 2604 -2438 -694 -9280 5575 4126
312 2600 -2437 -692 -9274 5577 4125
313 2601 -2435 -691 -9275 5568 4125
314 2600 -2435 -693 -9272 5571 4130
315 2599 -2437 -690 -9273 5576 4125
316 2597 -2436 -692 -9277 5575 4127
317 2602 -2440 -691 -9281 5577 4126
318 2601 -2440 -691 -9281 5581 4126
319 2602 -2436 -690 -9280 5578 4127
320 2599 -2438 -691 -9273 5575 4126
321 2599 -2437 -693 -9272 5571 4127
322 2597 -2437 -690 -9278 5572 4124
323 2602 -2438 -691 -9274 5576 4127
324 2600 -2436 -693 -9282 5578 4126
325 2603 -2436 -692 -9284 5580 4129
326 2601 -2437 -691 -9281 5577 4126
327 2602 -2437 -690 -9276 5574 4126
328 2598 -2433 -689 -9273 5572 4126
329 2597 -2435 -690 -9272 5574 4127
330 2600 -2434 -692 -9279 5578 4126
331 2600 -2436 -690 -9285 5577 4126
332 2601 -2434 -691 -9282 5578 4127
333 2599 -2434 -692 -9279 5575 4127
334 2600 -2437 -692 -9277 5571 4125
335 2598 -2435 -691 -9276 5571 4128
336 2594 -2434 -690 -9274 5571 4126
337 2592 -2435 -693 -9276 5575 4127
338 2600 -2432 -691 -9280 5578 4127
339 2604 -2437 -688 -9284 5580 4128
340 2600 -2436 -691 -9283 5580 4128
341 2604 -2438 -687 -9282 5578 4129
342 2597 -2436 -689 -9277 5574 4129
343 2598 -2434 -692 -9275 5575 4128
344 2596 -2433 -690 -9277 5574 4127
345 2595 -2436 -691 -9275 5575 4127
346 2600 -2434 -690 -9279 5576 4128
347 2602 -2433 -689 -9282 5578 4130
348 2605 -2431 -685 -9283 5579 4128
349 2601 -2433 -690 -9278 5580 4130
350 2599 -2433 -688 -9280 5577 4130
351 2599 -2433 -690 -9276 5576 4130
352 2599 -2434 -688 -9273 5577 4127
353 2597 -2432 -687 -9275 5581 4126
354 2603 -2435 -691 -9282 5580 4130
355 2603 -2434 -687 -9281 5580 4128
356 2597 -2435 -688 -9280 5575 4127
357 2599 -2435 -688 -9274 5574 4129
358 2595 -2433 -688 -9269 5574 4126
359 2598 -2432 -686 -9272 5574 4130
360 2599 -2432 -688 -9279 5578 4127
361 2601 -2433 -686 -9281 5582 4124
362 2601 -2436 -690 -9284 5581 4128
363 2600 -2437 -691 -9283 5579 4127
364 2599 -2436 -689 -9277 5577 4130
365 2599 -2434 -687 -9275 5571 4131
366 2598 -2433 -687 -9274 5573 4129
367 2597 -2433 -691 -9274 5576 4130
368 2594 -2433 -687 -9280 5576 4130
369 2602 -2435 -685 -9283 5580 4128
370 2599 -2432 -689 -9279 5578 4130
371 2597 -2436 -689 -9275 5573 4130
372 2599 -2433 -686 -9273 5576 4128
373 2601 -2430 -686 -9276 5578 4133
374 2597 -2433 -687 -9276 5578 4129
375 2600 -2432 -686 -9283 5580 4128
376 2601 -2435 -687 -9281 5580 4130
377 2602 -2430 -687 -9278 5576 4131
378 2599 -2432 -687 -9277 5572 4128
379 2597 -2432 -687 -9272 5572 4127
380 2598 -2432 -687 -9274 5574 4126
381 2594 -2429 -691 -9279 5574 4127
382 2595 -2434 -687 -9282 5577 4130
383 2599 -2433 -689 -9284 5580 4128
384 2604 -2434 -686 -9283 5578 4130
385 2600 -2435 -686 -9283 5575 4129
386 2598 -2433 -687 -9278 5576 4128
387 2595 -2432 -688 -9273 5575 4130
388 2595 -2432 -688 -9276 5570 4129
389 2597 -2431 -687 -9276 5574 4130
390 2598 -2432 -688 -9282 5577 4130
391 2601 -2431 -686 -9284 5579 4131
392 2601 -2433 -688 -9278 5578 4126
393 2596 -2431 -685 -9277 5574 4129
394 2597 -2429 -688 -9275 5574 4133
395 2598 -2430 -684 -9277 5574 4131
396 2597 -2432 -685 -9280 5574 4131
397 2598 -2433 -685 -9280 5578 4127
398 2597 -2431 -688 -9280 5580 4132
399 2600 -2434 -689 -9280 5576 4130
400 2599 -2430 -684 -9275 5575 4128
401 2597 -2431 -685 -9273 5575 4131
402 2596 -2430 -686 -9274 5572 4127
403 2595 -2428 -686 -9274 5576 4133
404 2597 -2430 -686 -9278 5578 4132
405 2598 -2433 -688 -9284 5579 4129
406 2603 -2435 -690 -9282 5580 4130
407 2602 -2431 -684 -9278 5575 4129
408 2599 -2435 -686 -9277 5572 4132
409 2598 -2432 -686 -9272 5570 4128
410 2596 -2429 -687 -9274 5577 4131
411 2598 -2431 -688 -9278 5577 4131
412 2600 -2433 -687 -9280 5579 4134
413 2601 -2432 -685 -9283 5579 4131
414 2604 -2430 -684 -9279 5579 4132
415 2599 -2431 -684 -9276 5577 4134
416 2599 -2433 -684 -9273 5575 4131
417 2595 -2435 -685 -9273 5577 4132
418 2596 -2432 -684 -9275 5577 4130
419 2597 -2431 -685 -9278 5576 4132
420 2599 -2434 -687 -9281 5575 4127
421 2599 -2433 -687 -9276 5576 4132
422 2600 -2434 -688 -9276 5575 4129
423 2594 -2432 -688 -9271 5575 4133
424 2597 -2433 -684 -9272 5575 4131
425 2599 -2432 -685 -9276 5575 4133
426 2599 -2432 -683 -9279 5577 4130
427 2600 -2432 -685 -9280 5579 4130
428 2599 -2435 -686 -9281 5579 4131
429 2600 -2432 -684 -9277 5577 4134
430 2597 -2433 -685 -9269 5570 4130
431 2598 -2431 -685 -9275 5572 4134
432 2598 -2434 -686 -9278 5577 4131
433 2600 -2431 -685 -9279 5576 4129
434 2599 -2434 -687 -9282 5574 4133
435 2597 -2436 -686 -9277 5578 4130
436 2597 -2432 -685 -9273 5572 4130
437 2597 -2433 -685 -9271 5573 4132
438 2596 -2431 -688 -9273 5574 4127
439 2598 -2430 -687 -9272 5575 4132
440 2596 -2433 -685 -9274 5579 4135
441 2599 -2432 -686 -9274 5576 4133
442 2597 -2435 -686 -9280 5577 4130
443 2600 -2430 -684 -9277 5574 4131
444 2599 -2436 -684 -9274 5575 4129
445 2596 -2434 -686 -9273 5574 4129
446 2593 -2431 -687 -9270 5573 4129
447 2592 -2434 -689 -9267 5572 4129
448 2591 -2434 -684 -9274 5577 4129
449 2597 -2431 -687 -9277 5576 4132
450 2603 -2432 -688 -9277 5578 4132
451 2598 -2435 -687 -9274 5574 4130
452 2597 -2433 -686 -9271 5573 4132
453 2595 -2433 -688 -9270 5574 4133
454 2596 -2434 -688 -9276 5575 4133
455 2603 -2435 -684 -9278 5580 4132
456 2598 -2434 -686 -9280 5577 4132
457 2598 -2434 -684 -9273 5576 4130
458 2598 -2435 -690 -9273 5576 4130
459 2595 -2430 -683 -9269 5574 4132
460 2593 -2431 -688 -9266 5571 4132
461 2593 -2434 -688 -9270 5574 4130
462 2598 -2431 -687 -9278 5574 4129
463 2595 -2432 -689 -9275 5579 4130
464 2598 -2433 -689 -9276 5578 4133
465 2599 -2430 -685 -9270 5576 4131
466 2594 -2433 -684 -9267 5572 4130
467 2593 -2433 -688 -9263 5568 4130
468 2595 -2432 -685 -9264 5570 4129
469 2596 -2430 -685 -9267 5576 4130
470 2593 -2432 -688 -9270 5574 4128
471 2595 -2433 -687 -9275 5575 4128
472 2599 -2431 -690 -9271 5573 4131
473 2600 -2433 -688 -9274 5573 4129
474 2601 -2435 -687 -9276 5572 4127
475 2595 -2435 -691 -9269 5572 4127
476 2595 -2431 -684 -9267 5572 4129
477 2595 -2433 -690 -9270 5574 4128
478 2594 -2433 -688 -9270 5576 4130
479 2598 -2433 -686 -9269 5577 4128
480 2597 -2433 -689 -9268 5569 4131
481 2595 -2436 -691 -9266 5570 4128
482 2595 -2435 -691 -9266 5572 4127
483 2595 -2431 -688 -9266 5573 4130
484 2593 -2434 -689 -9265 5572 4128
485 2595 -2436 -689 -9269 5572 4128
486 2592 -2436 -692 -9271 5575 4127
487 2593 -2433 -691 -9264 5572 4128
488 2590 -2436 -691 -9265 5574 4128
489 2592 -2434 -689 -9264 5574 4128
490 2592 -2434 -689 -9267 5572 4130
491 2593 -2435 -690 -9267 5572 4128
492 2593 -2433 -687 -9269 5571 4128
493 2596 -2432 -692 -9267 5570 4129
494 2595 -2435 -691 -9267 5575 4130
495 2600 -2431 -689 -9264 5571 4128
496 2596 -2433 -690 -9266 5569 4128
497 2592 -2432 -691 -9269 5571 4127
498 2598 -2436 -688 -9266 5572 4126
499 2595 -2437 -691 -9270 5570 4125
500 2596 -2432 -693 -9268 5573 4127
501 2594 -2435 -691 -9267 5572 4127
502 2594 -2436 -691 -9266 5573 4126
503 2593 -2436 -688 -9264 5571 4124
504 2592 -2434 -695 -9266 5569 4127
505 2594 -2436 -692 -9267 5568 4125
506 2596 -2438 -692 -9263 5568 4127
507 2591 -2434 -693 -9266 5570 4128
508 2594 -2436 -693 -9264 5572 4124
509 2595 -2437 -691 -9260 5572 4125
510 2593 -2433 -688 -9259 5571 4127
511 2592 -2435 -692 -9258 5572 4128
512 2594 -2433 -689 -9257 5569 4129
513 2593 -2437 -691 -9260 5570 4128
514 2597 -2432 -693 -9262 5573 4127
515 2596 -2437 -693 -9267 5571 4127
516 2595 -2437 -692 -9262 5573 4128
517 2599 -2436 -688 -9263 5571 4127
518 2594 -2435 -692 -9262 5567 4124
519 2595 -2437 -693 -9262 5569 4124
520 2594 -2435 -692 -9265 5570 4129
521 2596 -2434 -692 -9269 5574 4124
522 2596 -2434 -691 -9264 5574 4130
523 2596 -2437 -693 -9261 5569 4128
524 2595 -2437 -691 -9262 5570 4129
525 2596 -2436 -691 -9259 5572 4125
526 2598 -2436 -691 -9264 5571 4126
527 2593 -2437 -693 -9266 5569 4124
528 2594 -2435 -693 -9268 5573 4125
529 2592 -2438 -695 -9262 5568 4125
530 2595 -2438 -694 -9258 5568 4124
531 2592 -2438 -693 -9258 5566 4125
532 2594 -2437 -696 -9257 5567 4127
533 2590 -2438 -695 -9257 5566 4125
534 2589 -2441 -693 -9258 5567 4127
535 2595 -2438 -691 -9261 5569 4125
536 2593 -2435 -692 -9263 5568 4122
537 2594 -2439 -695 -9264 5565 4127
538 2590 -2441 -695 -9262 5568 4126
539 2594 -2438 -694 -9260 5570 4126
540 2594 -2438 -697 -9261 5566 4121
541 2591 -2440 -697 -9261 5569 4124
542 2592 -2440 -693 -9260 5569 4124
543 2594 -2436 -695 -9258 5569 4127
544 2595 -2441 -695 -9256 5570 4128
545 2595 -2436 -694 -9258 5565 4123
546 2594 -2440 -696 -9262 5569 4122
547 2592 -2438 -695 -9260 5573 4125
548 2596 -2437 -698 -9264 5566 4124
549 2594 -2438 -691 -9260 5570 4125
550 2595 -2441 -693 -9261 5571 4125
551 2595 -2438 -693 -9259 5568 4126
552 2596 -2437 -695 -9255 5567 4125
553 2590 -2439 -698 -9257 5567 4123
554 2594 -2440 -694 -9257 5567 4126
555 2593 -2435 -694 -9256 5565 4124
556 2594 -2439 -696 -9256 5564 4125
557 2592 -2435 -692 -9258 5570 4125
558 2595 -2438 -697 -9264 5569 4122
559 2593 -2439 -694 -9256 5570 4124
560 2591 -2436 -691 -9257 5570 4125
561 2591 -2441 -695 -9250 5568 4122
562 2590 -2439 -696 -9253 5565 4124
563 2593 -2437 -698 -9256 5568 4125
564 2593 -2437 -693 -9261 5568 4124
565 2596 -2437 -697 -9258 5570 4128
566 2594 -2439 -695 -9259 5570 4126
567 2593 -2438 -699 -9258 5569 4122
568 2590 -2439 -695 -9254 5568 4124
569 2591 -2437 -696 -9255 5567 4122
570 2592 -2441 -695 -9257 5569 4124
571 2593 -2440 -697 -9261 5569 4124
572 2590 -2440 -697 -9258 5570 4121
573 2590 -2442 -697 -9258 5566 4123
574 2591 -2439 -697 -9253 5564 4123
575 2590 -2436 -696 -9253 5564 4124
576 2590 -2440 -698 -9252 5566 4125
577 2592 -2438 -695 -9250 5567 4125
578 2591 -2437 -695 -9251 5569 4124
579 2591 -2437 -695 -9255 5568 4124
580 2594 -2437 -694 -9254 5567 4125
581 2591 -2438 -698 -9256 5565 4127
582 2591 -2437 -696 -9249 5566 4123
583 2593 -2438 -692 -9249 5566 4123
584 2592 -2435 -694 -9252 5569 4126
585 2594 -2438 -694 -9254 5570 4126
586 2591 -2438 -697 -9256 5570 4123
587 2595 -2435 -698 -9256 5565 4126
588 2591 -2438 -698 -9254 5568 4123
589 2589 -2437 -695 -9252 5565 4123
590 2588 -2439 -693 -9255 5568 4124
591 2593 -2436 -694 -9254 5571 4130
592 2595 -2437 -692 -9257 5570 4123
593 2594 -2439 -690 -9252 5568 4127
594 2593 -2437 -693 -9255 5569 4123
595 2590 -2438 -696 -9253 5567 4123
596 2590 -2439 -694 -9249 5568 4123
597 2590 -2434 -695 -9250 5563 4126
598 2585 -2437 -696 -9250 5564 4124
599 2592 -2440 -697 -9256 5563 4127
600 2596 -2439 -697 -9257 5567 4123
601 2593 -2439 -695 -9254 5566 4122
602 2590 -2440 -694 -9254 5568 4125
603 2593 -2438 -697 -9251 5565 4125
604 2587 -2438 -695 -9248 5563 4123
605 2592 -2435 -692 -9251 5566 4126
606 2592 -2432 -694 -9252 5566 4124
607 2590 -2439 -692 -9254 5568 4123
608 2593 -2439 -696 -9255 5569 4126
609 2592 -2435 -696 -9256 5565 4124
610 2591 -2438 -697 -9259 5567 4124
611 2593 -2437 -696 -9257 5568 4128
612 2591 -2442 -695 -9261 5569 4124
613 2591 -2438 -696 -9257 5569 4125
614 2591 -2437 -697 -9255 5571 4127
615 2590 -2434 -692 -9254 5567 4126
616 2594 -2435 -695 -9254 5567 4128
617 2595 -2436 -692 -9251 5568 4124
618 2589 -2438 -695 -9249 5563 4124
619 2591 -2433 -690 -9253 5567 4127
620 2588 -2438 -694 -9254 5567 4124
621 2590 -2440 -695 -9257 5564 4126
622 2592 -2437 -694 -9258 5571 4127
623 2595 -2438 -695 -9258 5566 4129
624 2595 -2438 -693 -9255 5567 4128
625 2591 -2434 -693 -9249 5566 4128
626 2590 -2432 -692 -9248 5565 4128
627 2590 -2433 -695 -9247 5565 4128
628 2588 -2435 -693 -9250 5567 4129
629 2594 -2435 -696 -9256 5566 4129
630 2594 -2433 -692 -9258 5570 4130
631 2594 -2436 -690 -9258 5572 4126
632 2596 -2438 -688 -9255 5569 4127
633 2593 -2440 -692 -9252 5569 4126
634 2590 -2437 -693 -9255 5569 4127
635 2591 -2436 -691 -9256 5566 4127
636 2592 -2435 -694 -9252 5571 4129
637 2594 -2435 -692 -9252 5567 4129
638 2590 -2434 -692 -9250 5568 4126
639 2594 -2433 -693 -9249 5568 4125
640 2588 -2433 -692 -9254 5567 4130
641 2592 -2436 -690 -9251 5571 4131
642 2595 -2436 -689 -9258 5570 4130
643 2596 -2437 -690 -9258 5575 4131
644 2595 -2434 -691 -9255 5571 4131
645 2590 -2438 -691 -9254 5572 4126
646 2592 -2432 -689 -9251 5568 4128
647 2588 -2436 -691 -9250 5566 4129
648 2593 -2434 -691 -9251 5564 4128
649 2586 -2432 -689 -9250 5563 4127
650 2590 -2436 -690 -9253 5567 4128
651 2594 -2436 -691 -9256 5569 4128
652 2592 -2432 -693 -9256 5569 4129
653 2592 -2436 -695 -9256 5569 4130
654 2596 -2433 -691 -9259 5574 4128
655 2594 -2436 -689 -9254 5573 4132
656 2595 -2435 -688 -9259 5570 4130
657 2593 -2433 -689 -9257 5572 4130
658 2594 -2432 -689 -9256 5569 4128
659 2596 -2433 -689 -9255 5569 4129
660 2590 -2433 -687 -9250 5568 4129
661 2591 -2435 -690 -9250 5569 4126
662 2590 -2434 -687 -9251 5568 4130
663 2594 -2436 -691 -9257 5573 4132
664 2597 -2432 -688 -9264 5574 4131
665 2597 -2435 -685 -9260 5575 4131
666 2594 -2433 -687 -9258 5573 4130
667 2598 -2432 -688 -9254 5567 4129
668 2587 -2434 -689 -9247 5566 4131
669 2585 -2434 -689 -9245 5564 4132
670 2586 -2434 -689 -9248 5565 4128
671 2590 -2434 -689 -9254 5567 4130
672 2593 -2430 -686 -9260 5575 4130
673 2595 -2432 -687 -9260 5571 4131
674 2589 -2437 -688 -9263 5571 4131
675 2595 -2434 -688 -9256 5570 4132
676 2591 -2432 -686 -9255 5569 4132
677 2594 -2433 -687 -9258 5574 4132
678 2595 -2433 -684 -9257 5570 4131
679 2595 -2430 -687 -9260 5573 4132
680 2595 -2432 -687 -9261 5572 4131
681 2592 -2430 -690 -9259 5573 4130
682 2593 -2430 -680 -9252 5569 4133
683 2594 -2433 -685 -9256 5569 4133
684 2593 -2432 -686 -9255 5568 4130
685 2591 -2433 -684 -9259 5570 4129
686 2592 -2433 -685 -9262 5570 4128
687 2590 -2433 -688 -9268 5577 4131
688 2593 -2435 -691 -9265 5571 4134
689 2590 -2433 -690 -9257 5571 4132
690 2592 -2432 -687 -9253 5566 4131
691 2591 -2430 -686 -9253 5568 4132
692 2585 -2430 -687 -9252 5567 4128
693 2590 -2432 -685 -9255 5571 4129
694 2592 -2431 -683 -9264 5576 4131
695 2594 -2430 -687 -9265 5574 4133
696 2595 -2430 -686 -9261 5572 4130
697 2591 -2430 -686 -9259 5563 4131
698 2592 -2429 -682 -9257 5567 4133
699 2591 -2431 -684 -9256 5571 4132
700 2591 -2429 -684 -9260 5571 4131
701 2590 -2431 -685 -9262 5571 4130
702 2595 -2428 -684 -9264 5573 4131
703 2595 -2431 -684 -9260 5574 4134
704 2591 -2430 -681 -9258 5571 4130
705 2591 -2432 -682 -9254 5571 4135
706 2591 -2427 -684 -9256 5573 4134
707 2596 -2429 -682 -9263 5574 4134
708 2596 -2432 -683 -9263 5577 4135
709 2598 -2428 -681 -9261 5578 4133
710 2594 -2428 -681 -9257 5573 4131
711 2591 -2432 -683 -9254 5573 4134
712 2592 -2429 -682 -9251 5571 4135
713 2591 -2429 -680 -9260 5571 4134
714 2592 -2431 -682 -9261 5570 4133
715 2597 -2426 -680 -9262 5574 4133
716 2594 -2431 -683 -9263 5574 4132
717 2595 -2426 -680 -9261 5575 4135
718 2595 -2427 -683 -9263 5573 4135
719 2594 -2431 -682 -9258 5572 4136
720 2593 -2427 -681 -9257 5572 4133
721 2592 -2428 -684 -9255 5573 4133
722 2594 -2429 -684 -9265 5574 4134
723 2599 -2428 -684 -9263 5574 4136
724 2595 -2429 -681 -9266 5575 4131
725 2592 -2430 -683 -9266 5573 4130
726 2592 -2430 -684 -9261 5572 4132
727 2595 -2429 -682 -9260 5572 4132
728 2589 -2433 -684 -9260 5574 4131
729 2589 -2429 -684 -9263 5572 4132
730 2591 -2431 -684 -9265 5574 4132
731 2598 -2432 -684 -9268 5576 4132
732 2594 -2429 -685 -9266 5577 4133
733 2590 -2430 -682 -9263 5571 4132
734 2588 -2431 -684 -9258 5570 4133
735 2592 -2428 -685 -9261 5570 4135
736 2594 -2431 -682 -9265 5575 4132
737 2595 -2429 -681 -9268 5575 4135
738 2596 -2432 -682 -9269 5580 4134
739 2593 -2428 -686 -9267 5573 4136
740 2593 -2430 -683 -9263 5573 4132
741 2592 -2428 -682 -9259 5572 4135
742 2591 -2427 -683 -9259 5569 4134
743 2594 -2428 -685 -9266 5571 4135
744 2598 -2430 -683 -9270 5576 4132
745 2596 -2432 -682 -9269 5578 4133
746 2595 -2430 -681 -9270 5579 4134
747 2597 -2431 -685 -9267 5574 4134
748 2593 -2432 -680 -9260 5570 4132
749 2593 -2425 -682 -9264 5570 4134
750 2595 -2429 -681 -9263 5573 4132
751 2592 -2429 -681 -9268 5575 4133
752 2592 -2429 -682 -9270 5577 4133
753 2594 -2430 -684 -9272 5578 4134
754 2598 -2430 -682 -9272 5574 4132
755 2597 -2431 -683 -9266 5574 4132
756 2595 -2429 -684 -9265 5574 4134
757 2594 -2430 -684 -9266 5572 4132
758 2595 -2428 -681 -9269 5575 4134
759 2594 -2428 -681 -9270 5577 4132
760 2596 -2431 -681 -9272 5575 4136
761 2600 -2428 -682 -9268 5575 4135
762 2594 -2430 -683 -9265 5574 4133
763 2594 -2426 -682 -9263 5572 4136
764 2593 -2428 -685 -9268 5573 4136
765 2592 -2430 -682 -9267 5577 4130
766 2598 -2428 -684 -9272 5577 4138
767 2597 -2434 -684 -9274 5578 4134
768 2600 -2429 -683 -9272 5577 4133
769 2596 -2430 -684 -9272 5574 4134
770 2598 -2431 -683 -9262 5570 4134
771 2593 -2429 -683 -9266 5574 4134
772 2595 -2428 -680 -9266 5572 4134
773 2596 -2429 -683 -9270 5575 4134
774 2599 -2433 -682 -9275 5580 4136
775 2600 -2432 -685 -9276 5581 4133
776 2599 -2429 -685 -9269 5578 4135
777 2597 -2430 -685 -9268 5575 4133
778 2595 -2429 -682 -9266 5575 4137
779 2595 -2430 -681 -9267 5573 4133
780 2595 -2429 -684 -9271 5574 4133
781 2595 -2430 -684 -9274 5576 4131
782 2595 -2432 -685 -9272 5577 4131
783 2598 -2429 -686 -9270 5576 4134
784 2595 -2427 -684 -9268 5574 4133
785 2594 -2431 -687 -9265 5572 4133
786 2599 -2428 -681 -9267 5573 4133
787 2598 -2431 -682 -9272 5577 4132
788 2596 -2431 -686 -9277 5579 4130
789 2597 -2429 -683 -9275 5577 4132
790 2594 -2433 -684 -9274 5574 4128
791 2597 -2429 -683 -9266 5574 4133
792 2598 -2431 -685 -9267 5570 4132
793 2594 -2430 -685 -9270 5572 4132
794 2593 -2434 -684 -9272 5579 4131
795 2595 -2431 -684 -9275 5577 4132
796 2597 -2433 -684 -9279 5580 4129
797 2599 -2432 -686 -9276 5576 4134
798 2602 -2431 -686 -9273 5574 4134
799 2597 -2433 -685 -9268 5575 4132
800 2595 -2431 -684 -9266 5576 4131
801 2592 -2430 -682 -9267 5574 4131
802 2594 -2431 -684 -9274 5572 4133
803 2599 -2428 -685 -9275 5574 4133
804 2600 -2430 -687 -9272 5577 4130
805 2599 -2430 -687 -9271 5576 4134
806 2599 -2433 -687 -9266 5574 4130
807 2593 -2430 -686 -9267 5574 4132
808 2593 -2433 -686 -9269 5576 4131
809 2599 -2431 -684 -9270 5574 4130
810 2596 -2432 -686 -9274 5576 4134
811 2601 -2430 -684 -9275 5579 4131
812 2597 -2435 -684 -9275 5576 4132
813 2595 -2433 -687 -9270 5575 4131
814 2598 -2431 -686 -9269 5576 4133
815 2597 -2429 -686 -9268 5573 4135
816 2599 -2430 -686 -9272 5576 4133
817 2602 -2431 -687 -9276 5576 4133
818 2602 -2430 -685 -9280 5580 4131
819 2602 -2435 -685 -9276 5581 4128
820 2599 -2429 -686 -9273 5577 4131
821 2595 -2433 -685 -9269 5572 4132
822 2594 -2433 -688 -9262 5573 4130
823 2596 -2431 -686 -9266 5570 4136
824 2597 -2430 -687 -9271 5578 4132
825 2597 -2434 -686 -9276 5577 4131
826 2598 -2433 -686 -9274 5580 4133
827 2597 -2431 -686 -9269 5575 4130
828 2598 -2430 -686 -9261 5573 4133
829 2596 -2428 -686 -9263 5571 4130
830 2594 -2428 -686 -9268 5573 4132
831 2596 -2429 -689 -9273 5578 4128
832 2598 -2434 -687 -9276 5581 4128
833 2597 -2433 -691 -9281 5579 4128
834 2603 -2432 -689 -9275 5575 4127
835 2597 -2432 -688 -9268 5573 4132
836 2598 -2430 -689 -9265 5570 4126
837 2592 -2435 -690 -9270 5571 4128
838 2594 -2434 -688 -9273 5577 4128
839 2599 -2431 -688 -9277 5578 4128
840 2602 -2432 -690 -9276 5576 4131
841 2601 -2432 -691 -9275 5574 4128
842 2598 -2434 -689 -9275 5574 4132
843 2596 -2431 -690 -9272 5576 4131
844 2595 -2431 -688 -9268 5573 4128
845 2596 -2434 -691 -9268 5573 4127
846 2596 -2432 -691 -9271 5572 4129
847 2599 -2435 -689 -9270 5574 4128
848 2601 -2432 -687 -9272 5574 4125
849 2598 -2432 -689 -9269 5577 4130
850 2595 -2432 -685 -9264 5575 4128
851 2596 -2429 -690 -9271 5575 4130
852 2596 -2432 -688 -9272 5578 4128
853 2602 -2429 -686 -9271 5577 4128
854 2600 -2435 -684 -9278 5576 4129
855 2603 -2434 -690 -9275 5578 4129
856 2599 -2433 -688 -9273 5576 4131
857 2597 -2433 -687 -9267 5572 4128
858 2594 -2435 -690 -9267 5573 4126
859 2593 -2434 -686 -9268 5574 4131
860 2599 -2435 -688 -9270 5573 4128
861 2600 -2433 -690 -9273 5579 4130
862 2604 -2433 -690 -9277 5577 4130
863 2602 -2434 -690 -9278 5581 4131
864 2602 -2433 -688 -9273 5575 4129
865 2597 -2433 -689 -9268 5570 4127
866 2597 -2436 -691 -9268 5573 4132
867 2598 -2433 -686 -9269 5573 4127
868 2600 -2434 -688 -9274 5577 4127
869 2598 -2436 -691 -9273 5577 4127
870 2600 -2434 -691 -9272 5578 4130
871 2597 -2436 -691 -9269 5575 4130
872 2595 -2434 -691 -9263 5572 4127
873 2598 -2435 -693 -9266 5571 4130
874 2596 -2435 -688 -9275 5578 4127
875 2598 -2433 -690 -9274 5580 4127
876 2601 -2435 -688 -9276 5579 4129
877 2602 -2437 -690 -9273 5576 4127
878 2601 -2435 -689 -9268 5572 4127
879 2596 -2434 -693 -9264 5567 4128
880 2595 -2432 -691 -9260 5572 4128
881 2595 -2434 -689 -9267 5575 4130
882 2596 -2433 -688 -9272 5576 4132
883 2602 -2431 -691 -9277 5581 4131
884 2601 -2438 -689 -9278 5581 4130
885 2602 -2435 -690 -9276 5577 4131
886 2600 -2434 -689 -9269 5571 4131
887 2598 -2437 -688 -9263 5573 4129
888 2594 -2437 -689 -9265 5572 4127
889 2597 -2432 -686 -9271 5576 4129
890 2600 -2434 -691 -9271 5574 4129
891 2602 -2432 -692 -9274 5575 4129
892 2599 -2435 -689 -9273 5576 4130
893 2598 -2435 -692 -9270 5574 4127
894 2595 -2436 -690 -9268 5574 4130
895 2594 -2437 -690 -9271 5573 4124
896 2598 -2432 -691 -9269 5576 4129
897 2598 -2434 -689 -9269 5572 4131
898 2602 -2436 -688 -9273 5573 4127
899 2601 -2433 -693 -9273 5576 4129
900 2601 -2433 -688 -9271 5572 4128
901 2595 -2435 -690 -9269 5574 4128
902 2599 -2434 -689 -9267 5572 4127
903 2597 -2432 -688 -9268 5570 4126
904 2594 -2436 -689 -9271 5575 4130
905 2599 -2436 -694 -9272 5575 4128
906 2599 -2434 -689 -9275 5577 4129
907 2601 -2435 -691 -9274 5578 4127
908 2597 -2430 -688 -9265 5574 4130
909 2597 -2431 -687 -9266 5575 4130
910 2599 -2436 -688 -9265 5571 4130
911 2596 -2433 -688 -9268 5575 4131
912 2598 -2435 -690 -9265 5578 4130
913 2599 -2433 -688 -9270 5577 4130
914 2600 -2437 -688 -9273 5578 4130
915 2599 -2435 -691 -9267 5575 4133
916 2598 -2434 -690 -9266 5573 4128
917 2597 -2432 -686 -9266 5574 4131
918 2598 -2432 -690 -9265 5576 4131
919 2602 -2434 -685 -9266 5574 4128
920 2596 -2434 -689 -9268 5578 4133
921 2603 -2429 -688 -9265 5576 4131
922 2601 -2434 -689 -9266 5573 4130
923 2599 -2432 -689 -9265 5575 4131
924 2598 -2432 -688 -9265 5573 4127
925 2597 -2434 -686 -9269 5574 4128
926 2599 -2435 -688 -9272 5575 4132
927 2599 -2435 -691 -9274 5576 4127
928 2600 -2435 -687 -9271 5577 4132
929 2600 -2435 -688 -9272 5575 4128
930 2596 -2435 -688 -9265 5572 4124
931 2594 -2435 -691 -9266 5569 4127
932 2597 -2432 -691 -9266 5575 4131
933 2600 -2432 -686 -9269 5573 4128
934 2600 -2434 -689 -9269 5575 4129
935 2596 -2433 -688 -9271 5574 4130
936 2596 -2433 -686 -9269 5573 4128
937 2597 -2434 -688 -9267 5574 4130
938 2592 -2434 -687 -9264 5570 4128
939 2595 -2432 -688 -9267 5571 4127
940 2593 -2433 -688 -9267 5572 4129
941 2595 -2433 -690 -9271 5577 4130
942 2596 -2433 -688 -9269 5573 4130
943 2596 -2432 -687 -9265 5578 4134
944 2597 -2429 -691 -9263 5576 4130
945 2602 -2427 -685 -9264 5578 4134
946 2595 -2430 -688 -9263 5572 4131
947 2599 -2430 -687 -9264 5576 4131
948 2600 -2429 -687 -9269 5577 4131
949 2602 -2431 -686 -9267 5579 4132
950 2603 -2431 -685 -9271 5581 4131
951 2599 -2432 -685 -9270 5576 4131
952 2597 -2432 -688 -9267 5574 4129
953 2599 -2427 -686 -9266 5571 4130
954 2596 -2430 -686 -9265 5574 4132
955 2592 -2431 -686 -9264 5575 4128
956 2598 -2430 -687 -9269 5575 4129
957 2596 -2432 -686 -9272 5576 4131
958 2602 -2431 -688 -9272 5576 4132
959 2596 -2430 -686 -9268 5575 4131
960 2598 -2431 -685 -9266 5577 4134
961 2595 -2431 -690 -9263 5572 4132
962 2591 -2427 -689 -9263 5574 4131
963 2595 -2431 -685 -9266 5575 4134
964 2597 -2433 -684 -9267 5573 4133
965 2596 -2430 -687 -9271 5575 4132
966 2598 -2430 -685 -9270 5572 4130
967 2596 -2431 -686 -9271 5569 4130
968 2593 -2430 -686 -9265 5576 4132
969 2599 -2429 -687 -9269 5575 4131
970 2598 -2431 -684 -9270 5576 4131
971 2596 -2431 -686 -9269 5580 4131
972 2596 -2427 -685 -9267 5577 4130
973 2600 -2430 -685 -9263 5574 4134
974 2599 -2429 -682 -9268 5573 4133
975 2594 -2431 -684 -9270 5570 4134
976 2597 -2432 -686 -9269 5571 4131
977 2597 -2430 -684 -9266 5575 4133
978 2596 -2430 -681 -9271 5572 4133
979 2596 -2429 -685 -9271 5579 4134
980 2598 -2429 -682 -9271 5575 4133
981 2596 -2428 -684 -9267 5573 4130
982 2592 -2425 -686 -9265 5572 4130
983 2595 -2430 -683 -9268 5570 4132
984 2592 -2430 -680 -9268 5575 4133
985 2594 -2432 -686 -9270 5574 4133
986 2599 -2429 -684 -9274 5572 4133
987 2594 -2432 -684 -9273 5578 4136
988 2595 -2431 -682 -9274 5576 4133
989 2597 -2430 -686 -9270 5572 4131
990 2597 -2432 -682 -9272 5573 4131
991 2594 -2429 -684 -9271 5572 4134
992 2596 -2432 -686 -9272 5573 4131
993 2595 -2429 -683 -9270 5575 4132
994 2598 -2430 -684 -9270 5570 4135
995 2600 -2431 -681 -9266 5574 4133
996 2592 -2428 -683 -9269 5575 4131
997 2596 -2430 -686 -9274 5573 4135
998 2593 -2430 -686 -9273 5578 4134
999 2599 -2431 -682 -9272 5579 4133
