0 -524 3620 -947 -1911 1918 -842
1 -528 3615 -946 -1912 1919 -841
2 -528 3618 -946 -1912 1926 -842
3 -525 3613 -947 -1914 1925 -841
4 -529 3617 -946 -1915 1924 -841
5 -529 3614 -945 -1912 1920 -840
6 -526 3620 -944 -1911 1921 -841
7 -525 3617 -946 -1912 1912 -844
8 -523 3615 -950 -1911 1913 -842
9 -524 3617 -948 -1913 1914 -839
10 -524 3612 -950 -1912 1918 -845
11 -530 3616 -948 -1913 1924 -840
12 -529 3618 -948 -1914 1925 -840
13 -530 3617 -944 -1907 1927 -840
14 -529 3618 -942 -1911 1921 -842
15 -524 3614 -949 -1910 1912 -843
16 -521 3616 -949 -1909 1916 -841
17 -523 3617 -949 -1911 1916 -842
18 -526 3616 -949 -1913 1915 -845
19 -530 3613 -950 -1913 1922 -843
20 -530 3615 -949 -1911 1923 -838
21 -522 3616 -944 -1910 1921 -841
22 -526 3615 -948 -1914 1916 -840
23 -523 3614 -949 -1910 1916 -841
24 -527 3614 -948 -1910 1919 -843
25 -524 3616 -946 -1909 1920 -841
26 -530 3618 -949 -1916 1921 -843
27 -529 3616 -948 -1914 1921 -839
28 -526 3616 -947 -1915 1920 -843
29 -526 3615 -949 -1910 1920 -839
30 -522 3617 -946 -1910 1916 -840
31 -525 3612 -951 -1912 1918 -842
32 -529 3616 -950 -1913 1920 -844
33 -531 3613 -948 -1915 1924 -842
34 -529 3616 -945 -1909 1925 -841
35 -527 3618 -948 -1912 1916 -844
36 -527 3615 -947 -1910 1912 -843
37 -525 3614 -948 -1910 1914 -844
38 -525 3614 -951 -1909 1914 -842
39 -524 3617 -951 -1909 1919 -844
40 -529 3615 -948 -1914 1918 -840
41 -531 3616 -947 -1912 1921 -842
42 -529 3616 -947 -1912 1919 -842
43 -527 3616 -948 -1910 1917 -844
44 -527 3616 -949 -1912 1915 -841
45 -526 3619 -945 -1913 1915 -847
46 -525 3617 -948 -1911 1921 -843
47 -526 3614 -947 -1912 1919 -845
48 -529 3617 -949 -1912 1923 -843
49 -531 3616 -948 -1914 1922 -842
50 -532 3615 -949 -1914 1921 -841
51 -527 3618 -944 -1911 1918 -842
52 -525 3617 -948 -1910 1915 -838
53 -525 3619 -947 -1910 1916 -845
54 -526 3616 -948 -1911 1916 -839
55 -526 3618 -947 -1910 1921 -842
56 -531 3615 -946 -1913 1924 -843
57 -527 3615 -947 -1914 1922 -842
58 -528 3616 -946 -1910 1919 -840
59 -528 3616 -945 -1908 1920 -842
60 -528 3617 -947 -1911 1915 -844
61 -527 3615 -947 -1911 1916 -843
62 -528 3614 -949 -1912 1917 -840
63 -528 3617 -946 -1911 1919 -838
64 -526 3615 -945 -1908 1913 -841
65 -525 3618 -947 -1909 1917 -839
66 -524 3617 -947 -1911 1915 -843
67 -524 3618 -946 -1912 1919 -841
68 -525 3616 -946 -1913 1923 -843
69 -527 3613 -948 -1915 1925 -841
70 -530 3616 -947 -1915 1924 -843
71 -531 3614 -949 -1911 1924 -842
72 -528 3617 -946 -1912 1919 -842
73 -523 3618 -946 -1912 1915 -840
74 -524 3616 -947 -1909 1911 -844
75 -525 3614 -949 -1909 1918 -843
76 -526 3612 -950 -1910 1917 -839
77 -529 3615 -945 -1914 1920 -842
78 -531 3616 -949 -1914 1920 -841
79 -530 3618 -945 -1914 1922 -839
80 -526 3615 -946 -1911 1917 -840
81 -527 3615 -948 -1909 1915 -838
82 -521 3615 -946 -1908 1912 -837
83 -527 3619 -949 -1908 1917 -842
84 -530 3616 -947 -1914 1917 -841
85 -528 3617 -947 -1914 1918 -841
86 -527 3616 -947 -1911 1918 -842
87 -527 3613 -948 -1911 1917 -844
88 -527 3614 -951 -1913 1914 -842
89 -529 3614 -949 -1910 1915 -842
90 -530 3611 -950 -1913 1920 -843
91 -532 3615 -949 -1915 1921 -841
92 -525 3615 -945 -1913 1920 -843
93 -527 3616 -945 -1914 1919 -839
94 -528 3616 -948 -1913 1919 -841
95 -527 3615 -945 -1912 1917 -841
96 -524 3617 -950 -1911 1915 -843
97 -524 3616 -946 -1911 1916 -841
98 -527 3616 -947 -1913 1921 -841
99 -529 3615 -944 -1912 1919 -844
100 -532 3615 -945 -1913 1921 -840
101 -530 3617 -948 -1911 1918 -845
102 -526 3611 -949 -1911 1914 -841
103 -526 3615 -947 -1911 1915 -843
104 -523 3615 -948 -1912 1913 -843
105 -528 3614 -946 -1912 1918 -844
106 -530 3612 -951 -1912 1920 -845
107 -528 3615 -949 -1914 1920 -842
108 -527 3617 -949 -1912 1918 -843
109 -526 3619 -946 -1914 1915 -841
110 -526 3614 -949 -1915 1914 -843
111 -526 3617 -949 -1910 1915 -844
112 -527 3617 -946 -1913 1918 -841
113 -528 3617 -945 -1915 1918 -843
114 -534 3613 -947 -1918 1922 -842
115 -529 3616 -945 -1914 1921 -841
116 -528 3616 -947 -1914 1919 -842
117 -526 3616 -948 -1909 1915 -842
118 -525 3617 -948 -1909 1913 -841
119 -526 3612 -946 -1910 1917 -840
120 -526 3615 -947 -1911 1921 -842
121 -532 3615 -946 -1910 1923 -844
122 -532 3614 -947 -1915 1921 -843
123 -529 3614 -949 -1914 1919 -845
124 -529 3615 -948 -1907 1915 -843
125 -525 3615 -950 -1909 1916 -843
126 -526 3616 -948 -1913 1915 -841
127 -527 3612 -948 -1912 1920 -843
128 -529 3614 -948 -1912 1922 -843
129 -529 3616 -948 -1909 1920 -843
130 -530 3616 -949 -1909 1916 -841
131 -528 3614 -948 -1906 1919 -842
132 -525 3618 -944 -1909 1917 -838
133 -527 3616 -948 -1913 1916 -845
134 -528 3612 -948 -1912 1920 -841
135 -528 3617 -947 -1912 1920 -843
136 -529 3615 -946 -1914 1925 -843
137 -528 3616 -946 -1914 1920 -841
138 -528 3619 -945 -1912 1916 -840
139 -523 3616 -951 -1912 1914 -843
140 -523 3616 -949 -1911 1915 -842
141 -528 3617 -951 -1913 1916 -842
142 -532 3613 -947 -1913 1923 -843
143 -533 3613 -947 -1915 1920 -844
144 -535 3613 -949 -1916 1919 -844
145 -528 3614 -951 -1915 1919 -841
146 -528 3613 -949 -1911 1914 -844
147 -525 3614 -952 -1910 1911 -843
148 -524 3616 -952 -1910 1911 -841
149 -526 3612 -947 -1909 1919 -842
150 -528 3618 -946 -1914 1920 -841
151 -527 3618 -949 -1915 1918 -840
152 -524 3614 -951 -1915 1920 -842
153 -529 3613 -945 -1911 1919 -843
154 -525 3612 -948 -1910 1917 -843
155 -529 3616 -948 -1912 1918 -844
156 -529 3614 -948 -1913 1919 -845
157 -531 3617 -947 -1912 1919 -841
158 -530 3616 -948 -1913 1919 -844
159 -529 3613 -950 -1910 1918 -843
160 -526 3614 -947 -1912 1917 -841
161 -528 3615 -948 -1914 1917 -847
162 -527 3614 -949 -1913 1916 -843
163 -529 3614 -947 -1916 1920 -842
164 -527 3617 -949 -1914 1922 -838
165 -531 3617 -947 -1915 1924 -842
166 -532 3615 -945 -1913 1921 -844
167 -532 3617 -947 -1911 1919 -841
168 -528 3614 -948 -1911 1916 -841
169 -522 3615 -949 -1909 1916 -846
170 -523 3615 -949 -1910 1914 -844
171 -529 3615 -948 -1909 1917 -842
172 -530 3614 -949 -1913 1918 -845
173 -529 3618 -945 -1910 1921 -845
174 -527 3620 -946 -1912 1918 -844
175 -524 3614 -946 -1913 1917 -837
176 -527 3616 -948 -1911 1918 -843
177 -524 3613 -946 -1910 1919 -840
178 -527 3614 -949 -1911 1921 -844
179 -529 3617 -950 -1911 1915 -842
180 -529 3612 -949 -1913 1919 -843
181 -523 3616 -948 -1913 1916 -841
182 -523 3615 -948 -1913 1917 -841
183 -524 3617 -945 -1914 1917 -840
184 -527 3616 -950 -1912 1919 -844
185 -529 3614 -950 -1913 1921 -845
186 -529 3612 -948 -1916 1925 -842
187 -528 3618 -948 -1916 1924 -841
188 -527 3615 -948 -1913 1919 -841
189 -528 3613 -952 -1910 1916 -837
190 -531 3613 -950 -1909 1914 -843
191 -527 3616 -947 -1910 1915 -841
192 -525 3620 -949 -1909 1913 -843
193 -525 3613 -946 -1913 1918 -843
194 -526 3614 -950 -1912 1918 -843
195 -528 3618 -949 -1915 1919 -844
196 -530 3613 -948 -1911 1920 -843
197 -530 3616 -947 -1909 1919 -841
198 -530 3613 -945 -1912 1915 -841
199 -527 3614 -948 -1915 1917 -841
200 -526 3611 -950 -1911 1916 -844
201 -529 3615 -950 -1911 1915 -844
202 -529 3616 -947 -1911 1916 -843
203 -532 3615 -950 -1916 1920 -842
204 -530 3618 -947 -1912 1920 -841
205 -527 3615 -947 -1916 1916 -843
206 -526 3613 -948 -1910 1919 -845
207 -524 3614 -946 -1910 1920 -842
208 -530 3619 -945 -1910 1919 -844
209 -529 3616 -948 -1910 1922 -843
210 -529 3618 -946 -1914 1920 -841
211 -528 3617 -946 -1913 1919 -841
212 -526 3616 -947 -1909 1913 -841
213 -523 3615 -950 -1909 1916 -842
214 -528 3615 -946 -1910 1916 -846
215 -527 3618 -947 -1907 1918 -843
216 -530 3614 -947 -1912 1919 -840
217 -529 3615 -948 -1915 1921 -842
218 -524 3618 -949 -1913 1922 -840
219 -526 3612 -946 -1908 1912 -843
220 -526 3616 -949 -1907 1914 -841
221 -522 3617 -949 -1911 1916 -843
222 -527 3615 -949 -1914 1916 -843
223 -526 3614 -947 -1912 1920 -841
224 -526 3615 -948 -1914 1918 -842
225 -526 3618 -947 -1912 1919 -838
226 -527 3616 -947 -1905 1918 -841
227 -526 3617 -944 -1910 1916 -843
228 -527 3615 -947 -1916 1918 -842
229 -529 3616 -949 -1914 1925 -842
230 -526 3616 -947 -1917 1920 -844
231 -530 3616 -947 -1911 1922 -839
232 -528 3616 -944 -1909 1919 -843
233 -526 3617 -946 -1909 1915 -844
234 -528 3616 -946 -1907 1917 -843
235 -520 3616 -947 -1907 1914 -845
236 -523 3617 -946 -1912 1921 -842
237 -526 3615 -946 -1914 1918 -844
238 -529 3616 -949 -1912 1920 -844
239 -530 3614 -949 -1911 1921 -842
240 -528 3617 -945 -1914 1915 -842
241 -525 3613 -949 -1909 1915 -844
242 -522 3615 -950 -1910 1914 -839
243 -523 3615 -945 -1909 1914 -841
244 -527 3616 -950 -1907 1920 -842
245 -528 3615 -945 -1913 1920 -841
246 -528 3611 -948 -1913 1918 -843
247 -529 3613 -948 -1914 1921 -846
248 -527 3615 -948 -1914 1920 -842
249 -526 3615 -947 -1911 1916 -844
250 -527 3615 -950 -1911 1915 -839
251 -527 3616 -946 -1913 1916 -844
252 -529 3614 -950 -1916 1920 -843
253 -529 3616 -952 -1916 1922 -843
254 -529 3617 -947 -1915 1920 -840
255 -529 3616 -948 -1910 1919 -841
256 -526 3616 -946 -1911 1915 -841
257 -524 3618 -947 -1910 1912 -842
258 -525 3615 -947 -1913 1914 -843
259 -523 3619 -952 -1915 1915 -845
260 -526 3616 -949 -1911 1921 -840
261 -526 3615 -950 -1913 1921 -845
262 -531 3615 -950 -1910 1923 -843
263 -531 3616 -945 -1912 1919 -840
264 -523 3616 -950 -1911 1915 -842
265 -527 3615 -948 -1911 1918 -843
266 -526 3615 -947 -1910 1919 -839
267 -525 3618 -949 -1910 1916 -840
268 -528 3615 -947 -1908 1919 -843
269 -529 3615 -947 -1914 1921 -841
270 -527 3615 -948 -1914 1917 -842
271 -527 3617 -947 -1915 1922 -840
272 -527 3616 -945 -1909 1923 -843
273 -524 3620 -948 -1909 1921 -843
274 -527 3617 -945 -1910 1920 -843
275 -530 3612 -946 -1916 1920 -845
276 -527 3615 -948 -1914 1921 -841
277 -529 3614 -949 -1914 1918 -843
278 -528 3616 -947 -1909 1918 -840
279 -527 3616 -948 -1906 1914 -843
280 -527 3617 -947 -1909 1915 -844
281 -528 3616 -949 -1911 1918 -840
282 -526 3614 -949 -1914 1916 -838
283 -525 3617 -948 -1913 1922 -841
284 -527 3616 -945 -1912 1920 -843
285 -526 3618 -946 -1908 1920 -840
286 -526 3616 -944 -1908 1919 -841
287 -526 3616 -947 -1909 1918 -841
288 -526 3613 -948 -1905 1914 -843
289 -521 3616 -948 -1909 1915 -840
290 -523 3617 -947 -1908 1915 -841
291 -522 3618 -951 -1913 1919 -839
292 -525 3618 -946 -1908 1923 -840
293 -529 3618 -946 -1911 1926 -840
294 -529 3618 -944 -1914 1924 -840
295 -530 3614 -946 -1914 1922 -844
296 -527 3612 -950 -1912 1920 -843
297 -529 3614 -946 -1913 1920 -841
298 -529 3615 -944 -1908 1918 -843
299 -531 3616 -949 -1913 1918 -841
300 -525 3615 -948 -1913 1919 -840
301 -524 3619 -949 -1914 1915 -840
302 -524 3618 -950 -1910 1911 -841
303 -525 3616 -950 -1910 1917 -844
304 -530 3615 -949 -1910 1921 -840
305 -530 3617 -947 -1912 1923 -842
306 -530 3615 -945 -1915 1924 -843
307 -531 3616 -950 -1911 1920 -844
308 -530 3615 -953 -1911 1917 -842
309 -524 3617 -949 -1907 1914 -840
310 -522 3616 -946 -1905 1914 -840
311 -525 3617 -948 -1912 1913 -843
312 -526 3615 -949 -1910 1917 -842
313 -524 3616 -948 -1912 1922 -839
314 -526 3617 -947 -1912 1920 -844
315 -530 3615 -943 -1911 1919 -843
316 -528 3615 -947 -1912 1924 -837
317 -530 3616 -945 -1912 1926 -840
318 -529 3613 -944 -1914 1926 -842
319 -527 3615 -946 -1912 1922 -841
320 -526 3614 -946 -1912 1920 -842
321 -526 3616 -948 -1909 1920 -842
322 -528 3616 -945 -1909 1917 -844
323 -525 3618 -949 -1909 1916 -839
324 -522 3617 -945 -1909 1918 -840
325 -524 3615 -948 -1914 1915 -843
326 -528 3618 -946 -1915 1921 -839
327 -528 3616 -945 -1911 1920 -844
328 -529 3619 -945 -1912 1921 -843
329 -528 3615 -943 -1912 1923 -842
330 -526 3617 -948 -1911 1919 -841
331 -523 3617 -948 -1909 1913 -843
332 -524 3618 -947 -1909 1915 -842
333 -524 3619 -948 -1910 1911 -843
334 -526 3617 -946 -1909 1917 -840
335 -526 3618 -948 -1913 1919 -842
336 -527 3616 -950 -1919 1921 -847
337 -530 3612 -949 -1915 1922 -844
338 -529 3618 -944 -1915 1922 -840
339 -531 3612 -945 -1914 1922 -844
340 -533 3615 -949 -1914 1924 -840
341 -529 3614 -946 -1915 1922 -842
342 -528 3618 -947 -1914 1920 -839
343 -524 3615 -949 -1912 1915 -839
344 -528 3614 -947 -1908 1917 -844
345 -527 3618 -949 -1910 1915 -843
346 -525 3614 -950 -1911 1920 -842
347 -527 3616 -951 -1910 1918 -841
348 -528 3617 -946 -1913 1920 -843
349 -529 3614 -947 -1915 1920 -840
350 -533 3614 -947 -1913 1921 -845
351 -531 3615 -948 -1913 1922 -842
352 -529 3616 -947 -1911 1914 -843
353 -524 3616 -948 -1910 1911 -842
354 -522 3617 -952 -1911 1909 -842
355 -520 3614 -949 -1910 1912 -840
356 -521 3617 -945 -1913 1918 -842
357 -524 3618 -947 -1912 1923 -840
358 -532 3616 -944 -1916 1922 -841
359 -530 3616 -946 -1915 1925 -842
360 -530 3614 -942 -1913 1923 -844
361 -527 3616 -948 -1917 1920 -841
362 -527 3614 -948 -1913 1917 -840
363 -527 3617 -945 -1910 1917 -842
364 -527 3616 -945 -1907 1918 -843
365 -523 3618 -946 -1908 1919 -841
366 -524 3617 -946 -1910 1920 -840
367 -524 3616 -948 -1910 1917 -840
368 -523 3618 -946 -1909 1917 -841
369 -526 3617 -947 -1908 1922 -840
370 -530 3619 -943 -1911 1926 -841
371 -530 3618 -944 -1911 1924 -839
372 -528 3617 -944 -1910 1922 -840
373 -526 3619 -950 -1909 1915 -841
374 -523 3618 -946 -1908 1914 -840
375 -523 3621 -949 -1908 1915 -842
376 -520 3620 -948 -1908 1915 -838
377 -520 3617 -947 -1906 1917 -838
378 -523 3619 -946 -1911 1920 -839
379 -525 3615 -946 -1912 1926 -840
380 -527 3619 -945 -1915 1928 -841
381 -530 3620 -943 -1912 1929 -839
382 -529 3616 -946 -1913 1924 -841
383 -524 3618 -944 -1908 1922 -838
384 -524 3621 -942 -1910 1919 -839
385 -520 3616 -947 -1911 1915 -839
386 -522 3617 -947 -1906 1917 -840
387 -523 3619 -948 -1910 1920 -840
388 -526 3617 -949 -1910 1920 -838
389 -529 3618 -944 -1910 1923 -841
390 -526 3617 -947 -1909 1924 -839
391 -527 3617 -945 -1911 1924 -839
392 -528 3616 -945 -1911 1922 -841
393 -525 3616 -944 -1908 1922 -838
394 -524 3618 -944 -1908 1919 -841
395 -524 3620 -946 -1909 1919 -839
396 -524 3621 -948 -1904 1914 -840
397 -521 3619 -948 -1906 1914 -839
398 -523 3616 -948 -1908 1914 -837
399 -523 3620 -947 -1910 1915 -842
400 -525 3616 -949 -1913 1920 -841
401 -530 3613 -951 -1911 1923 -842
402 -528 3618 -944 -1916 1925 -840
403 -531 3616 -944 -1913 1923 -844
404 -533 3617 -946 -1913 1921 -841
405 -526 3617 -945 -1913 1919 -844
406 -525 3616 -947 -1912 1917 -842
407 -525 3615 -947 -1909 1917 -840
408 -528 3615 -950 -1910 1917 -839
409 -525 3616 -950 -1910 1917 -843
410 -527 3615 -949 -1909 1918 -845
411 -527 3617 -947 -1911 1919 -842
412 -526 3617 -945 -1914 1922 -843
413 -531 3612 -947 -1913 1921 -842
414 -529 3615 -946 -1911 1920 -842
415 -529 3616 -944 -1910 1923 -841
416 -529 3616 -944 -1915 1920 -842
417 -525 3618 -948 -1909 1920 -841
418 -524 3616 -948 -1909 1916 -840
419 -524 3616 -949 -1906 1914 -839
420 -525 3616 -950 -1909 1915 -840
421 -522 3618 -948 -1909 1917 -844
422 -525 3617 -947 -1912 1920 -841
423 -527 3617 -946 -1912 1923 -838
424 -529 3613 -944 -1914 1928 -843
425 -529 3616 -946 -1912 1924 -841
426 -527 3617 -944 -1913 1924 -839
427 -524 3618 -944 -1909 1917 -840
428 -521 3619 -945 -1910 1917 -840
429 -526 3616 -948 -1908 1914 -842
430 -525 3615 -946 -1908 1914 -841
431 -525 3615 -948 -1913 1920 -839
432 -528 3616 -947 -1909 1918 -844
433 -529 3620 -947 -1914 1923 -841
434 -527 3615 -948 -1912 1920 -840
435 -528 3616 -946 -1910 1919 -840
436 -527 3613 -946 -1911 1921 -842
437 -529 3617 -947 -1912 1917 -843
438 -526 3616 -948 -1911 1917 -841
439 -527 3617 -945 -1914 1916 -846
440 -525 3614 -951 -1913 1918 -842
441 -523 3613 -951 -1912 1912 -841
442 -521 3616 -950 -1908 1913 -843
443 -525 3616 -950 -1910 1913 -840
444 -524 3617 -945 -1912 1915 -844
445 -527 3613 -947 -1911 1920 -840
446 -530 3613 -947 -1912 1923 -841
447 -527 3617 -945 -1916 1926 -841
448 -528 3615 -944 -1915 1922 -842
449 -528 3616 -946 -1912 1921 -840
450 -528 3614 -947 -1910 1914 -840
451 -523 3618 -947 -1911 1913 -842
452 -525 3615 -948 -1911 1915 -846
453 -525 3617 -946 -1910 1914 -838
454 -524 3619 -948 -1913 1919 -840
455 -530 3613 -945 -1910 1920 -843
456 -527 3614 -946 -1913 1920 -841
457 -527 3618 -946 -1914 1923 -841
458 -529 3619 -947 -1914 1920 -842
459 -529 3616 -945 -1915 1922 -842
460 -527 3614 -948 -1914 1919 -843
461 -531 3614 -949 -1912 1915 -843
462 -531 3616 -951 -1913 1913 -840
463 -526 3618 -952 -1910 1916 -842
464 -524 3615 -949 -1912 1911 -843
465 -530 3615 -951 -1912 1910 -843
466 -525 3616 -948 -1910 1914 -841
467 -528 3617 -948 -1912 1921 -843
468 -531 3614 -945 -1915 1923 -844
469 -529 3615 -946 -1915 1925 -839
470 -530 3613 -946 -1913 1924 -843
471 -527 3617 -948 -1912 1921 -842
472 -529 3612 -948 -1912 1917 -846
473 -527 3615 -950 -1911 1917 -845
474 -526 3618 -945 -1912 1915 -840
475 -530 3615 -948 -1912 1918 -846
476 -527 3613 -951 -1910 1914 -841
477 -528 3611 -946 -1914 1917 -843
478 -528 3616 -947 -1911 1918 -841
479 -530 3616 -944 -1911 1920 -839
480 -531 3615 -949 -1909 1916 -840
481 -528 3616 -949 -1912 1918 -842
482 -531 3613 -948 -1914 1917 -841
483 -527 3614 -947 -1915 1919 -840
484 -529 3614 -950 -1908 1916 -845
485 -527 3613 -948 -1907 1915 -840
486 -525 3616 -944 -1907 1914 -845
487 -524 3618 -946 -1911 1912 -842
488 -525 3615 -949 -1913 1920 -841
489 -527 3616 -948 -1911 1924 -844
490 -527 3615 -946 -1915 1924 -842
491 -531 3617 -943 -1913 1926 -842
492 -530 3615 -948 -1912 1924 -843
493 -529 3615 -947 -1912 1921 -840
494 -524 3619 -945 -1909 1915 -842
495 -526 3617 -947 -1908 1912 -841
496 -525 3614 -949 -1911 1915 -841
497 -526 3616 -948 -1910 1917 -842
498 -527 3612 -947 -1911 1921 -841
499 -528 3616 -949 -1912 1925 -843
500 -530 3616 -946 -1913 1922 -840
501 -529 3616 -945 -1911 1923 -841
502 -527 3615 -950 -1913 1917 -842
503 -528 3614 -946 -1911 1917 -840
504 -527 3617 -945 -1911 1917 -841
505 -528 3615 -948 -1913 1918 -841
506 -532 3616 -948 -1912 1917 -842
507 -524 3616 -949 -1911 1915 -842
508 -522 3614 -949 -1910 1915 -840
509 -524 3618 -951 -1909 1916 -839
510 -525 3617 -947 -1911 1916 -841
511 -528 3616 -946 -1909 1917 -841
512 -527 3615 -946 -1910 1924 -841
513 -529 3614 -946 -1916 1923 -840
514 -531 3614 -950 -1913 1922 -838
515 -526 3620 -945 -1910 1926 -843
516 -528 3614 -950 -1909 1917 -842
517 -525 3613 -945 -1909 1914 -840
518 -525 3616 -948 -1911 1913 -841
519 -520 3616 -948 -1911 1918 -840
520 -525 3617 -946 -1913 1920 -843
521 -528 3615 -946 -1913 1925 -842
522 -532 3614 -947 -1910 1923 -841
523 -529 3614 -945 -1910 1921 -842
524 -525 3616 -946 -1910 1920 -842
525 -528 3614 -948 -1912 1918 -844
526 -525 3614 -948 -1909 1918 -844
527 -527 3616 -947 -1911 1917 -842
528 -528 3617 -949 -1912 1918 -843
529 -530 3615 -948 -1911 1918 -845
530 -528 3615 -949 -1911 1913 -842
531 -524 3616 -947 -1908 1913 -846
532 -522 3615 -946 -1913 1915 -838
533 -528 3617 -948 -1912 1918 -841
534 -527 3613 -947 -1914 1921 -840
535 -529 3618 -948 -1913 1923 -841
536 -528 3615 -949 -1916 1922 -838
537 -526 3620 -949 -1914 1916 -841
538 -524 3615 -949 -1911 1913 -841
539 -524 3615 -947 -1911 1915 -843
540 -528 3615 -946 -1910 1919 -843
541 -527 3613 -947 -1915 1921 -842
542 -529 3614 -947 -1914 1921 -843
543 -530 3615 -950 -1915 1921 -841
544 -527 3613 -946 -1912 1918 -843
545 -527 3614 -947 -1910 1915 -842
546 -527 3618 -950 -1911 1916 -843
547 -529 3617 -946 -1907 1917 -841
548 -529 3614 -950 -1914 1915 -840
549 -525 3615 -948 -1913 1917 -842
550 -528 3614 -947 -1912 1919 -842
551 -526 3614 -949 -1910 1916 -843
552 -528 3616 -947 -1913 1916 -846
553 -527 3617 -948 -1909 1919 -843
554 -524 3614 -946 -1912 1913 -842
555 -524 3617 -949 -1911 1914 -845
556 -529 3614 -950 -1913 1918 -845
557 -529 3617 -949 -1911 1921 -843
558 -530 3616 -948 -1911 1922 -842
559 -529 3614 -948 -1908 1916 -842
560 -527 3616 -950 -1912 1914 -842
561 -525 3615 -947 -1911 1917 -843
562 -524 3618 -948 -1913 1918 -842
563 -526 3615 -948 -1912 1922 -840
564 -527 3616 -947 -1910 1922 -842
565 -528 3615 -948 -1913 1922 -842
566 -528 3614 -946 -1908 1922 -844
567 -527 3616 -944 -1908 1918 -841
568 -525 3617 -948 -1910 1915 -845
569 -526 3617 -945 -1912 1915 -840
570 -526 3618 -947 -1910 1917 -843
571 -530 3615 -949 -1911 1920 -843
572 -525 3617 -948 -1909 1920 -841
573 -528 3617 -948 -1912 1923 -841
574 -526 3617 -944 -1911 1920 -840
575 -525 3616 -950 -1910 1920 -841
576 -528 3614 -945 -1909 1919 -841
577 -529 3615 -945 -1909 1917 -840
578 -526 3615 -947 -1912 1922 -840
579 -526 3614 -946 -1913 1916 -843
580 -527 3614 -946 -1912 1920 -840
581 -527 3614 -946 -1911 1919 -842
582 -526 3615 -948 -1908 1917 -840
583 -525 3615 -951 -1907 1922 -841
584 -526 3617 -949 -1911 1922 -841
585 -529 3616 -947 -1914 1919 -843
586 -529 3616 -945 -1915 1919 -842
587 -529 3615 -949 -1913 1922 -842
588 -526 3615 -949 -1910 1921 -844
589 -527 3614 -946 -1911 1916 -841
590 -524 3615 -948 -1908 1914 -841
591 -523 3617 -947 -1911 1913 -840
592 -523 3619 -948 -1912 1919 -842
593 -528 3618 -948 -1911 1922 -841
594 -526 3617 -949 -1910 1920 -841
595 -529 3615 -946 -1910 1920 -842
596 -527 3616 -945 -1909 1918 -840
597 -527 3615 -948 -1911 1919 -838
598 -524 3617 -948 -1911 1921 -841
599 -528 3618 -948 -1910 1919 -842
600 -527 3615 -946 -1908 1918 -844
601 -528 3616 -946 -1910 1920 -841
602 -525 3616 -946 -1909 1917 -842
603 -525 3617 -949 -1907 1915 -840
604 -523 3617 -947 -1914 1916 -840
605 -522 3618 -947 -1909 1919 -840
606 -525 3620 -946 -1909 1921 -839
607 -530 3615 -946 -1910 1920 -840
608 -531 3616 -946 -1913 1924 -841
609 -530 3615 -948 -1917 1925 -843
610 -529 3614 -945 -1912 1922 -839
611 -527 3616 -948 -1914 1922 -840
612 -524 3617 -946 -1907 1918 -841
613 -523 3618 -947 -1904 1915 -838
614 -523 3621 -947 -1910 1914 -841
615 -521 3615 -949 -1914 1911 -842
616 -524 3616 -950 -1912 1916 -838
617 -526 3617 -949 -1913 1919 -841
618 -527 3620 -946 -1911 1922 -841
619 -530 3617 -948 -1908 1920 -843
620 -532 3616 -946 -1912 1922 -841
621 -529 3616 -947 -1919 1918 -844
622 -525 3615 -949 -1912 1919 -841
623 -526 3615 -948 -1910 1922 -839
624 -527 3615 -947 -1910 1923 -841
625 -528 3616 -945 -1908 1918 -842
626 -526 3617 -946 -1910 1917 -842
627 -523 3615 -949 -1912 1914 -842
628 -522 3617 -948 -1911 1918 -840
629 -524 3617 -948 -1910 1923 -841
630 -529 3616 -947 -1912 1923 -841
631 -531 3616 -945 -1911 1925 -844
632 -526 3616 -946 -1913 1921 -839
633 -522 3618 -949 -1913 1918 -841
634 -521 3618 -947 -1912 1916 -840
635 -522 3618 -950 -1908 1918 -842
636 -520 3617 -946 -1907 1918 -843
637 -530 3615 -945 -1910 1918 -841
638 -525 3616 -947 -1911 1918 -842
639 -526 3615 -947 -1914 1921 -840
640 -526 3616 -950 -1913 1921 -843
641 -529 3615 -946 -1909 1919 -842
642 -526 3617 -948 -1910 1919 -839
643 -528 3617 -950 -1912 1915 -840
644 -528 3615 -945 -1910 1921 -844
645 -526 3618 -947 -1913 1920 -841
646 -524 3616 -947 -1913 1920 -841
647 -524 3620 -946 -1910 1921 -841
648 -525 3616 -947 -1907 1919 -839
649 -525 3618 -945 -1907 1915 -842
650 -527 3620 -946 -1909 1921 -842
651 -525 3617 -945 -1908 1921 -840
652 -523 3617 -943 -1911 1924 -843
653 -526 3614 -945 -1909 1920 -842
654 -530 3617 -945 -1908 1918 -840
655 -532 3615 -948 -1911 1922 -842
656 -531 3616 -948 -1911 1917 -843
657 -526 3616 -947 -1911 1918 -840
658 -523 3618 -950 -1908 1914 -841
659 -524 3616 -945 -1907 1915 -841
660 -525 3611 -946 -1908 1920 -842
661 -529 3620 -946 -1907 1920 -841
662 -525 3618 -945 -1909 1920 -840
663 -524 3618 -948 -1912 1921 -839
664 -523 3615 -945 -1909 1923 -841
665 -524 3619 -946 -1911 1918 -838
666 -527 3615 -945 -1909 1924 -841
667 -527 3620 -947 -1910 1920 -839
668 -525 3617 -944 -1912 1921 -840
669 -525 3617 -948 -1908 1922 -838
670 -522 3618 -944 -1914 1922 -841
671 -523 3619 -946 -1907 1917 -841
672 -521 3617 -948 -1909 1920 -840
673 -523 3617 -948 -1906 1920 -838
674 -524 3621 -945 -1909 1925 -837
675 -526 3617 -945 -1914 1926 -841
676 -527 3616 -944 -1914 1922 -841
677 -524 3615 -945 -1908 1918 -842
678 -529 3617 -947 -1909 1918 -840
679 -524 3617 -949 -1908 1918 -840
680 -528 3619 -947 -1910 1921 -836
681 -528 3617 -944 -1915 1922 -841
682 -522 3614 -949 -1911 1922 -840
683 -524 3618 -946 -1910 1917 -838
684 -526 3619 -946 -1909 1922 -840
685 -527 3621 -947 -1911 1918 -841
686 -527 3617 -946 -1908 1920 -841
687 -525 3615 -946 -1915 1920 -840
688 -523 3616 -945 -1908 1918 -841
689 -524 3621 -947 -1914 1917 -840
690 -524 3616 -947 -1912 1920 -841
691 -528 3618 -948 -1909 1921 -838
692 -526 3619 -946 -1911 1919 -839
693 -526 3619 -948 -1910 1918 -838
694 -524 3617 -947 -1912 1918 -838
695 -525 3616 -946 -1906 1919 -839
696 -526 3617 -943 -1908 1920 -838
697 -528 3618 -945 -1912 1923 -842
698 -530 3615 -947 -1912 1921 -840
699 -525 3619 -949 -1914 1921 -842
700 -525 3613 -948 -1912 1917 -840
701 -523 3616 -946 -1908 1915 -840
702 -524 3614 -948 -1911 1918 -842
703 -526 3618 -947 -1912 1920 -843
704 -526 3615 -950 -1911 1922 -841
705 -527 3614 -945 -1916 1921 -843
706 -526 3617 -946 -1913 1920 -842
707 -526 3620 -952 -1905 1920 -840
708 -525 3620 -944 -1910 1918 -840
709 -522 3617 -945 -1908 1918 -842
710 -524 3615 -946 -1914 1921 -838
711 -528 3616 -946 -1914 1924 -840
712 -526 3616 -948 -1910 1920 -840
713 -525 3614 -944 -1910 1921 -842
714 -524 3618 -947 -1907 1917 -839
715 -523 3617 -948 -1910 1919 -839
716 -526 3615 -947 -1910 1917 -840
717 -526 3620 -946 -1912 1919 -842
718 -524 3618 -944 -1910 1919 -842
719 -526 3616 -947 -1907 1923 -837
720 -528 3619 -946 -1912 1919 -843
721 -529 3615 -947 -1911 1920 -844
722 -527 3614 -949 -1911 1917 -843
723 -527 3614 -948 -1914 1918 -841
724 -527 3616 -950 -1911 1916 -844
725 -528 3619 -946 -1912 1922 -842
726 -532 3617 -948 -1910 1918 -841
727 -528 3616 -948 -1909 1918 -839
728 -524 3618 -947 -1910 1918 -838
729 -523 3620 -947 -1911 1914 -837
730 -522 3617 -945 -1911 1915 -839
731 -521 3617 -948 -1908 1918 -839
732 -526 3616 -946 -1912 1922 -839
733 -530 3618 -946 -1909 1924 -841
734 -527 3617 -948 -1912 1919 -841
735 -522 3620 -946 -1910 1922 -840
736 -524 3615 -946 -1907 1917 -840
737 -522 3617 -948 -1908 1917 -842
738 -525 3620 -946 -1905 1922 -840
739 -525 3620 -945 -1906 1918 -842
740 -524 3619 -945 -1912 1921 -841
741 -526 3618 -946 -1911 1922 -839
742 -526 3614 -950 -1910 1918 -840
743 -527 3614 -945 -1908 1916 -841
744 -526 3614 -948 -1908 1917 -839
745 -523 3617 -943 -1910 1917 -840
746 -528 3616 -948 -1913 1921 -842
747 -529 3617 -944 -1911 1918 -842
748 -526 3615 -946 -1912 1920 -837
749 -526 3619 -947 -1907 1920 -841
750 -528 3616 -948 -1910 1919 -839
751 -524 3614 -948 -1910 1920 -839
752 -526 3617 -948 -1912 1918 -841
753 -524 3616 -948 -1912 1921 -841
754 -524 3616 -946 -1911 1925 -836
755 -525 3622 -947 -1912 1922 -842
756 -526 3618 -948 -1914 1920 -842
757 -530 3616 -948 -1911 1918 -841
758 -524 3618 -949 -1908 1917 -838
759 -524 3616 -948 -1911 1912 -841
760 -524 3616 -948 -1910 1918 -841
761 -528 3616 -948 -1910 1919 -840
762 -529 3616 -947 -1909 1921 -840
763 -528 3618 -948 -1914 1924 -837
764 -525 3616 -945 -1914 1920 -846
765 -527 3618 -946 -1914 1919 -842
766 -525 3616 -948 -1911 1920 -841
767 -526 3614 -945 -1908 1916 -839
768 -525 3619 -946 -1910 1919 -839
769 -528 3616 -948 -1912 1922 -839
770 -528 3618 -946 -1912 1920 -840
771 -525 3618 -949 -1912 1917 -839
772 -524 3613 -946 -1909 1913 -839
773 -524 3616 -948 -1905 1916 -844
774 -524 3616 -948 -1909 1918 -843
775 -528 3615 -948 -1910 1920 -841
776 -527 3616 -948 -1912 1922 -841
777 -525 3616 -945 -1914 1922 -844
778 -527 3614 -944 -1909 1923 -842
779 -530 3615 -943 -1910 1919 -840
780 -525 3614 -947 -1912 1918 -842
781 -527 3615 -947 -1912 1912 -842
782 -525 3616 -948 -1913 1918 -843
783 -524 3617 -947 -1914 1919 -842
784 -526 3616 -947 -1912 1917 -843
785 -524 3616 -946 -1907 1917 -839
786 -528 3616 -945 -1909 1916 -840
787 -526 3615 -950 -1909 1919 -843
788 -524 3619 -947 -1912 1919 -845
789 -525 3616 -948 -1910 1922 -840
790 -523 3613 -950 -1913 1919 -840
791 -528 3615 -948 -1915 1923 -840
792 -531 3615 -946 -1909 1923 -840
793 -529 3617 -949 -1909 1920 -840
794 -524 3619 -946 -1907 1918 -841
795 -523 3616 -945 -1909 1916 -842
796 -521 3614 -945 -1917 1917 -843
797 -528 3614 -946 -1914 1923 -842
798 -528 3614 -949 -1912 1924 -840
799 -529 3615 -948 -1914 1927 -840
800 -528 3615 -946 -1912 1920 -842
801 -528 3615 -947 -1910 1916 -841
802 -521 3616 -950 -1909 1912 -841
803 -522 3615 -947 -1906 1912 -841
804 -522 3619 -945 -1908 1917 -839
805 -525 3616 -949 -1910 1919 -842
806 -528 3618 -945 -1912 1918 -841
807 -528 3616 -947 -1911 1918 -843
808 -527 3614 -950 -1911 1916 -839
809 -524 3611 -947 -1909 1917 -842
810 -527 3616 -947 -1909 1918 -841
811 -527 3615 -948 -1910 1922 -842
812 -529 3615 -944 -1913 1920 -840
813 -528 3618 -945 -1912 1919 -839
814 -526 3617 -946 -1913 1919 -841
815 -524 3614 -948 -1911 1918 -844
816 -525 3616 -947 -1910 1914 -845
817 -527 3614 -948 -1912 1917 -840
818 -525 3615 -950 -1910 1921 -839
819 -528 3618 -946 -1915 1920 -841
820 -528 3616 -945 -1918 1924 -842
821 -530 3615 -944 -1913 1925 -841
822 -527 3616 -947 -1912 1920 -841
823 -524 3616 -947 -1909 1918 -841
824 -525 3616 -948 -1910 1916 -841
825 -521 3617 -948 -1908 1914 -846
826 -523 3618 -947 -1913 1917 -841
827 -527 3617 -945 -1914 1917 -840
828 -526 3616 -946 -1911 1919 -842
829 -528 3616 -944 -1909 1919 -839
830 -524 3614 -949 -1908 1916 -844
831 -525 3617 -947 -1911 1914 -841
832 -524 3616 -950 -1912 1917 -842
833 -524 3614 -950 -1912 1921 -842
834 -528 3615 -948 -1915 1921 -844
835 -526 3614 -948 -1913 1919 -840
836 -527 3616 -946 -1911 1918 -839
837 -527 3615 -947 -1909 1920 -841
838 -524 3617 -946 -1912 1915 -840
839 -519 3618 -943 -1911 1918 -839
840 -526 3619 -947 -1910 1923 -841
841 -529 3615 -946 -1912 1930 -839
842 -533 3618 -943 -1913 1930 -843
843 -533 3618 -947 -1912 1924 -841
844 -523 3617 -945 -1912 1918 -842
845 -525 3615 -945 -1909 1915 -841
846 -522 3611 -948 -1907 1910 -844
847 -522 3616 -947 -1910 1916 -842
848 -525 3617 -948 -1913 1916 -843
849 -528 3615 -949 -1914 1920 -843
850 -527 3613 -948 -1916 1920 -840
851 -526 3616 -947 -1910 1917 -844
852 -523 3614 -947 -1910 1916 -843
853 -525 3613 -950 -1912 1915 -844
854 -526 3617 -948 -1909 1916 -841
855 -528 3615 -949 -1913 1917 -842
856 -529 3616 -948 -1915 1919 -843
857 -526 3616 -949 -1917 1921 -840
858 -524 3618 -946 -1914 1920 -842
859 -527 3617 -945 -1911 1921 -840
860 -528 3617 -947 -1911 1915 -841
861 -525 3618 -946 -1910 1918 -839
862 -528 3617 -948 -1912 1920 -843
863 -527 3618 -947 -1915 1922 -842
864 -529 3614 -944 -1911 1925 -843
865 -529 3614 -943 -1914 1926 -840
866 -530 3617 -947 -1910 1921 -842
867 -526 3616 -948 -1910 1916 -841
868 -524 3619 -948 -1908 1915 -841
869 -521 3620 -945 -1909 1914 -841
870 -523 3618 -948 -1910 1916 -842
871 -526 3616 -948 -1909 1921 -840
872 -530 3614 -949 -1908 1918 -842
873 -529 3614 -950 -1909 1915 -842
874 -525 3616 -949 -1910 1913 -842
875 -523 3613 -949 -1911 1919 -840
876 -526 3615 -946 -1913 1920 -839
877 -528 3615 -947 -1908 1920 -843
878 -531 3615 -952 -1913 1921 -843
879 -531 3614 -948 -1910 1922 -842
880 -529 3614 -943 -1914 1915 -843
881 -524 3615 -948 -1910 1915 -843
882 -522 3617 -949 -1907 1913 -841
883 -524 3613 -946 -1909 1913 -842
884 -529 3615 -949 -1910 1922 -842
885 -531 3615 -944 -1915 1926 -843
886 -534 3614 -947 -1918 1926 -843
887 -530 3614 -945 -1916 1922 -841
888 -530 3614 -948 -1913 1918 -844
889 -526 3612 -945 -1907 1914 -842
890 -527 3614 -950 -1910 1914 -847
891 -527 3613 -951 -1911 1914 -840
892 -526 3615 -945 -1911 1917 -845
893 -524 3616 -949 -1912 1915 -844
894 -525 3615 -949 -1911 1920 -842
895 -530 3618 -949 -1907 1918 -841
896 -526 3617 -949 -1910 1916 -843
897 -526 3618 -949 -1910 1917 -844
898 -525 3615 -948 -1915 1918 -840
899 -527 3614 -948 -1910 1921 -839
900 -525 3615 -948 -1912 1917 -841
901 -529 3613 -948 -1913 1920 -842
902 -530 3616 -949 -1909 1922 -840
903 -528 3613 -945 -1913 1915 -846
904 -524 3614 -948 -1913 1915 -845
905 -525 3614 -950 -1915 1914 -843
906 -528 3616 -948 -1912 1920 -842
907 -531 3614 -945 -1915 1924 -843
908 -533 3614 -946 -1915 1926 -842
909 -532 3616 -945 -1917 1927 -841
910 -528 3615 -948 -1914 1919 -840
911 -524 3614 -949 -1910 1915 -846
912 -523 3618 -945 -1908 1910 -840
913 -522 3618 -950 -1909 1910 -842
914 -527 3615 -949 -1908 1916 -840
915 -530 3612 -947 -1914 1923 -843
916 -530 3616 -945 -1912 1919 -846
917 -530 3617 -946 -1914 1919 -844
918 -527 3614 -947 -1913 1918 -841
919 -528 3612 -949 -1910 1919 -841
920 -527 3614 -948 -1912 1914 -844
921 -528 3615 -950 -1911 1915 -845
922 -526 3613 -949 -1913 1918 -842
923 -527 3617 -946 -1910 1916 -843
924 -528 3613 -951 -1913 1915 -844
925 -526 3613 -946 -1909 1917 -842
926 -528 3614 -949 -1914 1915 -842
927 -528 3613 -946 -1917 1919 -843
928 -529 3618 -948 -1915 1923 -843
929 -530 3611 -947 -1916 1924 -844
930 -529 3612 -943 -1918 1921 -845
931 -532 3611 -949 -1913 1919 -842
932 -533 3614 -948 -1913 1915 -842
933 -527 3616 -950 -1913 1912 -843
934 -526 3614 -951 -1911 1917 -840
935 -525 3616 -949 -1909 1918 -841
936 -526 3613 -949 -1915 1920 -842
937 -528 3615 -951 -1913 1920 -843
938 -532 3616 -948 -1912 1918 -847
939 -527 3616 -948 -1912 1918 -845
940 -531 3614 -950 -1915 1916 -842
941 -525 3616 -951 -1910 1916 -842
942 -526 3616 -952 -1912 1914 -842
943 -526 3615 -949 -1912 1914 -842
944 -526 3616 -949 -1912 1913 -838
945 -527 3616 -948 -1910 1916 -843
946 -524 3617 -949 -1911 1920 -839
947 -525 3616 -948 -1915 1919 -839
948 -529 3615 -947 -1911 1919 -840
949 -528 3615 -951 -1912 1922 -843
950 -532 3613 -948 -1915 1922 -842
951 -529 3615 -946 -1914 1924 -840
952 -528 3617 -944 -1912 1927 -841
953 -526 3615 -944 -1913 1920 -840
954 -529 3616 -948 -1910 1916 -842
955 -529 3616 -945 -1908 1914 -844
956 -528 3617 -948 -1909 1915 -840
957 -527 3614 -949 -1909 1919 -843
958 -524 3615 -947 -1909 1919 -846
959 -527 3616 -950 -1911 1920 -840
960 -528 3617 -949 -1911 1919 -842
961 -531 3614 -947 -1912 1922 -845
962 -532 3617 -946 -1909 1917 -843
963 -522 3622 -946 -1908 1917 -843
964 -524 3617 -948 -1908 1915 -839
965 -521 3615 -948 -1909 1914 -842
966 -521 3617 -945 -1907 1916 -839
967 -522 3617 -947 -1910 1920 -840
968 -528 3618 -948 -1911 1921 -843
969 -525 3616 -947 -1912 1920 -841
970 -528 3613 -949 -1913 1918 -841
971 -526 3615 -948 -1913 1919 -842
972 -529 3613 -946 -1913 1919 -842
973 -531 3616 -947 -1913 1922 -842
974 -528 3612 -948 -1915 1921 -842
975 -529 3616 -947 -1915 1925 -843
976 -529 3613 -949 -1914 1920 -843
977 -527 3615 -948 -1912 1920 -840
978 -524 3619 -945 -1910 1918 -840
979 -528 3614 -948 -1908 1919 -844
980 -528 3613 -948 -1911 1920 -842
981 -529 3613 -947 -1909 1917 -841
982 -524 3620 -947 -1911 1920 -842
983 -526 3616 -948 -1917 1918 -843
984 -531 3615 -950 -1911 1921 -845
985 -526 3615 -947 -1911 1916 -841
986 -523 3615 -949 -1908 1914 -842
987 -526 3615 -946 -1909 1913 -842
988 -528 3615 -951 -1912 1916 -840
989 -523 3611 -946 -1910 1917 -840
990 -525 3615 -950 -1911 1917 -843
991 -528 3617 -949 -1914 1918 -841
992 -530 3612 -948 -1913 1922 -845
993 -532 3614 -950 -1914 1919 -846
994 -529 3616 -949 -1915 1919 -841
995 -528 3615 -946 -1915 1920 -840
996 -529 3613 -949 -1915 1920 -843
997 -525 3613 -948 -1912 1919 -844
998 -531 3614 -949 -1911 1918 -846
999 -527 3617 -948 -1913 1919 -844
0 2760 8146 -6362 1219 -4559 -1021
1 2761 8149 -6364 1221 -4557 -1020
2 2762 8149 -6364 1222 -4560 -1018
3 2758 8151 -6365 1219 -4562 -1020
4 2760 8150 -6366 1221 -4560 -1019
5 2760 8147 -6368 1215 -4558 -1020
6 2760 8149 -6365 1218 -4557 -1022
7 2760 8149 -6363 1219 -4555 -1017
8 2758 8146 -6365 1220 -4557 -1022
9 2758 8147 -6362 1220 -4558 -1023
10 2760 8152 -6363 1221 -4557 -1023
11 2760 8154 -6363 1222 -4560 -1019
12 2762 8151 -6364 1225 -4557 -1021
13 2762 8152 -6365 1221 -4561 -1020
14 2762 8148 -6365 1221 -4559 -1017
15 2761 8151 -6363 1222 -4559 -1019
16 2759 8152 -6364 1222 -4560 -1020
17 2764 8147 -6366 1218 -4558 -1023
18 2760 8153 -6364 1220 -4558 -1018
19 2762 8153 -6362 1216 -4558 -1020
20 2760 8150 -6362 1220 -4557 -1019
21 2760 8149 -6364 1219 -4559 -1019
22 2760 8148 -6364 1219 -4563 -1021
23 2759 8149 -6364 1219 -4564 -1020
24 2758 8150 -6368 1220 -4563 -1020
25 2762 8148 -6366 1220 -4564 -1022
26 2762 8150 -6366 1220 -4561 -1020
27 2760 8149 -6365 1219 -4560 -1019
28 2758 8150 -6362 1215 -4558 -1021
29 2761 8151 -6365 1218 -4556 -1019
30 2758 8150 -6363 1218 -4560 -1022
31 2760 8151 -6364 1216 -4561 -1021
32 2760 8149 -6364 1220 -4560 -1019
33 2761 8152 -6365 1218 -4561 -1018
34 2758 8151 -6361 1220 -4559 -1018
35 2761 8150 -6363 1222 -4563 -1019
36 2763 8152 -6365 1219 -4560 -1019
37 2765 8152 -6362 1220 -4564 -1018
38 2763 8148 -6364 1220 -4562 -1018
39 2762 8152 -6361 1222 -4561 -1020
40 2757 8153 -6366 1221 -4560 -1017
41 2760 8152 -6362 1218 -4561 -1020
42 2762 8149 -6366 1217 -4564 -1023
43 2764 8147 -6367 1216 -4560 -1020
44 2759 8151 -6362 1223 -4560 -1019
45 2762 8149 -6365 1219 -4561 -1018
46 2760 8154 -6363 1218 -4561 -1018
47 2760 8148 -6365 1220 -4562 -1017
48 2762 8152 -6364 1217 -4564 -1017
49 2762 8149 -6364 1220 -4563 -1019
50 2761 8149 -6365 1221 -4565 -1019
51 2761 8152 -6362 1221 -4561 -1018
52 2759 8148 -6361 1214 -4557 -1023
53 2756 8147 -6363 1213 -4555 -1017
54 2756 8150 -6364 1219 -4559 -1019
55 2758 8151 -6363 1221 -4561 -1018
56 2763 8150 -6365 1223 -4567 -1021
57 2759 8152 -6363 1220 -4567 -1017
58 2764 8150 -6364 1219 -4562 -1017
59 2760 8151 -6364 1216 -4560 -1020
60 2758 8152 -6364 1217 -4560 -1018
61 2760 8155 -6364 1216 -4561 -1020
62 2762 8153 -6363 1221 -4563 -1018
63 2763 8151 -6364 1221 -4561 -1017
64 2761 8150 -6363 1220 -4560 -1016
65 2759 8152 -6363 1222 -4562 -1016
66 2762 8154 -6361 1221 -4560 -1015
67 2762 8150 -6364 1221 -4560 -1018
68 2762 8151 -6362 1218 -4560 -1015
69 2767 8150 -6362 1219 -4564 -1015
70 2759 8151 -6362 1220 -4565 -1018
71 2761 8151 -6362 1222 -4564 -1016
72 2763 8153 -6362 1219 -4561 -1018
73 2761 8151 -6361 1220 -4561 -1015
74 2760 8152 -6362 1216 -4560 -1017
75 2756 8150 -6360 1216 -4558 -1017
76 2758 8149 -6363 1220 -4562 -1018
77 2761 8150 -6361 1222 -4562 -1020
78 2763 8153 -6363 1223 -4565 -1018
79 2763 8152 -6363 1224 -4565 -1020
80 2765 8153 -6362 1222 -4565 -1017
81 2763 8155 -6361 1223 -4566 -1017
82 2763 8149 -6363 1219 -4565 -1018
83 2759 8151 -6365 1220 -4561 -1015
84 2762 8149 -6358 1220 -4562 -1015
85 2757 8151 -6363 1220 -4559 -1014
86 2760 8153 -6361 1220 -4562 -1014
87 2760 8155 -6360 1221 -4560 -1017
88 2764 8152 -6357 1222 -4562 -1016
89 2764 8152 -6358 1219 -4565 -1016
90 2765 8152 -6361 1220 -4562 -1016
91 2767 8149 -6360 1218 -4567 -1015
92 2765 8152 -6364 1221 -4570 -1017
93 2761 8152 -6361 1219 -4564 -1014
94 2759 8150 -6362 1219 -4561 -1014
95 2765 8152 -6360 1215 -4560 -1017
96 2758 8152 -6360 1218 -4559 -1014
97 2762 8154 -6362 1220 -4561 -1016
98 2761 8151 -6363 1224 -4564 -1016
99 2763 8152 -6363 1224 -4563 -1013
100 2763 8157 -6362 1222 -4566 -1012
101 2763 8154 -6363 1221 -4563 -1013
102 2767 8155 -6363 1223 -4567 -1016
103 2766 8152 -6363 1221 -4569 -1016
104 2766 8152 -6360 1222 -4565 -1015
105 2763 8155 -6359 1219 -4565 -1016
106 2763 8156 -6361 1220 -4566 -1016
107 2759 8153 -6363 1218 -4562 -1015
108 2764 8152 -6358 1220 -4564 -1011
109 2763 8154 -6362 1219 -4567 -1015
110 2764 8150 -6363 1223 -4564 -1016
111 2763 8151 -6364 1220 -4565 -1016
112 2765 8154 -6363 1223 -4571 -1017
113 2763 8153 -6362 1223 -4567 -1016
114 2769 8156 -6363 1222 -4568 -1015
115 2765 8154 -6362 1221 -4572 -1016
116 2761 8153 -6364 1219 -4563 -1015
117 2761 8151 -6359 1218 -4563 -1013
118 2764 8153 -6362 1219 -4562 -1017
119 2762 8153 -6362 1219 -4563 -1014
120 2760 8156 -6360 1223 -4566 -1014
121 2765 8152 -6360 1224 -4569 -1015
122 2765 8152 -6363 1224 -4572 -1016
123 2768 8153 -6361 1220 -4569 -1013
124 2768 8154 -6362 1220 -4568 -1014
125 2765 8155 -6364 1220 -4564 -1017
126 2761 8153 -6364 1220 -4567 -1015
127 2765 8153 -6362 1222 -4567 -1013
128 2763 8152 -6360 1222 -4568 -1014
129 2764 8154 -6364 1222 -4569 -1016
130 2764 8155 -6360 1222 -4570 -1013
131 2766 8153 -6360 1223 -4569 -1016
132 2762 8155 -6362 1222 -4569 -1017
133 2762 8154 -6360 1220 -4565 -1015
134 2764 8153 -6359 1223 -4568 -1014
135 2765 8153 -6360 1222 -4572 -1015
136 2763 8153 -6362 1225 -4570 -1013
137 2766 8155 -6362 1225 -4569 -1011
138 2765 8152 -6362 1222 -4570 -1011
139 2766 8154 -6363 1224 -4569 -1013
140 2765 8152 -6359 1221 -4567 -1013
141 2763 8153 -6359 1222 -4566 -1010
142 2765 8154 -6357 1224 -4569 -1016
143 2763 8156 -6358 1222 -4568 -1011
144 2763 8156 -6359 1225 -4569 -1012
145 2769 8154 -6361 1224 -4574 -1014
146 2768 8152 -6363 1222 -4571 -1012
147 2767 8155 -6362 1222 -4573 -1014
148 2766 8156 -6360 1224 -4571 -1015
149 2762 8155 -6360 1219 -4569 -1012
150 2763 8154 -6361 1222 -4570 -1014
151 2766 8155 -6360 1221 -4570 -1013
152 2765 8153 -6362 1222 -4572 -1012
153 2768 8153 -6360 1221 -4571 -1012
154 2767 8154 -6360 1225 -4568 -1013
155 2765 8157 -6360 1222 -4568 -1014
156 2765 8156 -6359 1224 -4571 -1011
157 2766 8154 -6358 1222 -4574 -1017
158 2766 8150 -6362 1223 -4576 -1013
159 2769 8156 -6363 1223 -4571 -1012
160 2768 8154 -6360 1225 -4573 -1016
161 2764 8156 -6358 1222 -4570 -1015
162 2763 8152 -6361 1220 -4572 -1012
163 2762 8157 -6360 1221 -4570 -1013
164 2767 8152 -6358 1222 -4572 -1012
165 2770 8153 -6361 1227 -4570 -1011
166 2767 8153 -6358 1228 -4573 -1014
167 2765 8154 -6358 1226 -4573 -1011
168 2765 8154 -6360 1227 -4575 -1011
169 2768 8154 -6361 1224 -4576 -1013
170 2767 8155 -6358 1224 -4572 -1011
171 2771 8157 -6358 1225 -4573 -1012
172 2766 8157 -6356 1222 -4572 -1011
173 2767 8153 -6362 1228 -4568 -1014
174 2762 8156 -6356 1222 -4571 -1011
175 2765 8154 -6356 1222 -4571 -1012
176 2769 8153 -6359 1222 -4571 -1012
177 2763 8154 -6357 1224 -4573 -1010
178 2767 8155 -6360 1227 -4577 -1014
179 2766 8155 -6362 1224 -4575 -1015
180 2769 8155 -6361 1224 -4575 -1011
181 2770 8156 -6359 1222 -4576 -1013
182 2768 8154 -6361 1224 -4576 -1011
183 2767 8155 -6359 1221 -4572 -1011
184 2766 8156 -6358 1222 -4572 -1012
185 2760 8153 -6358 1222 -4571 -1012
186 2763 8157 -6360 1224 -4573 -1012
187 2765 8157 -6357 1226 -4577 -1013
188 2769 8154 -6361 1223 -4579 -1016
189 2770 8155 -6358 1228 -4580 -1014
190 2769 8152 -6360 1229 -4579 -1014
191 2768 8155 -6360 1227 -4576 -1012
192 2767 8155 -6360 1226 -4577 -1014
193 2770 8156 -6359 1223 -4574 -1011
194 2771 8154 -6359 1224 -4579 -1013
195 2768 8156 -6362 1225 -4580 -1012
196 2768 8152 -6361 1225 -4576 -1013
197 2766 8154 -6360 1223 -4572 -1010
198 2769 8157 -6357 1225 -4571 -1010
199 2767 8153 -6362 1224 -4574 -1013
200 2769 8154 -6358 1222 -4577 -1010
201 2772 8157 -6358 1227 -4584 -1010
202 2772 8156 -6360 1226 -4584 -1013
203 2773 8154 -6360 1225 -4578 -1010
204 2766 8155 -6361 1224 -4575 -1010
205 2769 8156 -6357 1224 -4576 -1011
206 2766 8156 -6362 1224 -4571 -1013
207 2764 8156 -6358 1225 -4574 -1013
208 2768 8156 -6358 1222 -4575 -1012
209 2770 8159 -6358 1227 -4577 -1015
210 2769 8154 -6360 1229 -4582 -1015
211 2770 8155 -6364 1228 -4582 -1013
212 2770 8156 -6359 1227 -4580 -1010
213 2773 8161 -6359 1227 -4578 -1010
214 2771 8157 -6357 1227 -4581 -1013
215 2768 8159 -6359 1227 -4580 -1014
216 2767 8157 -6356 1226 -4578 -1009
217 2772 8158 -6359 1226 -4576 -1010
218 2771 8155 -6357 1227 -4576 -1010
219 2771 8156 -6356 1230 -4579 -1010
220 2770 8157 -6359 1228 -4581 -1008
221 2769 8159 -6361 1227 -4579 -1010
222 2768 8156 -6360 1227 -4582 -1012
223 2769 8154 -6360 1229 -4579 -1010
224 2773 8157 -6362 1229 -4583 -1011
225 2772 8156 -6360 1228 -4584 -1010
226 2772 8155 -6359 1228 -4582 -1008
227 2771 8156 -6361 1228 -4580 -1011
228 2770 8156 -6358 1227 -4577 -1008
229 2771 8157 -6358 1221 -4576 -1012
230 2769 8155 -6359 1227 -4574 -1010
231 2770 8155 -6358 1228 -4583 -1010
232 2771 8155 -6357 1231 -4585 -1011
233 2775 8158 -6359 1230 -4586 -1012
234 2776 8155 -6360 1229 -4584 -1008
235 2775 8160 -6361 1230 -4580 -1010
236 2772 8160 -6360 1228 -4584 -1012
237 2774 8157 -6361 1232 -4582 -1010
238 2770 8156 -6358 1228 -4577 -1009
239 2773 8157 -6356 1229 -4581 -1009
240 2771 8155 -6357 1228 -4585 -1015
241 2771 8157 -6356 1231 -4582 -1009
242 2775 8157 -6358 1231 -4581 -1008
243 2771 8159 -6356 1230 -4582 -1009
244 2774 8155 -6357 1231 -4579 -1012
245 2773 8157 -6357 1230 -4582 -1012
246 2772 8157 -6358 1230 -4586 -1008
247 2775 8158 -6356 1230 -4588 -1008
248 2774 8156 -6357 1230 -4586 -1010
249 2774 8156 -6361 1230 -4584 -1012
250 2770 8155 -6356 1231 -4583 -1009
251 2770 8155 -6355 1229 -4583 -1008
252 2769 8156 -6358 1230 -4584 -1010
253 2774 8154 -6358 1229 -4586 -1011
254 2775 8158 -6357 1232 -4588 -1009
255 2773 8154 -6358 1229 -4587 -1012
256 2774 8158 -6358 1233 -4589 -1008
257 2774 8157 -6356 1231 -4588 -1009
258 2773 8155 -6359 1231 -4588 -1010
259 2776 8158 -6360 1233 -4588 -1011
260 2777 8157 -6360 1232 -4587 -1011
261 2776 8156 -6359 1229 -4586 -1010
262 2774 8157 -6356 1231 -4582 -1008
263 2770 8157 -6359 1228 -4588 -1013
264 2772 8156 -6356 1231 -4581 -1008
265 2775 8159 -6353 1228 -4587 -1011
266 2774 8157 -6355 1228 -4589 -1008
267 2774 8159 -6359 1230 -4590 -1007
268 2774 8155 -6361 1233 -4591 -1009
269 2778 8158 -6358 1233 -4590 -1009
270 2774 8158 -6360 1231 -4589 -1009
271 2776 8158 -6355 1230 -4585 -1010
272 2774 8159 -6358 1228 -4586 -1007
273 2772 8156 -6357 1226 -4583 -1010
274 2773 8157 -6357 1228 -4586 -1009
275 2773 8156 -6355 1229 -4587 -1008
276 2774 8158 -6357 1234 -4596 -1009
277 2778 8158 -6358 1233 -4596 -1009
278 2778 8158 -6359 1230 -4596 -1008
279 2778 8159 -6360 1233 -4593 -1009
280 2777 8158 -6360 1232 -4594 -1009
281 2777 8158 -6360 1234 -4592 -1011
282 2773 8156 -6354 1229 -4586 -1014
283 2772 8155 -6358 1228 -4589 -1011
284 2774 8158 -6357 1227 -4591 -1010
285 2776 8156 -6356 1229 -4592 -1010
286 2774 8157 -6358 1234 -4593 -1007
287 2772 8153 -6358 1232 -4594 -1009
288 2778 8155 -6359 1232 -4593 -1005
289 2779 8154 -6357 1229 -4591 -1006
290 2777 8160 -6359 1229 -4594 -1008
291 2776 8160 -6359 1233 -4597 -1007
292 2778 8152 -6356 1232 -4593 -1008
293 2776 8159 -6356 1230 -4591 -1006
294 2773 8155 -6356 1233 -4589 -1007
295 2771 8157 -6353 1230 -4589 -1007
296 2773 8158 -6356 1229 -4589 -1009
297 2775 8154 -6356 1231 -4596 -1009
298 2774 8155 -6358 1232 -4598 -1008
299 2779 8156 -6358 1236 -4599 -1008
300 2777 8159 -6360 1235 -4603 -1010
301 2778 8159 -6357 1232 -4598 -1009
302 2781 8157 -6359 1231 -4592 -1008
303 2779 8157 -6357 1228 -4593 -1008
304 2775 8155 -6357 1233 -4592 -1008
305 2773 8158 -6353 1231 -4596 -1005
306 2779 8156 -6358 1231 -4598 -1008
307 2779 8157 -6359 1231 -4599 -1007
308 2777 8158 -6356 1234 -4600 -1006
309 2778 8158 -6358 1233 -4597 -1006
310 2776 8157 -6357 1231 -4599 -1009
311 2774 8157 -6360 1231 -4594 -1006
312 2775 8157 -6355 1229 -4595 -1007
313 2774 8156 -6358 1230 -4598 -1004
314 2776 8158 -6355 1231 -4599 -1008
315 2776 8158 -6353 1236 -4601 -1006
316 2777 8159 -6358 1234 -4598 -1006
317 2779 8158 -6357 1234 -4601 -1004
318 2776 8159 -6353 1231 -4596 -1005
319 2776 8160 -6357 1234 -4597 -1004
320 2779 8160 -6353 1236 -4601 -1009
321 2777 8159 -6357 1235 -4601 -1005
322 2776 8157 -6355 1236 -4602 -1007
323 2778 8158 -6355 1235 -4599 -1005
324 2778 8158 -6354 1231 -4601 -1010
325 2782 8160 -6356 1231 -4601 -1007
326 2780 8160 -6355 1235 -4600 -1008
327 2779 8161 -6354 1241 -4606 -1004
328 2783 8160 -6355 1237 -4606 -1001
329 2780 8159 -6356 1234 -4605 -1004
330 2781 8161 -6356 1234 -4600 -1006
331 2776 8159 -6354 1230 -4598 -1003
332 2774 8157 -6353 1234 -4602 -1007
333 2776 8160 -6355 1232 -4601 -1004
334 2779 8161 -6357 1235 -4605 -1005
335 2780 8160 -6356 1236 -4608 -1006
336 2782 8162 -6356 1238 -4604 -1006
337 2782 8160 -6356 1235 -4603 -1004
338 2780 8160 -6354 1233 -4604 -1006
339 2778 8160 -6356 1231 -4601 -1002
340 2777 8160 -6352 1233 -4600 -1005
341 2781 8161 -6353 1236 -4606 -1004
342 2781 8159 -6355 1236 -4605 -1001
343 2784 8165 -6351 1236 -4606 -1002
344 2779 8161 -6355 1237 -4609 -1003
345 2784 8164 -6355 1238 -4605 -1001
346 2782 8162 -6354 1234 -4606 -1003
347 2781 8161 -6354 1235 -4601 -1005
348 2782 8162 -6356 1232 -4607 -1006
349 2782 8162 -6356 1232 -4609 -1004
350 2784 8161 -6357 1238 -4608 -1003
351 2783 8161 -6355 1237 -4606 -1002
352 2782 8159 -6353 1235 -4605 -1002
353 2778 8159 -6356 1232 -4607 -1006
354 2778 8159 -6354 1231 -4604 -1003
355 2779 8161 -6352 1235 -4605 -1005
356 2781 8162 -6354 1236 -4608 -1002
357 2787 8161 -6354 1240 -4613 -1005
358 2783 8164 -6355 1235 -4609 -1004
359 2785 8162 -6355 1236 -4607 -1004
360 2782 8165 -6354 1234 -4602 -1000
361 2783 8162 -6349 1234 -4603 -1000
362 2783 8160 -6351 1237 -4609 -1005
363 2783 8162 -6351 1236 -4611 -1004
364 2783 8161 -6356 1237 -4613 -1004
365 2783 8161 -6355 1235 -4614 -1003
366 2788 8163 -6356 1234 -4612 -1000
367 2781 8158 -6355 1240 -4609 -1001
368 2784 8163 -6353 1236 -4608 -1000
369 2784 8160 -6351 1237 -4609 -1004
370 2786 8160 -6351 1238 -4611 -1001
371 2787 8163 -6353 1238 -4612 -998
372 2786 8161 -6355 1239 -4614 -1001
373 2784 8162 -6356 1238 -4614 -1002
374 2785 8160 -6353 1235 -4613 -1001
375 2785 8161 -6352 1235 -4609 -1002
376 2784 8163 -6351 1237 -4607 -1001
377 2784 8162 -6356 1233 -4610 -1001
378 2782 8162 -6350 1236 -4612 -1002
379 2788 8166 -6350 1238 -4617 -1000
380 2788 8161 -6350 1241 -4617 -1001
381 2787 8164 -6353 1239 -4615 -999
382 2785 8165 -6350 1238 -4611 -1001
383 2781 8163 -6356 1235 -4609 -1007
384 2783 8160 -6351 1235 -4610 -1003
385 2783 8162 -6354 1238 -4612 -999
386 2785 8161 -6355 1239 -4616 -1004
387 2784 8161 -6354 1243 -4618 -1002
388 2789 8165 -6351 1239 -4616 -1002
389 2788 8164 -6352 1237 -4614 -998
390 2786 8162 -6354 1235 -4613 -999
391 2785 8164 -6354 1240 -4614 -997
392 2786 8163 -6353 1240 -4614 -999
393 2787 8163 -6354 1242 -4613 -1001
394 2787 8166 -6349 1242 -4616 -999
395 2790 8162 -6350 1238 -4615 -1000
396 2792 8163 -6350 1236 -4614 -999
397 2785 8160 -6350 1238 -4612 -1000
398 2787 8163 -6349 1240 -4612 -1000
399 2786 8165 -6351 1237 -4614 -998
400 2789 8168 -6350 1243 -4618 -999
401 2788 8163 -6352 1240 -4621 -1000
402 2793 8167 -6350 1240 -4622 -997
403 2791 8164 -6352 1242 -4621 -1001
404 2786 8164 -6352 1238 -4614 -997
405 2785 8167 -6350 1240 -4616 -1000
406 2785 8164 -6351 1233 -4613 -1002
407 2785 8164 -6351 1235 -4614 -999
408 2786 8163 -6351 1240 -4619 -997
409 2789 8166 -6351 1242 -4621 -998
410 2791 8164 -6350 1244 -4626 -998
411 2789 8163 -6352 1238 -4624 -1003
412 2787 8163 -6352 1238 -4623 -1001
413 2787 8164 -6352 1235 -4618 -998
414 2783 8162 -6353 1234 -4618 -998
415 2784 8162 -6352 1241 -4619 -997
416 2786 8163 -6352 1245 -4624 -998
417 2788 8166 -6352 1240 -4624 -1000
418 2789 8165 -6352 1240 -4623 -1000
419 2789 8163 -6350 1238 -4623 -998
420 2787 8164 -6352 1238 -4620 -996
421 2787 8167 -6349 1236 -4624 -1000
422 2785 8165 -6349 1242 -4622 -1000
423 2789 8160 -6351 1242 -4623 -998
424 2788 8166 -6353 1242 -4625 -997
425 2790 8165 -6350 1238 -4619 -997
426 2786 8162 -6351 1241 -4619 -995
427 2790 8163 -6350 1240 -4620 -999
428 2783 8162 -6351 1242 -4620 -998
429 2785 8162 -6351 1238 -4623 -999
430 2788 8165 -6353 1238 -4623 -999
431 2791 8164 -6352 1239 -4626 -996
432 2793 8164 -6350 1242 -4629 -999
433 2791 8166 -6352 1242 -4624 -996
434 2791 8162 -6351 1240 -4619 -997
435 2788 8164 -6348 1237 -4619 -998
436 2788 8164 -6350 1240 -4619 -997
437 2790 8164 -6349 1239 -4622 -994
438 2792 8164 -6352 1241 -4626 -998
439 2789 8161 -6350 1240 -4630 -998
440 2789 8165 -6351 1242 -4630 -998
441 2789 8168 -6350 1240 -4624 -994
442 2791 8164 -6351 1236 -4624 -999
443 2790 8162 -6350 1236 -4622 -996
444 2791 8167 -6351 1241 -4622 -997
445 2792 8166 -6352 1243 -4628 -997
446 2790 8164 -6352 1243 -4629 -997
447 2789 8164 -6348 1243 -4625 -999
448 2790 8168 -6347 1240 -4623 -1000
449 2786 8163 -6352 1235 -4623 -999
450 2788 8165 -6352 1239 -4624 -995
451 2790 8165 -6349 1240 -4625 -999
452 2788 8164 -6350 1243 -4627 -997
453 2789 8162 -6351 1243 -4630 -996
454 2794 8165 -6351 1238 -4628 -997
455 2790 8166 -6352 1239 -4626 -998
456 2791 8165 -6355 1244 -4623 -1000
457 2792 8166 -6352 1245 -4628 -994
458 2794 8167 -6347 1241 -4628 -996
459 2793 8167 -6349 1243 -4630 -996
460 2792 8164 -6351 1242 -4629 -998
461 2793 8165 -6350 1242 -4628 -996
462 2792 8167 -6352 1239 -4629 -997
463 2789 8167 -6351 1244 -4625 -995
464 2788 8165 -6347 1239 -4624 -998
465 2789 8167 -6347 1241 -4628 -992
466 2791 8166 -6349 1242 -4627 -993
467 2796 8165 -6352 1243 -4630 -999
468 2794 8164 -6352 1245 -4635 -995
469 2795 8169 -6348 1247 -4631 -998
470 2794 8164 -6350 1241 -4630 -994
471 2790 8163 -6348 1241 -4625 -999
472 2792 8165 -6351 1236 -4626 -996
473 2789 8165 -6349 1241 -4629 -996
474 2792 8166 -6350 1242 -4627 -996
475 2793 8165 -6351 1245 -4628 -995
476 2794 8166 -6352 1243 -4633 -995
477 2790 8162 -6351 1241 -4632 -995
478 2794 8164 -6349 1241 -4631 -994
479 2795 8166 -6349 1244 -4634 -995
480 2792 8166 -6349 1246 -4630 -996
481 2793 8166 -6349 1244 -4631 -997
482 2792 8167 -6350 1244 -4630 -997
483 2792 8164 -6350 1240 -4627 -999
484 2789 8164 -6352 1240 -4629 -995
485 2792 8166 -6351 1242 -4632 -995
486 2793 8167 -6350 1242 -4636 -996
487 2791 8164 -6352 1246 -4636 -998
488 2794 8167 -6353 1243 -4636 -999
489 2795 8166 -6350 1244 -4637 -996
490 2797 8164 -6352 1245 -4636 -997
491 2797 8167 -6350 1241 -4630 -994
492 2795 8165 -6349 1240 -4631 -1000
493 2790 8165 -6351 1241 -4628 -995
494 2791 8168 -6349 1243 -4630 -993
495 2788 8164 -6347 1242 -4628 -996
496 2794 8167 -6349 1245 -4633 -998
497 2794 8166 -6349 1243 -4634 -994
498 2794 8166 -6351 1242 -4631 -994
499 2793 8163 -6350 1247 -4633 -996
500 2795 8167 -6350 1245 -4634 -995
501 2795 8167 -6350 1244 -4634 -998
502 2795 8166 -6350 1243 -4635 -996
503 2794 8166 -6353 1244 -4639 -997
504 2796 8165 -6353 1244 -4632 -998
505 2791 8163 -6352 1244 -4632 -994
506 2792 8169 -6351 1246 -4626 -996
507 2791 8163 -6345 1244 -4631 -994
508 2792 8166 -6349 1242 -4634 -995
509 2792 8164 -6352 1247 -4635 -997
510 2794 8165 -6348 1249 -4637 -996
511 2792 8169 -6352 1250 -4640 -997
512 2799 8168 -6349 1250 -4639 -996
513 2795 8166 -6352 1246 -4635 -996
514 2797 8166 -6350 1242 -4634 -996
515 2791 8170 -6349 1242 -4630 -998
516 2791 8165 -6351 1243 -4632 -999
517 2791 8164 -6350 1248 -4634 -996
518 2793 8167 -6350 1245 -4639 -995
519 2795 8168 -6349 1246 -4638 -999
520 2797 8167 -6350 1243 -4635 -1000
521 2793 8167 -6348 1244 -4633 -998
522 2795 8166 -6348 1247 -4630 -995
523 2794 8164 -6347 1244 -4637 -996
524 2793 8166 -6350 1246 -4640 -998
525 2793 8164 -6351 1247 -4637 -1001
526 2796 8163 -6352 1245 -4638 -996
527 2796 8165 -6352 1245 -4635 -997
528 2794 8165 -6349 1240 -4634 -999
529 2794 8166 -6352 1247 -4632 -996
530 2794 8166 -6349 1242 -4632 -998
531 2794 8165 -6351 1244 -4639 -996
532 2796 8162 -6356 1242 -4641 -999
533 2798 8165 -6351 1247 -4644 -997
534 2798 8167 -6348 1246 -4643 -998
535 2797 8165 -6352 1246 -4641 -999
536 2790 8165 -6351 1244 -4638 -1000
537 2793 8162 -6353 1242 -4635 -1000
538 2793 8165 -6352 1242 -4636 -998
539 2790 8162 -6348 1240 -4633 -999
540 2792 8163 -6350 1244 -4635 -997
541 2793 8162 -6351 1245 -4638 -999
542 2792 8166 -6353 1249 -4641 -999
543 2797 8164 -6353 1246 -4639 -994
544 2795 8166 -6351 1244 -4644 -998
545 2796 8164 -6350 1245 -4641 -997
546 2798 8164 -6352 1243 -4641 -996
547 2792 8161 -6353 1246 -4640 -997
548 2789 8163 -6355 1243 -4636 -998
549 2791 8163 -6350 1246 -4636 -998
550 2793 8162 -6350 1242 -4636 -998
551 2790 8160 -6352 1245 -4633 -996
552 2791 8160 -6350 1241 -4638 -999
553 2793 8164 -6354 1246 -4640 -997
554 2797 8164 -6353 1247 -4640 -996
555 2796 8167 -6355 1244 -4643 -999
556 2793 8164 -6352 1247 -4641 -998
557 2798 8164 -6352 1246 -4644 -996
558 2796 8166 -6353 1250 -4642 -996
559 2797 8166 -6348 1246 -4641 -998
560 2793 8165 -6352 1245 -4636 -994
561 2791 8166 -6349 1241 -4636 -997
562 2793 8167 -6350 1243 -4634 -996
563 2799 8164 -6351 1246 -4637 -998
564 2799 8165 -6353 1243 -4640 -999
565 2793 8164 -6349 1247 -4637 -997
566 2794 8164 -6351 1244 -4639 -999
567 2795 8164 -6353 1248 -4641 -997
568 2794 8165 -6351 1246 -4640 -992
569 2798 8167 -6348 1246 -4643 -995
570 2796 8167 -6350 1249 -4639 -1000
571 2794 8165 -6347 1248 -4637 -994
572 2793 8165 -6353 1246 -4637 -999
573 2793 8162 -6352 1244 -4637 -996
574 2796 8164 -6348 1245 -4635 -998
575 2795 8168 -6349 1245 -4640 -998
576 2796 8165 -6351 1249 -4644 -998
577 2799 8165 -6350 1252 -4645 -994
578 2800 8167 -6349 1252 -4644 -996
579 2798 8167 -6349 1247 -4640 -999
580 2800 8164 -6351 1246 -4638 -996
581 2796 8165 -6351 1242 -4637 -1000
582 2795 8162 -6351 1246 -4635 -998
583 2794 8164 -6348 1247 -4639 -997
584 2795 8163 -6353 1244 -4640 -998
585 2798 8163 -6351 1245 -4642 -999
586 2796 8163 -6352 1247 -4640 -996
587 2798 8164 -6351 1246 -4639 -997
588 2796 8166 -6350 1249 -4639 -998
589 2796 8164 -6352 1247 -4637 -998
590 2795 8164 -6351 1246 -4639 -998
591 2795 8166 -6350 1243 -4640 -1002
592 2794 8167 -6351 1246 -4638 -999
593 2796 8165 -6351 1244 -4639 -997
594 2797 8164 -6350 1245 -4638 -998
595 2793 8165 -6351 1247 -4638 -1000
596 2794 8165 -6349 1246 -4638 -996
597 2796 8167 -6353 1243 -4640 -996
598 2798 8166 -6349 1246 -4641 -997
599 2797 8167 -6351 1245 -4648 -1001
600 2798 8164 -6354 1248 -4646 -997
601 2799 8168 -6354 1248 -4645 -1000
602 2796 8165 -6354 1248 -4644 -997
603 2794 8165 -6354 1246 -4641 -998
604 2797 8163 -6352 1244 -4640 -1000
605 2796 8164 -6352 1245 -4640 -999
606 2793 8163 -6350 1245 -4642 -999
607 2794 8162 -6352 1245 -4636 -999
608 2797 8168 -6350 1248 -4643 -994
609 2795 8164 -6352 1247 -4644 -996
610 2798 8162 -6352 1246 -4644 -1001
611 2799 8159 -6354 1245 -4644 -1001
612 2796 8165 -6352 1249 -4641 -1002
613 2795 8166 -6352 1246 -4642 -1001
614 2794 8164 -6352 1245 -4640 -1000
615 2794 8162 -6352 1245 -4643 -998
616 2795 8163 -6351 1243 -4638 -996
617 2793 8160 -6356 1245 -4643 -999
618 2796 8160 -6349 1248 -4640 -995
619 2797 8163 -6353 1250 -4640 -994
620 2797 8162 -6351 1251 -4645 -998
621 2796 8165 -6353 1245 -4648 -1001
622 2795 8162 -6353 1246 -4646 -999
623 2794 8163 -6351 1240 -4642 -995
624 2794 8166 -6353 1245 -4641 -1001
625 2791 8163 -6351 1243 -4638 -997
626 2789 8162 -6352 1241 -4639 -1000
627 2794 8163 -6350 1246 -4637 -996
628 2794 8164 -6351 1245 -4648 -1000
629 2797 8166 -6353 1248 -4648 -1000
630 2796 8160 -6348 1251 -4646 -994
631 2798 8163 -6355 1248 -4647 -998
632 2796 8164 -6358 1247 -4643 -1001
633 2793 8163 -6354 1244 -4643 -998
634 2795 8162 -6353 1244 -4645 -999
635 2796 8162 -6353 1247 -4642 -1000
636 2791 8165 -6350 1243 -4643 -999
637 2796 8162 -6351 1244 -4642 -1001
638 2791 8161 -6351 1244 -4644 -997
639 2791 8163 -6351 1245 -4641 -998
640 2796 8166 -6350 1246 -4644 -1000
641 2798 8163 -6352 1243 -4649 -999
642 2797 8160 -6350 1247 -4650 -997
643 2794 8162 -6353 1250 -4649 -997
644 2796 8164 -6355 1246 -4649 -998
645 2796 8162 -6355 1246 -4645 -999
646 2792 8165 -6353 1244 -4641 -998
647 2796 8164 -6351 1242 -4641 -998
648 2792 8159 -6351 1244 -4639 -998
649 2793 8162 -6351 1246 -4645 -997
650 2794 8165 -6353 1246 -4642 -996
651 2796 8162 -6351 1246 -4645 -999
652 2796 8163 -6353 1247 -4647 -1000
653 2796 8165 -6354 1244 -4646 -999
654 2796 8162 -6354 1244 -4648 -1000
655 2794 8164 -6356 1245 -4647 -1001
656 2791 8157 -6354 1245 -4643 -997
657 2794 8159 -6354 1247 -4643 -1001
658 2795 8163 -6352 1242 -4643 -999
659 2797 8162 -6352 1242 -4641 -997
660 2796 8162 -6355 1246 -4642 -1004
661 2792 8162 -6352 1246 -4643 -996
662 2793 8166 -6350 1246 -4642 -1001
663 2794 8163 -6350 1243 -4641 -999
664 2794 8163 -6355 1246 -4645 -999
665 2797 8166 -6352 1246 -4647 -996
666 2794 8164 -6354 1253 -4645 -998
667 2796 8163 -6352 1247 -4645 -997
668 2795 8166 -6351 1245 -4644 -998
669 2795 8163 -6349 1244 -4643 -997
670 2793 8162 -6352 1241 -4644 -1000
671 2794 8161 -6354 1242 -4640 -1000
672 2795 8166 -6349 1247 -4642 -996
673 2794 8164 -6349 1247 -4645 -1000
674 2796 8163 -6350 1245 -4645 -1000
675 2796 8163 -6350 1245 -4643 -997
676 2801 8163 -6350 1243 -4646 -1000
677 2797 8164 -6353 1243 -4644 -999
678 2794 8165 -6351 1246 -4644 -1000
679 2792 8164 -6353 1246 -4645 -999
680 2791 8161 -6354 1243 -4643 -1001
681 2792 8162 -6351 1242 -4643 -997
682 2794 8163 -6353 1237 -4645 -999
683 2791 8162 -6352 1240 -4637 -999
684 2791 8160 -6354 1244 -4641 -1000
685 2793 8162 -6353 1247 -4644 -1001
686 2793 8163 -6352 1250 -4646 -1000
687 2797 8162 -6352 1246 -4648 -1001
688 2799 8164 -6356 1246 -4652 -999
689 2796 8164 -6354 1242 -4650 -999
690 2793 8165 -6352 1244 -4644 -997
691 2792 8163 -6353 1244 -4637 -999
692 2787 8163 -6352 1245 -4638 -1000
693 2792 8166 -6350 1242 -4643 -1000
694 2794 8164 -6351 1244 -4644 -998
695 2796 8160 -6352 1245 -4645 -998
696 2795 8161 -6352 1245 -4647 -999
697 2795 8163 -6355 1247 -4647 -998
698 2791 8166 -6354 1245 -4648 -998
699 2796 8165 -6354 1244 -4649 -999
700 2795 8163 -6353 1241 -4644 -997
701 2796 8161 -6352 1240 -4642 -1000
702 2797 8164 -6353 1246 -4642 -997
703 2792 8162 -6351 1249 -4638 -997
704 2793 8161 -6352 1243 -4643 -998
705 2791 8162 -6352 1242 -4643 -998
706 2798 8163 -6353 1241 -4640 -999
707 2793 8167 -6353 1241 -4641 -998
708 2796 8166 -6352 1242 -4644 -1000
709 2796 8164 -6352 1249 -4645 -1003
710 2795 8166 -6353 1247 -4645 -997
711 2796 8166 -6354 1244 -4644 -995
712 2796 8163 -6351 1243 -4641 -995
713 2791 8163 -6349 1240 -4639 -1001
714 2792 8162 -6353 1241 -4639 -997
715 2791 8165 -6352 1242 -4636 -1000
716 2787 8165 -6353 1244 -4643 -998
717 2795 8162 -6350 1243 -4647 -1001
718 2796 8163 -6356 1243 -4647 -998
719 2799 8166 -6355 1245 -4644 -998
720 2797 8165 -6354 1246 -4646 -1001
721 2794 8160 -6350 1244 -4643 -1001
722 2790 8164 -6352 1243 -4640 -999
723 2790 8163 -6352 1242 -4642 -1003
724 2795 8165 -6350 1242 -4640 -999
725 2796 8162 -6349 1240 -4642 -997
726 2793 8165 -6350 1244 -4643 -1001
727 2789 8165 -6350 1245 -4638 -998
728 2789 8164 -6353 1245 -4642 -998
729 2790 8162 -6353 1243 -4638 -1001
730 2791 8162 -6351 1242 -4642 -998
731 2796 8161 -6350 1241 -4642 -999
732 2792 8163 -6352 1247 -4641 -997
733 2794 8165 -6357 1245 -4645 -998
734 2793 8160 -6352 1243 -4640 -997
735 2790 8168 -6351 1241 -4637 -1000
736 2796 8160 -6354 1236 -4637 -1001
737 2793 8161 -6352 1238 -4636 -998
738 2792 8163 -6351 1245 -4640 -1001
739 2792 8158 -6352 1245 -4642 -998
740 2794 8165 -6352 1246 -4642 -1000
741 2793 8163 -6352 1244 -4643 -999
742 2797 8163 -6354 1240 -4640 -998
743 2793 8164 -6352 1240 -4644 -1000
744 2793 8162 -6353 1245 -4641 -1001
745 2791 8164 -6354 1243 -4642 -999
746 2791 8162 -6351 1242 -4639 -1000
747 2793 8166 -6352 1243 -4638 -999
748 2795 8163 -6352 1238 -4639 -997
749 2796 8163 -6355 1239 -4642 -999
750 2791 8162 -6352 1241 -4638 -1000
751 2790 8163 -6352 1247 -4638 -999
752 2790 8162 -6353 1244 -4636 -999
753 2793 8162 -6354 1242 -4639 -997
754 2792 8164 -6352 1242 -4643 -998
755 2796 8164 -6353 1244 -4644 -995
756 2794 8163 -6354 1245 -4640 -996
757 2790 8163 -6353 1246 -4637 -999
758 2788 8166 -6353 1242 -4633 -998
759 2790 8166 -6352 1241 -4631 -998
760 2789 8162 -6354 1239 -4639 -998
761 2794 8167 -6355 1244 -4639 -995
762 2797 8162 -6352 1248 -4643 -996
763 2794 8164 -6354 1247 -4642 -999
764 2791 8162 -6354 1246 -4638 -1001
765 2788 8161 -6352 1239 -4635 -999
766 2788 8163 -6351 1237 -4634 -997
767 2792 8161 -6352 1241 -4632 -1001
768 2794 8162 -6353 1243 -4638 -999
769 2792 8163 -6354 1246 -4640 -999
770 2792 8165 -6354 1249 -4643 -1002
771 2793 8161 -6354 1240 -4637 -999
772 2790 8162 -6355 1236 -4636 -999
773 2788 8164 -6351 1239 -4634 -1001
774 2789 8163 -6352 1241 -4636 -1001
775 2787 8160 -6353 1242 -4638 -1001
776 2789 8162 -6357 1240 -4639 -1000
777 2790 8161 -6354 1240 -4635 -1000
778 2793 8164 -6354 1241 -4633 -1002
779 2793 8163 -6354 1241 -4632 -998
780 2790 8163 -6351 1239 -4634 -998
781 2788 8161 -6355 1243 -4632 -1001
782 2790 8162 -6356 1239 -4629 -1000
783 2789 8160 -6354 1239 -4635 -1004
784 2792 8157 -6357 1242 -4637 -998
785 2795 8160 -6355 1246 -4635 -1000
786 2794 8162 -6354 1243 -4633 -1002
787 2788 8160 -6353 1244 -4633 -1002
788 2789 8160 -6350 1238 -4631 -1003
789 2790 8159 -6354 1239 -4629 -999
790 2791 8166 -6352 1239 -4632 -1002
791 2793 8161 -6353 1243 -4637 -1002
792 2793 8164 -6353 1245 -4635 -1001
793 2791 8163 -6353 1245 -4633 -1000
794 2789 8159 -6356 1244 -4638 -1000
795 2790 8164 -6354 1237 -4633 -1000
796 2790 8159 -6355 1237 -4629 -1004
797 2791 8162 -6355 1238 -4635 -1005
798 2789 8160 -6356 1240 -4635 -1002
799 2790 8161 -6356 1244 -4636 -1003
800 2790 8162 -6354 1243 -4636 -1004
801 2788 8164 -6356 1239 -4632 -1004
802 2788 8157 -6356 1238 -4630 -1000
803 2787 8164 -6352 1238 -4625 -1005
804 2784 8161 -6356 1243 -4626 -1000
805 2783 8160 -6355 1242 -4630 -1005
806 2789 8161 -6356 1242 -4633 -1001
807 2792 8164 -6354 1240 -4634 -1002
808 2790 8160 -6357 1240 -4631 -1002
809 2792 8162 -6353 1239 -4627 -1001
810 2792 8163 -6356 1244 -4628 -1003
811 2787 8159 -6356 1244 -4628 -1001
812 2788 8158 -6353 1240 -4628 -997
813 2791 8163 -6353 1243 -4625 -1000
814 2788 8161 -6356 1239 -4627 -1003
815 2792 8162 -6352 1242 -4628 -1001
816 2787 8161 -6354 1242 -4627 -1003
817 2786 8162 -6357 1240 -4627 -1004
818 2784 8162 -6352 1240 -4626 -1005
819 2789 8162 -6353 1238 -4627 -1005
820 2788 8161 -6356 1236 -4631 -1001
821 2794 8161 -6356 1245 -4632 -1002
822 2789 8160 -6354 1241 -4629 -1004
823 2784 8161 -6355 1242 -4624 -1003
824 2788 8159 -6353 1237 -4620 -1003
825 2787 8158 -6355 1233 -4624 -1005
826 2789 8159 -6354 1238 -4627 -1004
827 2790 8161 -6353 1236 -4628 -1003
828 2790 8158 -6355 1243 -4632 -1004
829 2787 8158 -6357 1243 -4631 -1005
830 2784 8161 -6353 1237 -4626 -1005
831 2786 8158 -6358 1237 -4622 -1007
832 2786 8159 -6355 1236 -4620 -1002
833 2785 8159 -6354 1238 -4623 -1006
834 2784 8159 -6357 1244 -4629 -1005
835 2786 8159 -6357 1241 -4626 -1006
836 2789 8160 -6357 1237 -4625 -1004
837 2789 8161 -6353 1238 -4624 -1006
838 2788 8156 -6356 1238 -4621 -1007
839 2785 8158 -6356 1238 -4623 -1006
840 2784 8160 -6354 1241 -4627 -1007
841 2783 8157 -6358 1238 -4627 -1008
842 2787 8158 -6356 1240 -4624 -1008
843 2789 8162 -6357 1236 -4625 -1004
844 2790 8160 -6359 1237 -4621 -1006
845 2787 8157 -6357 1234 -4625 -1006
846 2783 8160 -6360 1236 -4619 -1003
847 2781 8159 -6354 1236 -4618 -1005
848 2783 8157 -6362 1236 -4623 -1005
849 2783 8160 -6356 1236 -4623 -1009
850 2787 8156 -6357 1239 -4628 -1004
851 2790 8158 -6356 1237 -4624 -1004
852 2786 8159 -6357 1243 -4626 -1004
853 2782 8160 -6356 1238 -4621 -1005
854 2783 8157 -6358 1235 -4620 -1005
855 2783 8157 -6355 1232 -4619 -1005
856 2786 8158 -6354 1237 -4618 -1007
857 2786 8156 -6359 1240 -4623 -1007
858 2784 8159 -6359 1242 -4626 -1010
859 2781 8160 -6357 1241 -4624 -1008
860 2783 8158 -6357 1236 -4619 -1008
861 2781 8157 -6358 1237 -4617 -1009
862 2783 8158 -6358 1236 -4620 -1009
863 2784 8158 -6358 1238 -4621 -1006
864 2784 8157 -6359 1241 -4623 -1009
865 2785 8154 -6356 1239 -4624 -1007
866 2779 8155 -6358 1240 -4619 -1007
867 2785 8159 -6355 1234 -4617 -1006
868 2785 8158 -6360 1237 -4616 -1009
869 2787 8157 -6355 1235 -4615 -1008
870 2785 8157 -6357 1236 -4618 -1006
871 2785 8157 -6357 1237 -4618 -1007
872 2781 8158 -6360 1231 -4618 -1010
873 2784 8155 -6359 1234 -4617 -1007
874 2785 8156 -6359 1237 -4617 -1008
875 2786 8154 -6361 1236 -4620 -1010
876 2784 8158 -6359 1237 -4617 -1010
877 2780 8157 -6360 1238 -4617 -1009
878 2780 8154 -6359 1235 -4616 -1006
879 2786 8157 -6359 1234 -4621 -1008
880 2781 8157 -6359 1234 -4617 -1013
881 2779 8154 -6361 1236 -4617 -1012
882 2780 8158 -6360 1235 -4614 -1009
883 2779 8156 -6358 1236 -4614 -1006
884 2780 8158 -6358 1232 -4616 -1010
885 2782 8155 -6360 1232 -4618 -1009
886 2783 8158 -6360 1237 -4617 -1008
887 2786 8157 -6356 1235 -4617 -1010
888 2783 8154 -6358 1238 -4614 -1012
889 2780 8156 -6355 1231 -4614 -1008
890 2780 8153 -6359 1232 -4612 -1010
891 2782 8156 -6359 1233 -4613 -1013
892 2781 8153 -6361 1236 -4611 -1009
893 2786 8160 -6358 1238 -4616 -1007
894 2780 8157 -6358 1239 -4616 -1008
895 2780 8157 -6362 1235 -4613 -1010
896 2782 8159 -6361 1232 -4614 -1006
897 2782 8152 -6360 1236 -4609 -1011
898 2777 8155 -6360 1232 -4611 -1010
899 2777 8158 -6360 1236 -4610 -1010
900 2777 8156 -6358 1239 -4614 -1008
901 2779 8155 -6357 1238 -4612 -1011
902 2779 8154 -6358 1236 -4614 -1011
903 2782 8156 -6357 1230 -4609 -1010
904 2781 8157 -6359 1231 -4609 -1010
905 2778 8153 -6359 1237 -4610 -1008
906 2778 8157 -6359 1235 -4613 -1009
907 2782 8156 -6357 1238 -4609 -1011
908 2780 8157 -6360 1234 -4611 -1010
909 2780 8157 -6364 1236 -4614 -1009
910 2783 8155 -6361 1238 -4612 -1009
911 2781 8156 -6358 1238 -4612 -1011
912 2780 8153 -6359 1236 -4608 -1012
913 2776 8158 -6359 1232 -4608 -1009
914 2779 8155 -6359 1230 -4610 -1011
915 2779 8155 -6360 1232 -4608 -1011
916 2780 8154 -6361 1236 -4613 -1009
917 2782 8153 -6359 1237 -4610 -1015
918 2778 8153 -6358 1237 -4606 -1011
919 2775 8155 -6361 1232 -4607 -1017
920 2772 8156 -6359 1231 -4602 -1011
921 2780 8156 -6360 1227 -4604 -1011
922 2779 8155 -6362 1230 -4607 -1013
923 2781 8155 -6360 1234 -4611 -1013
924 2778 8154 -6360 1234 -4612 -1015
925 2776 8155 -6366 1234 -4606 -1010
926 2774 8153 -6360 1230 -4606 -1012
927 2774 8154 -6362 1233 -4609 -1011
928 2779 8151 -6360 1232 -4607 -1013
929 2779 8154 -6360 1235 -4608 -1012
930 2778 8155 -6361 1236 -4606 -1012
931 2774 8155 -6361 1231 -4608 -1013
932 2775 8155 -6359 1230 -4607 -1012
933 2778 8155 -6359 1231 -4604 -1011
934 2781 8153 -6360 1232 -4607 -1011
935 2780 8155 -6360 1237 -4609 -1010
936 2779 8158 -6360 1239 -4606 -1012
937 2778 8154 -6363 1231 -4604 -1011
938 2776 8155 -6362 1231 -4603 -1013
939 2774 8151 -6358 1229 -4601 -1012
940 2773 8153 -6360 1231 -4602 -1013
941 2770 8154 -6361 1232 -4603 -1012
942 2775 8153 -6359 1230 -4605 -1018
943 2774 8156 -6361 1232 -4602 -1010
944 2775 8155 -6363 1233 -4603 -1012
945 2775 8156 -6361 1231 -4608 -1012
946 2777 8152 -6362 1233 -4608 -1014
947 2777 8155 -6361 1234 -4605 -1012
948 2775 8155 -6363 1231 -4600 -1014
949 2774 8152 -6361 1229 -4599 -1012
950 2775 8155 -6364 1227 -4599 -1016
951 2774 8154 -6362 1229 -4603 -1011
952 2775 8155 -6362 1230 -4603 -1010
953 2777 8156 -6363 1233 -4605 -1014
954 2776 8152 -6364 1235 -4607 -1015
955 2775 8154 -6363 1231 -4601 -1015
956 2777 8154 -6360 1231 -4595 -1010
957 2774 8151 -6362 1230 -4600 -1015
958 2774 8154 -6361 1235 -4602 -1015
959 2775 8154 -6364 1230 -4603 -1013
960 2773 8151 -6363 1229 -4601 -1011
961 2774 8154 -6362 1231 -4597 -1011
962 2777 8152 -6363 1227 -4597 -1016
963 2776 8152 -6360 1231 -4597 -1013
964 2773 8148 -6360 1233 -4597 -1011
965 2775 8154 -6362 1232 -4601 -1011
966 2778 8154 -6363 1231 -4603 -1015
967 2780 8156 -6359 1234 -4602 -1012
968 2777 8155 -6360 1233 -4601 -1014
969 2775 8154 -6355 1230 -4595 -1012
970 2773 8151 -6363 1227 -4596 -1013
971 2773 8153 -6361 1230 -4596 -1014
972 2774 8156 -6359 1232 -4597 -1012
973 2774 8152 -6359 1231 -4596 -1013
974 2776 8155 -6363 1229 -4601 -1010
975 2776 8154 -6363 1234 -4599 -1013
976 2777 8153 -6361 1232 -4602 -1016
977 2779 8153 -6362 1235 -4605 -1014
978 2774 8152 -6361 1229 -4602 -1014
979 2774 8152 -6361 1228 -4592 -1013
980 2773 8154 -6361 1225 -4586 -1017
981 2772 8154 -6361 1228 -4591 -1014
982 2771 8153 -6360 1229 -4594 -1014
983 2772 8154 -6357 1228 -4600 -1015
984 2775 8152 -6363 1229 -4599 -1014
985 2774 8155 -6364 1230 -4598 -1013
986 2771 8156 -6361 1233 -4594 -1011
987 2773 8154 -6360 1229 -4595 -1012
988 2771 8151 -6362 1230 -4594 -1014
989 2770 8154 -6362 1227 -4594 -1013
990 2774 8154 -6362 1229 -4595 -1013
991 2776 8152 -6362 1230 -4597 -1014
992 2775 8150 -6363 1227 -4593 -1012
993 2775 8156 -6361 1228 -4593 -1014
994 2772 8154 -6360 1228 -4592 -1016
995 2769 8155 -6359 1227 -4595 -1013
996 2772 8154 -6363 1230 -4592 -1014
997 2776 8157 -6362 1230 -4594 -1015
998 2776 8154 -6362 1230 -4600 -1012
999 2776 8152 -6364 1229 -4597 -1016
