0 215 -1138 861 -82 227 189
1 213 -1136 861 -82 222 188
2 215 -1139 861 -78 217 190
3 216 -1139 861 -76 212 191
4 222 -1130 861 -71 206 191
5 224 -1134 860 -72 205 191
6 223 -1133 856 -76 201 192
7 222 -1133 862 -77 204 189
8 223 -1135 860 -77 208 191
9 223 -1137 860 -81 217 189
10 220 -1136 860 -80 218 193
11 216 -1134 861 -81 219 191
12 218 -1137 861 -80 220 190
13 216 -1137 860 -78 216 191
14 221 -1138 860 -74 209 191
15 220 -1134 858 -76 209 188
16 221 -1132 861 -75 204 191
17 223 -1137 863 -72 209 191
18 221 -1135 861 -78 213 192
19 219 -1139 864 -79 216 191
20 214 -1139 859 -83 222 193
21 214 -1139 859 -84 222 187
22 215 -1137 860 -80 220 191
23 218 -1136 860 -78 214 188
24 215 -1136 862 -78 210 190
25 217 -1133 860 -76 206 191
26 223 -1136 863 -74 207 191
27 224 -1137 858 -76 205 191
28 222 -1133 860 -75 208 193
29 219 -1133 860 -77 210 190
30 221 -1138 861 -80 209 186
31 221 -1133 859 -78 213 190
32 216 -1136 857 -79 215 193
33 216 -1138 861 -81 217 192
34 216 -1139 860 -78 217 185
35 216 -1137 862 -76 216 192
36 218 -1138 861 -75 209 189
37 221 -1135 858 -76 208 191
38 222 -1135 858 -77 209 190
39 221 -1134 859 -80 209 189
40 218 -1134 859 -79 212 187
41 219 -1137 859 -78 214 192
42 218 -1138 859 -80 219 188
43 216 -1136 864 -79 219 192
44 214 -1140 860 -80 221 190
45 217 -1136 860 -78 217 189
46 219 -1134 861 -79 209 192
47 224 -1138 860 -76 205 192
48 222 -1135 859 -73 204 189
49 223 -1135 860 -72 208 192
50 221 -1135 860 -74 207 196
51 223 -1135 861 -77 210 190
52 220 -1137 862 -81 213 190
53 220 -1136 858 -81 212 189
54 219 -1138 859 -80 214 187
55 215 -1139 860 -78 215 188
56 216 -1138 859 -81 211 189
57 216 -1138 856 -79 214 191
58 220 -1136 858 -81 209 187
59 216 -1137 861 -79 207 190
60 217 -1140 858 -78 207 187
61 221 -1138 856 -78 208 189
62 217 -1137 860 -82 215 186
63 217 -1138 859 -82 215 190
64 215 -1140 859 -83 217 188
65 217 -1138 862 -80 216 187
66 219 -1134 860 -78 217 190
67 219 -1136 859 -75 215 191
68 217 -1135 860 -77 212 193
69 221 -1136 860 -77 210 191
70 219 -1134 861 -76 208 192
71 222 -1130 859 -72 205 194
72 223 -1133 862 -77 209 193
73 221 -1136 861 -74 210 190
74 221 -1134 863 -77 210 189
75 220 -1140 860 -78 216 190
76 216 -1138 857 -79 217 186
77 216 -1138 861 -79 215 188
78 218 -1135 861 -78 213 189
79 218 -1137 860 -78 208 189
80 221 -1137 857 -73 207 187
81 223 -1136 861 -75 205 188
82 224 -1136 861 -78 208 190
83 219 -1135 859 -78 214 191
84 219 -1134 862 -81 219 189
85 216 -1138 862 -83 222 189
86 217 -1140 862 -81 219 190
87 218 -1135 859 -79 217 191
88 220 -1138 861 -80 213 187
89 219 -1137 860 -77 209 189
90 220 -1137 862 -81 210 192
91 220 -1136 862 -80 209 190
92 220 -1137 858 -74 205 191
93 219 -1137 859 -74 206 189
94 223 -1136 860 -76 209 192
95 220 -1136 860 -77 213 191
96 219 -1134 862 -81 211 189
97 220 -1136 860 -80 219 188
98 219 -1135 859 -82 218 192
99 217 -1134 858 -78 213 190
100 216 -1136 859 -77 211 191
101 219 -1136 862 -74 211 190
102 221 -1136 858 -73 207 192
103 221 -1135 857 -76 210 188
104 223 -1133 860 -79 214 191
105 217 -1136 862 -82 212 188
106 216 -1139 859 -83 217 189
107 218 -1135 862 -79 219 190
108 217 -1138 861 -78 216 191
109 219 -1139 862 -79 216 194
110 219 -1136 860 -78 213 193
111 219 -1137 860 -78 209 195
112 221 -1135 862 -76 211 189
113 220 -1137 860 -76 211 188
114 219 -1135 860 -80 211 191
115 220 -1134 862 -78 211 190
116 218 -1138 860 -75 209 192
117 218 -1133 860 -76 209 190
118 220 -1138 862 -79 213 191
119 220 -1140 859 -76 211 192
120 218 -1137 860 -76 219 191
121 217 -1137 862 -80 218 190
122 218 -1139 863 -76 216 192
123 219 -1136 860 -78 212 190
124 219 -1136 860 -79 209 191
125 221 -1136 862 -75 209 189
126 218 -1134 859 -79 210 189
127 218 -1136 860 -80 211 188
128 218 -1138 862 -77 212 186
129 219 -1140 857 -82 216 191
130 216 -1138 859 -80 217 191
131 218 -1140 861 -80 216 187
132 218 -1139 857 -80 213 189
133 215 -1141 858 -79 209 191
134 217 -1137 859 -80 208 189
135 219 -1136 859 -78 208 188
136 219 -1138 858 -81 206 189
137 219 -1136 861 -76 209 188
138 217 -1134 860 -78 211 192
139 216 -1139 858 -76 212 187
140 217 -1137 859 -77 214 189
141 219 -1136 861 -80 211 191
142 218 -1138 859 -82 214 187
143 218 -1136 859 -82 213 188
144 221 -1138 858 -73 210 189
145 218 -1136 861 -79 211 191
146 220 -1138 860 -80 211 187
147 219 -1137 859 -76 208 192
148 217 -1138 857 -80 211 191
149 218 -1138 860 -78 212 190
150 219 -1134 858 -79 217 191
151 219 -1139 861 -79 212 189
152 215 -1135 860 -80 215 191
153 217 -1138 860 -81 213 189
154 215 -1138 860 -75 215 189
155 218 -1138 861 -78 212 186
156 217 -1136 859 -78 211 188
157 220 -1139 859 -76 209 190
158 223 -1134 859 -74 207 190
159 219 -1138 861 -75 205 190
160 220 -1134 861 -78 209 189
161 222 -1139 856 -79 211 189
162 220 -1136 862 -78 212 189
163 214 -1139 860 -79 213 188
164 215 -1136 859 -81 217 189
165 216 -1140 857 -76 214 188
166 214 -1136 857 -81 211 190
167 218 -1137 859 -80 208 188
168 220 -1138 861 -82 212 188
169 220 -1135 859 -77 209 190
170 215 -1137 858 -78 211 188
171 221 -1136 859 -80 212 187
172 215 -1139 863 -81 214 189
173 217 -1138 858 -81 215 192
174 218 -1138 861 -79 212 189
175 219 -1140 859 -81 211 187
176 218 -1138 861 -80 210 190
177 220 -1135 857 -80 210 190
178 219 -1139 859 -77 212 188
179 218 -1136 856 -78 212 190
180 219 -1138 861 -77 207 188
181 221 -1136 858 -75 207 190
182 224 -1135 858 -77 207 191
183 223 -1135 860 -77 208 193
184 218 -1138 861 -76 213 188
185 214 -1136 862 -80 215 190
186 217 -1137 859 -80 218 187
187 215 -1138 860 -81 215 187
188 215 -1136 857 -83 211 191
189 220 -1140 860 -79 208 190
190 219 -1139 860 -75 209 190
191 220 -1134 861 -77 206 190
192 219 -1137 859 -80 210 190
193 222 -1139 859 -82 214 192
194 216 -1138 859 -82 217 188
195 215 -1136 859 -84 215 187
196 217 -1138 859 -80 216 188
197 217 -1137 860 -79 210 190
198 219 -1139 858 -78 211 191
199 222 -1135 861 -76 210 188
200 218 -1137 860 -79 212 190
201 222 -1136 858 -76 210 191
202 220 -1136 860 -78 210 189
203 220 -1137 859 -78 208 191
204 222 -1137 861 -75 208 190
205 222 -1138 856 -78 210 189
206 220 -1138 859 -80 211 189
207 217 -1137 857 -83 216 190
208 217 -1138 857 -81 213 191
209 216 -1141 857 -80 215 190
210 218 -1137 863 -79 215 189
211 218 -1138 857 -81 209 188
212 218 -1137 856 -80 209 189
213 219 -1138 860 -80 212 191
214 221 -1140 860 -76 212 190
215 221 -1139 862 -79 214 187
216 219 -1136 860 -79 218 190
217 218 -1136 859 -77 218 192
218 218 -1135 858 -79 218 190
219 218 -1137 862 -78 216 189
220 220 -1138 861 -79 213 190
221 222 -1135 861 -80 213 190
222 220 -1134 861 -78 210 189
223 218 -1136 860 -79 208 191
224 218 -1137 860 -75 210 193
225 222 -1137 860 -80 211 190
226 217 -1135 860 -78 213 192
227 224 -1138 857 -76 212 190
228 222 -1136 862 -76 215 190
229 221 -1138 858 -80 211 188
230 216 -1139 861 -79 213 190
231 215 -1139 858 -76 216 194
232 219 -1133 861 -78 215 192
233 221 -1136 860 -77 215 190
234 221 -1137 862 -77 214 194
235 216 -1136 861 -78 214 192
236 214 -1137 859 -80 215 189
237 219 -1139 857 -75 214 189
238 216 -1137 863 -77 213 191
239 219 -1135 859 -78 213 191
240 219 -1133 861 -78 212 191
241 219 -1134 861 -79 212 189
242 219 -1139 862 -78 211 193
243 220 -1135 859 -76 212 189
244 219 -1134 860 -76 212 192
245 222 -1136 860 -74 211 188
246 221 -1139 859 -76 207 189
247 222 -1138 859 -76 211 191
248 219 -1139 860 -77 210 191
249 219 -1134 859 -77 214 190
250 219 -1135 861 -76 214 192
251 214 -1136 861 -76 214 191
252 216 -1136 863 -76 212 190
253 220 -1136 863 -78 211 191
254 221 -1136 863 -78 210 194
255 221 -1138 858 -76 212 190
256 223 -1138 864 -75 215 189
257 220 -1135 858 -77 217 193
258 216 -1137 862 -83 221 191
259 216 -1139 861 -80 218 191
260 220 -1138 862 -81 214 192
261 220 -1140 862 -75 210 193
262 222 -1135 860 -76 208 189
263 221 -1135 860 -73 207 188
264 221 -1136 862 -73 212 191
265 221 -1133 864 -76 210 189
266 220 -1137 860 -76 211 191
267 221 -1134 860 -78 211 189
268 219 -1137 861 -77 206 188
269 217 -1137 862 -78 211 189
270 219 -1136 860 -77 215 192
271 220 -1137 860 -80 214 190
272 218 -1138 861 -79 215 189
273 218 -1136 861 -79 216 188
274 216 -1136 864 -77 215 193
275 215 -1138 859 -75 212 192
276 222 -1137 863 -76 210 189
277 224 -1134 859 -74 209 192
278 221 -1133 860 -76 213 192
279 221 -1135 863 -80 221 189
280 219 -1137 860 -84 220 191
281 214 -1135 859 -84 221 190
282 216 -1137 860 -81 215 189
283 216 -1135 859 -78 209 191
284 223 -1136 861 -73 209 191
285 221 -1133 858 -75 205 190
286 223 -1134 859 -78 203 194
287 225 -1134 858 -75 206 191
288 221 -1137 857 -79 208 190
289 223 -1136 859 -74 210 192
290 221 -1135 861 -73 216 188
291 215 -1134 863 -80 218 192
292 218 -1136 860 -80 220 192
293 218 -1139 861 -81 217 194
294 216 -1139 861 -79 220 189
295 216 -1137 858 -78 214 192
296 217 -1137 861 -75 211 193
297 218 -1139 857 -74 209 188
298 222 -1137 860 -74 210 189
299 220 -1138 861 -80 209 190
300 220 -1139 863 -80 216 188
301 218 -1136 862 -80 218 190
302 217 -1139 863 -84 221 191
303 216 -1137 858 -79 217 190
304 218 -1139 861 -80 214 193
305 221 -1136 860 -74 211 191
306 224 -1138 856 -74 202 193
307 224 -1134 862 -78 205 192
308 221 -1132 857 -76 201 188
309 220 -1136 857 -74 202 188
310 220 -1138 856 -77 206 187
311 217 -1136 858 -79 211 189
312 216 -1136 861 -77 214 192
313 219 -1135 859 -81 216 192
314 214 -1140 860 -81 219 189
315 213 -1140 860 -79 219 188
316 214 -1139 863 -79 220 187
317 215 -1138 861 -83 213 190
318 221 -1136 859 -77 212 188
319 221 -1135 861 -78 210 192
320 221 -1135 863 -80 207 188
321 223 -1135 859 -80 210 189
322 220 -1138 859 -84 214 188
323 213 -1136 862 -84 219 189
324 217 -1136 862 -81 218 189
325 218 -1137 859 -80 217 192
326 217 -1139 862 -78 217 192
327 218 -1138 858 -74 209 190
328 220 -1136 859 -72 205 191
329 225 -1132 860 -75 206 189
330 222 -1135 858 -75 205 191
331 224 -1134 862 -70 204 192
332 221 -1136 858 -73 205 189
333 218 -1135 860 -73 207 186
334 221 -1133 860 -73 211 190
335 220 -1135 858 -77 216 188
336 214 -1139 863 -84 221 191
337 214 -1142 862 -82 220 188
338 213 -1138 860 -81 219 189
339 216 -1138 859 -82 214 188
340 217 -1135 862 -77 211 191
341 219 -1134 858 -75 207 192
342 221 -1139 860 -79 210 188
343 220 -1135 857 -81 208 187
344 218 -1137 861 -84 215 192
345 218 -1137 859 -80 218 190
346 217 -1138 858 -82 217 189
347 217 -1137 860 -80 218 189
348 216 -1139 860 -78 216 190
349 217 -1135 860 -76 214 192
350 219 -1135 860 -74 213 190
351 222 -1134 861 -75 205 187
352 222 -1135 860 -73 204 188
353 222 -1135 860 -74 201 188
354 219 -1133 859 -77 202 189
355 221 -1137 859 -78 206 188
356 221 -1136 858 -80 210 190
357 217 -1137 860 -80 215 188
358 214 -1138 863 -83 218 189
359 217 -1140 861 -83 219 191
360 218 -1138 863 -85 214 188
361 216 -1137 863 -81 213 187
362 221 -1136 860 -83 209 192
363 220 -1138 860 -77 206 189
364 224 -1130 858 -77 205 190
365 220 -1138 857 -80 210 188
366 220 -1134 861 -82 216 189
367 214 -1136 858 -78 218 190
368 215 -1135 857 -82 220 192
369 216 -1134 859 -78 219 188
370 217 -1139 859 -77 217 192
371 215 -1137 859 -75 212 190
372 217 -1138 860 -74 213 189
373 219 -1137 861 -73 211 192
374 221 -1132 861 -75 206 189
375 221 -1133 859 -73 204 191
376 221 -1136 858 -75 205 190
377 220 -1135 858 -78 208 189
378 219 -1137 861 -83 212 192
379 218 -1138 858 -82 219 188
380 217 -1138 861 -85 220 191
381 218 -1138 860 -84 217 188
382 217 -1139 860 -81 213 189
383 224 -1138 861 -78 205 192
384 224 -1138 859 -74 204 189
385 223 -1137 857 -76 206 190
386 222 -1136 861 -77 206 189
387 218 -1138 861 -79 213 191
388 218 -1137 861 -81 220 191
389 215 -1142 861 -82 225 190
390 212 -1139 861 -83 222 192
391 215 -1139 860 -81 224 193
392 217 -1134 863 -78 215 191
393 220 -1138 858 -74 208 190
394 219 -1139 860 -71 209 190
395 223 -1135 861 -75 204 189
396 223 -1135 860 -72 204 190
397 223 -1132 856 -74 202 189
398 223 -1137 860 -75 206 193
399 218 -1136 860 -81 212 188
400 221 -1136 858 -83 218 192
401 214 -1138 859 -82 221 189
402 214 -1138 863 -82 218 191
403 216 -1136 859 -82 216 189
404 214 -1137 859 -79 211 187
405 216 -1137 858 -72 208 189
406 221 -1137 861 -75 204 189
407 216 -1139 859 -75 207 188
408 217 -1137 860 -78 211 190
409 217 -1134 859 -84 220 187
410 216 -1138 856 -87 220 190
411 216 -1137 861 -82 218 189
412 217 -1139 861 -80 213 191
413 223 -1136 860 -76 208 192
414 221 -1138 857 -75 208 190
415 220 -1134 860 -74 207 190
416 223 -1136 859 -79 205 190
417 220 -1134 861 -78 212 191
418 220 -1137 859 -78 208 192
419 217 -1135 858 -80 210 188
420 220 -1134 859 -77 209 192
421 218 -1137 859 -79 209 191
422 220 -1134 858 -81 208 192
423 222 -1136 859 -78 210 191
424 221 -1135 862 -81 217 191
425 217 -1137 861 -77 217 191
426 218 -1135 862 -78 217 189
427 217 -1136 862 -79 218 189
428 215 -1140 860 -80 218 190
429 217 -1136 863 -77 213 191
430 215 -1138 863 -79 213 189
431 219 -1136 859 -77 215 190
432 217 -1135 860 -78 218 190
433 217 -1134 862 -74 216 191
434 217 -1135 860 -76 211 192
435 222 -1136 857 -75 206 191
436 221 -1133 859 -76 202 188
437 222 -1134 859 -81 208 193
438 219 -1135 862 -79 209 188
439 219 -1134 861 -77 211 190
440 221 -1137 858 -78 212 189
441 215 -1137 860 -76 212 189
442 220 -1138 859 -79 213 190
443 217 -1135 863 -74 208 191
444 219 -1135 859 -79 208 188
445 222 -1137 861 -78 212 189
446 218 -1136 860 -79 212 191
447 219 -1135 860 -80 213 192
448 218 -1133 861 -78 218 192
449 218 -1136 860 -81 220 192
450 217 -1138 864 -81 221 191
451 218 -1138 864 -77 218 191
452 216 -1137 861 -80 217 188
453 218 -1139 860 -81 211 189
454 218 -1136 860 -77 212 192
455 217 -1139 858 -76 209 190
456 217 -1136 860 -75 206 186
457 220 -1135 862 -75 205 191
458 221 -1136 860 -76 206 191
459 222 -1137 857 -77 211 190
460 221 -1135 858 -83 211 188
461 218 -1140 860 -79 216 192
462 216 -1138 859 -79 216 191
463 218 -1134 860 -76 214 190
464 220 -1137 861 -74 211 194
465 219 -1136 860 -75 209 188
466 220 -1136 861 -78 212 192
467 223 -1134 861 -76 210 191
468 220 -1137 860 -79 210 187
469 219 -1135 861 -77 211 189
470 219 -1137 859 -79 215 191
471 217 -1136 861 -79 218 192
472 216 -1133 862 -81 218 189
473 216 -1138 861 -80 219 191
474 217 -1138 861 -78 218 190
475 217 -1138 862 -80 216 190
476 213 -1137 863 -77 212 191
477 219 -1137 861 -77 210 191
478 221 -1138 859 -78 207 190
479 222 -1136 859 -74 209 188
480 221 -1134 860 -75 205 192
481 222 -1131 860 -76 213 192
482 220 -1135 862 -75 214 193
483 216 -1135 859 -76 213 188
484 221 -1136 859 -80 210 192
485 219 -1137 858 -78 208 191
486 221 -1139 863 -77 207 192
487 221 -1135 864 -76 208 192
488 218 -1134 859 -79 209 192
489 218 -1136 858 -76 212 189
490 219 -1137 860 -80 212 192
491 218 -1137 860 -79 214 191
492 219 -1137 857 -79 213 189
493 220 -1137 860 -81 214 191
494 218 -1136 859 -81 214 189
495 216 -1136 863 -83 217 189
496 215 -1139 861 -80 221 191
497 214 -1140 865 -81 219 189
498 215 -1138 861 -81 214 191
499 217 -1138 856 -79 210 188
500 220 -1138 861 -76 207 187
501 222 -1133 858 -73 205 187
502 222 -1133 856 -75 205 190
503 220 -1135 859 -78 208 188
504 218 -1136 861 -79 213 187
505 216 -1134 860 -78 217 189
506 217 -1139 860 -80 213 190
507 218 -1137 857 -79 211 190
508 221 -1137 859 -78 209 188
509 220 -1135 861 -76 208 189
510 219 -1136 860 -82 211 188
511 219 -1137 861 -79 211 188
512 220 -1137 860 -77 210 193
513 219 -1137 856 -80 214 188
514 219 -1140 860 -81 211 189
515 218 -1138 859 -80 213 192
516 219 -1138 862 -82 212 191
517 217 -1139 858 -81 214 187
518 214 -1140 860 -82 219 189
519 217 -1138 860 -85 220 188
520 214 -1139 861 -81 216 189
521 216 -1137 858 -78 214 188
522 219 -1140 858 -81 205 190
523 218 -1135 859 -74 203 190
524 223 -1135 861 -78 206 187
525 224 -1139 857 -77 209 189
526 219 -1136 856 -76 211 186
527 218 -1139 858 -73 211 188
528 219 -1137 860 -79 214 189
529 215 -1136 861 -78 212 188
530 221 -1135 861 -79 215 188
531 220 -1138 862 -77 210 191
532 220 -1137 861 -80 212 188
533 217 -1137 862 -79 211 190
534 221 -1138 862 -77 210 187
535 218 -1136 861 -75 212 192
536 220 -1140 859 -77 210 189
537 218 -1139 860 -77 211 191
538 219 -1138 859 -84 214 190
539 220 -1139 862 -82 217 190
540 216 -1139 864 -80 220 194
541 217 -1135 862 -81 221 190
542 216 -1139 864 -80 218 193
543 218 -1139 861 -79 213 187
544 220 -1137 857 -79 209 190
545 221 -1136 858 -74 205 190
546 220 -1134 859 -75 203 189
547 222 -1139 859 -76 206 191
548 223 -1133 858 -78 208 188
549 219 -1137 858 -81 211 189
550 218 -1135 858 -78 212 189
551 215 -1140 857 -79 215 191
552 217 -1138 863 -80 215 188
553 217 -1137 857 -78 211 193
554 219 -1136 860 -82 211 188
555 221 -1138 859 -81 212 189
556 221 -1138 860 -77 210 190
557 220 -1136 857 -75 212 190
558 219 -1136 859 -77 211 191
559 222 -1137 860 -76 212 189
560 214 -1138 861 -80 215 189
561 217 -1138 863 -79 218 191
562 216 -1135 864 -83 219 191
563 216 -1139 857 -81 218 189
564 216 -1139 860 -82 212 191
565 219 -1138 860 -78 212 190
566 219 -1137 859 -79 208 191
567 217 -1138 860 -78 209 190
568 223 -1136 859 -77 207 187
569 219 -1138 860 -79 207 188
570 220 -1137 858 -78 206 191
571 218 -1135 860 -80 210 186
572 217 -1139 859 -78 211 188
573 214 -1137 857 -76 215 188
574 217 -1142 861 -81 212 189
575 220 -1139 857 -78 212 190
576 218 -1137 860 -79 212 188
577 217 -1139 859 -80 211 190
578 216 -1141 862 -79 210 190
579 217 -1140 857 -78 213 189
580 218 -1140 859 -81 212 185
581 216 -1136 858 -80 214 189
582 214 -1140 860 -80 214 187
583 218 -1140 859 -80 213 189
584 218 -1139 860 -81 213 189
585 215 -1139 860 -79 211 189
586 213 -1139 860 -79 209 187
587 215 -1140 856 -80 208 190
588 218 -1138 859 -76 206 187
589 215 -1135 860 -80 208 188
590 220 -1138 858 -78 207 189
591 221 -1136 861 -77 210 188
592 220 -1137 859 -75 209 190
593 220 -1133 858 -79 210 190
594 216 -1138 855 -79 209 187
595 218 -1138 856 -82 210 188
596 218 -1138 857 -79 211 187
597 217 -1138 857 -80 213 188
598 218 -1137 856 -81 215 189
599 214 -1143 861 -81 212 189
600 215 -1137 857 -78 209 189
601 217 -1139 856 -80 210 190
602 218 -1136 860 -79 211 189
603 217 -1138 859 -79 212 186
604 216 -1140 856 -80 211 186
605 215 -1139 855 -82 216 189
606 213 -1137 859 -85 214 189
607 216 -1138 856 -82 215 188
608 218 -1139 861 -81 213 190
609 218 -1137 859 -77 206 188
610 218 -1138 859 -78 205 191
611 221 -1137 860 -77 206 188
612 220 -1134 858 -76 206 188
613 218 -1136 855 -79 207 188
614 216 -1137 858 -77 209 189
615 218 -1137 857 -79 208 189
616 218 -1137 857 -75 212 190
617 221 -1139 858 -82 212 189
618 217 -1138 858 -81 216 187
619 213 -1139 859 -81 213 189
620 218 -1140 858 -78 211 190
621 217 -1137 860 -79 212 188
622 216 -1139 859 -81 213 188
623 219 -1139 859 -82 210 188
624 221 -1138 860 -79 209 187
625 220 -1138 855 -81 211 190
626 216 -1139 860 -79 213 191
627 214 -1135 859 -81 217 189
628 214 -1142 861 -81 219 190
629 215 -1138 859 -85 217 190
630 216 -1139 856 -78 212 185
631 216 -1138 856 -80 210 190
632 218 -1138 860 -76 207 189
633 218 -1138 862 -77 206 190
634 221 -1134 859 -78 204 188
635 221 -1133 859 -74 206 187
636 221 -1136 858 -75 207 192
637 220 -1137 864 -75 209 189
638 219 -1135 858 -79 209 188
639 216 -1137 858 -79 214 188
640 218 -1142 858 -79 213 190
641 216 -1139 858 -80 216 189
642 212 -1139 861 -81 215 188
643 216 -1140 858 -82 210 189
644 218 -1140 857 -81 209 191
645 218 -1138 858 -80 206 186
646 219 -1137 857 -79 209 185
647 215 -1137 859 -82 214 187
648 218 -1138 860 -81 214 184
649 217 -1136 861 -83 215 187
650 215 -1140 858 -80 215 186
651 214 -1138 859 -81 216 189
652 217 -1137 859 -81 217 188
653 214 -1138 863 -78 211 190
654 221 -1136 860 -77 209 188
655 218 -1134 859 -73 205 190
656 220 -1135 858 -75 204 187
657 220 -1135 859 -75 202 184
658 223 -1135 855 -76 205 190
659 220 -1136 860 -75 208 190
660 220 -1138 857 -78 208 190
661 217 -1138 858 -79 214 188
662 219 -1137 859 -79 218 189
663 216 -1135 859 -81 215 189
664 215 -1139 860 -81 212 190
665 220 -1138 858 -79 212 188
666 217 -1137 858 -75 212 192
667 221 -1136 856 -77 210 190
668 219 -1136 860 -79 209 187
669 219 -1137 858 -76 215 188
670 214 -1136 859 -84 216 188
671 217 -1135 861 -81 219 188
672 214 -1138 860 -81 213 189
673 218 -1139 860 -79 211 189
674 221 -1138 858 -81 210 186
675 215 -1139 860 -80 210 189
676 217 -1139 859 -78 211 187
677 216 -1136 855 -80 208 186
678 219 -1137 859 -80 206 191
679 218 -1137 858 -77 208 186
680 218 -1139 856 -77 208 186
681 218 -1137 858 -79 208 189
682 219 -1140 858 -77 209 187
683 214 -1138 855 -82 211 191
684 216 -1137 858 -80 213 190
685 214 -1138 861 -80 210 191
686 218 -1136 859 -76 214 188
687 219 -1140 857 -79 214 190
688 219 -1138 859 -78 213 193
689 218 -1138 859 -81 213 190
690 215 -1139 861 -80 212 191
691 216 -1136 857 -80 210 187
692 215 -1139 858 -78 217 192
693 217 -1136 859 -82 216 187
694 215 -1141 856 -81 211 188
695 217 -1142 858 -82 209 191
696 217 -1137 859 -79 208 190
697 215 -1137 857 -79 210 190
698 216 -1140 857 -79 212 186
699 218 -1137 858 -79 211 186
700 217 -1136 858 -79 210 187
701 220 -1137 858 -74 213 188
702 222 -1136 859 -79 212 193
703 218 -1138 856 -76 205 189
704 220 -1138 858 -77 207 188
705 220 -1139 858 -79 205 192
706 219 -1135 860 -77 211 189
707 219 -1137 859 -83 213 188
708 214 -1138 858 -79 215 189
709 217 -1138 858 -81 216 190
710 214 -1139 858 -81 212 191
711 217 -1141 860 -81 212 187
712 214 -1138 858 -82 212 188
713 217 -1137 860 -80 208 189
714 217 -1141 857 -80 210 188
715 220 -1139 857 -82 209 189
716 216 -1137 858 -78 211 188
717 215 -1141 855 -78 210 188
718 215 -1140 858 -78 210 187
719 219 -1138 859 -80 215 187
720 217 -1137 859 -78 213 187
721 216 -1136 858 -82 208 188
722 219 -1138 856 -79 210 186
723 219 -1137 860 -77 210 189
724 219 -1138 856 -77 210 190
725 219 -1142 859 -79 204 187
726 220 -1138 858 -78 207 192
727 218 -1136 858 -79 211 187
728 214 -1138 855 -83 212 190
729 216 -1137 859 -82 211 185
730 213 -1140 858 -81 214 188
731 214 -1143 859 -80 215 186
732 217 -1141 859 -82 216 185
733 215 -1138 858 -80 211 189
734 215 -1136 863 -79 210 188
735 219 -1137 859 -79 210 186
736 218 -1139 857 -79 212 188
737 213 -1135 862 -80 208 188
738 218 -1139 860 -80 210 190
739 221 -1138 856 -83 212 187
740 217 -1137 857 -83 210 191
741 216 -1139 857 -78 212 188
742 214 -1139 858 -82 211 188
743 216 -1139 860 -81 211 187
744 219 -1142 855 -81 210 186
745 214 -1137 856 -79 207 191
746 218 -1135 858 -75 207 187
747 218 -1140 856 -78 204 186
748 218 -1139 857 -78 207 189
749 218 -1135 856 -81 209 190
750 216 -1138 856 -78 209 187
751 217 -1139 858 -81 212 189
752 215 -1139 861 -80 211 190
753 212 -1139 860 -83 212 190
754 216 -1139 855 -84 212 186
755 215 -1141 856 -80 212 187
756 217 -1137 858 -84 212 189
757 217 -1138 861 -83 211 187
758 214 -1137 860 -83 211 186
759 218 -1138 855 -80 210 189
760 215 -1141 858 -79 210 189
761 217 -1137 857 -80 210 189
762 217 -1139 857 -81 210 189
763 219 -1142 857 -77 209 186
764 218 -1135 854 -80 212 187
765 215 -1136 859 -79 209 189
766 217 -1134 858 -78 208 187
767 218 -1138 858 -77 205 188
768 217 -1139 856 -78 202 189
769 219 -1136 859 -78 205 192
770 217 -1138 856 -81 207 185
771 218 -1140 856 -80 214 191
772 214 -1140 857 -81 212 190
773 219 -1137 860 -79 213 189
774 217 -1136 855 -79 211 185
775 214 -1138 861 -80 209 189
776 216 -1137 858 -83 209 188
777 215 -1134 860 -81 211 186
778 217 -1139 860 -77 213 187
779 216 -1136 860 -82 213 189
780 216 -1139 859 -82 212 193
781 215 -1139 858 -80 212 191
782 214 -1138 861 -79 212 191
783 220 -1139 859 -79 211 189
784 216 -1140 855 -83 210 188
785 217 -1137 860 -80 212 190
786 215 -1138 858 -82 213 186
787 213 -1139 854 -81 211 187
788 217 -1136 860 -78 206 188
789 220 -1139 860 -75 203 185
790 217 -1137 856 -79 203 190
791 221 -1142 858 -78 203 188
792 217 -1139 859 -81 206 188
793 218 -1138 860 -80 212 187
794 214 -1139 857 -81 213 189
795 214 -1142 857 -79 216 192
796 216 -1140 858 -81 213 191
797 214 -1137 857 -81 212 189
798 218 -1138 857 -83 212 191
799 216 -1140 860 -83 213 188
800 217 -1141 858 -80 211 187
801 215 -1141 861 -82 214 186
802 218 -1141 863 -80 212 191
803 214 -1141 856 -82 210 189
804 215 -1140 857 -81 213 187
805 217 -1139 858 -80 211 187
806 215 -1137 860 -79 212 186
807 217 -1141 859 -80 213 188
808 214 -1141 855 -80 213 186
809 214 -1137 859 -82 213 188
810 214 -1138 858 -81 209 189
811 216 -1136 856 -80 208 185
812 220 -1138 858 -79 203 187
813 217 -1141 856 -78 206 187
814 217 -1139 856 -79 207 189
815 216 -1138 858 -77 206 184
816 218 -1139 857 -81 207 188
817 216 -1141 858 -80 207 188
818 215 -1138 855 -80 210 186
819 218 -1140 860 -82 213 185
820 211 -1141 856 -81 212 185
821 215 -1139 857 -82 216 185
822 217 -1140 857 -85 214 186
823 214 -1138 860 -81 212 191
824 218 -1137 858 -81 213 187
825 219 -1137 859 -81 209 187
826 217 -1139 856 -80 206 186
827 217 -1136 857 -80 206 189
828 214 -1137 857 -79 214 188
829 215 -1139 856 -82 212 188
830 218 -1137 861 -79 218 190
831 217 -1138 859 -81 216 187
832 216 -1138 862 -79 213 190
833 218 -1138 860 -80 211 190
834 218 -1142 860 -78 213 187
835 215 -1137 859 -78 211 188
836 217 -1141 857 -79 205 188
837 216 -1138 856 -75 205 184
838 217 -1139 859 -79 203 186
839 218 -1139 858 -79 203 188
840 216 -1140 856 -82 206 188
841 214 -1140 856 -84 208 182
842 215 -1142 854 -82 212 187
843 209 -1140 860 -85 216 185
844 209 -1144 861 -84 216 187
845 217 -1141 856 -82 209 183
846 213 -1140 853 -79 206 187
847 217 -1140 857 -77 207 185
848 218 -1140 859 -83 203 185
849 216 -1140 855 -78 206 184
850 215 -1140 855 -83 208 185
851 214 -1141 854 -83 212 186
852 211 -1141 857 -83 213 186
853 212 -1143 857 -82 213 187
854 212 -1138 857 -81 211 188
855 214 -1142 855 -81 207 183
856 217 -1140 854 -83 208 190
857 217 -1140 856 -82 207 184
858 214 -1138 857 -80 205 187
859 214 -1141 856 -77 206 185
860 219 -1142 856 -80 206 186
861 215 -1139 857 -80 210 187
862 218 -1142 858 -80 209 186
863 217 -1139 857 -82 209 189
864 217 -1141 857 -85 210 186
865 214 -1142 857 -83 213 186
866 213 -1142 856 -80 216 185
867 214 -1141 858 -80 208 187
868 216 -1140 855 -79 207 186
869 218 -1140 860 -81 205 186
870 219 -1137 854 -82 205 188
871 217 -1136 855 -81 208 189
872 213 -1139 855 -83 211 188
873 213 -1139 857 -84 217 186
874 211 -1138 856 -83 217 187
875 211 -1141 855 -88 213 185
876 212 -1143 857 -82 209 186
877 215 -1143 857 -78 207 186
878 217 -1141 859 -80 203 186
879 219 -1138 855 -77 203 190
880 216 -1135 857 -79 203 185
881 214 -1143 859 -81 208 188
882 219 -1141 853 -83 205 183
883 218 -1139 856 -81 211 188
884 213 -1142 857 -84 213 188
885 212 -1137 859 -82 213 188
886 211 -1143 855 -84 212 186
887 213 -1143 856 -84 211 186
888 211 -1142 853 -82 209 188
889 213 -1143 855 -83 205 186
890 216 -1140 858 -80 201 184
891 220 -1138 857 -77 201 185
892 218 -1141 856 -78 202 187
893 219 -1136 854 -82 206 187
894 213 -1139 859 -86 210 185
895 208 -1142 857 -89 218 186
896 211 -1144 856 -85 216 183
897 207 -1146 855 -82 216 187
898 211 -1142 856 -83 210 185
899 212 -1143 856 -83 203 184
900 214 -1141 853 -82 200 185
901 218 -1140 854 -80 198 186
902 217 -1141 853 -79 201 188
903 215 -1140 854 -76 199 185
904 214 -1140 854 -84 208 185
905 211 -1142 854 -83 210 182
906 210 -1139 854 -85 213 186
907 210 -1145 853 -86 215 182
908 212 -1143 856 -86 215 187
909 213 -1141 855 -87 207 184
910 210 -1141 854 -83 202 184
911 215 -1141 854 -81 201 184
912 214 -1145 852 -80 202 185
913 214 -1141 852 -81 203 184
914 214 -1139 856 -82 201 184
915 216 -1142 855 -85 207 185
916 210 -1143 854 -85 210 185
917 207 -1145 854 -89 213 185
918 208 -1144 854 -88 212 185
919 211 -1143 854 -85 212 183
920 212 -1144 853 -83 209 184
921 213 -1142 855 -84 202 181
922 215 -1143 855 -82 202 183
923 216 -1140 857 -81 199 183
924 218 -1141 851 -78 200 188
925 217 -1144 855 -84 198 184
926 212 -1142 855 -88 206 185
927 210 -1141 856 -90 214 184
928 209 -1144 854 -85 217 185
929 212 -1145 853 -89 211 181
930 209 -1144 854 -84 211 185
931 211 -1144 853 -82 207 186
932 216 -1142 854 -84 202 183
933 217 -1140 856 -82 200 185
934 218 -1139 854 -75 199 184
935 217 -1138 859 -77 202 185
936 216 -1141 857 -81 205 185
937 216 -1138 855 -83 211 187
938 215 -1142 857 -84 214 184
939 216 -1142 855 -86 215 184
940 214 -1142 858 -86 214 185
941 208 -1143 856 -84 212 187
942 216 -1141 858 -80 210 189
943 215 -1140 858 -80 208 188
944 217 -1139 857 -80 203 187
945 217 -1140 855 -81 203 188
946 217 -1138 860 -82 204 186
947 218 -1140 856 -81 201 186
948 216 -1140 858 -82 207 184
949 214 -1139 855 -83 210 186
950 212 -1140 857 -85 215 186
951 213 -1141 855 -82 214 183
952 211 -1141 858 -81 214 190
953 211 -1138 856 -81 211 187
954 217 -1139 856 -79 207 183
955 218 -1140 859 -79 204 187
956 217 -1142 858 -75 202 185
957 219 -1138 857 -78 205 187
958 219 -1139 857 -79 204 188
959 217 -1140 859 -82 206 189
960 214 -1139 858 -80 212 186
961 214 -1142 855 -83 214 187
962 211 -1138 858 -85 213 187
963 213 -1141 858 -83 215 188
964 214 -1141 858 -84 210 190
965 215 -1142 857 -80 208 187
966 215 -1139 857 -80 206 188
967 214 -1139 860 -76 207 189
968 217 -1138 856 -80 204 186
969 218 -1138 856 -79 207 186
970 216 -1138 857 -82 210 185
971 212 -1140 859 -81 209 187
972 216 -1139 858 -84 211 188
973 213 -1140 857 -82 214 183
974 212 -1139 857 -82 213 186
975 212 -1139 858 -81 206 184
976 214 -1140 856 -83 210 188
977 215 -1141 858 -79 207 188
978 217 -1136 857 -80 204 187
979 218 -1141 854 -82 202 187
980 215 -1137 858 -80 204 185
981 216 -1141 855 -82 209 187
982 215 -1140 855 -83 211 185
983 214 -1143 855 -85 212 184
984 213 -1141 859 -83 214 188
985 212 -1140 860 -83 214 188
986 214 -1142 853 -82 211 188
987 214 -1140 857 -81 205 185
988 214 -1142 855 -80 205 187
989 216 -1139 855 -77 203 186
990 219 -1137 856 -80 208 188
991 215 -1140 855 -83 207 186
992 216 -1141 854 -79 212 188
993 215 -1141 854 -82 212 188
994 213 -1140 858 -84 212 186
995 213 -1142 857 -84 211 186
996 211 -1142 852 -83 210 187
997 213 -1139 856 -78 208 184
998 214 -1139 859 -83 207 189
999 213 -1138 854 -79 200 185
0 -3048 -6815 6019 -3275 6778 203
1 -3051 -6813 6015 -3275 6782 203
2 -3052 -6816 6014 -3274 6788 203
3 -3056 -6814 6017 -3279 6788 205
4 -3052 -6813 6016 -3276 6790 205
5 -3054 -6815 6020 -3274 6784 207
6 -3051 -6814 6016 -3276 6781 203
7 -3052 -6813 6018 -3277 6784 206
8 -3055 -6811 6015 -3278 6786 207
9 -3055 -6814 6016 -3276 6788 206
10 -3058 -6815 6018 -3276 6789 205
11 -3060 -6816 6016 -3280 6790 203
12 -3058 -6816 6019 -3277 6786 205
13 -3055 -6814 6020 -3277 6785 208
14 -3051 -6812 6016 -3276 6784 207
15 -3052 -6810 6020 -3277 6787 208
16 -3054 -6813 6017 -3278 6791 205
17 -3057 -6815 6018 -3282 6795 206
18 -3060 -6810 6017 -3278 6796 205
19 -3058 -6815 6020 -3280 6792 202
20 -3058 -6813 6019 -3282 6788 206
21 -3054 -6814 6017 -3279 6787 206
22 -3057 -6815 6012 -3281 6789 206
23 -3060 -6811 6016 -3281 6792 206
24 -3060 -6815 6017 -3285 6796 205
25 -3066 -6815 6017 -3281 6799 204
26 -3064 -6816 6021 -3281 6799 205
27 -3062 -6812 6019 -3285 6792 210
28 -3061 -6814 6019 -3282 6791 208
29 -3062 -6810 6018 -3282 6793 206
30 -3061 -6813 6020 -3282 6798 207
31 -3066 -6813 6019 -3285 6796 209
32 -3067 -6811 6017 -3285 6798 208
33 -3066 -6812 6016 -3282 6800 208
34 -3061 -6812 6019 -3283 6792 208
35 -3060 -6810 6018 -3282 6792 206
36 -3061 -6811 6019 -3281 6795 204
37 -3061 -6810 6018 -3283 6796 210
38 -3064 -6810 6019 -3284 6798 206
39 -3066 -6813 6020 -3286 6801 204
40 -3067 -6813 6020 -3284 6796 209
41 -3066 -6812 6019 -3287 6795 207
42 -3062 -6814 6022 -3286 6793 206
43 -3060 -6812 6019 -3284 6798 207
44 -3066 -6811 6020 -3285 6803 208
45 -3070 -6811 6023 -3288 6806 209
46 -3070 -6810 6020 -3288 6808 208
47 -3067 -6814 6020 -3288 6805 207
48 -3068 -6809 6021 -3286 6803 207
49 -3066 -6810 6021 -3285 6799 206
50 -3067 -6811 6020 -3284 6798 206
51 -3065 -6812 6018 -3287 6801 206
52 -3066 -6810 6016 -3288 6805 210
53 -3071 -6811 6020 -3289 6807 208
54 -3071 -6809 6016 -3290 6809 207
55 -3072 -6808 6019 -3288 6806 207
56 -3066 -6808 6020 -3283 6799 208
57 -3066 -6811 6021 -3286 6794 208
58 -3069 -6809 6020 -3287 6799 210
59 -3068 -6811 6020 -3285 6801 209
60 -3069 -6809 6019 -3290 6808 208
61 -3071 -6810 6022 -3292 6806 208
62 -3070 -6811 6020 -3283 6807 209
63 -3070 -6809 6021 -3285 6799 207
64 -3067 -6809 6020 -3283 6800 208
65 -3066 -6808 6023 -3286 6805 207
66 -3071 -6807 6021 -3287 6806 211
67 -3072 -6810 6021 -3290 6813 207
68 -3073 -6810 6024 -3292 6816 208
69 -3074 -6810 6022 -3290 6810 208
70 -3070 -6811 6023 -3287 6808 207
71 -3067 -6808 6023 -3286 6799 212
72 -3062 -6809 6023 -3290 6799 213
73 -3069 -6809 6023 -3286 6802 207
74 -3069 -6808 6026 -3287 6808 205
75 -3072 -6812 6022 -3288 6811 210
76 -3072 -6809 6022 -3289 6814 209
77 -3070 -6811 6025 -3291 6809 210
78 -3070 -6809 6024 -3288 6804 207
79 -3066 -6810 6022 -3289 6801 209
80 -3067 -6808 6022 -3286 6804 207
81 -3071 -6807 6021 -3287 6805 210
82 -3074 -6810 6022 -3288 6809 207
83 -3072 -6808 6021 -3288 6805 211
84 -3072 -6810 6021 -3287 6804 209
85 -3070 -6808 6025 -3288 6803 212
86 -3067 -6807 6022 -3289 6801 211
87 -3067 -6811 6024 -3292 6801 210
88 -3073 -6809 6020 -3290 6810 208
89 -3078 -6812 6021 -3294 6813 206
90 -3077 -6813 6026 -3292 6811 209
91 -3076 -6815 6021 -3287 6812 208
92 -3075 -6811 6019 -3286 6809 206
93 -3068 -6809 6024 -3287 6798 210
94 -3067 -6806 6025 -3286 6801 212
95 -3065 -6809 6021 -3285 6802 210
96 -3072 -6805 6022 -3289 6804 208
97 -3074 -6811 6020 -3289 6811 209
98 -3072 -6809 6026 -3290 6812 208
99 -3072 -6812 6023 -3287 6806 210
100 -3064 -6809 6026 -3284 6800 210
101 -3066 -6807 6025 -3289 6802 212
102 -3067 -6806 6025 -3287 6801 210
103 -3068 -6808 6024 -3288 6809 207
104 -3067 -6810 6026 -3288 6807 212
105 -3072 -6805 6024 -3288 6805 212
106 -3070 -6807 6023 -3282 6804 210
107 -3067 -6807 6023 -3286 6799 209
108 -3067 -6806 6023 -3286 6799 210
109 -3067 -6808 6021 -3287 6804 213
110 -3070 -6804 6026 -3289 6806 211
111 -3070 -6806 6024 -3290 6809 211
112 -3072 -6807 6026 -3290 6811 211
113 -3070 -6809 6023 -3284 6808 212
114 -3068 -6810 6025 -3289 6803 211
115 -3066 -6806 6025 -3282 6800 209
116 -3064 -6806 6023 -3285 6798 212
117 -3065 -6806 6023 -3288 6800 211
118 -3069 -6808 6022 -3286 6804 211
119 -3074 -6808 6026 -3289 6812 211
120 -3074 -6806 6026 -3289 6807 213
121 -3069 -6808 6025 -3288 6802 214
122 -3066 -6803 6027 -3280 6796 214
123 -3062 -6804 6029 -3283 6795 212
124 -3062 -6802 6030 -3282 6797 215
125 -3068 -6805 6031 -3281 6803 212
126 -3068 -6805 6026 -3282 6808 212
127 -3069 -6807 6026 -3283 6806 211
128 -3068 -6804 6028 -3280 6802 211
129 -3064 -6804 6028 -3281 6797 214
130 -3059 -6803 6030 -3279 6798 213
131 -3062 -6801 6030 -3282 6800 213
132 -3067 -6804 6027 -3285 6806 213
133 -3071 -6807 6031 -3282 6806 216
134 -3068 -6808 6027 -3284 6804 215
135 -3067 -6802 6027 -3281 6799 215
136 -3065 -6802 6027 -3280 6791 215
137 -3059 -6804 6027 -3280 6792 211
138 -3062 -6801 6025 -3280 6794 214
139 -3063 -6805 6027 -3281 6798 213
140 -3064 -6803 6029 -3284 6806 216
141 -3068 -6802 6031 -3279 6809 213
142 -3067 -6804 6029 -3280 6802 212
143 -3061 -6803 6030 -3276 6797 218
144 -3059 -6803 6030 -3276 6791 214
145 -3059 -6800 6031 -3279 6790 215
146 -3062 -6802 6026 -3280 6794 214
147 -3062 -6801 6029 -3282 6799 212
148 -3067 -6803 6032 -3280 6801 215
149 -3064 -6802 6028 -3280 6800 214
150 -3064 -6800 6031 -3280 6796 214
151 -3062 -6802 6031 -3280 6793 214
152 -3059 -6803 6027 -3276 6794 216
153 -3059 -6799 6029 -3281 6795 216
154 -3063 -6802 6026 -3279 6798 212
155 -3065 -6802 6029 -3281 6801 215
156 -3065 -6800 6031 -3282 6799 215
157 -3062 -6802 6032 -3275 6793 215
158 -3058 -6802 6028 -3274 6786 215
159 -3057 -6804 6031 -3276 6786 210
160 -3058 -6800 6032 -3275 6791 216
161 -3060 -6799 6029 -3280 6793 214
162 -3063 -6803 6032 -3276 6800 215
163 -3068 -6802 6031 -3279 6800 212
164 -3063 -6801 6029 -3276 6793 211
165 -3057 -6801 6030 -3272 6786 216
166 -3056 -6797 6031 -3269 6783 216
167 -3051 -6798 6031 -3272 6786 217
168 -3058 -6798 6030 -3276 6789 215
169 -3059 -6800 6030 -3275 6794 216
170 -3065 -6799 6031 -3278 6795 217
171 -3064 -6798 6032 -3275 6791 213
172 -3058 -6800 6031 -3272 6791 216
173 -3055 -6795 6033 -3275 6783 214
174 -3056 -6798 6030 -3272 6785 215
175 -3055 -6797 6030 -3272 6787 215
176 -3060 -6801 6031 -3278 6795 217
177 -3063 -6798 6030 -3270 6795 215
178 -3061 -6799 6033 -3273 6791 216
179 -3055 -6797 6032 -3272 6786 216
180 -3055 -6798 6032 -3272 6785 218
181 -3049 -6795 6033 -3274 6786 216
182 -3053 -6796 6035 -3269 6788 215
183 -3056 -6798 6033 -3273 6792 218
184 -3058 -6799 6033 -3275 6796 216
185 -3059 -6801 6037 -3276 6794 218
186 -3059 -6796 6035 -3272 6790 217
187 -3056 -6799 6033 -3269 6782 217
188 -3050 -6796 6037 -3267 6780 216
189 -3051 -6794 6033 -3271 6783 217
190 -3057 -6798 6037 -3272 6790 220
191 -3059 -6796 6034 -3273 6795 213
192 -3058 -6799 6033 -3272 6795 217
193 -3055 -6798 6037 -3273 6789 218
194 -3057 -6797 6033 -3272 6784 216
195 -3051 -6799 6036 -3272 6779 217
196 -3054 -6795 6033 -3270 6778 214
197 -3054 -6797 6034 -3274 6785 215
198 -3057 -6796 6033 -3270 6790 220
199 -3060 -6799 6032 -3272 6790 216
200 -3056 -6793 6034 -3276 6786 217
201 -3054 -6795 6036 -3271 6784 218
202 -3050 -6796 6038 -3270 6778 216
203 -3052 -6799 6034 -3269 6781 219
204 -3051 -6794 6035 -3269 6788 219
205 -3056 -6796 6035 -3270 6789 220
206 -3059 -6791 6039 -3273 6790 218
207 -3056 -6795 6038 -3269 6787 217
208 -3057 -6796 6039 -3266 6781 221
209 -3054 -6792 6035 -3264 6779 220
210 -3052 -6795 6037 -3268 6780 217
211 -3052 -6795 6034 -3273 6782 215
212 -3057 -6792 6037 -3272 6788 216
213 -3060 -6795 6038 -3274 6789 221
214 -3057 -6794 6039 -3269 6788 220
215 -3055 -6793 6037 -3272 6784 218
216 -3051 -6796 6037 -3266 6777 216
217 -3052 -6796 6036 -3269 6775 222
218 -3051 -6793 6036 -3270 6780 220
219 -3056 -6795 6035 -3271 6784 218
220 -3057 -6798 6039 -3269 6785 218
221 -3057 -6794 6038 -3272 6790 221
222 -3057 -6791 6038 -3270 6782 221
223 -3056 -6790 6038 -3267 6778 221
224 -3051 -6789 6038 -3265 6776 219
225 -3056 -6793 6039 -3268 6779 220
226 -3055 -6791 6039 -3269 6786 221
227 -3060 -6794 6042 -3269 6792 217
228 -3061 -6792 6039 -3270 6795 218
229 -3060 -6794 6039 -3270 6786 220
230 -3057 -6794 6042 -3267 6787 219
231 -3052 -6790 6041 -3265 6780 219
232 -3053 -6791 6040 -3268 6779 223
233 -3052 -6791 6044 -3266 6784 222
234 -3056 -6789 6039 -3269 6787 224
235 -3059 -6790 6038 -3269 6789 219
236 -3060 -6789 6040 -3268 6786 219
237 -3056 -6789 6040 -3268 6779 222
238 -3054 -6787 6041 -3266 6780 222
239 -3053 -6787 6041 -3267 6782 221
240 -3055 -6793 6041 -3267 6784 223
241 -3058 -6792 6041 -3267 6787 219
242 -3059 -6790 6043 -3268 6790 222
243 -3061 -6792 6042 -3269 6788 221
244 -3057 -6791 6040 -3264 6783 221
245 -3055 -6788 6043 -3267 6776 224
246 -3052 -6792 6043 -3266 6777 219
247 -3058 -6789 6041 -3265 6781 220
248 -3058 -6786 6043 -3271 6788 221
249 -3061 -6785 6041 -3275 6798 223
250 -3062 -6791 6042 -3275 6794 221
251 -3062 -6789 6046 -3272 6793 223
252 -3057 -6789 6046 -3266 6786 221
253 -3059 -6786 6043 -3268 6779 223
254 -3058 -6784 6045 -3267 6783 222
255 -3056 -6786 6043 -3269 6790 224
256 -3057 -6789 6044 -3269 6792 222
257 -3061 -6787 6043 -3269 6791 228
258 -3057 -6788 6044 -3270 6789 222
259 -3057 -6786 6042 -3267 6786 224
260 -3058 -6787 6043 -3269 6784 223
261 -3057 -6786 6044 -3267 6786 223
262 -3060 -6788 6044 -3269 6789 224
263 -3063 -6789 6046 -3270 6793 224
264 -3063 -6782 6044 -3266 6791 222
265 -3061 -6784 6047 -3268 6789 224
266 -3059 -6785 6044 -3267 6781 224
267 -3054 -6783 6044 -3265 6780 225
268 -3055 -6784 6047 -3270 6782 226
269 -3058 -6783 6044 -3272 6789 226
270 -3060 -6783 6047 -3270 6795 225
271 -3066 -6785 6042 -3275 6799 224
272 -3067 -6785 6048 -3273 6803 223
273 -3063 -6784 6049 -3277 6796 227
274 -3060 -6785 6049 -3275 6790 227
275 -3059 -6781 6048 -3271 6784 228
276 -3057 -6781 6046 -3270 6789 225
277 -3059 -6784 6046 -3271 6790 224
278 -3060 -6785 6047 -3274 6792 226
279 -3065 -6783 6046 -3273 6795 228
280 -3065 -6784 6048 -3273 6793 223
281 -3062 -6783 6047 -3271 6790 224
282 -3060 -6786 6049 -3271 6790 229
283 -3061 -6787 6045 -3272 6790 227
284 -3065 -6784 6046 -3273 6795 224
285 -3067 -6785 6047 -3273 6797 226
286 -3071 -6784 6048 -3274 6797 227
287 -3066 -6784 6047 -3274 6792 227
288 -3061 -6783 6049 -3275 6787 226
289 -3062 -6782 6049 -3271 6785 229
290 -3060 -6780 6047 -3275 6791 224
291 -3066 -6784 6048 -3276 6798 229
292 -3068 -6785 6049 -3281 6800 227
293 -3071 -6785 6049 -3278 6804 228
294 -3068 -6784 6051 -3279 6804 227
295 -3067 -6783 6047 -3279 6797 228
296 -3064 -6781 6049 -3276 6792 225
297 -3062 -6784 6048 -3278 6794 227
298 -3064 -6781 6049 -3276 6796 229
299 -3070 -6783 6046 -3277 6799 226
300 -3072 -6785 6048 -3278 6803 227
301 -3070 -6783 6044 -3280 6804 228
302 -3070 -6779 6050 -3275 6799 230
303 -3067 -6781 6046 -3278 6798 226
304 -3064 -6782 6051 -3274 6798 226
305 -3069 -6783 6051 -3277 6800 228
306 -3069 -6779 6049 -3279 6802 226
307 -3071 -6782 6047 -3280 6803 225
308 -3071 -6781 6052 -3277 6801 228
309 -3067 -6779 6049 -3274 6798 229
310 -3067 -6779 6050 -3274 6794 227
311 -3065 -6778 6049 -3275 6793 224
312 -3066 -6778 6049 -3275 6798 227
313 -3071 -6780 6051 -3280 6807 231
314 -3072 -6783 6050 -3284 6813 228
315 -3075 -6781 6053 -3283 6809 228
316 -3075 -6779 6055 -3283 6812 227
317 -3072 -6781 6050 -3280 6803 230
318 -3069 -6778 6053 -3281 6798 226
319 -3069 -6777 6050 -3281 6800 232
320 -3070 -6778 6053 -3278 6808 228
321 -3071 -6779 6052 -3284 6809 226
322 -3077 -6779 6049 -3283 6813 227
323 -3078 -6780 6054 -3279 6810 230
324 -3075 -6778 6053 -3282 6809 227
325 -3073 -6780 6055 -3279 6805 227
326 -3073 -6781 6055 -3278 6803 227
327 -3077 -6779 6053 -3280 6807 224
328 -3074 -6780 6052 -3279 6811 227
329 -3078 -6778 6049 -3279 6812 228
330 -3074 -6779 6052 -3280 6807 228
331 -3074 -6775 6051 -3279 6804 227
332 -3076 -6776 6050 -3277 6802 228
333 -3071 -6778 6050 -3278 6800 232
334 -3073 -6775 6052 -3281 6804 227
335 -3075 -6781 6051 -3285 6816 229
336 -3078 -6781 6053 -3284 6819 227
337 -3081 -6781 6057 -3289 6818 225
338 -3083 -6778 6053 -3286 6819 228
339 -3076 -6778 6054 -3283 6810 232
340 -3075 -6781 6054 -3281 6805 231
341 -3073 -6778 6054 -3283 6807 231
342 -3077 -6777 6056 -3280 6811 230
343 -3079 -6777 6054 -3282 6816 231
344 -3080 -6777 6054 -3282 6818 230
345 -3080 -6776 6056 -3282 6816 230
346 -3081 -6776 6053 -3280 6817 230
347 -3077 -6774 6057 -3278 6814 231
348 -3077 -6775 6054 -3280 6814 230
349 -3075 -6780 6057 -3283 6816 231
350 -3083 -6778 6055 -3283 6816 229
351 -3084 -6777 6058 -3283 6816 230
352 -3079 -6774 6056 -3284 6816 231
353 -3078 -6776 6053 -3280 6807 231
354 -3074 -6775 6055 -3282 6805 232
355 -3074 -6776 6053 -3287 6806 232
356 -3074 -6776 6054 -3284 6812 231
357 -3080 -6776 6053 -3286 6823 232
358 -3081 -6778 6057 -3289 6830 229
359 -3082 -6779 6055 -3291 6828 231
360 -3084 -6780 6055 -3287 6821 232
361 -3083 -6778 6056 -3286 6815 231
362 -3076 -6776 6053 -3284 6812 230
363 -3077 -6775 6054 -3280 6814 232
364 -3077 -6774 6054 -3283 6816 232
365 -3082 -6773 6055 -3287 6819 233
366 -3082 -6777 6055 -3288 6826 231
367 -3084 -6780 6055 -3290 6822 231
368 -3086 -6773 6053 -3288 6822 232
369 -3082 -6778 6055 -3288 6821 234
370 -3080 -6774 6058 -3289 6817 231
371 -3086 -6780 6057 -3287 6818 229
372 -3079 -6776 6057 -3287 6822 230
373 -3082 -6779 6054 -3290 6816 230
374 -3081 -6778 6058 -3287 6813 231
375 -3079 -6779 6057 -3283 6811 231
376 -3077 -6776 6053 -3287 6807 232
377 -3077 -6774 6059 -3282 6810 235
378 -3076 -6777 6053 -3289 6816 232
379 -3084 -6775 6055 -3292 6825 230
380 -3088 -6778 6053 -3292 6829 228
381 -3089 -6781 6057 -3291 6828 231
382 -3089 -6778 6059 -3290 6822 233
383 -3081 -6779 6055 -3283 6817 232
384 -3077 -6776 6052 -3291 6810 227
385 -3078 -6777 6051 -3287 6814 233
386 -3080 -6773 6056 -3290 6818 231
387 -3083 -6779 6055 -3288 6825 227
388 -3085 -6778 6058 -3292 6826 231
389 -3090 -6778 6054 -3289 6831 232
390 -3086 -6778 6057 -3290 6821 231
391 -3085 -6778 6055 -3287 6818 231
392 -3078 -6776 6052 -3289 6818 232
393 -3082 -6776 6055 -3288 6817 230
394 -3083 -6777 6054 -3285 6820 229
395 -3083 -6775 6055 -3287 6818 231
396 -3078 -6777 6053 -3288 6812 228
397 -3080 -6775 6054 -3286 6812 230
398 -3078 -6778 6054 -3286 6809 230
399 -3077 -6777 6056 -3289 6817 230
400 -3079 -6775 6054 -3287 6822 230
401 -3082 -6778 6054 -3290 6826 232
402 -3086 -6777 6053 -3293 6826 230
403 -3089 -6781 6053 -3289 6828 230
404 -3082 -6778 6055 -3290 6817 234
405 -3077 -6780 6055 -3287 6812 231
406 -3080 -6776 6053 -3284 6810 228
407 -3076 -6775 6054 -3285 6816 232
408 -3081 -6779 6053 -3287 6818 228
409 -3084 -6776 6053 -3291 6824 232
410 -3083 -6779 6053 -3292 6826 228
411 -3085 -6776 6051 -3291 6825 231
412 -3081 -6780 6053 -3288 6820 231
413 -3081 -6777 6052 -3285 6818 233
414 -3081 -6777 6053 -3286 6812 229
415 -3079 -6776 6054 -3285 6812 229
416 -3075 -6777 6053 -3285 6813 228
417 -3079 -6777 6054 -3282 6814 230
418 -3081 -6777 6055 -3284 6813 228
419 -3075 -6777 6055 -3283 6810 230
420 -3079 -6777 6053 -3283 6809 228
421 -3077 -6774 6048 -3283 6812 231
422 -3080 -6778 6053 -3286 6816 228
423 -3081 -6776 6056 -3287 6819 226
424 -3081 -6776 6055 -3286 6820 229
425 -3081 -6778 6051 -3284 6817 230
426 -3079 -6778 6052 -3284 6809 228
427 -3079 -6776 6053 -3282 6808 229
428 -3076 -6777 6054 -3283 6807 232
429 -3075 -6778 6054 -3284 6811 231
430 -3077 -6780 6052 -3286 6816 230
431 -3079 -6780 6053 -3286 6818 231
432 -3081 -6778 6053 -3283 6820 229
433 -3085 -6781 6052 -3283 6819 229
434 -3080 -6781 6052 -3284 6810 229
435 -3075 -6778 6053 -3285 6809 229
436 -3076 -6775 6055 -3278 6808 227
437 -3075 -6778 6052 -3283 6808 229
438 -3078 -6774 6051 -3280 6810 228
439 -3075 -6780 6053 -3282 6806 230
440 -3073 -6779 6050 -3280 6808 228
441 -3075 -6779 6051 -3277 6805 229
442 -3071 -6778 6051 -3281 6804 229
443 -3073 -6781 6051 -3281 6804 228
444 -3070 -6779 6050 -3278 6806 228
445 -3076 -6780 6053 -3278 6808 227
446 -3076 -6781 6051 -3282 6811 226
447 -3076 -6781 6052 -3276 6808 227
448 -3074 -6780 6048 -3280 6804 226
449 -3071 -6779 6051 -3280 6801 229
450 -3070 -6780 6051 -3278 6803 227
451 -3070 -6781 6050 -3276 6806 230
452 -3073 -6778 6052 -3279 6807 226
453 -3074 -6780 6052 -3277 6810 228
454 -3075 -6776 6054 -3279 6807 227
455 -3070 -6779 6051 -3279 6804 227
456 -3068 -6778 6053 -3275 6798 226
457 -3069 -6780 6052 -3275 6798 225
458 -3070 -6778 6051 -3274 6798 223
459 -3073 -6778 6049 -3277 6801 229
460 -3071 -6781 6048 -3278 6801 230
461 -3069 -6781 6048 -3276 6800 229
462 -3068 -6779 6053 -3273 6796 227
463 -3064 -6779 6052 -3272 6794 227
464 -3062 -6776 6050 -3271 6793 230
465 -3068 -6780 6048 -3272 6790 229
466 -3063 -6780 6052 -3274 6794 227
467 -3068 -6781 6049 -3276 6796 228
468 -3063 -6779 6049 -3278 6797 227
469 -3068 -6780 6049 -3276 6794 226
470 -3063 -6781 6050 -3272 6794 231
471 -3063 -6781 6051 -3271 6794 223
472 -3064 -6781 6050 -3271 6788 227
473 -3063 -6778 6048 -3272 6793 229
474 -3062 -6779 6048 -3276 6796 228
475 -3064 -6780 6051 -3273 6794 228
476 -3064 -6781 6048 -3273 6793 225
477 -3061 -6783 6049 -3270 6791 224
478 -3060 -6782 6050 -3271 6787 227
479 -3059 -6780 6050 -3271 6786 228
480 -3058 -6782 6050 -3274 6786 225
481 -3060 -6784 6049 -3271 6783 227
482 -3060 -6783 6048 -3269 6786 228
483 -3059 -6782 6048 -3266 6781 226
484 -3057 -6781 6048 -3263 6784 226
485 -3054 -6780 6050 -3267 6781 229
486 -3051 -6781 6048 -3268 6781 231
487 -3054 -6778 6049 -3268 6780 230
488 -3056 -6780 6051 -3266 6780 226
489 -3053 -6783 6048 -3266 6779 225
490 -3055 -6781 6046 -3264 6782 226
491 -3054 -6784 6047 -3268 6782 226
492 -3055 -6783 6047 -3265 6779 228
493 -3054 -6782 6049 -3267 6781 229
494 -3056 -6779 6050 -3264 6779 228
495 -3055 -6781 6048 -3266 6781 225
496 -3053 -6786 6049 -3264 6777 225
497 -3054 -6781 6048 -3263 6777 227
498 -3051 -6782 6051 -3264 6776 227
499 -3053 -6781 6047 -3262 6774 227
500 -3048 -6782 6048 -3260 6772 222
501 -3049 -6784 6048 -3259 6773 227
502 -3049 -6784 6050 -3263 6774 226
503 -3051 -6783 6049 -3261 6777 224
504 -3051 -6783 6048 -3257 6777 226
505 -3048 -6786 6047 -3257 6771 224
506 -3048 -6782 6051 -3257 6767 227
507 -3042 -6782 6049 -3255 6766 226
508 -3041 -6780 6049 -3253 6765 226
509 -3041 -6781 6047 -3255 6762 227
510 -3048 -6781 6046 -3258 6768 224
511 -3048 -6783 6047 -3257 6768 221
512 -3048 -6782 6045 -3257 6767 220
513 -3045 -6787 6049 -3257 6764 223
514 -3045 -6786 6046 -3256 6768 225
515 -3044 -6784 6048 -3258 6765 224
516 -3045 -6785 6047 -3256 6766 224
517 -3043 -6783 6046 -3255 6768 226
518 -3042 -6783 6047 -3255 6765 226
519 -3045 -6786 6049 -3254 6764 223
520 -3042 -6784 6049 -3253 6762 227
521 -3042 -6783 6047 -3252 6763 226
522 -3036 -6782 6051 -3251 6759 225
523 -3040 -6784 6046 -3251 6759 225
524 -3042 -6784 6049 -3252 6763 222
525 -3039 -6783 6049 -3251 6762 220
526 -3041 -6785 6048 -3249 6759 226
527 -3043 -6786 6048 -3250 6756 225
528 -3039 -6783 6046 -3247 6750 225
529 -3034 -6782 6044 -3247 6748 222
530 -3033 -6781 6047 -3245 6751 225
531 -3037 -6783 6043 -3247 6755 224
532 -3038 -6783 6045 -3246 6756 224
533 -3041 -6786 6044 -3246 6757 224
534 -3038 -6787 6050 -3246 6757 224
535 -3036 -6784 6048 -3246 6752 223
536 -3037 -6784 6047 -3247 6749 225
537 -3035 -6784 6048 -3244 6746 222
538 -3032 -6785 6045 -3244 6750 221
539 -3030 -6782 6044 -3245 6750 224
540 -3033 -6784 6050 -3246 6753 224
541 -3034 -6784 6048 -3246 6753 224
542 -3033 -6783 6045 -3245 6752 223
543 -3033 -6784 6046 -3247 6751 226
544 -3031 -6781 6043 -3243 6750 227
545 -3032 -6785 6045 -3243 6749 224
546 -3030 -6785 6046 -3242 6754 224
547 -3032 -6786 6046 -3244 6749 223
548 -3031 -6784 6046 -3238 6744 220
549 -3029 -6783 6046 -3240 6742 225
550 -3024 -6782 6047 -3239 6742 227
551 -3024 -6780 6045 -3241 6737 223
552 -3024 -6783 6047 -3237 6740 223
553 -3023 -6785 6048 -3240 6741 225
554 -3029 -6782 6044 -3242 6748 225
555 -3033 -6785 6045 -3243 6748 226
556 -3027 -6785 6044 -3242 6747 223
557 -3030 -6786 6045 -3241 6741 225
558 -3022 -6785 6045 -3236 6737 224
559 -3026 -6787 6048 -3235 6738 225
560 -3021 -6785 6044 -3235 6734 222
561 -3023 -6786 6043 -3243 6740 224
562 -3021 -6782 6045 -3243 6746 225
563 -3023 -6784 6046 -3239 6743 222
564 -3025 -6786 6045 -3236 6741 225
565 -3025 -6788 6046 -3236 6742 226
566 -3023 -6785 6046 -3237 6738 223
567 -3026 -6784 6045 -3239 6741 225
568 -3023 -6784 6045 -3237 6741 224
569 -3025 -6785 6044 -3236 6738 228
570 -3019 -6783 6044 -3233 6737 221
571 -3018 -6781 6045 -3233 6731 224
572 -3017 -6785 6044 -3232 6728 224
573 -3019 -6785 6041 -3235 6728 223
574 -3017 -6782 6043 -3235 6734 224
575 -3020 -6783 6044 -3238 6738 225
576 -3021 -6783 6046 -3237 6739 223
577 -3024 -6786 6043 -3238 6739 219
578 -3020 -6784 6045 -3236 6734 222
579 -3022 -6782 6048 -3232 6731 223
580 -3018 -6786 6042 -3233 6728 221
581 -3019 -6784 6042 -3234 6727 224
582 -3015 -6784 6043 -3231 6730 225
583 -3019 -6784 6045 -3236 6732 220
584 -3018 -6783 6042 -3238 6733 226
585 -3020 -6786 6043 -3238 6736 221
586 -3022 -6784 6043 -3234 6734 223
587 -3020 -6787 6042 -3236 6732 222
588 -3019 -6790 6049 -3236 6732 221
589 -3021 -6785 6043 -3236 6731 221
590 -3019 -6788 6043 -3236 6732 222
591 -3020 -6786 6043 -3234 6732 222
592 -3017 -6791 6044 -3230 6727 220
593 -3018 -6784 6042 -3231 6723 221
594 -3015 -6783 6046 -3230 6721 221
595 -3012 -6786 6043 -3230 6723 222
596 -3015 -6785 6042 -3230 6728 225
597 -3016 -6788 6040 -3234 6730 222
598 -3017 -6782 6043 -3232 6730 222
599 -3018 -6788 6044 -3234 6731 225
600 -3016 -6787 6041 -3231 6730 221
601 -3014 -6787 6043 -3231 6725 220
602 -3013 -6784 6041 -3227 6722 223
603 -3011 -6785 6043 -3225 6723 223
604 -3014 -6787 6042 -3231 6728 223
605 -3019 -6785 6042 -3232 6731 223
606 -3022 -6789 6040 -3234 6730 224
607 -3017 -6788 6042 -3230 6731 220
608 -3015 -6786 6046 -3231 6728 222
609 -3015 -6785 6042 -3230 6728 221
610 -3013 -6787 6044 -3230 6727 223
611 -3014 -6788 6047 -3233 6729 220
612 -3016 -6786 6044 -3232 6730 222
613 -3019 -6786 6040 -3231 6725 221
614 -3017 -6787 6043 -3228 6727 223
615 -3013 -6785 6043 -3228 6723 219
616 -3012 -6785 6040 -3224 6724 222
617 -3010 -6786 6045 -3229 6723 222
618 -3015 -6788 6042 -3228 6728 220
619 -3013 -6780 6042 -3231 6728 222
620 -3017 -6788 6047 -3231 6731 222
621 -3015 -6786 6046 -3232 6731 224
622 -3011 -6786 6043 -3228 6728 225
623 -3012 -6787 6046 -3224 6723 223
624 -3011 -6786 6043 -3229 6722 222
625 -3013 -6789 6047 -3229 6724 221
626 -3012 -6783 6044 -3230 6730 222
627 -3015 -6785 6043 -3230 6732 221
628 -3014 -6785 6044 -3229 6733 221
629 -3014 -6788 6044 -3229 6730 223
630 -3015 -6787 6042 -3228 6727 221
631 -3013 -6788 6042 -3230 6727 224
632 -3010 -6785 6045 -3227 6727 223
633 -3013 -6787 6047 -3230 6733 221
634 -3018 -6788 6043 -3230 6732 223
635 -3015 -6787 6045 -3229 6735 223
636 -3013 -6785 6043 -3228 6728 221
637 -3012 -6785 6043 -3226 6728 222
638 -3009 -6784 6043 -3227 6723 223
639 -3008 -6786 6044 -3229 6721 220
640 -3009 -6786 6043 -3228 6724 224
641 -3011 -6786 6042 -3232 6729 221
642 -3016 -6786 6043 -3228 6732 222
643 -3016 -6789 6043 -3232 6731 222
644 -3016 -6788 6044 -3233 6731 221
645 -3014 -6789 6044 -3229 6730 223
646 -3008 -6787 6041 -3228 6727 224
647 -3011 -6789 6041 -3230 6726 221
648 -3012 -6786 6043 -3231 6734 223
649 -3014 -6787 6041 -3234 6734 220
650 -3017 -6790 6041 -3234 6733 220
651 -3012 -6788 6043 -3234 6733 220
652 -3013 -6787 6042 -3233 6729 221
653 -3014 -6786 6040 -3229 6731 220
654 -3014 -6791 6042 -3234 6729 220
655 -3015 -6788 6043 -3235 6734 221
656 -3019 -6788 6042 -3236 6737 222
657 -3017 -6790 6044 -3234 6735 218
658 -3016 -6788 6039 -3230 6733 223
659 -3013 -6788 6042 -3230 6728 221
660 -3011 -6786 6042 -3231 6726 223
661 -3010 -6786 6040 -3232 6728 221
662 -3012 -6792 6041 -3233 6735 223
663 -3016 -6789 6042 -3236 6739 220
664 -3016 -6787 6042 -3234 6739 220
665 -3021 -6789 6042 -3236 6739 221
666 -3014 -6789 6043 -3234 6735 222
667 -3017 -6789 6043 -3234 6729 222
668 -3014 -6790 6039 -3232 6727 222
669 -3012 -6789 6038 -3233 6729 222
670 -3014 -6789 6043 -3234 6732 223
671 -3018 -6789 6042 -3232 6734 223
672 -3021 -6789 6043 -3233 6739 221
673 -3018 -6789 6043 -3239 6739 223
674 -3018 -6789 6043 -3236 6735 219
675 -3015 -6791 6040 -3234 6734 218
676 -3017 -6792 6039 -3238 6737 219
677 -3018 -6792 6041 -3237 6739 224
678 -3021 -6789 6041 -3234 6740 221
679 -3020 -6792 6040 -3235 6735 219
680 -3015 -6791 6040 -3234 6733 216
681 -3015 -6790 6039 -3236 6729 219
682 -3013 -6790 6038 -3232 6730 218
683 -3015 -6791 6037 -3235 6731 220
684 -3018 -6793 6036 -3238 6738 216
685 -3021 -6792 6040 -3240 6743 219
686 -3024 -6795 6037 -3242 6744 219
687 -3020 -6794 6037 -3238 6744 218
688 -3018 -6793 6038 -3236 6735 218
689 -3020 -6794 6037 -3236 6729 220
690 -3015 -6789 6038 -3235 6730 220
691 -3016 -6790 6036 -3241 6732 221
692 -3020 -6792 6036 -3239 6743 220
693 -3018 -6790 6039 -3238 6743 218
694 -3021 -6791 6039 -3241 6744 220
695 -3020 -6792 6035 -3240 6743 219
696 -3022 -6793 6040 -3239 6742 218
697 -3019 -6793 6036 -3239 6741 219
698 -3019 -6796 6038 -3239 6739 220
699 -3020 -6794 6036 -3243 6738 218
700 -3025 -6793 6036 -3240 6741 216
701 -3024 -6794 6039 -3242 6741 219
702 -3020 -6791 6036 -3238 6738 216
703 -3019 -6793 6037 -3238 6737 218
704 -3019 -6791 6035 -3240 6733 214
705 -3018 -6792 6038 -3241 6738 218
706 -3020 -6790 6037 -3241 6742 217
707 -3022 -6794 6036 -3241 6747 217
708 -3023 -6799 6036 -3242 6747 219
709 -3025 -6792 6037 -3240 6744 219
710 -3020 -6794 6037 -3243 6742 222
711 -3018 -6795 6036 -3237 6736 218
712 -3017 -6794 6037 -3235 6736 217
713 -3015 -6794 6036 -3241 6740 216
714 -3020 -6794 6033 -3243 6745 217
715 -3023 -6794 6035 -3244 6747 221
716 -3022 -6800 6035 -3245 6746 218
717 -3025 -6797 6033 -3242 6742 216
718 -3022 -6798 6038 -3241 6740 221
719 -3019 -6793 6038 -3241 6742 221
720 -3018 -6796 6035 -3241 6745 216
721 -3023 -6797 6033 -3245 6744 217
722 -3023 -6797 6035 -3242 6745 215
723 -3020 -6794 6036 -3244 6745 214
724 -3022 -6796 6037 -3239 6742 216
725 -3019 -6797 6035 -3242 6737 216
726 -3020 -6798 6034 -3238 6740 215
727 -3019 -6799 6033 -3243 6742 215
728 -3023 -6794 6037 -3244 6747 218
729 -3024 -6799 6032 -3244 6747 218
730 -3024 -6798 6030 -3242 6749 215
731 -3022 -6799 6034 -3243 6746 215
732 -3021 -6800 6033 -3240 6742 215
733 -3019 -6799 6031 -3241 6736 217
734 -3018 -6799 6033 -3239 6738 214
735 -3020 -6799 6031 -3245 6743 216
736 -3022 -6802 6034 -3245 6748 216
737 -3024 -6796 6032 -3244 6747 216
738 -3021 -6800 6032 -3242 6748 215
739 -3021 -6801 6029 -3245 6745 214
740 -3020 -6800 6032 -3241 6743 217
741 -3022 -6798 6036 -3243 6743 215
742 -3021 -6798 6032 -3244 6747 212
743 -3018 -6801 6035 -3244 6749 212
744 -3022 -6801 6030 -3241 6745 214
745 -3023 -6802 6032 -3242 6745 214
746 -3020 -6798 6032 -3245 6740 213
747 -3019 -6801 6031 -3240 6739 217
748 -3018 -6796 6031 -3238 6741 215
749 -3021 -6799 6032 -3242 6745 215
750 -3022 -6798 6031 -3242 6746 212
751 -3024 -6799 6028 -3245 6750 216
752 -3024 -6803 6033 -3247 6750 214
753 -3022 -6802 6027 -3244 6747 210
754 -3019 -6802 6033 -3243 6742 214
755 -3018 -6798 6030 -3241 6739 213
756 -3018 -6801 6024 -3240 6738 212
757 -3020 -6800 6025 -3242 6736 212
758 -3020 -6799 6026 -3244 6743 213
759 -3021 -6800 6028 -3245 6746 215
760 -3023 -6803 6029 -3244 6746 212
761 -3021 -6803 6030 -3241 6742 214
762 -3019 -6803 6027 -3242 6745 212
763 -3017 -6802 6030 -3242 6745 213
764 -3022 -6803 6029 -3245 6744 214
765 -3021 -6804 6024 -3243 6743 212
766 -3018 -6803 6025 -3242 6741 210
767 -3022 -6801 6030 -3242 6742 210
768 -3017 -6801 6025 -3240 6735 211
769 -3019 -6805 6023 -3240 6737 211
770 -3018 -6805 6024 -3238 6735 214
771 -3018 -6802 6029 -3246 6744 213
772 -3020 -6805 6028 -3248 6749 211
773 -3019 -6807 6026 -3246 6753 210
774 -3023 -6806 6027 -3248 6747 212
775 -3021 -6805 6024 -3244 6743 208
776 -3016 -6805 6025 -3241 6735 213
777 -3014 -6804 6021 -3238 6728 210
778 -3012 -6809 6023 -3240 6729 211
779 -3013 -6801 6022 -3242 6736 208
780 -3016 -6810 6022 -3240 6741 210
781 -3016 -6810 6023 -3243 6743 208
782 -3020 -6808 6024 -3241 6744 211
783 -3020 -6805 6022 -3246 6741 210
784 -3017 -6807 6026 -3243 6735 212
785 -3014 -6804 6024 -3242 6737 210
786 -3017 -6807 6024 -3240 6738 211
787 -3018 -6808 6022 -3242 6736 208
788 -3017 -6803 6023 -3239 6736 208
789 -3016 -6809 6022 -3243 6734 206
790 -3012 -6805 6022 -3239 6731 210
791 -3013 -6806 6022 -3240 6732 209
792 -3011 -6809 6023 -3240 6735 208
793 -3014 -6807 6023 -3244 6738 207
794 -3018 -6808 6020 -3243 6741 209
795 -3020 -6810 6021 -3243 6742 208
796 -3014 -6812 6023 -3242 6739 213
797 -3014 -6807 6023 -3239 6736 213
798 -3011 -6806 6025 -3239 6728 212
799 -3008 -6806 6025 -3236 6728 212
800 -3008 -6808 6020 -3236 6729 209
801 -3011 -6804 6020 -3237 6732 210
802 -3013 -6806 6020 -3238 6733 210
803 -3009 -6807 6021 -3239 6738 207
804 -3012 -6809 6021 -3239 6737 208
805 -3010 -6812 6020 -3238 6734 208
806 -3008 -6808 6019 -3237 6730 210
807 -3009 -6810 6023 -3236 6731 209
808 -3009 -6810 6024 -3235 6729 208
809 -3011 -6809 6019 -3238 6732 209
810 -3009 -6810 6018 -3238 6730 208
811 -3008 -6811 6018 -3235 6729 209
812 -3005 -6808 6021 -3232 6730 206
813 -3002 -6810 6020 -3231 6725 209
814 -3006 -6810 6019 -3237 6727 209
815 -3010 -6806 6019 -3237 6730 209
816 -3009 -6813 6022 -3235 6731 205
817 -3009 -6812 6019 -3243 6733 206
818 -3010 -6816 6017 -3238 6730 206
819 -3006 -6811 6019 -3236 6726 207
820 -3004 -6811 6020 -3233 6725 207
821 -3000 -6810 6017 -3232 6721 208
822 -3004 -6808 6019 -3231 6722 205
823 -3005 -6806 6017 -3236 6723 206
824 -3006 -6811 6018 -3237 6726 203
825 -3007 -6810 6018 -3237 6725 206
826 -3007 -6813 6014 -3233 6724 207
827 -3002 -6811 6018 -3232 6722 205
828 -3003 -6815 6020 -3229 6722 208
829 -3000 -6809 6019 -3231 6724 208
830 -3000 -6813 6017 -3233 6721 210
831 -3003 -6811 6019 -3230 6722 205
832 -3000 -6811 6016 -3226 6718 207
833 -2998 -6813 6017 -3225 6719 205
834 -3001 -6811 6020 -3228 6718 204
835 -2999 -6813 6020 -3232 6717 204
836 -2997 -6813 6015 -3231 6718 206
837 -2998 -6814 6015 -3232 6722 205
838 -3001 -6813 6016 -3232 6725 203
839 -3003 -6816 6015 -3232 6723 205
840 -3001 -6815 6017 -3228 6719 205
841 -2999 -6815 6019 -3225 6715 207
842 -2994 -6813 6020 -3227 6712 205
843 -2996 -6811 6015 -3226 6711 207
844 -2994 -6812 6016 -3227 6714 205
845 -2997 -6814 6014 -3230 6714 207
846 -2996 -6815 6015 -3230 6714 204
847 -2999 -6816 6018 -3227 6712 202
848 -2997 -6814 6015 -3227 6717 206
849 -2995 -6817 6019 -3225 6712 205
850 -2994 -6815 6016 -3225 6709 204
851 -2993 -6814 6012 -3224 6714 205
852 -2995 -6816 6016 -3222 6709 204
853 -2997 -6812 6015 -3224 6709 203
854 -2998 -6814 6012 -3224 6710 205
855 -2992 -6816 6014 -3224 6706 202
856 -2991 -6815 6014 -3228 6709 206
857 -2990 -6816 6016 -3225 6710 205
858 -2993 -6818 6014 -3226 6710 202
859 -2995 -6818 6015 -3228 6715 203
860 -3002 -6816 6015 -3226 6715 203
861 -2995 -6817 6014 -3227 6715 206
862 -2989 -6817 6015 -3224 6707 202
863 -2986 -6814 6014 -3221 6704 204
864 -2990 -6818 6011 -3218 6698 201
865 -2987 -6817 6010 -3219 6702 204
866 -2987 -6814 6013 -3219 6703 205
867 -2990 -6817 6014 -3222 6711 203
868 -2992 -6815 6012 -3225 6713 205
869 -2991 -6818 6011 -3225 6709 203
870 -2992 -6816 6014 -3223 6703 204
871 -2989 -6819 6018 -3219 6698 205
872 -2987 -6817 6014 -3215 6698 201
873 -2987 -6817 6015 -3220 6697 204
874 -2989 -6818 6013 -3222 6701 201
875 -2988 -6817 6014 -3220 6700 201
876 -2984 -6816 6010 -3219 6699 202
877 -2987 -6818 6011 -3220 6698 200
878 -2985 -6819 6013 -3217 6696 203
879 -2985 -6818 6009 -3218 6702 201
880 -2986 -6818 6011 -3222 6702 203
881 -2989 -6818 6011 -3220 6705 203
882 -2991 -6821 6012 -3222 6703 201
883 -2989 -6823 6012 -3222 6704 196
884 -2988 -6822 6010 -3219 6700 200
885 -2985 -6821 6009 -3220 6693 200
886 -2980 -6822 6011 -3215 6689 201
887 -2981 -6817 6012 -3215 6690 201
888 -2981 -6818 6011 -3218 6696 199
889 -2981 -6820 6011 -3217 6696 203
890 -2983 -6816 6012 -3222 6702 200
891 -2988 -6819 6011 -3219 6701 202
892 -2984 -6820 6015 -3213 6698 202
893 -2984 -6817 6008 -3215 6690 201
894 -2983 -6819 6010 -3218 6691 199
895 -2981 -6821 6010 -3216 6690 202
896 -2981 -6819 6009 -3215 6690 196
897 -2982 -6817 6010 -3216 6692 202
898 -2981 -6817 6012 -3214 6693 201
899 -2982 -6823 6013 -3217 6691 200
900 -2981 -6822 6008 -3212 6692 200
901 -2979 -6815 6010 -3214 6690 199
902 -2981 -6820 6010 -3217 6692 202
903 -2985 -6822 6009 -3219 6697 200
904 -2985 -6821 6010 -3216 6697 200
905 -2985 -6818 6011 -3220 6696 200
906 -2980 -6821 6006 -3216 6692 197
907 -2979 -6821 6006 -3212 6689 202
908 -2978 -6815 6009 -3215 6684 201
909 -2975 -6819 6012 -3212 6686 199
910 -2978 -6819 6007 -3212 6688 197
911 -2980 -6822 6006 -3214 6690 199
912 -2983 -6822 6009 -3215 6693 202
913 -2983 -6820 6010 -3218 6694 198
914 -2977 -6823 6008 -3217 6690 197
915 -2978 -6816 6007 -3214 6686 197
916 -2976 -6824 6008 -3214 6683 198
917 -2979 -6822 6006 -3211 6687 202
918 -2978 -6820 6007 -3213 6687 200
919 -2980 -6819 6008 -3211 6688 199
920 -2978 -6820 6007 -3212 6685 200
921 -2975 -6822 6007 -3214 6682 200
922 -2974 -6821 6008 -3212 6682 200
923 -2977 -6820 6009 -3214 6687 198
924 -2977 -6821 6010 -3214 6689 196
925 -2979 -6823 6008 -3216 6694 197
926 -2980 -6825 6006 -3219 6694 198
927 -2979 -6824 6006 -3216 6695 200
928 -2982 -6825 6005 -3217 6694 198
929 -2978 -6820 6007 -3215 6684 198
930 -2977 -6823 6006 -3211 6680 198
931 -2975 -6820 6005 -3209 6681 197
932 -2977 -6822 6004 -3212 6685 194
933 -2974 -6822 6006 -3214 6686 197
934 -2981 -6825 6008 -3213 6687 197
935 -2981 -6821 6005 -3215 6688 196
936 -2979 -6824 6004 -3213 6688 196
937 -2980 -6824 6007 -3214 6689 197
938 -2981 -6822 6008 -3215 6689 198
939 -2979 -6825 6007 -3215 6687 195
940 -2977 -6821 6006 -3214 6685 195
941 -2976 -6824 6005 -3214 6682 201
942 -2975 -6822 6006 -3209 6683 198
943 -2976 -6821 6006 -3210 6679 198
944 -2971 -6820 6004 -3213 6682 199
945 -2978 -6820 6006 -3212 6681 198
946 -2978 -6824 6006 -3213 6689 201
947 -2984 -6824 6004 -3218 6694 199
948 -2982 -6823 6008 -3218 6697 197
949 -2982 -6826 6009 -3214 6697 200
950 -2981 -6825 6006 -3215 6693 198
951 -2979 -6825 6008 -3215 6688 199
952 -2977 -6824 6006 -3214 6685 199
953 -2975 -6822 6006 -3213 6685 196
954 -2977 -6821 6007 -3213 6686 196
955 -2976 -6822 6006 -3214 6688 197
956 -2978 -6823 6008 -3216 6694 197
957 -2985 -6825 6009 -3215 6691 197
958 -2979 -6823 6006 -3215 6694 196
959 -2978 -6824 6004 -3215 6691 196
960 -2981 -6821 6007 -3216 6693 196
961 -2979 -6820 6005 -3215 6687 201
962 -2978 -6821 6005 -3214 6692 197
963 -2979 -6823 6005 -3216 6688 198
964 -2976 -6821 6005 -3216 6687 199
965 -2978 -6821 6006 -3216 6686 199
966 -2982 -6822 6005 -3219 6691 199
967 -2981 -6825 6004 -3219 6693 198
968 -2981 -6823 6003 -3220 6695 196
969 -2981 -6822 6006 -3220 6698 198
970 -2981 -6826 6006 -3222 6700 195
971 -2988 -6826 6005 -3222 6698 198
972 -2982 -6823 6003 -3218 6691 197
973 -2980 -6824 6003 -3220 6688 197
974 -2979 -6826 6006 -3219 6692 198
975 -2982 -6824 6004 -3221 6693 195
976 -2980 -6824 6007 -3216 6694 199
977 -2983 -6821 6004 -3220 6696 199
978 -2985 -6825 6004 -3223 6698 199
979 -2984 -6825 6006 -3222 6699 199
980 -2984 -6825 6003 -3220 6696 197
981 -2985 -6821 6005 -3222 6697 198
982 -2983 -6825 6004 -3220 6697 190
983 -2984 -6825 6006 -3218 6694 196
984 -2985 -6824 6005 -3222 6694 198
985 -2983 -6822 6003 -3221 6696 193
986 -2984 -6824 6002 -3220 6696 195
987 -2983 -6820 6006 -3221 6699 195
988 -2987 -6827 6006 -3225 6697 200
989 -2985 -6827 6005 -3223 6701 196
990 -2990 -6825 6004 -3226 6703 195
991 -2990 -6827 6003 -3227 6706 199
992 -2988 -6828 6009 -3223 6705 198
993 -2992 -6823 6003 -3227 6705 196
994 -2988 -6824 6006 -3223 6700 196
995 -2989 -6825 6006 -3222 6698 202
996 -2988 -6828 6008 -3227 6699 197
997 -2990 -6824 6005 -3227 6703 198
998 -2987 -6823 6005 -3225 6706 197
999 -2993 -6826 6005 -3230 6707 198
