0 -447 41 -331 -166 671 581
1 -445 43 -331 -166 678 581
2 -446 43 -330 -168 674 583
3 -450 41 -331 -164 675 584
4 -447 41 -330 -167 677 585
5 -445 42 -328 -167 676 580
6 -448 39 -329 -163 676 580
7 -449 43 -332 -168 675 584
8 -449 44 -329 -166 677 582
9 -451 44 -333 -166 673 582
10 -448 40 -331 -166 675 580
11 -447 43 -328 -166 675 579
12 -447 44 -329 -166 676 584
13 -449 42 -328 -166 673 585
14 -445 41 -328 -167 674 583
15 -447 43 -330 -166 674 584
16 -446 43 -330 -165 677 584
17 -447 43 -329 -165 676 582
18 -446 44 -327 -165 676 583
19 -448 41 -331 -168 674 579
20 -448 39 -330 -163 672 583
21 -451 43 -331 -168 673 584
22 -448 37 -327 -165 673 579
23 -449 44 -329 -167 671 585
24 -445 42 -330 -166 673 584
25 -448 45 -332 -166 671 582
26 -449 44 -328 -167 675 582
27 -448 45 -331 -167 673 580
28 -451 41 -330 -163 673 580
29 -448 44 -331 -165 673 581
30 -448 43 -333 -164 673 583
31 -447 44 -331 -168 674 582
32 -449 42 -331 -166 675 582
33 -443 45 -331 -166 676 582
34 -448 45 -331 -163 675 584
35 -446 46 -327 -167 673 583
36 -446 44 -330 -167 677 583
37 -445 42 -328 -163 676 585
38 -447 42 -330 -165 679 582
39 -449 39 -332 -164 673 583
40 -446 40 -329 -165 677 585
41 -444 42 -328 -165 676 583
42 -446 43 -330 -166 674 584
43 -448 42 -332 -167 672 578
44 -446 44 -327 -167 676 579
45 -447 43 -330 -168 676 582
46 -448 43 -332 -166 675 585
47 -447 43 -329 -168 677 583
48 -447 40 -330 -165 677 583
49 -449 43 -329 -168 674 583
50 -444 42 -331 -168 674 581
51 -449 40 -328 -166 672 579
52 -445 42 -331 -166 674 578
53 -446 42 -332 -165 675 583
54 -446 43 -329 -166 678 583
55 -449 46 -329 -166 675 583
56 -446 46 -329 -165 677 584
57 -448 42 -330 -167 679 582
58 -448 43 -328 -166 675 579
59 -448 42 -328 -164 674 582
60 -444 46 -327 -161 677 582
61 -447 43 -330 -165 675 585
62 -451 41 -331 -167 674 584
63 -446 42 -332 -161 675 583
64 -446 42 -330 -166 673 582
65 -447 43 -331 -164 674 587
66 -449 46 -330 -167 672 586
67 -447 45 -330 -163 672 581
68 -447 42 -330 -166 673 585
69 -447 43 -329 -163 677 585
70 -449 44 -329 -167 674 583
71 -449 42 -329 -165 671 580
72 -447 43 -328 -166 671 581
73 -447 40 -330 -166 673 583
74 -451 42 -331 -165 674 579
75 -446 44 -332 -166 675 582
76 -447 40 -331 -165 676 583
77 -445 47 -332 -165 675 583
78 -448 44 -328 -165 673 579
79 -446 45 -330 -164 679 583
80 -445 43 -333 -165 676 584
81 -447 44 -331 -165 677 582
82 -448 44 -329 -166 676 584
83 -446 42 -327 -164 676 584
84 -449 40 -331 -163 678 580
85 -445 44 -327 -165 676 586
86 -446 43 -328 -167 672 581
87 -446 40 -329 -166 674 585
88 -448 42 -329 -164 674 581
89 -447 43 -332 -168 673 582
90 -447 43 -329 -163 675 584
91 -445 43 -329 -166 676 588
92 -445 44 -330 -165 672 583
93 -447 39 -333 -167 672 582
94 -448 41 -331 -167 674 583
95 -447 43 -332 -167 675 581
96 -450 42 -333 -165 672 580
97 -449 40 -334 -163 676 580
98 -446 42 -329 -168 674 584
99 -448 44 -330 -165 678 585
100 -449 46 -331 -168 677 583
101 -447 39 -333 -167 674 583
102 -448 42 -330 -167 678 582
103 -446 40 -332 -167 679 583
104 -447 42 -331 -169 675 579
105 -445 42 -327 -165 674 584
106 -448 41 -332 -165 674 583
107 -448 40 -330 -166 670 582
108 -450 41 -329 -168 676 582
109 -449 42 -330 -164 673 582
110 -447 43 -330 -165 675 585
111 -446 41 -328 -165 675 582
112 -449 44 -328 -166 674 582
113 -447 43 -331 -167 674 585
114 -448 46 -329 -165 675 585
115 -448 41 -328 -165 672 582
116 -450 44 -330 -166 675 582
117 -447 41 -328 -168 677 580
118 -447 42 -330 -165 671 579
119 -447 39 -331 -163 672 581
120 -449 44 -332 -163 672 582
121 -450 42 -332 -164 677 582
122 -447 44 -327 -162 675 584
123 -446 46 -328 -167 674 584
124 -446 44 -330 -165 675 584
125 -446 42 -328 -170 676 585
126 -449 44 -328 -163 677 581
127 -447 44 -328 -166 677 584
128 -446 45 -332 -166 676 582
129 -444 41 -329 -166 678 587
130 -447 40 -333 -166 672 584
131 -447 41 -331 -162 676 586
132 -446 43 -327 -162 678 589
133 -444 44 -327 -165 675 585
134 -449 43 -327 -169 676 583
135 -446 43 -330 -169 674 584
136 -446 43 -330 -166 675 583
137 -449 43 -328 -165 671 582
138 -446 42 -331 -163 673 582
139 -449 41 -329 -166 676 580
140 -449 46 -329 -166 673 582
141 -448 42 -334 -168 674 582
142 -446 42 -332 -165 676 582
143 -450 45 -329 -168 674 579
144 -448 45 -331 -164 676 586
145 -448 40 -328 -164 675 581
146 -448 40 -332 -165 673 583
147 -447 40 -329 -166 677 584
148 -446 44 -330 -167 673 584
149 -449 42 -329 -165 675 581
150 -445 44 -330 -165 675 582
151 -448 43 -332 -164 674 582
152 -447 44 -329 -165 674 582
153 -446 42 -328 -165 672 584
154 -448 43 -328 -167 675 578
155 -449 41 -329 -163 676 582
156 -446 44 -331 -166 671 582
157 -448 44 -328 -168 670 581
158 -447 39 -331 -163 674 581
159 -448 44 -329 -164 675 579
160 -449 42 -328 -162 677 582
161 -448 42 -331 -164 673 583
162 -448 43 -329 -166 675 581
163 -447 43 -332 -163 674 580
164 -448 45 -329 -164 676 582
165 -447 41 -331 -164 676 581
166 -449 43 -327 -167 677 582
167 -443 45 -329 -166 675 582
168 -445 43 -329 -166 676 582
169 -448 40 -331 -164 673 579
170 -448 44 -329 -165 675 581
171 -446 41 -331 -167 674 582
172 -446 42 -332 -167 675 584
173 -449 42 -330 -165 675 582
174 -445 44 -331 -168 672 584
175 -447 43 -330 -166 676 583
176 -445 42 -328 -165 678 582
177 -449 39 -331 -167 674 585
178 -447 41 -330 -164 672 584
179 -447 45 -328 -168 674 582
180 -449 44 -333 -167 677 582
181 -449 41 -329 -168 674 585
182 -447 40 -330 -166 675 582
183 -447 41 -331 -166 674 580
184 -446 41 -331 -164 674 582
185 -448 45 -330 -166 679 582
186 -447 41 -329 -165 677 585
187 -449 41 -327 -165 679 584
188 -448 41 -328 -165 677 583
189 -447 46 -329 -166 674 583
190 -447 45 -328 -163 676 586
191 -445 44 -328 -166 676 583
192 -442 44 -331 -167 674 587
193 -446 45 -328 -165 677 583
194 -444 44 -334 -163 674 585
195 -450 45 -330 -164 676 584
196 -449 45 -328 -165 673 585
197 -449 46 -325 -162 676 585
198 -445 44 -328 -165 674 581
199 -448 44 -327 -164 673 582
200 -448 44 -330 -166 677 583
201 -448 44 -330 -164 677 580
202 -447 45 -325 -165 677 582
203 -452 47 -328 -162 676 582
204 -450 39 -330 -163 674 580
205 -448 43 -328 -164 675 583
206 -449 43 -328 -162 673 578
207 -448 44 -330 -164 676 580
208 -449 43 -330 -165 675 582
209 -448 42 -333 -164 678 582
210 -446 43 -331 -165 678 585
211 -447 43 -326 -168 675 583
212 -448 41 -329 -167 674 581
213 -447 44 -329 -167 677 582
214 -445 44 -332 -170 675 585
215 -447 47 -330 -163 677 585
216 -448 41 -329 -166 674 584
217 -445 40 -327 -165 672 582
218 -447 44 -327 -165 674 581
219 -447 45 -328 -167 679 584
220 -448 42 -329 -166 676 583
221 -447 44 -330 -164 675 583
222 -445 42 -329 -167 679 585
223 -445 44 -328 -165 675 586
224 -448 43 -327 -164 673 581
225 -444 44 -328 -165 677 584
226 -446 41 -331 -166 676 583
227 -447 44 -328 -162 678 583
228 -449 43 -332 -165 674 582
229 -446 46 -330 -164 678 581
230 -448 43 -332 -164 674 582
231 -448 45 -329 -167 676 585
232 -446 43 -326 -163 676 586
233 -443 42 -330 -169 675 582
234 -448 44 -327 -166 673 580
235 -449 41 -332 -165 675 583
236 -443 45 -331 -165 674 585
237 -446 40 -325 -169 675 584
238 -445 44 -331 -165 674 583
239 -447 43 -327 -166 674 582
240 -445 41 -331 -163 676 584
241 -445 44 -329 -167 675 586
242 -447 44 -329 -168 675 582
243 -446 43 -330 -167 674 580
244 -451 42 -329 -166 676 581
245 -447 41 -331 -164 676 580
246 -450 44 -328 -164 673 581
247 -449 42 -327 -165 674 578
248 -444 43 -331 -165 677 582
249 -447 43 -330 -164 672 584
250 -448 46 -331 -164 676 579
251 -448 40 -332 -163 678 585
252 -446 44 -331 -164 676 582
253 -449 47 -326 -161 675 585
254 -448 44 -330 -162 672 585
255 -444 40 -330 -160 674 582
256 -448 42 -331 -166 673 582
257 -450 43 -330 -164 676 582
258 -447 41 -333 -168 676 584
259 -446 46 -326 -165 680 588
260 -446 48 -326 -166 680 583
261 -442 46 -327 -165 675 584
262 -445 43 -329 -163 678 583
263 -445 44 -329 -165 677 587
264 -447 45 -328 -161 679 587
265 -445 42 -325 -163 675 584
266 -445 42 -329 -163 674 584
267 -443 43 -328 -166 677 587
268 -447 46 -327 -163 678 584
269 -446 43 -330 -164 677 583
270 -448 42 -328 -164 679 583
271 -447 43 -329 -162 674 585
272 -446 45 -330 -164 677 583
273 -446 44 -325 -164 677 584
274 -443 47 -326 -162 677 583
275 -444 46 -326 -162 679 584
276 -446 43 -327 -164 678 585
277 -444 46 -329 -165 679 587
278 -446 47 -327 -163 676 585
279 -448 42 -328 -167 677 582
280 -445 46 -328 -167 675 582
281 -450 42 -331 -162 676 582
282 -448 47 -327 -164 675 583
283 -446 48 -327 -164 672 582
284 -449 44 -333 -163 675 583
285 -449 41 -326 -166 676 585
286 -446 44 -328 -164 677 582
287 -448 42 -330 -164 674 581
288 -449 41 -329 -163 675 584
289 -449 42 -330 -166 676 582
290 -447 43 -329 -167 671 580
291 -449 39 -330 -165 673 582
292 -448 40 -333 -164 673 582
293 -450 45 -331 -166 673 582
294 -450 44 -333 -163 678 581
295 -446 45 -330 -165 674 581
296 -449 44 -330 -167 679 581
297 -446 42 -332 -163 673 585
298 -447 43 -331 -164 674 584
299 -447 43 -329 -164 675 582
300 -448 40 -333 -165 676 582
301 -447 44 -329 -168 673 582
302 -446 43 -333 -164 674 582
303 -447 42 -332 -165 675 581
304 -447 44 -333 -169 675 581
305 -451 44 -332 -167 675 586
306 -448 44 -328 -168 673 584
307 -448 42 -333 -167 675 584
308 -449 43 -330 -165 675 582
309 -447 40 -331 -167 673 584
310 -447 39 -333 -167 677 581
311 -447 42 -329 -167 672 580
312 -448 41 -332 -166 673 582
313 -446 43 -330 -167 677 580
314 -448 41 -332 -164 678 582
315 -450 43 -332 -160 675 582
316 -448 43 -329 -166 674 581
317 -446 44 -330 -165 678 581
318 -448 45 -332 -164 674 582
319 -446 39 -331 -167 675 584
320 -447 45 -330 -165 675 585
321 -449 44 -325 -163 676 584
322 -449 43 -331 -166 674 583
323 -447 40 -330 -166 678 582
324 -447 46 -331 -164 673 584
325 -446 45 -331 -162 674 586
326 -445 42 -330 -166 676 581
327 -450 42 -331 -166 674 583
328 -448 42 -331 -164 675 583
329 -445 45 -327 -163 678 583
330 -446 43 -331 -165 675 586
331 -449 46 -330 -161 675 585
332 -446 45 -326 -163 673 582
333 -447 43 -332 -165 674 582
334 -446 44 -330 -163 677 585
335 -446 47 -330 -161 676 582
336 -446 46 -329 -161 677 583
337 -447 43 -327 -161 676 581
338 -446 44 -332 -165 674 581
339 -446 48 -329 -164 676 582
340 -447 44 -329 -167 675 586
341 -445 44 -328 -164 675 584
342 -449 44 -328 -167 678 583
343 -446 44 -328 -165 676 582
344 -442 45 -331 -163 676 581
345 -447 45 -328 -167 675 584
346 -445 43 -328 -165 672 582
347 -445 44 -328 -163 675 586
348 -445 44 -328 -166 677 584
349 -448 41 -329 -165 677 586
350 -449 43 -328 -167 672 581
351 -447 45 -330 -166 678 587
352 -449 44 -330 -163 677 583
353 -444 43 -327 -170 677 585
354 -447 40 -330 -165 679 587
355 -445 43 -329 -167 676 585
356 -446 39 -329 -165 676 583
357 -447 45 -333 -162 675 583
358 -443 44 -327 -165 674 584
359 -445 45 -330 -164 673 585
360 -445 46 -327 -161 678 582
361 -448 44 -327 -164 677 583
362 -444 44 -327 -161 679 586
363 -443 46 -327 -165 676 584
364 -445 46 -327 -164 674 586
365 -444 45 -330 -163 675 586
366 -445 43 -329 -165 677 584
367 -444 45 -328 -165 677 586
368 -447 44 -328 -163 675 586
369 -444 43 -331 -164 675 582
370 -444 44 -332 -167 675 583
371 -445 45 -328 -164 675 585
372 -446 45 -330 -165 675 583
373 -448 46 -327 -163 675 584
374 -443 47 -328 -164 674 581
375 -445 45 -331 -163 678 586
376 -447 42 -330 -166 673 584
377 -445 43 -328 -160 677 582
378 -445 46 -328 -165 675 583
379 -448 43 -328 -161 674 584
380 -448 43 -331 -163 676 582
381 -445 45 -327 -161 681 581
382 -448 45 -329 -162 675 584
383 -447 46 -330 -164 678 584
384 -445 46 -327 -164 676 582
385 -447 44 -329 -163 677 582
386 -447 44 -329 -163 676 583
387 -447 45 -330 -163 675 582
388 -449 44 -331 -160 675 583
389 -447 44 -327 -166 675 583
390 -447 47 -330 -161 674 587
391 -444 44 -331 -164 673 585
392 -447 43 -331 -164 673 582
393 -448 44 -327 -167 678 585
394 -447 43 -331 -163 674 585
395 -447 41 -330 -166 677 586
396 -445 44 -330 -167 672 584
397 -450 41 -329 -167 676 583
398 -446 41 -332 -165 674 582
399 -447 43 -331 -168 676 585
400 -447 44 -326 -166 672 584
401 -449 45 -330 -167 678 581
402 -444 42 -331 -163 676 585
403 -443 43 -328 -164 675 586
404 -445 47 -325 -160 678 585
405 -444 45 -326 -164 676 585
406 -448 41 -332 -165 678 582
407 -445 42 -328 -166 677 585
408 -443 45 -329 -162 675 584
409 -445 44 -329 -166 674 581
410 -449 45 -330 -165 676 585
411 -447 39 -331 -164 672 579
412 -448 41 -331 -167 677 582
413 -447 45 -323 -169 677 585
414 -447 43 -328 -168 674 584
415 -446 43 -329 -166 676 582
416 -447 41 -325 -163 675 585
417 -447 45 -326 -166 674 582
418 -449 43 -330 -164 676 579
419 -448 46 -327 -165 675 583
420 -449 42 -329 -167 676 582
421 -449 44 -331 -162 675 580
422 -449 41 -329 -164 676 582
423 -449 43 -329 -163 673 581
424 -449 43 -331 -162 670 582
425 -450 44 -329 -166 673 583
426 -447 44 -332 -163 676 582
427 -447 47 -326 -166 674 583
428 -446 41 -327 -167 676 584
429 -449 44 -330 -165 674 581
430 -447 43 -329 -165 675 581
431 -449 43 -330 -165 675 585
432 -445 42 -329 -168 675 580
433 -448 44 -330 -163 674 585
434 -448 44 -328 -165 677 583
435 -446 42 -328 -166 675 582
436 -448 43 -330 -164 678 585
437 -449 44 -328 -169 674 584
438 -447 42 -330 -163 678 583
439 -445 42 -331 -167 676 584
440 -446 45 -328 -166 677 583
441 -448 43 -328 -167 676 584
442 -445 38 -333 -164 675 582
443 -447 43 -331 -170 677 580
444 -448 43 -334 -163 674 581
445 -448 43 -330 -164 676 583
446 -450 41 -331 -164 674 581
447 -447 40 -331 -163 676 581
448 -445 44 -330 -166 674 585
449 -449 44 -328 -168 676 585
450 -448 43 -331 -163 678 583
451 -446 43 -329 -165 674 583
452 -447 43 -331 -167 677 584
453 -447 46 -327 -168 674 585
454 -448 45 -330 -169 676 582
455 -449 39 -331 -163 676 583
456 -449 43 -333 -164 673 583
457 -447 41 -329 -166 673 583
458 -449 43 -329 -165 672 582
459 -448 45 -329 -168 675 584
460 -446 38 -330 -167 674 582
461 -444 41 -332 -167 676 583
462 -450 42 -331 -166 674 582
463 -449 42 -331 -166 677 583
464 -450 46 -330 -168 676 581
465 -449 44 -331 -162 672 580
466 -449 44 -331 -167 673 583
467 -450 42 -331 -164 674 581
468 -450 43 -331 -163 673 580
469 -449 41 -330 -163 676 582
470 -447 45 -333 -163 674 584
471 -448 45 -328 -162 674 582
472 -446 44 -330 -163 677 583
473 -449 43 -329 -165 675 582
474 -448 45 -329 -167 675 581
475 -447 45 -328 -165 674 582
476 -447 45 -331 -165 671 578
477 -447 43 -328 -167 671 582
478 -448 41 -331 -163 674 582
479 -445 45 -330 -166 676 584
480 -445 45 -327 -165 674 584
481 -447 42 -328 -165 673 586
482 -445 41 -332 -165 675 581
483 -448 39 -331 -167 676 582
484 -449 45 -330 -166 674 584
485 -446 42 -330 -168 674 581
486 -448 41 -330 -168 675 583
487 -448 42 -331 -166 675 579
488 -450 42 -331 -167 674 581
489 -448 41 -333 -163 674 582
490 -452 42 -330 -168 676 584
491 -449 42 -330 -164 677 586
492 -449 42 -327 -166 677 583
493 -447 41 -330 -165 676 582
494 -448 39 -328 -163 677 584
495 -446 43 -328 -167 674 587
496 -445 43 -331 -165 679 579
497 -449 42 -329 -164 676 582
498 -446 43 -331 -162 675 583
499 -448 43 -328 -164 677 585
500 -444 44 -327 -165 678 586
501 -448 45 -327 -168 675 584
502 -447 42 -332 -164 674 583
503 -447 40 -329 -169 673 581
504 -448 43 -331 -165 675 584
505 -448 44 -331 -166 672 582
506 -449 43 -332 -166 671 581
507 -451 39 -331 -166 673 582
508 -450 44 -330 -165 675 582
509 -448 46 -329 -165 678 582
510 -448 44 -331 -164 672 581
511 -449 42 -330 -165 675 579
512 -449 43 -331 -165 675 581
513 -447 45 -329 -163 677 583
514 -447 44 -330 -162 676 583
515 -448 47 -326 -161 672 583
516 -447 42 -333 -164 677 583
517 -445 41 -331 -163 675 582
518 -450 41 -330 -166 676 582
519 -444 46 -327 -166 675 584
520 -446 43 -328 -164 676 583
521 -447 43 -328 -167 671 584
522 -448 40 -331 -166 675 584
523 -446 41 -330 -167 674 583
524 -450 42 -328 -166 672 582
525 -446 40 -328 -166 674 580
526 -447 41 -331 -167 676 581
527 -447 41 -333 -168 675 580
528 -446 41 -332 -164 674 584
529 -446 44 -328 -165 673 582
530 -451 40 -328 -166 676 581
531 -447 40 -331 -165 673 581
532 -447 42 -331 -163 674 585
533 -448 43 -332 -167 676 582
534 -450 40 -329 -168 674 581
535 -447 43 -331 -166 676 582
536 -449 39 -329 -164 675 583
537 -450 44 -330 -165 674 581
538 -449 42 -329 -168 676 582
539 -447 44 -332 -166 675 582
540 -445 41 -331 -165 676 584
541 -448 42 -330 -167 676 586
542 -449 41 -329 -165 677 585
543 -446 40 -329 -167 675 582
544 -447 42 -330 -167 674 583
545 -449 43 -330 -165 674 584
546 -448 43 -329 -167 671 581
547 -448 44 -330 -168 673 581
548 -446 42 -332 -167 674 581
549 -446 44 -329 -165 676 584
550 -448 42 -330 -165 674 584
551 -450 42 -334 -166 673 584
552 -447 42 -330 -165 671 583
553 -448 45 -330 -165 675 583
554 -445 42 -329 -161 675 583
555 -451 47 -333 -163 673 583
556 -447 45 -326 -164 673 583
557 -446 45 -332 -165 673 582
558 -446 46 -330 -162 674 581
559 -447 47 -326 -166 678 583
560 -448 42 -332 -162 673 580
561 -446 44 -329 -164 676 583
562 -449 43 -330 -163 676 583
563 -449 45 -327 -168 672 582
564 -446 45 -328 -165 676 583
565 -447 40 -329 -167 676 583
566 -448 44 -329 -163 673 583
567 -448 41 -333 -162 671 583
568 -449 46 -326 -167 675 584
569 -450 44 -330 -164 675 581
570 -450 41 -331 -166 674 581
571 -451 43 -331 -166 677 583
572 -448 43 -328 -166 674 582
573 -447 40 -329 -165 679 582
574 -449 42 -331 -166 674 584
575 -445 44 -332 -167 674 582
576 -446 43 -331 -166 675 581
577 -449 43 -330 -162 678 586
578 -448 44 -330 -164 677 584
579 -448 43 -330 -164 676 580
580 -447 45 -329 -168 674 585
581 -448 40 -329 -167 675 582
582 -445 42 -329 -167 676 582
583 -451 45 -330 -163 677 582
584 -447 42 -332 -166 672 580
585 -447 43 -331 -164 675 587
586 -447 44 -329 -165 674 583
587 -444 45 -327 -165 672 580
588 -451 40 -330 -165 674 582
589 -448 41 -330 -166 673 581
590 -451 41 -332 -165 677 583
591 -445 44 -330 -171 673 584
592 -445 40 -330 -169 675 583
593 -446 44 -330 -164 672 583
594 -449 42 -330 -166 671 585
595 -446 43 -333 -166 674 583
596 -448 43 -331 -164 675 579
597 -448 47 -329 -169 675 581
598 -448 42 -331 -164 674 582
599 -445 46 -329 -163 678 582
600 -445 45 -330 -163 674 584
601 -448 44 -328 -164 676 583
602 -447 45 -330 -163 675 584
603 -447 45 -330 -165 673 581
604 -447 42 -330 -164 674 584
605 -448 41 -330 -163 675 587
606 -449 44 -328 -167 676 584
607 -445 43 -330 -165 675 585
608 -447 46 -328 -166 678 584
609 -447 43 -327 -165 674 582
610 -447 43 -335 -163 674 581
611 -445 42 -328 -167 672 580
612 -450 40 -329 -169 673 583
613 -449 42 -332 -169 676 582
614 -447 44 -328 -165 675 584
615 -450 45 -327 -163 676 579
616 -443 41 -332 -165 677 582
617 -447 45 -332 -168 675 586
618 -443 44 -329 -168 676 584
619 -447 43 -330 -165 677 581
620 -450 42 -331 -166 678 582
621 -446 44 -328 -165 676 585
622 -443 46 -330 -164 675 582
623 -445 43 -330 -165 675 582
624 -447 44 -330 -164 676 582
625 -445 40 -332 -165 673 582
626 -447 43 -332 -164 678 584
627 -449 42 -331 -167 675 584
628 -446 43 -328 -165 676 585
629 -452 39 -330 -165 675 581
630 -448 40 -333 -164 676 586
631 -447 45 -328 -164 676 583
632 -447 44 -331 -167 676 582
633 -447 40 -328 -162 677 581
634 -443 44 -331 -163 676 583
635 -449 44 -329 -163 671 583
636 -449 42 -328 -166 674 583
637 -450 41 -331 -165 675 583
638 -450 42 -331 -165 674 581
639 -449 44 -333 -165 673 582
640 -449 44 -331 -166 675 582
641 -446 44 -328 -163 678 583
642 -446 45 -331 -165 676 584
643 -447 41 -333 -164 678 581
644 -447 47 -329 -163 677 586
645 -446 43 -328 -161 673 580
646 -447 43 -329 -165 676 583
647 -447 42 -333 -163 675 582
648 -447 42 -331 -165 679 582
649 -449 43 -327 -163 673 584
650 -448 43 -328 -161 679 582
651 -448 44 -328 -163 674 583
652 -450 44 -328 -163 675 581
653 -446 43 -331 -164 675 587
654 -448 43 -331 -167 675 582
655 -446 44 -330 -165 673 582
656 -447 43 -329 -169 677 585
657 -448 40 -330 -170 673 583
658 -450 41 -332 -169 673 580
659 -446 40 -331 -167 673 584
660 -449 43 -330 -165 674 580
661 -448 45 -330 -166 674 582
662 -446 41 -330 -166 670 582
663 -448 46 -330 -165 674 579
664 -451 39 -332 -170 671 579
665 -449 39 -336 -168 672 580
666 -446 41 -330 -165 677 585
667 -447 41 -329 -166 676 583
668 -447 40 -331 -164 674 582
669 -449 41 -332 -163 672 582
670 -446 43 -330 -167 675 585
671 -445 43 -330 -166 673 583
672 -444 44 -330 -165 675 582
673 -449 42 -330 -167 675 583
674 -445 46 -330 -164 674 583
675 -448 41 -326 -166 674 581
676 -444 43 -332 -165 670 582
677 -445 42 -331 -169 676 583
678 -448 46 -328 -166 674 585
679 -450 42 -327 -163 674 582
680 -448 43 -329 -163 674 583
681 -447 43 -331 -165 676 581
682 -451 43 -331 -166 672 582
683 -448 43 -332 -166 674 583
684 -448 42 -329 -164 676 580
685 -449 44 -332 -165 675 578
686 -448 41 -330 -161 675 581
687 -447 47 -332 -164 675 580
688 -445 40 -328 -165 676 586
689 -449 44 -329 -161 676 584
690 -444 44 -330 -163 674 585
691 -445 44 -330 -163 675 581
692 -450 43 -329 -165 675 583
693 -446 42 -326 -166 675 582
694 -447 41 -330 -163 674 584
695 -446 44 -331 -162 674 584
696 -447 42 -330 -165 675 581
697 -446 44 -331 -165 674 583
698 -448 42 -327 -165 674 581
699 -443 41 -331 -166 677 584
700 -446 40 -329 -167 675 587
701 -447 41 -329 -167 677 583
702 -445 40 -331 -165 674 585
703 -449 46 -328 -166 673 583
704 -447 45 -332 -165 679 587
705 -444 43 -330 -165 679 581
706 -445 40 -331 -165 676 585
707 -446 44 -328 -166 677 584
708 -448 44 -329 -162 678 581
709 -443 45 -328 -163 674 581
710 -448 41 -331 -165 674 582
711 -447 42 -329 -164 676 583
712 -446 44 -327 -164 673 581
713 -448 44 -333 -161 673 582
714 -447 42 -330 -166 673 586
715 -447 45 -331 -165 673 583
716 -445 41 -329 -165 669 582
717 -446 43 -331 -164 671 581
718 -446 42 -329 -165 677 583
719 -448 45 -329 -164 675 580
720 -447 43 -325 -164 676 581
721 -446 43 -329 -167 674 581
722 -453 40 -332 -166 675 579
723 -447 44 -327 -164 676 579
724 -447 44 -331 -167 675 581
725 -449 40 -331 -166 676 582
726 -445 43 -333 -165 675 583
727 -445 41 -331 -165 676 581
728 -448 45 -330 -165 675 583
729 -445 44 -331 -165 677 584
730 -445 42 -329 -164 677 582
731 -448 44 -328 -167 673 583
732 -447 45 -330 -165 675 586
733 -450 45 -330 -166 674 584
734 -453 42 -330 -165 673 579
735 -448 40 -329 -164 674 581
736 -449 40 -330 -164 673 586
737 -446 42 -328 -167 675 584
738 -448 43 -331 -169 675 582
739 -448 42 -332 -168 674 582
740 -444 44 -331 -170 669 580
741 -448 42 -329 -167 673 582
742 -448 42 -331 -164 675 584
743 -449 41 -329 -165 674 579
744 -444 42 -329 -168 676 583
745 -448 43 -332 -168 675 580
746 -449 44 -327 -165 675 583
747 -449 42 -328 -164 675 582
748 -447 42 -328 -163 676 582
749 -446 44 -332 -164 680 583
750 -446 43 -327 -165 673 583
751 -449 43 -328 -165 676 582
752 -447 42 -328 -164 676 582
753 -447 42 -330 -165 676 582
754 -446 40 -327 -167 675 587
755 -445 46 -330 -165 678 585
756 -449 45 -328 -167 673 583
757 -449 45 -331 -169 673 582
758 -450 43 -330 -164 676 586
759 -448 42 -328 -166 675 586
760 -450 44 -328 -165 673 580
761 -446 45 -328 -164 674 582
762 -447 39 -328 -165 675 582
763 -446 44 -328 -164 674 584
764 -448 42 -332 -166 673 582
765 -448 41 -329 -166 674 585
766 -446 42 -329 -167 675 583
767 -443 47 -328 -167 680 579
768 -448 40 -332 -163 674 582
769 -447 43 -332 -161 671 584
770 -448 43 -330 -162 674 581
771 -448 47 -328 -166 681 578
772 -446 43 -329 -163 675 585
773 -447 46 -331 -166 677 587
774 -446 44 -328 -162 675 582
775 -450 43 -330 -165 674 583
776 -446 44 -326 -163 673 582
777 -447 42 -327 -166 676 582
778 -448 43 -328 -162 674 579
779 -447 39 -329 -166 676 584
780 -446 48 -327 -166 671 582
781 -446 45 -329 -164 675 584
782 -447 42 -332 -166 676 581
783 -450 41 -329 -165 673 584
784 -447 40 -329 -167 672 580
785 -447 42 -328 -169 675 584
786 -448 37 -331 -167 676 582
787 -448 43 -330 -170 673 583
788 -448 42 -329 -169 674 582
789 -450 41 -332 -167 676 581
790 -449 41 -331 -164 676 582
791 -447 43 -329 -170 676 583
792 -451 40 -334 -166 672 581
793 -444 41 -330 -164 674 583
794 -449 40 -332 -167 673 579
795 -446 43 -327 -166 676 583
796 -446 45 -329 -164 676 582
797 -444 43 -331 -164 674 583
798 -449 43 -330 -166 673 584
799 -446 40 -331 -162 676 587
800 -449 41 -331 -165 674 581
801 -450 41 -327 -164 672 584
802 -444 46 -332 -164 674 584
803 -448 44 -332 -164 675 583
804 -446 44 -329 -165 676 582
805 -449 44 -329 -163 675 585
806 -449 43 -329 -165 676 583
807 -445 42 -332 -163 676 585
808 -446 45 -329 -165 674 580
809 -449 39 -333 -166 676 579
810 -446 42 -331 -162 675 585
811 -445 47 -326 -167 676 581
812 -447 43 -331 -165 676 580
813 -446 40 -329 -166 673 581
814 -446 46 -329 -165 674 583
815 -448 43 -330 -164 675 583
816 -445 42 -332 -166 676 582
817 -448 43 -330 -164 679 581
818 -445 46 -324 -162 676 583
819 -446 45 -329 -167 677 584
820 -445 45 -329 -165 676 584
821 -447 44 -328 -163 676 584
822 -442 45 -327 -165 676 585
823 -443 45 -329 -166 677 585
824 -451 43 -329 -164 677 587
825 -448 47 -328 -166 671 581
826 -446 43 -330 -166 674 582
827 -445 42 -326 -167 677 582
828 -446 42 -328 -163 678 586
829 -444 45 -325 -162 677 586
830 -447 42 -330 -164 675 582
831 -446 42 -332 -163 675 582
832 -446 44 -332 -168 674 583
833 -443 48 -330 -165 676 583
834 -444 42 -328 -163 675 580
835 -446 43 -333 -165 677 585
836 -447 47 -327 -162 676 587
837 -446 45 -332 -166 676 582
838 -445 46 -326 -164 679 582
839 -445 42 -329 -163 677 586
840 -447 43 -328 -166 677 588
841 -443 44 -331 -165 677 584
842 -445 45 -331 -161 678 583
843 -445 47 -327 -164 675 587
844 -448 46 -328 -164 675 583
845 -446 41 -328 -161 676 586
846 -449 44 -327 -163 674 588
847 -445 46 -328 -166 676 587
848 -450 44 -327 -162 676 582
849 -447 44 -329 -163 675 586
850 -446 45 -327 -164 677 586
851 -446 43 -329 -163 675 583
852 -445 44 -327 -164 676 582
853 -449 45 -328 -161 674 587
854 -447 41 -331 -165 676 583
855 -447 43 -330 -165 675 582
856 -446 43 -330 -162 674 582
857 -447 41 -330 -165 675 583
858 -447 43 -330 -164 676 583
859 -447 41 -329 -165 670 582
860 -447 43 -332 -165 677 582
861 -445 40 -331 -164 676 580
862 -447 44 -331 -162 677 584
863 -444 46 -327 -163 674 585
864 -449 45 -330 -164 673 583
865 -444 40 -331 -165 675 583
866 -445 41 -333 -168 674 585
867 -447 48 -325 -161 678 587
868 -445 41 -325 -163 673 583
869 -450 43 -329 -165 677 581
870 -445 41 -331 -165 674 586
871 -444 43 -325 -167 673 583
872 -447 43 -329 -167 675 584
873 -449 42 -329 -166 675 583
874 -449 41 -328 -164 678 581
875 -447 45 -329 -165 678 586
876 -447 43 -329 -166 676 582
877 -446 42 -329 -164 672 581
878 -449 42 -331 -163 676 584
879 -446 46 -328 -164 675 581
880 -448 40 -330 -168 675 583
881 -445 45 -329 -166 675 583
882 -445 46 -327 -161 676 585
883 -447 44 -331 -169 677 586
884 -448 45 -330 -163 678 586
885 -445 44 -329 -164 674 581
886 -449 42 -333 -167 672 581
887 -449 41 -331 -165 675 582
888 -446 44 -329 -165 673 584
889 -449 46 -327 -165 675 582
890 -444 45 -329 -167 675 580
891 -447 42 -330 -164 676 584
892 -446 44 -327 -165 675 581
893 -448 45 -329 -164 675 582
894 -448 46 -332 -161 676 583
895 -448 45 -326 -165 673 585
896 -448 42 -326 -163 674 584
897 -449 45 -327 -166 678 583
898 -445 44 -330 -164 674 585
899 -445 47 -328 -165 680 586
900 -445 43 -327 -163 676 581
901 -446 46 -330 -161 677 584
902 -444 44 -330 -163 673 581
903 -445 43 -331 -163 676 585
904 -444 48 -328 -164 677 586
905 -447 44 -329 -164 674 582
906 -446 40 -329 -167 677 582
907 -446 45 -327 -165 674 584
908 -444 44 -326 -163 674 585
909 -446 47 -327 -163 676 586
910 -446 41 -331 -160 680 580
911 -448 43 -331 -163 677 584
912 -445 48 -326 -163 677 587
913 -444 48 -325 -163 675 588
914 -446 42 -325 -164 680 581
915 -447 40 -329 -166 677 584
916 -448 46 -326 -167 676 588
917 -446 45 -323 -166 675 583
918 -448 40 -327 -168 675 583
919 -445 38 -331 -167 676 584
920 -446 42 -327 -166 678 585
921 -444 48 -329 -162 675 582
922 -446 42 -331 -162 678 581
923 -450 43 -327 -169 675 578
924 -446 44 -327 -167 673 586
925 -443 44 -327 -163 676 587
926 -447 42 -328 -164 676 585
927 -443 44 -326 -166 680 584
928 -446 42 -329 -163 678 580
929 -445 42 -328 -165 675 585
930 -444 46 -327 -162 678 586
931 -445 46 -328 -165 674 585
932 -448 45 -329 -165 672 584
933 -443 45 -327 -163 679 582
934 -443 44 -325 -166 679 584
935 -447 44 -331 -166 678 586
936 -443 46 -327 -163 678 587
937 -447 44 -330 -161 673 587
938 -443 45 -329 -164 675 585
939 -449 44 -327 -161 674 585
940 -446 45 -327 -163 676 584
941 -446 43 -331 -159 673 582
942 -445 46 -329 -162 678 589
943 -445 51 -326 -161 677 586
944 -451 45 -329 -160 678 580
945 -446 42 -334 -159 677 583
946 -443 47 -329 -168 676 585
947 -447 45 -326 -161 676 584
948 -444 48 -326 -163 677 581
949 -446 44 -332 -160 678 585
950 -440 44 -326 -163 681 586
951 -442 51 -325 -164 678 589
952 -447 44 -326 -164 677 584
953 -445 45 -327 -163 678 585
954 -442 44 -333 -163 676 586
955 -443 46 -321 -163 675 587
956 -446 45 -326 -163 675 586
957 -447 45 -325 -164 677 584
958 -446 47 -327 -165 678 585
959 -444 45 -327 -164 678 586
960 -444 43 -328 -161 677 584
961 -446 39 -329 -164 676 582
962 -445 44 -328 -161 677 582
963 -446 44 -326 -164 677 585
964 -447 46 -329 -161 676 586
965 -444 45 -327 -163 677 585
966 -445 44 -327 -164 677 587
967 -446 44 -327 -165 678 583
968 -444 47 -330 -161 680 585
969 -444 44 -332 -162 675 586
970 -443 45 -327 -164 678 588
971 -443 45 -326 -166 678 588
972 -445 42 -328 -162 678 581
973 -447 44 -328 -164 674 584
974 -447 45 -329 -165 674 585
975 -446 47 -325 -163 675 583
976 -444 39 -332 -166 672 584
977 -445 43 -328 -162 676 584
978 -443 49 -327 -165 678 587
979 -444 43 -326 -162 678 585
980 -443 41 -326 -162 675 585
981 -443 45 -327 -165 678 583
982 -441 46 -325 -161 678 585
983 -447 46 -325 -162 675 584
984 -447 44 -327 -163 677 584
985 -447 45 -327 -164 676 584
986 -443 45 -328 -165 678 583
987 -444 45 -329 -162 673 582
988 -446 47 -327 -161 677 587
989 -445 45 -325 -161 680 586
990 -441 49 -327 -164 677 583
991 -444 47 -329 -161 678 586
992 -445 48 -331 -165 678 584
993 -446 45 -329 -166 677 585
994 -442 43 -331 -162 676 587
995 -447 45 -327 -164 677 582
996 -444 44 -328 -164 677 584
997 -445 45 -332 -165 674 584
998 -445 45 -327 -163 676 584
999 -446 42 -327 -163 676 580
0 2712 -5083 -211 -6173 3723 5420
1 2710 -5082 -214 -6175 3725 5421
2 2709 -5082 -212 -6175 3726 5426
3 2709 -5080 -210 -6174 3727 5423
4 2711 -5080 -209 -6171 3724 5426
5 2712 -5078 -211 -6174 3724 5424
6 2710 -5081 -209 -6174 3726 5427
7 2709 -5080 -208 -6176 3727 5426
8 2711 -5078 -208 -6175 3728 5425
9 2712 -5080 -209 -6172 3725 5428
10 2710 -5080 -211 -6175 3725 5427
11 2711 -5080 -208 -6175 3723 5425
12 2710 -5078 -205 -6174 3727 5424
13 2712 -5081 -207 -6174 3724 5424
14 2711 -5079 -211 -6177 3723 5426
15 2709 -5078 -209 -6174 3723 5428
16 2710 -5082 -211 -6175 3726 5423
17 2708 -5081 -208 -6173 3721 5424
18 2709 -5081 -208 -6173 3726 5426
19 2711 -5077 -207 -6173 3725 5428
20 2709 -5078 -210 -6174 3726 5423
21 2709 -5079 -208 -6173 3726 5425
22 2709 -5079 -211 -6174 3728 5428
23 2709 -5077 -208 -6175 3725 5427
24 2711 -5080 -207 -6172 3723 5426
25 2710 -5081 -207 -6171 3727 5426
26 2711 -5081 -205 -6171 3722 5426
27 2710 -5076 -207 -6171 3727 5428
28 2710 -5080 -208 -6172 3723 5427
29 2709 -5079 -207 -6169 3726 5428
30 2711 -5081 -206 -6175 3727 5425
31 2712 -5082 -206 -6178 3722 5427
32 2708 -5078 -207 -6176 3724 5426
33 2707 -5082 -210 -6175 3725 5427
34 2709 -5079 -207 -6172 3728 5427
35 2710 -5080 -207 -6175 3725 5426
36 2709 -5080 -210 -6171 3727 5426
37 2710 -5079 -207 -6173 3726 5430
38 2707 -5082 -208 -6175 3726 5427
39 2709 -5079 -207 -6173 3726 5426
40 2708 -5077 -208 -6175 3725 5429
41 2711 -5078 -205 -6173 3724 5426
42 2709 -5081 -210 -6175 3726 5427
43 2711 -5082 -207 -6174 3722 5428
44 2710 -5080 -207 -6175 3725 5428
45 2710 -5078 -208 -6173 3727 5428
46 2710 -5080 -209 -6175 3726 5425
47 2708 -5081 -209 -6170 3725 5427
48 2710 -5082 -206 -6175 3725 5426
49 2708 -5079 -208 -6174 3722 5425
50 2711 -5079 -209 -6174 3724 5429
51 2711 -5080 -207 -6172 3726 5425
52 2711 -5078 -208 -6177 3725 5427
53 2708 -5081 -207 -6175 3723 5430
54 2708 -5079 -210 -6177 3726 5428
55 2705 -5083 -209 -6173 3722 5427
56 2710 -5078 -208 -6173 3725 5428
57 2709 -5076 -205 -6174 3725 5428
58 2708 -5077 -205 -6169 3728 5428
59 2710 -5079 -207 -6171 3724 5427
60 2705 -5079 -210 -6175 3723 5423
61 2709 -5078 -204 -6172 3722 5427
62 2709 -5077 -205 -6175 3723 5429
63 2706 -5075 -208 -6175 3723 5427
64 2709 -5078 -207 -6174 3726 5427
65 2709 -5083 -208 -6173 3720 5423
66 2706 -5080 -210 -6174 3725 5427
67 2709 -5071 -203 -6176 3727 5426
68 2709 -5078 -205 -6171 3723 5425
69 2709 -5082 -209 -6176 3724 5425
70 2710 -5078 -208 -6171 3724 5429
71 2709 -5076 -203 -6170 3725 5427
72 2708 -5078 -207 -6171 3724 5424
73 2707 -5081 -210 -6173 3726 5426
74 2708 -5081 -207 -6175 3722 5426
75 2709 -5081 -207 -6174 3722 5426
76 2710 -5079 -204 -6172 3724 5426
77 2710 -5079 -207 -6177 3724 5427
78 2708 -5079 -209 -6178 3723 5427
79 2710 -5079 -205 -6173 3724 5426
80 2707 -5080 -203 -6173 3722 5424
81 2707 -5081 -204 -6177 3725 5426
82 2708 -5081 -208 -6178 3726 5427
83 2708 -5081 -209 -6174 3724 5427
84 2707 -5080 -208 -6175 3724 5426
85 2708 -5079 -207 -6176 3726 5427
86 2705 -5080 -206 -6176 3721 5428
87 2707 -5079 -204 -6177 3725 5427
88 2709 -5081 -205 -6174 3724 5428
89 2706 -5078 -207 -6176 3723 5429
90 2705 -5083 -205 -6176 3721 5427
91 2707 -5081 -207 -6178 3722 5426
92 2710 -5079 -207 -6178 3724 5433
93 2710 -5075 -201 -6175 3722 5428
94 2706 -5080 -205 -6173 3725 5427
95 2707 -5078 -209 -6177 3724 5424
96 2708 -5080 -208 -6174 3724 5429
97 2708 -5079 -204 -6175 3725 5429
98 2707 -5077 -206 -6174 3723 5426
99 2707 -5079 -208 -6175 3728 5428
100 2709 -5080 -208 -6174 3727 5427
101 2706 -5079 -206 -6170 3726 5429
102 2707 -5075 -203 -6175 3726 5428
103 2707 -5078 -200 -6177 3720 5430
104 2709 -5082 -205 -6177 3724 5427
105 2709 -5079 -207 -6174 3722 5426
106 2707 -5078 -202 -6176 3723 5427
107 2704 -5080 -205 -6175 3724 5426
108 2710 -5077 -207 -6175 3727 5427
109 2707 -5076 -208 -6177 3726 5425
110 2708 -5078 -205 -6174 3722 5427
111 2706 -5080 -208 -6175 3724 5428
112 2708 -5079 -203 -6174 3722 5428
113 2708 -5079 -207 -6173 3727 5423
114 2708 -5077 -205 -6173 3723 5428
115 2707 -5077 -204 -6175 3725 5431
116 2709 -5077 -205 -6176 3725 5429
117 2709 -5078 -206 -6177 3723 5424
118 2706 -5082 -207 -6175 3724 5429
119 2704 -5077 -206 -6174 3724 5433
120 2711 -5078 -203 -6173 3723 5426
121 2706 -5078 -208 -6173 3726 5426
122 2711 -5078 -205 -6173 3724 5429
123 2709 -5078 -203 -6175 3723 5430
124 2709 -5078 -201 -6173 3723 5427
125 2705 -5079 -205 -6172 3722 5427
126 2707 -5082 -207 -6176 3725 5428
127 2707 -5078 -204 -6173 3724 5431
128 2703 -5075 -201 -6171 3721 5428
129 2704 -5080 -203 -6175 3725 5426
130 2707 -5080 -207 -6174 3724 5428
131 2708 -5079 -205 -6172 3725 5429
132 2707 -5076 -201 -6174 3723 5427
133 2707 -5081 -206 -6176 3722 5427
134 2705 -5078 -206 -6173 3724 5428
135 2706 -5079 -205 -6170 3724 5430
136 2707 -5078 -205 -6174 3726 5432
137 2709 -5075 -205 -6175 3722 5431
138 2709 -5078 -204 -6178 3727 5429
139 2709 -5076 -206 -6173 3725 5430
140 2711 -5077 -203 -6175 3725 5430
141 2707 -5077 -203 -6177 3724 5433
142 2709 -5075 -203 -6174 3726 5432
143 2710 -5079 -205 -6171 3725 5432
144 2707 -5076 -203 -6173 3723 5429
145 2709 -5074 -203 -6174 3723 5430
146 2705 -5076 -208 -6174 3725 5428
147 2707 -5079 -203 -6172 3721 5431
148 2707 -5076 -207 -6171 3723 5429
149 2706 -5078 -203 -6172 3720 5432
150 2707 -5074 -200 -6174 3723 5425
151 2706 -5076 -207 -6169 3722 5429
152 2704 -5079 -205 -6173 3721 5426
153 2703 -5075 -209 -6176 3722 5428
154 2705 -5076 -202 -6173 3722 5427
155 2706 -5077 -203 -6175 3722 5427
156 2704 -5078 -209 -6174 3725 5428
157 2704 -5077 -202 -6173 3727 5426
158 2703 -5077 -206 -6173 3725 5426
159 2707 -5074 -205 -6173 3725 5426
160 2707 -5072 -203 -6173 3724 5428
161 2705 -5076 -202 -6172 3723 5429
162 2704 -5077 -204 -6173 3728 5429
163 2710 -5078 -206 -6172 3723 5429
164 2706 -5076 -203 -6176 3724 5431
165 2708 -5077 -202 -6171 3725 5429
166 2704 -5079 -202 -6173 3719 5425
167 2706 -5077 -205 -6174 3727 5428
168 2708 -5079 -202 -6172 3720 5432
169 2708 -5073 -202 -6174 3722 5433
170 2706 -5073 -206 -6172 3726 5432
171 2708 -5076 -205 -6175 3725 5426
172 2707 -5076 -205 -6176 3725 5430
173 2707 -5070 -203 -6171 3724 5433
174 2708 -5079 -203 -6172 3722 5427
175 2705 -5078 -206 -6177 3726 5427
176 2705 -5080 -208 -6175 3725 5428
177 2707 -5076 -204 -6173 3722 5429
178 2706 -5077 -204 -6172 3723 5427
179 2708 -5081 -205 -6177 3727 5429
180 2708 -5077 -199 -6175 3726 5430
181 2707 -5072 -205 -6170 3725 5429
182 2708 -5074 -203 -6175 3729 5431
183 2709 -5079 -205 -6175 3728 5430
184 2709 -5077 -202 -6175 3723 5430
185 2709 -5076 -200 -6176 3725 5435
186 2708 -5072 -202 -6174 3723 5432
187 2706 -5079 -204 -6175 3726 5429
188 2707 -5080 -205 -6173 3723 5430
189 2707 -5077 -202 -6175 3723 5432
190 2706 -5077 -202 -6171 3724 5431
191 2704 -5079 -203 -6172 3724 5431
192 2707 -5075 -203 -6174 3727 5429
193 2705 -5078 -201 -6175 3723 5428
194 2708 -5075 -200 -6174 3723 5429
195 2707 -5077 -202 -6174 3722 5430
196 2704 -5078 -205 -6175 3724 5429
197 2706 -5076 -205 -6174 3724 5428
198 2703 -5076 -200 -6172 3724 5428
199 2705 -5075 -201 -6174 3727 5428
200 2706 -5074 -205 -6172 3724 5431
201 2706 -5079 -204 -6174 3724 5429
202 2705 -5074 -203 -6170 3724 5429
203 2704 -5075 -199 -6172 3724 5434
204 2710 -5076 -199 -6172 3726 5429
205 2705 -5077 -204 -6173 3724 5427
206 2707 -5077 -207 -6172 3726 5432
207 2707 -5076 -201 -6172 3728 5432
208 2706 -5076 -205 -6172 3722 5428
209 2705 -5080 -206 -6174 3722 5427
210 2709 -5075 -201 -6172 3726 5430
211 2706 -5074 -201 -6171 3724 5434
212 2704 -5077 -202 -6176 3725 5430
213 2707 -5078 -204 -6175 3728 5429
214 2707 -5076 -205 -6172 3724 5428
215 2705 -5076 -200 -6174 3724 5435
216 2706 -5076 -199 -6175 3723 5429
217 2708 -5077 -204 -6174 3724 5428
218 2709 -5079 -208 -6172 3726 5428
219 2706 -5080 -203 -6174 3723 5430
220 2704 -5079 -199 -6174 3722 5427
221 2705 -5079 -203 -6174 3722 5427
222 2705 -5078 -202 -6172 3725 5430
223 2705 -5076 -204 -6174 3726 5429
224 2708 -5075 -200 -6173 3723 5433
225 2704 -5074 -203 -6173 3726 5429
226 2708 -5075 -202 -6176 3725 5431
227 2710 -5078 -204 -6171 3725 5431
228 2707 -5078 -198 -6174 3725 5432
229 2707 -5075 -203 -6172 3727 5428
230 2707 -5077 -203 -6176 3725 5430
231 2707 -5076 -204 -6175 3723 5432
232 2705 -5074 -198 -6173 3725 5432
233 2706 -5078 -204 -6170 3723 5433
234 2707 -5083 -201 -6172 3725 5433
235 2707 -5077 -202 -6173 3723 5428
236 2707 -5076 -204 -6171 3723 5432
237 2706 -5078 -202 -6172 3722 5430
238 2710 -5076 -206 -6174 3723 5428
239 2706 -5078 -203 -6169 3724 5429
240 2706 -5078 -202 -6172 3723 5429
241 2707 -5076 -202 -6173 3723 5429
242 2704 -5077 -204 -6173 3721 5426
243 2704 -5078 -205 -6173 3723 5426
244 2707 -5076 -205 -6171 3722 5430
245 2705 -5075 -203 -6171 3726 5432
246 2703 -5073 -205 -6171 3721 5428
247 2707 -5077 -206 -6173 3725 5428
248 2706 -5079 -205 -6173 3726 5430
249 2709 -5073 -203 -6174 3726 5433
250 2709 -5074 -203 -6172 3721 5428
251 2709 -5078 -203 -6172 3725 5428
252 2706 -5076 -204 -6173 3724 5430
253 2705 -5078 -201 -6172 3724 5432
254 2707 -5077 -200 -6174 3724 5429
255 2704 -5078 -204 -6172 3725 5428
256 2707 -5077 -203 -6175 3726 5430
257 2709 -5072 -203 -6173 3722 5434
258 2706 -5077 -198 -6173 3724 5431
259 2705 -5076 -207 -6176 3723 5430
260 2708 -5078 -204 -6173 3725 5430
261 2707 -5073 -199 -6174 3724 5431
262 2706 -5075 -202 -6169 3724 5433
263 2704 -5078 -205 -6173 3724 5428
264 2705 -5080 -206 -6174 3723 5428
265 2711 -5077 -201 -6171 3724 5427
266 2707 -5075 -200 -6171 3723 5425
267 2702 -5078 -204 -6170 3726 5427
268 2706 -5081 -207 -6173 3723 5431
269 2706 -5076 -202 -6174 3727 5430
270 2705 -5077 -201 -6169 3723 5429
271 2705 -5080 -204 -6171 3724 5429
272 2707 -5078 -203 -6173 3724 5430
273 2706 -5077 -203 -6173 3723 5427
274 2705 -5078 -201 -6171 3721 5429
275 2704 -5078 -202 -6173 3722 5426
276 2704 -5079 -203 -6172 3724 5429
277 2704 -5074 -206 -6171 3723 5431
278 2706 -5076 -204 -6171 3723 5428
279 2705 -5076 -202 -6171 3722 5426
280 2706 -5077 -203 -6172 3723 5427
281 2703 -5076 -204 -6171 3724 5428
282 2704 -5076 -205 -6172 3723 5426
283 2706 -5078 -205 -6171 3724 5426
284 2704 -5076 -207 -6169 3721 5428
285 2707 -5076 -202 -6170 3725 5427
286 2705 -5077 -201 -6168 3722 5426
287 2702 -5079 -207 -6172 3723 5425
288 2703 -5077 -205 -6167 3722 5423
289 2703 -5076 -207 -6168 3722 5428
290 2704 -5074 -202 -6173 3721 5430
291 2707 -5076 -204 -6171 3723 5429
292 2704 -5073 -203 -6173 3721 5430
293 2703 -5077 -204 -6174 3721 5426
294 2705 -5079 -206 -6171 3723 5430
295 2704 -5077 -203 -6171 3721 5427
296 2706 -5078 -206 -6172 3722 5428
297 2706 -5076 -201 -6170 3723 5426
298 2707 -5079 -203 -6168 3721 5431
299 2704 -5077 -202 -6170 3724 5428
300 2704 -5076 -205 -6171 3724 5432
301 2705 -5075 -202 -6169 3725 5429
302 2707 -5076 -202 -6171 3720 5427
303 2704 -5078 -203 -6173 3720 5427
304 2705 -5079 -207 -6172 3721 5429
305 2705 -5076 -203 -6172 3722 5433
306 2703 -5078 -206 -6167 3725 5429
307 2704 -5077 -204 -6174 3722 5428
308 2709 -5078 -207 -6169 3724 5428
309 2706 -5074 -203 -6173 3724 5427
310 2704 -5078 -204 -6170 3725 5430
311 2705 -5077 -205 -6170 3723 5429
312 2708 -5079 -206 -6169 3725 5429
313 2706 -5080 -203 -6172 3721 5430
314 2706 -5078 -203 -6172 3723 5429
315 2705 -5076 -203 -6169 3722 5427
316 2706 -5077 -203 -6172 3722 5429
317 2707 -5076 -207 -6172 3720 5428
318 2703 -5074 -204 -6170 3720 5429
319 2704 -5080 -207 -6170 3722 5427
320 2704 -5078 -204 -6173 3721 5428
321 2707 -5080 -205 -6172 3720 5430
322 2704 -5076 -203 -6169 3722 5426
323 2703 -5079 -207 -6169 3723 5425
324 2703 -5079 -204 -6171 3720 5428
325 2706 -5081 -207 -6170 3724 5425
326 2704 -5075 -205 -6168 3719 5430
327 2704 -5080 -203 -6170 3723 5427
328 2703 -5077 -204 -6166 3725 5430
329 2707 -5078 -204 -6168 3725 5425
330 2708 -5077 -203 -6168 3725 5429
331 2703 -5072 -205 -6169 3724 5431
332 2709 -5077 -204 -6167 3723 5429
333 2709 -5071 -203 -6169 3723 5428
334 2705 -5078 -207 -6167 3722 5429
335 2707 -5078 -203 -6170 3722 5429
336 2709 -5074 -201 -6168 3726 5430
337 2708 -5078 -206 -6167 3723 5432
338 2710 -5079 -204 -6170 3724 5428
339 2709 -5077 -203 -6168 3722 5432
340 2706 -5076 -204 -6169 3725 5429
341 2703 -5078 -206 -6168 3723 5431
342 2710 -5078 -205 -6172 3726 5429
343 2707 -5080 -205 -6167 3724 5431
344 2705 -5078 -205 -6169 3725 5431
345 2705 -5082 -208 -6170 3723 5432
346 2709 -5081 -207 -6172 3724 5430
347 2709 -5076 -206 -6174 3724 5431
348 2708 -5077 -203 -6170 3723 5433
349 2706 -5080 -206 -6171 3722 5428
350 2704 -5082 -211 -6171 3725 5430
351 2707 -5078 -207 -6172 3724 5431
352 2710 -5077 -201 -6169 3727 5429
353 2707 -5073 -205 -6171 3725 5430
354 2707 -5081 -209 -6169 3724 5427
355 2707 -5081 -207 -6168 3724 5428
356 2704 -5079 -202 -6168 3721 5428
357 2709 -5079 -207 -6170 3724 5428
358 2707 -5080 -204 -6169 3725 5429
359 2706 -5077 -204 -6169 3725 5426
360 2705 -5075 -201 -6167 3724 5428
361 2709 -5078 -207 -6171 3720 5427
362 2706 -5081 -208 -6170 3724 5430
363 2705 -5078 -208 -6166 3719 5426
364 2706 -5078 -207 -6166 3722 5427
365 2704 -5078 -207 -6169 3721 5430
366 2705 -5076 -206 -6167 3720 5428
367 2706 -5077 -206 -6169 3722 5425
368 2704 -5077 -209 -6167 3722 5426
369 2704 -5076 -205 -6166 3720 5425
370 2707 -5080 -209 -6165 3725 5427
371 2708 -5074 -204 -6167 3719 5424
372 2702 -5078 -210 -6165 3723 5427
373 2704 -5076 -206 -6164 3724 5425
374 2705 -5078 -208 -6166 3726 5428
375 2708 -5077 -205 -6170 3719 5425
376 2706 -5081 -209 -6166 3722 5426
377 2706 -5075 -208 -6167 3723 5426
378 2706 -5075 -206 -6169 3724 5429
379 2704 -5079 -208 -6166 3722 5424
380 2705 -5080 -205 -6168 3724 5430
381 2705 -5078 -206 -6167 3720 5427
382 2706 -5079 -206 -6165 3721 5426
383 2704 -5079 -205 -6169 3718 5425
384 2706 -5081 -207 -6171 3725 5427
385 2707 -5083 -207 -6170 3721 5428
386 2704 -5083 -207 -6167 3722 5426
387 2704 -5076 -205 -6168 3724 5427
388 2709 -5078 -206 -6167 3720 5428
389 2707 -5080 -209 -6171 3722 5428
390 2703 -5079 -209 -6168 3721 5425
391 2705 -5083 -209 -6170 3724 5430
392 2705 -5083 -206 -6171 3723 5429
393 2706 -5081 -210 -6168 3722 5428
394 2704 -5079 -206 -6170 3721 5426
395 2703 -5078 -208 -6167 3723 5428
396 2706 -5077 -207 -6168 3724 5427
397 2707 -5079 -208 -6163 3723 5430
398 2706 -5080 -202 -6167 3723 5429
399 2709 -5079 -208 -6168 3723 5430
400 2705 -5080 -205 -6166 3724 5425
401 2708 -5079 -209 -6172 3719 5428
402 2707 -5082 -209 -6166 3722 5427
403 2706 -5078 -208 -6168 3722 5427
404 2708 -5079 -206 -6169 3720 5426
405 2708 -5082 -210 -6171 3722 5426
406 2705 -5077 -210 -6167 3722 5428
407 2707 -5080 -209 -6167 3722 5430
408 2706 -5081 -207 -6166 3721 5425
409 2706 -5085 -209 -6168 3723 5426
410 2707 -5081 -205 -6168 3723 5423
411 2706 -5080 -206 -6167 3725 5424
412 2709 -5081 -205 -6166 3721 5425
413 2706 -5079 -211 -6167 3719 5426
414 2704 -5074 -209 -6166 3719 5423
415 2704 -5077 -211 -6166 3722 5428
416 2708 -5079 -210 -6166 3721 5425
417 2708 -5078 -209 -6165 3721 5425
418 2706 -5078 -209 -6167 3722 5430
419 2708 -5077 -208 -6165 3723 5426
420 2704 -5083 -208 -6166 3724 5426
421 2709 -5080 -210 -6166 3721 5423
422 2706 -5082 -212 -6166 3723 5429
423 2710 -5080 -205 -6166 3724 5427
424 2708 -5079 -210 -6166 3725 5426
425 2708 -5082 -208 -6166 3725 5428
426 2711 -5080 -210 -6166 3724 5426
427 2708 -5081 -208 -6166 3723 5429
428 2706 -5075 -209 -6167 3723 5427
429 2708 -5083 -212 -6167 3721 5428
430 2707 -5080 -207 -6165 3726 5425
431 2708 -5081 -209 -6167 3719 5429
432 2707 -5082 -208 -6169 3722 5430
433 2709 -5082 -207 -6169 3721 5427
434 2707 -5082 -211 -6168 3724 5426
435 2707 -5084 -211 -6169 3721 5422
436 2707 -5084 -209 -6165 3726 5427
437 2706 -5081 -211 -6169 3719 5427
438 2705 -5082 -211 -6169 3724 5424
439 2707 -5082 -212 -6168 3724 5428
440 2706 -5080 -209 -6167 3722 5424
441 2710 -5080 -209 -6166 3720 5427
442 2708 -5078 -210 -6167 3720 5425
443 2708 -5079 -209 -6168 3720 5420
444 2706 -5084 -209 -6167 3724 5423
445 2709 -5077 -207 -6167 3724 5424
446 2707 -5081 -208 -6166 3720 5423
447 2704 -5081 -208 -6166 3722 5425
448 2704 -5083 -210 -6166 3723 5423
449 2706 -5078 -211 -6166 3718 5424
450 2709 -5081 -211 -6166 3722 5423
451 2707 -5079 -210 -6164 3723 5424
452 2706 -5079 -212 -6168 3720 5422
453 2708 -5081 -210 -6165 3719 5424
454 2704 -5081 -210 -6166 3722 5421
455 2703 -5081 -210 -6166 3722 5422
456 2704 -5077 -211 -6163 3719 5425
457 2703 -5083 -212 -6164 3720 5423
458 2704 -5080 -212 -6165 3718 5422
459 2704 -5082 -212 -6165 3720 5424
460 2706 -5081 -211 -6164 3719 5420
461 2707 -5076 -212 -6162 3722 5422
462 2706 -5080 -213 -6164 3724 5422
463 2708 -5079 -209 -6167 3721 5422
464 2708 -5078 -210 -6164 3724 5423
465 2707 -5078 -214 -6166 3720 5424
466 2707 -5082 -211 -6165 3720 5420
467 2707 -5082 -213 -6166 3718 5422
468 2706 -5079 -212 -6166 3722 5424
469 2706 -5079 -210 -6165 3720 5422
470 2706 -5080 -211 -6165 3719 5425
471 2708 -5083 -213 -6162 3721 5424
472 2706 -5083 -213 -6166 3721 5425
473 2705 -5084 -212 -6167 3722 5425
474 2708 -5082 -214 -6167 3720 5425
475 2705 -5081 -211 -6169 3720 5423
476 2704 -5086 -212 -6164 3721 5423
477 2709 -5082 -212 -6167 3722 5425
478 2706 -5080 -214 -6165 3722 5423
479 2708 -5083 -214 -6167 3720 5423
480 2702 -5083 -213 -6163 3719 5423
481 2708 -5081 -213 -6167 3723 5421
482 2710 -5085 -215 -6168 3722 5423
483 2704 -5083 -213 -6169 3721 5426
484 2708 -5083 -212 -6168 3721 5423
485 2707 -5083 -212 -6164 3725 5423
486 2707 -5083 -212 -6164 3723 5424
487 2708 -5082 -213 -6164 3719 5421
488 2705 -5080 -211 -6163 3719 5423
489 2707 -5082 -212 -6163 3717 5424
490 2709 -5082 -213 -6168 3723 5422
491 2707 -5083 -216 -6164 3719 5426
492 2707 -5086 -214 -6168 3721 5422
493 2706 -5082 -215 -6168 3721 5424
494 2707 -5083 -215 -6165 3721 5425
495 2707 -5083 -213 -6167 3720 5424
496 2706 -5083 -214 -6168 3718 5423
497 2706 -5082 -218 -6165 3720 5421
498 2704 -5086 -215 -6169 3719 5422
499 2708 -5083 -216 -6168 3722 5422
500 2705 -5086 -215 -6166 3722 5420
501 2703 -5085 -216 -6165 3721 5422
502 2707 -5083 -213 -6166 3717 5417
503 2706 -5081 -211 -6167 3724 5425
504 2703 -5083 -214 -6165 3723 5424
505 2704 -5084 -214 -6165 3720 5421
506 2708 -5084 -214 -6165 3720 5422
507 2709 -5084 -211 -6168 3721 5422
508 2706 -5084 -213 -6168 3716 5423
509 2708 -5084 -216 -6166 3722 5425
510 2709 -5083 -214 -6168 3723 5426
511 2708 -5084 -214 -6169 3720 5421
512 2707 -5083 -215 -6166 3720 5423
513 2710 -5085 -214 -6168 3721 5423
514 2707 -5088 -218 -6165 3723 5424
515 2710 -5087 -215 -6166 3724 5424
516 2708 -5083 -217 -6168 3721 5426
517 2710 -5083 -214 -6166 3722 5428
518 2710 -5087 -214 -6167 3719 5423
519 2708 -5086 -216 -6171 3719 5422
520 2709 -5087 -216 -6166 3721 5422
521 2708 -5083 -216 -6166 3719 5425
522 2706 -5085 -216 -6167 3722 5424
523 2708 -5084 -213 -6166 3722 5424
524 2709 -5083 -217 -6162 3721 5422
525 2711 -5084 -218 -6168 3725 5422
526 2712 -5085 -215 -6164 3724 5424
527 2709 -5085 -214 -6165 3724 5424
528 2711 -5082 -216 -6164 3721 5423
529 2711 -5087 -215 -6164 3724 5420
530 2710 -5085 -216 -6165 3720 5423
531 2709 -5084 -215 -6165 3721 5422
532 2705 -5085 -216 -6164 3721 5422
533 2709 -5082 -215 -6165 3720 5424
534 2707 -5085 -216 -6166 3719 5422
535 2707 -5085 -218 -6164 3719 5423
536 2709 -5081 -216 -6163 3720 5419
537 2708 -5084 -214 -6168 3718 5419
538 2706 -5087 -216 -6164 3718 5422
539 2708 -5085 -216 -6165 3719 5420
540 2707 -5078 -217 -6165 3718 5418
541 2706 -5086 -216 -6163 3720 5417
542 2711 -5081 -217 -6163 3720 5420
543 2707 -5084 -219 -6164 3716 5418
544 2708 -5082 -213 -6166 3720 5417
545 2708 -5085 -216 -6161 3719 5418
546 2709 -5083 -215 -6165 3718 5421
547 2707 -5082 -217 -6163 3721 5420
548 2707 -5085 -220 -6163 3721 5417
549 2708 -5084 -216 -6162 3721 5421
550 2707 -5078 -215 -6159 3722 5420
551 2710 -5082 -215 -6166 3722 5419
552 2708 -5084 -219 -6167 3719 5418
553 2708 -5083 -217 -6162 3719 5423
554 2708 -5085 -217 -6164 3719 5419
555 2710 -5086 -215 -6162 3719 5422
556 2708 -5082 -219 -6162 3720 5421
557 2709 -5083 -215 -6163 3718 5418
558 2709 -5086 -214 -6161 3723 5419
559 2711 -5084 -217 -6162 3720 5420
560 2709 -5086 -217 -6164 3720 5421
561 2709 -5086 -215 -6162 3720 5420
562 2707 -5087 -216 -6164 3723 5421
563 2709 -5083 -218 -6164 3718 5419
564 2707 -5088 -218 -6160 3722 5421
565 2707 -5089 -217 -6165 3722 5416
566 2706 -5086 -216 -6167 3721 5420
567 2701 -5086 -223 -6165 3723 5420
568 2710 -5085 -219 -6163 3717 5419
569 2710 -5085 -216 -6166 3721 5422
570 2707 -5086 -218 -6166 3719 5421
571 2708 -5086 -217 -6168 3721 5418
572 2709 -5089 -221 -6165 3721 5421
573 2707 -5086 -222 -6164 3718 5419
574 2709 -5086 -217 -6165 3719 5421
575 2708 -5087 -217 -6165 3722 5420
576 2712 -5086 -217 -6165 3721 5419
577 2709 -5089 -219 -6164 3723 5420
578 2710 -5087 -215 -6165 3720 5421
579 2708 -5086 -218 -6165 3721 5421
580 2711 -5089 -217 -6163 3717 5418
581 2709 -5088 -220 -6164 3723 5422
582 2711 -5085 -217 -6167 3717 5420
583 2708 -5087 -217 -6164 3718 5420
584 2712 -5087 -219 -6163 3720 5420
585 2710 -5085 -219 -6166 3723 5418
586 2707 -5089 -221 -6168 3719 5420
587 2708 -5089 -221 -6166 3720 5419
588 2709 -5086 -220 -6164 3722 5420
589 2708 -5088 -219 -6166 3723 5420
590 2710 -5086 -220 -6165 3723 5421
591 2710 -5085 -218 -6164 3722 5419
592 2708 -5086 -221 -6164 3720 5419
593 2709 -5087 -221 -6166 3719 5420
594 2711 -5088 -219 -6167 3719 5419
595 2709 -5089 -221 -6163 3721 5419
596 2710 -5090 -222 -6165 3718 5422
597 2710 -5090 -220 -6166 3722 5424
598 2707 -5086 -223 -6165 3721 5422
599 2711 -5086 -217 -6169 3721 5417
600 2711 -5087 -220 -6168 3720 5421
601 2710 -5087 -220 -6169 3718 5420
602 2707 -5089 -221 -6167 3719 5418
603 2713 -5092 -221 -6164 3717 5420
604 2710 -5088 -221 -6167 3718 5419
605 2709 -5090 -223 -6165 3719 5419
606 2708 -5089 -220 -6165 3717 5418
607 2708 -5087 -216 -6166 3721 5419
608 2710 -5088 -219 -6167 3720 5418
609 2710 -5088 -219 -6167 3718 5422
610 2708 -5089 -223 -6166 3720 5417
611 2710 -5088 -220 -6165 3719 5417
612 2705 -5089 -222 -6163 3717 5418
613 2709 -5090 -222 -6166 3722 5418
614 2708 -5089 -223 -6164 3722 5419
615 2709 -5085 -220 -6164 3722 5417
616 2710 -5088 -219 -6165 3722 5420
617 2710 -5087 -221 -6167 3719 5416
618 2709 -5088 -219 -6163 3719 5418
619 2708 -5090 -225 -6167 3717 5419
620 2711 -5087 -222 -6164 3720 5413
621 2707 -5090 -221 -6165 3723 5417
622 2706 -5088 -225 -6164 3720 5414
623 2711 -5085 -218 -6162 3718 5420
624 2708 -5089 -221 -6164 3718 5417
625 2710 -5088 -223 -6162 3718 5414
626 2709 -5084 -222 -6166 3719 5416
627 2709 -5088 -222 -6164 3719 5415
628 2706 -5087 -220 -6163 3719 5416
629 2708 -5086 -223 -6167 3717 5415
630 2707 -5087 -222 -6167 3720 5420
631 2709 -5088 -224 -6159 3716 5417
632 2707 -5089 -222 -6159 3719 5418
633 2708 -5089 -223 -6161 3715 5415
634 2709 -5086 -222 -6163 3717 5416
635 2710 -5087 -222 -6162 3716 5416
636 2708 -5087 -223 -6163 3720 5419
637 2711 -5088 -222 -6163 3717 5416
638 2709 -5089 -223 -6163 3720 5417
639 2707 -5087 -222 -6162 3719 5415
640 2709 -5089 -222 -6165 3715 5417
641 2709 -5088 -224 -6163 3718 5413
642 2708 -5088 -224 -6164 3718 5416
643 2711 -5086 -221 -6162 3719 5415
644 2707 -5090 -225 -6165 3716 5414
645 2709 -5087 -222 -6162 3719 5417
646 2706 -5090 -227 -6161 3719 5414
647 2711 -5088 -223 -6165 3719 5417
648 2711 -5088 -225 -6162 3719 5416
649 2713 -5088 -225 -6165 3719 5414
650 2706 -5088 -224 -6166 3718 5412
651 2708 -5088 -225 -6164 3720 5414
652 2710 -5089 -222 -6162 3719 5419
653 2708 -5090 -224 -6167 3720 5418
654 2709 -5089 -227 -6166 3717 5414
655 2711 -5090 -226 -6167 3719 5413
656 2711 -5086 -226 -6165 3720 5417
657 2709 -5088 -225 -6163 3723 5414
658 2709 -5086 -226 -6167 3720 5416
659 2711 -5090 -222 -6166 3720 5417
660 2708 -5089 -225 -6167 3719 5417
661 2710 -5090 -225 -6169 3717 5417
662 2711 -5092 -224 -6166 3719 5419
663 2710 -5090 -225 -6164 3720 5417
664 2708 -5092 -226 -6166 3719 5417
665 2708 -5091 -222 -6164 3718 5413
666 2709 -5095 -223 -6167 3719 5415
667 2711 -5089 -225 -6165 3717 5418
668 2712 -5089 -226 -6165 3715 5415
669 2710 -5093 -225 -6164 3721 5414
670 2710 -5092 -225 -6166 3720 5416
671 2710 -5091 -227 -6165 3715 5414
672 2707 -5090 -225 -6166 3718 5413
673 2710 -5092 -228 -6169 3720 5415
674 2711 -5090 -227 -6167 3718 5416
675 2710 -5092 -227 -6166 3718 5417
676 2710 -5092 -227 -6166 3715 5418
677 2710 -5090 -226 -6163 3718 5418
678 2709 -5092 -225 -6166 3719 5416
679 2712 -5090 -227 -6165 3718 5411
680 2713 -5092 -224 -6167 3719 5418
681 2712 -5089 -225 -6166 3718 5416
682 2710 -5091 -225 -6164 3718 5417
683 2712 -5090 -226 -6166 3719 5417
684 2712 -5090 -227 -6163 3722 5416
685 2713 -5090 -224 -6165 3718 5416
686 2711 -5090 -225 -6164 3717 5418
687 2711 -5088 -224 -6164 3718 5416
688 2710 -5090 -224 -6165 3722 5412
689 2712 -5092 -228 -6164 3718 5416
690 2710 -5092 -227 -6165 3719 5416
691 2712 -5091 -223 -6168 3717 5412
692 2709 -5092 -227 -6166 3718 5413
693 2706 -5093 -228 -6164 3719 5413
694 2708 -5089 -224 -6163 3716 5414
695 2710 -5090 -229 -6166 3719 5413
696 2708 -5088 -223 -6168 3719 5414
697 2709 -5094 -224 -6164 3718 5413
698 2708 -5094 -224 -6164 3717 5414
699 2710 -5090 -229 -6165 3723 5415
700 2713 -5091 -228 -6166 3719 5415
701 2711 -5092 -227 -6165 3718 5415
702 2710 -5094 -228 -6163 3718 5414
703 2713 -5091 -229 -6167 3715 5412
704 2707 -5091 -225 -6165 3719 5418
705 2714 -5091 -226 -6164 3716 5416
706 2711 -5092 -229 -6163 3717 5414
707 2708 -5093 -229 -6163 3719 5414
708 2714 -5090 -227 -6166 3718 5412
709 2711 -5091 -228 -6165 3720 5415
710 2710 -5093 -227 -6163 3720 5412
711 2710 -5092 -226 -6162 3718 5412
712 2709 -5091 -225 -6165 3717 5412
713 2710 -5090 -228 -6165 3717 5411
714 2710 -5090 -228 -6165 3716 5412
715 2704 -5090 -229 -6164 3714 5414
716 2709 -5094 -228 -6164 3719 5411
717 2710 -5093 -227 -6162 3719 5412
718 2708 -5089 -229 -6164 3718 5413
719 2710 -5091 -228 -6165 3718 5410
720 2709 -5091 -229 -6163 3718 5409
721 2710 -5089 -226 -6163 3719 5412
722 2710 -5091 -228 -6165 3717 5410
723 2708 -5088 -228 -6162 3717 5413
724 2711 -5090 -227 -6164 3715 5412
725 2710 -5093 -228 -6164 3720 5413
726 2713 -5094 -227 -6164 3718 5412
727 2706 -5090 -229 -6162 3721 5414
728 2707 -5090 -229 -6164 3714 5412
729 2710 -5090 -230 -6166 3716 5411
730 2709 -5090 -231 -6167 3719 5411
731 2711 -5092 -228 -6168 3717 5413
732 2712 -5091 -227 -6163 3715 5412
733 2708 -5093 -227 -6162 3717 5415
734 2711 -5094 -229 -6167 3717 5411
735 2710 -5091 -230 -6164 3717 5409
736 2709 -5093 -229 -6167 3717 5410
737 2709 -5092 -228 -6167 3719 5410
738 2710 -5092 -231 -6164 3717 5411
739 2711 -5095 -230 -6167 3717 5413
740 2710 -5091 -232 -6164 3719 5411
741 2709 -5090 -227 -6163 3717 5409
742 2710 -5092 -228 -6165 3718 5413
743 2709 -5094 -226 -6165 3717 5412
744 2711 -5091 -227 -6169 3717 5413
745 2710 -5094 -231 -6165 3720 5413
746 2710 -5093 -229 -6167 3718 5412
747 2710 -5090 -229 -6168 3720 5411
748 2712 -5094 -228 -6167 3720 5414
749 2712 -5095 -228 -6169 3724 5416
750 2709 -5094 -227 -6170 3717 5413
751 2710 -5094 -233 -6168 3720 5415
752 2713 -5095 -232 -6168 3719 5413
753 2712 -5097 -230 -6169 3720 5411
754 2711 -5095 -228 -6168 3717 5414
755 2710 -5095 -226 -6167 3717 5414
756 2706 -5095 -230 -6165 3717 5411
757 2707 -5098 -228 -6169 3720 5415
758 2710 -5096 -231 -6169 3718 5414
759 2712 -5094 -229 -6163 3717 5415
760 2710 -5095 -229 -6166 3718 5415
761 2713 -5096 -231 -6166 3721 5415
762 2711 -5095 -228 -6168 3718 5414
763 2712 -5096 -230 -6167 3717 5412
764 2711 -5093 -231 -6168 3718 5413
765 2711 -5095 -233 -6166 3716 5411
766 2712 -5095 -230 -6166 3720 5413
767 2712 -5096 -229 -6164 3719 5411
768 2712 -5095 -230 -6167 3718 5413
769 2713 -5095 -228 -6167 3720 5413
770 2711 -5097 -230 -6165 3719 5410
771 2710 -5095 -230 -6165 3719 5409
772 2707 -5094 -228 -6168 3720 5413
773 2710 -5093 -230 -6165 3718 5410
774 2708 -5095 -230 -6165 3719 5415
775 2711 -5092 -229 -6167 3717 5413
776 2713 -5095 -233 -6163 3720 5414
777 2712 -5095 -230 -6168 3717 5411
778 2716 -5092 -230 -6165 3717 5414
779 2712 -5095 -230 -6168 3720 5412
780 2709 -5093 -233 -6164 3720 5413
781 2712 -5093 -231 -6169 3718 5411
782 2710 -5092 -230 -6166 3718 5412
783 2709 -5095 -235 -6163 3718 5409
784 2709 -5092 -229 -6167 3718 5413
785 2708 -5093 -231 -6167 3719 5409
786 2711 -5094 -232 -6166 3722 5413
787 2712 -5092 -230 -6168 3716 5412
788 2712 -5093 -229 -6165 3719 5412
789 2712 -5096 -231 -6163 3720 5411
790 2711 -5094 -228 -6167 3716 5414
791 2711 -5092 -230 -6164 3718 5411
792 2711 -5093 -229 -6165 3718 5411
793 2709 -5092 -230 -6169 3718 5410
794 2713 -5093 -231 -6170 3718 5413
795 2712 -5095 -229 -6165 3720 5413
796 2711 -5097 -227 -6168 3719 5410
797 2709 -5096 -230 -6167 3717 5416
798 2711 -5096 -230 -6165 3716 5410
799 2710 -5095 -230 -6168 3717 5413
800 2708 -5095 -232 -6169 3717 5412
801 2709 -5091 -228 -6168 3718 5411
802 2714 -5093 -232 -6168 3716 5409
803 2711 -5094 -232 -6168 3717 5409
804 2709 -5092 -232 -6166 3717 5413
805 2709 -5093 -231 -6164 3717 5409
806 2711 -5093 -229 -6169 3717 5410
807 2709 -5093 -231 -6165 3722 5412
808 2712 -5090 -228 -6166 3723 5410
809 2710 -5094 -228 -6167 3719 5412
810 2710 -5091 -233 -6165 3718 5412
811 2710 -5093 -230 -6168 3718 5411
812 2715 -5095 -232 -6171 3716 5410
813 2710 -5091 -231 -6165 3717 5410
814 2710 -5091 -231 -6168 3719 5412
815 2714 -5095 -231 -6167 3718 5412
816 2709 -5092 -232 -6166 3719 5411
817 2714 -5093 -230 -6167 3719 5409
818 2714 -5090 -230 -6163 3720 5414
819 2711 -5091 -230 -6163 3721 5413
820 2711 -5094 -229 -6170 3719 5413
821 2711 -5091 -228 -6165 3719 5410
822 2711 -5092 -232 -6167 3719 5406
823 2713 -5093 -231 -6168 3719 5410
824 2710 -5093 -232 -6167 3719 5411
825 2711 -5094 -231 -6168 3717 5409
826 2709 -5098 -232 -6167 3721 5407
827 2709 -5096 -232 -6166 3721 5411
828 2711 -5095 -230 -6169 3719 5410
829 2712 -5092 -232 -6168 3721 5412
830 2714 -5091 -229 -6168 3720 5412
831 2712 -5095 -232 -6169 3720 5412
832 2715 -5096 -230 -6171 3726 5411
833 2713 -5097 -232 -6167 3719 5414
834 2713 -5095 -233 -6169 3717 5413
835 2712 -5095 -230 -6170 3721 5415
836 2713 -5094 -231 -6171 3718 5414
837 2716 -5093 -229 -6168 3722 5414
838 2711 -5098 -231 -6172 3719 5413
839 2714 -5095 -232 -6168 3718 5414
840 2712 -5096 -232 -6170 3721 5412
841 2711 -5097 -232 -6171 3720 5411
842 2714 -5097 -229 -6170 3719 5415
843 2712 -5096 -231 -6168 3719 5414
844 2710 -5094 -232 -6166 3718 5413
845 2712 -5099 -232 -6170 3721 5412
846 2710 -5094 -235 -6171 3719 5410
847 2711 -5096 -230 -6169 3718 5413
848 2711 -5096 -231 -6170 3716 5412
849 2711 -5096 -233 -6170 3720 5412
850 2712 -5094 -234 -6170 3719 5411
851 2711 -5093 -229 -6168 3716 5412
852 2713 -5092 -231 -6170 3720 5412
853 2714 -5094 -232 -6167 3722 5411
854 2712 -5095 -233 -6167 3721 5412
855 2713 -5090 -229 -6167 3720 5413
856 2712 -5094 -232 -6170 3717 5410
857 2710 -5092 -233 -6169 3717 5406
858 2710 -5096 -233 -6171 3719 5411
859 2711 -5094 -233 -6170 3715 5413
860 2713 -5091 -229 -6167 3717 5408
861 2709 -5094 -232 -6168 3721 5410
862 2711 -5096 -233 -6169 3713 5411
863 2711 -5092 -231 -6167 3720 5411
864 2709 -5092 -232 -6168 3716 5410
865 2713 -5097 -231 -6170 3717 5409
866 2710 -5092 -228 -6169 3716 5412
867 2709 -5097 -231 -6167 3718 5410
868 2708 -5097 -232 -6168 3718 5411
869 2711 -5095 -232 -6166 3714 5413
870 2710 -5094 -234 -6168 3719 5411
871 2709 -5096 -233 -6167 3720 5410
872 2708 -5095 -231 -6170 3719 5409
873 2712 -5091 -229 -6167 3719 5410
874 2712 -5093 -231 -6166 3718 5411
875 2710 -5094 -232 -6171 3717 5408
876 2713 -5095 -229 -6169 3722 5412
877 2710 -5095 -232 -6170 3716 5412
878 2711 -5094 -234 -6169 3718 5413
879 2711 -5095 -232 -6169 3719 5412
880 2709 -5096 -229 -6168 3719 5409
881 2710 -5096 -234 -6172 3720 5410
882 2713 -5095 -230 -6167 3718 5411
883 2711 -5095 -228 -6169 3718 5411
884 2712 -5094 -230 -6170 3718 5411
885 2714 -5095 -232 -6169 3719 5413
886 2715 -5090 -230 -6170 3716 5411
887 2712 -5094 -232 -6169 3720 5414
888 2710 -5094 -230 -6169 3718 5409
889 2709 -5095 -231 -6165 3717 5411
890 2713 -5094 -231 -6169 3718 5413
891 2710 -5094 -230 -6168 3714 5408
892 2712 -5090 -231 -6168 3718 5411
893 2713 -5093 -228 -6167 3718 5410
894 2711 -5090 -231 -6168 3719 5409
895 2711 -5094 -234 -6168 3721 5408
896 2708 -5091 -234 -6168 3720 5412
897 2711 -5090 -230 -6169 3719 5410
898 2710 -5094 -231 -6171 3717 5407
899 2716 -5094 -230 -6170 3716 5412
900 2712 -5091 -230 -6168 3718 5411
901 2711 -5092 -229 -6168 3719 5410
902 2712 -5094 -232 -6169 3720 5409
903 2713 -5094 -229 -6167 3717 5412
904 2711 -5089 -229 -6167 3716 5408
905 2710 -5095 -231 -6170 3716 5410
906 2712 -5093 -230 -6168 3720 5413
907 2713 -5093 -228 -6166 3715 5411
908 2709 -5094 -231 -6170 3719 5412
909 2713 -5094 -229 -6173 3716 5412
910 2713 -5092 -232 -6172 3719 5410
911 2712 -5092 -231 -6170 3720 5413
912 2712 -5093 -232 -6171 3719 5411
913 2712 -5095 -232 -6171 3720 5412
914 2712 -5096 -233 -6171 3720 5412
915 2711 -5095 -230 -6171 3719 5412
916 2712 -5096 -231 -6172 3719 5408
917 2710 -5096 -232 -6171 3719 5412
918 2712 -5097 -231 -6170 3719 5407
919 2714 -5096 -231 -6172 3718 5412
920 2712 -5095 -227 -6176 3722 5412
921 2715 -5094 -230 -6172 3718 5415
922 2709 -5097 -231 -6171 3720 5412
923 2712 -5099 -229 -6174 3720 5412
924 2716 -5096 -228 -6173 3719 5415
925 2711 -5095 -225 -6171 3720 5413
926 2713 -5099 -230 -6176 3720 5410
927 2712 -5094 -232 -6172 3719 5411
928 2712 -5096 -231 -6174 3720 5416
929 2714 -5094 -232 -6172 3719 5411
930 2711 -5098 -229 -6170 3719 5412
931 2713 -5096 -231 -6171 3718 5411
932 2712 -5094 -230 -6172 3721 5410
933 2712 -5097 -230 -6170 3722 5414
934 2712 -5095 -230 -6171 3718 5413
935 2714 -5096 -231 -6169 3718 5413
936 2710 -5097 -232 -6171 3721 5411
937 2711 -5095 -232 -6172 3717 5408
938 2711 -5090 -231 -6172 3717 5412
939 2710 -5097 -232 -6170 3721 5414
940 2712 -5096 -232 -6172 3719 5410
941 2709 -5092 -230 -6169 3718 5412
942 2715 -5092 -230 -6169 3718 5414
943 2710 -5095 -230 -6169 3718 5413
944 2710 -5096 -230 -6166 3720 5413
945 2712 -5094 -229 -6170 3722 5410
946 2710 -5093 -232 -6170 3719 5411
947 2713 -5093 -229 -6171 3720 5413
948 2714 -5093 -229 -6173 3718 5411
949 2710 -5093 -230 -6170 3718 5416
950 2711 -5094 -233 -6173 3719 5412
951 2710 -5093 -231 -6168 3717 5407
952 2714 -5095 -230 -6171 3715 5411
953 2708 -5091 -230 -6168 3719 5411
954 2713 -5095 -228 -6169 3721 5411
955 2712 -5095 -228 -6171 3716 5414
956 2713 -5092 -229 -6171 3721 5411
957 2714 -5093 -228 -6172 3719 5411
958 2714 -5094 -229 -6169 3720 5412
959 2716 -5092 -231 -6169 3719 5411
960 2716 -5092 -228 -6171 3723 5415
961 2713 -5091 -228 -6168 3723 5413
962 2715 -5091 -230 -6171 3719 5412
963 2715 -5090 -228 -6172 3720 5415
964 2714 -5092 -229 -6170 3721 5411
965 2715 -5094 -229 -6171 3719 5415
966 2716 -5095 -229 -6171 3719 5414
967 2711 -5092 -229 -6169 3722 5414
968 2712 -5094 -229 -6171 3721 5412
969 2711 -5092 -228 -6170 3722 5415
970 2712 -5093 -229 -6171 3722 5415
971 2717 -5091 -232 -6170 3720 5416
972 2715 -5092 -228 -6169 3719 5413
973 2714 -5093 -228 -6172 3720 5418
974 2713 -5091 -228 -6170 3721 5413
975 2712 -5093 -230 -6169 3721 5410
976 2713 -5092 -230 -6168 3721 5414
977 2716 -5091 -226 -6171 3718 5414
978 2709 -5092 -230 -6169 3719 5414
979 2714 -5095 -230 -6173 3717 5408
980 2708 -5093 -232 -6170 3719 5408
981 2711 -5093 -230 -6171 3720 5410
982 2711 -5092 -230 -6171 3719 5413
983 2711 -5092 -231 -6171 3718 5410
984 2711 -5094 -228 -6173 3718 5408
985 2713 -5092 -230 -6167 3719 5412
986 2710 -5090 -227 -6171 3720 5413
987 2713 -5093 -227 -6170 3719 5408
988 2710 -5093 -231 -6175 3718 5414
989 2710 -5091 -233 -6168 3716 5411
990 2711 -5092 -230 -6169 3718 5413
991 2712 -5089 -230 -6171 3718 5414
992 2712 -5094 -229 -6172 3719 5414
993 2712 -5092 -229 -6174 3720 5414
994 2712 -5090 -227 -6171 3719 5416
995 2711 -5093 -230 -6175 3718 5412
996 2711 -5091 -227 -6173 3719 5412
997 2709 -5092 -229 -6173 3722 5413
998 2709 -5097 -225 -6170 3724 5414
999 2710 -5093 -230 -6172 3718 5412
