0 129 -1662 707 1191 -1253 869
1 131 -1657 707 1191 -1253 870
2 126 -1662 705 1192 -1258 867
3 130 -1664 708 1193 -1255 869
4 128 -1660 707 1191 -1254 870
5 127 -1665 707 1190 -1253 869
6 125 -1661 703 1193 -1253 870
7 129 -1658 705 1189 -1254 866
8 126 -1663 703 1190 -1257 867
9 128 -1665 706 1189 -1256 869
10 125 -1664 703 1189 -1253 869
11 125 -1664 708 1187 -1254 870
12 126 -1660 711 1186 -1256 869
13 126 -1661 708 1191 -1258 869
14 125 -1661 705 1191 -1256 869
15 128 -1659 711 1189 -1254 873
16 126 -1663 708 1189 -1253 869
17 127 -1664 707 1189 -1257 868
18 125 -1663 706 1192 -1256 870
19 129 -1663 705 1189 -1255 866
20 128 -1665 704 1191 -1256 867
21 131 -1662 707 1190 -1255 865
22 128 -1664 707 1192 -1252 869
23 129 -1665 707 1194 -1254 870
24 125 -1663 705 1192 -1254 869
25 127 -1662 706 1193 -1253 866
26 127 -1664 705 1190 -1253 864
27 129 -1660 709 1193 -1255 867
28 128 -1661 707 1190 -1253 866
29 127 -1660 709 1189 -1255 867
30 128 -1659 707 1191 -1255 868
31 123 -1663 706 1191 -1255 869
32 128 -1662 709 1187 -1255 871
33 127 -1662 708 1194 -1252 868
34 125 -1660 710 1189 -1255 870
35 127 -1661 708 1190 -1254 871
36 125 -1661 708 1189 -1254 867
37 128 -1663 707 1187 -1254 868
38 121 -1665 706 1190 -1259 869
39 127 -1662 707 1187 -1258 866
40 127 -1663 709 1191 -1256 870
41 130 -1664 707 1192 -1253 867
42 128 -1663 707 1188 -1253 867
43 129 -1662 706 1189 -1256 872
44 126 -1662 705 1191 -1254 869
45 126 -1665 706 1191 -1252 871
46 129 -1661 704 1196 -1254 873
47 130 -1663 706 1191 -1251 868
48 127 -1661 708 1191 -1252 870
49 128 -1661 707 1190 -1252 871
50 131 -1661 707 1194 -1253 869
51 128 -1661 709 1190 -1254 870
52 128 -1660 706 1188 -1253 868
53 126 -1662 710 1186 -1253 867
54 126 -1659 708 1188 -1255 869
55 126 -1661 709 1190 -1256 869
56 126 -1664 709 1190 -1254 867
57 124 -1662 705 1186 -1255 868
58 129 -1663 706 1191 -1253 870
59 124 -1662 707 1190 -1256 870
60 123 -1662 704 1191 -1250 868
61 127 -1662 709 1190 -1256 870
62 126 -1664 708 1190 -1255 868
63 126 -1664 707 1192 -1255 868
64 129 -1661 707 1190 -1256 870
65 127 -1663 707 1191 -1255 869
66 128 -1660 705 1192 -1255 868
67 127 -1660 708 1192 -1252 869
68 132 -1661 706 1194 -1253 867
69 128 -1660 706 1190 -1252 872
70 128 -1661 709 1189 -1251 865
71 128 -1660 705 1188 -1256 867
72 130 -1658 707 1191 -1249 870
73 128 -1659 708 1190 -1247 871
74 129 -1659 706 1190 -1252 871
75 128 -1663 707 1191 -1254 870
76 128 -1661 708 1188 -1250 871
77 126 -1659 709 1186 -1254 869
78 127 -1662 707 1189 -1256 871
79 127 -1661 708 1187 -1253 870
80 130 -1659 710 1187 -1255 870
81 128 -1661 709 1190 -1256 865
82 128 -1661 707 1189 -1254 870
83 127 -1660 708 1191 -1253 868
84 128 -1667 707 1190 -1254 868
85 128 -1664 707 1188 -1256 870
86 129 -1662 708 1192 -1254 871
87 128 -1661 707 1191 -1252 870
88 132 -1662 705 1192 -1254 870
89 131 -1661 708 1190 -1252 870
90 130 -1662 706 1192 -1253 873
91 127 -1661 706 1189 -1250 871
92 128 -1661 706 1190 -1253 871
93 131 -1658 708 1191 -1252 871
94 131 -1659 708 1193 -1254 872
95 129 -1657 710 1191 -1252 871
96 129 -1659 708 1192 -1253 869
97 128 -1660 713 1189 -1253 870
98 127 -1655 710 1186 -1254 870
99 130 -1660 710 1188 -1252 870
100 125 -1659 712 1186 -1252 870
101 125 -1662 706 1188 -1257 870
102 125 -1661 708 1190 -1255 869
103 126 -1663 708 1188 -1254 871
104 126 -1661 707 1193 -1252 868
105 125 -1662 703 1191 -1255 871
106 128 -1663 706 1191 -1250 872
107 128 -1662 708 1190 -1251 866
108 128 -1662 706 1190 -1255 868
109 130 -1658 706 1190 -1254 871
110 127 -1661 707 1193 -1253 870
111 130 -1663 707 1189 -1251 871
112 130 -1662 708 1191 -1253 870
113 130 -1660 709 1190 -1254 870
114 128 -1659 708 1190 -1252 872
115 129 -1662 709 1192 -1252 868
116 126 -1659 706 1191 -1251 868
117 130 -1660 708 1187 -1250 869
118 123 -1660 707 1186 -1252 870
119 124 -1660 708 1187 -1253 870
120 121 -1660 705 1184 -1253 867
121 127 -1664 706 1186 -1256 867
122 127 -1665 706 1184 -1255 865
123 124 -1662 707 1188 -1255 867
124 124 -1664 705 1189 -1255 868
125 129 -1658 705 1191 -1252 871
126 123 -1662 706 1188 -1258 868
127 130 -1663 706 1191 -1257 869
128 130 -1662 708 1191 -1254 869
129 127 -1666 705 1191 -1254 870
130 130 -1665 707 1190 -1254 869
131 129 -1662 707 1193 -1253 868
132 127 -1662 707 1192 -1251 870
133 129 -1659 707 1190 -1254 868
134 129 -1658 708 1192 -1253 870
135 129 -1660 708 1191 -1252 868
136 128 -1658 710 1190 -1254 869
137 128 -1661 706 1196 -1252 871
138 128 -1657 708 1192 -1253 868
139 128 -1660 706 1195 -1250 870
140 128 -1657 711 1191 -1251 870
141 129 -1661 707 1190 -1251 867
142 127 -1661 709 1187 -1253 866
143 128 -1662 706 1188 -1254 870
144 127 -1661 708 1188 -1252 870
145 124 -1661 708 1189 -1255 868
146 124 -1663 706 1188 -1253 870
147 125 -1663 709 1187 -1253 870
148 127 -1661 708 1191 -1252 868
149 128 -1666 706 1193 -1255 870
150 127 -1662 708 1185 -1256 869
151 127 -1659 708 1189 -1253 869
152 128 -1662 707 1192 -1253 869
153 127 -1665 703 1192 -1253 869
154 127 -1662 707 1190 -1255 867
155 132 -1663 704 1193 -1255 869
156 128 -1660 712 1192 -1254 871
157 130 -1663 708 1192 -1252 866
158 126 -1662 705 1195 -1250 869
159 128 -1660 711 1192 -1253 869
160 130 -1660 711 1191 -1253 876
161 128 -1658 712 1186 -1252 868
162 128 -1663 704 1189 -1252 869
163 127 -1663 707 1188 -1257 868
164 126 -1660 709 1186 -1257 867
165 122 -1660 710 1191 -1253 871
166 123 -1661 709 1191 -1252 866
167 125 -1664 708 1189 -1254 869
168 126 -1661 708 1188 -1253 870
169 125 -1658 708 1190 -1252 872
170 127 -1664 707 1189 -1253 867
171 127 -1665 709 1187 -1254 871
172 130 -1659 708 1191 -1252 867
173 126 -1663 707 1189 -1256 869
174 130 -1662 706 1190 -1253 872
175 131 -1664 708 1192 -1251 871
176 132 -1660 709 1193 -1253 870
177 128 -1664 706 1190 -1253 871
178 130 -1660 708 1191 -1249 874
179 132 -1657 710 1194 -1254 870
180 131 -1661 710 1189 -1252 869
181 129 -1661 710 1188 -1252 868
182 130 -1660 710 1189 -1251 871
183 128 -1657 707 1192 -1250 871
184 126 -1657 711 1189 -1255 868
185 122 -1660 709 1187 -1255 869
186 126 -1661 707 1187 -1255 869
187 127 -1662 709 1188 -1254 870
188 124 -1662 710 1186 -1258 868
189 126 -1663 705 1192 -1256 867
190 123 -1666 707 1189 -1255 870
191 123 -1661 706 1188 -1256 867
192 126 -1662 708 1188 -1253 865
193 128 -1664 705 1189 -1251 870
194 128 -1663 707 1188 -1258 867
195 128 -1663 708 1192 -1254 869
196 127 -1662 707 1190 -1254 868
197 131 -1662 706 1191 -1253 868
198 124 -1664 705 1189 -1255 870
199 128 -1663 705 1190 -1253 869
200 127 -1660 705 1191 -1253 866
201 129 -1659 708 1189 -1253 869
202 128 -1661 705 1190 -1252 869
203 124 -1664 704 1187 -1253 869
204 127 -1660 706 1190 -1253 868
205 130 -1663 706 1192 -1253 868
206 127 -1661 704 1188 -1256 868
207 128 -1661 704 1186 -1256 869
208 125 -1663 708 1190 -1256 863
209 125 -1662 705 1187 -1252 867
210 127 -1663 705 1188 -1255 869
211 125 -1662 705 1191 -1252 871
212 127 -1661 709 1191 -1253 869
213 128 -1664 708 1190 -1256 869
214 130 -1660 705 1188 -1254 868
215 126 -1662 704 1190 -1254 867
216 128 -1664 708 1189 -1253 868
217 124 -1664 704 1192 -1254 868
218 129 -1663 704 1190 -1255 870
219 123 -1663 706 1189 -1254 869
220 124 -1664 708 1188 -1253 867
221 126 -1662 705 1189 -1255 869
222 129 -1663 706 1192 -1252 870
223 130 -1664 707 1191 -1255 872
224 126 -1661 708 1188 -1255 867
225 126 -1661 706 1191 -1251 867
226 128 -1662 711 1189 -1254 870
227 129 -1660 709 1188 -1254 867
228 130 -1658 706 1190 -1254 870
229 127 -1660 709 1189 -1253 869
230 126 -1663 706 1191 -1255 869
231 125 -1663 709 1190 -1255 868
232 125 -1660 708 1189 -1252 867
233 124 -1663 706 1187 -1255 867
234 125 -1663 704 1190 -1253 867
235 129 -1663 707 1188 -1255 869
236 128 -1665 706 1193 -1254 865
237 127 -1663 708 1190 -1254 870
238 126 -1663 707 1193 -1255 869
239 126 -1664 708 1190 -1254 869
240 130 -1666 707 1193 -1253 867
241 126 -1663 702 1191 -1253 868
242 133 -1661 710 1191 -1253 870
243 128 -1662 708 1192 -1253 871
244 125 -1661 706 1193 -1252 870
245 128 -1659 708 1194 -1253 871
246 128 -1661 707 1189 -1252 869
247 125 -1660 708 1188 -1251 869
248 125 -1663 709 1195 -1254 871
249 128 -1662 710 1188 -1255 869
250 126 -1660 709 1189 -1252 867
251 127 -1662 706 1189 -1253 870
252 124 -1664 705 1188 -1255 869
253 124 -1662 707 1190 -1254 865
254 127 -1659 708 1190 -1258 867
255 127 -1664 705 1187 -1256 865
256 124 -1662 709 1187 -1256 869
257 127 -1663 705 1192 -1254 871
258 125 -1664 707 1190 -1255 866
259 124 -1668 706 1189 -1256 868
260 126 -1665 707 1192 -1255 866
261 128 -1663 708 1188 -1255 868
262 126 -1662 704 1191 -1255 867
263 130 -1661 705 1192 -1255 868
264 126 -1665 703 1189 -1257 870
265 128 -1659 705 1192 -1253 870
266 126 -1664 705 1189 -1256 871
267 127 -1663 704 1188 -1254 865
268 123 -1662 708 1189 -1253 867
269 127 -1660 707 1187 -1256 869
270 130 -1659 705 1189 -1253 868
271 124 -1662 709 1187 -1255 871
272 125 -1661 705 1187 -1257 870
273 127 -1662 706 1188 -1257 870
274 128 -1662 707 1188 -1256 867
275 124 -1662 707 1190 -1256 869
276 124 -1665 704 1186 -1258 866
277 126 -1666 708 1190 -1256 865
278 125 -1668 704 1188 -1257 867
279 123 -1663 703 1191 -1255 868
280 127 -1666 706 1192 -1256 868
281 127 -1666 707 1193 -1252 869
282 128 -1663 708 1189 -1254 868
283 126 -1665 706 1190 -1252 867
284 128 -1661 707 1192 -1256 869
285 127 -1662 707 1191 -1257 869
286 130 -1662 706 1191 -1252 869
287 129 -1660 705 1187 -1253 869
288 130 -1661 709 1188 -1254 871
289 131 -1660 711 1187 -1252 872
290 130 -1660 707 1191 -1253 871
291 127 -1662 711 1186 -1251 871
292 127 -1658 709 1188 -1255 871
293 128 -1663 710 1188 -1255 868
294 126 -1660 706 1187 -1255 868
295 125 -1662 706 1189 -1252 867
296 126 -1662 707 1192 -1253 869
297 127 -1664 706 1190 -1253 868
298 131 -1660 707 1190 -1255 867
299 128 -1661 706 1190 -1256 869
300 128 -1660 709 1191 -1255 869
301 125 -1665 705 1192 -1255 867
302 128 -1662 706 1191 -1254 867
303 127 -1663 706 1190 -1255 867
304 126 -1663 705 1190 -1254 868
305 124 -1666 709 1189 -1255 868
306 127 -1662 708 1193 -1254 870
307 129 -1662 708 1191 -1253 869
308 126 -1661 706 1192 -1254 865
309 128 -1664 707 1192 -1252 870
310 125 -1661 704 1188 -1254 871
311 127 -1657 710 1190 -1253 871
312 128 -1662 707 1189 -1255 870
313 127 -1659 709 1188 -1254 868
314 126 -1664 704 1190 -1255 867
315 123 -1659 707 1190 -1259 868
316 124 -1665 706 1188 -1255 866
317 127 -1660 708 1194 -1253 872
318 125 -1660 710 1192 -1255 869
319 127 -1662 708 1189 -1256 869
320 126 -1661 706 1190 -1250 867
321 129 -1662 708 1193 -1254 870
322 127 -1661 709 1193 -1254 867
323 129 -1662 706 1190 -1254 866
324 128 -1663 706 1194 -1253 867
325 129 -1664 706 1195 -1254 868
326 127 -1662 712 1195 -1254 872
327 128 -1663 708 1191 -1255 870
328 128 -1663 706 1194 -1253 869
329 129 -1663 706 1193 -1251 870
330 128 -1660 708 1191 -1252 871
331 127 -1662 709 1192 -1252 867
332 128 -1659 707 1189 -1252 870
333 123 -1660 710 1191 -1251 873
334 128 -1663 711 1189 -1253 872
335 126 -1661 704 1191 -1253 866
336 127 -1658 711 1190 -1252 868
337 127 -1660 709 1191 -1254 870
338 127 -1661 706 1188 -1253 865
339 125 -1661 705 1188 -1259 866
340 125 -1663 707 1192 -1254 864
341 127 -1661 710 1190 -1254 870
342 125 -1662 709 1188 -1258 869
343 125 -1665 707 1189 -1255 871
344 127 -1660 704 1192 -1255 868
345 128 -1665 707 1190 -1253 870
346 128 -1663 705 1188 -1252 869
347 130 -1661 708 1192 -1254 869
348 129 -1662 705 1194 -1258 870
349 128 -1663 706 1194 -1254 868
350 127 -1661 707 1192 -1254 869
351 131 -1662 706 1191 -1254 872
352 126 -1659 708 1191 -1254 868
353 130 -1661 706 1192 -1255 867
354 128 -1661 708 1188 -1254 871
355 126 -1659 707 1188 -1254 869
356 127 -1660 707 1190 -1254 869
357 129 -1661 711 1187 -1255 871
358 121 -1663 706 1188 -1257 870
359 126 -1663 707 1189 -1253 868
360 128 -1663 706 1190 -1256 866
361 128 -1661 705 1189 -1254 870
362 124 -1666 701 1188 -1256 867
363 125 -1662 710 1192 -1258 865
364 126 -1662 705 1190 -1257 869
365 127 -1667 707 1194 -1255 865
366 124 -1661 708 1192 -1253 868
367 126 -1661 709 1191 -1255 864
368 127 -1662 710 1190 -1255 867
369 132 -1662 706 1191 -1258 865
370 129 -1664 704 1192 -1256 868
371 125 -1664 707 1194 -1255 869
372 127 -1661 705 1192 -1255 868
373 129 -1661 706 1188 -1254 868
374 126 -1661 707 1190 -1252 866
375 127 -1661 709 1194 -1252 867
376 127 -1659 705 1190 -1251 868
377 127 -1660 707 1187 -1254 871
378 123 -1663 709 1191 -1257 869
379 125 -1662 707 1190 -1252 866
380 126 -1661 707 1188 -1255 867
381 129 -1663 709 1188 -1256 870
382 126 -1661 708 1183 -1259 864
383 126 -1661 705 1185 -1256 869
384 126 -1664 705 1188 -1254 866
385 126 -1663 709 1189 -1255 869
386 124 -1663 707 1189 -1254 868
387 126 -1662 703 1195 -1254 868
388 127 -1664 705 1188 -1253 868
389 127 -1663 708 1190 -1254 866
390 128 -1661 707 1191 -1256 869
391 129 -1663 706 1189 -1254 868
392 128 -1665 703 1192 -1256 866
393 128 -1663 701 1190 -1252 871
394 128 -1659 708 1192 -1253 870
395 128 -1659 709 1191 -1253 867
396 130 -1661 705 1193 -1252 868
397 128 -1660 709 1191 -1254 869
398 126 -1660 708 1190 -1251 869
399 130 -1659 709 1191 -1253 869
400 127 -1663 705 1189 -1254 874
401 127 -1659 708 1186 -1253 872
402 127 -1661 708 1186 -1253 870
403 125 -1660 705 1189 -1257 869
404 128 -1661 707 1187 -1253 869
405 126 -1663 707 1189 -1255 871
406 127 -1659 708 1189 -1255 869
407 128 -1660 702 1186 -1251 868
408 129 -1662 708 1186 -1254 869
409 128 -1663 704 1188 -1256 867
410 126 -1663 706 1193 -1255 871
411 126 -1661 709 1191 -1252 868
412 127 -1662 706 1190 -1254 864
413 124 -1663 707 1190 -1254 868
414 126 -1663 707 1192 -1255 869
415 123 -1665 704 1191 -1255 869
416 129 -1662 710 1191 -1252 867
417 128 -1660 703 1191 -1253 868
418 127 -1662 707 1190 -1255 873
419 128 -1659 711 1191 -1252 870
420 127 -1661 710 1190 -1251 868
421 127 -1661 710 1188 -1252 870
422 126 -1661 708 1190 -1254 866
423 123 -1657 708 1188 -1258 865
424 124 -1663 705 1186 -1255 867
425 126 -1661 709 1189 -1254 870
426 132 -1659 708 1191 -1252 871
427 125 -1659 710 1189 -1257 870
428 126 -1661 708 1186 -1254 865
429 126 -1665 704 1184 -1253 867
430 126 -1662 706 1188 -1258 869
431 127 -1665 706 1189 -1258 864
432 125 -1664 705 1189 -1253 871
433 128 -1668 705 1189 -1254 869
434 127 -1662 703 1193 -1255 870
435 127 -1661 708 1193 -1247 872
436 127 -1663 706 1190 -1252 871
437 127 -1663 706 1194 -1254 870
438 125 -1663 709 1189 -1253 870
439 132 -1658 707 1189 -1254 871
440 127 -1661 706 1191 -1252 870
441 125 -1661 708 1192 -1252 869
442 129 -1661 708 1189 -1256 870
443 128 -1659 708 1192 -1253 867
444 127 -1664 706 1188 -1252 868
445 127 -1660 708 1187 -1255 869
446 122 -1665 706 1187 -1257 870
447 127 -1661 709 1188 -1253 867
448 122 -1658 706 1187 -1258 868
449 125 -1661 707 1190 -1256 864
450 126 -1664 707 1190 -1256 865
451 124 -1660 708 1191 -1256 871
452 129 -1663 706 1188 -1257 869
453 129 -1660 706 1189 -1258 869
454 126 -1662 709 1194 -1255 867
455 125 -1662 705 1192 -1253 867
456 130 -1663 708 1192 -1252 868
457 128 -1662 708 1193 -1253 868
458 130 -1663 705 1191 -1255 870
459 124 -1663 708 1188 -1251 871
460 126 -1663 709 1191 -1251 872
461 127 -1661 708 1192 -1251 867
462 127 -1659 709 1189 -1254 870
463 126 -1661 709 1191 -1252 869
464 128 -1660 708 1190 -1254 871
465 128 -1660 709 1190 -1250 869
466 128 -1658 706 1190 -1255 869
467 127 -1662 710 1189 -1252 871
468 126 -1658 704 1189 -1254 869
469 125 -1660 708 1187 -1252 872
470 126 -1661 707 1190 -1255 868
471 126 -1665 707 1187 -1252 867
472 124 -1661 706 1190 -1257 868
473 126 -1661 707 1188 -1252 869
474 127 -1663 706 1190 -1258 866
475 130 -1666 705 1188 -1255 867
476 129 -1663 708 1189 -1254 872
477 126 -1664 707 1191 -1253 871
478 126 -1665 707 1189 -1253 867
479 131 -1663 706 1190 -1253 873
480 129 -1662 712 1191 -1254 871
481 130 -1661 707 1193 -1253 870
482 129 -1658 707 1194 -1251 869
483 130 -1663 704 1192 -1254 867
484 133 -1662 706 1193 -1254 867
485 127 -1659 708 1192 -1254 870
486 128 -1661 705 1188 -1256 870
487 123 -1662 707 1190 -1251 870
488 128 -1662 707 1191 -1252 872
489 127 -1659 710 1190 -1254 870
490 126 -1660 707 1190 -1254 870
491 124 -1662 708 1187 -1258 867
492 126 -1659 705 1188 -1255 868
493 126 -1661 708 1188 -1258 868
494 128 -1664 707 1191 -1252 869
495 124 -1662 708 1188 -1252 866
496 126 -1663 705 1190 -1252 871
497 127 -1663 703 1190 -1253 871
498 125 -1664 709 1193 -1253 867
499 125 -1660 707 1190 -1258 869
500 128 -1664 707 1187 -1253 867
501 126 -1662 708 1193 -1254 869
502 124 -1664 704 1193 -1256 867
503 127 -1662 708 1190 -1254 870
504 125 -1662 708 1188 -1253 868
505 128 -1662 709 1189 -1255 868
506 129 -1661 708 1192 -1252 870
507 126 -1662 707 1190 -1254 867
508 122 -1662 707 1188 -1254 866
509 124 -1661 706 1188 -1253 868
510 124 -1660 709 1188 -1255 865
511 125 -1661 706 1186 -1254 868
512 126 -1659 710 1188 -1254 868
513 123 -1658 710 1187 -1254 871
514 129 -1661 708 1191 -1252 870
515 128 -1663 705 1190 -1254 866
516 128 -1662 708 1187 -1256 869
517 126 -1664 702 1188 -1255 869
518 126 -1662 706 1188 -1255 867
519 127 -1662 706 1195 -1254 866
520 126 -1662 708 1191 -1252 870
521 129 -1658 706 1190 -1253 869
522 126 -1665 708 1194 -1252 871
523 130 -1663 709 1188 -1254 869
524 129 -1663 705 1191 -1254 871
525 129 -1661 709 1191 -1251 868
526 127 -1661 710 1191 -1250 866
527 125 -1659 707 1190 -1254 870
528 129 -1660 706 1191 -1254 869
529 128 -1659 708 1187 -1252 867
530 124 -1660 709 1187 -1253 869
531 128 -1658 709 1185 -1256 869
532 127 -1661 704 1189 -1255 868
533 126 -1659 708 1187 -1256 868
534 127 -1661 706 1188 -1256 868
535 125 -1661 707 1189 -1254 867
536 129 -1658 709 1187 -1253 872
537 128 -1660 705 1191 -1256 870
538 127 -1660 705 1189 -1254 869
539 129 -1663 708 1192 -1253 868
540 129 -1663 708 1187 -1257 869
541 128 -1665 707 1195 -1253 868
542 128 -1662 705 1191 -1254 869
543 131 -1659 708 1188 -1255 870
544 129 -1662 705 1193 -1251 870
545 128 -1662 708 1194 -1254 869
546 130 -1661 704 1190 -1253 867
547 132 -1660 710 1190 -1252 870
548 132 -1661 712 1194 -1253 871
549 128 -1658 709 1189 -1252 870
550 129 -1658 707 1189 -1254 871
551 126 -1662 709 1191 -1255 869
552 124 -1659 709 1190 -1252 871
553 127 -1663 708 1188 -1250 870
554 125 -1660 712 1189 -1254 868
555 125 -1657 710 1189 -1255 867
556 125 -1663 709 1188 -1255 869
557 128 -1660 711 1187 -1253 870
558 127 -1658 709 1189 -1253 870
559 127 -1659 707 1187 -1257 867
560 126 -1664 706 1191 -1256 870
561 125 -1664 706 1190 -1255 870
562 128 -1662 705 1189 -1254 866
563 128 -1663 706 1187 -1252 868
564 129 -1666 706 1187 -1252 868
565 129 -1665 706 1189 -1255 871
566 129 -1663 705 1187 -1253 869
567 127 -1664 708 1187 -1256 869
568 125 -1660 705 1188 -1255 869
569 128 -1660 705 1191 -1252 869
570 129 -1660 707 1187 -1252 867
571 126 -1661 707 1189 -1253 869
572 128 -1661 710 1192 -1252 874
573 125 -1659 707 1190 -1255 868
574 130 -1660 708 1188 -1255 869
575 128 -1663 708 1182 -1255 869
576 124 -1661 705 1185 -1256 868
577 126 -1664 704 1185 -1257 867
578 126 -1661 710 1187 -1255 868
579 129 -1663 709 1186 -1255 866
580 126 -1661 709 1189 -1254 866
581 129 -1658 710 1189 -1256 869
582 128 -1663 706 1190 -1256 866
583 128 -1663 707 1189 -1252 871
584 128 -1665 707 1188 -1255 869
585 126 -1666 706 1191 -1254 866
586 127 -1663 706 1190 -1257 870
587 130 -1659 708 1189 -1253 868
588 128 -1661 707 1188 -1253 866
589 129 -1663 706 1187 -1253 869
590 127 -1660 707 1186 -1253 872
591 125 -1663 707 1186 -1254 870
592 125 -1663 708 1189 -1250 869
593 127 -1663 706 1190 -1254 870
594 127 -1659 707 1190 -1253 871
595 126 -1661 705 1191 -1255 870
596 132 -1661 707 1187 -1253 869
597 125 -1662 708 1188 -1253 868
598 126 -1665 709 1186 -1256 867
599 129 -1659 707 1188 -1253 870
600 127 -1659 710 1189 -1254 869
601 127 -1660 708 1189 -1257 863
602 128 -1662 705 1188 -1252 866
603 128 -1663 704 1190 -1256 869
604 129 -1662 703 1189 -1257 872
605 124 -1664 707 1190 -1255 867
606 129 -1663 708 1188 -1255 867
607 128 -1663 705 1193 -1253 869
608 126 -1661 707 1193 -1259 869
609 128 -1662 707 1191 -1254 870
610 130 -1660 708 1190 -1254 871
611 127 -1662 706 1191 -1253 868
612 128 -1661 705 1192 -1254 868
613 128 -1661 710 1194 -1251 871
614 127 -1660 706 1186 -1253 870
615 125 -1661 705 1186 -1251 870
616 128 -1662 704 1188 -1251 866
617 126 -1661 705 1186 -1258 867
618 124 -1661 706 1185 -1254 872
619 125 -1661 708 1187 -1254 866
620 126 -1665 706 1187 -1254 865
621 126 -1662 706 1188 -1253 867
622 127 -1661 704 1188 -1257 872
623 128 -1661 710 1185 -1255 874
624 128 -1664 705 1188 -1256 869
625 130 -1666 704 1188 -1255 868
626 127 -1664 708 1193 -1257 868
627 129 -1662 707 1189 -1254 869
628 131 -1662 706 1190 -1254 870
629 127 -1664 706 1191 -1253 871
630 130 -1664 706 1194 -1254 867
631 128 -1661 708 1190 -1255 873
632 126 -1660 710 1189 -1253 871
633 129 -1662 709 1192 -1252 869
634 128 -1663 707 1192 -1251 869
635 130 -1663 709 1187 -1255 866
636 127 -1659 709 1187 -1252 871
637 127 -1660 711 1187 -1252 865
638 128 -1662 709 1187 -1254 864
639 126 -1659 708 1188 -1254 869
640 124 -1658 712 1188 -1253 867
641 123 -1662 711 1188 -1252 871
642 125 -1663 707 1187 -1254 867
643 125 -1661 707 1185 -1254 868
644 128 -1659 709 1188 -1254 870
645 125 -1661 711 1186 -1256 867
646 127 -1666 706 1187 -1255 869
647 127 -1665 707 1188 -1256 867
648 128 -1663 706 1189 -1256 872
649 128 -1662 707 1188 -1252 868
650 128 -1664 710 1191 -1253 869
651 128 -1663 710 1186 -1256 869
652 129 -1663 705 1192 -1254 867
653 129 -1662 707 1190 -1255 872
654 131 -1661 706 1193 -1253 867
655 129 -1659 709 1191 -1252 871
656 131 -1663 708 1187 -1253 871
657 127 -1663 706 1187 -1252 869
658 127 -1658 707 1188 -1255 867
659 128 -1660 706 1189 -1254 869
660 125 -1663 707 1188 -1256 871
661 130 -1658 708 1190 -1254 867
662 126 -1658 707 1190 -1256 869
663 126 -1660 707 1191 -1257 868
664 129 -1661 711 1187 -1254 870
665 123 -1662 706 1189 -1252 867
666 125 -1662 706 1190 -1254 871
667 127 -1662 709 1191 -1253 866
668 127 -1662 709 1188 -1254 869
669 128 -1665 708 1190 -1253 867
670 129 -1664 705 1187 -1255 870
671 129 -1663 706 1189 -1256 870
672 129 -1660 709 1188 -1251 869
673 126 -1664 706 1190 -1252 869
674 127 -1664 709 1192 -1252 869
675 130 -1660 708 1188 -1255 871
676 130 -1661 712 1191 -1252 871
677 130 -1659 709 1188 -1252 870
678 127 -1660 707 1191 -1255 870
679 126 -1660 705 1191 -1252 871
680 126 -1660 710 1190 -1252 870
681 127 -1657 707 1187 -1252 873
682 124 -1661 706 1186 -1255 868
683 128 -1660 704 1189 -1252 868
684 126 -1660 710 1190 -1253 870
685 125 -1655 708 1190 -1253 867
686 125 -1660 708 1187 -1254 868
687 124 -1660 706 1189 -1254 866
688 129 -1660 709 1192 -1252 871
689 128 -1661 708 1188 -1257 870
690 127 -1663 709 1189 -1255 867
691 127 -1661 708 1189 -1251 870
692 126 -1662 704 1190 -1254 868
693 128 -1661 707 1190 -1254 866
694 131 -1661 707 1188 -1257 871
695 130 -1661 710 1189 -1253 869
696 128 -1661 707 1191 -1254 870
697 130 -1663 708 1190 -1254 870
698 129 -1663 708 1188 -1252 870
699 130 -1662 710 1188 -1252 869
700 128 -1661 708 1189 -1254 869
701 130 -1661 707 1190 -1251 869
702 129 -1660 706 1188 -1254 869
703 130 -1657 709 1190 -1256 871
704 125 -1659 708 1187 -1254 871
705 127 -1661 708 1191 -1252 870
706 129 -1659 711 1186 -1252 870
707 126 -1661 710 1186 -1253 869
708 128 -1659 709 1187 -1256 867
709 127 -1663 705 1190 -1255 870
710 126 -1661 707 1190 -1253 869
711 127 -1662 708 1190 -1252 870
712 126 -1661 707 1186 -1256 868
713 129 -1662 705 1189 -1256 867
714 128 -1661 708 1189 -1254 867
715 129 -1662 708 1190 -1255 868
716 129 -1663 707 1187 -1253 870
717 125 -1662 706 1192 -1251 869
718 130 -1663 708 1189 -1254 868
719 126 -1663 707 1190 -1252 868
720 130 -1659 709 1192 -1249 870
721 123 -1662 708 1189 -1251 869
722 125 -1660 706 1191 -1253 868
723 127 -1661 708 1185 -1250 869
724 128 -1660 709 1191 -1252 869
725 127 -1659 709 1188 -1252 871
726 124 -1659 709 1189 -1253 866
727 121 -1659 710 1190 -1255 870
728 128 -1662 707 1185 -1253 869
729 130 -1662 707 1187 -1251 866
730 124 -1658 706 1187 -1256 867
731 125 -1660 709 1189 -1252 869
732 125 -1661 709 1187 -1254 870
733 124 -1664 708 1185 -1257 867
734 124 -1664 704 1187 -1259 868
735 131 -1663 705 1191 -1256 868
736 130 -1662 706 1190 -1257 869
737 130 -1663 706 1191 -1253 870
738 128 -1660 709 1189 -1253 871
739 128 -1663 707 1192 -1253 873
740 132 -1661 707 1192 -1251 869
741 129 -1662 707 1190 -1249 869
742 128 -1662 709 1191 -1255 868
743 128 -1658 708 1191 -1252 869
744 132 -1659 708 1193 -1252 873
745 129 -1655 708 1190 -1251 871
746 131 -1661 708 1193 -1250 871
747 125 -1661 707 1189 -1253 872
748 128 -1654 711 1190 -1252 870
749 126 -1656 711 1191 -1250 871
750 129 -1655 709 1186 -1252 871
751 126 -1658 710 1188 -1254 871
752 126 -1661 706 1186 -1251 867
753 126 -1659 710 1190 -1254 869
754 130 -1661 711 1187 -1255 870
755 124 -1663 711 1187 -1255 869
756 127 -1663 706 1190 -1256 868
757 128 -1661 708 1186 -1255 867
758 129 -1664 705 1192 -1255 868
759 128 -1665 707 1190 -1252 869
760 129 -1660 707 1190 -1254 871
761 129 -1661 706 1190 -1255 867
762 127 -1662 706 1188 -1253 867
763 131 -1663 708 1192 -1252 871
764 129 -1663 705 1191 -1252 869
765 130 -1661 704 1184 -1252 870
766 130 -1660 710 1190 -1253 872
767 126 -1657 709 1188 -1249 869
768 126 -1657 709 1190 -1253 870
769 127 -1661 709 1187 -1253 868
770 126 -1661 708 1187 -1252 870
771 128 -1661 707 1186 -1254 871
772 126 -1662 710 1189 -1253 869
773 127 -1661 710 1186 -1257 870
774 126 -1660 706 1187 -1254 869
775 127 -1660 710 1190 -1256 867
776 125 -1660 707 1187 -1254 868
777 128 -1661 710 1191 -1250 868
778 126 -1659 709 1191 -1253 870
779 129 -1662 708 1191 -1254 868
780 129 -1661 707 1190 -1255 868
781 128 -1658 710 1193 -1254 871
782 127 -1665 706 1191 -1251 869
783 130 -1662 709 1192 -1252 870
784 130 -1661 708 1193 -1251 872
785 130 -1659 710 1190 -1252 871
786 129 -1660 707 1192 -1250 871
787 130 -1659 710 1189 -1251 867
788 131 -1659 708 1190 -1250 871
789 129 -1658 712 1192 -1252 870
790 128 -1658 708 1190 -1254 868
791 128 -1660 710 1184 -1252 868
792 127 -1660 709 1190 -1254 871
793 126 -1660 708 1186 -1256 871
794 125 -1662 706 1188 -1254 869
795 127 -1658 710 1191 -1252 868
796 127 -1660 707 1188 -1252 871
797 126 -1663 709 1189 -1254 869
798 124 -1662 708 1190 -1253 865
799 130 -1662 707 1191 -1255 869
800 128 -1660 708 1190 -1256 872
801 127 -1663 710 1192 -1254 871
802 130 -1660 709 1188 -1254 870
803 125 -1665 704 1193 -1254 871
804 129 -1659 711 1195 -1252 871
805 129 -1660 709 1192 -1252 871
806 128 -1660 706 1191 -1250 868
807 128 -1663 707 1191 -1251 869
808 128 -1663 708 1191 -1251 868
809 129 -1661 713 1191 -1255 871
810 127 -1660 710 1190 -1253 868
811 129 -1660 709 1185 -1255 868
812 129 -1658 705 1189 -1254 872
813 125 -1660 708 1188 -1252 872
814 128 -1657 708 1187 -1253 869
815 125 -1660 708 1185 -1257 866
816 125 -1661 707 1188 -1254 870
817 128 -1659 707 1191 -1257 871
818 126 -1661 708 1188 -1253 868
819 128 -1662 707 1190 -1252 868
820 127 -1659 706 1189 -1257 867
821 127 -1664 706 1191 -1255 870
822 127 -1664 708 1189 -1252 871
823 126 -1663 706 1189 -1254 867
824 128 -1660 706 1192 -1255 870
825 131 -1663 708 1187 -1253 870
826 129 -1661 708 1191 -1254 869
827 132 -1659 705 1193 -1253 869
828 132 -1659 710 1192 -1249 868
829 131 -1659 714 1192 -1252 869
830 130 -1659 706 1189 -1254 869
831 128 -1661 707 1187 -1254 871
832 126 -1660 708 1190 -1252 871
833 126 -1660 707 1190 -1252 870
834 125 -1659 709 1187 -1252 868
835 128 -1659 708 1186 -1255 869
836 129 -1657 708 1190 -1252 869
837 126 -1660 708 1185 -1254 870
838 126 -1662 708 1188 -1255 870
839 124 -1660 707 1189 -1254 868
840 125 -1664 706 1193 -1254 871
841 126 -1664 708 1187 -1255 868
842 127 -1664 704 1192 -1255 868
843 130 -1666 703 1190 -1254 871
844 128 -1661 711 1189 -1254 871
845 129 -1659 706 1192 -1252 868
846 128 -1659 705 1191 -1253 867
847 128 -1658 707 1190 -1255 870
848 126 -1663 706 1192 -1253 871
849 130 -1663 706 1191 -1251 871
850 130 -1661 707 1189 -1255 871
851 130 -1660 710 1191 -1253 871
852 129 -1659 708 1189 -1253 869
853 126 -1660 706 1191 -1252 866
854 129 -1659 707 1190 -1253 868
855 126 -1657 709 1188 -1254 867
856 127 -1659 707 1192 -1252 867
857 126 -1662 711 1189 -1252 871
858 127 -1660 708 1192 -1252 872
859 125 -1658 710 1187 -1252 867
860 124 -1659 709 1188 -1256 868
861 129 -1661 706 1188 -1254 868
862 127 -1664 707 1185 -1256 867
863 130 -1664 708 1190 -1255 871
864 126 -1662 707 1187 -1253 868
865 124 -1665 707 1189 -1252 865
866 129 -1662 705 1189 -1255 868
867 124 -1665 705 1189 -1252 871
868 129 -1663 705 1189 -1256 868
869 126 -1661 706 1192 -1254 867
870 127 -1663 706 1189 -1254 870
871 125 -1664 707 1191 -1250 869
872 127 -1660 707 1191 -1250 871
873 129 -1663 708 1191 -1252 868
874 126 -1662 706 1192 -1250 870
875 129 -1662 709 1192 -1253 870
876 125 -1661 707 1189 -1257 869
877 127 -1661 705 1187 -1254 869
878 126 -1663 707 1188 -1256 869
879 125 -1662 709 1187 -1254 868
880 125 -1660 709 1188 -1253 866
881 124 -1661 707 1190 -1253 868
882 127 -1661 708 1189 -1256 869
883 126 -1664 707 1192 -1256 869
884 129 -1658 707 1189 -1253 869
885 128 -1661 706 1188 -1252 867
886 127 -1663 706 1188 -1252 868
887 128 -1663 706 1191 -1252 872
888 125 -1658 708 1190 -1254 869
889 130 -1660 706 1193 -1253 868
890 130 -1662 707 1192 -1252 872
891 128 -1662 706 1193 -1253 870
892 130 -1663 712 1193 -1252 868
893 131 -1661 712 1191 -1252 870
894 127 -1661 706 1188 -1251 866
895 130 -1659 708 1190 -1254 871
896 129 -1658 705 1188 -1253 873
897 128 -1660 705 1189 -1252 868
898 129 -1661 712 1187 -1251 873
899 132 -1661 706 1193 -1253 873
900 131 -1658 708 1193 -1252 871
901 130 -1658 710 1189 -1252 871
902 129 -1662 710 1187 -1254 871
903 131 -1660 707 1194 -1253 873
904 128 -1661 708 1190 -1253 871
905 126 -1662 706 1190 -1254 867
906 127 -1659 710 1192 -1256 869
907 128 -1662 711 1191 -1251 872
908 127 -1661 706 1193 -1254 868
909 129 -1661 706 1191 -1255 869
910 132 -1660 709 1192 -1254 868
911 130 -1662 708 1190 -1253 870
912 128 -1663 709 1193 -1251 869
913 127 -1661 710 1194 -1253 870
914 125 -1662 708 1192 -1252 869
915 127 -1662 707 1193 -1251 872
916 127 -1658 708 1189 -1251 874
917 133 -1660 709 1189 -1251 873
918 130 -1660 711 1187 -1252 871
919 130 -1660 706 1190 -1254 868
920 127 -1657 707 1185 -1250 873
921 126 -1657 707 1189 -1246 871
922 128 -1658 705 1192 -1252 870
923 129 -1658 708 1186 -1254 874
924 129 -1656 710 1191 -1254 871
925 131 -1659 713 1189 -1254 868
926 130 -1660 706 1189 -1254 868
927 128 -1663 708 1189 -1254 869
928 127 -1662 709 1188 -1256 871
929 128 -1660 708 1190 -1255 869
930 127 -1663 709 1193 -1255 868
931 133 -1661 709 1191 -1254 870
932 129 -1659 710 1191 -1254 871
933 132 -1659 712 1193 -1253 870
934 130 -1662 705 1192 -1252 869
935 131 -1658 711 1193 -1251 872
936 129 -1658 708 1194 -1252 869
937 128 -1660 708 1191 -1253 872
938 129 -1661 711 1190 -1255 871
939 131 -1658 706 1193 -1252 871
940 129 -1660 711 1190 -1252 871
941 129 -1656 710 1191 -1252 872
942 127 -1657 711 1188 -1252 872
943 128 -1658 707 1189 -1252 869
944 130 -1662 707 1188 -1250 868
945 127 -1661 707 1186 -1258 870
946 123 -1660 706 1189 -1254 870
947 124 -1659 708 1186 -1254 866
948 125 -1663 708 1188 -1258 868
949 126 -1660 708 1192 -1255 869
950 130 -1657 708 1190 -1250 873
951 129 -1656 707 1186 -1249 867
952 128 -1663 709 1189 -1254 871
953 128 -1663 709 1191 -1255 872
954 134 -1662 709 1192 -1252 869
955 135 -1662 707 1188 -1252 868
956 130 -1660 709 1191 -1250 874
957 132 -1663 709 1192 -1253 870
958 132 -1659 706 1190 -1253 872
959 131 -1659 708 1192 -1253 871
960 132 -1658 707 1190 -1250 870
961 129 -1656 709 1192 -1250 870
962 129 -1661 709 1189 -1252 874
963 128 -1659 709 1193 -1250 871
964 132 -1656 714 1189 -1255 871
965 129 -1662 708 1186 -1255 869
966 125 -1660 706 1186 -1255 869
967 125 -1656 709 1190 -1254 870
968 128 -1657 711 1189 -1254 871
969 125 -1661 709 1189 -1254 869
970 128 -1662 710 1188 -1253 870
971 126 -1660 707 1191 -1257 869
972 129 -1661 709 1188 -1254 870
973 127 -1663 708 1190 -1252 868
974 129 -1659 711 1188 -1254 869
975 128 -1664 707 1193 -1251 868
976 132 -1665 705 1191 -1254 872
977 130 -1657 710 1193 -1253 871
978 126 -1658 709 1191 -1249 870
979 132 -1664 707 1191 -1252 868
980 131 -1659 711 1194 -1252 873
981 134 -1658 711 1191 -1251 874
982 132 -1659 709 1194 -1254 872
983 134 -1660 709 1189 -1253 869
984 131 -1664 705 1189 -1251 871
985 129 -1658 707 1189 -1252 873
986 128 -1655 713 1187 -1254 868
987 127 -1658 708 1187 -1254 870
988 127 -1657 706 1188 -1253 871
989 127 -1657 710 1187 -1254 870
990 126 -1657 712 1188 -1253 868
991 129 -1657 707 1186 -1252 871
992 129 -1660 707 1190 -1252 874
993 130 -1658 710 1190 -1254 871
994 127 -1661 707 1189 -1255 867
995 127 -1658 710 1191 -1254 871
996 128 -1659 708 1194 -1249 873
997 126 -1663 707 1188 -1252 869
998 129 -1662 705 1192 -1252 870
999 128 -1661 706 1190 -1252 872
0 6092 -1347 -4771 -1689 -4306 6167
1 6092 -1352 -4774 -1688 -4306 6163
2 6092 -1349 -4772 -1693 -4307 6161
3 6091 -1349 -4772 -1693 -4307 6164
4 6087 -1349 -4770 -1693 -4308 6162
5 6088 -1355 -4770 -1689 -4308 6161
6 6089 -1349 -4773 -1692 -4305 6162
7 6089 -1351 -4771 -1691 -4305 6159
8 6092 -1352 -4768 -1692 -4305 6160
9 6088 -1349 -4769 -1692 -4304 6161
10 6091 -1352 -4770 -1690 -4306 6160
11 6086 -1355 -4771 -1689 -4306 6160
12 6087 -1353 -4772 -1693 -4307 6161
13 6090 -1350 -4766 -1689 -4302 6163
14 6089 -1349 -4772 -1691 -4307 6160
15 6090 -1353 -4771 -1691 -4306 6159
16 6091 -1355 -4770 -1689 -4303 6156
17 6088 -1353 -4772 -1689 -4305 6160
18 6091 -1352 -4772 -1688 -4304 6159
19 6088 -1353 -4775 -1690 -4306 6159
20 6091 -1351 -4771 -1687 -4308 6160
21 6093 -1351 -4772 -1688 -4306 6163
22 6089 -1351 -4770 -1689 -4308 6158
23 6090 -1352 -4771 -1688 -4307 6162
24 6089 -1353 -4771 -1690 -4303 6160
25 6089 -1350 -4773 -1689 -4306 6160
26 6089 -1349 -4772 -1691 -4307 6157
27 6089 -1352 -4769 -1689 -4306 6165
28 6089 -1352 -4774 -1691 -4305 6162
29 6088 -1349 -4774 -1691 -4304 6165
30 6091 -1352 -4774 -1687 -4305 6159
31 6092 -1352 -4771 -1689 -4305 6162
32 6091 -1353 -4773 -1686 -4303 6165
33 6092 -1355 -4776 -1692 -4304 6158
34 6091 -1352 -4774 -1691 -4305 6162
35 6091 -1352 -4771 -1689 -4306 6161
36 6089 -1351 -4773 -1685 -4305 6165
37 6086 -1354 -4773 -1688 -4305 6164
38 6090 -1357 -4774 -1689 -4307 6160
39 6088 -1352 -4775 -1690 -4306 6157
40 6089 -1355 -4774 -1688 -4303 6160
41 6091 -1354 -4775 -1689 -4304 6159
42 6090 -1351 -4776 -1687 -4304 6161
43 6087 -1351 -4772 -1687 -4303 6163
44 6089 -1350 -4773 -1687 -4301 6159
45 6088 -1353 -4772 -1687 -4301 6159
46 6088 -1355 -4776 -1691 -4303 6160
47 6086 -1353 -4773 -1689 -4301 6157
48 6089 -1352 -4771 -1688 -4306 6160
49 6085 -1353 -4772 -1689 -4301 6159
50 6083 -1351 -4775 -1688 -4303 6159
51 6090 -1353 -4773 -1688 -4305 6156
52 6083 -1353 -4771 -1687 -4302 6159
53 6084 -1353 -4774 -1689 -4302 6154
54 6085 -1351 -4774 -1689 -4302 6159
55 6086 -1356 -4770 -1689 -4302 6154
56 6086 -1351 -4773 -1686 -4304 6157
57 6082 -1357 -4775 -1685 -4304 6156
58 6084 -1352 -4773 -1685 -4302 6155
59 6084 -1354 -4768 -1683 -4299 6154
60 6084 -1350 -4773 -1685 -4302 6160
61 6086 -1355 -4772 -1686 -4303 6154
62 6085 -1353 -4771 -1687 -4303 6157
63 6086 -1355 -4773 -1685 -4301 6157
64 6083 -1357 -4774 -1685 -4302 6162
65 6084 -1354 -4774 -1685 -4300 6155
66 6085 -1353 -4774 -1684 -4302 6158
67 6084 -1353 -4775 -1687 -4304 6154
68 6085 -1354 -4776 -1685 -4300 6159
69 6083 -1357 -4774 -1688 -4303 6157
70 6083 -1355 -4775 -1688 -4303 6155
71 6084 -1354 -4780 -1690 -4304 6158
72 6085 -1353 -4777 -1682 -4303 6162
73 6084 -1354 -4776 -1688 -4304 6159
74 6085 -1354 -4776 -1689 -4302 6156
75 6083 -1354 -4777 -1688 -4304 6160
76 6086 -1353 -4774 -1689 -4302 6159
77 6084 -1354 -4778 -1685 -4302 6159
78 6085 -1353 -4777 -1687 -4304 6160
79 6087 -1356 -4779 -1688 -4303 6161
80 6086 -1356 -4777 -1686 -4306 6157
81 6086 -1355 -4777 -1687 -4302 6158
82 6089 -1353 -4776 -1685 -4304 6158
83 6086 -1356 -4776 -1686 -4302 6159
84 6087 -1354 -4775 -1684 -4303 6159
85 6087 -1357 -4777 -1686 -4304 6161
86 6087 -1354 -4779 -1686 -4306 6158
87 6085 -1355 -4777 -1685 -4301 6161
88 6086 -1353 -4775 -1687 -4303 6161
89 6088 -1357 -4781 -1686 -4301 6158
90 6085 -1356 -4777 -1685 -4303 6158
91 6087 -1356 -4778 -1686 -4303 6158
92 6084 -1356 -4780 -1688 -4300 6158
93 6086 -1353 -4777 -1686 -4303 6156
94 6082 -1352 -4777 -1687 -4301 6159
95 6087 -1353 -4775 -1685 -4306 6158
96 6084 -1356 -4776 -1685 -4302 6155
97 6085 -1355 -4777 -1687 -4304 6157
98 6086 -1356 -4780 -1684 -4300 6157
99 6087 -1356 -4777 -1685 -4303 6154
100 6085 -1357 -4779 -1688 -4303 6156
101 6083 -1358 -4777 -1685 -4302 6157
102 6085 -1360 -4779 -1686 -4305 6155
103 6087 -1360 -4779 -1689 -4304 6157
104 6085 -1357 -4782 -1687 -4304 6153
105 6087 -1359 -4778 -1687 -4306 6156
106 6088 -1356 -4779 -1684 -4304 6156
107 6088 -1358 -4777 -1685 -4303 6158
108 6088 -1355 -4777 -1682 -4300 6156
109 6088 -1356 -4779 -1684 -4303 6156
110 6087 -1356 -4776 -1685 -4301 6155
111 6088 -1358 -4779 -1688 -4303 6158
112 6086 -1355 -4777 -1687 -4305 6156
113 6086 -1356 -4777 -1689 -4305 6156
114 6087 -1355 -4778 -1686 -4301 6155
115 6086 -1359 -4780 -1685 -4305 6154
116 6084 -1360 -4782 -1693 -4306 6158
117 6086 -1358 -4777 -1686 -4302 6156
118 6088 -1357 -4781 -1687 -4303 6155
119 6088 -1358 -4780 -1685 -4306 6156
120 6087 -1356 -4778 -1687 -4302 6155
121 6090 -1357 -4778 -1689 -4304 6156
122 6086 -1357 -4781 -1688 -4300 6156
123 6083 -1358 -4780 -1684 -4304 6152
124 6083 -1358 -4781 -1688 -4304 6156
125 6081 -1359 -4780 -1688 -4301 6152
126 6085 -1358 -4781 -1682 -4303 6157
127 6086 -1360 -4779 -1688 -4302 6152
128 6087 -1358 -4781 -1685 -4301 6152
129 6086 -1356 -4778 -1685 -4303 6155
130 6084 -1358 -4781 -1685 -4300 6153
131 6086 -1358 -4781 -1685 -4302 6154
132 6085 -1357 -4776 -1683 -4302 6154
133 6084 -1359 -4783 -1687 -4303 6154
134 6083 -1359 -4776 -1687 -4302 6153
135 6084 -1357 -4777 -1684 -4299 6153
136 6082 -1360 -4780 -1685 -4300 6153
137 6085 -1358 -4778 -1687 -4302 6151
138 6079 -1353 -4781 -1687 -4301 6152
139 6084 -1358 -4778 -1685 -4300 6154
140 6081 -1358 -4777 -1686 -4301 6150
141 6083 -1357 -4778 -1685 -4301 6153
142 6082 -1359 -4777 -1686 -4303 6155
143 6082 -1362 -4779 -1682 -4302 6152
144 6082 -1362 -4779 -1687 -4304 6155
145 6082 -1359 -4778 -1685 -4304 6150
146 6080 -1360 -4780 -1686 -4304 6150
147 6080 -1360 -4781 -1684 -4303 6153
148 6080 -1361 -4782 -1685 -4302 6149
149 6086 -1361 -4776 -1686 -4301 6151
150 6082 -1360 -4781 -1681 -4301 6153
151 6082 -1358 -4781 -1682 -4301 6152
152 6087 -1357 -4782 -1681 -4300 6150
153 6084 -1359 -4779 -1685 -4299 6152
154 6083 -1358 -4778 -1685 -4302 6153
155 6083 -1359 -4781 -1682 -4302 6153
156 6081 -1358 -4782 -1687 -4298 6151
157 6084 -1357 -4781 -1685 -4302 6157
158 6079 -1361 -4782 -1685 -4301 6155
159 6082 -1361 -4783 -1685 -4301 6150
160 6082 -1362 -4783 -1688 -4302 6153
161 6082 -1357 -4784 -1684 -4304 6152
162 6083 -1359 -4780 -1684 -4301 6152
163 6083 -1359 -4779 -1683 -4300 6152
164 6082 -1357 -4780 -1685 -4301 6153
165 6079 -1359 -4783 -1684 -4302 6155
166 6082 -1359 -4782 -1683 -4303 6153
167 6081 -1359 -4782 -1683 -4304 6153
168 6082 -1364 -4780 -1684 -4302 6151
169 6082 -1361 -4781 -1684 -4299 6152
170 6082 -1358 -4784 -1686 -4300 6156
171 6084 -1359 -4780 -1683 -4303 6153
172 6083 -1359 -4781 -1684 -4303 6152
173 6085 -1359 -4780 -1686 -4304 6154
174 6084 -1358 -4780 -1684 -4300 6152
175 6082 -1358 -4779 -1685 -4301 6154
176 6083 -1356 -4782 -1683 -4303 6152
177 6083 -1360 -4781 -1683 -4301 6152
178 6081 -1359 -4780 -1684 -4300 6155
179 6079 -1358 -4782 -1683 -4299 6153
180 6085 -1360 -4779 -1685 -4300 6153
181 6084 -1361 -4783 -1686 -4302 6151
182 6084 -1359 -4778 -1684 -4303 6152
183 6083 -1359 -4779 -1680 -4300 6152
184 6082 -1359 -4779 -1684 -4304 6154
185 6083 -1360 -4782 -1685 -4303 6155
186 6083 -1361 -4782 -1685 -4303 6152
187 6081 -1358 -4779 -1687 -4304 6149
188 6084 -1360 -4779 -1686 -4302 6152
189 6083 -1362 -4778 -1682 -4302 6151
190 6084 -1363 -4784 -1684 -4300 6152
191 6086 -1360 -4783 -1686 -4302 6148
192 6085 -1363 -4785 -1681 -4303 6152
193 6086 -1361 -4781 -1686 -4301 6153
194 6084 -1361 -4778 -1686 -4303 6152
195 6085 -1361 -4780 -1685 -4303 6152
196 6089 -1360 -4783 -1688 -4303 6151
197 6089 -1360 -4783 -1685 -4303 6155
198 6085 -1361 -4779 -1685 -4303 6152
199 6087 -1358 -4779 -1684 -4299 6150
200 6086 -1361 -4784 -1691 -4300 6151
201 6084 -1362 -4781 -1688 -4305 6153
202 6086 -1361 -4784 -1687 -4301 6151
203 6085 -1360 -4783 -1686 -4301 6151
204 6083 -1362 -4781 -1688 -4307 6151
205 6083 -1359 -4781 -1690 -4303 6152
206 6082 -1365 -4782 -1687 -4303 6151
207 6080 -1361 -4782 -1686 -4304 6152
208 6085 -1360 -4781 -1686 -4306 6150
209 6087 -1362 -4786 -1688 -4302 6148
210 6085 -1363 -4781 -1689 -4305 6153
211 6081 -1363 -4779 -1684 -4303 6149
212 6083 -1361 -4785 -1688 -4306 6151
213 6084 -1363 -4782 -1686 -4305 6150
214 6081 -1365 -4783 -1688 -4301 6146
215 6086 -1358 -4780 -1685 -4303 6149
216 6086 -1357 -4781 -1684 -4301 6153
217 6084 -1360 -4783 -1686 -4301 6154
218 6083 -1360 -4781 -1684 -4304 6151
219 6083 -1361 -4782 -1688 -4302 6151
220 6086 -1356 -4779 -1684 -4302 6152
221 6084 -1359 -4779 -1686 -4301 6149
222 6082 -1361 -4785 -1688 -4302 6150
223 6085 -1361 -4782 -1686 -4307 6153
224 6084 -1361 -4784 -1686 -4301 6153
225 6083 -1359 -4779 -1684 -4302 6152
226 6083 -1360 -4781 -1683 -4301 6155
227 6082 -1361 -4780 -1682 -4302 6156
228 6081 -1361 -4779 -1682 -4302 6154
229 6084 -1361 -4783 -1687 -4305 6154
230 6084 -1359 -4779 -1687 -4302 6153
231 6082 -1362 -4785 -1684 -4302 6152
232 6084 -1360 -4785 -1683 -4304 6151
233 6085 -1363 -4780 -1686 -4306 6153
234 6085 -1363 -4784 -1687 -4302 6154
235 6084 -1362 -4784 -1684 -4303 6151
236 6083 -1360 -4783 -1685 -4302 6154
237 6085 -1362 -4784 -1683 -4302 6154
238 6085 -1356 -4780 -1684 -4302 6155
239 6081 -1361 -4784 -1687 -4304 6152
240 6083 -1360 -4782 -1685 -4304 6154
241 6083 -1359 -4782 -1688 -4303 6155
242 6084 -1360 -4782 -1684 -4301 6155
243 6083 -1358 -4783 -1686 -4303 6158
244 6084 -1358 -4784 -1684 -4302 6155
245 6084 -1359 -4783 -1688 -4302 6157
246 6084 -1361 -4781 -1685 -4303 6156
247 6085 -1359 -4780 -1687 -4301 6152
248 6082 -1358 -4785 -1688 -4305 6159
249 6083 -1361 -4783 -1688 -4301 6157
250 6083 -1358 -4781 -1684 -4301 6155
251 6080 -1362 -4781 -1686 -4303 6156
252 6080 -1356 -4780 -1685 -4302 6156
253 6084 -1360 -4779 -1684 -4304 6153
254 6082 -1359 -4782 -1683 -4302 6157
255 6082 -1359 -4783 -1684 -4304 6155
256 6082 -1359 -4784 -1683 -4303 6154
257 6081 -1360 -4782 -1686 -4299 6157
258 6083 -1361 -4781 -1685 -4301 6153
259 6083 -1360 -4780 -1685 -4301 6153
260 6082 -1359 -4779 -1683 -4298 6155
261 6081 -1359 -4779 -1683 -4299 6155
262 6078 -1357 -4782 -1684 -4297 6153
263 6084 -1358 -4779 -1684 -4300 6155
264 6081 -1356 -4778 -1682 -4302 6155
265 6081 -1360 -4780 -1682 -4301 6153
266 6082 -1358 -4780 -1683 -4300 6158
267 6080 -1357 -4777 -1683 -4300 6155
268 6081 -1352 -4779 -1686 -4299 6159
269 6082 -1360 -4780 -1683 -4298 6157
270 6080 -1355 -4777 -1682 -4297 6158
271 6081 -1356 -4777 -1685 -4300 6156
272 6083 -1355 -4779 -1686 -4298 6156
273 6082 -1357 -4779 -1686 -4302 6154
274 6082 -1355 -4778 -1684 -4301 6154
275 6081 -1356 -4778 -1683 -4300 6154
276 6082 -1361 -4781 -1684 -4305 6153
277 6080 -1357 -4780 -1684 -4302 6155
278 6081 -1359 -4778 -1685 -4301 6155
279 6079 -1358 -4777 -1682 -4298 6155
280 6085 -1357 -4776 -1681 -4300 6157
281 6079 -1358 -4777 -1685 -4297 6157
282 6082 -1362 -4778 -1682 -4301 6155
283 6084 -1362 -4779 -1685 -4298 6156
284 6082 -1360 -4777 -1683 -4299 6151
285 6082 -1358 -4775 -1686 -4299 6154
286 6083 -1355 -4773 -1685 -4303 6153
287 6081 -1359 -4776 -1686 -4302 6156
288 6080 -1356 -4776 -1685 -4300 6156
289 6080 -1354 -4773 -1684 -4299 6154
290 6081 -1353 -4776 -1682 -4302 6153
291 6080 -1357 -4774 -1685 -4300 6154
292 6080 -1355 -4774 -1680 -4298 6151
293 6079 -1357 -4770 -1684 -4299 6150
294 6079 -1358 -4775 -1685 -4300 6151
295 6077 -1359 -4773 -1684 -4301 6152
296 6077 -1358 -4775 -1686 -4297 6151
297 6082 -1358 -4776 -1685 -4302 6151
298 6078 -1358 -4776 -1682 -4300 6151
299 6080 -1359 -4776 -1682 -4299 6151
300 6083 -1357 -4778 -1684 -4300 6151
301 6078 -1359 -4778 -1681 -4299 6152
302 6080 -1358 -4775 -1685 -4298 6154
303 6082 -1355 -4776 -1678 -4301 6153
304 6079 -1356 -4775 -1682 -4298 6150
305 6075 -1357 -4774 -1681 -4298 6152
306 6080 -1356 -4776 -1684 -4297 6149
307 6079 -1359 -4776 -1686 -4302 6152
308 6080 -1355 -4776 -1680 -4299 6155
309 6078 -1358 -4778 -1685 -4299 6152
310 6078 -1359 -4779 -1684 -4305 6150
311 6081 -1357 -4777 -1685 -4300 6153
312 6078 -1359 -4774 -1682 -4296 6156
313 6078 -1358 -4777 -1682 -4301 6153
314 6078 -1357 -4775 -1685 -4301 6155
315 6079 -1354 -4776 -1685 -4298 6156
316 6079 -1355 -4778 -1684 -4301 6155
317 6076 -1358 -4778 -1685 -4297 6154
318 6078 -1359 -4777 -1685 -4302 6155
319 6078 -1359 -4782 -1685 -4301 6156
320 6079 -1357 -4780 -1685 -4304 6156
321 6077 -1357 -4780 -1684 -4301 6152
322 6080 -1358 -4781 -1689 -4301 6157
323 6082 -1357 -4780 -1686 -4300 6156
324 6084 -1356 -4782 -1684 -4302 6157
325 6082 -1355 -4778 -1681 -4302 6160
326 6083 -1357 -4781 -1684 -4299 6158
327 6080 -1354 -4779 -1683 -4299 6158
328 6083 -1354 -4780 -1684 -4298 6161
329 6086 -1353 -4780 -1682 -4302 6158
330 6083 -1359 -4776 -1684 -4301 6162
331 6084 -1355 -4780 -1688 -4300 6161
332 6083 -1354 -4781 -1684 -4300 6161
333 6080 -1355 -4783 -1687 -4298 6161
334 6082 -1357 -4782 -1687 -4300 6161
335 6081 -1358 -4781 -1687 -4300 6160
336 6081 -1353 -4780 -1685 -4299 6159
337 6084 -1355 -4780 -1684 -4298 6161
338 6082 -1354 -4783 -1683 -4301 6157
339 6081 -1355 -4778 -1686 -4299 6158
340 6084 -1354 -4780 -1686 -4297 6163
341 6081 -1355 -4782 -1685 -4303 6162
342 6083 -1357 -4781 -1685 -4301 6158
343 6082 -1358 -4780 -1685 -4303 6160
344 6086 -1355 -4784 -1682 -4302 6159
345 6083 -1355 -4781 -1686 -4297 6164
346 6085 -1357 -4782 -1687 -4302 6161
347 6084 -1357 -4779 -1686 -4299 6162
348 6085 -1356 -4782 -1685 -4300 6164
349 6083 -1355 -4780 -1682 -4300 6164
350 6083 -1352 -4782 -1686 -4301 6166
351 6084 -1356 -4782 -1685 -4299 6160
352 6081 -1356 -4782 -1683 -4301 6159
353 6082 -1356 -4781 -1685 -4298 6165
354 6088 -1355 -4780 -1683 -4300 6161
355 6084 -1353 -4777 -1681 -4296 6166
356 6086 -1353 -4779 -1686 -4298 6165
357 6081 -1355 -4779 -1684 -4297 6167
358 6081 -1356 -4781 -1686 -4302 6159
359 6078 -1353 -4783 -1688 -4298 6160
360 6084 -1354 -4778 -1684 -4299 6159
361 6079 -1354 -4776 -1684 -4298 6162
362 6084 -1358 -4779 -1680 -4303 6159
363 6083 -1352 -4777 -1682 -4300 6156
364 6083 -1355 -4780 -1678 -4302 6159
365 6086 -1358 -4779 -1682 -4299 6158
366 6083 -1355 -4775 -1683 -4302 6156
367 6081 -1356 -4778 -1681 -4300 6157
368 6081 -1355 -4774 -1682 -4300 6159
369 6085 -1355 -4776 -1681 -4300 6159
370 6081 -1355 -4773 -1681 -4299 6158
371 6080 -1356 -4777 -1682 -4301 6156
372 6079 -1354 -4776 -1682 -4297 6156
373 6081 -1354 -4774 -1682 -4298 6153
374 6081 -1355 -4775 -1683 -4299 6153
375 6081 -1355 -4771 -1684 -4299 6155
376 6081 -1357 -4772 -1682 -4295 6155
377 6079 -1359 -4776 -1687 -4298 6153
378 6079 -1355 -4774 -1683 -4299 6153
379 6082 -1353 -4771 -1684 -4297 6155
380 6079 -1355 -4771 -1684 -4298 6152
381 6081 -1356 -4775 -1683 -4298 6154
382 6079 -1353 -4773 -1679 -4299 6155
383 6077 -1357 -4770 -1680 -4299 6152
384 6080 -1357 -4772 -1682 -4296 6150
385 6078 -1354 -4769 -1680 -4298 6150
386 6076 -1358 -4774 -1685 -4300 6149
387 6081 -1356 -4773 -1684 -4299 6152
388 6078 -1358 -4773 -1683 -4296 6152
389 6078 -1356 -4770 -1682 -4295 6152
390 6078 -1358 -4774 -1684 -4297 6148
391 6081 -1355 -4776 -1680 -4296 6155
392 6079 -1355 -4770 -1678 -4298 6151
393 6078 -1357 -4771 -1680 -4300 6151
394 6079 -1357 -4771 -1686 -4300 6151
395 6081 -1355 -4772 -1684 -4299 6149
396 6073 -1359 -4772 -1681 -4299 6150
397 6078 -1354 -4769 -1685 -4296 6152
398 6076 -1357 -4772 -1686 -4301 6153
399 6077 -1360 -4776 -1683 -4298 6153
400 6078 -1355 -4772 -1683 -4301 6151
401 6082 -1358 -4774 -1686 -4298 6150
402 6080 -1354 -4773 -1687 -4298 6151
403 6078 -1356 -4773 -1684 -4301 6150
404 6081 -1357 -4773 -1684 -4298 6150
405 6079 -1356 -4774 -1683 -4300 6152
406 6081 -1359 -4779 -1687 -4299 6151
407 6081 -1357 -4776 -1686 -4303 6155
408 6078 -1356 -4776 -1680 -4298 6155
409 6078 -1358 -4778 -1683 -4301 6154
410 6080 -1358 -4777 -1685 -4301 6154
411 6081 -1355 -4776 -1683 -4302 6154
412 6082 -1361 -4778 -1684 -4301 6156
413 6081 -1355 -4779 -1687 -4296 6158
414 6081 -1355 -4773 -1684 -4297 6157
415 6082 -1359 -4776 -1683 -4301 6155
416 6082 -1358 -4777 -1686 -4299 6154
417 6080 -1358 -4782 -1688 -4304 6153
418 6081 -1355 -4773 -1682 -4302 6157
419 6081 -1353 -4780 -1686 -4300 6155
420 6079 -1359 -4779 -1687 -4298 6153
421 6079 -1354 -4779 -1689 -4302 6153
422 6083 -1356 -4776 -1686 -4301 6156
423 6081 -1356 -4780 -1685 -4303 6158
424 6084 -1358 -4778 -1686 -4300 6158
425 6080 -1356 -4779 -1687 -4300 6154
426 6085 -1355 -4781 -1685 -4302 6160
427 6083 -1358 -4780 -1685 -4301 6158
428 6085 -1355 -4779 -1687 -4299 6158
429 6083 -1358 -4782 -1684 -4302 6157
430 6085 -1355 -4778 -1686 -4302 6159
431 6087 -1359 -4786 -1683 -4301 6163
432 6087 -1358 -4781 -1684 -4303 6160
433 6089 -1353 -4784 -1684 -4303 6159
434 6089 -1354 -4782 -1686 -4301 6163
435 6085 -1355 -4782 -1685 -4302 6162
436 6087 -1358 -4781 -1686 -4299 6162
437 6086 -1355 -4780 -1687 -4302 6163
438 6086 -1357 -4782 -1690 -4306 6160
439 6087 -1356 -4783 -1688 -4304 6160
440 6088 -1355 -4780 -1687 -4304 6164
441 6084 -1357 -4784 -1688 -4305 6165
442 6089 -1356 -4782 -1691 -4304 6161
443 6087 -1353 -4780 -1690 -4302 6165
444 6082 -1354 -4785 -1688 -4303 6162
445 6085 -1349 -4783 -1687 -4304 6161
446 6088 -1353 -4782 -1688 -4302 6160
447 6085 -1356 -4782 -1687 -4301 6159
448 6089 -1356 -4782 -1687 -4304 6160
449 6081 -1357 -4781 -1687 -4302 6163
450 6085 -1360 -4782 -1690 -4307 6161
451 6083 -1355 -4782 -1688 -4303 6163
452 6085 -1355 -4779 -1685 -4301 6161
453 6087 -1355 -4780 -1687 -4300 6159
454 6086 -1357 -4781 -1685 -4301 6160
455 6086 -1353 -4778 -1685 -4300 6159
456 6085 -1354 -4775 -1688 -4301 6163
457 6084 -1357 -4782 -1687 -4301 6158
458 6083 -1352 -4779 -1688 -4301 6156
459 6082 -1352 -4777 -1680 -4303 6159
460 6084 -1355 -4778 -1689 -4302 6157
461 6082 -1354 -4777 -1686 -4302 6157
462 6083 -1353 -4775 -1687 -4300 6158
463 6085 -1356 -4775 -1685 -4303 6157
464 6082 -1355 -4776 -1685 -4303 6156
465 6083 -1356 -4775 -1688 -4303 6155
466 6080 -1355 -4777 -1683 -4299 6156
467 6079 -1352 -4773 -1683 -4302 6155
468 6081 -1356 -4776 -1684 -4301 6155
469 6083 -1355 -4773 -1684 -4304 6155
470 6081 -1357 -4773 -1682 -4301 6156
471 6084 -1355 -4772 -1688 -4300 6155
472 6080 -1355 -4773 -1686 -4303 6153
473 6081 -1355 -4772 -1687 -4297 6153
474 6084 -1355 -4776 -1687 -4301 6156
475 6084 -1357 -4773 -1682 -4302 6154
476 6085 -1356 -4770 -1686 -4302 6154
477 6085 -1356 -4775 -1684 -4300 6154
478 6082 -1356 -4772 -1681 -4297 6156
479 6084 -1355 -4769 -1682 -4297 6155
480 6080 -1355 -4770 -1688 -4301 6155
481 6084 -1356 -4772 -1682 -4299 6156
482 6083 -1355 -4773 -1687 -4301 6151
483 6082 -1357 -4775 -1689 -4300 6155
484 6084 -1354 -4773 -1687 -4301 6158
485 6080 -1355 -4770 -1688 -4301 6153
486 6081 -1354 -4773 -1683 -4302 6155
487 6084 -1356 -4775 -1687 -4301 6155
488 6084 -1356 -4774 -1685 -4303 6155
489 6083 -1357 -4773 -1686 -4298 6154
490 6082 -1352 -4772 -1690 -4304 6154
491 6082 -1354 -4772 -1687 -4301 6154
492 6081 -1356 -4774 -1686 -4302 6156
493 6082 -1357 -4774 -1685 -4302 6154
494 6082 -1355 -4774 -1689 -4302 6155
495 6083 -1355 -4776 -1687 -4300 6153
496 6079 -1360 -4773 -1683 -4300 6157
497 6081 -1356 -4775 -1684 -4302 6154
498 6080 -1356 -4772 -1684 -4301 6157
499 6084 -1355 -4774 -1685 -4301 6155
500 6084 -1353 -4769 -1685 -4300 6155
501 6083 -1355 -4773 -1686 -4301 6157
502 6081 -1355 -4774 -1687 -4300 6157
503 6082 -1355 -4772 -1685 -4300 6156
504 6079 -1352 -4773 -1689 -4299 6154
505 6079 -1355 -4774 -1683 -4299 6156
506 6079 -1352 -4772 -1687 -4300 6156
507 6081 -1356 -4772 -1685 -4301 6160
508 6081 -1356 -4773 -1683 -4300 6158
509 6081 -1354 -4777 -1685 -4301 6157
510 6081 -1354 -4772 -1688 -4300 6161
511 6080 -1356 -4773 -1685 -4301 6155
512 6081 -1355 -4774 -1688 -4302 6159
513 6080 -1354 -4778 -1689 -4304 6161
514 6087 -1352 -4772 -1687 -4305 6159
515 6081 -1355 -4775 -1687 -4302 6160
516 6082 -1356 -4775 -1688 -4303 6159
517 6082 -1356 -4775 -1687 -4303 6158
518 6086 -1353 -4777 -1688 -4305 6159
519 6082 -1353 -4776 -1687 -4305 6159
520 6083 -1358 -4778 -1687 -4302 6160
521 6084 -1353 -4778 -1689 -4300 6161
522 6087 -1351 -4779 -1690 -4302 6164
523 6082 -1354 -4776 -1687 -4303 6164
524 6085 -1352 -4775 -1688 -4302 6163
525 6085 -1353 -4777 -1687 -4303 6166
526 6085 -1353 -4775 -1685 -4300 6164
527 6084 -1352 -4778 -1688 -4300 6163
528 6088 -1350 -4776 -1684 -4302 6164
529 6087 -1356 -4774 -1687 -4302 6163
530 6083 -1350 -4775 -1688 -4301 6163
531 6083 -1351 -4775 -1685 -4302 6164
532 6088 -1350 -4776 -1689 -4302 6162
533 6083 -1353 -4774 -1688 -4305 6165
534 6083 -1353 -4774 -1686 -4303 6162
535 6084 -1355 -4775 -1690 -4299 6165
536 6087 -1354 -4774 -1688 -4301 6163
537 6085 -1353 -4778 -1690 -4300 6164
538 6083 -1351 -4772 -1684 -4302 6164
539 6088 -1352 -4773 -1686 -4305 6162
540 6085 -1351 -4771 -1686 -4299 6163
541 6086 -1358 -4774 -1686 -4300 6162
542 6085 -1351 -4770 -1688 -4301 6161
543 6085 -1350 -4772 -1687 -4302 6162
544 6084 -1353 -4773 -1685 -4299 6163
545 6086 -1350 -4772 -1688 -4302 6163
546 6085 -1349 -4773 -1688 -4299 6164
547 6080 -1350 -4770 -1687 -4301 6160
548 6084 -1349 -4773 -1687 -4300 6161
549 6087 -1350 -4769 -1686 -4303 6163
550 6083 -1352 -4770 -1686 -4302 6163
551 6085 -1349 -4769 -1686 -4300 6163
552 6083 -1352 -4772 -1687 -4301 6160
553 6082 -1352 -4770 -1689 -4304 6161
554 6084 -1348 -4769 -1685 -4301 6164
555 6083 -1353 -4771 -1689 -4304 6158
556 6084 -1349 -4772 -1687 -4301 6163
557 6084 -1347 -4770 -1687 -4302 6161
558 6084 -1353 -4770 -1689 -4301 6162
559 6085 -1354 -4773 -1683 -4300 6163
560 6087 -1351 -4769 -1684 -4303 6160
561 6084 -1347 -4771 -1688 -4298 6163
562 6088 -1350 -4770 -1687 -4302 6164
563 6090 -1352 -4769 -1688 -4300 6162
564 6087 -1349 -4768 -1685 -4300 6163
565 6087 -1350 -4769 -1689 -4301 6166
566 6087 -1348 -4771 -1686 -4303 6163
567 6087 -1350 -4772 -1686 -4302 6164
568 6088 -1349 -4768 -1686 -4301 6163
569 6090 -1347 -4772 -1690 -4299 6167
570 6085 -1348 -4769 -1689 -4304 6163
571 6087 -1350 -4772 -1691 -4302 6162
572 6086 -1348 -4767 -1688 -4300 6165
573 6088 -1351 -4773 -1688 -4300 6165
574 6086 -1349 -4771 -1688 -4302 6165
575 6085 -1351 -4769 -1691 -4302 6165
576 6085 -1351 -4766 -1687 -4303 6164
577 6087 -1350 -4769 -1689 -4300 6164
578 6086 -1349 -4771 -1686 -4302 6164
579 6084 -1349 -4768 -1688 -4302 6166
580 6085 -1352 -4769 -1688 -4304 6165
581 6081 -1351 -4768 -1690 -4304 6164
582 6086 -1349 -4767 -1686 -4303 6167
583 6087 -1349 -4765 -1687 -4300 6168
584 6084 -1348 -4768 -1688 -4305 6161
585 6084 -1349 -4769 -1688 -4304 6165
586 6087 -1349 -4764 -1688 -4302 6162
587 6088 -1349 -4765 -1690 -4298 6168
588 6085 -1350 -4766 -1685 -4299 6165
589 6086 -1347 -4768 -1687 -4300 6165
590 6084 -1350 -4767 -1685 -4304 6166
591 6079 -1348 -4771 -1687 -4303 6166
592 6087 -1349 -4769 -1687 -4300 6165
593 6085 -1348 -4768 -1686 -4302 6165
594 6087 -1350 -4765 -1688 -4298 6168
595 6085 -1350 -4765 -1685 -4299 6166
596 6082 -1348 -4768 -1689 -4300 6165
597 6088 -1347 -4767 -1688 -4302 6165
598 6087 -1349 -4770 -1690 -4302 6167
599 6083 -1350 -4769 -1691 -4303 6166
600 6086 -1348 -4769 -1689 -4303 6165
601 6088 -1345 -4766 -1687 -4304 6165
602 6084 -1351 -4768 -1687 -4301 6167
603 6086 -1348 -4767 -1688 -4303 6166
604 6088 -1345 -4768 -1691 -4301 6168
605 6088 -1345 -4767 -1690 -4304 6172
606 6087 -1348 -4772 -1689 -4303 6171
607 6088 -1349 -4772 -1690 -4301 6169
608 6087 -1345 -4765 -1689 -4300 6169
609 6087 -1346 -4769 -1690 -4300 6173
610 6087 -1348 -4770 -1686 -4302 6171
611 6088 -1345 -4767 -1687 -4303 6171
612 6088 -1348 -4767 -1688 -4302 6170
613 6089 -1345 -4768 -1685 -4301 6171
614 6086 -1347 -4767 -1690 -4300 6171
615 6083 -1344 -4767 -1689 -4304 6170
616 6087 -1345 -4766 -1687 -4302 6168
617 6087 -1341 -4763 -1686 -4302 6172
618 6087 -1345 -4766 -1690 -4302 6169
619 6089 -1346 -4763 -1686 -4306 6168
620 6086 -1345 -4764 -1688 -4304 6169
621 6086 -1349 -4762 -1686 -4301 6170
622 6088 -1344 -4763 -1688 -4306 6165
623 6088 -1345 -4763 -1688 -4303 6163
624 6084 -1346 -4765 -1688 -4300 6166
625 6087 -1347 -4762 -1687 -4299 6165
626 6087 -1341 -4757 -1685 -4301 6169
627 6088 -1345 -4762 -1685 -4299 6168
628 6084 -1347 -4761 -1684 -4301 6166
629 6086 -1346 -4763 -1682 -4297 6165
630 6085 -1345 -4759 -1684 -4302 6166
631 6085 -1347 -4763 -1685 -4303 6164
632 6088 -1345 -4761 -1687 -4299 6163
633 6084 -1342 -4759 -1684 -4301 6165
634 6086 -1343 -4761 -1687 -4301 6169
635 6085 -1344 -4759 -1682 -4299 6164
636 6086 -1347 -4759 -1686 -4302 6167
637 6085 -1342 -4761 -1686 -4300 6163
638 6082 -1344 -4758 -1685 -4301 6164
639 6086 -1344 -4760 -1686 -4299 6167
640 6092 -1343 -4760 -1686 -4299 6165
641 6084 -1342 -4757 -1684 -4299 6165
642 6090 -1343 -4760 -1691 -4303 6164
643 6089 -1346 -4760 -1688 -4299 6166
644 6086 -1345 -4762 -1688 -4302 6167
645 6086 -1342 -4758 -1689 -4303 6166
646 6087 -1343 -4760 -1689 -4303 6167
647 6089 -1349 -4763 -1686 -4301 6167
648 6090 -1346 -4762 -1690 -4304 6163
649 6088 -1342 -4759 -1690 -4300 6171
650 6087 -1347 -4764 -1688 -4302 6167
651 6090 -1345 -4763 -1684 -4301 6168
652 6094 -1345 -4762 -1686 -4301 6165
653 6091 -1344 -4759 -1689 -4302 6172
654 6091 -1348 -4764 -1688 -4305 6168
655 6091 -1343 -4761 -1691 -4303 6169
656 6092 -1343 -4762 -1691 -4301 6170
657 6090 -1344 -4761 -1687 -4303 6165
658 6090 -1344 -4764 -1690 -4303 6170
659 6093 -1344 -4766 -1692 -4303 6168
660 6093 -1341 -4760 -1689 -4303 6168
661 6091 -1345 -4763 -1687 -4302 6170
662 6091 -1343 -4765 -1688 -4303 6169
663 6089 -1341 -4762 -1693 -4306 6167
664 6091 -1345 -4763 -1689 -4305 6168
665 6092 -1346 -4764 -1690 -4308 6168
666 6093 -1346 -4765 -1691 -4306 6166
667 6091 -1345 -4764 -1690 -4302 6167
668 6095 -1344 -4764 -1688 -4305 6172
669 6093 -1344 -4766 -1689 -4304 6167
670 6093 -1348 -4765 -1693 -4305 6169
671 6095 -1346 -4765 -1690 -4306 6172
672 6092 -1347 -4763 -1690 -4306 6172
673 6093 -1343 -4766 -1690 -4303 6173
674 6094 -1345 -4764 -1688 -4304 6171
675 6094 -1343 -4768 -1693 -4305 6171
676 6093 -1344 -4762 -1689 -4306 6175
677 6092 -1345 -4766 -1687 -4302 6169
678 6096 -1345 -4770 -1691 -4301 6169
679 6097 -1345 -4764 -1690 -4306 6172
680 6094 -1344 -4768 -1692 -4308 6173
681 6095 -1345 -4767 -1690 -4305 6173
682 6094 -1345 -4766 -1690 -4306 6175
683 6097 -1343 -4768 -1689 -4305 6176
684 6094 -1340 -4766 -1694 -4308 6176
685 6092 -1346 -4769 -1694 -4308 6173
686 6099 -1346 -4770 -1692 -4309 6173
687 6096 -1347 -4769 -1693 -4307 6172
688 6094 -1345 -4769 -1693 -4308 6177
689 6093 -1347 -4769 -1696 -4306 6175
690 6096 -1345 -4773 -1694 -4307 6174
691 6095 -1345 -4770 -1693 -4306 6174
692 6095 -1342 -4766 -1687 -4306 6174
693 6094 -1346 -4769 -1693 -4308 6177
694 6096 -1343 -4770 -1692 -4306 6175
695 6096 -1342 -4771 -1690 -4306 6175
696 6096 -1342 -4768 -1691 -4303 6178
697 6096 -1343 -4770 -1693 -4307 6177
698 6097 -1347 -4769 -1694 -4309 6173
699 6094 -1343 -4768 -1693 -4307 6172
700 6092 -1344 -4769 -1689 -4308 6177
701 6094 -1343 -4768 -1693 -4305 6176
702 6096 -1341 -4767 -1689 -4304 6175
703 6093 -1346 -4769 -1696 -4308 6174
704 6091 -1344 -4766 -1692 -4305 6175
705 6093 -1342 -4766 -1691 -4305 6176
706 6093 -1346 -4768 -1695 -4305 6172
707 6093 -1344 -4765 -1689 -4304 6171
708 6090 -1343 -4765 -1690 -4306 6174
709 6089 -1347 -4764 -1689 -4305 6171
710 6088 -1348 -4766 -1690 -4303 6169
711 6090 -1345 -4766 -1690 -4307 6168
712 6092 -1344 -4763 -1692 -4307 6169
713 6087 -1347 -4761 -1690 -4305 6169
714 6089 -1347 -4764 -1692 -4306 6167
715 6093 -1344 -4762 -1691 -4304 6171
716 6090 -1343 -4761 -1690 -4305 6169
717 6089 -1347 -4763 -1687 -4306 6169
718 6089 -1348 -4762 -1688 -4303 6166
719 6091 -1344 -4760 -1691 -4306 6168
720 6091 -1345 -4760 -1693 -4302 6164
721 6089 -1347 -4762 -1687 -4302 6169
722 6090 -1344 -4760 -1687 -4300 6162
723 6088 -1344 -4757 -1688 -4304 6163
724 6090 -1343 -4759 -1685 -4301 6166
725 6091 -1342 -4759 -1688 -4301 6165
726 6088 -1347 -4759 -1686 -4301 6164
727 6090 -1345 -4759 -1690 -4307 6165
728 6087 -1344 -4760 -1688 -4304 6162
729 6090 -1344 -4757 -1688 -4304 6163
730 6091 -1344 -4759 -1688 -4302 6165
731 6090 -1347 -4760 -1688 -4304 6166
732 6090 -1345 -4759 -1690 -4304 6160
733 6088 -1347 -4758 -1688 -4303 6166
734 6090 -1344 -4762 -1690 -4302 6161
735 6091 -1348 -4759 -1687 -4305 6165
736 6092 -1345 -4759 -1688 -4303 6164
737 6091 -1343 -4760 -1688 -4303 6168
738 6091 -1344 -4761 -1691 -4302 6162
739 6091 -1343 -4757 -1690 -4303 6162
740 6089 -1343 -4756 -1689 -4305 6165
741 6092 -1346 -4760 -1693 -4308 6165
742 6090 -1344 -4760 -1690 -4302 6165
743 6092 -1347 -4758 -1691 -4301 6165
744 6089 -1345 -4758 -1691 -4307 6166
745 6088 -1348 -4761 -1691 -4302 6164
746 6092 -1345 -4761 -1691 -4305 6163
747 6090 -1344 -4759 -1690 -4303 6162
748 6094 -1345 -4758 -1689 -4304 6165
749 6093 -1344 -4758 -1689 -4303 6165
750 6090 -1347 -4762 -1690 -4305 6167
751 6095 -1344 -4765 -1692 -4306 6166
752 6090 -1345 -4763 -1693 -4306 6166
753 6093 -1349 -4762 -1687 -4305 6165
754 6089 -1347 -4763 -1689 -4307 6166
755 6093 -1345 -4760 -1690 -4306 6168
756 6092 -1345 -4761 -1689 -4304 6165
757 6090 -1346 -4763 -1689 -4306 6163
758 6096 -1343 -4760 -1689 -4302 6166
759 6093 -1344 -4762 -1689 -4306 6169
760 6096 -1345 -4765 -1689 -4305 6166
761 6092 -1347 -4764 -1693 -4302 6168
762 6094 -1346 -4763 -1690 -4305 6167
763 6094 -1343 -4763 -1688 -4306 6172
764 6093 -1346 -4766 -1690 -4305 6166
765 6094 -1346 -4763 -1688 -4306 6169
766 6093 -1345 -4764 -1690 -4308 6166
767 6095 -1344 -4767 -1692 -4306 6169
768 6091 -1342 -4765 -1695 -4303 6173
769 6093 -1343 -4767 -1695 -4308 6171
770 6094 -1347 -4766 -1694 -4305 6172
771 6094 -1345 -4766 -1691 -4306 6171
772 6093 -1347 -4768 -1694 -4307 6169
773 6096 -1346 -4767 -1694 -4304 6173
774 6094 -1346 -4768 -1694 -4307 6172
775 6097 -1341 -4769 -1693 -4306 6171
776 6097 -1344 -4767 -1689 -4310 6172
777 6096 -1344 -4769 -1694 -4307 6172
778 6100 -1347 -4770 -1694 -4307 6173
779 6097 -1345 -4772 -1694 -4308 6170
780 6096 -1344 -4773 -1692 -4304 6175
781 6096 -1346 -4769 -1693 -4305 6174
782 6093 -1347 -4772 -1694 -4306 6175
783 6093 -1345 -4770 -1690 -4307 6175
784 6096 -1343 -4770 -1696 -4306 6173
785 6100 -1340 -4768 -1693 -4304 6173
786 6097 -1344 -4768 -1691 -4305 6175
787 6099 -1344 -4770 -1694 -4306 6176
788 6098 -1347 -4771 -1695 -4306 6175
789 6096 -1345 -4769 -1693 -4307 6174
790 6098 -1346 -4767 -1692 -4306 6176
791 6097 -1341 -4764 -1693 -4306 6176
792 6094 -1346 -4770 -1695 -4310 6173
793 6096 -1345 -4772 -1693 -4309 6171
794 6096 -1342 -4763 -1694 -4307 6176
795 6094 -1345 -4766 -1692 -4305 6174
796 6099 -1343 -4770 -1693 -4307 6172
797 6093 -1346 -4769 -1689 -4306 6171
798 6093 -1345 -4763 -1692 -4305 6172
799 6092 -1345 -4767 -1694 -4307 6176
800 6096 -1347 -4770 -1691 -4309 6175
801 6094 -1345 -4767 -1689 -4304 6170
802 6094 -1343 -4765 -1689 -4305 6173
803 6093 -1343 -4765 -1690 -4306 6174
804 6096 -1342 -4766 -1692 -4304 6172
805 6094 -1344 -4765 -1693 -4305 6174
806 6091 -1344 -4767 -1694 -4306 6173
807 6092 -1348 -4765 -1694 -4305 6170
808 6089 -1347 -4766 -1690 -4306 6170
809 6091 -1344 -4764 -1690 -4306 6168
810 6093 -1346 -4765 -1692 -4303 6171
811 6091 -1347 -4767 -1692 -4308 6170
812 6094 -1342 -4761 -1692 -4306 6168
813 6092 -1342 -4764 -1689 -4306 6170
814 6092 -1347 -4762 -1694 -4306 6170
815 6092 -1344 -4764 -1695 -4305 6167
816 6094 -1346 -4764 -1691 -4305 6169
817 6090 -1344 -4762 -1689 -4305 6165
818 6091 -1346 -4763 -1690 -4303 6169
819 6093 -1343 -4762 -1690 -4306 6167
820 6098 -1346 -4761 -1690 -4305 6169
821 6091 -1345 -4764 -1689 -4304 6169
822 6095 -1347 -4761 -1692 -4307 6168
823 6095 -1343 -4762 -1692 -4304 6169
824 6092 -1343 -4761 -1688 -4301 6168
825 6094 -1345 -4763 -1691 -4305 6169
826 6092 -1347 -4764 -1690 -4303 6167
827 6093 -1345 -4762 -1694 -4303 6167
828 6092 -1347 -4761 -1689 -4305 6169
829 6090 -1348 -4762 -1690 -4307 6165
830 6089 -1345 -4760 -1692 -4303 6163
831 6092 -1345 -4761 -1691 -4305 6165
832 6091 -1345 -4763 -1691 -4302 6165
833 6090 -1347 -4760 -1690 -4306 6162
834 6093 -1343 -4759 -1692 -4304 6164
835 6091 -1345 -4760 -1691 -4302 6167
836 6088 -1350 -4763 -1693 -4304 6160
837 6089 -1345 -4760 -1693 -4307 6162
838 6091 -1344 -4759 -1693 -4304 6167
839 6089 -1346 -4762 -1692 -4305 6165
840 6092 -1349 -4766 -1690 -4305 6162
841 6089 -1347 -4760 -1692 -4304 6160
842 6089 -1348 -4759 -1688 -4304 6165
843 6090 -1346 -4758 -1691 -4303 6165
844 6090 -1347 -4761 -1690 -4306 6165
845 6090 -1348 -4759 -1688 -4304 6161
846 6092 -1343 -4758 -1684 -4306 6165
847 6092 -1344 -4762 -1690 -4307 6162
848 6090 -1349 -4760 -1694 -4302 6161
849 6091 -1344 -4760 -1691 -4304 6164
850 6093 -1342 -4759 -1693 -4304 6163
851 6091 -1348 -4761 -1692 -4304 6164
852 6089 -1343 -4760 -1693 -4301 6168
853 6090 -1347 -4759 -1690 -4303 6165
854 6092 -1348 -4763 -1694 -4303 6165
855 6091 -1347 -4762 -1691 -4304 6164
856 6088 -1341 -4758 -1691 -4304 6169
857 6090 -1343 -4760 -1691 -4305 6168
858 6092 -1350 -4768 -1694 -4307 6163
859 6089 -1347 -4762 -1691 -4307 6165
860 6092 -1343 -4761 -1693 -4308 6171
861 6093 -1345 -4766 -1691 -4304 6167
862 6090 -1349 -4767 -1693 -4306 6166
863 6095 -1347 -4765 -1692 -4305 6164
864 6090 -1345 -4763 -1687 -4310 6170
865 6096 -1345 -4762 -1689 -4302 6172
866 6094 -1345 -4764 -1690 -4302 6171
867 6095 -1344 -4767 -1691 -4305 6170
868 6096 -1342 -4764 -1688 -4306 6174
869 6097 -1344 -4764 -1690 -4306 6171
870 6095 -1345 -4766 -1694 -4307 6171
871 6094 -1343 -4767 -1689 -4304 6173
872 6090 -1347 -4764 -1690 -4305 6171
873 6091 -1346 -4764 -1694 -4305 6168
874 6092 -1341 -4761 -1695 -4304 6174
875 6091 -1346 -4766 -1692 -4308 6175
876 6094 -1346 -4764 -1694 -4309 6169
877 6096 -1345 -4761 -1694 -4304 6171
878 6096 -1341 -4762 -1697 -4304 6173
879 6095 -1342 -4766 -1694 -4304 6177
880 6090 -1349 -4769 -1691 -4306 6167
881 6090 -1344 -4766 -1691 -4308 6168
882 6091 -1340 -4761 -1695 -4304 6173
883 6092 -1348 -4767 -1697 -4307 6173
884 6091 -1345 -4768 -1688 -4306 6168
885 6097 -1344 -4765 -1691 -4306 6171
886 6091 -1348 -4766 -1693 -4308 6173
887 6090 -1347 -4770 -1694 -4306 6169
888 6091 -1345 -4766 -1694 -4308 6169
889 6097 -1345 -4767 -1691 -4308 6170
890 6091 -1347 -4768 -1692 -4306 6169
891 6087 -1347 -4768 -1693 -4307 6172
892 6095 -1343 -4764 -1693 -4306 6173
893 6092 -1343 -4767 -1691 -4305 6173
894 6093 -1345 -4768 -1692 -4306 6170
895 6097 -1346 -4768 -1693 -4306 6171
896 6097 -1338 -4763 -1690 -4307 6174
897 6095 -1343 -4767 -1691 -4309 6173
898 6092 -1346 -4768 -1690 -4306 6173
899 6094 -1345 -4768 -1692 -4310 6173
900 6096 -1343 -4767 -1695 -4305 6174
901 6098 -1342 -4768 -1691 -4305 6175
902 6094 -1349 -4771 -1698 -4311 6173
903 6100 -1343 -4767 -1695 -4309 6171
904 6097 -1343 -4767 -1695 -4311 6176
905 6098 -1344 -4771 -1697 -4304 6170
906 6098 -1347 -4766 -1692 -4304 6172
907 6096 -1345 -4767 -1694 -4310 6175
908 6100 -1346 -4770 -1693 -4308 6173
909 6097 -1349 -4769 -1691 -4307 6172
910 6099 -1344 -4766 -1693 -4307 6174
911 6099 -1343 -4765 -1691 -4307 6178
912 6098 -1345 -4768 -1692 -4305 6170
913 6099 -1345 -4771 -1696 -4308 6168
914 6097 -1338 -4764 -1693 -4309 6173
915 6098 -1343 -4765 -1693 -4308 6175
916 6099 -1347 -4771 -1691 -4309 6170
917 6094 -1344 -4766 -1691 -4304 6169
918 6095 -1345 -4763 -1695 -4307 6174
919 6095 -1344 -4764 -1693 -4305 6176
920 6095 -1347 -4767 -1691 -4306 6167
921 6093 -1343 -4762 -1694 -4308 6170
922 6093 -1348 -4765 -1697 -4308 6173
923 6095 -1346 -4765 -1698 -4306 6167
924 6096 -1345 -4766 -1691 -4309 6166
925 6095 -1342 -4762 -1689 -4305 6172
926 6092 -1349 -4762 -1692 -4307 6171
927 6096 -1352 -4764 -1692 -4304 6166
928 6094 -1343 -4761 -1692 -4309 6165
929 6093 -1339 -4760 -1691 -4309 6172
930 6099 -1346 -4763 -1690 -4308 6167
931 6093 -1350 -4768 -1690 -4301 6163
932 6096 -1344 -4761 -1692 -4306 6168
933 6098 -1344 -4755 -1688 -4307 6172
934 6093 -1348 -4766 -1693 -4304 6169
935 6091 -1347 -4764 -1692 -4305 6163
936 6095 -1340 -4756 -1690 -4305 6170
937 6094 -1344 -4759 -1691 -4304 6170
938 6091 -1348 -4766 -1691 -4308 6164
939 6091 -1347 -4764 -1692 -4308 6162
940 6095 -1345 -4761 -1693 -4305 6169
941 6091 -1351 -4767 -1693 -4306 6166
942 6086 -1347 -4768 -1690 -4306 6163
943 6091 -1339 -4758 -1690 -4304 6169
944 6096 -1343 -4760 -1693 -4305 6170
945 6092 -1348 -4761 -1693 -4303 6165
946 6092 -1345 -4763 -1690 -4304 6165
947 6089 -1343 -4757 -1690 -4305 6170
948 6090 -1346 -4762 -1694 -4304 6164
949 6088 -1350 -4765 -1693 -4301 6158
950 6090 -1347 -4761 -1691 -4306 6162
951 6091 -1344 -4759 -1690 -4309 6168
952 6090 -1349 -4766 -1692 -4307 6162
953 6089 -1347 -4765 -1693 -4305 6163
954 6092 -1347 -4761 -1692 -4304 6162
955 6090 -1346 -4760 -1687 -4306 6165
956 6089 -1344 -4761 -1689 -4302 6163
957 6090 -1345 -4761 -1693 -4302 6166
958 6094 -1341 -4755 -1689 -4300 6166
959 6091 -1347 -4760 -1691 -4303 6167
960 6092 -1346 -4762 -1690 -4302 6165
961 6091 -1346 -4760 -1690 -4305 6164
962 6089 -1343 -4759 -1692 -4302 6167
963 6090 -1345 -4763 -1689 -4304 6163
964 6089 -1345 -4762 -1688 -4301 6163
965 6089 -1341 -4760 -1689 -4306 6169
966 6090 -1349 -4764 -1692 -4303 6166
967 6090 -1348 -4763 -1692 -4301 6160
968 6093 -1339 -4759 -1691 -4305 6165
969 6089 -1342 -4758 -1689 -4306 6169
970 6091 -1352 -4767 -1691 -4305 6162
971 6090 -1349 -4767 -1691 -4304 6160
972 6090 -1343 -4759 -1687 -4307 6167
973 6093 -1349 -4762 -1687 -4307 6169
974 6090 -1353 -4768 -1688 -4305 6162
975 6094 -1347 -4763 -1694 -4302 6163
976 6092 -1342 -4760 -1690 -4305 6170
977 6092 -1351 -4765 -1690 -4306 6166
978 6091 -1353 -4768 -1691 -4307 6164
979 6094 -1341 -4764 -1692 -4301 6167
980 6088 -1344 -4763 -1695 -4305 6170
981 6091 -1350 -4767 -1689 -4306 6167
982 6096 -1349 -4770 -1692 -4306 6167
983 6094 -1341 -4765 -1693 -4305 6172
984 6093 -1346 -4766 -1692 -4304 6173
985 6096 -1350 -4770 -1694 -4307 6168
986 6093 -1348 -4766 -1691 -4307 6168
987 6091 -1343 -4764 -1689 -4305 6175
988 6098 -1348 -4767 -1696 -4307 6172
989 6099 -1352 -4776 -1695 -4307 6165
990 6094 -1343 -4768 -1691 -4306 6168
991 6094 -1347 -4765 -1691 -4310 6173
992 6095 -1348 -4772 -1696 -4308 6170
993 6096 -1346 -4772 -1692 -4303 6166
994 6099 -1343 -4766 -1693 -4307 6175
995 6102 -1348 -4768 -1690 -4310 6168
996 6098 -1350 -4774 -1696 -4308 6169
997 6099 -1344 -4768 -1696 -4306 6173
998 6100 -1345 -4766 -1691 -4308 6174
999 6099 -1352 -4775 -1695 -4310 6166
