0 261 -90 169 158 -575 -95
1 257 -89 169 163 -576 -97
2 255 -88 168 162 -574 -98
3 254 -92 165 161 -579 -99
4 260 -92 167 166 -578 -96
5 257 -87 169 160 -577 -94
6 258 -95 163 161 -574 -96
7 257 -92 167 163 -576 -97
8 258 -89 167 159 -577 -95
9 259 -90 167 161 -577 -93
10 257 -89 165 162 -574 -95
11 262 -92 165 162 -577 -94
12 258 -90 167 160 -575 -94
13 256 -92 168 162 -575 -95
14 260 -88 167 161 -576 -97
15 259 -91 167 161 -576 -97
16 259 -89 165 160 -575 -94
17 255 -93 168 164 -575 -95
18 260 -91 167 162 -577 -99
19 260 -89 167 163 -572 -95
20 254 -88 167 161 -576 -94
21 256 -90 167 163 -576 -95
22 259 -87 165 163 -580 -94
23 261 -90 166 164 -575 -97
24 259 -89 166 163 -577 -96
25 256 -90 166 163 -576 -96
26 259 -92 168 163 -577 -96
27 256 -92 168 162 -576 -95
28 255 -93 166 163 -575 -96
29 260 -91 163 165 -576 -96
30 260 -91 167 161 -577 -95
31 258 -91 166 163 -576 -94
32 260 -90 166 162 -576 -96
33 256 -90 170 164 -578 -96
34 258 -89 165 162 -578 -97
35 260 -93 165 166 -578 -94
36 259 -88 166 163 -577 -95
37 259 -94 165 161 -576 -97
38 257 -89 169 161 -576 -96
39 253 -91 165 160 -575 -98
40 254 -94 168 160 -575 -95
41 256 -87 165 162 -574 -95
42 258 -89 169 163 -579 -97
43 257 -93 167 160 -581 -96
44 258 -93 169 162 -580 -93
45 258 -91 166 161 -577 -97
46 255 -88 170 163 -575 -96
47 257 -91 167 161 -574 -93
48 258 -91 165 161 -577 -96
49 257 -93 164 160 -578 -94
50 258 -90 168 161 -578 -93
51 257 -90 170 162 -576 -97
52 257 -92 163 162 -574 -94
53 254 -92 169 159 -575 -96
54 257 -89 165 162 -576 -97
55 256 -92 168 161 -578 -95
56 258 -87 164 160 -578 -95
57 258 -92 167 161 -577 -94
58 256 -94 166 160 -580 -96
59 256 -94 167 161 -579 -97
60 259 -92 166 160 -577 -96
61 256 -92 167 158 -577 -98
62 253 -92 165 159 -576 -98
63 257 -90 166 161 -577 -95
64 256 -91 167 164 -578 -97
65 257 -91 167 162 -580 -98
66 260 -89 166 163 -580 -93
67 257 -92 166 164 -576 -93
68 255 -90 166 162 -577 -95
69 259 -92 165 160 -574 -95
70 256 -93 165 157 -575 -98
71 258 -92 166 162 -577 -95
72 258 -90 167 164 -578 -95
73 259 -91 165 162 -579 -97
74 258 -91 168 161 -576 -97
75 257 -92 167 162 -575 -93
76 254 -90 165 162 -576 -97
77 256 -91 167 162 -577 -94
78 255 -89 166 161 -577 -96
79 261 -89 166 164 -578 -97
80 260 -89 168 164 -578 -96
81 260 -91 167 158 -576 -94
82 254 -92 166 161 -576 -97
83 256 -89 167 162 -575 -96
84 259 -91 164 162 -575 -97
85 257 -90 165 162 -575 -98
86 253 -94 165 161 -579 -96
87 258 -87 167 162 -578 -98
88 254 -91 167 162 -577 -98
89 255 -96 168 160 -574 -97
90 255 -92 167 160 -577 -97
91 256 -92 166 161 -576 -97
92 258 -92 165 160 -578 -99
93 258 -92 165 160 -578 -97
94 260 -91 165 159 -576 -94
95 258 -90 168 161 -577 -97
96 259 -92 166 159 -578 -97
97 259 -92 166 160 -575 -99
98 255 -89 166 164 -575 -96
99 257 -90 169 162 -578 -95
100 260 -92 167 162 -576 -96
101 258 -90 163 160 -576 -92
102 257 -90 167 160 -577 -99
103 256 -93 165 159 -580 -99
104 254 -92 166 160 -577 -94
105 256 -91 165 158 -574 -96
106 257 -90 165 164 -573 -93
107 255 -91 166 158 -577 -94
108 252 -94 168 161 -577 -95
109 257 -90 166 161 -579 -94
110 258 -90 164 164 -576 -94
111 258 -91 165 161 -579 -95
112 257 -90 165 161 -580 -98
113 257 -94 165 158 -576 -96
114 258 -94 165 158 -580 -99
115 255 -92 164 158 -577 -97
116 257 -91 167 162 -578 -98
117 261 -91 167 159 -577 -96
118 259 -92 168 160 -575 -97
119 258 -93 168 159 -578 -97
120 260 -91 165 162 -578 -98
121 259 -90 163 163 -577 -96
122 258 -89 167 159 -574 -97
123 258 -91 166 161 -580 -99
124 259 -93 167 162 -577 -98
125 259 -87 167 159 -578 -94
126 256 -91 167 161 -574 -98
127 256 -93 166 158 -577 -96
128 261 -91 164 162 -579 -96
129 259 -92 165 164 -576 -96
130 256 -89 165 161 -578 -96
131 256 -91 168 159 -577 -97
132 256 -89 167 160 -576 -94
133 258 -94 169 162 -578 -96
134 254 -91 167 163 -576 -98
135 257 -92 167 162 -576 -97
136 258 -91 169 160 -580 -93
137 257 -91 166 161 -576 -97
138 256 -92 165 164 -577 -96
139 253 -92 164 162 -575 -96
140 255 -90 165 161 -579 -95
141 257 -94 164 160 -577 -98
142 256 -94 165 162 -576 -98
143 255 -91 165 163 -578 -96
144 254 -92 165 160 -578 -99
145 259 -91 167 164 -580 -99
146 256 -93 168 160 -579 -96
147 256 -92 165 163 -574 -98
148 260 -92 164 158 -579 -94
149 255 -95 163 160 -574 -95
150 257 -93 165 162 -576 -98
151 257 -91 165 163 -578 -95
152 260 -91 164 164 -576 -96
153 259 -90 165 163 -577 -98
154 259 -88 163 158 -576 -96
155 253 -93 166 164 -580 -94
156 258 -92 164 162 -582 -98
157 256 -90 166 157 -575 -96
158 257 -92 164 159 -576 -96
159 257 -96 165 159 -577 -96
160 255 -88 168 159 -574 -98
161 254 -92 166 158 -576 -94
162 257 -91 168 162 -575 -97
163 256 -92 166 161 -580 -98
164 259 -93 168 159 -579 -96
165 257 -90 168 159 -581 -98
166 256 -91 165 161 -576 -95
167 258 -89 167 161 -579 -96
168 257 -90 169 163 -576 -95
169 254 -90 166 159 -575 -98
170 253 -93 164 161 -576 -97
171 258 -90 166 162 -578 -98
172 258 -92 166 159 -574 -96
173 257 -89 169 162 -577 -95
174 258 -92 164 160 -573 -98
175 257 -91 166 159 -578 -95
176 259 -87 169 163 -578 -94
177 259 -91 166 159 -579 -97
178 258 -88 163 159 -578 -97
179 258 -91 165 162 -577 -93
180 257 -89 166 159 -577 -96
181 255 -94 165 161 -576 -96
182 258 -93 164 162 -574 -95
183 257 -94 170 162 -577 -97
184 257 -93 167 161 -577 -96
185 255 -92 166 161 -576 -97
186 254 -91 167 162 -581 -97
187 259 -92 168 161 -577 -94
188 254 -91 170 159 -582 -96
189 255 -88 168 162 -578 -95
190 260 -86 166 159 -576 -97
191 255 -92 165 162 -575 -96
192 258 -89 169 164 -575 -94
193 257 -88 168 164 -575 -96
194 259 -91 166 163 -576 -95
195 259 -90 165 162 -578 -98
196 258 -92 167 163 -575 -91
197 260 -88 168 160 -574 -99
198 259 -95 165 161 -575 -99
199 255 -93 168 164 -575 -96
200 257 -89 170 165 -576 -92
201 257 -89 166 161 -574 -95
202 260 -90 165 164 -578 -97
203 258 -91 166 163 -576 -91
204 257 -89 169 161 -573 -93
205 256 -92 168 163 -575 -98
206 261 -94 164 163 -574 -95
207 258 -90 168 163 -576 -95
208 257 -93 171 162 -576 -96
209 259 -93 166 163 -578 -97
210 258 -91 168 164 -576 -93
211 258 -86 166 161 -576 -94
212 256 -92 167 164 -575 -99
213 259 -90 164 161 -575 -94
214 260 -88 168 162 -573 -91
215 258 -91 166 164 -578 -98
216 259 -91 166 164 -577 -96
217 256 -91 166 159 -572 -95
218 258 -88 170 163 -577 -95
219 260 -89 169 164 -575 -97
220 257 -93 164 163 -575 -96
221 257 -89 167 162 -572 -91
222 255 -88 167 161 -578 -98
223 257 -95 162 163 -578 -98
224 255 -92 165 162 -576 -94
225 256 -89 169 161 -573 -95
226 258 -92 165 159 -573 -96
227 255 -92 167 160 -575 -92
228 256 -88 168 162 -574 -94
229 260 -87 168 164 -578 -95
230 260 -93 164 163 -575 -95
231 257 -91 166 165 -574 -92
232 258 -86 169 162 -578 -92
233 258 -89 168 162 -576 -98
234 258 -91 163 163 -576 -97
235 257 -88 169 162 -574 -95
236 256 -89 166 162 -577 -95
237 259 -91 167 163 -576 -98
238 257 -94 164 161 -575 -95
239 257 -90 167 162 -576 -94
240 257 -91 168 161 -575 -92
241 258 -91 168 162 -574 -98
242 256 -94 167 159 -575 -90
243 256 -90 167 161 -577 -92
244 261 -91 166 165 -578 -94
245 257 -88 164 159 -577 -94
246 260 -90 165 162 -578 -98
247 257 -91 169 163 -575 -94
248 258 -92 169 162 -572 -98
249 257 -89 165 162 -574 -96
250 257 -90 165 161 -577 -101
251 256 -91 166 160 -575 -95
252 260 -89 166 164 -577 -93
253 260 -90 162 161 -576 -96
254 260 -91 165 160 -577 -98
255 257 -90 165 164 -577 -96
256 259 -89 168 161 -574 -94
257 256 -92 168 161 -574 -95
258 259 -89 167 163 -581 -95
259 260 -90 164 161 -575 -97
260 257 -91 166 163 -575 -93
261 260 -90 167 162 -572 -97
262 260 -89 166 162 -575 -90
263 258 -88 169 162 -575 -96
264 256 -87 169 158 -571 -95
265 256 -91 167 165 -576 -96
266 257 -90 165 164 -578 -94
267 257 -89 170 164 -575 -96
268 258 -89 164 165 -576 -96
269 260 -90 167 164 -572 -94
270 260 -92 168 160 -575 -98
271 260 -91 172 166 -576 -95
272 255 -89 166 164 -576 -94
273 258 -91 163 162 -572 -96
274 260 -90 168 164 -574 -94
275 258 -89 168 164 -575 -96
276 259 -92 168 160 -575 -95
277 258 -89 169 162 -574 -97
278 259 -92 166 161 -574 -94
279 258 -88 166 162 -572 -92
280 259 -90 169 161 -576 -100
281 261 -91 162 164 -581 -93
282 258 -90 168 163 -579 -96
283 258 -88 163 162 -577 -91
284 259 -90 167 162 -574 -98
285 255 -89 168 164 -571 -94
286 257 -90 166 162 -575 -99
287 259 -92 171 166 -576 -97
288 258 -89 169 164 -578 -95
289 257 -90 167 163 -577 -95
290 256 -90 168 162 -576 -95
291 257 -91 166 161 -575 -93
292 260 -92 167 160 -578 -96
293 256 -93 168 159 -575 -97
294 255 -91 167 160 -575 -94
295 257 -92 167 161 -575 -97
296 256 -92 168 163 -581 -97
297 257 -90 165 163 -578 -95
298 260 -90 165 161 -577 -93
299 256 -92 165 163 -572 -94
300 259 -88 167 160 -576 -96
301 258 -92 167 159 -577 -94
302 256 -92 166 162 -578 -98
303 256 -92 166 164 -579 -96
304 260 -88 165 164 -581 -94
305 260 -91 166 163 -578 -98
306 258 -92 168 162 -575 -94
307 257 -90 168 159 -574 -92
308 256 -86 168 164 -574 -95
309 257 -87 166 166 -573 -94
310 259 -90 164 162 -574 -95
311 258 -90 168 160 -579 -92
312 259 -91 167 163 -574 -96
313 258 -92 166 162 -573 -94
314 258 -87 169 160 -573 -92
315 255 -89 171 162 -575 -96
316 258 -91 171 161 -574 -93
317 258 -89 169 164 -575 -94
318 260 -89 171 165 -574 -92
319 259 -91 169 165 -576 -95
320 260 -91 171 161 -575 -93
321 258 -93 168 164 -572 -95
322 257 -89 167 163 -572 -92
323 260 -88 169 164 -576 -93
324 260 -89 169 163 -573 -91
325 263 -86 166 162 -577 -93
326 262 -88 166 161 -576 -94
327 262 -89 169 164 -573 -95
328 260 -88 165 160 -573 -93
329 258 -88 168 162 -570 -94
330 255 -92 170 162 -573 -96
331 258 -88 168 163 -575 -93
332 260 -92 166 165 -576 -93
333 261 -90 170 165 -574 -94
334 261 -88 170 163 -572 -95
335 259 -87 167 160 -571 -93
336 257 -90 168 165 -574 -96
337 258 -90 168 162 -576 -93
338 258 -88 168 164 -575 -93
339 258 -89 169 164 -576 -92
340 260 -89 166 166 -574 -92
341 260 -90 166 166 -577 -90
342 259 -89 172 164 -571 -93
343 261 -89 168 163 -575 -92
344 256 -86 168 163 -576 -93
345 260 -89 168 161 -576 -97
346 261 -88 169 162 -575 -96
347 261 -89 167 169 -577 -97
348 261 -87 168 165 -575 -95
349 259 -89 168 164 -576 -96
350 259 -88 169 162 -571 -94
351 256 -88 168 162 -573 -95
352 259 -88 171 161 -574 -93
353 259 -90 169 163 -572 -94
354 257 -90 168 164 -576 -94
355 258 -90 167 163 -573 -96
356 257 -88 169 165 -572 -91
357 257 -90 171 163 -576 -94
358 262 -91 171 162 -572 -93
359 260 -89 168 163 -575 -94
360 260 -90 169 161 -574 -97
361 264 -89 169 160 -578 -92
362 260 -89 169 165 -576 -95
363 261 -90 170 166 -574 -93
364 260 -90 170 161 -573 -95
365 258 -88 169 165 -574 -91
366 260 -86 167 163 -573 -93
367 258 -92 170 164 -573 -94
368 258 -90 165 165 -576 -92
369 259 -88 169 162 -575 -94
370 257 -89 170 167 -575 -96
371 260 -87 171 162 -575 -93
372 260 -91 169 163 -574 -92
373 259 -87 169 162 -573 -93
374 258 -89 169 163 -575 -94
375 259 -89 165 161 -576 -92
376 260 -89 169 161 -579 -92
377 259 -89 167 162 -573 -96
378 259 -90 168 160 -575 -97
379 259 -89 167 160 -575 -94
380 258 -90 166 161 -576 -93
381 259 -89 166 163 -575 -93
382 259 -87 167 163 -578 -96
383 259 -91 166 163 -577 -97
384 257 -90 166 164 -579 -96
385 258 -90 169 159 -575 -95
386 257 -92 164 160 -573 -95
387 257 -90 167 163 -573 -93
388 256 -90 168 162 -575 -93
389 258 -89 169 160 -573 -92
390 257 -90 165 161 -576 -94
391 259 -91 165 163 -576 -93
392 260 -87 167 164 -577 -96
393 257 -92 165 161 -574 -97
394 257 -89 165 160 -573 -97
395 260 -91 167 162 -575 -92
396 257 -88 168 163 -575 -92
397 260 -86 166 165 -578 -92
398 262 -88 164 161 -574 -94
399 262 -89 170 165 -579 -97
400 259 -89 167 161 -576 -95
401 260 -88 169 162 -577 -95
402 255 -93 167 161 -576 -94
403 262 -86 170 166 -575 -95
404 255 -90 170 162 -574 -94
405 261 -91 169 165 -577 -93
406 263 -91 167 162 -578 -94
407 260 -89 168 166 -572 -92
408 258 -87 170 163 -572 -96
409 261 -89 165 164 -574 -93
410 256 -89 170 164 -573 -92
411 260 -91 167 163 -574 -94
412 257 -89 169 165 -577 -93
413 261 -91 169 163 -575 -92
414 260 -87 170 163 -576 -97
415 257 -89 165 164 -575 -97
416 258 -87 167 161 -574 -92
417 258 -88 169 165 -576 -96
418 258 -91 170 161 -575 -95
419 259 -90 164 163 -574 -94
420 258 -91 167 162 -573 -94
421 258 -90 167 166 -577 -94
422 254 -91 169 162 -575 -96
423 257 -91 165 160 -576 -94
424 259 -88 166 161 -576 -95
425 258 -91 167 163 -574 -92
426 255 -91 167 162 -573 -95
427 260 -91 166 165 -580 -96
428 263 -89 165 164 -576 -92
429 256 -87 170 162 -575 -95
430 259 -90 169 160 -570 -95
431 259 -90 165 159 -569 -96
432 256 -88 169 161 -576 -94
433 258 -89 169 166 -578 -93
434 261 -87 168 164 -579 -98
435 259 -89 163 162 -578 -92
436 260 -87 169 162 -576 -93
437 256 -89 164 163 -576 -94
438 260 -88 167 161 -576 -95
439 259 -94 168 162 -578 -96
440 258 -90 165 163 -577 -95
441 260 -89 167 161 -579 -95
442 259 -90 166 165 -573 -92
443 259 -90 169 163 -575 -95
444 262 -90 168 162 -575 -93
445 260 -90 166 166 -575 -94
446 258 -93 168 162 -577 -98
447 258 -92 168 164 -572 -96
448 259 -89 166 164 -577 -96
449 259 -91 167 165 -578 -95
450 259 -92 167 161 -577 -95
451 256 -90 168 161 -576 -95
452 259 -89 167 161 -576 -94
453 253 -92 169 161 -574 -94
454 257 -93 168 164 -572 -93
455 258 -91 167 163 -578 -95
456 261 -86 170 161 -580 -96
457 263 -90 169 165 -575 -90
458 259 -88 166 160 -576 -97
459 256 -88 167 161 -576 -96
460 257 -92 169 163 -574 -95
461 259 -87 170 162 -575 -97
462 258 -91 167 162 -574 -95
463 255 -92 165 159 -579 -97
464 256 -87 168 164 -578 -94
465 257 -89 166 161 -574 -93
466 259 -92 169 161 -575 -94
467 257 -91 165 161 -576 -95
468 256 -86 167 162 -571 -95
469 259 -90 165 162 -575 -93
470 257 -92 165 165 -577 -95
471 258 -88 165 166 -575 -93
472 261 -90 168 164 -575 -94
473 259 -91 168 160 -571 -92
474 256 -92 168 163 -573 -94
475 253 -88 170 164 -574 -91
476 260 -90 163 163 -574 -95
477 264 -86 168 166 -578 -97
478 261 -90 165 164 -574 -95
479 260 -85 168 164 -576 -96
480 255 -92 168 164 -574 -92
481 261 -89 170 164 -573 -92
482 257 -88 171 161 -576 -92
483 259 -88 167 165 -574 -96
484 259 -90 166 163 -576 -94
485 259 -90 168 163 -573 -93
486 258 -89 169 162 -579 -94
487 258 -90 166 162 -574 -96
488 259 -90 170 163 -575 -98
489 258 -89 167 161 -577 -95
490 259 -87 167 163 -572 -92
491 258 -88 168 165 -575 -95
492 262 -86 168 164 -578 -98
493 259 -87 169 164 -575 -95
494 261 -88 166 163 -575 -96
495 262 -90 167 163 -574 -95
496 256 -91 171 159 -574 -92
497 256 -90 166 164 -573 -95
498 258 -88 170 162 -578 -94
499 259 -88 166 160 -577 -96
500 260 -88 166 162 -579 -95
501 262 -86 167 163 -578 -95
502 259 -86 171 163 -573 -93
503 258 -92 169 161 -575 -96
504 260 -90 167 161 -574 -93
505 258 -91 168 165 -574 -93
506 258 -89 171 162 -576 -96
507 262 -89 168 163 -577 -93
508 259 -91 166 162 -577 -97
509 258 -90 165 162 -576 -92
510 256 -90 165 165 -574 -92
511 257 -92 167 162 -575 -97
512 257 -89 166 161 -575 -95
513 261 -90 164 165 -576 -94
514 257 -89 168 164 -581 -97
515 258 -91 166 163 -578 -98
516 259 -90 168 160 -574 -94
517 257 -91 167 160 -576 -95
518 257 -88 167 163 -572 -95
519 255 -89 171 163 -576 -93
520 257 -89 165 161 -574 -95
521 260 -90 169 160 -575 -98
522 260 -86 167 164 -578 -96
523 259 -89 166 162 -577 -97
524 260 -90 168 161 -572 -97
525 255 -87 169 162 -575 -97
526 259 -92 167 162 -576 -95
527 258 -91 165 163 -576 -94
528 257 -89 167 165 -577 -95
529 259 -90 168 163 -577 -96
530 261 -91 170 160 -576 -91
531 255 -89 167 163 -576 -94
532 257 -91 168 160 -574 -95
533 258 -89 170 162 -572 -91
534 257 -89 164 163 -576 -94
535 260 -87 170 164 -578 -92
536 258 -92 165 163 -579 -96
537 261 -88 167 162 -576 -96
538 261 -88 168 159 -571 -93
539 258 -90 168 161 -574 -94
540 258 -91 168 163 -573 -95
541 258 -88 170 165 -576 -95
542 257 -88 168 163 -577 -95
543 261 -89 168 165 -576 -93
544 260 -87 165 162 -574 -94
545 258 -89 165 162 -575 -95
546 257 -91 166 162 -575 -98
547 257 -91 170 164 -576 -97
548 258 -92 166 161 -577 -97
549 258 -89 167 165 -576 -94
550 259 -88 166 164 -576 -95
551 258 -88 168 162 -578 -94
552 256 -91 166 161 -575 -92
553 258 -87 168 161 -574 -93
554 255 -90 168 157 -574 -94
555 259 -90 167 164 -572 -92
556 259 -92 168 163 -576 -90
557 261 -91 164 163 -579 -98
558 262 -87 167 166 -577 -95
559 258 -89 167 160 -577 -95
560 258 -89 164 161 -573 -95
561 259 -92 167 159 -573 -95
562 253 -90 167 161 -576 -95
563 258 -91 166 163 -578 -93
564 256 -91 164 159 -578 -96
565 260 -91 163 162 -579 -96
566 259 -87 162 161 -575 -95
567 255 -93 168 158 -575 -96
568 256 -89 164 159 -574 -96
569 254 -90 168 163 -576 -97
570 258 -93 166 163 -579 -97
571 258 -92 168 160 -577 -97
572 257 -90 163 163 -581 -97
573 257 -90 166 159 -576 -97
574 258 -93 167 162 -576 -94
575 257 -90 165 160 -574 -94
576 255 -92 165 158 -580 -96
577 257 -89 167 161 -579 -97
578 259 -89 167 160 -579 -95
579 260 -89 163 161 -577 -95
580 262 -90 168 162 -581 -98
581 258 -90 163 160 -578 -96
582 255 -90 167 162 -576 -96
583 259 -91 167 160 -574 -96
584 258 -92 166 161 -576 -93
585 255 -90 165 163 -579 -98
586 258 -89 164 163 -577 -96
587 257 -92 165 163 -577 -96
588 260 -91 168 161 -576 -98
589 254 -88 168 162 -575 -94
590 258 -86 169 160 -574 -94
591 255 -89 170 163 -576 -94
592 259 -90 166 165 -576 -96
593 258 -90 168 165 -580 -94
594 263 -90 168 164 -576 -97
595 257 -89 167 162 -573 -94
596 257 -91 165 159 -573 -94
597 256 -91 164 162 -574 -95
598 259 -91 169 164 -576 -95
599 257 -91 169 163 -578 -92
600 260 -91 166 161 -578 -98
601 259 -87 168 161 -578 -96
602 257 -91 163 162 -575 -99
603 256 -92 165 164 -573 -96
604 257 -93 171 158 -574 -98
605 257 -91 165 161 -575 -95
606 259 -88 166 161 -577 -95
607 259 -91 168 163 -574 -95
608 257 -88 166 161 -578 -96
609 261 -93 169 159 -577 -95
610 253 -89 166 162 -578 -96
611 259 -91 167 163 -573 -98
612 256 -87 170 158 -574 -100
613 259 -93 166 161 -577 -96
614 259 -90 167 164 -578 -96
615 260 -90 164 163 -579 -92
616 258 -90 165 164 -579 -96
617 256 -91 167 161 -577 -98
618 254 -91 168 159 -574 -96
619 256 -91 167 159 -573 -97
620 256 -92 164 163 -572 -98
621 259 -89 167 163 -576 -97
622 260 -87 165 162 -577 -94
623 260 -91 164 161 -577 -97
624 258 -89 166 164 -577 -94
625 259 -90 169 162 -576 -96
626 255 -91 169 159 -573 -94
627 256 -91 168 161 -578 -96
628 253 -91 166 160 -576 -96
629 256 -92 166 164 -578 -98
630 257 -89 165 164 -577 -96
631 261 -91 167 159 -578 -98
632 256 -90 167 161 -574 -92
633 256 -91 165 162 -574 -97
634 259 -90 166 162 -574 -96
635 259 -90 164 160 -575 -96
636 259 -89 169 161 -576 -97
637 260 -89 167 163 -578 -96
638 262 -91 167 168 -574 -94
639 257 -89 172 161 -575 -96
640 258 -93 166 161 -572 -93
641 255 -89 167 159 -573 -94
642 258 -91 166 161 -575 -92
643 257 -91 169 161 -577 -96
644 258 -91 164 164 -575 -93
645 259 -90 165 163 -579 -95
646 254 -90 169 162 -578 -98
647 261 -91 167 161 -574 -96
648 255 -92 165 162 -575 -97
649 256 -92 167 160 -576 -100
650 256 -94 168 160 -577 -97
651 257 -94 165 160 -579 -100
652 257 -91 165 164 -580 -94
653 256 -90 166 160 -578 -94
654 256 -93 168 161 -575 -94
655 257 -89 168 163 -572 -100
656 259 -93 168 161 -575 -97
657 257 -91 165 161 -580 -97
658 260 -91 165 165 -579 -97
659 257 -92 160 164 -574 -95
660 255 -90 169 162 -576 -97
661 258 -89 165 160 -576 -95
662 258 -91 168 159 -576 -94
663 255 -88 166 160 -576 -97
664 257 -87 165 161 -574 -94
665 257 -94 167 163 -577 -94
666 257 -88 164 163 -580 -95
667 260 -90 166 160 -578 -97
668 259 -91 164 162 -574 -96
669 258 -90 168 160 -577 -94
670 256 -92 167 158 -574 -95
671 257 -89 168 157 -575 -96
672 259 -91 165 162 -580 -98
673 260 -90 166 164 -580 -97
674 257 -87 165 159 -575 -93
675 255 -89 165 158 -574 -99
676 258 -94 164 158 -577 -98
677 258 -92 167 160 -577 -95
678 254 -89 167 160 -575 -98
679 257 -89 165 163 -579 -98
680 259 -90 163 165 -575 -97
681 261 -93 165 163 -577 -93
682 260 -88 166 163 -574 -94
683 257 -89 167 161 -578 -94
684 259 -92 164 156 -576 -98
685 255 -92 163 160 -572 -95
686 257 -90 169 161 -577 -95
687 255 -93 167 161 -577 -99
688 259 -91 164 161 -577 -98
689 259 -92 164 161 -580 -98
690 257 -91 165 161 -576 -97
691 255 -91 166 161 -575 -95
692 255 -89 167 163 -576 -96
693 257 -94 168 160 -582 -99
694 254 -91 166 162 -580 -100
695 259 -91 164 162 -579 -99
696 260 -92 165 159 -580 -98
697 255 -95 166 157 -577 -95
698 258 -93 167 158 -575 -94
699 254 -90 166 161 -577 -99
700 257 -92 167 160 -576 -98
701 260 -90 163 158 -575 -95
702 257 -92 165 164 -580 -96
703 261 -92 167 162 -578 -97
704 257 -92 164 160 -575 -95
705 257 -91 163 158 -573 -94
706 257 -94 168 159 -575 -97
707 257 -91 166 160 -576 -98
708 258 -92 164 160 -577 -93
709 255 -92 166 163 -581 -96
710 255 -92 164 159 -578 -96
711 255 -91 163 154 -576 -98
712 257 -93 167 161 -579 -96
713 257 -92 166 162 -575 -98
714 258 -92 167 157 -577 -96
715 254 -93 168 162 -576 -95
716 257 -90 166 163 -579 -96
717 255 -92 165 164 -577 -96
718 254 -94 168 160 -577 -95
719 256 -91 167 160 -576 -95
720 257 -91 166 160 -573 -98
721 255 -91 165 164 -576 -96
722 252 -92 168 160 -575 -96
723 254 -91 163 161 -576 -96
724 257 -91 166 160 -580 -93
725 258 -90 167 161 -576 -96
726 257 -91 170 165 -578 -96
727 259 -93 168 158 -575 -97
728 262 -89 164 159 -576 -96
729 256 -90 165 160 -572 -93
730 254 -87 163 161 -573 -96
731 257 -93 168 161 -579 -95
732 258 -92 164 159 -578 -94
733 259 -89 163 157 -576 -96
734 257 -91 167 161 -574 -95
735 256 -89 168 159 -579 -92
736 257 -93 167 160 -571 -93
737 259 -92 166 160 -577 -97
738 258 -90 165 162 -580 -95
739 259 -88 168 163 -578 -94
740 256 -90 163 161 -577 -98
741 258 -92 165 159 -577 -98
742 253 -92 163 157 -576 -96
743 255 -91 167 161 -577 -94
744 254 -92 164 161 -580 -98
745 257 -94 165 162 -579 -96
746 257 -90 169 164 -575 -95
747 259 -90 169 162 -577 -97
748 257 -92 167 160 -579 -96
749 254 -94 164 156 -577 -96
750 256 -92 164 157 -574 -96
751 261 -90 166 162 -579 -96
752 256 -91 166 162 -578 -98
753 262 -90 166 164 -578 -95
754 258 -89 166 161 -578 -93
755 259 -91 166 159 -579 -95
756 256 -93 166 163 -572 -93
757 255 -92 168 163 -574 -95
758 256 -90 167 163 -577 -94
759 262 -90 165 161 -575 -96
760 261 -88 165 161 -576 -95
761 258 -88 167 166 -578 -94
762 257 -89 169 163 -576 -95
763 257 -92 164 158 -576 -97
764 258 -92 165 160 -575 -93
765 255 -88 165 162 -578 -95
766 255 -90 166 161 -580 -98
767 260 -89 166 164 -576 -96
768 264 -87 166 160 -580 -97
769 259 -90 164 162 -579 -96
770 252 -91 164 160 -574 -95
771 260 -89 164 161 -575 -98
772 258 -93 166 162 -573 -97
773 258 -90 165 164 -577 -96
774 256 -89 165 163 -578 -93
775 258 -92 167 164 -575 -96
776 259 -91 164 163 -573 -93
777 261 -90 166 161 -578 -95
778 255 -91 169 163 -572 -96
779 254 -92 166 160 -575 -97
780 257 -92 166 162 -575 -95
781 258 -90 164 162 -581 -95
782 259 -90 166 161 -580 -96
783 257 -89 168 163 -577 -95
784 258 -92 163 159 -575 -96
785 258 -95 165 162 -574 -94
786 258 -92 167 161 -578 -95
787 254 -90 166 164 -577 -91
788 256 -91 167 164 -578 -97
789 259 -92 163 164 -576 -94
790 260 -90 166 164 -575 -95
791 259 -88 165 165 -577 -94
792 257 -88 170 160 -574 -95
793 253 -90 166 160 -574 -95
794 261 -89 168 156 -575 -93
795 258 -90 168 159 -577 -94
796 259 -91 165 163 -582 -99
797 257 -91 165 161 -578 -96
798 257 -90 169 160 -577 -95
799 258 -92 166 161 -575 -95
800 256 -89 165 162 -573 -98
801 252 -91 169 162 -577 -94
802 258 -91 167 161 -579 -97
803 259 -89 164 162 -579 -93
804 260 -88 164 161 -576 -93
805 256 -91 166 162 -576 -94
806 252 -91 167 162 -573 -97
807 257 -91 167 159 -573 -95
808 259 -91 166 161 -577 -93
809 257 -91 164 164 -573 -95
810 255 -92 167 165 -576 -93
811 259 -85 168 163 -580 -95
812 262 -93 165 161 -577 -97
813 259 -88 168 162 -576 -93
814 258 -91 168 160 -575 -97
815 255 -90 168 160 -576 -95
816 261 -89 168 161 -576 -90
817 258 -89 169 163 -575 -95
818 260 -85 168 167 -577 -95
819 258 -89 166 166 -575 -94
820 260 -89 166 162 -578 -95
821 255 -93 167 159 -577 -93
822 257 -90 167 161 -574 -98
823 255 -90 165 167 -579 -92
824 259 -89 166 161 -574 -94
825 259 -87 166 161 -577 -93
826 261 -92 167 165 -576 -94
827 258 -87 168 166 -574 -93
828 259 -92 168 162 -573 -96
829 259 -88 169 157 -573 -92
830 258 -93 167 160 -573 -95
831 257 -90 167 164 -574 -93
832 259 -88 169 166 -575 -96
833 263 -88 168 163 -577 -95
834 264 -88 164 163 -578 -93
835 260 -88 169 161 -576 -93
836 257 -91 167 165 -569 -96
837 255 -87 167 161 -572 -95
838 259 -89 169 160 -573 -95
839 260 -93 167 160 -574 -93
840 256 -91 167 163 -582 -99
841 255 -91 169 159 -582 -96
842 259 -90 162 158 -579 -99
843 261 -94 167 161 -575 -95
844 256 -93 165 159 -574 -96
845 257 -93 164 165 -574 -96
846 259 -90 167 162 -576 -94
847 265 -87 165 163 -580 -96
848 260 -91 166 161 -574 -97
849 260 -89 164 162 -575 -99
850 256 -91 166 158 -573 -96
851 256 -89 168 158 -571 -95
852 257 -91 167 161 -573 -97
853 254 -92 165 162 -577 -95
854 257 -92 165 165 -580 -94
855 261 -88 165 162 -581 -92
856 262 -90 164 159 -577 -94
857 260 -90 164 161 -573 -97
858 256 -88 169 164 -575 -97
859 256 -90 167 158 -571 -95
860 258 -88 165 157 -577 -94
861 260 -91 168 161 -575 -96
862 261 -92 165 164 -581 -97
863 259 -92 169 164 -577 -93
864 260 -92 166 157 -579 -93
865 259 -91 166 156 -576 -95
866 256 -88 165 161 -574 -97
867 258 -92 163 164 -579 -97
868 256 -88 169 163 -580 -92
869 264 -92 167 160 -577 -95
870 260 -89 165 162 -575 -94
871 258 -89 164 161 -573 -94
872 256 -87 169 160 -574 -92
873 256 -89 172 157 -574 -96
874 258 -92 170 161 -577 -99
875 256 -90 168 163 -572 -94
876 258 -88 169 163 -578 -96
877 259 -87 168 164 -577 -94
878 259 -91 164 160 -575 -95
879 259 -91 162 162 -574 -95
880 256 -91 167 163 -578 -92
881 255 -89 166 160 -575 -94
882 256 -91 167 161 -574 -96
883 261 -92 165 161 -577 -98
884 256 -89 167 165 -579 -94
885 257 -88 167 165 -578 -96
886 259 -89 166 160 -574 -98
887 260 -90 166 160 -574 -94
888 258 -88 168 160 -572 -97
889 253 -89 167 167 -573 -94
890 258 -90 166 164 -580 -97
891 262 -90 166 161 -577 -95
892 258 -90 164 163 -576 -93
893 259 -91 168 164 -575 -96
894 256 -93 168 162 -572 -96
895 254 -90 168 157 -573 -97
896 257 -90 166 161 -576 -97
897 256 -88 169 165 -577 -96
898 259 -88 168 163 -580 -96
899 257 -91 167 160 -573 -96
900 259 -88 165 158 -576 -90
901 255 -92 165 162 -574 -93
902 253 -91 166 161 -575 -93
903 259 -92 164 164 -574 -93
904 257 -89 167 161 -576 -94
905 261 -89 166 164 -577 -94
906 257 -90 167 165 -573 -96
907 257 -85 167 164 -577 -95
908 259 -88 168 160 -576 -95
909 255 -87 168 159 -574 -94
910 260 -91 168 162 -574 -94
911 256 -90 170 165 -575 -93
912 260 -88 169 163 -577 -95
913 262 -89 170 165 -575 -94
914 264 -88 166 164 -581 -96
915 256 -90 165 165 -576 -94
916 256 -86 167 163 -575 -90
917 258 -90 167 160 -573 -95
918 259 -91 168 160 -575 -97
919 257 -88 169 162 -573 -95
920 258 -89 170 166 -577 -95
921 258 -91 165 164 -578 -94
922 261 -91 167 158 -576 -97
923 258 -92 167 164 -575 -94
924 259 -89 166 164 -577 -98
925 255 -91 169 161 -576 -97
926 256 -88 166 159 -574 -93
927 262 -89 171 161 -575 -93
928 263 -91 168 162 -579 -93
929 259 -90 164 163 -579 -96
930 257 -89 166 161 -571 -92
931 259 -90 165 158 -575 -95
932 259 -91 167 164 -572 -94
933 255 -91 167 164 -577 -95
934 258 -90 167 160 -578 -96
935 261 -91 167 158 -576 -95
936 258 -88 169 160 -574 -96
937 257 -87 168 163 -573 -96
938 253 -92 165 163 -573 -93
939 257 -95 169 160 -576 -96
940 260 -90 170 163 -577 -93
941 259 -89 167 166 -578 -95
942 258 -93 162 164 -581 -99
943 258 -91 165 162 -575 -94
944 258 -89 167 156 -575 -95
945 256 -92 165 160 -573 -97
946 256 -93 166 166 -573 -95
947 257 -89 168 162 -577 -92
948 260 -89 167 160 -579 -97
949 262 -90 165 165 -578 -97
950 260 -88 165 165 -579 -92
951 253 -88 165 162 -579 -94
952 259 -90 168 156 -576 -96
953 259 -89 167 160 -572 -95
954 260 -90 167 163 -575 -91
955 255 -89 167 164 -576 -93
956 258 -91 166 160 -577 -96
957 261 -93 168 161 -578 -97
958 262 -92 164 163 -577 -98
959 257 -87 169 168 -574 -96
960 253 -90 169 162 -574 -94
961 258 -93 168 156 -574 -99
962 262 -93 166 158 -578 -96
963 259 -91 167 167 -577 -96
964 256 -90 168 167 -578 -100
965 256 -91 164 164 -578 -98
966 262 -91 165 158 -576 -98
967 258 -93 165 161 -572 -93
968 255 -88 168 163 -574 -96
969 255 -93 167 162 -574 -95
970 256 -92 168 161 -578 -97
971 259 -89 165 164 -578 -92
972 259 -90 166 166 -576 -93
973 256 -90 167 165 -578 -98
974 257 -91 167 160 -574 -94
975 260 -89 169 158 -575 -96
976 257 -89 168 164 -573 -97
977 258 -92 167 164 -575 -96
978 254 -91 166 162 -579 -97
979 262 -89 166 159 -575 -93
980 259 -91 167 161 -578 -94
981 258 -91 165 160 -575 -93
982 254 -91 167 163 -574 -95
983 257 -88 169 159 -576 -95
984 259 -90 168 162 -577 -95
985 258 -91 164 165 -576 -93
986 255 -90 168 165 -577 -93
987 256 -89 168 160 -578 -96
988 258 -92 166 157 -576 -95
989 260 -91 167 163 -577 -97
990 256 -92 166 165 -575 -99
991 254 -92 168 162 -578 -94
992 263 -89 168 159 -574 -97
993 262 -92 164 164 -578 -97
994 258 -91 165 166 -577 -97
995 255 -87 169 164 -575 -93
996 258 -92 167 157 -572 -98
997 260 -92 164 157 -573 -95
998 260 -89 167 165 -577 -93
999 258 -88 167 165 -574 -97
0 3194 5533 -5664 3745 -7006 -507
1 3196 5533 -5665 3746 -7007 -506
2 3197 5536 -5664 3745 -7010 -507
3 3195 5534 -5670 3746 -7009 -508
4 3198 5533 -5668 3749 -7011 -513
5 3197 5535 -5664 3747 -7008 -510
6 3196 5534 -5667 3742 -7004 -508
7 3194 5535 -5664 3743 -7011 -509
8 3196 5534 -5664 3746 -7009 -508
9 3198 5534 -5667 3746 -7011 -509
10 3193 5532 -5666 3745 -7007 -507
11 3197 5534 -5670 3745 -7007 -509
12 3195 5532 -5666 3743 -7008 -511
13 3199 5533 -5670 3743 -7012 -507
14 3197 5533 -5668 3745 -7008 -506
15 3195 5534 -5667 3744 -7005 -508
16 3195 5534 -5669 3744 -7007 -508
17 3195 5534 -5669 3748 -7012 -510
18 3196 5531 -5667 3743 -7010 -511
19 3194 5532 -5668 3746 -7010 -509
20 3195 5529 -5670 3743 -7009 -509
21 3194 5530 -5667 3746 -7009 -510
22 3197 5530 -5665 3746 -7009 -508
23 3195 5531 -5666 3745 -7009 -509
24 3196 5537 -5667 3746 -7011 -511
25 3194 5532 -5669 3746 -7007 -509
26 3195 5531 -5669 3746 -7008 -506
27 3191 5530 -5669 3748 -7007 -507
28 3193 5532 -5669 3745 -7008 -510
29 3193 5532 -5669 3742 -7008 -511
30 3194 5531 -5669 3747 -7010 -508
31 3196 5529 -5667 3745 -7009 -511
32 3196 5533 -5668 3745 -7007 -509
33 3194 5536 -5669 3745 -7009 -510
34 3195 5531 -5667 3744 -7009 -510
35 3195 5531 -5669 3746 -7010 -511
36 3194 5531 -5669 3749 -7009 -508
37 3194 5532 -5666 3745 -7008 -511
38 3195 5534 -5667 3744 -7007 -509
39 3194 5532 -5667 3747 -7009 -508
40 3197 5531 -5669 3746 -7010 -510
41 3194 5534 -5667 3744 -7009 -507
42 3198 5533 -5669 3743 -7008 -507
43 3197 5533 -5667 3747 -7007 -509
44 3197 5532 -5668 3744 -7011 -511
45 3194 5530 -5670 3743 -7007 -507
46 3198 5533 -5664 3747 -7009 -507
47 3197 5534 -5668 3744 -7007 -507
48 3195 5529 -5667 3741 -7009 -508
49 3194 5531 -5668 3746 -7006 -511
50 3195 5538 -5669 3747 -7007 -508
51 3193 5532 -5665 3744 -7011 -509
52 3195 5531 -5668 3746 -7009 -507
53 3195 5535 -5670 3743 -7008 -512
54 3195 5532 -5668 3746 -7010 -510
55 3195 5533 -5671 3743 -7008 -509
56 3196 5532 -5665 3747 -7008 -509
57 3193 5533 -5668 3744 -7007 -508
58 3194 5532 -5666 3745 -7008 -509
59 3193 5533 -5670 3745 -7007 -509
60 3191 5532 -5670 3744 -7009 -511
61 3193 5533 -5669 3745 -7010 -509
62 3194 5534 -5668 3744 -7007 -511
63 3194 5535 -5666 3745 -7005 -509
64 3194 5529 -5668 3745 -7006 -508
65 3194 5531 -5668 3746 -7007 -507
66 3198 5535 -5664 3742 -7009 -509
67 3196 5531 -5668 3743 -7008 -509
68 3196 5532 -5669 3744 -7009 -510
69 3194 5531 -5669 3746 -7008 -510
70 3195 5530 -5667 3743 -7008 -508
71 3195 5532 -5668 3745 -7005 -508
72 3197 5533 -5668 3745 -7008 -508
73 3193 5532 -5667 3744 -7011 -507
74 3194 5531 -5669 3744 -7009 -509
75 3195 5534 -5667 3744 -7009 -512
76 3192 5528 -5666 3746 -7007 -507
77 3194 5534 -5669 3742 -7007 -510
78 3193 5534 -5665 3743 -7009 -512
79 3193 5531 -5668 3744 -7008 -506
80 3195 5531 -5668 3745 -7008 -508
81 3195 5533 -5668 3745 -7009 -508
82 3195 5531 -5666 3747 -7008 -507
83 3195 5533 -5667 3743 -7012 -508
84 3195 5533 -5669 3745 -7011 -507
85 3198 5534 -5668 3742 -7007 -504
86 3196 5533 -5665 3745 -7006 -506
87 3194 5534 -5668 3741 -7008 -507
88 3193 5533 -5664 3742 -7006 -506
89 3195 5531 -5665 3743 -7009 -507
90 3194 5533 -5667 3746 -7009 -508
91 3194 5535 -5666 3746 -7008 -502
92 3191 5531 -5666 3741 -7008 -507
93 3191 5531 -5668 3744 -7008 -508
94 3193 5535 -5667 3745 -7010 -507
95 3194 5535 -5666 3743 -7008 -505
96 3196 5535 -5665 3746 -7006 -504
97 3195 5533 -5665 3745 -7005 -509
98 3193 5535 -5663 3748 -7006 -506
99 3192 5533 -5667 3744 -7009 -505
100 3194 5534 -5664 3744 -7007 -504
101 3198 5534 -5664 3745 -7009 -506
102 3195 5536 -5663 3745 -7008 -504
103 3194 5536 -5665 3746 -7010 -503
104 3195 5535 -5665 3746 -7007 -505
105 3195 5533 -5666 3745 -7007 -505
106 3194 5535 -5664 3745 -7010 -504
107 3196 5535 -5662 3747 -7003 -505
108 3196 5535 -5662 3747 -7009 -506
109 3195 5536 -5665 3743 -7009 -505
110 3195 5538 -5663 3744 -7010 -502
111 3195 5535 -5664 3743 -7007 -504
112 3197 5533 -5664 3745 -7007 -504
113 3195 5537 -5664 3744 -7004 -504
114 3195 5536 -5666 3741 -7006 -503
115 3199 5537 -5660 3744 -7007 -503
116 3197 5539 -5661 3745 -7009 -503
117 3197 5535 -5665 3744 -7008 -502
118 3195 5536 -5663 3742 -7005 -502
119 3197 5537 -5663 3745 -7007 -502
120 3197 5536 -5663 3744 -7009 -501
121 3196 5540 -5661 3745 -7008 -504
122 3195 5538 -5661 3745 -7010 -502
123 3194 5536 -5665 3741 -7006 -502
124 3197 5537 -5662 3745 -7008 -503
125 3195 5537 -5659 3747 -7007 -502
126 3197 5538 -5663 3747 -7006 -503
127 3201 5540 -5664 3744 -7008 -498
128 3197 5540 -5659 3746 -7009 -502
129 3196 5538 -5661 3743 -7006 -501
130 3196 5537 -5664 3743 -7002 -501
131 3195 5538 -5661 3744 -7008 -499
132 3197 5541 -5661 3749 -7007 -503
133 3198 5538 -5661 3746 -7008 -498
134 3196 5538 -5664 3743 -7007 -500
135 3195 5541 -5660 3745 -7007 -500
136 3199 5539 -5661 3743 -7010 -501
137 3198 5537 -5664 3742 -7004 -501
138 3195 5537 -5660 3740 -7007 -502
139 3197 5539 -5660 3745 -7008 -501
140 3197 5540 -5663 3743 -7007 -502
141 3196 5537 -5663 3743 -7008 -502
142 3199 5538 -5663 3741 -7008 -499
143 3196 5537 -5663 3744 -7008 -499
144 3198 5540 -5662 3743 -7010 -500
145 3195 5540 -5662 3741 -7006 -499
146 3197 5539 -5664 3741 -7005 -497
147 3198 5540 -5661 3746 -7008 -497
148 3198 5539 -5662 3747 -7008 -498
149 3195 5538 -5660 3743 -7006 -497
150 3199 5541 -5663 3742 -7006 -499
151 3197 5538 -5662 3743 -7010 -498
152 3199 5540 -5661 3742 -7005 -497
153 3196 5538 -5660 3746 -7007 -499
154 3197 5541 -5661 3745 -7007 -499
155 3198 5543 -5660 3743 -7010 -498
156 3194 5541 -5658 3744 -7010 -497
157 3197 5541 -5658 3743 -7009 -500
158 3196 5541 -5662 3741 -7008 -498
159 3196 5540 -5661 3741 -7009 -499
160 3197 5538 -5659 3743 -7009 -497
161 3195 5541 -5660 3744 -7005 -495
162 3194 5541 -5659 3742 -7007 -497
163 3199 5541 -5657 3742 -7007 -497
164 3195 5546 -5659 3744 -7008 -498
165 3196 5543 -5661 3743 -7005 -498
166 3198 5537 -5659 3742 -7006 -493
167 3197 5543 -5662 3742 -7006 -496
168 3197 5543 -5658 3742 -7007 -498
169 3198 5544 -5659 3746 -7009 -494
170 3198 5543 -5662 3744 -7011 -497
171 3198 5543 -5659 3741 -7010 -492
172 3194 5541 -5657 3740 -7008 -495
173 3195 5541 -5658 3741 -7005 -494
174 3194 5539 -5657 3747 -7008 -495
175 3200 5541 -5659 3745 -7005 -496
176 3200 5544 -5655 3741 -7009 -495
177 3197 5544 -5657 3747 -7008 -496
178 3199 5544 -5660 3742 -7008 -496
179 3196 5543 -5660 3742 -7004 -495
180 3196 5541 -5655 3741 -7007 -495
181 3200 5543 -5657 3747 -7002 -493
182 3196 5543 -5654 3743 -7007 -498
183 3197 5540 -5655 3746 -7006 -495
184 3200 5544 -5655 3742 -7010 -495
185 3198 5541 -5656 3742 -7009 -492
186 3199 5543 -5658 3743 -7009 -494
187 3198 5541 -5656 3744 -7004 -495
188 3198 5541 -5657 3741 -7006 -492
189 3195 5547 -5658 3739 -7006 -495
190 3196 5545 -5658 3741 -7004 -494
191 3196 5544 -5656 3741 -7007 -492
192 3196 5545 -5655 3743 -7008 -491
193 3198 5545 -5656 3744 -7010 -492
194 3198 5547 -5656 3741 -7006 -492
195 3197 5543 -5655 3742 -7005 -493
196 3196 5546 -5655 3742 -7006 -492
197 3198 5541 -5653 3742 -7005 -494
198 3196 5544 -5656 3740 -7008 -492
199 3200 5544 -5656 3743 -7008 -491
200 3196 5547 -5654 3742 -7007 -490
201 3198 5546 -5652 3740 -7007 -493
202 3194 5544 -5655 3737 -7007 -491
203 3197 5546 -5657 3742 -7006 -493
204 3197 5542 -5659 3742 -7005 -491
205 3200 5543 -5655 3739 -7004 -490
206 3196 5544 -5653 3743 -7007 -491
207 3199 5546 -5654 3742 -7004 -493
208 3199 5543 -5655 3741 -7005 -493
209 3194 5545 -5654 3742 -7007 -496
210 3193 5546 -5654 3739 -7006 -492
211 3199 5543 -5657 3738 -7006 -494
212 3197 5544 -5655 3740 -7007 -494
213 3196 5545 -5660 3740 -7008 -493
214 3198 5543 -5656 3743 -7006 -493
215 3198 5546 -5655 3739 -7001 -494
216 3197 5543 -5655 3740 -7004 -494
217 3196 5542 -5657 3740 -7007 -494
218 3198 5544 -5654 3745 -7006 -491
219 3197 5544 -5657 3742 -7006 -492
220 3197 5546 -5657 3743 -7003 -488
221 3197 5545 -5656 3739 -7008 -493
222 3198 5543 -5658 3739 -7005 -489
223 3197 5546 -5656 3741 -7007 -489
224 3192 5544 -5655 3739 -7006 -494
225 3197 5547 -5655 3740 -7008 -489
226 3197 5542 -5654 3737 -7005 -491
227 3193 5545 -5657 3740 -7008 -492
228 3195 5542 -5653 3740 -7006 -489
229 3195 5541 -5659 3739 -7005 -492
230 3197 5544 -5654 3737 -7003 -492
231 3197 5545 -5658 3738 -7007 -494
232 3196 5547 -5657 3742 -7006 -492
233 3197 5544 -5658 3737 -7009 -493
234 3199 5544 -5657 3744 -7007 -489
235 3195 5544 -5655 3739 -7011 -490
236 3193 5540 -5656 3740 -7005 -491
237 3199 5546 -5656 3741 -7008 -495
238 3198 5549 -5652 3739 -7005 -490
239 3196 5543 -5652 3738 -7005 -490
240 3195 5544 -5652 3739 -7004 -490
241 3195 5544 -5653 3743 -7006 -489
242 3200 5546 -5654 3741 -7008 -490
243 3196 5545 -5655 3740 -7008 -490
244 3198 5549 -5656 3738 -7005 -489
245 3198 5545 -5654 3740 -7002 -488
246 3195 5547 -5657 3738 -7002 -489
247 3197 5547 -5656 3739 -7007 -490
248 3198 5544 -5654 3743 -7007 -489
249 3196 5547 -5654 3740 -7006 -493
250 3195 5543 -5658 3740 -7003 -491
251 3197 5542 -5654 3739 -7005 -490
252 3195 5546 -5652 3740 -7004 -491
253 3197 5547 -5655 3742 -7005 -492
254 3198 5546 -5655 3742 -7004 -488
255 3196 5549 -5652 3738 -7008 -486
256 3200 5545 -5653 3742 -7007 -489
257 3199 5548 -5657 3741 -7008 -490
258 3196 5546 -5656 3741 -7007 -489
259 3198 5544 -5654 3737 -7003 -490
260 3194 5549 -5653 3739 -7004 -486
261 3197 5547 -5652 3739 -7001 -490
262 3199 5547 -5651 3741 -7006 -486
263 3195 5545 -5654 3741 -7004 -491
264 3197 5544 -5656 3738 -7005 -489
265 3200 5548 -5655 3742 -7004 -488
266 3199 5548 -5654 3744 -7008 -490
267 3198 5545 -5652 3742 -7005 -491
268 3196 5544 -5654 3741 -7005 -489
269 3201 5549 -5655 3740 -7006 -488
270 3199 5548 -5654 3738 -7002 -488
271 3197 5545 -5650 3738 -7005 -487
272 3197 5548 -5656 3739 -7010 -488
273 3195 5547 -5654 3735 -7007 -487
274 3199 5548 -5653 3737 -7003 -491
275 3199 5544 -5653 3741 -7002 -488
276 3197 5546 -5654 3740 -7003 -488
277 3201 5549 -5653 3740 -7005 -487
278 3198 5548 -5652 3742 -7005 -488
279 3198 5548 -5654 3742 -7006 -487
280 3195 5547 -5655 3740 -7003 -487
281 3196 5546 -5651 3739 -7004 -488
282 3197 5546 -5653 3739 -7004 -489
283 3193 5546 -5653 3742 -7002 -488
284 3197 5547 -5653 3745 -7005 -487
285 3197 5548 -5651 3741 -7008 -490
286 3195 5548 -5653 3738 -7004 -488
287 3195 5547 -5654 3736 -7007 -490
288 3198 5548 -5654 3738 -7005 -487
289 3198 5549 -5653 3742 -7008 -488
290 3199 5546 -5653 3741 -7008 -490
291 3200 5545 -5657 3742 -7006 -489
292 3195 5545 -5652 3742 -7004 -489
293 3199 5547 -5654 3739 -7008 -489
294 3196 5546 -5654 3740 -7004 -486
295 3198 5546 -5657 3742 -7004 -489
296 3198 5548 -5652 3738 -7004 -486
297 3197 5545 -5656 3738 -7006 -485
298 3198 5547 -5656 3740 -7003 -490
299 3202 5547 -5653 3740 -7006 -491
300 3197 5546 -5653 3742 -7008 -487
301 3198 5551 -5653 3741 -7005 -489
302 3195 5550 -5654 3739 -7006 -487
303 3193 5546 -5653 3739 -7001 -487
304 3196 5545 -5656 3738 -7004 -488
305 3196 5546 -5652 3741 -7007 -491
306 3197 5548 -5654 3741 -7003 -490
307 3198 5546 -5653 3742 -7008 -488
308 3200 5548 -5653 3741 -7007 -488
309 3199 5550 -5653 3741 -7005 -487
310 3196 5546 -5654 3742 -7004 -487
311 3198 5547 -5653 3742 -7009 -489
312 3200 5547 -5656 3740 -7004 -487
313 3197 5546 -5652 3739 -7005 -487
314 3197 5548 -5654 3741 -7006 -487
315 3196 5548 -5652 3741 -7007 -489
316 3197 5548 -5655 3741 -7006 -488
317 3198 5547 -5654 3739 -7004 -490
318 3195 5546 -5653 3740 -7005 -487
319 3197 5546 -5658 3740 -7006 -487
320 3192 5546 -5653 3739 -7007 -490
321 3200 5546 -5653 3738 -7006 -489
322 3197 5547 -5653 3737 -7004 -489
323 3197 5545 -5653 3743 -7006 -486
324 3196 5547 -5651 3741 -7009 -489
325 3198 5547 -5652 3739 -7007 -491
326 3196 5548 -5654 3742 -7005 -488
327 3198 5544 -5657 3745 -7007 -491
328 3199 5547 -5654 3741 -7005 -488
329 3198 5544 -5656 3738 -7003 -486
330 3198 5549 -5649 3739 -7005 -487
331 3200 5545 -5652 3739 -7008 -491
332 3197 5541 -5657 3743 -7005 -490
333 3198 5550 -5654 3740 -7006 -485
334 3199 5549 -5656 3739 -7006 -488
335 3194 5546 -5658 3738 -7006 -492
336 3196 5545 -5652 3740 -7005 -488
337 3198 5547 -5647 3742 -7007 -487
338 3198 5550 -5651 3740 -7006 -492
339 3196 5548 -5654 3736 -7003 -491
340 3196 5546 -5650 3738 -7004 -487
341 3197 5545 -5650 3740 -7004 -487
342 3198 5547 -5654 3742 -7004 -486
343 3197 5549 -5653 3739 -7005 -486
344 3200 5547 -5653 3743 -7010 -489
345 3195 5548 -5653 3741 -7004 -490
346 3195 5549 -5654 3738 -7004 -487
347 3198 5548 -5651 3740 -7004 -486
348 3193 5551 -5652 3741 -7007 -491
349 3196 5549 -5652 3741 -7007 -488
350 3199 5545 -5653 3737 -7007 -493
351 3197 5546 -5655 3742 -7008 -489
352 3195 5548 -5653 3740 -7006 -488
353 3195 5545 -5654 3741 -7006 -486
354 3198 5546 -5655 3741 -7006 -488
355 3194 5549 -5655 3739 -7008 -488
356 3199 5550 -5655 3741 -7009 -488
357 3197 5548 -5655 3740 -7008 -486
358 3196 5547 -5653 3739 -7006 -489
359 3196 5548 -5653 3740 -7004 -486
360 3195 5544 -5654 3738 -7004 -488
361 3198 5547 -5652 3740 -7010 -490
362 3198 5545 -5652 3742 -7009 -487
363 3198 5546 -5652 3740 -7007 -489
364 3199 5546 -5652 3740 -7004 -489
365 3198 5544 -5652 3739 -7004 -487
366 3201 5545 -5652 3738 -7007 -487
367 3198 5548 -5656 3741 -7010 -488
368 3199 5547 -5651 3740 -7006 -489
369 3197 5548 -5651 3739 -7006 -490
370 3198 5549 -5651 3739 -7006 -487
371 3200 5546 -5653 3739 -7007 -487
372 3201 5548 -5651 3742 -7005 -491
373 3196 5549 -5655 3738 -7009 -485
374 3196 5545 -5651 3740 -7010 -490
375 3197 5544 -5651 3738 -7008 -492
376 3199 5545 -5653 3742 -7008 -485
377 3198 5545 -5650 3741 -7009 -483
378 3192 5545 -5653 3738 -7004 -486
379 3197 5550 -5651 3737 -7004 -486
380 3197 5548 -5654 3743 -7006 -486
381 3200 5548 -5653 3742 -7006 -485
382 3199 5548 -5657 3743 -7005 -487
383 3198 5547 -5652 3740 -7009 -488
384 3198 5549 -5652 3739 -7005 -487
385 3200 5550 -5650 3740 -7007 -484
386 3199 5548 -5654 3741 -7008 -486
387 3196 5548 -5650 3740 -7007 -485
388 3200 5547 -5654 3741 -7008 -488
389 3201 5548 -5651 3739 -7005 -487
390 3198 5548 -5653 3742 -7005 -486
391 3198 5546 -5651 3738 -7004 -486
392 3193 5549 -5652 3741 -7006 -489
393 3198 5548 -5651 3744 -7007 -488
394 3199 5549 -5650 3739 -7010 -487
395 3196 5549 -5650 3744 -7008 -487
396 3198 5548 -5647 3740 -7009 -483
397 3200 5549 -5650 3740 -7008 -490
398 3198 5550 -5653 3740 -7005 -487
399 3198 5547 -5648 3740 -7008 -487
400 3199 5548 -5650 3739 -7008 -486
401 3197 5546 -5652 3736 -7009 -487
402 3199 5550 -5654 3741 -7008 -486
403 3196 5547 -5654 3739 -7011 -486
404 3195 5548 -5651 3738 -7011 -487
405 3200 5549 -5652 3738 -7010 -486
406 3196 5551 -5649 3739 -7008 -484
407 3195 5547 -5653 3737 -7007 -485
408 3197 5547 -5652 3741 -7009 -485
409 3199 5547 -5653 3739 -7010 -488
410 3198 5551 -5647 3737 -7007 -485
411 3200 5550 -5651 3738 -7009 -484
412 3198 5548 -5651 3742 -7008 -484
413 3198 5547 -5652 3736 -7006 -486
414 3198 5550 -5649 3738 -7010 -484
415 3198 5552 -5650 3739 -7008 -486
416 3198 5551 -5649 3740 -7009 -482
417 3198 5549 -5652 3742 -7011 -487
418 3201 5552 -5649 3740 -7007 -482
419 3201 5551 -5651 3739 -7009 -483
420 3200 5547 -5654 3737 -7005 -485
421 3196 5546 -5652 3736 -7007 -483
422 3200 5548 -5652 3740 -7007 -483
423 3200 5551 -5650 3737 -7011 -484
424 3200 5549 -5653 3740 -7009 -484
425 3198 5550 -5653 3739 -7007 -484
426 3197 5549 -5652 3738 -7007 -483
427 3199 5551 -5649 3738 -7007 -484
428 3200 5551 -5651 3742 -7007 -484
429 3198 5550 -5651 3742 -7007 -484
430 3198 5552 -5650 3740 -7013 -484
431 3199 5552 -5653 3741 -7009 -486
432 3199 5549 -5654 3740 -7005 -484
433 3199 5554 -5651 3740 -7008 -484
434 3200 5551 -5650 3736 -7008 -482
435 3201 5554 -5650 3738 -7008 -485
436 3200 5551 -5649 3739 -7010 -485
437 3198 5553 -5649 3743 -7010 -483
438 3199 5552 -5647 3739 -7009 -482
439 3195 5553 -5650 3739 -7007 -482
440 3200 5552 -5646 3741 -7009 -482
441 3204 5550 -5649 3740 -7008 -483
442 3199 5556 -5648 3740 -7006 -478
443 3201 5555 -5646 3739 -7004 -481
444 3201 5553 -5648 3741 -7008 -480
445 3204 5552 -5648 3740 -7009 -481
446 3202 5555 -5647 3740 -7007 -479
447 3200 5553 -5646 3740 -7008 -479
448 3202 5552 -5648 3737 -7006 -483
449 3196 5552 -5645 3741 -7005 -481
450 3198 5554 -5646 3739 -7009 -479
451 3199 5554 -5646 3741 -7005 -478
452 3198 5554 -5647 3739 -7009 -478
453 3203 5555 -5646 3738 -7008 -479
454 3202 5552 -5645 3739 -7013 -481
455 3202 5557 -5648 3739 -7008 -479
456 3197 5550 -5649 3738 -7013 -479
457 3201 5553 -5649 3738 -7008 -481
458 3199 5554 -5647 3741 -7008 -479
459 3200 5553 -5647 3738 -7009 -478
460 3199 5554 -5644 3741 -7009 -478
461 3201 5554 -5650 3740 -7007 -478
462 3202 5556 -5645 3742 -7006 -478
463 3199 5556 -5644 3742 -7010 -476
464 3200 5552 -5646 3738 -7010 -475
465 3201 5556 -5645 3739 -7006 -476
466 3203 5554 -5645 3737 -7007 -478
467 3199 5557 -5646 3741 -7011 -478
468 3202 5555 -5645 3739 -7010 -477
469 3200 5558 -5643 3741 -7006 -475
470 3203 5554 -5646 3739 -7005 -475
471 3195 5556 -5644 3739 -7007 -476
472 3199 5553 -5644 3740 -7009 -478
473 3201 5553 -5647 3740 -7008 -476
474 3199 5555 -5650 3741 -7011 -475
475 3199 5554 -5644 3740 -7006 -475
476 3200 5557 -5647 3738 -7011 -477
477 3201 5556 -5645 3741 -7008 -477
478 3197 5554 -5648 3737 -7008 -478
479 3200 5558 -5643 3736 -7007 -475
480 3201 5556 -5645 3738 -7007 -473
481 3201 5555 -5643 3736 -7010 -478
482 3200 5556 -5644 3742 -7008 -472
483 3202 5561 -5641 3739 -7007 -475
484 3205 5557 -5647 3741 -7005 -474
485 3201 5559 -5642 3740 -7009 -476
486 3199 5558 -5640 3739 -7008 -474
487 3200 5555 -5644 3738 -7010 -474
488 3201 5557 -5641 3737 -7011 -476
489 3200 5556 -5644 3737 -7008 -476
490 3201 5559 -5644 3736 -7012 -470
491 3202 5558 -5641 3739 -7008 -470
492 3198 5559 -5642 3737 -7010 -476
493 3200 5557 -5642 3739 -7007 -473
494 3201 5558 -5642 3737 -7005 -472
495 3200 5560 -5640 3744 -7010 -472
496 3203 5562 -5642 3742 -7012 -474
497 3203 5558 -5641 3741 -7007 -476
498 3204 5557 -5639 3736 -7006 -471
499 3199 5559 -5640 3737 -7008 -474
500 3199 5560 -5642 3736 -7005 -470
501 3201 5559 -5640 3740 -7009 -473
502 3203 5559 -5642 3738 -7009 -472
503 3201 5560 -5641 3742 -7009 -472
504 3200 5559 -5642 3735 -7011 -473
505 3201 5555 -5643 3737 -7009 -473
506 3200 5559 -5642 3739 -7008 -471
507 3201 5563 -5639 3737 -7010 -469
508 3201 5561 -5639 3735 -7008 -473
509 3201 5559 -5641 3738 -7011 -469
510 3202 5559 -5638 3739 -7008 -470
511 3202 5560 -5637 3738 -7008 -470
512 3203 5558 -5640 3742 -7008 -470
513 3203 5559 -5641 3737 -7011 -469
514 3203 5560 -5637 3737 -7008 -466
515 3203 5561 -5639 3739 -7009 -469
516 3203 5562 -5637 3739 -7008 -469
517 3199 5561 -5643 3737 -7007 -470
518 3203 5558 -5639 3736 -7008 -468
519 3202 5564 -5640 3737 -7008 -472
520 3202 5557 -5641 3737 -7010 -470
521 3201 5559 -5639 3735 -7007 -473
522 3201 5559 -5640 3736 -7006 -471
523 3204 5558 -5638 3731 -7010 -472
524 3203 5559 -5641 3736 -7010 -469
525 3201 5563 -5640 3736 -7010 -469
526 3200 5563 -5639 3740 -7012 -473
527 3202 5564 -5640 3735 -7009 -467
528 3201 5560 -5637 3737 -7010 -472
529 3202 5558 -5638 3737 -7007 -469
530 3201 5562 -5641 3740 -7008 -468
531 3202 5563 -5642 3737 -7010 -467
532 3201 5561 -5640 3737 -7011 -469
533 3201 5561 -5643 3737 -7010 -471
534 3205 5559 -5636 3737 -7010 -466
535 3204 5561 -5636 3737 -7009 -469
536 3203 5562 -5641 3736 -7010 -465
537 3198 5561 -5640 3737 -7010 -466
538 3203 5557 -5637 3739 -7007 -467
539 3200 5562 -5638 3741 -7006 -467
540 3200 5563 -5640 3736 -7009 -468
541 3206 5561 -5638 3739 -7011 -468
542 3207 5566 -5638 3739 -7009 -467
543 3202 5565 -5639 3736 -7007 -464
544 3201 5563 -5637 3736 -7004 -469
545 3204 5562 -5637 3735 -7011 -469
546 3203 5564 -5636 3737 -7007 -466
547 3203 5565 -5639 3738 -7012 -467
548 3203 5565 -5640 3735 -7011 -467
549 3204 5566 -5635 3737 -7010 -466
550 3201 5564 -5636 3737 -7009 -468
551 3205 5562 -5638 3737 -7010 -466
552 3201 5561 -5635 3737 -7011 -468
553 3201 5564 -5641 3737 -7012 -464
554 3203 5563 -5636 3739 -7012 -464
555 3204 5564 -5638 3739 -7008 -469
556 3203 5563 -5640 3734 -7009 -466
557 3204 5563 -5637 3736 -7006 -464
558 3206 5563 -5636 3735 -7013 -463
559 3205 5566 -5638 3741 -7011 -464
560 3204 5567 -5637 3736 -7012 -466
561 3203 5563 -5637 3738 -7011 -466
562 3200 5566 -5635 3734 -7010 -462
563 3203 5563 -5633 3736 -7007 -461
564 3204 5566 -5634 3741 -7011 -464
565 3203 5565 -5637 3740 -7006 -466
566 3201 5563 -5636 3737 -7010 -463
567 3202 5562 -5634 3735 -7008 -464
568 3201 5567 -5636 3738 -7009 -464
569 3205 5563 -5636 3738 -7013 -464
570 3208 5568 -5638 3739 -7011 -459
571 3206 5566 -5637 3736 -7012 -462
572 3201 5566 -5634 3737 -7011 -465
573 3202 5564 -5639 3733 -7007 -464
574 3201 5567 -5634 3737 -7009 -465
575 3199 5565 -5636 3737 -7012 -466
576 3203 5565 -5636 3735 -7013 -465
577 3204 5561 -5635 3734 -7008 -464
578 3200 5564 -5639 3737 -7010 -461
579 3202 5564 -5633 3733 -7013 -462
580 3201 5565 -5635 3734 -7009 -469
581 3203 5564 -5637 3737 -7011 -464
582 3199 5564 -5638 3737 -7011 -464
583 3205 5566 -5633 3739 -7009 -462
584 3207 5562 -5635 3737 -7012 -464
585 3202 5565 -5638 3735 -7012 -462
586 3204 5565 -5635 3738 -7013 -466
587 3203 5566 -5635 3735 -7012 -462
588 3203 5564 -5636 3736 -7012 -465
589 3204 5565 -5637 3734 -7012 -460
590 3204 5567 -5635 3735 -7012 -461
591 3204 5565 -5634 3736 -7012 -463
592 3205 5564 -5641 3736 -7012 -465
593 3202 5567 -5635 3735 -7009 -463
594 3205 5570 -5632 3733 -7013 -462
595 3203 5564 -5637 3735 -7012 -462
596 3202 5566 -5635 3739 -7012 -466
597 3200 5567 -5637 3734 -7013 -461
598 3203 5566 -5638 3737 -7012 -465
599 3200 5569 -5637 3739 -7016 -461
600 3203 5566 -5637 3738 -7010 -463
601 3204 5563 -5638 3737 -7016 -463
602 3202 5563 -5636 3736 -7015 -465
603 3204 5564 -5634 3734 -7011 -461
604 3200 5565 -5633 3737 -7016 -466
605 3202 5566 -5640 3738 -7015 -464
606 3202 5568 -5637 3735 -7015 -458
607 3204 5567 -5636 3736 -7015 -464
608 3204 5563 -5638 3735 -7013 -468
609 3203 5565 -5637 3730 -7010 -464
610 3204 5564 -5639 3736 -7008 -461
611 3201 5569 -5636 3740 -7014 -462
612 3203 5564 -5638 3736 -7014 -463
613 3203 5566 -5636 3739 -7012 -463
614 3204 5566 -5638 3736 -7013 -464
615 3203 5565 -5634 3737 -7011 -466
616 3204 5562 -5637 3734 -7011 -464
617 3205 5562 -5638 3737 -7012 -460
618 3204 5567 -5638 3739 -7013 -463
619 3207 5568 -5640 3737 -7013 -463
620 3204 5564 -5639 3734 -7014 -464
621 3202 5566 -5636 3732 -7014 -463
622 3204 5564 -5640 3732 -7013 -468
623 3201 5562 -5637 3736 -7014 -466
624 3203 5566 -5640 3735 -7013 -467
625 3203 5562 -5640 3734 -7012 -469
626 3203 5562 -5638 3736 -7013 -465
627 3201 5563 -5638 3737 -7013 -462
628 3204 5564 -5636 3736 -7017 -460
629 3202 5561 -5637 3738 -7016 -465
630 3204 5567 -5635 3735 -7014 -465
631 3201 5565 -5638 3736 -7012 -466
632 3200 5564 -5637 3738 -7012 -465
633 3202 5562 -5637 3737 -7013 -466
634 3205 5565 -5635 3738 -7015 -467
635 3199 5566 -5638 3738 -7015 -466
636 3203 5564 -5640 3736 -7014 -464
637 3204 5563 -5637 3736 -7014 -464
638 3200 5563 -5638 3732 -7010 -466
639 3203 5562 -5636 3737 -7012 -463
640 3202 5566 -5636 3738 -7011 -464
641 3204 5566 -5639 3735 -7014 -468
642 3204 5561 -5639 3736 -7012 -465
643 3203 5563 -5638 3737 -7015 -462
644 3203 5565 -5634 3734 -7012 -466
645 3202 5564 -5638 3734 -7011 -468
646 3202 5563 -5637 3736 -7012 -466
647 3204 5563 -5635 3735 -7013 -462
648 3203 5565 -5638 3738 -7015 -470
649 3205 5563 -5639 3739 -7013 -463
650 3204 5563 -5635 3736 -7016 -468
651 3203 5563 -5638 3738 -7016 -467
652 3201 5565 -5637 3739 -7013 -469
653 3202 5561 -5638 3736 -7013 -464
654 3202 5562 -5638 3733 -7009 -464
655 3207 5561 -5636 3737 -7012 -465
656 3205 5566 -5639 3740 -7016 -466
657 3205 5565 -5636 3738 -7015 -467
658 3202 5563 -5640 3742 -7012 -462
659 3205 5565 -5637 3734 -7012 -468
660 3204 5560 -5639 3736 -7010 -471
661 3205 5564 -5639 3736 -7010 -465
662 3201 5563 -5635 3735 -7013 -468
663 3206 5560 -5638 3742 -7013 -468
664 3205 5562 -5640 3737 -7013 -466
665 3203 5566 -5636 3736 -7011 -465
666 3202 5563 -5635 3737 -7013 -465
667 3200 5561 -5638 3739 -7011 -466
668 3203 5560 -5637 3736 -7015 -466
669 3204 5567 -5635 3737 -7012 -467
670 3205 5563 -5637 3736 -7014 -470
671 3203 5560 -5642 3741 -7015 -467
672 3203 5561 -5641 3737 -7014 -467
673 3202 5561 -5638 3736 -7012 -469
674 3202 5559 -5639 3740 -7012 -469
675 3204 5561 -5637 3741 -7013 -467
676 3205 5566 -5636 3739 -7013 -471
677 3200 5564 -5636 3737 -7017 -466
678 3207 5559 -5639 3737 -7018 -470
679 3204 5563 -5638 3740 -7011 -469
680 3206 5562 -5637 3738 -7011 -469
681 3202 5559 -5640 3739 -7016 -468
682 3201 5561 -5638 3738 -7014 -465
683 3201 5564 -5636 3738 -7010 -468
684 3203 5559 -5639 3740 -7013 -468
685 3204 5561 -5641 3741 -7015 -469
686 3207 5561 -5640 3737 -7014 -468
687 3204 5559 -5640 3738 -7015 -473
688 3206 5561 -5641 3739 -7016 -465
689 3204 5564 -5635 3738 -7011 -467
690 3202 5559 -5641 3733 -7009 -473
691 3202 5558 -5644 3736 -7015 -470
692 3201 5561 -5638 3737 -7017 -467
693 3202 5562 -5639 3741 -7015 -476
694 3203 5553 -5646 3740 -7017 -472
695 3203 5560 -5641 3737 -7012 -465
696 3201 5564 -5634 3737 -7009 -468
697 3203 5559 -5639 3740 -7015 -473
698 3202 5559 -5644 3739 -7015 -470
699 3206 5567 -5633 3744 -7020 -468
700 3204 5564 -5639 3742 -7019 -470
701 3208 5557 -5645 3740 -7012 -476
702 3201 5555 -5644 3736 -7011 -469
703 3203 5563 -5637 3737 -7015 -462
704 3203 5564 -5635 3740 -7014 -472
705 3205 5557 -5644 3743 -7014 -475
706 3206 5554 -5645 3742 -7017 -466
707 3200 5566 -5634 3741 -7011 -464
708 3197 5564 -5637 3739 -7013 -474
709 3202 5557 -5649 3740 -7015 -475
710 3204 5562 -5640 3742 -7019 -467
711 3204 5566 -5637 3740 -7015 -473
712 3203 5560 -5645 3737 -7015 -475
713 3204 5556 -5649 3741 -7015 -472
714 3205 5563 -5639 3741 -7015 -467
715 3203 5561 -5639 3744 -7020 -471
716 3203 5561 -5644 3741 -7017 -470
717 3206 5563 -5640 3739 -7014 -472
718 3201 5561 -5640 3740 -7014 -470
719 3205 5558 -5642 3739 -7015 -475
720 3205 5556 -5641 3740 -7016 -473
721 3203 5561 -5641 3741 -7018 -472
722 3206 5560 -5642 3740 -7015 -471
723 3205 5558 -5640 3742 -7015 -472
724 3204 5557 -5644 3738 -7014 -474
725 3203 5559 -5642 3740 -7014 -470
726 3201 5560 -5641 3738 -7013 -472
727 3204 5559 -5640 3739 -7012 -471
728 3203 5558 -5643 3740 -7017 -471
729 3206 5558 -5641 3742 -7015 -470
730 3204 5559 -5644 3738 -7015 -471
731 3204 5562 -5645 3738 -7014 -473
732 3201 5560 -5641 3739 -7014 -474
733 3204 5558 -5641 3744 -7015 -473
734 3203 5556 -5643 3740 -7016 -472
735 3203 5554 -5643 3742 -7017 -471
736 3204 5556 -5641 3742 -7014 -473
737 3205 5558 -5643 3739 -7016 -474
738 3201 5559 -5644 3738 -7018 -468
739 3205 5559 -5643 3742 -7018 -476
740 3206 5559 -5642 3738 -7015 -471
741 3203 5559 -5642 3744 -7014 -472
742 3204 5561 -5641 3742 -7013 -471
743 3203 5561 -5646 3742 -7017 -473
744 3207 5559 -5643 3739 -7017 -477
745 3202 5558 -5648 3741 -7015 -475
746 3205 5560 -5642 3740 -7014 -472
747 3199 5557 -5643 3740 -7012 -474
748 3201 5559 -5641 3737 -7015 -476
749 3205 5560 -5641 3740 -7017 -473
750 3204 5563 -5643 3742 -7018 -473
751 3203 5559 -5641 3743 -7017 -473
752 3205 5560 -5644 3742 -7015 -471
753 3202 5562 -5647 3740 -7017 -475
754 3205 5557 -5641 3737 -7014 -476
755 3205 5559 -5645 3741 -7017 -472
756 3205 5558 -5642 3743 -7014 -473
757 3202 5560 -5645 3740 -7017 -474
758 3203 5561 -5643 3737 -7018 -475
759 3204 5556 -5644 3742 -7016 -475
760 3204 5556 -5642 3739 -7017 -476
761 3203 5555 -5643 3739 -7016 -474
762 3206 5559 -5643 3742 -7013 -472
763 3205 5558 -5642 3741 -7017 -477
764 3204 5556 -5643 3743 -7017 -477
765 3204 5559 -5648 3740 -7018 -474
766 3200 5557 -5647 3742 -7019 -473
767 3205 5559 -5646 3743 -7016 -473
768 3203 5558 -5644 3742 -7014 -477
769 3202 5557 -5641 3740 -7011 -478
770 3202 5558 -5643 3743 -7015 -473
771 3203 5559 -5643 3737 -7014 -472
772 3204 5554 -5648 3741 -7017 -474
773 3201 5558 -5643 3742 -7013 -475
774 3205 5561 -5644 3741 -7015 -474
775 3206 5557 -5642 3740 -7012 -473
776 3204 5556 -5643 3741 -7013 -474
777 3201 5560 -5641 3741 -7015 -478
778 3204 5555 -5642 3742 -7016 -478
779 3201 5555 -5642 3740 -7019 -474
780 3203 5557 -5647 3741 -7016 -475
781 3208 5561 -5643 3741 -7015 -474
782 3204 5556 -5643 3738 -7012 -473
783 3204 5556 -5644 3737 -7016 -477
784 3201 5556 -5644 3742 -7011 -475
785 3206 5556 -5643 3743 -7016 -475
786 3203 5556 -5643 3743 -7014 -475
787 3204 5556 -5644 3740 -7015 -477
788 3205 5556 -5645 3744 -7016 -473
789 3205 5556 -5644 3739 -7015 -474
790 3203 5554 -5642 3738 -7011 -475
791 3201 5555 -5643 3741 -7012 -476
792 3203 5555 -5639 3740 -7013 -476
793 3205 5557 -5642 3742 -7018 -475
794 3205 5562 -5640 3742 -7014 -474
795 3203 5558 -5646 3742 -7015 -477
796 3204 5556 -5644 3743 -7012 -475
797 3205 5555 -5643 3741 -7013 -473
798 3200 5558 -5643 3737 -7013 -474
799 3203 5556 -5644 3743 -7013 -473
800 3201 5558 -5641 3743 -7016 -474
801 3202 5556 -5645 3741 -7015 -471
802 3202 5557 -5644 3741 -7018 -474
803 3206 5559 -5644 3743 -7015 -476
804 3205 5555 -5645 3745 -7011 -476
805 3205 5557 -5642 3742 -7013 -475
806 3203 5557 -5643 3741 -7014 -471
807 3201 5555 -5645 3742 -7017 -476
808 3201 5554 -5644 3743 -7016 -475
809 3205 5559 -5643 3741 -7015 -472
810 3206 5557 -5642 3743 -7015 -472
811 3204 5559 -5641 3740 -7017 -475
812 3202 5558 -5641 3741 -7011 -475
813 3204 5556 -5643 3741 -7009 -475
814 3203 5557 -5643 3741 -7013 -474
815 3202 5554 -5646 3740 -7016 -477
816 3206 5553 -5645 3742 -7017 -476
817 3205 5556 -5646 3744 -7012 -474
818 3203 5561 -5642 3743 -7012 -476
819 3203 5556 -5642 3740 -7013 -477
820 3200 5555 -5643 3737 -7012 -477
821 3199 5557 -5643 3738 -7015 -472
822 3200 5558 -5644 3742 -7016 -478
823 3202 5554 -5641 3740 -7017 -475
824 3205 5557 -5646 3739 -7018 -475
825 3205 5555 -5646 3740 -7014 -477
826 3201 5557 -5642 3739 -7010 -475
827 3201 5555 -5643 3739 -7012 -473
828 3205 5551 -5640 3741 -7014 -479
829 3203 5555 -5643 3739 -7018 -476
830 3202 5557 -5647 3741 -7013 -476
831 3201 5558 -5645 3744 -7014 -476
832 3205 5555 -5643 3740 -7015 -476
833 3203 5557 -5644 3744 -7015 -474
834 3205 5554 -5643 3741 -7015 -476
835 3201 5558 -5645 3740 -7016 -473
836 3204 5555 -5646 3740 -7015 -474
837 3203 5556 -5643 3739 -7015 -474
838 3205 5554 -5645 3740 -7020 -474
839 3202 5556 -5647 3740 -7016 -476
840 3202 5551 -5642 3742 -7014 -475
841 3202 5557 -5643 3739 -7014 -474
842 3203 5557 -5642 3739 -7013 -474
843 3204 5561 -5642 3739 -7017 -475
844 3202 5559 -5644 3740 -7015 -475
845 3204 5554 -5645 3743 -7014 -473
846 3205 5559 -5644 3742 -7015 -476
847 3203 5561 -5646 3741 -7016 -476
848 3202 5560 -5643 3741 -7012 -475
849 3202 5557 -5643 3740 -7014 -474
850 3200 5557 -5644 3740 -7017 -473
851 3202 5559 -5643 3740 -7015 -478
852 3204 5557 -5646 3743 -7016 -475
853 3204 5558 -5646 3742 -7018 -473
854 3203 5557 -5643 3741 -7020 -471
855 3207 5557 -5646 3740 -7015 -476
856 3200 5556 -5645 3738 -7010 -474
857 3199 5556 -5647 3738 -7014 -474
858 3200 5558 -5642 3739 -7015 -474
859 3204 5559 -5645 3743 -7016 -475
860 3201 5558 -5646 3740 -7016 -477
861 3204 5559 -5646 3741 -7020 -474
862 3201 5557 -5645 3743 -7015 -476
863 3204 5559 -5642 3741 -7012 -474
864 3203 5556 -5644 3740 -7016 -475
865 3202 5556 -5642 3738 -7017 -467
866 3201 5559 -5645 3741 -7018 -476
867 3208 5559 -5645 3740 -7019 -478
868 3205 5557 -5643 3739 -7015 -472
869 3204 5562 -5643 3742 -7016 -474
870 3205 5560 -5645 3742 -7013 -476
871 3202 5553 -5643 3738 -7013 -474
872 3205 5556 -5643 3742 -7012 -471
873 3204 5558 -5645 3744 -7016 -473
874 3204 5558 -5643 3744 -7017 -475
875 3205 5557 -5643 3742 -7022 -473
876 3208 5558 -5642 3738 -7017 -474
877 3204 5560 -5642 3741 -7015 -475
878 3203 5559 -5644 3738 -7016 -476
879 3203 5555 -5645 3741 -7018 -475
880 3200 5556 -5644 3741 -7016 -474
881 3207 5555 -5646 3743 -7019 -475
882 3206 5562 -5645 3744 -7021 -473
883 3203 5559 -5643 3739 -7017 -475
884 3203 5554 -5644 3739 -7011 -474
885 3205 5557 -5644 3740 -7014 -473
886 3206 5558 -5642 3741 -7012 -472
887 3204 5561 -5643 3743 -7017 -476
888 3204 5557 -5643 3740 -7018 -474
889 3207 5560 -5642 3742 -7016 -476
890 3205 5560 -5645 3742 -7016 -473
891 3205 5561 -5642 3743 -7015 -473
892 3205 5557 -5642 3740 -7013 -474
893 3206 5555 -5642 3740 -7015 -475
894 3201 5561 -5641 3739 -7017 -472
895 3204 5560 -5643 3746 -7016 -471
896 3203 5558 -5645 3741 -7020 -476
897 3206 5560 -5644 3741 -7017 -476
898 3208 5559 -5647 3741 -7019 -474
899 3204 5556 -5643 3737 -7017 -475
900 3201 5560 -5644 3742 -7014 -477
901 3201 5557 -5641 3739 -7017 -472
902 3207 5560 -5644 3739 -7014 -470
903 3205 5560 -5642 3743 -7017 -474
904 3205 5559 -5644 3744 -7015 -477
905 3202 5555 -5642 3738 -7016 -475
906 3203 5557 -5642 3740 -7011 -473
907 3202 5558 -5642 3740 -7014 -474
908 3200 5559 -5642 3743 -7015 -473
909 3204 5556 -5645 3741 -7016 -471
910 3203 5559 -5642 3740 -7016 -473
911 3206 5559 -5639 3742 -7016 -476
912 3204 5554 -5645 3741 -7011 -475
913 3204 5554 -5643 3739 -7014 -477
914 3203 5557 -5641 3741 -7017 -475
915 3201 5561 -5644 3742 -7013 -474
916 3203 5558 -5643 3741 -7013 -476
917 3203 5559 -5645 3742 -7018 -475
918 3203 5560 -5642 3742 -7016 -474
919 3206 5558 -5642 3742 -7016 -477
920 3204 5556 -5644 3741 -7015 -474
921 3205 5557 -5641 3743 -7014 -478
922 3204 5557 -5644 3742 -7016 -478
923 3205 5559 -5644 3738 -7015 -476
924 3204 5555 -5646 3741 -7011 -477
925 3204 5557 -5641 3740 -7017 -476
926 3206 5555 -5647 3744 -7018 -474
927 3205 5559 -5640 3743 -7017 -472
928 3201 5556 -5641 3737 -7010 -472
929 3202 5559 -5645 3739 -7013 -476
930 3201 5556 -5641 3738 -7013 -473
931 3205 5553 -5647 3742 -7015 -475
932 3208 5558 -5643 3743 -7016 -476
933 3206 5561 -5644 3739 -7016 -472
934 3204 5556 -5640 3742 -7016 -473
935 3205 5557 -5641 3740 -7011 -475
936 3201 5555 -5643 3741 -7012 -473
937 3202 5556 -5640 3743 -7014 -473
938 3205 5554 -5643 3743 -7014 -472
939 3207 5556 -5641 3744 -7015 -473
940 3203 5557 -5644 3743 -7019 -474
941 3204 5558 -5646 3744 -7012 -474
942 3205 5559 -5641 3741 -7013 -477
943 3203 5555 -5640 3743 -7010 -477
944 3199 5557 -5642 3738 -7012 -477
945 3202 5553 -5644 3741 -7012 -475
946 3203 5557 -5640 3743 -7015 -474
947 3205 5558 -5645 3742 -7016 -478
948 3205 5557 -5643 3746 -7016 -476
949 3207 5555 -5644 3741 -7014 -474
950 3201 5557 -5646 3740 -7014 -475
951 3202 5558 -5646 3738 -7011 -476
952 3201 5557 -5641 3742 -7015 -478
953 3201 5552 -5642 3746 -7017 -479
954 3203 5557 -5646 3740 -7018 -475
955 3206 5560 -5641 3741 -7017 -474
956 3203 5552 -5642 3745 -7014 -477
957 3200 5551 -5645 3741 -7014 -480
958 3202 5553 -5644 3742 -7015 -479
959 3205 5556 -5643 3740 -7020 -474
960 3203 5556 -5646 3741 -7017 -479
961 3203 5552 -5646 3744 -7019 -479
962 3203 5555 -5646 3740 -7018 -478
963 3203 5554 -5645 3744 -7016 -476
964 3203 5555 -5644 3740 -7012 -478
965 3202 5551 -5647 3744 -7014 -478
966 3201 5554 -5647 3744 -7010 -478
967 3202 5556 -5642 3742 -7017 -477
968 3203 5555 -5645 3746 -7019 -481
969 3207 5550 -5648 3739 -7015 -481
970 3205 5555 -5643 3744 -7015 -477
971 3206 5556 -5643 3742 -7012 -479
972 3203 5554 -5644 3742 -7014 -481
973 3203 5552 -5645 3742 -7013 -479
974 3204 5552 -5647 3743 -7016 -477
975 3202 5556 -5644 3744 -7014 -478
976 3203 5555 -5644 3742 -7016 -480
977 3206 5548 -5648 3743 -7015 -481
978 3208 5552 -5648 3741 -7016 -476
979 3203 5555 -5648 3741 -7013 -480
980 3201 5555 -5652 3744 -7015 -482
981 3204 5553 -5646 3743 -7017 -479
982 3208 5552 -5650 3745 -7016 -479
983 3204 5553 -5646 3745 -7019 -481
984 3203 5554 -5645 3746 -7019 -481
985 3202 5557 -5644 3743 -7014 -480
986 3205 5555 -5651 3740 -7014 -485
987 3205 5551 -5648 3740 -7014 -483
988 3200 5555 -5648 3743 -7015 -478
989 3202 5551 -5647 3744 -7017 -479
990 3202 5549 -5651 3744 -7017 -483
991 3205 5551 -5646 3740 -7017 -481
992 3205 5553 -5648 3744 -7015 -481
993 3200 5553 -5646 3744 -7012 -483
994 3202 5552 -5651 3743 -7015 -483
995 3199 5552 -5647 3742 -7017 -485
996 3206 5552 -5645 3743 -7016 -484
997 3203 5551 -5648 3745 -7015 -482
998 3202 5548 -5648 3746 -7018 -485
999 3201 5555 -5652 3745 -7016 -480
