0 1350 891 452 -1845 73 -2472
1 1348 889 455 -1844 70 -2474
2 1349 890 451 -1842 76 -2471
3 1348 890 451 -1846 74 -2471
4 1348 886 453 -1843 75 -2474
5 1348 891 454 -1842 73 -2474
6 1350 886 452 -1845 75 -2471
7 1351 890 455 -1845 77 -2471
8 1351 888 456 -1841 78 -2468
9 1349 888 451 -1845 75 -2472
10 1346 886 453 -1841 76 -2473
11 1347 890 452 -1842 76 -2473
12 1346 887 450 -1841 77 -2470
13 1350 890 454 -1841 78 -2472
14 1348 889 453 -1843 78 -2471
15 1351 891 454 -1845 80 -2473
16 1348 887 454 -1841 77 -2474
17 1345 886 452 -1844 78 -2474
18 1348 887 451 -1845 78 -2475
19 1345 886 451 -1844 76 -2472
20 1347 887 450 -1843 75 -2471
21 1351 888 453 -1842 73 -2473
22 1351 889 454 -1840 76 -2470
23 1353 890 455 -1843 75 -2469
24 1349 890 456 -1842 73 -2473
25 1353 890 453 -1845 73 -2468
26 1349 887 452 -1845 74 -2471
27 1352 890 454 -1841 78 -2469
28 1347 888 454 -1842 77 -2473
29 1351 889 453 -1842 79 -2471
30 1347 888 452 -1846 78 -2470
31 1347 889 454 -1844 78 -2475
32 1352 888 452 -1841 78 -2470
33 1347 886 450 -1838 78 -2472
34 1350 888 453 -1840 77 -2468
35 1349 890 452 -1841 78 -2473
36 1347 888 451 -1841 74 -2471
37 1347 886 452 -1845 76 -2473
38 1347 890 453 -1844 75 -2469
39 1349 885 451 -1844 77 -2472
40 1350 887 453 -1845 78 -2472
41 1348 888 453 -1843 75 -2475
42 1353 890 452 -1841 74 -2473
43 1351 888 452 -1838 76 -2468
44 1348 889 454 -1843 75 -2470
45 1351 888 454 -1844 77 -2471
46 1352 892 455 -1840 76 -2472
47 1353 885 455 -1845 75 -2470
48 1350 889 452 -1844 75 -2471
49 1352 888 453 -1845 79 -2469
50 1346 887 452 -1844 76 -2469
51 1349 891 454 -1843 76 -2471
52 1350 888 456 -1844 76 -2471
53 1352 888 454 -1841 77 -2470
54 1351 889 452 -1845 74 -2473
55 1346 889 452 -1843 76 -2470
56 1346 889 453 -1842 79 -2476
57 1343 888 454 -1843 75 -2472
58 1347 885 449 -1846 77 -2473
59 1345 884 451 -1845 74 -2475
60 1344 886 450 -1849 77 -2472
61 1345 887 450 -1845 75 -2473
62 1348 887 451 -1843 74 -2476
63 1348 886 452 -1843 73 -2472
64 1346 886 451 -1842 76 -2475
65 1347 885 452 -1846 76 -2473
66 1347 886 449 -1847 73 -2472
67 1347 886 450 -1845 76 -2472
68 1348 885 452 -1843 76 -2475
69 1350 887 449 -1839 72 -2467
70 1344 888 453 -1845 73 -2472
71 1351 886 454 -1846 76 -2472
72 1345 888 454 -1845 80 -2473
73 1348 884 447 -1843 75 -2473
74 1348 886 450 -1847 77 -2472
75 1349 889 452 -1841 75 -2474
76 1344 885 451 -1844 79 -2474
77 1345 885 453 -1844 78 -2474
78 1345 885 451 -1843 78 -2474
79 1345 887 450 -1842 79 -2469
80 1349 888 455 -1846 77 -2470
81 1351 889 454 -1844 80 -2473
82 1348 891 455 -1845 78 -2471
83 1350 887 452 -1840 76 -2472
84 1350 890 455 -1841 77 -2472
85 1350 889 454 -1840 76 -2472
86 1352 889 456 -1839 75 -2471
87 1350 891 455 -1836 75 -2474
88 1350 892 452 -1845 75 -2470
89 1350 886 451 -1844 72 -2468
90 1348 886 453 -1846 74 -2473
91 1346 887 454 -1848 75 -2471
92 1350 888 451 -1845 78 -2472
93 1348 890 451 -1846 79 -2474
94 1349 888 451 -1845 78 -2473
95 1347 885 449 -1846 75 -2474
96 1348 889 453 -1846 76 -2471
97 1349 886 451 -1845 76 -2473
98 1346 886 452 -1845 76 -2473
99 1346 886 449 -1844 76 -2473
100 1349 890 450 -1843 77 -2473
101 1348 889 451 -1847 78 -2473
102 1347 886 452 -1846 79 -2472
103 1345 884 450 -1845 79 -2475
104 1350 890 447 -1842 78 -2475
105 1345 885 451 -1845 76 -2472
106 1344 888 450 -1844 75 -2473
107 1346 886 450 -1845 80 -2473
108 1346 889 454 -1845 75 -2472
109 1347 890 451 -1844 73 -2471
110 1348 891 451 -1841 74 -2471
111 1350 887 456 -1844 70 -2471
112 1350 885 452 -1841 75 -2472
113 1351 892 454 -1844 74 -2473
114 1346 887 451 -1846 75 -2472
115 1348 887 451 -1848 72 -2472
116 1350 887 452 -1847 78 -2473
117 1348 886 451 -1845 77 -2472
118 1351 889 452 -1846 76 -2473
119 1348 885 452 -1839 82 -2471
120 1348 888 454 -1839 81 -2470
121 1351 890 458 -1838 80 -2470
122 1348 890 453 -1842 78 -2470
123 1349 884 456 -1842 78 -2468
124 1351 889 449 -1841 79 -2471
125 1349 889 451 -1842 77 -2469
126 1351 888 455 -1840 78 -2472
127 1352 891 456 -1846 74 -2473
128 1344 887 451 -1842 73 -2473
129 1352 889 451 -1843 76 -2476
130 1349 886 453 -1843 76 -2473
131 1347 885 452 -1842 73 -2472
132 1349 887 450 -1841 78 -2472
133 1347 888 452 -1842 71 -2472
134 1345 887 452 -1845 74 -2472
135 1345 885 454 -1844 74 -2470
136 1346 886 451 -1844 78 -2474
137 1347 888 453 -1847 75 -2475
138 1346 887 454 -1845 76 -2473
139 1347 885 451 -1848 76 -2472
140 1349 889 453 -1844 75 -2473
141 1350 886 452 -1844 74 -2472
142 1347 886 450 -1846 74 -2471
143 1348 888 453 -1845 75 -2475
144 1346 884 449 -1844 75 -2473
145 1346 888 452 -1845 75 -2473
146 1346 889 452 -1846 76 -2473
147 1347 887 452 -1842 74 -2473
148 1344 888 451 -1847 77 -2476
149 1347 884 451 -1847 79 -2472
150 1345 887 454 -1843 77 -2473
151 1348 887 453 -1842 79 -2473
152 1347 890 453 -1844 77 -2469
153 1350 889 454 -1840 77 -2472
154 1348 887 452 -1838 75 -2469
155 1352 888 451 -1842 74 -2473
156 1346 885 451 -1843 72 -2474
157 1349 889 454 -1846 72 -2472
158 1349 889 450 -1844 70 -2473
159 1349 887 451 -1841 74 -2471
160 1345 889 453 -1846 74 -2472
161 1350 887 451 -1844 76 -2471
162 1345 888 453 -1843 75 -2473
163 1347 885 454 -1844 72 -2472
164 1347 883 453 -1843 77 -2475
165 1346 884 452 -1844 77 -2473
166 1348 888 452 -1842 78 -2473
167 1343 889 450 -1841 78 -2472
168 1343 888 452 -1841 78 -2470
169 1348 888 452 -1844 76 -2472
170 1349 887 454 -1845 75 -2472
171 1345 886 451 -1844 80 -2471
172 1342 885 450 -1845 78 -2474
173 1348 885 453 -1845 76 -2470
174 1346 888 452 -1845 75 -2471
175 1350 885 450 -1845 75 -2474
176 1346 888 450 -1848 73 -2473
177 1346 886 452 -1843 76 -2474
178 1347 885 448 -1842 75 -2474
179 1347 887 451 -1843 76 -2471
180 1348 886 453 -1847 71 -2474
181 1346 887 449 -1844 74 -2473
182 1344 887 448 -1842 72 -2471
183 1345 888 453 -1842 75 -2474
184 1348 885 449 -1845 73 -2472
185 1349 884 450 -1845 76 -2473
186 1349 886 452 -1849 74 -2471
187 1347 882 448 -1843 73 -2476
188 1346 886 453 -1842 74 -2472
189 1350 886 451 -1840 76 -2474
190 1347 885 450 -1844 77 -2471
191 1347 886 449 -1847 74 -2472
192 1348 892 455 -1843 77 -2473
193 1348 888 453 -1848 75 -2472
194 1347 887 449 -1846 77 -2473
195 1346 884 451 -1845 78 -2471
196 1349 886 452 -1844 77 -2473
197 1346 885 450 -1843 77 -2473
198 1349 889 450 -1844 76 -2473
199 1350 888 452 -1844 75 -2472
200 1345 888 451 -1842 76 -2471
201 1351 887 452 -1844 74 -2472
202 1348 888 449 -1842 74 -2471
203 1349 888 454 -1844 75 -2471
204 1348 891 451 -1843 73 -2474
205 1350 883 454 -1843 75 -2471
206 1349 889 453 -1847 74 -2471
207 1351 887 451 -1844 80 -2474
208 1348 888 456 -1844 75 -2473
209 1350 888 451 -1845 76 -2473
210 1346 888 449 -1843 76 -2470
211 1347 886 451 -1843 77 -2475
212 1346 888 451 -1840 73 -2472
213 1347 887 453 -1844 75 -2472
214 1350 890 450 -1844 76 -2469
215 1351 889 454 -1845 77 -2472
216 1349 885 452 -1845 75 -2474
217 1350 888 452 -1847 80 -2471
218 1346 889 450 -1843 76 -2468
219 1350 886 455 -1841 78 -2472
220 1348 887 451 -1846 79 -2472
221 1347 889 456 -1841 75 -2474
222 1346 886 455 -1842 75 -2472
223 1348 886 450 -1840 77 -2473
224 1350 889 453 -1841 78 -2468
225 1352 889 456 -1842 77 -2468
226 1349 890 452 -1842 76 -2469
227 1348 889 451 -1840 76 -2470
228 1349 891 455 -1842 79 -2472
229 1353 891 456 -1846 77 -2471
230 1350 888 452 -1843 78 -2472
231 1347 886 450 -1846 77 -2473
232 1349 890 452 -1845 78 -2470
233 1348 887 454 -1841 78 -2471
234 1348 889 452 -1846 78 -2471
235 1348 887 455 -1844 74 -2472
236 1347 890 454 -1846 75 -2475
237 1349 886 454 -1843 74 -2472
238 1348 888 449 -1843 79 -2472
239 1348 884 454 -1841 79 -2473
240 1351 887 456 -1838 80 -2469
241 1347 889 456 -1843 76 -2475
242 1350 885 454 -1844 77 -2473
243 1350 887 451 -1846 76 -2471
244 1348 886 453 -1844 75 -2473
245 1349 887 453 -1841 74 -2474
246 1348 888 449 -1843 76 -2472
247 1350 890 453 -1846 75 -2472
248 1347 887 451 -1844 76 -2473
249 1349 890 451 -1845 74 -2471
250 1348 885 452 -1845 76 -2475
251 1352 887 456 -1844 72 -2471
252 1347 884 450 -1841 72 -2474
253 1345 889 452 -1844 75 -2471
254 1347 885 449 -1844 76 -2475
255 1348 884 455 -1845 76 -2472
256 1348 887 450 -1844 76 -2476
257 1345 886 452 -1842 75 -2472
258 1347 887 451 -1843 75 -2475
259 1350 888 451 -1843 77 -2472
260 1344 885 451 -1845 75 -2472
261 1349 885 453 -1843 76 -2476
262 1348 888 452 -1846 74 -2476
263 1351 886 452 -1845 74 -2473
264 1349 886 450 -1844 75 -2472
265 1346 886 452 -1841 74 -2473
266 1347 886 451 -1846 75 -2470
267 1347 882 451 -1843 74 -2476
268 1346 886 448 -1845 74 -2475
269 1346 887 452 -1844 76 -2474
270 1348 884 446 -1843 74 -2474
271 1349 887 455 -1844 79 -2471
272 1346 887 449 -1848 75 -2472
273 1346 887 452 -1843 74 -2474
274 1347 888 449 -1843 76 -2475
275 1346 887 451 -1842 74 -2472
276 1348 886 451 -1845 74 -2475
277 1347 889 455 -1843 73 -2472
278 1346 885 450 -1843 70 -2474
279 1349 889 450 -1846 74 -2473
280 1346 884 452 -1847 77 -2476
281 1348 885 452 -1845 76 -2476
282 1347 885 451 -1845 77 -2474
283 1344 887 452 -1846 80 -2473
284 1347 885 453 -1846 77 -2476
285 1347 887 452 -1846 77 -2474
286 1342 884 453 -1843 78 -2475
287 1345 888 452 -1846 75 -2472
288 1346 888 450 -1845 76 -2474
289 1347 888 451 -1847 75 -2474
290 1346 888 450 -1846 75 -2475
291 1348 884 449 -1845 70 -2474
292 1349 886 451 -1844 69 -2474
293 1350 886 450 -1846 69 -2473
294 1347 884 446 -1848 72 -2473
295 1348 889 450 -1841 73 -2470
296 1351 889 450 -1844 71 -2472
297 1348 886 450 -1845 75 -2473
298 1348 886 454 -1842 78 -2474
299 1345 885 452 -1842 78 -2475
300 1343 888 452 -1844 77 -2471
301 1345 886 450 -1847 79 -2472
302 1343 888 451 -1845 78 -2473
303 1345 886 453 -1841 77 -2474
304 1348 889 451 -1843 77 -2474
305 1347 890 454 -1838 77 -2471
306 1350 888 453 -1841 77 -2470
307 1349 886 452 -1839 75 -2473
308 1350 888 453 -1840 74 -2470
309 1349 890 452 -1848 75 -2473
310 1351 886 449 -1843 76 -2471
311 1350 888 451 -1843 76 -2472
312 1348 887 448 -1842 76 -2473
313 1347 890 452 -1846 77 -2471
314 1346 891 454 -1843 75 -2471
315 1350 891 452 -1843 74 -2473
316 1347 890 454 -1846 74 -2472
317 1346 887 453 -1842 75 -2473
318 1349 886 453 -1846 79 -2471
319 1347 889 453 -1844 74 -2475
320 1348 890 449 -1844 75 -2477
321 1347 888 448 -1843 76 -2473
322 1348 886 451 -1846 78 -2471
323 1351 888 451 -1841 78 -2471
324 1352 885 450 -1841 79 -2471
325 1351 887 452 -1843 80 -2469
326 1350 888 456 -1842 78 -2472
327 1350 891 454 -1844 79 -2469
328 1351 889 454 -1841 81 -2472
329 1350 891 452 -1843 78 -2472
330 1347 888 454 -1842 79 -2472
331 1350 887 453 -1841 74 -2473
332 1348 889 454 -1843 78 -2469
333 1349 887 447 -1843 77 -2472
334 1350 890 450 -1842 77 -2471
335 1349 885 451 -1843 72 -2471
336 1350 886 453 -1845 73 -2473
337 1350 890 454 -1843 76 -2471
338 1346 892 452 -1847 72 -2474
339 1347 887 452 -1844 74 -2471
340 1347 887 452 -1846 73 -2473
341 1347 888 449 -1845 70 -2474
342 1347 885 450 -1846 73 -2472
343 1346 888 451 -1841 76 -2472
344 1347 889 452 -1848 77 -2472
345 1347 885 449 -1846 76 -2475
346 1348 887 452 -1844 76 -2474
347 1350 888 452 -1844 78 -2473
348 1349 884 451 -1847 77 -2473
349 1349 885 450 -1845 75 -2477
350 1351 890 450 -1844 74 -2472
351 1347 884 451 -1839 75 -2473
352 1348 888 451 -1843 78 -2474
353 1349 885 450 -1843 75 -2472
354 1348 885 449 -1842 75 -2472
355 1347 887 453 -1844 75 -2474
356 1347 886 452 -1845 75 -2470
357 1348 889 452 -1845 75 -2474
358 1347 887 454 -1845 77 -2473
359 1348 887 454 -1845 75 -2472
360 1350 887 450 -1844 74 -2471
361 1347 889 449 -1844 68 -2474
362 1349 884 449 -1841 75 -2475
363 1347 888 451 -1843 70 -2476
364 1348 888 449 -1844 70 -2474
365 1351 888 453 -1844 74 -2474
366 1349 884 450 -1844 75 -2471
367 1348 891 454 -1844 74 -2474
368 1349 888 454 -1843 79 -2474
369 1351 886 453 -1844 79 -2471
370 1351 889 456 -1846 78 -2473
371 1346 885 451 -1845 81 -2474
372 1347 887 451 -1846 77 -2472
373 1343 886 452 -1847 77 -2472
374 1348 889 451 -1840 76 -2472
375 1346 886 452 -1845 76 -2471
376 1347 886 451 -1843 76 -2478
377 1347 888 452 -1843 73 -2475
378 1348 886 452 -1844 75 -2472
379 1351 886 448 -1844 75 -2470
380 1348 889 452 -1844 73 -2472
381 1346 887 452 -1843 75 -2473
382 1347 890 450 -1845 74 -2472
383 1345 887 452 -1842 75 -2470
384 1346 888 454 -1846 74 -2474
385 1348 887 452 -1843 73 -2476
386 1346 887 450 -1849 74 -2476
387 1346 885 451 -1846 74 -2470
388 1347 887 453 -1844 75 -2471
389 1349 887 453 -1842 77 -2472
390 1350 889 455 -1846 76 -2474
391 1350 889 451 -1841 76 -2470
392 1350 890 454 -1838 79 -2470
393 1349 888 452 -1843 75 -2471
394 1351 889 457 -1840 75 -2471
395 1351 886 452 -1845 77 -2472
396 1349 887 453 -1843 76 -2474
397 1345 887 454 -1844 77 -2471
398 1347 889 455 -1843 81 -2469
399 1348 888 452 -1842 79 -2471
400 1348 890 453 -1843 80 -2470
401 1349 889 453 -1844 76 -2472
402 1347 888 452 -1841 77 -2472
403 1347 888 454 -1841 79 -2470
404 1351 889 454 -1840 75 -2472
405 1349 890 455 -1841 73 -2472
406 1348 889 453 -1840 72 -2471
407 1351 887 453 -1841 73 -2470
408 1346 889 449 -1842 77 -2472
409 1350 888 452 -1845 74 -2472
410 1348 887 452 -1848 75 -2472
411 1346 886 448 -1848 75 -2471
412 1349 888 449 -1846 73 -2475
413 1346 884 452 -1843 81 -2474
414 1345 888 453 -1848 76 -2474
415 1347 885 450 -1846 77 -2476
416 1345 887 448 -1845 72 -2475
417 1350 887 453 -1842 78 -2471
418 1349 891 454 -1842 76 -2469
419 1351 889 453 -1845 76 -2471
420 1351 887 453 -1842 78 -2471
421 1352 888 452 -1843 78 -2471
422 1348 887 456 -1840 79 -2470
423 1347 889 455 -1842 80 -2472
424 1347 888 450 -1841 79 -2471
425 1346 888 452 -1843 80 -2473
426 1345 887 453 -1843 80 -2469
427 1348 892 454 -1844 77 -2471
428 1348 885 451 -1844 78 -2469
429 1347 889 453 -1845 75 -2473
430 1349 889 452 -1843 76 -2472
431 1350 888 455 -1842 74 -2470
432 1354 890 454 -1843 74 -2466
433 1349 887 452 -1846 72 -2473
434 1350 885 452 -1844 72 -2471
435 1349 887 450 -1844 73 -2474
436 1350 886 454 -1843 74 -2471
437 1346 888 452 -1845 75 -2473
438 1348 891 453 -1842 78 -2471
439 1345 885 454 -1843 79 -2472
440 1344 884 452 -1845 77 -2474
441 1344 887 452 -1840 78 -2473
442 1349 890 455 -1843 78 -2473
443 1349 887 454 -1844 78 -2471
444 1349 886 451 -1844 78 -2470
445 1348 888 450 -1844 73 -2470
446 1348 883 450 -1843 74 -2474
447 1348 885 448 -1842 72 -2475
448 1349 885 450 -1843 72 -2473
449 1347 888 451 -1845 71 -2474
450 1349 886 451 -1842 72 -2472
451 1348 885 450 -1842 71 -2473
452 1351 888 451 -1844 74 -2474
453 1348 887 450 -1846 75 -2473
454 1348 889 453 -1844 76 -2471
455 1347 887 453 -1844 79 -2470
456 1351 884 452 -1846 80 -2473
457 1347 885 454 -1847 78 -2473
458 1348 886 453 -1842 78 -2475
459 1348 884 452 -1845 75 -2471
460 1348 889 451 -1841 73 -2473
461 1348 887 451 -1841 74 -2472
462 1346 888 452 -1844 74 -2472
463 1348 886 451 -1844 76 -2471
464 1349 891 454 -1844 74 -2472
465 1348 887 454 -1843 74 -2473
466 1347 887 451 -1848 74 -2473
467 1344 885 450 -1847 76 -2472
468 1349 887 452 -1849 78 -2474
469 1345 886 453 -1844 78 -2471
470 1345 889 455 -1843 78 -2472
471 1348 887 453 -1844 76 -2474
472 1351 889 455 -1841 73 -2471
473 1350 892 452 -1841 72 -2472
474 1350 891 453 -1838 71 -2472
475 1346 886 451 -1844 69 -2475
476 1349 890 452 -1844 73 -2469
477 1354 887 453 -1843 75 -2474
478 1354 887 454 -1842 78 -2470
479 1352 887 453 -1846 79 -2470
480 1349 890 453 -1845 79 -2470
481 1347 887 454 -1846 81 -2471
482 1350 886 452 -1844 82 -2471
483 1345 891 453 -1842 80 -2473
484 1345 886 452 -1842 81 -2471
485 1346 887 452 -1840 77 -2473
486 1347 890 454 -1840 78 -2473
487 1348 888 452 -1841 76 -2469
488 1347 890 453 -1843 74 -2471
489 1350 887 454 -1842 76 -2470
490 1348 890 451 -1841 73 -2472
491 1347 888 452 -1846 72 -2473
492 1345 883 449 -1844 72 -2471
493 1349 888 452 -1840 73 -2471
494 1348 890 452 -1840 74 -2469
495 1346 889 456 -1844 72 -2474
496 1346 888 451 -1842 73 -2473
497 1347 890 451 -1843 77 -2470
498 1348 889 452 -1844 77 -2473
499 1350 887 452 -1842 78 -2467
500 1351 887 451 -1844 78 -2472
501 1352 886 451 -1843 75 -2472
502 1351 888 453 -1844 76 -2472
503 1350 885 451 -1843 75 -2471
504 1349 885 451 -1844 78 -2472
505 1349 886 450 -1841 77 -2472
506 1349 890 450 -1843 80 -2471
507 1345 888 452 -1847 83 -2472
508 1344 887 454 -1844 83 -2473
509 1342 885 453 -1845 82 -2475
510 1342 886 452 -1847 82 -2474
511 1346 887 452 -1845 82 -2471
512 1345 886 455 -1845 80 -2472
513 1345 888 454 -1840 76 -2472
514 1349 887 452 -1843 72 -2471
515 1350 887 453 -1842 69 -2469
516 1351 889 449 -1843 66 -2471
517 1355 890 450 -1844 61 -2471
518 1355 888 448 -1844 63 -2471
519 1357 887 449 -1843 64 -2473
520 1355 887 452 -1842 66 -2472
521 1354 888 448 -1844 70 -2474
522 1351 891 451 -1844 78 -2471
523 1350 887 454 -1846 82 -2471
524 1345 886 456 -1844 87 -2468
525 1344 889 456 -1843 85 -2473
526 1342 885 454 -1845 85 -2472
527 1341 884 451 -1842 83 -2475
528 1344 885 451 -1845 85 -2474
529 1345 886 450 -1840 78 -2470
530 1347 888 454 -1839 78 -2472
531 1350 890 456 -1838 79 -2469
532 1351 890 457 -1842 71 -2473
533 1348 886 450 -1845 70 -2474
534 1352 891 451 -1842 69 -2473
535 1348 887 451 -1847 69 -2474
536 1350 890 452 -1847 68 -2473
537 1352 887 454 -1848 68 -2473
538 1351 888 456 -1850 71 -2471
539 1348 885 451 -1848 70 -2472
540 1347 885 452 -1845 72 -2474
541 1345 884 448 -1838 71 -2472
542 1343 889 450 -1842 75 -2472
543 1347 887 451 -1843 71 -2475
544 1347 888 452 -1840 74 -2474
545 1347 888 450 -1843 76 -2472
546 1346 888 452 -1843 77 -2472
547 1347 885 453 -1845 79 -2476
548 1348 886 453 -1846 80 -2472
549 1350 890 452 -1847 81 -2472
550 1348 886 450 -1844 81 -2475
551 1348 885 451 -1848 78 -2476
552 1343 885 452 -1842 79 -2474
553 1345 886 449 -1840 77 -2475
554 1344 887 450 -1843 75 -2473
555 1346 884 450 -1844 76 -2475
556 1344 885 451 -1847 72 -2474
557 1347 886 452 -1848 75 -2474
558 1346 887 452 -1848 77 -2471
559 1349 888 454 -1847 73 -2468
560 1347 888 452 -1842 70 -2471
561 1347 888 454 -1846 71 -2473
562 1346 889 452 -1841 70 -2470
563 1349 891 455 -1845 71 -2473
564 1347 887 451 -1846 70 -2472
565 1351 887 451 -1847 66 -2473
566 1355 887 449 -1846 69 -2472
567 1351 888 450 -1846 67 -2470
568 1354 890 453 -1840 72 -2473
569 1354 886 448 -1846 72 -2473
570 1348 888 453 -1840 76 -2473
571 1345 887 452 -1841 80 -2473
572 1345 883 452 -1842 82 -2475
573 1344 888 452 -1849 82 -2476
574 1343 884 456 -1846 88 -2474
575 1345 885 452 -1847 87 -2473
576 1341 880 450 -1848 87 -2474
577 1338 886 454 -1846 87 -2475
578 1340 884 458 -1844 84 -2474
579 1337 889 453 -1840 81 -2474
580 1340 885 452 -1842 75 -2475
581 1347 887 453 -1842 69 -2474
582 1352 886 451 -1845 67 -2473
583 1357 888 450 -1850 61 -2474
584 1360 884 449 -1851 59 -2471
585 1365 887 448 -1853 60 -2469
586 1362 888 448 -1852 58 -2476
587 1358 889 447 -1846 60 -2469
588 1357 891 450 -1836 70 -2468
589 1352 891 454 -1838 70 -2474
590 1342 887 453 -1834 80 -2472
591 1341 888 454 -1840 85 -2474
592 1339 887 451 -1845 90 -2473
593 1335 886 453 -1846 95 -2475
594 1336 884 456 -1849 94 -2472
595 1341 886 456 -1847 96 -2470
596 1343 886 456 -1844 87 -2473
597 1342 888 452 -1841 85 -2472
598 1350 887 454 -1836 77 -2472
599 1348 892 452 -1834 71 -2470
600 1355 892 455 -1832 68 -2469
601 1358 891 455 -1837 66 -2472
602 1362 891 453 -1841 68 -2468
603 1367 890 454 -1851 69 -2468
604 1363 888 450 -1850 71 -2470
605 1356 889 452 -1848 75 -2470
606 1353 891 450 -1848 79 -2467
607 1348 889 455 -1840 76 -2473
608 1346 888 454 -1840 77 -2474
609 1339 889 453 -1841 78 -2474
610 1340 888 454 -1835 82 -2472
611 1344 886 454 -1840 76 -2470
612 1351 889 450 -1844 77 -2471
613 1351 889 451 -1846 80 -2472
614 1351 889 452 -1844 81 -2469
615 1347 891 456 -1841 78 -2470
616 1346 889 455 -1839 80 -2471
617 1343 888 451 -1841 82 -2471
618 1343 886 452 -1844 81 -2472
619 1349 889 455 -1844 77 -2469
620 1351 891 454 -1845 76 -2472
621 1351 887 451 -1845 76 -2469
622 1349 887 455 -1844 74 -2470
623 1351 888 450 -1843 75 -2472
624 1354 885 454 -1843 75 -2469
625 1350 888 453 -1845 76 -2471
626 1353 892 452 -1845 75 -2474
627 1348 887 454 -1841 79 -2473
628 1349 890 453 -1841 75 -2470
629 1346 890 453 -1842 77 -2469
630 1349 888 452 -1843 75 -2471
631 1349 891 451 -1841 77 -2472
632 1351 891 454 -1842 79 -2469
633 1349 887 456 -1845 78 -2472
634 1350 887 454 -1841 78 -2471
635 1348 890 455 -1842 82 -2472
636 1351 887 453 -1841 80 -2470
637 1349 888 455 -1841 78 -2468
638 1349 889 452 -1842 79 -2471
639 1351 888 456 -1842 78 -2471
640 1350 889 453 -1845 79 -2472
641 1348 886 454 -1844 77 -2471
642 1351 888 453 -1844 74 -2473
643 1353 889 454 -1843 79 -2472
644 1351 891 455 -1841 74 -2469
645 1348 892 454 -1842 76 -2472
646 1348 891 455 -1841 76 -2471
647 1353 887 457 -1840 76 -2472
648 1349 887 457 -1844 79 -2468
649 1350 888 455 -1840 77 -2468
650 1350 886 452 -1843 76 -2472
651 1349 890 453 -1839 77 -2470
652 1350 889 454 -1845 80 -2471
653 1351 889 453 -1843 78 -2469
654 1351 890 453 -1842 79 -2472
655 1348 892 457 -1841 78 -2470
656 1351 890 452 -1837 76 -2469
657 1350 888 454 -1839 80 -2472
658 1352 888 453 -1839 77 -2470
659 1352 890 454 -1839 80 -2469
660 1353 889 454 -1843 79 -2469
661 1351 890 456 -1839 83 -2470
662 1349 890 455 -1845 80 -2471
663 1348 888 455 -1843 80 -2469
664 1350 889 456 -1843 82 -2470
665 1349 890 455 -1839 78 -2473
666 1350 888 452 -1840 79 -2473
667 1350 891 456 -1841 75 -2469
668 1352 891 457 -1842 76 -2472
669 1351 889 458 -1839 77 -2465
670 1355 892 458 -1841 76 -2466
671 1353 891 454 -1842 77 -2472
672 1351 893 453 -1837 77 -2468
673 1354 892 452 -1842 77 -2465
674 1352 891 454 -1841 76 -2471
675 1349 891 453 -1841 77 -2470
676 1351 888 455 -1842 81 -2467
677 1349 890 455 -1841 80 -2471
678 1347 888 454 -1838 81 -2472
679 1350 888 451 -1838 79 -2470
680 1347 890 455 -1841 79 -2469
681 1350 888 455 -1843 78 -2471
682 1349 888 456 -1844 80 -2473
683 1348 892 457 -1842 79 -2470
684 1349 888 453 -1841 80 -2469
685 1351 890 454 -1842 76 -2474
686 1352 889 453 -1841 76 -2469
687 1350 890 455 -1843 78 -2470
688 1351 891 454 -1840 79 -2465
689 1351 891 452 -1844 77 -2471
690 1350 892 454 -1843 79 -2471
691 1352 891 453 -1839 79 -2468
692 1349 892 451 -1842 76 -2470
693 1352 889 453 -1842 79 -2468
694 1353 888 454 -1841 75 -2467
695 1350 889 456 -1842 73 -2468
696 1351 890 454 -1843 78 -2471
697 1348 888 454 -1842 78 -2471
698 1347 892 455 -1843 79 -2470
699 1352 889 454 -1845 75 -2468
700 1351 890 455 -1841 80 -2473
701 1351 887 453 -1842 79 -2470
702 1350 887 455 -1842 81 -2470
703 1349 889 453 -1843 79 -2468
704 1349 890 450 -1840 82 -2469
705 1352 890 454 -1841 78 -2473
706 1351 892 455 -1842 81 -2470
707 1351 888 454 -1839 79 -2470
708 1349 891 454 -1840 77 -2470
709 1354 888 453 -1842 77 -2473
710 1351 891 453 -1842 74 -2470
711 1351 892 457 -1842 79 -2471
712 1352 889 456 -1844 75 -2470
713 1348 889 454 -1840 77 -2470
714 1351 888 452 -1844 76 -2469
715 1353 889 453 -1838 79 -2470
716 1350 892 455 -1845 77 -2470
717 1348 888 453 -1842 75 -2470
718 1353 890 454 -1840 76 -2470
719 1351 892 458 -1840 79 -2470
720 1352 887 454 -1839 81 -2470
721 1351 887 457 -1842 77 -2468
722 1351 892 455 -1845 80 -2470
723 1354 892 455 -1841 81 -2470
724 1350 891 455 -1843 81 -2472
725 1348 890 453 -1842 79 -2468
726 1351 889 453 -1840 80 -2468
727 1350 891 454 -1839 82 -2468
728 1350 893 455 -1839 80 -2472
729 1352 890 455 -1839 81 -2467
730 1351 892 457 -1841 80 -2470
731 1349 888 455 -1840 76 -2471
732 1352 891 454 -1841 78 -2470
733 1352 889 454 -1843 77 -2466
734 1349 891 453 -1839 77 -2470
735 1352 891 453 -1841 77 -2471
736 1353 890 456 -1843 77 -2471
737 1352 892 454 -1841 75 -2469
738 1353 891 457 -1844 75 -2468
739 1352 891 456 -1841 75 -2471
740 1349 890 455 -1837 79 -2469
741 1351 890 453 -1840 76 -2474
742 1353 892 456 -1840 77 -2469
743 1350 890 454 -1843 77 -2469
744 1347 889 455 -1839 78 -2467
745 1350 889 458 -1842 78 -2469
746 1352 889 455 -1844 81 -2470
747 1351 889 454 -1842 80 -2470
748 1351 890 456 -1842 79 -2469
749 1351 890 453 -1840 80 -2467
750 1351 890 456 -1843 79 -2467
751 1350 893 457 -1840 78 -2469
752 1346 887 454 -1839 78 -2471
753 1350 888 453 -1838 80 -2468
754 1352 892 457 -1838 81 -2467
755 1347 891 456 -1839 76 -2469
756 1354 892 459 -1843 79 -2465
757 1348 890 454 -1842 78 -2470
758 1350 893 454 -1841 80 -2470
759 1353 889 455 -1842 81 -2468
760 1350 890 452 -1841 80 -2468
761 1351 890 453 -1840 79 -2471
762 1352 894 455 -1836 82 -2466
763 1353 891 457 -1838 82 -2466
764 1353 892 457 -1837 81 -2468
765 1355 891 457 -1838 80 -2469
766 1352 893 455 -1838 79 -2465
767 1351 890 457 -1837 81 -2469
768 1352 890 457 -1844 84 -2469
769 1353 892 453 -1840 80 -2467
770 1354 893 458 -1837 79 -2467
771 1351 890 456 -1840 82 -2468
772 1354 891 458 -1841 80 -2469
773 1349 888 455 -1840 81 -2470
774 1353 893 457 -1838 78 -2470
775 1351 893 459 -1841 81 -2466
776 1352 891 458 -1840 81 -2470
777 1351 891 455 -1839 82 -2470
778 1355 893 456 -1842 79 -2465
779 1353 894 457 -1838 82 -2467
780 1352 895 460 -1839 82 -2469
781 1354 889 457 -1841 79 -2469
782 1353 891 459 -1843 80 -2468
783 1351 892 453 -1839 76 -2468
784 1352 887 457 -1841 76 -2469
785 1352 893 456 -1841 78 -2470
786 1351 894 454 -1841 77 -2472
787 1350 889 454 -1844 82 -2470
788 1350 892 456 -1839 81 -2469
789 1348 891 458 -1840 80 -2468
790 1352 891 456 -1839 81 -2468
791 1349 892 453 -1839 82 -2466
792 1352 896 457 -1838 80 -2469
793 1350 890 459 -1838 83 -2467
794 1351 889 457 -1841 78 -2470
795 1352 892 455 -1842 80 -2468
796 1351 889 457 -1838 81 -2469
797 1352 891 458 -1840 77 -2468
798 1349 891 457 -1842 80 -2471
799 1354 893 457 -1838 82 -2468
800 1353 891 456 -1839 80 -2468
801 1351 891 455 -1844 76 -2469
802 1355 893 456 -1841 79 -2469
803 1350 893 452 -1842 76 -2470
804 1350 889 455 -1840 78 -2466
805 1352 892 457 -1840 80 -2469
806 1352 892 455 -1841 77 -2469
807 1351 890 456 -1839 79 -2468
808 1350 888 454 -1840 78 -2468
809 1350 886 453 -1840 77 -2468
810 1351 889 455 -1839 81 -2469
811 1353 890 453 -1844 83 -2470
812 1352 888 456 -1842 81 -2469
813 1352 891 456 -1840 80 -2468
814 1355 892 456 -1842 80 -2469
815 1352 891 454 -1842 79 -2469
816 1352 888 456 -1839 79 -2469
817 1349 890 453 -1842 78 -2469
818 1353 890 455 -1839 77 -2470
819 1352 889 458 -1838 79 -2467
820 1352 888 455 -1837 79 -2468
821 1352 888 456 -1844 79 -2471
822 1353 891 458 -1838 81 -2469
823 1353 890 455 -1840 80 -2467
824 1354 892 460 -1839 79 -2470
825 1356 893 458 -1841 80 -2467
826 1352 890 458 -1840 80 -2470
827 1352 889 456 -1839 77 -2469
828 1351 889 454 -1842 78 -2470
829 1350 888 454 -1843 73 -2474
830 1355 892 454 -1842 79 -2468
831 1353 890 455 -1841 81 -2468
832 1348 887 456 -1843 77 -2468
833 1348 892 455 -1844 83 -2465
834 1349 889 457 -1844 79 -2470
835 1349 890 454 -1841 78 -2471
836 1349 890 455 -1838 77 -2470
837 1349 889 454 -1843 78 -2470
838 1352 889 453 -1844 78 -2470
839 1351 888 451 -1841 79 -2468
840 1349 890 453 -1841 78 -2469
841 1352 888 455 -1839 76 -2468
842 1353 892 454 -1839 80 -2466
843 1351 894 454 -1838 81 -2470
844 1352 890 456 -1839 77 -2469
845 1351 891 451 -1840 76 -2466
846 1351 890 455 -1844 77 -2471
847 1349 892 451 -1847 76 -2472
848 1352 892 457 -1839 80 -2466
849 1349 892 457 -1840 78 -2467
850 1351 890 455 -1838 82 -2473
851 1352 889 452 -1841 80 -2470
852 1352 890 452 -1842 81 -2469
853 1349 890 454 -1843 79 -2469
854 1351 890 453 -1842 77 -2471
855 1349 889 454 -1845 82 -2471
856 1351 891 455 -1843 77 -2468
857 1351 888 454 -1840 78 -2469
858 1350 889 452 -1842 80 -2471
859 1352 891 455 -1839 77 -2468
860 1348 890 454 -1842 80 -2470
861 1350 889 456 -1840 76 -2471
862 1351 889 452 -1839 80 -2468
863 1348 891 456 -1842 78 -2470
864 1349 889 454 -1843 80 -2469
865 1348 891 456 -1841 78 -2470
866 1349 888 453 -1841 80 -2472
867 1353 888 453 -1841 76 -2469
868 1350 893 455 -1838 77 -2470
869 1353 887 455 -1840 79 -2467
870 1355 893 458 -1838 78 -2468
871 1350 894 455 -1838 80 -2469
872 1348 892 455 -1838 77 -2472
873 1354 890 455 -1835 81 -2469
874 1353 892 459 -1839 81 -2469
875 1356 892 456 -1842 79 -2468
876 1351 894 457 -1838 81 -2471
877 1354 890 455 -1840 84 -2469
878 1352 891 456 -1843 80 -2469
879 1352 889 454 -1838 81 -2470
880 1352 887 454 -1842 80 -2468
881 1351 890 455 -1840 78 -2466
882 1350 889 457 -1839 78 -2469
883 1350 889 454 -1838 80 -2473
884 1353 890 453 -1840 76 -2468
885 1351 889 455 -1841 78 -2467
886 1353 890 457 -1841 79 -2469
887 1352 890 456 -1841 80 -2470
888 1354 890 457 -1841 80 -2469
889 1355 891 459 -1837 83 -2468
890 1357 891 457 -1841 83 -2466
891 1353 890 457 -1839 80 -2467
892 1349 892 455 -1841 81 -2469
893 1353 892 456 -1838 80 -2469
894 1350 891 456 -1839 78 -2467
895 1353 893 455 -1837 84 -2466
896 1353 892 459 -1840 81 -2467
897 1351 891 458 -1842 78 -2472
898 1349 888 455 -1845 79 -2469
899 1350 891 456 -1841 77 -2470
900 1351 891 454 -1843 81 -2469
901 1349 892 457 -1840 79 -2472
902 1349 889 451 -1840 79 -2469
903 1351 888 453 -1842 80 -2467
904 1351 890 454 -1840 76 -2472
905 1351 889 455 -1840 80 -2470
906 1350 887 454 -1839 80 -2468
907 1352 891 455 -1842 80 -2467
908 1354 889 454 -1842 77 -2470
909 1348 890 455 -1841 79 -2472
910 1350 891 455 -1842 78 -2469
911 1350 892 453 -1843 76 -2469
912 1352 891 456 -1842 79 -2468
913 1350 890 453 -1842 79 -2472
914 1353 891 454 -1840 78 -2470
915 1352 892 454 -1839 78 -2469
916 1351 885 452 -1839 78 -2469
917 1351 890 456 -1841 80 -2468
918 1352 891 456 -1838 78 -2469
919 1351 890 453 -1844 80 -2469
920 1350 891 453 -1842 79 -2469
921 1350 889 455 -1843 78 -2469
922 1351 890 457 -1843 79 -2470
923 1347 888 453 -1839 81 -2469
924 1350 891 453 -1841 80 -2471
925 1350 889 456 -1841 80 -2471
926 1352 888 454 -1841 77 -2471
927 1349 889 455 -1842 80 -2472
928 1350 887 454 -1841 77 -2472
929 1348 885 455 -1841 77 -2472
930 1349 890 453 -1843 78 -2469
931 1350 890 456 -1842 79 -2472
932 1351 890 453 -1841 80 -2469
933 1352 890 454 -1842 80 -2469
934 1352 888 456 -1841 78 -2469
935 1349 893 457 -1844 79 -2469
936 1349 887 454 -1840 76 -2472
937 1350 891 454 -1838 80 -2469
938 1349 891 455 -1841 78 -2469
939 1350 897 455 -1841 79 -2468
940 1351 893 454 -1840 79 -2469
941 1350 890 457 -1842 79 -2471
942 1353 887 458 -1841 80 -2470
943 1351 894 458 -1841 83 -2467
944 1348 889 456 -1842 80 -2470
945 1351 886 455 -1841 79 -2472
946 1349 891 453 -1839 78 -2467
947 1350 891 459 -1842 79 -2470
948 1349 889 454 -1840 77 -2470
949 1351 890 455 -1839 78 -2472
950 1350 892 455 -1842 81 -2470
951 1352 891 455 -1839 81 -2467
952 1352 891 455 -1841 79 -2471
953 1351 892 454 -1842 80 -2468
954 1353 892 456 -1843 75 -2469
955 1351 890 452 -1843 82 -2467
956 1352 890 456 -1843 76 -2469
957 1352 890 454 -1841 78 -2471
958 1348 888 454 -1838 79 -2467
959 1350 888 456 -1838 79 -2469
960 1353 890 457 -1840 77 -2467
961 1353 886 457 -1841 80 -2472
962 1351 893 455 -1842 77 -2471
963 1353 889 455 -1840 76 -2473
964 1352 889 454 -1844 77 -2469
965 1349 891 452 -1840 80 -2470
966 1350 889 455 -1841 76 -2471
967 1350 890 454 -1840 77 -2468
968 1350 888 454 -1842 77 -2471
969 1351 887 454 -1842 79 -2470
970 1351 890 453 -1842 77 -2469
971 1347 892 455 -1840 77 -2472
972 1348 892 455 -1842 79 -2470
973 1352 893 453 -1841 76 -2469
974 1349 893 456 -1843 76 -2468
975 1353 891 454 -1839 80 -2468
976 1349 890 457 -1844 78 -2470
977 1351 887 455 -1842 77 -2469
978 1352 890 453 -1845 78 -2470
979 1352 890 454 -1842 80 -2471
980 1352 888 451 -1842 78 -2467
981 1351 889 452 -1838 79 -2474
982 1353 892 456 -1839 78 -2469
983 1351 888 457 -1840 76 -2467
984 1353 891 457 -1841 80 -2468
985 1351 892 454 -1838 83 -2472
986 1351 892 456 -1837 81 -2468
987 1347 893 457 -1839 81 -2471
988 1349 892 458 -1840 80 -2467
989 1351 890 455 -1843 79 -2467
990 1352 888 454 -1838 78 -2470
991 1350 892 455 -1840 79 -2471
992 1348 892 455 -1841 80 -2468
993 1348 887 454 -1844 74 -2472
994 1349 889 452 -1837 78 -2468
995 1350 889 455 -1840 75 -2471
996 1355 891 458 -1842 77 -2470
997 1352 893 455 -1841 80 -2466
998 1352 888 454 -1840 77 -2470
999 1353 891 458 -1841 80 -2468
0 -2578 945 513 -5943 -3381 -2430
1 -2586 946 516 -5931 -3375 -2427
2 -2602 949 515 -5934 -3367 -2425
3 -2617 951 512 -5927 -3359 -2428
4 -2629 952 518 -5920 -3358 -2426
5 -2635 956 515 -5921 -3355 -2427
6 -2647 956 520 -5914 -3356 -2428
7 -2649 960 523 -5915 -3355 -2427
8 -2653 957 520 -5913 -3357 -2426
9 -2659 959 524 -5907 -3363 -2427
10 -2656 958 527 -5911 -3366 -2427
11 -2660 958 522 -5907 -3368 -2425
12 -2654 957 524 -5909 -3371 -2425
13 -2656 958 523 -5910 -3378 -2430
14 -2650 955 518 -5911 -3380 -2432
15 -2645 952 519 -5911 -3383 -2431
16 -2640 951 515 -5911 -3391 -2432
17 -2636 952 513 -5908 -3396 -2434
18 -2632 949 511 -5908 -3402 -2433
19 -2625 952 508 -5909 -3409 -2436
20 -2617 945 509 -5912 -3414 -2438
21 -2612 945 505 -5914 -3424 -2435
22 -2600 948 506 -5913 -3428 -2434
23 -2591 947 504 -5919 -3436 -2430
24 -2582 947 506 -5920 -3440 -2433
25 -2572 945 505 -5924 -3445 -2430
26 -2559 945 504 -5925 -3448 -2427
27 -2547 948 504 -5928 -3451 -2426
28 -2540 951 505 -5928 -3452 -2425
29 -2530 950 505 -5933 -3455 -2422
30 -2524 954 510 -5935 -3459 -2424
31 -2517 951 511 -5938 -3463 -2418
32 -2513 954 512 -5940 -3462 -2417
33 -2510 956 511 -5941 -3463 -2414
34 -2504 959 515 -5941 -3461 -2409
35 -2506 962 518 -5942 -3462 -2411
36 -2505 965 514 -5952 -3465 -2413
37 -2506 961 512 -5950 -3461 -2415
38 -2506 961 514 -5952 -3457 -2412
39 -2502 958 514 -5959 -3453 -2411
40 -2511 956 515 -5959 -3451 -2413
41 -2511 956 513 -5963 -3448 -2414
42 -2515 954 510 -5966 -3443 -2417
43 -2520 951 509 -5971 -3436 -2417
44 -2525 952 507 -5968 -3434 -2421
45 -2532 948 507 -5971 -3430 -2421
46 -2536 948 505 -5968 -3425 -2420
47 -2545 946 505 -5969 -3419 -2417
48 -2556 943 505 -5967 -3415 -2421
49 -2560 943 509 -5963 -3412 -2420
50 -2560 945 510 -5967 -3404 -2423
51 -2566 944 509 -5966 -3402 -2424
52 -2568 949 510 -5966 -3395 -2424
53 -2575 948 514 -5967 -3391 -2423
54 -2574 945 511 -5965 -3384 -2420
55 -2578 948 517 -5965 -3383 -2420
56 -2584 947 517 -5968 -3383 -2420
57 -2585 945 517 -5965 -3378 -2421
58 -2593 947 518 -5964 -3374 -2422
59 -2597 950 518 -5965 -3373 -2419
60 -2599 949 521 -5962 -3366 -2418
61 -2599 948 520 -5964 -3367 -2418
62 -2604 950 524 -5962 -3366 -2419
63 -2607 951 523 -5964 -3361 -2423
64 -2601 950 519 -5966 -3360 -2422
65 -2604 950 518 -5966 -3358 -2421
66 -2603 948 519 -5965 -3356 -2422
67 -2598 953 518 -5966 -3357 -2419
68 -2593 948 516 -5966 -3361 -2423
69 -2593 950 518 -5964 -3361 -2424
70 -2589 947 520 -5964 -3367 -2425
71 -2589 947 518 -5965 -3369 -2423
72 -2584 950 514 -5961 -3372 -2424
73 -2580 944 512 -5959 -3381 -2427
74 -2578 948 518 -5958 -3384 -2426
75 -2576 947 513 -5958 -3391 -2426
76 -2568 943 513 -5958 -3394 -2431
77 -2566 946 512 -5955 -3403 -2430
78 -2565 945 510 -5952 -3405 -2430
79 -2567 942 509 -5952 -3410 -2428
80 -2563 948 509 -5944 -3413 -2430
81 -2567 946 506 -5944 -3422 -2428
82 -2564 949 507 -5937 -3426 -2428
83 -2561 950 508 -5936 -3428 -2426
84 -2568 952 507 -5929 -3435 -2425
85 -2571 956 510 -5921 -3441 -2425
86 -2569 957 515 -5915 -3445 -2420
87 -2568 960 515 -5907 -3450 -2421
88 -2572 961 515 -5906 -3453 -2420
89 -2569 960 516 -5903 -3457 -2421
90 -2570 963 517 -5899 -3460 -2424
91 -2575 963 516 -5895 -3459 -2420
92 -2574 963 515 -5893 -3460 -2425
93 -2577 963 514 -5887 -3461 -2427
94 -2578 962 514 -5881 -3459 -2423
95 -2581 960 516 -5882 -3455 -2423
96 -2581 960 514 -5879 -3454 -2428
97 -2586 959 509 -5876 -3454 -2427
98 -2592 958 507 -5872 -3453 -2430
99 -2595 959 510 -5871 -3451 -2429
100 -2596 954 507 -5876 -3446 -2429
101 -2601 952 508 -5873 -3444 -2431
102 -2599 950 511 -5881 -3441 -2436
103 -2606 953 511 -5883 -3432 -2437
104 -2607 951 510 -5882 -3424 -2435
105 -2613 953 508 -5885 -3420 -2436
106 -2614 954 510 -5889 -3412 -2435
107 -2616 953 511 -5890 -3406 -2432
108 -2620 952 511 -5895 -3402 -2430
109 -2624 951 514 -5901 -3394 -2434
110 -2625 953 516 -5907 -3391 -2432
111 -2625 954 517 -5913 -3386 -2429
112 -2626 952 516 -5918 -3383 -2432
113 -2627 949 515 -5920 -3375 -2426
114 -2621 954 518 -5931 -3368 -2424
115 -2620 954 518 -5934 -3362 -2424
116 -2617 957 521 -5940 -3360 -2422
117 -2613 953 522 -5948 -3360 -2420
118 -2609 954 520 -5953 -3357 -2421
119 -2606 949 523 -5958 -3352 -2422
120 -2604 952 522 -5964 -3354 -2420
121 -2603 950 524 -5970 -3351 -2420
122 -2598 949 520 -5976 -3352 -2421
123 -2594 947 523 -5982 -3354 -2424
124 -2593 944 518 -5987 -3355 -2422
125 -2591 940 517 -5991 -3354 -2421
126 -2585 944 517 -5995 -3356 -2422
127 -2582 946 520 -5999 -3357 -2420
128 -2575 942 518 -6002 -3360 -2417
129 -2572 945 516 -6005 -3365 -2420
130 -2561 943 513 -6008 -3370 -2419
131 -2559 947 511 -6008 -3378 -2417
132 -2550 944 511 -6005 -3380 -2418
133 -2544 943 512 -6005 -3387 -2415
134 -2536 942 513 -6004 -3395 -2417
135 -2528 944 513 -6002 -3399 -2417
136 -2523 948 512 -6001 -3410 -2415
137 -2516 948 510 -5997 -3416 -2413
138 -2512 948 511 -5995 -3417 -2413
139 -2502 947 512 -5989 -3426 -2409
140 -2501 951 510 -5990 -3437 -2408
141 -2496 951 511 -5984 -3442 -2410
142 -2490 951 510 -5984 -3447 -2409
143 -2490 949 511 -5982 -3454 -2412
144 -2487 952 511 -5978 -3462 -2409
145 -2482 952 510 -5976 -3470 -2409
146 -2480 953 511 -5977 -3472 -2408
147 -2477 954 510 -5975 -3475 -2408
148 -2477 958 511 -5972 -3476 -2409
149 -2480 955 511 -5969 -3482 -2409
150 -2478 954 509 -5968 -3485 -2408
151 -2480 952 509 -5964 -3481 -2410
152 -2477 957 512 -5964 -3487 -2410
153 -2480 958 508 -5962 -3486 -2410
154 -2486 952 506 -5958 -3485 -2413
155 -2488 951 507 -5959 -3484 -2414
156 -2494 952 506 -5954 -3480 -2414
157 -2495 951 503 -5954 -3476 -2410
158 -2497 953 506 -5954 -3472 -2418
159 -2502 951 508 -5951 -3466 -2414
160 -2506 949 507 -5956 -3462 -2416
161 -2513 948 503 -5954 -3456 -2416
162 -2522 950 507 -5954 -3448 -2417
163 -2526 948 512 -5955 -3441 -2419
164 -2529 951 514 -5962 -3432 -2419
165 -2541 949 512 -5957 -3421 -2417
166 -2552 948 511 -5960 -3414 -2418
167 -2558 946 514 -5965 -3404 -2421
168 -2571 950 516 -5961 -3398 -2419
169 -2575 953 516 -5968 -3390 -2419
170 -2586 950 519 -5969 -3378 -2422
171 -2596 952 517 -5967 -3367 -2420
172 -2603 951 520 -5966 -3358 -2424
173 -2611 952 522 -5965 -3355 -2423
174 -2616 950 523 -5963 -3350 -2425
175 -2621 950 521 -5963 -3346 -2425
176 -2625 949 519 -5963 -3341 -2429
177 -2632 947 522 -5957 -3339 -2429
178 -2632 946 522 -5956 -3332 -2432
179 -2637 948 520 -5950 -3330 -2429
180 -2639 945 521 -5946 -3329 -2430
181 -2640 944 515 -5942 -3328 -2435
182 -2643 945 518 -5938 -3328 -2437
183 -2645 945 518 -5931 -3331 -2437
184 -2647 943 515 -5927 -3335 -2438
185 -2649 943 517 -5920 -3337 -2436
186 -2650 946 517 -5910 -3346 -2437
187 -2651 946 516 -5907 -3349 -2439
188 -2651 943 516 -5904 -3355 -2439
189 -2653 952 518 -5897 -3360 -2437
190 -2656 952 516 -5891 -3368 -2435
191 -2653 953 519 -5891 -3374 -2435
192 -2649 955 517 -5885 -3385 -2439
193 -2650 958 517 -5879 -3390 -2430
194 -2648 957 522 -5876 -3399 -2430
195 -2646 961 516 -5872 -3408 -2434
196 -2643 959 519 -5866 -3417 -2436
197 -2644 963 519 -5862 -3421 -2430
198 -2637 963 518 -5860 -3435 -2429
199 -2636 963 520 -5855 -3439 -2429
200 -2630 963 518 -5851 -3447 -2430
201 -2624 966 517 -5851 -3453 -2428
202 -2621 964 517 -5851 -3458 -2428
203 -2614 965 517 -5848 -3461 -2432
204 -2611 964 512 -5848 -3466 -2431
205 -2603 962 512 -5848 -3467 -2434
206 -2599 960 516 -5853 -3471 -2432
207 -2593 958 509 -5857 -3475 -2431
208 -2588 957 508 -5856 -3474 -2434
209 -2588 955 508 -5864 -3476 -2433
210 -2581 957 507 -5867 -3476 -2432
211 -2584 955 506 -5877 -3473 -2431
212 -2581 956 506 -5879 -3467 -2433
213 -2581 955 507 -5889 -3464 -2433
214 -2579 953 506 -5892 -3458 -2429
215 -2574 955 504 -5902 -3455 -2430
216 -2572 954 504 -5912 -3447 -2427
217 -2567 958 511 -5922 -3439 -2426
218 -2562 954 508 -5934 -3433 -2424
219 -2558 953 510 -5941 -3425 -2422
220 -2554 954 512 -5951 -3422 -2420
221 -2548 954 515 -5959 -3419 -2416
222 -2544 955 514 -5966 -3412 -2419
223 -2539 954 513 -5976 -3407 -2414
224 -2533 952 518 -5985 -3402 -2413
225 -2531 951 518 -5989 -3397 -2409
226 -2531 952 521 -5996 -3395 -2414
227 -2530 952 521 -6004 -3386 -2413
228 -2532 950 518 -6008 -3382 -2410
229 -2526 945 520 -6016 -3376 -2412
230 -2529 945 519 -6021 -3373 -2411
231 -2529 945 519 -6028 -3366 -2411
232 -2529 945 515 -6028 -3365 -2415
233 -2531 942 516 -6030 -3363 -2415
234 -2535 941 516 -6036 -3362 -2413
235 -2534 939 515 -6039 -3360 -2414
236 -2538 935 514 -6041 -3362 -2414
237 -2539 937 513 -6036 -3361 -2417
238 -2540 935 510 -6036 -3358 -2417
239 -2543 936 512 -6034 -3359 -2418
240 -2540 936 510 -6029 -3359 -2418
241 -2542 941 514 -6028 -3359 -2414
242 -2542 939 515 -6024 -3362 -2414
243 -2544 938 514 -6020 -3369 -2419
244 -2543 939 513 -6016 -3371 -2415
245 -2542 942 516 -6011 -3371 -2413
246 -2540 943 517 -6005 -3374 -2409
247 -2537 946 519 -6002 -3378 -2408
248 -2539 948 516 -5994 -3386 -2409
249 -2541 949 518 -5988 -3392 -2408
250 -2535 952 519 -5986 -3397 -2407
251 -2533 960 522 -5979 -3403 -2403
252 -2530 956 522 -5979 -3411 -2404
253 -2530 956 519 -5974 -3418 -2408
254 -2528 958 518 -5971 -3421 -2408
255 -2530 953 516 -5965 -3428 -2409
256 -2528 956 518 -5962 -3432 -2408
257 -2527 956 516 -5961 -3439 -2410
258 -2527 954 514 -5958 -3442 -2411
259 -2524 957 512 -5956 -3449 -2412
260 -2522 954 513 -5955 -3454 -2419
261 -2518 955 507 -5949 -3461 -2417
262 -2516 956 507 -5946 -3465 -2418
263 -2514 957 510 -5944 -3466 -2416
264 -2512 954 508 -5943 -3471 -2420
265 -2510 952 503 -5942 -3474 -2419
266 -2508 952 504 -5934 -3476 -2420
267 -2504 950 505 -5938 -3483 -2420
268 -2506 950 501 -5939 -3486 -2422
269 -2501 948 502 -5936 -3484 -2418
270 -2501 951 504 -5936 -3485 -2420
271 -2503 949 504 -5931 -3484 -2423
272 -2506 950 504 -5931 -3479 -2421
273 -2511 951 508 -5932 -3472 -2421
274 -2519 952 506 -5930 -3471 -2421
275 -2526 955 507 -5929 -3468 -2423
276 -2535 954 512 -5922 -3461 -2420
277 -2540 962 517 -5923 -3451 -2419
278 -2554 959 514 -5919 -3447 -2418
279 -2563 963 518 -5919 -3436 -2422
280 -2574 960 517 -5919 -3432 -2421
281 -2585 959 520 -5918 -3422 -2424
282 -2596 958 521 -5917 -3413 -2424
283 -2607 960 518 -5910 -3403 -2427
284 -2615 956 519 -5910 -3394 -2430
285 -2624 957 520 -5906 -3383 -2432
286 -2638 954 520 -5907 -3379 -2431
287 -2652 950 515 -5898 -3368 -2437
288 -2659 949 516 -5895 -3362 -2437
289 -2674 950 517 -5892 -3354 -2442
290 -2683 951 515 -5889 -3346 -2445
291 -2689 948 517 -5885 -3340 -2446
292 -2703 946 513 -5881 -3337 -2447
293 -2706 945 515 -5877 -3330 -2450
294 -2714 944 516 -5874 -3328 -2451
295 -2718 947 514 -5874 -3317 -2449
296 -2721 944 516 -5868 -3319 -2445
297 -2719 947 519 -5872 -3317 -2446
298 -2724 946 516 -5872 -3317 -2448
299 -2722 948 514 -5874 -3323 -2446
300 -2725 951 519 -5871 -3324 -2447
301 -2720 954 524 -5872 -3327 -2440
302 -2716 954 525 -5872 -3326 -2441
303 -2717 955 524 -5868 -3330 -2437
304 -2714 957 525 -5873 -3339 -2435
305 -2714 959 525 -5876 -3346 -2434
306 -2706 960 525 -5878 -3351 -2434
307 -2694 961 526 -5880 -3360 -2434
308 -2684 959 525 -5885 -3368 -2428
309 -2672 963 522 -5889 -3378 -2430
310 -2661 960 524 -5890 -3386 -2431
311 -2644 960 526 -5894 -3392 -2426
312 -2628 959 523 -5896 -3400 -2427
313 -2615 962 521 -5903 -3410 -2424
314 -2595 960 520 -5910 -3420 -2428
315 -2581 959 515 -5915 -3428 -2422
316 -2565 952 511 -5924 -3442 -2427
317 -2552 950 513 -5930 -3448 -2424
318 -2536 952 510 -5936 -3455 -2426
319 -2523 949 505 -5944 -3463 -2422
320 -2508 949 504 -5952 -3463 -2425
321 -2495 946 503 -5961 -3466 -2417
322 -2488 948 502 -5966 -3471 -2415
323 -2478 947 499 -5976 -3475 -2416
324 -2468 946 499 -5982 -3480 -2415
325 -2461 947 502 -5988 -3485 -2412
326 -2452 948 502 -6000 -3485 -2411
327 -2446 952 503 -6003 -3489 -2407
328 -2443 948 507 -6007 -3487 -2406
329 -2437 952 508 -6013 -3486 -2403
330 -2433 953 510 -6016 -3483 -2402
331 -2432 954 509 -6017 -3483 -2401
332 -2430 955 510 -6019 -3480 -2398
333 -2431 956 510 -6019 -3473 -2400
334 -2431 957 512 -6023 -3470 -2396
335 -2434 957 513 -6024 -3468 -2397
336 -2431 955 514 -6026 -3461 -2396
337 -2436 951 516 -6027 -3454 -2395
338 -2439 952 514 -6025 -3446 -2400
339 -2445 952 512 -6029 -3442 -2400
340 -2453 949 512 -6029 -3435 -2399
341 -2463 947 506 -6029 -3431 -2409
342 -2469 941 509 -6026 -3425 -2406
343 -2477 944 510 -6027 -3423 -2410
344 -2486 940 511 -6028 -3415 -2409
345 -2498 940 510 -6024 -3406 -2411
346 -2504 937 509 -6021 -3397 -2416
347 -2517 939 506 -6019 -3389 -2416
348 -2522 937 511 -6018 -3383 -2416
349 -2532 937 507 -6019 -3375 -2419
350 -2543 938 510 -6018 -3369 -2418
351 -2551 939 511 -6012 -3365 -2419
352 -2557 940 512 -6007 -3358 -2418
353 -2566 942 519 -6006 -3354 -2415
354 -2574 942 517 -6001 -3351 -2415
355 -2581 948 517 -5996 -3349 -2413
356 -2584 952 521 -5992 -3345 -2415
357 -2594 952 521 -5983 -3345 -2416
358 -2599 951 521 -5979 -3345 -2417
359 -2601 952 525 -5975 -3345 -2416
360 -2597 952 530 -5972 -3345 -2418
361 -2600 954 530 -5967 -3345 -2420
362 -2608 954 526 -5960 -3347 -2420
363 -2611 952 525 -5953 -3350 -2420
364 -2616 956 523 -5943 -3354 -2425
365 -2616 956 522 -5940 -3363 -2424
366 -2623 951 521 -5932 -3368 -2425
367 -2627 953 518 -5925 -3375 -2429
368 -2628 948 519 -5922 -3385 -2433
369 -2628 949 516 -5915 -3392 -2440
370 -2632 948 515 -5903 -3395 -2437
371 -2633 949 510 -5897 -3398 -2439
372 -2635 946 508 -5888 -3405 -2443
373 -2632 949 501 -5877 -3410 -2440
374 -2631 951 504 -5872 -3417 -2445
375 -2627 950 504 -5863 -3427 -2443
376 -2629 951 503 -5855 -3432 -2444
377 -2627 952 506 -5852 -3440 -2442
378 -2621 955 506 -5843 -3447 -2445
379 -2619 957 507 -5840 -3452 -2445
380 -2622 955 506 -5831 -3455 -2441
381 -2622 959 507 -5826 -3460 -2437
382 -2623 964 508 -5823 -3465 -2437
383 -2624 962 511 -5818 -3469 -2437
384 -2624 969 515 -5816 -3466 -2429
385 -2625 971 517 -5819 -3466 -2432
386 -2626 969 519 -5817 -3471 -2434
387 -2628 969 522 -5821 -3467 -2429
388 -2630 972 523 -5819 -3462 -2427
389 -2633 974 525 -5822 -3458 -2429
390 -2636 973 519 -5825 -3457 -2432
391 -2639 970 519 -5832 -3450 -2433
392 -2641 965 520 -5833 -3449 -2430
393 -2645 965 521 -5841 -3439 -2434
394 -2652 967 521 -5843 -3438 -2437
395 -2654 964 520 -5848 -3429 -2441
396 -2658 962 518 -5858 -3422 -2441
397 -2665 957 513 -5856 -3413 -2440
398 -2664 958 511 -5863 -3405 -2438
399 -2664 955 508 -5871 -3398 -2438
400 -2661 953 508 -5878 -3392 -2444
401 -2656 950 507 -5889 -3387 -2442
402 -2651 944 507 -5899 -3379 -2443
403 -2649 944 514 -5909 -3374 -2447
404 -2643 943 511 -5917 -3368 -2443
405 -2639 943 509 -5924 -3357 -2440
406 -2637 941 509 -5933 -3354 -2434
407 -2630 946 509 -5940 -3352 -2430
408 -2624 944 512 -5951 -3346 -2432
409 -2620 949 518 -5960 -3344 -2427
410 -2610 948 521 -5972 -3344 -2423
411 -2611 948 522 -5981 -3346 -2422
412 -2602 946 524 -5986 -3345 -2421
413 -2591 953 527 -5991 -3341 -2413
414 -2582 953 527 -5998 -3338 -2413
415 -2575 952 525 -6009 -3339 -2410
416 -2567 954 528 -6017 -3344 -2409
417 -2555 952 528 -6024 -3348 -2409
418 -2546 950 526 -6028 -3354 -2408
419 -2537 950 527 -6033 -3362 -2408
420 -2528 945 521 -6035 -3368 -2408
421 -2522 946 521 -6036 -3371 -2412
422 -2513 942 520 -6040 -3378 -2407
423 -2508 942 514 -6040 -3383 -2410
424 -2499 940 511 -6041 -3389 -2408
425 -2488 939 510 -6045 -3399 -2409
426 -2479 936 506 -6048 -3404 -2407
427 -2471 935 508 -6045 -3413 -2409
428 -2466 933 506 -6051 -3423 -2414
429 -2461 934 508 -6044 -3427 -2410
430 -2456 937 505 -6047 -3429 -2411
431 -2455 935 504 -6044 -3437 -2408
432 -2450 939 503 -6042 -3443 -2405
433 -2449 944 500 -6038 -3452 -2406
434 -2446 944 502 -6035 -3459 -2402
435 -2447 944 505 -6035 -3466 -2402
436 -2444 946 512 -6031 -3469 -2398
437 -2441 951 512 -6028 -3474 -2400
438 -2438 958 511 -6022 -3481 -2396
439 -2439 959 511 -6021 -3480 -2397
440 -2438 957 512 -6017 -3483 -2394
441 -2434 961 513 -6009 -3488 -2391
442 -2434 961 511 -6007 -3492 -2394
443 -2436 956 512 -6000 -3493 -2395
444 -2436 960 519 -5996 -3499 -2394
445 -2435 957 516 -5993 -3499 -2395
446 -2438 960 516 -5992 -3501 -2399
447 -2441 958 509 -5985 -3500 -2397
448 -2442 955 509 -5984 -3500 -2402
449 -2448 953 508 -5980 -3494 -2408
450 -2453 952 506 -5979 -3492 -2411
451 -2457 950 504 -5977 -3485 -2411
452 -2463 944 504 -5974 -3480 -2416
453 -2470 946 501 -5974 -3473 -2418
454 -2479 944 501 -5972 -3468 -2421
455 -2488 941 501 -5972 -3458 -2425
456 -2496 942 499 -5967 -3448 -2421
457 -2511 939 499 -5965 -3437 -2426
458 -2519 937 501 -5965 -3429 -2425
459 -2531 941 502 -5966 -3424 -2426
460 -2542 943 502 -5963 -3412 -2427
461 -2556 943 505 -5961 -3408 -2426
462 -2566 948 509 -5961 -3394 -2429
463 -2575 945 514 -5958 -3387 -2428
464 -2589 949 516 -5954 -3378 -2422
465 -2598 952 522 -5946 -3370 -2420
466 -2611 955 522 -5946 -3363 -2422
467 -2629 957 524 -5943 -3353 -2422
468 -2636 955 528 -5939 -3347 -2427
469 -2651 959 531 -5933 -3338 -2423
470 -2665 956 532 -5928 -3329 -2424
471 -2672 962 530 -5923 -3324 -2427
472 -2684 956 532 -5916 -3321 -2431
473 -2696 958 527 -5908 -3320 -2430
474 -2708 954 528 -5904 -3312 -2437
475 -2711 954 527 -5896 -3314 -2442
476 -2720 950 520 -5889 -3310 -2447
477 -2727 948 521 -5883 -3313 -2448
478 -2729 949 520 -5877 -3316 -2449
479 -2735 946 516 -5870 -3318 -2454
480 -2735 943 514 -5861 -3323 -2452
481 -2733 945 516 -5856 -3327 -2456
482 -2739 943 509 -5849 -3335 -2459
483 -2733 944 509 -5848 -3341 -2456
484 -2729 942 506 -5845 -3350 -2458
485 -2731 948 503 -5838 -3356 -2461
486 -2721 944 509 -5834 -3362 -2454
487 -2717 948 508 -5828 -3372 -2454
488 -2711 948 511 -5826 -3380 -2451
489 -2701 954 510 -5828 -3389 -2452
490 -2696 956 510 -5826 -3400 -2446
491 -2688 960 516 -5822 -3409 -2444
492 -2679 966 519 -5819 -3417 -2437
493 -2667 968 521 -5823 -3426 -2435
494 -2656 970 523 -5822 -3435 -2431
495 -2643 973 524 -5825 -3441 -2431
496 -2638 972 524 -5831 -3448 -2431
497 -2631 973 523 -5831 -3460 -2430
498 -2620 972 523 -5840 -3464 -2429
499 -2613 974 524 -5842 -3468 -2426
500 -2604 970 518 -5850 -3475 -2429
501 -2600 967 518 -5855 -3477 -2425
502 -2592 964 513 -5864 -3478 -2427
503 -2586 964 510 -5873 -3482 -2429
504 -2579 959 505 -5879 -3480 -2432
505 -2573 955 503 -5887 -3481 -2429
506 -2564 952 504 -5893 -3479 -2432
507 -2558 949 501 -5907 -3480 -2430
508 -2549 948 499 -5917 -3480 -2430
509 -2544 945 496 -5925 -3475 -2433
510 -2537 946 499 -5938 -3471 -2430
511 -2532 943 496 -5948 -3466 -2433
512 -2524 943 503 -5956 -3458 -2432
513 -2525 942 502 -5968 -3451 -2427
514 -2519 942 501 -5980 -3443 -2426
515 -2516 942 502 -5986 -3434 -2421
516 -2513 946 506 -5990 -3426 -2415
517 -2513 946 510 -6000 -3417 -2414
518 -2512 952 513 -6007 -3409 -2410
519 -2509 947 515 -6014 -3402 -2411
520 -2511 952 516 -6024 -3400 -2408
521 -2510 951 518 -6027 -3392 -2406
522 -2510 952 519 -6032 -3384 -2404
523 -2510 948 524 -6038 -3378 -2401
524 -2510 951 524 -6041 -3372 -2403
525 -2508 952 526 -6050 -3366 -2399
526 -2510 952 527 -6054 -3367 -2400
527 -2510 949 523 -6057 -3363 -2403
528 -2512 949 520 -6054 -3362 -2402
529 -2510 944 523 -6060 -3358 -2401
530 -2513 942 522 -6058 -3359 -2405
531 -2515 939 517 -6063 -3355 -2411
532 -2513 939 512 -6057 -3356 -2410
533 -2513 937 512 -6057 -3352 -2409
534 -2515 935 510 -6057 -3353 -2413
535 -2509 936 511 -6055 -3358 -2412
536 -2510 932 507 -6052 -3361 -2419
537 -2509 931 509 -6052 -3367 -2417
538 -2506 929 504 -6051 -3372 -2417
539 -2505 927 505 -6049 -3377 -2414
540 -2507 932 501 -6048 -3382 -2418
541 -2504 934 502 -6046 -3387 -2416
542 -2504 932 506 -6043 -3394 -2414
543 -2504 936 508 -6035 -3400 -2412
544 -2505 937 507 -6033 -3410 -2410
545 -2506 941 511 -6029 -3412 -2407
546 -2510 944 515 -6022 -3416 -2406
547 -2510 950 515 -6017 -3424 -2406
548 -2506 952 518 -6012 -3430 -2401
549 -2509 960 518 -6007 -3436 -2402
550 -2511 959 519 -5998 -3438 -2400
551 -2511 963 521 -5992 -3450 -2398
552 -2509 962 522 -5984 -3455 -2400
553 -2506 963 520 -5981 -3462 -2402
554 -2504 963 521 -5975 -3470 -2404
555 -2503 962 517 -5968 -3473 -2409
556 -2500 963 514 -5957 -3476 -2409
557 -2497 956 512 -5947 -3483 -2411
558 -2496 954 506 -5940 -3482 -2412
559 -2494 955 506 -5935 -3488 -2419
560 -2495 954 504 -5928 -3490 -2420
561 -2496 944 502 -5922 -3491 -2424
562 -2503 947 504 -5915 -3488 -2429
563 -2510 945 495 -5911 -3490 -2429
564 -2515 945 496 -5905 -3487 -2430
565 -2520 945 495 -5896 -3483 -2432
566 -2526 945 498 -5892 -3481 -2431
567 -2534 950 498 -5889 -3478 -2430
568 -2544 951 502 -5883 -3473 -2433
569 -2555 948 504 -5882 -3468 -2430
570 -2565 954 503 -5885 -3459 -2431
571 -2573 958 512 -5884 -3454 -2430
572 -2586 956 511 -5882 -3444 -2428
573 -2597 960 513 -5881 -3433 -2426
574 -2606 961 518 -5878 -3424 -2427
575 -2620 966 521 -5880 -3412 -2427
576 -2630 962 524 -5877 -3403 -2425
577 -2645 966 526 -5879 -3391 -2427
578 -2653 965 529 -5884 -3378 -2425
579 -2666 964 532 -5884 -3370 -2428
580 -2680 965 532 -5884 -3358 -2429
581 -2685 963 530 -5885 -3353 -2431
582 -2691 961 529 -5888 -3343 -2431
583 -2701 959 528 -5892 -3338 -2435
584 -2704 961 523 -5896 -3329 -2438
585 -2717 956 524 -5894 -3320 -2443
586 -2720 949 524 -5897 -3318 -2447
587 -2722 952 522 -5898 -3312 -2446
588 -2730 942 518 -5897 -3306 -2450
589 -2731 942 517 -5900 -3305 -2451
590 -2734 935 514 -5902 -3302 -2455
591 -2737 940 509 -5901 -3302 -2456
592 -2730 939 508 -5903 -3303 -2458
593 -2728 937 507 -5900 -3305 -2459
594 -2726 935 505 -5900 -3309 -2457
595 -2717 937 508 -5899 -3315 -2459
596 -2711 939 508 -5898 -3323 -2453
597 -2702 937 510 -5898 -3332 -2450
598 -2691 940 508 -5896 -3344 -2451
599 -2681 942 512 -5897 -3352 -2444
600 -2669 947 515 -5898 -3361 -2442
601 -2660 950 516 -5891 -3371 -2440
602 -2648 951 521 -5890 -3379 -2433
603 -2637 956 525 -5887 -3388 -2428
604 -2628 957 526 -5885 -3395 -2423
605 -2621 960 527 -5885 -3407 -2424
606 -2612 965 527 -5887 -3416 -2425
607 -2603 969 525 -5887 -3426 -2419
608 -2594 971 526 -5888 -3433 -2419
609 -2580 969 525 -5888 -3441 -2416
610 -2579 969 526 -5893 -3453 -2418
611 -2569 969 520 -5890 -3459 -2417
612 -2561 967 521 -5892 -3465 -2417
613 -2553 965 519 -5897 -3471 -2418
614 -2548 958 512 -5903 -3481 -2423
615 -2541 955 507 -5908 -3484 -2428
616 -2538 953 502 -5914 -3489 -2426
617 -2527 951 500 -5916 -3489 -2427
618 -2526 946 494 -5919 -3492 -2428
619 -2522 942 492 -5923 -3492 -2428
620 -2520 940 495 -5927 -3494 -2431
621 -2518 941 493 -5933 -3494 -2429
622 -2513 943 492 -5939 -3491 -2427
623 -2510 946 493 -5944 -3492 -2425
624 -2508 946 496 -5955 -3490 -2421
625 -2507 947 497 -5952 -3484 -2419
626 -2504 948 501 -5963 -3482 -2415
627 -2501 947 504 -5974 -3473 -2412
628 -2497 954 508 -5978 -3467 -2406
629 -2495 956 512 -5988 -3464 -2406
630 -2492 958 514 -5998 -3456 -2401
631 -2489 958 519 -6002 -3450 -2400
632 -2489 964 520 -6008 -3440 -2400
633 -2490 960 521 -6014 -3436 -2393
634 -2489 960 523 -6020 -3426 -2396
635 -2491 958 525 -6024 -3418 -2399
636 -2494 956 522 -6028 -3408 -2399
637 -2494 952 519 -6029 -3403 -2402
638 -2497 951 518 -6037 -3392 -2401
639 -2493 950 516 -6040 -3385 -2404
640 -2496 941 515 -6040 -3381 -2411
641 -2495 939 511 -6041 -3372 -2412
642 -2498 934 508 -6050 -3368 -2416
643 -2499 934 506 -6050 -3369 -2418
644 -2500 931 501 -6048 -3361 -2418
645 -2503 928 504 -6055 -3356 -2417
646 -2507 924 506 -6056 -3356 -2423
647 -2510 929 503 -6056 -3352 -2425
648 -2515 923 502 -6058 -3352 -2424
649 -2519 924 506 -6060 -3350 -2422
650 -2525 923 502 -6060 -3345 -2420
651 -2528 931 509 -6059 -3342 -2419
652 -2536 931 511 -6055 -3342 -2414
653 -2540 935 512 -6057 -3344 -2415
654 -2545 940 516 -6049 -3348 -2414
655 -2549 940 514 -6042 -3347 -2410
656 -2553 944 520 -6038 -3350 -2411
657 -2557 948 524 -6032 -3355 -2410
658 -2560 952 525 -6026 -3366 -2405
659 -2563 954 526 -6013 -3369 -2409
660 -2562 954 529 -6007 -3375 -2404
661 -2565 957 526 -5996 -3382 -2404
662 -2571 958 527 -5984 -3393 -2408
663 -2574 959 526 -5973 -3403 -2413
664 -2571 963 523 -5957 -3412 -2411
665 -2570 959 520 -5947 -3421 -2417
666 -2570 958 516 -5932 -3427 -2418
667 -2569 957 519 -5921 -3437 -2424
668 -2567 955 513 -5911 -3451 -2427
669 -2566 956 511 -5896 -3458 -2429
670 -2568 952 505 -5890 -3465 -2437
671 -2566 950 502 -5877 -3470 -2438
672 -2566 948 500 -5866 -3478 -2441
673 -2574 946 498 -5858 -3485 -2441
674 -2576 946 496 -5847 -3484 -2439
675 -2582 948 499 -5838 -3488 -2445
676 -2587 942 494 -5834 -3492 -2444
677 -2595 948 499 -5825 -3491 -2445
678 -2599 949 494 -5825 -3491 -2445
679 -2604 951 499 -5822 -3487 -2445
680 -2610 958 498 -5816 -3486 -2441
681 -2610 960 501 -5814 -3484 -2440
682 -2617 960 506 -5815 -3487 -2437
683 -2623 966 509 -5814 -3479 -2439
684 -2625 965 514 -5816 -3472 -2437
685 -2628 969 514 -5819 -3472 -2436
686 -2637 971 520 -5822 -3463 -2430
687 -2638 974 526 -5827 -3456 -2426
688 -2645 975 528 -5830 -3446 -2428
689 -2651 973 531 -5832 -3438 -2426
690 -2657 976 529 -5845 -3425 -2430
691 -2664 974 528 -5850 -3413 -2431
692 -2668 969 524 -5857 -3400 -2432
693 -2672 967 522 -5868 -3386 -2433
694 -2678 960 518 -5877 -3379 -2437
695 -2678 954 518 -5886 -3367 -2442
696 -2678 952 518 -5890 -3356 -2441
697 -2679 949 518 -5897 -3347 -2443
698 -2685 943 516 -5907 -3343 -2447
699 -2687 935 509 -5916 -3333 -2449
700 -2687 935 508 -5925 -3325 -2454
701 -2691 936 507 -5930 -3319 -2451
702 -2696 934 503 -5940 -3313 -2450
703 -2691 932 504 -5941 -3305 -2449
704 -2689 934 504 -5948 -3301 -2452
705 -2684 934 508 -5958 -3299 -2447
706 -2674 935 508 -5962 -3304 -2446
707 -2668 941 508 -5972 -3304 -2438
708 -2656 942 513 -5973 -3307 -2434
709 -2645 946 520 -5979 -3314 -2430
710 -2626 951 523 -5979 -3324 -2422
711 -2614 947 527 -5982 -3329 -2419
712 -2599 952 531 -5984 -3339 -2417
713 -2587 953 535 -5983 -3345 -2414
714 -2578 952 538 -5987 -3352 -2411
715 -2571 952 533 -5986 -3363 -2410
716 -2567 953 533 -5984 -3366 -2409
717 -2561 952 531 -5983 -3367 -2408
718 -2559 954 525 -5981 -3375 -2410
719 -2555 955 520 -5975 -3382 -2408
720 -2552 956 518 -5979 -3388 -2410
721 -2549 951 512 -5975 -3398 -2413
722 -2542 946 508 -5978 -3409 -2412
723 -2530 946 505 -5976 -3425 -2421
724 -2516 945 505 -5981 -3438 -2423
725 -2507 942 503 -5981 -3449 -2422
726 -2498 942 501 -5983 -3461 -2425
727 -2492 938 503 -5983 -3474 -2424
728 -2481 941 498 -5980 -3480 -2421
729 -2472 943 500 -5980 -3488 -2417
730 -2474 944 499 -5982 -3494 -2418
731 -2467 940 494 -5984 -3498 -2418
732 -2464 944 497 -5980 -3504 -2415
733 -2461 947 496 -5980 -3508 -2418
734 -2455 946 499 -5977 -3510 -2412
735 -2451 951 502 -5974 -3512 -2403
736 -2443 952 507 -5974 -3517 -2404
737 -2440 955 505 -5977 -3521 -2404
738 -2437 956 506 -5974 -3523 -2404
739 -2433 960 507 -5974 -3524 -2397
740 -2435 960 509 -5973 -3526 -2396
741 -2431 962 516 -5976 -3520 -2393
742 -2430 962 517 -5978 -3516 -2395
743 -2435 967 521 -5980 -3511 -2396
744 -2442 963 517 -5985 -3501 -2398
745 -2451 964 518 -5986 -3488 -2398
746 -2456 963 519 -5991 -3476 -2399
747 -2467 960 514 -5996 -3460 -2405
748 -2479 958 512 -5999 -3451 -2406
749 -2493 951 509 -6004 -3438 -2413
750 -2502 949 510 -6004 -3426 -2415
751 -2517 946 510 -6005 -3413 -2416
752 -2528 938 506 -6003 -3403 -2417
753 -2541 939 507 -6003 -3392 -2423
754 -2548 932 501 -6001 -3385 -2426
755 -2557 931 502 -5999 -3372 -2427
756 -2564 931 500 -5996 -3369 -2431
757 -2568 929 500 -5991 -3357 -2437
758 -2575 930 502 -5989 -3344 -2434
759 -2584 926 500 -5987 -3343 -2435
760 -2584 929 500 -5983 -3334 -2435
761 -2592 931 503 -5984 -3332 -2434
762 -2598 937 509 -5979 -3328 -2434
763 -2604 939 513 -5976 -3323 -2426
764 -2609 943 517 -5975 -3323 -2425
765 -2616 947 522 -5971 -3319 -2422
766 -2626 950 530 -5970 -3323 -2418
767 -2633 956 535 -5968 -3319 -2420
768 -2639 958 538 -5968 -3318 -2415
769 -2651 960 541 -5962 -3317 -2416
770 -2658 960 539 -5958 -3316 -2416
771 -2669 960 536 -5951 -3316 -2421
772 -2675 955 536 -5945 -3316 -2426
773 -2686 955 532 -5936 -3318 -2430
774 -2693 953 530 -5929 -3323 -2431
775 -2693 952 525 -5919 -3335 -2434
776 -2695 952 517 -5909 -3344 -2440
777 -2694 951 510 -5898 -3359 -2445
778 -2691 947 509 -5883 -3373 -2448
779 -2687 947 506 -5872 -3389 -2449
780 -2675 943 500 -5866 -3404 -2450
781 -2666 944 502 -5854 -3416 -2455
782 -2654 944 500 -5849 -3433 -2456
783 -2642 943 496 -5845 -3443 -2460
784 -2629 944 494 -5840 -3453 -2458
785 -2620 945 498 -5835 -3461 -2457
786 -2609 947 495 -5832 -3469 -2450
787 -2608 945 501 -5830 -3476 -2444
788 -2604 947 502 -5828 -3481 -2443
789 -2600 950 505 -5829 -3485 -2440
790 -2600 955 510 -5826 -3489 -2433
791 -2605 961 514 -5825 -3489 -2432
792 -2610 963 514 -5826 -3492 -2429
793 -2614 966 519 -5823 -3488 -2424
794 -2617 970 525 -5822 -3483 -2425
795 -2627 975 524 -5821 -3476 -2427
796 -2634 981 522 -5820 -3472 -2426
797 -2640 981 521 -5821 -3465 -2425
798 -2642 984 520 -5821 -3458 -2422
799 -2641 979 517 -5827 -3458 -2426
800 -2635 982 516 -5833 -3458 -2425
801 -2625 977 515 -5838 -3457 -2427
802 -2616 973 512 -5852 -3460 -2430
803 -2596 968 512 -5863 -3458 -2433
804 -2583 963 512 -5880 -3460 -2433
805 -2563 959 509 -5898 -3462 -2433
806 -2554 951 506 -5911 -3459 -2435
807 -2544 944 504 -5926 -3454 -2437
808 -2541 935 510 -5941 -3443 -2436
809 -2541 932 507 -5951 -3426 -2438
810 -2553 928 505 -5968 -3412 -2438
811 -2570 925 504 -5975 -3391 -2441
812 -2586 926 501 -5985 -3371 -2441
813 -2607 928 497 -5993 -3352 -2438
814 -2628 932 494 -5998 -3336 -2437
815 -2643 939 493 -6003 -3327 -2435
816 -2646 940 495 -6008 -3322 -2428
817 -2645 944 496 -6014 -3324 -2423
818 -2632 943 506 -6023 -3331 -2420
819 -2610 946 512 -6032 -3337 -2420
820 -2589 948 520 -6038 -3344 -2416
821 -2555 946 528 -6042 -3353 -2412
822 -2528 950 532 -6049 -3362 -2408
823 -2504 945 534 -6056 -3365 -2405
824 -2488 949 537 -6054 -3365 -2400
825 -2477 950 539 -6055 -3364 -2396
826 -2471 953 537 -6052 -3365 -2397
827 -2476 950 534 -6055 -3364 -2393
828 -2483 951 530 -6048 -3360 -2395
829 -2491 950 526 -6041 -3355 -2397
830 -2501 948 523 -6042 -3352 -2402
831 -2509 944 519 -6037 -3358 -2403
832 -2515 944 516 -6038 -3358 -2408
833 -2517 941 514 -6036 -3368 -2414
834 -2519 935 510 -6031 -3369 -2418
835 -2526 933 506 -6026 -3374 -2418
836 -2524 931 501 -6025 -3382 -2421
837 -2530 926 501 -6024 -3386 -2425
838 -2529 926 497 -6018 -3394 -2428
839 -2529 930 490 -6014 -3399 -2425
840 -2529 928 492 -6008 -3411 -2425
841 -2530 929 494 -6001 -3418 -2422
842 -2526 936 496 -5995 -3431 -2423
843 -2522 939 498 -5992 -3437 -2419
844 -2518 943 501 -5988 -3456 -2419
845 -2516 949 506 -5985 -3461 -2413
846 -2511 952 505 -5978 -3469 -2408
847 -2505 957 509 -5973 -3476 -2405
848 -2494 962 515 -5969 -3486 -2402
849 -2492 964 513 -5961 -3492 -2400
850 -2484 968 517 -5957 -3497 -2400
851 -2481 968 521 -5952 -3503 -2397
852 -2481 971 520 -5944 -3508 -2395
853 -2474 970 526 -5942 -3513 -2399
854 -2473 973 522 -5935 -3516 -2403
855 -2475 970 516 -5933 -3522 -2404
856 -2479 968 517 -5926 -3518 -2406
857 -2479 964 514 -5921 -3520 -2410
858 -2482 963 513 -5919 -3520 -2417
859 -2481 957 505 -5916 -3514 -2416
860 -2492 952 503 -5918 -3509 -2421
861 -2493 953 499 -5913 -3501 -2428
862 -2500 948 494 -5917 -3492 -2430
863 -2509 941 495 -5911 -3483 -2435
864 -2518 939 493 -5909 -3474 -2437
865 -2527 936 494 -5908 -3460 -2441
866 -2542 940 496 -5909 -3450 -2441
867 -2558 938 493 -5912 -3439 -2445
868 -2575 939 497 -5909 -3428 -2447
869 -2590 939 498 -5907 -3417 -2446
870 -2602 941 500 -5906 -3402 -2445
871 -2619 947 504 -5903 -3387 -2437
872 -2636 949 511 -5900 -3372 -2436
873 -2650 953 517 -5903 -3360 -2434
874 -2667 955 521 -5898 -3347 -2432
875 -2680 962 532 -5902 -3333 -2432
876 -2698 962 532 -5900 -3320 -2433
877 -2712 961 535 -5898 -3311 -2432
878 -2727 964 539 -5897 -3301 -2427
879 -2745 966 540 -5895 -3293 -2432
880 -2755 964 538 -5893 -3284 -2431
881 -2766 963 535 -5892 -3280 -2436
882 -2776 962 534 -5892 -3278 -2437
883 -2779 960 531 -5884 -3274 -2443
884 -2782 958 528 -5883 -3276 -2443
885 -2784 953 531 -5877 -3283 -2449
886 -2784 946 524 -5879 -3283 -2451
887 -2779 944 519 -5881 -3292 -2453
888 -2773 938 516 -5876 -3297 -2459
889 -2758 939 513 -5875 -3305 -2457
890 -2747 939 507 -5875 -3316 -2465
891 -2735 935 503 -5875 -3324 -2464
892 -2722 931 500 -5870 -3338 -2460
893 -2706 935 503 -5866 -3350 -2460
894 -2695 931 505 -5865 -3361 -2457
895 -2685 939 500 -5863 -3373 -2454
896 -2673 941 502 -5866 -3388 -2447
897 -2658 944 505 -5868 -3402 -2445
898 -2648 945 503 -5868 -3411 -2438
899 -2632 953 510 -5869 -3425 -2432
900 -2612 958 514 -5876 -3438 -2425
901 -2595 960 520 -5886 -3451 -2419
902 -2577 967 519 -5890 -3459 -2415
903 -2562 965 523 -5898 -3469 -2411
904 -2543 971 528 -5909 -3477 -2407
905 -2529 970 525 -5918 -3486 -2404
906 -2514 974 524 -5927 -3495 -2403
907 -2498 972 526 -5934 -3501 -2400
908 -2485 971 526 -5949 -3508 -2398
909 -2477 969 522 -5958 -3512 -2400
910 -2465 969 518 -5968 -3511 -2403
911 -2454 967 515 -5982 -3515 -2399
912 -2443 960 507 -5993 -3516 -2407
913 -2435 953 504 -6002 -3511 -2404
914 -2422 949 499 -6017 -3508 -2408
915 -2412 941 496 -6027 -3508 -2409
916 -2401 936 489 -6040 -3501 -2412
917 -2394 938 486 -6050 -3499 -2412
918 -2388 928 487 -6059 -3496 -2417
919 -2381 927 479 -6066 -3492 -2417
920 -2381 924 480 -6076 -3489 -2416
921 -2379 922 485 -6080 -3481 -2412
922 -2383 920 487 -6088 -3471 -2415
923 -2384 923 485 -6091 -3468 -2410
924 -2392 930 492 -6093 -3464 -2408
925 -2395 932 495 -6098 -3452 -2404
926 -2399 935 501 -6094 -3442 -2399
927 -2411 939 504 -6095 -3434 -2396
928 -2414 945 511 -6095 -3424 -2389
929 -2424 948 518 -6093 -3416 -2387
930 -2428 953 522 -6091 -3407 -2387
931 -2438 955 524 -6089 -3402 -2384
932 -2443 962 529 -6086 -3393 -2380
933 -2455 958 535 -6078 -3387 -2383
934 -2464 957 535 -6079 -3381 -2386
935 -2477 959 536 -6073 -3376 -2388
936 -2490 959 534 -6067 -3367 -2386
937 -2498 954 533 -6059 -3361 -2394
938 -2513 951 529 -6056 -3354 -2397
939 -2524 947 521 -6043 -3348 -2403
940 -2536 943 521 -6032 -3347 -2412
941 -2550 937 517 -6026 -3341 -2418
942 -2565 936 515 -6015 -3339 -2420
943 -2581 931 509 -6003 -3336 -2429
944 -2590 928 508 -5991 -3333 -2429
945 -2601 926 503 -5978 -3334 -2435
946 -2613 930 503 -5968 -3337 -2441
947 -2622 932 496 -5957 -3337 -2444
948 -2632 928 501 -5947 -3338 -2440
949 -2639 931 502 -5939 -3346 -2440
950 -2645 931 501 -5929 -3350 -2448
951 -2648 938 507 -5919 -3355 -2446
952 -2660 941 508 -5910 -3358 -2437
953 -2660 942 510 -5904 -3368 -2437
954 -2663 947 514 -5893 -3372 -2438
955 -2663 958 516 -5884 -3380 -2435
956 -2662 960 521 -5877 -3391 -2429
957 -2664 965 524 -5867 -3398 -2426
958 -2662 967 527 -5859 -3408 -2427
959 -2660 975 534 -5852 -3418 -2420
960 -2658 978 529 -5841 -3428 -2421
961 -2659 976 528 -5836 -3440 -2424
962 -2653 979 526 -5829 -3451 -2428
963 -2650 975 527 -5823 -3458 -2427
964 -2644 976 523 -5816 -3464 -2430
965 -2634 972 524 -5813 -3472 -2440
966 -2633 968 520 -5809 -3479 -2438
967 -2630 965 515 -5807 -3482 -2439
968 -2622 961 508 -5805 -3484 -2448
969 -2623 956 506 -5808 -3490 -2451
970 -2624 955 496 -5809 -3493 -2454
971 -2621 952 496 -5803 -3489 -2461
972 -2617 946 496 -5810 -3486 -2460
973 -2629 948 489 -5812 -3489 -2456
974 -2628 945 491 -5807 -3477 -2457
975 -2631 944 487 -5812 -3474 -2461
976 -2636 942 497 -5819 -3480 -2458
977 -2642 946 495 -5819 -3465 -2457
978 -2633 952 495 -5822 -3457 -2452
979 -2645 948 501 -5833 -3452 -2447
980 -2648 955 511 -5833 -3443 -2440
981 -2647 962 513 -5839 -3435 -2438
982 -2651 965 516 -5849 -3424 -2434
983 -2655 970 522 -5855 -3416 -2431
984 -2659 970 528 -5867 -3404 -2427
985 -2659 973 531 -5871 -3394 -2425
986 -2664 971 534 -5876 -3388 -2424
987 -2666 974 537 -5886 -3377 -2417
988 -2671 972 534 -5895 -3366 -2418
989 -2666 970 537 -5906 -3358 -2420
990 -2672 967 535 -5916 -3349 -2423
991 -2669 966 535 -5924 -3341 -2427
992 -2667 960 527 -5934 -3331 -2427
993 -2665 953 523 -5946 -3327 -2431
994 -2667 948 519 -5955 -3321 -2436
995 -2657 939 514 -5960 -3316 -2434
996 -2652 936 516 -5972 -3316 -2443
997 -2649 928 508 -5980 -3318 -2444
998 -2639 923 503 -5988 -3315 -2445
999 -2630 923 498 -5991 -3317 -2444
