0 -1220 -360 -566 344 398 961
1 -1216 -360 -568 342 398 955
2 -1219 -357 -566 346 395 963
3 -1217 -356 -564 343 394 960
4 -1214 -358 -563 345 396 965
5 -1220 -357 -560 348 399 963
6 -1218 -355 -566 345 397 960
7 -1216 -357 -565 345 400 962
8 -1220 -356 -565 346 397 960
9 -1221 -361 -563 344 397 960
10 -1219 -354 -562 346 397 960
11 -1225 -361 -562 343 402 963
12 -1224 -356 -564 346 399 960
13 -1223 -361 -563 344 400 961
14 -1220 -359 -559 343 402 962
15 -1220 -356 -560 348 399 959
16 -1223 -359 -558 343 400 959
17 -1225 -357 -560 339 395 954
18 -1222 -360 -563 344 399 959
19 -1221 -360 -564 344 401 961
20 -1219 -357 -560 341 394 958
21 -1220 -360 -561 343 396 961
22 -1221 -357 -564 346 402 961
23 -1218 -358 -566 346 399 960
24 -1213 -355 -563 348 401 964
25 -1217 -358 -564 352 398 962
26 -1212 -356 -556 348 398 963
27 -1212 -354 -560 350 402 963
28 -1216 -353 -557 344 401 966
29 -1220 -356 -563 347 398 962
30 -1217 -359 -564 346 398 963
31 -1216 -356 -562 347 400 963
32 -1219 -357 -562 345 394 962
33 -1217 -356 -563 345 397 961
34 -1217 -357 -560 344 400 962
35 -1219 -356 -562 343 398 960
36 -1221 -359 -559 344 402 957
37 -1218 -359 -563 347 396 962
38 -1222 -357 -560 343 397 958
39 -1221 -359 -562 341 399 959
40 -1219 -358 -564 346 399 959
41 -1218 -360 -563 343 399 960
42 -1219 -361 -564 348 396 961
43 -1221 -358 -566 342 396 954
44 -1215 -359 -563 344 399 962
45 -1215 -359 -565 345 396 961
46 -1217 -358 -563 345 399 962
47 -1217 -355 -565 346 398 963
48 -1216 -359 -564 345 398 963
49 -1217 -356 -562 344 400 965
50 -1218 -359 -566 347 395 961
51 -1217 -359 -564 345 398 959
52 -1219 -356 -562 345 400 961
53 -1222 -360 -562 343 395 962
54 -1219 -358 -563 345 398 961
55 -1223 -358 -562 345 399 961
56 -1223 -356 -561 346 396 957
57 -1219 -364 -565 342 399 962
58 -1222 -356 -562 341 396 962
59 -1221 -359 -562 346 395 960
60 -1223 -357 -560 341 397 956
61 -1221 -359 -566 343 396 961
62 -1221 -359 -566 343 399 954
63 -1224 -360 -564 340 395 961
64 -1216 -359 -569 339 395 957
65 -1220 -360 -564 347 399 960
66 -1218 -361 -565 342 399 958
67 -1216 -358 -567 341 395 959
68 -1217 -357 -568 346 402 964
69 -1217 -358 -566 349 398 963
70 -1219 -359 -563 347 401 963
71 -1217 -358 -560 347 401 959
72 -1218 -358 -565 345 395 961
73 -1222 -358 -562 345 398 961
74 -1220 -357 -565 346 398 959
75 -1220 -362 -563 346 398 961
76 -1222 -361 -562 346 399 956
77 -1223 -359 -563 344 398 963
78 -1224 -359 -561 343 397 960
79 -1223 -358 -564 345 394 958
80 -1223 -362 -565 342 397 960
81 -1223 -360 -566 343 399 955
82 -1221 -361 -563 340 393 955
83 -1224 -362 -562 343 395 954
84 -1220 -356 -564 342 396 958
85 -1221 -362 -567 343 396 957
86 -1219 -359 -561 345 396 957
87 -1221 -363 -570 342 398 957
88 -1219 -359 -567 341 395 960
89 -1217 -361 -565 344 393 960
90 -1216 -360 -566 343 398 960
91 -1219 -361 -560 348 400 960
92 -1218 -357 -560 346 399 963
93 -1221 -359 -562 346 395 961
94 -1220 -358 -566 346 396 959
95 -1221 -359 -564 342 396 958
96 -1223 -359 -565 345 396 960
97 -1222 -357 -564 343 399 959
98 -1220 -361 -568 348 396 958
99 -1221 -356 -560 344 395 959
100 -1219 -359 -563 343 398 959
101 -1221 -358 -566 349 400 960
102 -1222 -357 -562 344 395 956
103 -1222 -358 -565 343 399 955
104 -1221 -362 -564 340 395 956
105 -1222 -362 -567 341 397 957
106 -1223 -363 -564 343 398 959
107 -1222 -363 -567 340 397 957
108 -1222 -363 -568 342 397 956
109 -1217 -359 -570 340 397 958
110 -1217 -360 -568 342 399 959
111 -1217 -361 -564 341 394 961
112 -1218 -360 -564 348 400 963
113 -1220 -356 -563 348 398 961
114 -1216 -356 -561 345 395 960
115 -1215 -357 -562 345 396 961
116 -1216 -357 -564 348 395 959
117 -1219 -358 -564 344 398 961
118 -1220 -358 -565 345 399 958
119 -1219 -357 -566 347 395 960
120 -1219 -356 -565 345 399 956
121 -1220 -359 -565 343 399 960
122 -1218 -357 -561 343 399 958
123 -1222 -361 -562 341 397 960
124 -1221 -359 -564 349 397 960
125 -1218 -358 -559 340 399 958
126 -1222 -361 -561 346 394 959
127 -1220 -357 -561 343 398 960
128 -1217 -357 -564 342 395 958
129 -1224 -360 -560 346 398 959
130 -1220 -361 -566 346 397 959
131 -1217 -357 -564 342 397 959
132 -1213 -356 -563 347 397 960
133 -1213 -357 -564 349 401 960
134 -1216 -358 -559 349 400 964
135 -1221 -356 -565 346 400 963
136 -1212 -358 -560 351 404 963
137 -1218 -356 -563 341 396 956
138 -1219 -357 -564 348 400 961
139 -1219 -356 -564 344 398 962
140 -1223 -358 -564 344 396 961
141 -1219 -359 -563 345 399 962
142 -1222 -357 -561 343 399 961
143 -1218 -357 -558 348 401 963
144 -1221 -355 -559 345 397 958
145 -1223 -357 -564 346 400 959
146 -1220 -358 -560 343 398 957
147 -1224 -357 -563 341 396 959
148 -1226 -359 -563 344 394 959
149 -1219 -355 -563 340 395 960
150 -1221 -360 -565 341 398 961
151 -1219 -362 -567 340 394 959
152 -1218 -359 -565 342 398 959
153 -1218 -358 -568 343 393 959
154 -1218 -358 -563 343 400 962
155 -1217 -358 -565 346 397 960
156 -1218 -357 -563 346 398 963
157 -1217 -358 -561 348 400 961
158 -1218 -355 -561 345 400 960
159 -1220 -355 -562 349 401 960
160 -1223 -358 -562 346 397 962
161 -1222 -360 -560 341 399 960
162 -1220 -360 -562 345 401 964
163 -1219 -361 -563 343 396 962
164 -1221 -357 -563 342 395 963
165 -1221 -358 -566 343 400 958
166 -1223 -359 -563 345 400 961
167 -1218 -357 -562 345 398 960
168 -1221 -360 -562 344 398 958
169 -1221 -358 -558 343 394 958
170 -1222 -362 -567 344 401 960
171 -1219 -360 -562 344 399 960
172 -1220 -358 -565 344 395 958
173 -1219 -358 -564 347 398 960
174 -1218 -359 -564 345 397 964
175 -1217 -355 -561 344 395 961
176 -1218 -358 -568 345 396 960
177 -1218 -360 -565 344 400 960
178 -1215 -356 -567 346 399 959
179 -1219 -359 -566 346 397 963
180 -1218 -354 -559 348 399 960
181 -1219 -356 -562 349 401 962
182 -1221 -357 -564 341 398 961
183 -1220 -359 -563 346 396 960
184 -1224 -359 -564 344 397 960
185 -1222 -356 -562 347 398 962
186 -1220 -358 -558 346 399 960
187 -1219 -358 -564 345 399 959
188 -1221 -359 -560 342 401 959
189 -1221 -353 -563 343 397 961
190 -1224 -358 -561 342 397 955
191 -1223 -360 -565 342 398 958
192 -1220 -358 -563 341 400 958
193 -1224 -362 -566 341 394 958
194 -1222 -361 -566 345 392 956
195 -1221 -359 -565 344 396 959
196 -1217 -358 -564 342 395 959
197 -1218 -360 -564 344 396 960
198 -1216 -359 -566 345 397 960
199 -1220 -355 -565 347 396 962
200 -1219 -358 -563 346 397 960
201 -1221 -357 -563 343 401 962
202 -1215 -355 -562 347 399 959
203 -1216 -356 -565 346 397 961
204 -1221 -357 -564 346 393 961
205 -1221 -356 -563 345 397 962
206 -1218 -359 -560 343 397 958
207 -1223 -358 -562 348 399 957
208 -1219 -357 -561 345 397 959
209 -1222 -359 -564 340 397 963
210 -1223 -361 -562 344 399 959
211 -1222 -361 -564 342 401 959
212 -1218 -359 -563 341 398 955
213 -1221 -359 -565 342 398 958
214 -1220 -361 -564 341 397 958
215 -1221 -359 -562 341 397 958
216 -1219 -362 -563 343 398 957
217 -1221 -360 -566 342 395 960
218 -1216 -361 -564 344 397 959
219 -1216 -357 -563 344 393 957
220 -1215 -357 -567 343 401 963
221 -1215 -359 -562 346 401 961
222 -1219 -360 -563 345 399 965
223 -1217 -356 -564 348 399 964
224 -1217 -360 -561 345 398 960
225 -1221 -358 -561 345 398 959
226 -1221 -357 -564 344 396 961
227 -1222 -357 -563 342 400 962
228 -1221 -360 -565 344 396 963
229 -1223 -356 -563 346 398 960
230 -1217 -357 -559 344 398 960
231 -1216 -351 -565 345 400 964
232 -1219 -357 -561 351 398 962
233 -1218 -357 -562 343 399 960
234 -1222 -357 -560 341 396 959
235 -1221 -356 -565 342 398 960
236 -1218 -360 -563 344 394 958
237 -1223 -360 -563 340 395 958
238 -1221 -360 -566 339 395 957
239 -1219 -358 -565 339 398 960
240 -1219 -362 -567 345 398 960
241 -1216 -359 -566 347 395 960
242 -1218 -362 -568 346 397 961
243 -1214 -353 -565 344 394 959
244 -1220 -354 -564 346 400 963
245 -1220 -358 -560 342 399 964
246 -1222 -360 -565 342 398 957
247 -1218 -357 -562 342 396 960
248 -1219 -359 -562 344 396 958
249 -1221 -359 -564 343 394 958
250 -1222 -361 -563 341 400 962
251 -1220 -359 -561 343 395 955
252 -1223 -357 -563 345 395 959
253 -1220 -356 -563 343 398 962
254 -1224 -358 -562 340 396 955
255 -1222 -359 -563 346 397 962
256 -1224 -358 -567 339 393 958
257 -1225 -360 -563 343 396 958
258 -1221 -359 -567 343 395 959
259 -1220 -361 -566 340 396 963
260 -1219 -359 -567 344 397 958
261 -1218 -359 -564 344 398 959
262 -1218 -358 -566 342 394 963
263 -1219 -359 -563 347 400 960
264 -1217 -354 -565 346 398 964
265 -1216 -355 -564 346 399 961
266 -1219 -359 -562 348 402 959
267 -1219 -357 -564 343 398 962
268 -1220 -358 -563 345 402 962
269 -1220 -356 -565 344 399 964
270 -1217 -359 -561 343 399 957
271 -1221 -357 -564 344 399 962
272 -1223 -357 -563 347 403 963
273 -1220 -357 -561 344 400 958
274 -1221 -355 -563 343 399 962
275 -1222 -359 -562 346 397 957
276 -1223 -361 -561 346 399 963
277 -1219 -356 -562 342 397 959
278 -1225 -360 -559 340 396 958
279 -1218 -359 -564 341 394 954
280 -1218 -358 -564 341 395 959
281 -1218 -359 -561 344 397 959
282 -1220 -361 -561 344 396 958
283 -1216 -358 -564 343 395 961
284 -1217 -357 -566 347 395 962
285 -1216 -358 -567 346 396 962
286 -1216 -358 -563 347 395 963
287 -1215 -360 -566 346 397 960
288 -1217 -358 -565 347 403 962
289 -1219 -357 -563 347 395 961
290 -1222 -357 -564 345 396 963
291 -1220 -355 -558 346 397 958
292 -1219 -358 -562 344 398 960
293 -1222 -358 -563 346 400 961
294 -1223 -356 -561 344 400 962
295 -1223 -359 -559 345 399 961
296 -1222 -358 -562 348 403 960
297 -1223 -359 -561 342 400 959
298 -1225 -360 -562 341 402 954
299 -1221 -359 -562 341 398 957
300 -1224 -357 -564 337 398 958
301 -1222 -358 -565 342 397 957
302 -1222 -358 -563 340 395 959
303 -1218 -358 -566 342 395 961
304 -1216 -359 -565 346 398 958
305 -1214 -359 -564 346 396 960
306 -1216 -355 -563 348 396 962
307 -1217 -358 -568 346 401 964
308 -1213 -357 -564 348 399 961
309 -1216 -359 -560 346 402 965
310 -1214 -353 -562 348 401 966
311 -1218 -357 -561 347 400 959
312 -1219 -357 -562 346 397 961
313 -1221 -357 -563 348 397 962
314 -1221 -357 -560 346 398 963
315 -1225 -359 -564 345 399 961
316 -1221 -355 -559 348 403 963
317 -1221 -357 -558 345 398 961
318 -1220 -357 -560 345 398 957
319 -1218 -359 -563 345 401 956
320 -1218 -356 -558 345 402 964
321 -1217 -354 -562 340 399 957
322 -1216 -360 -564 342 398 958
323 -1222 -358 -562 340 397 958
324 -1219 -357 -564 342 393 955
325 -1221 -363 -566 340 396 959
326 -1219 -357 -568 343 397 960
327 -1220 -356 -567 343 398 961
328 -1216 -357 -566 342 398 961
329 -1217 -359 -562 348 399 964
330 -1219 -354 -561 343 399 959
331 -1220 -357 -563 348 397 960
332 -1218 -357 -560 344 395 962
333 -1220 -356 -563 340 395 960
334 -1220 -358 -568 344 397 959
335 -1222 -362 -568 344 397 959
336 -1220 -360 -566 344 397 962
337 -1221 -360 -562 344 399 962
338 -1220 -359 -559 346 397 961
339 -1224 -356 -561 342 399 963
340 -1217 -359 -562 346 399 958
341 -1223 -356 -566 345 398 959
342 -1221 -362 -562 343 394 959
343 -1220 -359 -563 343 395 957
344 -1219 -357 -563 341 397 960
345 -1222 -358 -563 341 394 957
346 -1219 -360 -565 344 397 960
347 -1221 -363 -561 343 397 955
348 -1218 -358 -565 341 395 959
349 -1219 -360 -565 347 399 957
350 -1218 -359 -569 346 399 960
351 -1218 -360 -564 348 399 961
352 -1219 -354 -562 350 404 963
353 -1219 -357 -561 342 397 963
354 -1221 -358 -562 345 399 961
355 -1221 -362 -562 345 398 959
356 -1225 -359 -559 343 400 958
357 -1222 -357 -563 345 396 958
358 -1223 -358 -561 343 396 963
359 -1225 -360 -561 345 400 959
360 -1223 -359 -559 347 401 958
361 -1221 -355 -561 349 395 957
362 -1223 -361 -561 339 395 957
363 -1222 -355 -561 341 397 959
364 -1221 -355 -562 338 395 956
365 -1222 -359 -565 342 394 958
366 -1219 -357 -565 342 394 957
367 -1226 -359 -568 344 393 957
368 -1218 -361 -566 341 394 954
369 -1221 -363 -568 342 397 958
370 -1217 -358 -569 343 397 959
371 -1219 -359 -563 344 396 957
372 -1217 -359 -564 343 398 959
373 -1220 -355 -565 344 399 961
374 -1219 -358 -566 345 399 957
375 -1219 -360 -562 349 401 960
376 -1223 -359 -563 342 399 957
377 -1223 -362 -561 345 402 956
378 -1218 -359 -561 342 400 958
379 -1220 -359 -563 341 398 960
380 -1223 -358 -562 341 396 957
381 -1222 -358 -564 345 401 958
382 -1221 -360 -561 342 397 959
383 -1221 -361 -562 343 395 955
384 -1227 -359 -563 345 399 956
385 -1222 -360 -568 343 400 956
386 -1228 -361 -562 340 395 955
387 -1222 -363 -569 340 395 955
388 -1218 -357 -566 341 393 957
389 -1218 -362 -566 340 392 957
390 -1216 -361 -571 345 395 957
391 -1213 -361 -565 341 391 958
392 -1217 -362 -566 341 397 962
393 -1217 -358 -564 345 398 961
394 -1215 -357 -564 350 396 959
395 -1219 -357 -564 346 400 961
396 -1217 -358 -561 350 400 963
397 -1218 -356 -566 345 397 961
398 -1219 -357 -563 346 398 960
399 -1220 -358 -561 349 399 961
400 -1219 -356 -564 343 399 961
401 -1220 -358 -562 344 401 962
402 -1223 -356 -562 347 404 962
403 -1217 -355 -559 343 401 960
404 -1220 -357 -561 344 403 962
405 -1221 -356 -561 343 398 962
406 -1220 -358 -562 347 402 958
407 -1221 -355 -560 344 402 964
408 -1224 -364 -562 343 398 957
409 -1223 -361 -561 341 395 956
410 -1219 -358 -566 341 395 958
411 -1218 -358 -568 343 396 955
412 -1216 -359 -567 341 394 960
413 -1216 -356 -562 341 398 961
414 -1220 -358 -565 344 398 961
415 -1218 -358 -565 342 396 959
416 -1217 -357 -563 344 400 960
417 -1216 -355 -564 348 401 961
418 -1215 -360 -559 343 400 966
419 -1217 -353 -562 343 395 962
420 -1218 -359 -566 345 396 958
421 -1221 -357 -562 345 400 959
422 -1224 -358 -561 347 397 964
423 -1219 -359 -559 346 399 961
424 -1220 -362 -564 343 397 962
425 -1222 -357 -563 342 397 964
426 -1221 -356 -564 349 400 957
427 -1218 -356 -561 348 400 963
428 -1220 -356 -563 344 399 957
429 -1222 -357 -560 345 396 957
430 -1221 -360 -562 344 401 962
431 -1220 -357 -564 345 395 959
432 -1221 -357 -565 346 397 958
433 -1217 -358 -564 344 397 961
434 -1219 -358 -564 344 399 959
435 -1216 -357 -566 347 399 962
436 -1217 -358 -564 347 395 959
437 -1217 -356 -569 345 395 960
438 -1214 -357 -565 344 401 960
439 -1220 -357 -565 346 399 963
440 -1217 -357 -562 347 398 959
441 -1219 -358 -562 343 397 957
442 -1223 -358 -560 345 399 955
443 -1221 -360 -565 344 399 958
444 -1222 -355 -561 348 402 960
445 -1220 -355 -562 346 399 967
446 -1222 -355 -559 342 397 961
447 -1220 -358 -560 348 398 959
448 -1223 -358 -561 346 398 959
449 -1219 -359 -563 344 400 958
450 -1223 -356 -563 347 397 960
451 -1222 -358 -561 342 397 956
452 -1222 -359 -562 342 397 958
453 -1220 -360 -565 343 396 955
454 -1220 -360 -565 345 396 958
455 -1219 -361 -565 340 393 957
456 -1216 -361 -567 343 400 962
457 -1219 -360 -569 347 398 960
458 -1217 -359 -566 347 399 959
459 -1217 -353 -565 348 397 963
460 -1221 -359 -564 344 400 962
461 -1219 -359 -563 345 402 963
462 -1221 -357 -561 343 401 963
463 -1220 -360 -559 342 399 959
464 -1224 -358 -566 342 401 959
465 -1224 -361 -565 344 400 959
466 -1219 -360 -562 340 400 961
467 -1221 -357 -561 344 397 960
468 -1222 -357 -561 345 396 959
469 -1217 -357 -563 346 401 959
470 -1221 -359 -559 343 397 960
471 -1222 -357 -561 343 395 955
472 -1222 -361 -564 343 395 956
473 -1220 -357 -564 343 396 957
474 -1221 -360 -564 341 395 958
475 -1221 -360 -564 342 397 954
476 -1219 -357 -565 341 398 960
477 -1216 -359 -565 346 396 960
478 -1214 -360 -569 343 393 954
479 -1218 -362 -566 344 391 960
480 -1218 -358 -565 346 397 961
481 -1219 -357 -564 349 399 961
482 -1217 -354 -563 347 398 962
483 -1218 -355 -564 349 400 962
484 -1218 -356 -560 341 397 959
485 -1222 -357 -561 346 397 962
486 -1223 -361 -563 343 402 962
487 -1222 -358 -565 346 400 963
488 -1219 -359 -560 345 397 961
489 -1221 -360 -563 345 398 961
490 -1223 -359 -562 345 400 962
491 -1220 -354 -562 349 399 960
492 -1220 -355 -560 347 400 960
493 -1223 -356 -559 346 400 960
494 -1222 -355 -563 339 398 958
495 -1222 -359 -564 344 399 962
496 -1219 -353 -563 345 397 960
497 -1217 -357 -562 342 401 960
498 -1216 -356 -564 346 401 960
499 -1215 -356 -564 343 397 960
500 -1215 -358 -563 346 397 963
501 -1213 -356 -561 347 399 963
502 -1215 -354 -562 346 398 964
503 -1210 -357 -563 344 401 964
504 -1219 -354 -564 350 400 962
505 -1215 -353 -562 348 398 962
506 -1216 -353 -561 351 402 965
507 -1216 -354 -559 348 401 962
508 -1218 -358 -559 347 401 964
509 -1219 -359 -560 347 404 965
510 -1215 -356 -560 345 404 963
511 -1218 -357 -560 347 402 960
512 -1221 -356 -558 345 401 960
513 -1220 -354 -559 346 401 962
514 -1218 -355 -559 343 400 962
515 -1221 -357 -561 348 402 960
516 -1218 -354 -561 344 399 955
517 -1220 -357 -562 343 400 960
518 -1218 -355 -562 345 396 962
519 -1217 -357 -562 345 398 961
520 -1215 -357 -564 343 394 957
521 -1219 -359 -566 346 400 960
522 -1213 -355 -563 343 395 961
523 -1212 -353 -563 345 400 965
524 -1214 -355 -562 350 402 965
525 -1213 -355 -561 351 401 962
526 -1214 -353 -562 347 400 967
527 -1215 -354 -559 348 401 965
528 -1217 -357 -559 348 398 962
529 -1219 -361 -560 348 398 961
530 -1218 -352 -557 348 402 963
531 -1215 -356 -557 347 398 961
532 -1219 -357 -559 350 402 964
533 -1219 -354 -557 346 401 964
534 -1221 -356 -558 347 404 960
535 -1219 -354 -560 342 400 962
536 -1221 -356 -560 346 402 962
537 -1219 -357 -558 344 403 960
538 -1219 -357 -560 345 401 960
539 -1215 -356 -564 344 396 960
540 -1219 -357 -564 343 397 960
541 -1217 -359 -564 344 397 959
542 -1221 -359 -563 345 399 961
543 -1218 -356 -564 342 400 963
544 -1212 -356 -562 347 398 963
545 -1215 -353 -565 347 401 962
546 -1212 -353 -560 350 402 966
547 -1213 -355 -563 350 400 965
548 -1217 -355 -559 348 402 965
549 -1216 -355 -557 349 404 965
550 -1215 -353 -560 348 402 965
551 -1220 -357 -562 346 402 963
552 -1217 -356 -557 348 400 963
553 -1216 -359 -562 347 401 965
554 -1219 -354 -561 348 402 961
555 -1221 -356 -560 347 400 963
556 -1219 -358 -563 343 400 958
557 -1223 -355 -562 348 399 961
558 -1221 -355 -561 346 398 959
559 -1221 -356 -559 345 400 958
560 -1219 -360 -562 344 395 955
561 -1217 -362 -565 342 399 962
562 -1219 -360 -561 343 397 958
563 -1217 -358 -564 346 397 962
564 -1219 -358 -567 346 398 958
565 -1214 -354 -567 345 397 960
566 -1215 -356 -566 347 396 963
567 -1214 -358 -563 348 402 959
568 -1213 -357 -563 349 399 965
569 -1220 -359 -563 351 401 963
570 -1220 -356 -562 346 401 963
571 -1218 -355 -560 346 402 962
572 -1220 -356 -564 344 399 961
573 -1220 -355 -558 347 403 961
574 -1223 -359 -558 344 400 963
575 -1223 -356 -561 344 398 960
576 -1223 -360 -560 350 401 961
577 -1221 -357 -560 345 401 964
578 -1223 -356 -562 346 401 964
579 -1219 -357 -562 344 400 962
580 -1219 -352 -560 344 397 958
581 -1221 -357 -563 341 395 958
582 -1224 -362 -564 344 396 960
583 -1218 -357 -567 343 392 959
584 -1216 -357 -563 342 394 960
585 -1219 -356 -564 344 396 957
586 -1220 -358 -567 344 396 961
587 -1215 -358 -565 346 399 962
588 -1215 -357 -565 346 399 961
589 -1215 -360 -567 346 396 964
590 -1215 -355 -560 347 397 962
591 -1216 -356 -562 349 400 964
592 -1221 -356 -560 347 399 963
593 -1218 -357 -560 348 399 961
594 -1223 -360 -560 344 402 958
595 -1220 -358 -560 344 402 961
596 -1221 -357 -558 345 400 964
597 -1219 -358 -559 345 400 960
598 -1222 -354 -561 346 401 961
599 -1224 -358 -560 345 401 961
600 -1221 -356 -561 345 402 958
601 -1220 -359 -560 346 402 961
602 -1220 -357 -561 344 399 963
603 -1224 -361 -563 341 399 959
604 -1220 -356 -562 340 397 957
605 -1216 -359 -566 342 397 958
606 -1219 -359 -564 343 396 960
607 -1216 -358 -563 346 397 959
608 -1217 -359 -565 342 399 960
609 -1216 -355 -565 347 399 963
610 -1212 -353 -563 349 399 963
611 -1216 -356 -563 347 396 962
612 -1217 -357 -563 347 400 963
613 -1218 -355 -563 349 401 961
614 -1215 -356 -559 350 399 963
615 -1220 -356 -561 345 398 961
616 -1219 -355 -562 348 398 961
617 -1221 -355 -563 348 398 958
618 -1222 -356 -560 348 401 965
619 -1223 -357 -559 343 401 965
620 -1223 -359 -561 348 400 957
621 -1222 -357 -559 347 403 960
622 -1222 -356 -560 346 403 962
623 -1219 -355 -557 344 399 962
624 -1222 -359 -559 338 397 962
625 -1222 -359 -564 344 398 955
626 -1221 -359 -560 345 398 956
627 -1219 -360 -563 343 392 956
628 -1221 -362 -564 340 396 956
629 -1218 -361 -563 346 396 958
630 -1219 -356 -566 343 396 958
631 -1216 -355 -563 346 396 961
632 -1214 -356 -566 344 401 964
633 -1213 -358 -565 347 397 961
634 -1215 -357 -561 344 400 966
635 -1216 -354 -562 349 399 960
636 -1215 -353 -559 350 397 964
637 -1220 -358 -563 347 394 962
638 -1218 -356 -562 343 400 961
639 -1221 -356 -563 347 397 960
640 -1219 -355 -559 347 397 963
641 -1219 -360 -563 344 401 964
642 -1221 -359 -561 347 399 958
643 -1226 -355 -559 341 398 959
644 -1223 -357 -560 343 400 959
645 -1222 -359 -561 344 397 959
646 -1224 -361 -561 343 395 957
647 -1223 -359 -562 345 397 959
648 -1224 -359 -564 343 395 955
649 -1220 -361 -564 342 395 956
650 -1220 -360 -563 343 398 959
651 -1217 -356 -567 345 396 962
652 -1216 -358 -566 343 396 961
653 -1215 -361 -564 346 399 957
654 -1215 -363 -565 350 397 961
655 -1213 -360 -566 346 400 964
656 -1217 -360 -562 345 399 962
657 -1217 -358 -564 344 400 962
658 -1223 -356 -564 343 398 961
659 -1222 -357 -563 343 398 960
660 -1219 -355 -561 344 400 958
661 -1220 -357 -563 347 400 961
662 -1222 -358 -563 344 400 958
663 -1223 -359 -566 346 400 962
664 -1221 -358 -559 344 399 960
665 -1225 -362 -564 342 398 959
666 -1222 -357 -564 346 400 959
667 -1223 -360 -564 344 397 959
668 -1224 -357 -560 339 400 954
669 -1221 -362 -567 341 398 957
670 -1220 -357 -564 339 396 959
671 -1219 -358 -563 343 395 961
672 -1217 -358 -564 345 392 960
673 -1215 -357 -567 343 397 957
674 -1217 -358 -566 350 393 961
675 -1216 -356 -565 344 396 960
676 -1216 -360 -564 347 397 965
677 -1217 -355 -564 348 397 960
678 -1215 -357 -562 348 401 965
679 -1218 -355 -562 347 399 964
680 -1225 -357 -560 345 399 960
681 -1220 -357 -562 346 403 964
682 -1221 -357 -564 345 400 961
683 -1219 -355 -558 346 399 965
684 -1222 -359 -562 345 398 961
685 -1220 -360 -561 344 400 959
686 -1224 -355 -564 345 402 960
687 -1220 -359 -559 345 400 961
688 -1221 -358 -564 344 397 956
689 -1220 -356 -565 342 399 961
690 -1219 -358 -566 342 398 958
691 -1217 -354 -562 340 395 960
692 -1218 -358 -566 343 394 957
693 -1215 -357 -562 342 395 959
694 -1217 -361 -565 344 392 959
695 -1215 -355 -566 340 395 961
696 -1215 -359 -567 343 396 965
697 -1215 -356 -561 346 395 962
698 -1215 -358 -568 352 399 964
699 -1213 -353 -560 346 396 963
700 -1218 -358 -563 347 403 961
701 -1216 -356 -560 343 398 960
702 -1220 -360 -565 344 398 957
703 -1222 -359 -563 344 397 959
704 -1223 -357 -562 346 399 960
705 -1224 -359 -562 341 401 962
706 -1225 -362 -563 346 399 960
707 -1222 -360 -564 344 399 956
708 -1223 -357 -559 346 400 961
709 -1224 -359 -560 346 400 956
710 -1226 -356 -558 344 397 958
711 -1222 -360 -561 338 394 954
712 -1224 -362 -567 340 396 959
713 -1218 -358 -565 340 395 956
714 -1222 -359 -566 341 394 956
715 -1220 -356 -561 343 395 957
716 -1220 -360 -568 345 395 957
717 -1214 -357 -566 342 394 956
718 -1218 -356 -565 346 396 960
719 -1215 -358 -564 348 395 960
720 -1217 -356 -565 344 395 962
721 -1222 -358 -565 343 392 961
722 -1219 -358 -566 345 395 960
723 -1218 -353 -560 341 395 959
724 -1223 -360 -565 343 397 963
725 -1224 -359 -565 347 397 963
726 -1221 -359 -561 348 396 961
727 -1223 -357 -561 344 400 960
728 -1224 -356 -562 347 404 962
729 -1221 -358 -562 347 400 962
730 -1220 -357 -559 342 398 957
731 -1224 -358 -561 349 399 958
732 -1224 -354 -561 341 399 958
733 -1223 -355 -557 341 398 958
734 -1221 -358 -563 344 398 960
735 -1222 -360 -566 342 395 959
736 -1226 -359 -566 341 398 959
737 -1216 -361 -567 342 394 956
738 -1218 -358 -563 345 396 959
739 -1217 -355 -567 343 398 957
740 -1215 -358 -566 343 395 960
741 -1217 -357 -567 345 396 957
742 -1214 -353 -560 344 397 964
743 -1219 -357 -563 348 400 965
744 -1218 -358 -560 346 403 965
745 -1218 -359 -565 345 397 962
746 -1218 -354 -565 345 398 963
747 -1220 -359 -565 343 398 959
748 -1219 -357 -566 342 395 958
749 -1222 -357 -566 347 398 960
750 -1221 -357 -565 348 402 961
751 -1220 -354 -561 349 402 961
752 -1220 -355 -561 344 400 963
753 -1219 -356 -562 345 400 957
754 -1221 -356 -560 344 399 956
755 -1223 -360 -563 341 395 956
756 -1220 -362 -566 341 396 959
757 -1220 -356 -566 338 397 955
758 -1220 -360 -564 341 392 956
759 -1219 -358 -565 341 391 954
760 -1219 -357 -568 341 393 956
761 -1218 -357 -567 344 397 961
762 -1215 -359 -564 346 400 963
763 -1217 -360 -562 348 401 966
764 -1216 -353 -565 348 399 960
765 -1217 -356 -563 347 399 960
766 -1218 -357 -567 341 397 963
767 -1221 -359 -566 345 398 962
768 -1219 -359 -565 342 401 959
769 -1219 -358 -560 347 397 961
770 -1220 -359 -561 347 397 960
771 -1221 -359 -562 348 397 961
772 -1216 -356 -564 343 400 960
773 -1216 -356 -561 351 402 961
774 -1216 -356 -557 348 398 962
775 -1221 -354 -561 343 400 960
776 -1217 -358 -557 345 395 960
777 -1222 -360 -562 344 400 959
778 -1221 -357 -564 340 398 958
779 -1220 -359 -564 340 395 957
780 -1217 -362 -565 340 399 957
781 -1215 -357 -565 345 396 960
782 -1215 -353 -565 343 393 962
783 -1213 -357 -567 342 397 960
784 -1216 -356 -564 346 398 964
785 -1215 -353 -563 349 400 964
786 -1218 -358 -562 344 401 964
787 -1216 -354 -558 346 401 962
788 -1219 -354 -562 348 402 965
789 -1221 -356 -560 344 401 963
790 -1222 -360 -566 344 398 960
791 -1219 -355 -561 343 405 960
792 -1221 -359 -561 349 400 966
793 -1218 -358 -562 346 398 963
794 -1218 -357 -558 348 401 957
795 -1222 -358 -565 341 399 961
796 -1221 -357 -564 348 399 961
797 -1222 -359 -562 347 402 962
798 -1222 -358 -563 343 396 954
799 -1224 -357 -563 343 400 962
800 -1219 -358 -559 341 397 957
801 -1221 -361 -564 343 398 957
802 -1219 -360 -566 342 395 958
803 -1218 -360 -567 344 394 957
804 -1217 -357 -566 346 398 962
805 -1215 -357 -565 345 395 963
806 -1218 -357 -565 348 398 964
807 -1217 -359 -563 343 396 960
808 -1218 -359 -565 346 397 961
809 -1217 -357 -566 347 399 965
810 -1219 -359 -559 346 396 959
811 -1222 -358 -561 342 397 961
812 -1222 -355 -562 345 396 961
813 -1218 -356 -562 343 402 960
814 -1219 -357 -559 347 402 962
815 -1221 -355 -559 347 397 962
816 -1221 -355 -562 343 398 961
817 -1221 -357 -559 343 398 961
818 -1220 -360 -561 346 400 959
819 -1223 -360 -564 345 400 959
820 -1225 -361 -565 344 399 957
821 -1220 -361 -562 342 398 957
822 -1220 -355 -565 341 397 958
823 -1222 -357 -563 341 395 956
824 -1217 -354 -566 341 395 958
825 -1216 -355 -565 347 398 960
826 -1218 -356 -564 344 399 962
827 -1217 -356 -567 346 397 959
828 -1217 -355 -565 349 399 963
829 -1213 -355 -563 346 399 963
830 -1215 -359 -563 344 399 962
831 -1219 -357 -562 345 397 964
832 -1222 -358 -565 346 396 960
833 -1217 -357 -562 344 398 963
834 -1222 -356 -565 347 397 959
835 -1223 -359 -561 345 397 962
836 -1221 -358 -560 345 399 960
837 -1222 -358 -560 347 399 960
838 -1220 -358 -563 347 397 960
839 -1217 -360 -561 347 402 962
840 -1221 -359 -560 350 402 958
841 -1219 -355 -560 345 401 959
842 -1226 -357 -562 346 400 958
843 -1220 -358 -563 348 401 961
844 -1219 -358 -563 342 400 956
845 -1219 -359 -566 344 397 960
846 -1219 -361 -563 347 399 960
847 -1219 -355 -566 343 400 959
848 -1220 -362 -565 345 398 959
849 -1217 -359 -563 345 397 959
850 -1218 -355 -566 346 399 964
851 -1219 -355 -562 347 398 962
852 -1219 -360 -565 349 398 962
853 -1216 -356 -561 349 397 958
854 -1220 -358 -562 346 395 962
855 -1219 -356 -564 344 396 962
856 -1221 -357 -565 345 395 961
857 -1221 -362 -565 345 394 956
858 -1220 -362 -560 343 395 960
859 -1222 -358 -564 339 397 958
860 -1221 -359 -568 343 395 957
861 -1220 -358 -566 341 396 956
862 -1222 -357 -565 345 400 957
863 -1219 -359 -563 340 394 958
864 -1226 -361 -563 340 399 953
865 -1222 -360 -568 342 398 955
866 -1225 -361 -566 344 393 959
867 -1219 -362 -568 345 397 959
868 -1218 -357 -567 343 401 957
869 -1216 -361 -567 342 397 961
870 -1220 -358 -566 345 396 957
871 -1218 -361 -566 342 396 959
872 -1219 -359 -567 346 397 964
873 -1221 -360 -565 345 398 962
874 -1220 -360 -564 348 398 961
875 -1216 -358 -564 342 396 961
876 -1219 -355 -565 345 393 961
877 -1221 -358 -565 343 393 962
878 -1218 -362 -568 345 396 961
879 -1219 -358 -563 345 395 958
880 -1220 -357 -562 344 398 960
881 -1222 -356 -562 344 400 959
882 -1218 -356 -561 344 399 960
883 -1222 -356 -563 342 400 960
884 -1220 -360 -563 339 397 958
885 -1225 -360 -564 342 398 959
886 -1221 -357 -566 338 398 958
887 -1222 -358 -566 344 399 958
888 -1220 -361 -562 340 395 957
889 -1221 -355 -566 341 394 960
890 -1218 -361 -568 344 395 961
891 -1219 -361 -566 343 397 957
892 -1220 -363 -568 345 395 961
893 -1221 -359 -565 340 398 962
894 -1216 -358 -563 344 398 961
895 -1217 -357 -563 345 400 961
896 -1220 -358 -563 342 401 963
897 -1219 -356 -560 343 397 964
898 -1218 -359 -565 344 398 961
899 -1220 -355 -560 345 399 963
900 -1220 -356 -559 348 399 962
901 -1221 -358 -562 344 396 959
902 -1219 -356 -560 345 399 960
903 -1220 -359 -561 344 398 961
904 -1219 -359 -564 344 401 961
905 -1220 -355 -561 343 400 961
906 -1218 -358 -561 338 398 958
907 -1221 -361 -566 341 396 955
908 -1222 -359 -564 339 398 954
909 -1218 -355 -564 341 392 957
910 -1219 -360 -564 343 398 960
911 -1218 -358 -564 344 397 957
912 -1218 -360 -563 345 397 961
913 -1220 -357 -562 345 398 962
914 -1216 -355 -563 348 403 966
915 -1218 -353 -564 348 398 964
916 -1218 -358 -561 347 401 965
917 -1217 -355 -560 347 402 964
918 -1218 -354 -558 346 398 962
919 -1220 -357 -561 346 398 961
920 -1220 -358 -560 348 400 963
921 -1217 -356 -559 345 400 963
922 -1217 -356 -559 346 395 960
923 -1219 -357 -565 347 399 962
924 -1221 -356 -560 346 399 961
925 -1224 -356 -562 343 397 959
926 -1219 -356 -560 344 396 962
927 -1221 -361 -563 345 398 961
928 -1221 -358 -560 345 398 955
929 -1221 -359 -566 345 401 957
930 -1223 -361 -561 342 400 957
931 -1220 -357 -562 342 394 958
932 -1217 -356 -563 342 397 958
933 -1222 -358 -564 342 401 960
934 -1223 -356 -563 342 396 959
935 -1217 -359 -566 349 399 962
936 -1215 -358 -566 346 399 961
937 -1215 -355 -564 345 400 965
938 -1222 -355 -562 345 400 961
939 -1220 -357 -561 346 401 965
940 -1217 -353 -560 345 397 962
941 -1219 -357 -561 344 399 959
942 -1217 -355 -566 347 395 963
943 -1217 -357 -560 344 397 961
944 -1219 -359 -562 344 397 962
945 -1218 -355 -561 342 396 962
946 -1218 -357 -560 345 397 960
947 -1221 -355 -561 344 397 960
948 -1220 -360 -564 343 401 958
949 -1222 -355 -560 346 398 960
950 -1222 -358 -563 343 398 957
951 -1221 -357 -564 342 400 956
952 -1223 -358 -565 342 397 957
953 -1225 -360 -563 345 398 961
954 -1220 -356 -564 344 399 956
955 -1220 -359 -568 343 396 957
956 -1219 -358 -565 342 397 958
957 -1216 -358 -567 343 400 961
958 -1217 -354 -567 347 401 962
959 -1215 -354 -564 349 403 963
960 -1217 -355 -565 344 399 962
961 -1220 -358 -565 348 397 959
962 -1220 -355 -561 347 398 963
963 -1218 -357 -562 346 397 959
964 -1223 -359 -559 348 399 959
965 -1223 -356 -561 345 398 965
966 -1217 -356 -558 346 396 961
967 -1218 -355 -560 344 396 958
968 -1219 -357 -564 346 401 962
969 -1220 -357 -560 343 396 961
970 -1221 -353 -560 347 399 959
971 -1220 -355 -561 347 401 962
972 -1226 -355 -562 339 392 958
973 -1221 -357 -560 342 394 957
974 -1219 -360 -562 346 398 960
975 -1220 -359 -567 347 400 959
976 -1220 -358 -565 348 398 956
977 -1217 -357 -562 344 402 961
978 -1218 -360 -565 347 400 960
979 -1219 -357 -561 348 398 959
980 -1215 -357 -564 346 402 963
981 -1219 -355 -560 346 400 961
982 -1220 -356 -563 350 401 963
983 -1216 -359 -564 345 399 963
984 -1219 -356 -561 346 400 962
985 -1220 -358 -563 346 396 961
986 -1219 -357 -561 346 400 961
987 -1219 -355 -562 342 400 962
988 -1220 -356 -560 347 398 962
989 -1218 -355 -565 343 394 963
990 -1220 -358 -561 342 401 962
991 -1224 -354 -562 343 398 963
992 -1219 -357 -561 343 401 961
993 -1221 -356 -563 340 395 962
994 -1219 -359 -560 344 395 961
995 -1219 -358 -563 344 398 958
996 -1219 -357 -561 344 398 962
997 -1217 -359 -563 349 395 960
998 -1217 -356 -564 344 398 961
999 -1218 -355 -563 344 399 959
0 -5251 -605 -893 -3876 -3249 1222
1 -5252 -603 -894 -3875 -3248 1220
2 -5257 -607 -893 -3877 -3247 1220
3 -5258 -596 -895 -3872 -3249 1222
4 -5259 -599 -890 -3873 -3247 1219
5 -5260 -598 -890 -3872 -3251 1223
6 -5264 -599 -890 -3872 -3247 1223
7 -5260 -601 -892 -3869 -3249 1225
8 -5264 -598 -890 -3865 -3245 1226
9 -5267 -599 -890 -3863 -3246 1224
10 -5270 -600 -889 -3859 -3246 1223
11 -5270 -594 -890 -3860 -3245 1224
12 -5276 -602 -891 -3857 -3242 1221
13 -5281 -596 -891 -3855 -3242 1220
14 -5284 -601 -892 -3854 -3242 1215
15 -5287 -607 -893 -3848 -3242 1212
16 -5285 -604 -891 -3842 -3242 1213
17 -5295 -609 -892 -3842 -3243 1209
18 -5298 -607 -892 -3837 -3244 1209
19 -5302 -607 -896 -3834 -3246 1206
20 -5314 -610 -895 -3830 -3246 1206
21 -5312 -607 -895 -3827 -3247 1205
22 -5317 -610 -893 -3824 -3251 1206
23 -5323 -608 -894 -3826 -3251 1204
24 -5324 -609 -897 -3822 -3259 1201
25 -5325 -605 -895 -3814 -3257 1206
26 -5326 -608 -895 -3816 -3258 1205
27 -5322 -604 -890 -3813 -3257 1207
28 -5323 -606 -889 -3812 -3262 1209
29 -5322 -603 -888 -3807 -3263 1211
30 -5314 -600 -887 -3802 -3263 1217
31 -5312 -597 -882 -3804 -3259 1216
32 -5307 -592 -880 -3802 -3263 1222
33 -5306 -594 -878 -3806 -3261 1224
34 -5295 -593 -881 -3809 -3263 1224
35 -5295 -594 -875 -3808 -3264 1221
36 -5293 -590 -881 -3815 -3261 1223
37 -5294 -593 -880 -3823 -3258 1222
38 -5291 -594 -881 -3819 -3259 1219
39 -5283 -593 -883 -3825 -3257 1220
40 -5281 -596 -884 -3830 -3256 1220
41 -5283 -597 -887 -3832 -3253 1217
42 -5276 -599 -888 -3836 -3252 1216
43 -5273 -598 -891 -3841 -3252 1218
44 -5274 -603 -888 -3847 -3250 1212
45 -5275 -607 -895 -3858 -3249 1209
46 -5272 -609 -898 -3861 -3244 1214
47 -5267 -607 -898 -3867 -3242 1212
48 -5264 -608 -901 -3869 -3243 1212
49 -5257 -606 -903 -3875 -3239 1215
50 -5254 -607 -901 -3880 -3236 1212
51 -5251 -609 -898 -3883 -3235 1214
52 -5249 -604 -900 -3883 -3233 1217
53 -5245 -604 -898 -3887 -3234 1218
54 -5238 -601 -898 -3890 -3232 1226
55 -5241 -602 -894 -3887 -3227 1227
56 -5238 -598 -889 -3888 -3229 1227
57 -5236 -601 -891 -3890 -3229 1223
58 -5239 -598 -890 -3894 -3231 1228
59 -5241 -598 -890 -3890 -3231 1227
60 -5244 -597 -888 -3893 -3229 1227
61 -5245 -596 -887 -3890 -3231 1228
62 -5248 -596 -889 -3893 -3231 1225
63 -5249 -597 -889 -3888 -3233 1228
64 -5253 -596 -888 -3887 -3234 1227
65 -5262 -599 -890 -3885 -3231 1223
66 -5264 -601 -890 -3885 -3235 1223
67 -5273 -600 -890 -3882 -3240 1218
68 -5272 -607 -897 -3879 -3239 1217
69 -5271 -604 -893 -3876 -3243 1219
70 -5277 -605 -898 -3871 -3247 1216
71 -5278 -608 -898 -3869 -3247 1212
72 -5278 -607 -903 -3866 -3253 1215
73 -5280 -607 -901 -3864 -3250 1216
74 -5277 -607 -904 -3860 -3254 1215
75 -5273 -609 -902 -3858 -3257 1213
76 -5272 -609 -901 -3858 -3257 1214
77 -5269 -605 -899 -3850 -3258 1216
78 -5267 -607 -896 -3854 -3260 1215
79 -5266 -606 -898 -3847 -3263 1215
80 -5261 -606 -896 -3848 -3267 1217
81 -5266 -603 -894 -3852 -3268 1219
82 -5259 -601 -897 -3847 -3269 1219
83 -5259 -599 -890 -3849 -3271 1223
84 -5258 -599 -892 -3846 -3275 1222
85 -5258 -596 -886 -3850 -3272 1224
86 -5259 -598 -887 -3848 -3275 1226
87 -5260 -597 -886 -3849 -3274 1223
88 -5257 -598 -887 -3852 -3274 1225
89 -5258 -595 -885 -3851 -3273 1223
90 -5261 -594 -887 -3851 -3275 1224
91 -5258 -594 -889 -3852 -3275 1225
92 -5262 -595 -890 -3851 -3273 1223
93 -5262 -595 -890 -3855 -3273 1224
94 -5264 -593 -894 -3853 -3270 1222
95 -5264 -600 -894 -3854 -3269 1223
96 -5262 -599 -896 -3855 -3264 1223
97 -5258 -598 -894 -3855 -3260 1223
98 -5262 -599 -893 -3859 -3259 1221
99 -5261 -602 -894 -3857 -3251 1218
100 -5261 -601 -894 -3865 -3252 1212
101 -5265 -608 -896 -3860 -3247 1213
102 -5267 -607 -899 -3856 -3246 1212
103 -5268 -609 -896 -3854 -3239 1217
104 -5267 -606 -893 -3854 -3239 1211
105 -5274 -605 -900 -3855 -3237 1212
106 -5276 -606 -897 -3850 -3236 1210
107 -5283 -604 -893 -3848 -3237 1211
108 -5286 -605 -891 -3846 -3237 1213
109 -5291 -604 -888 -3845 -3234 1213
110 -5294 -602 -887 -3849 -3241 1210
111 -5302 -606 -889 -3838 -3236 1214
112 -5303 -602 -889 -3839 -3236 1212
113 -5307 -601 -885 -3834 -3234 1214
114 -5307 -605 -888 -3833 -3232 1215
115 -5311 -603 -885 -3831 -3233 1217
116 -5314 -600 -883 -3829 -3237 1216
117 -5314 -600 -884 -3823 -3235 1214
118 -5317 -602 -884 -3824 -3235 1217
119 -5316 -601 -885 -3821 -3237 1217
120 -5318 -604 -888 -3820 -3236 1216
121 -5315 -599 -883 -3818 -3237 1210
122 -5318 -603 -885 -3822 -3239 1212
123 -5317 -602 -890 -3820 -3237 1212
124 -5312 -604 -886 -3823 -3236 1212
125 -5311 -606 -885 -3823 -3239 1209
126 -5306 -605 -890 -3824 -3242 1209
127 -5308 -605 -888 -3824 -3242 1206
128 -5308 -610 -890 -3827 -3242 1208
129 -5306 -607 -894 -3823 -3242 1211
130 -5306 -605 -890 -3825 -3247 1205
131 -5305 -608 -894 -3828 -3246 1206
132 -5308 -607 -896 -3833 -3252 1207
133 -5301 -606 -898 -3829 -3250 1206
134 -5296 -603 -894 -3833 -3254 1207
135 -5296 -606 -892 -3832 -3259 1208
136 -5289 -604 -894 -3833 -3258 1212
137 -5287 -604 -893 -3834 -3258 1213
138 -5286 -603 -893 -3830 -3256 1217
139 -5278 -600 -893 -3833 -3261 1220
140 -5275 -598 -888 -3833 -3259 1225
141 -5277 -591 -885 -3836 -3261 1227
142 -5273 -590 -886 -3838 -3265 1227
143 -5270 -597 -887 -3841 -3264 1226
144 -5269 -594 -888 -3844 -3264 1227
145 -5268 -595 -886 -3852 -3267 1226
146 -5260 -593 -884 -3856 -3263 1226
147 -5262 -594 -885 -3859 -3265 1226
148 -5257 -598 -888 -3860 -3266 1226
149 -5257 -598 -888 -3860 -3259 1224
150 -5253 -599 -891 -3865 -3258 1222
151 -5253 -600 -891 -3870 -3261 1227
152 -5251 -601 -893 -3868 -3257 1221
153 -5251 -602 -894 -3872 -3259 1220
154 -5244 -602 -902 -3878 -3256 1219
155 -5245 -605 -900 -3883 -3259 1218
156 -5243 -606 -905 -3884 -3259 1215
157 -5245 -607 -902 -3889 -3256 1220
158 -5240 -606 -907 -3890 -3257 1216
159 -5235 -609 -909 -3890 -3257 1222
160 -5232 -606 -903 -3891 -3254 1220
161 -5233 -606 -909 -3895 -3253 1222
162 -5229 -603 -904 -3891 -3250 1226
163 -5224 -604 -898 -3894 -3248 1224
164 -5229 -602 -899 -3897 -3247 1226
165 -5223 -604 -894 -3900 -3251 1226
166 -5227 -601 -899 -3898 -3249 1227
167 -5228 -601 -896 -3898 -3247 1227
168 -5229 -600 -892 -3901 -3249 1227
169 -5228 -600 -895 -3901 -3251 1231
170 -5229 -597 -894 -3900 -3244 1231
171 -5233 -600 -891 -3898 -3246 1231
172 -5237 -598 -891 -3901 -3246 1228
173 -5238 -600 -896 -3898 -3247 1224
174 -5243 -595 -891 -3893 -3244 1226
175 -5245 -598 -890 -3895 -3245 1220
176 -5250 -601 -895 -3890 -3246 1221
177 -5253 -603 -896 -3889 -3249 1223
178 -5256 -602 -897 -3885 -3249 1219
179 -5261 -602 -897 -3882 -3248 1216
180 -5263 -604 -904 -3880 -3251 1216
181 -5264 -604 -899 -3876 -3250 1214
182 -5268 -609 -901 -3872 -3252 1214
183 -5270 -607 -902 -3867 -3250 1214
184 -5277 -610 -902 -3860 -3248 1214
185 -5277 -605 -899 -3856 -3252 1213
186 -5278 -606 -897 -3847 -3251 1212
187 -5282 -609 -898 -3846 -3250 1213
188 -5287 -607 -893 -3837 -3258 1208
189 -5288 -605 -894 -3831 -3258 1212
190 -5292 -608 -893 -3828 -3257 1210
191 -5294 -600 -890 -3819 -3262 1211
192 -5296 -601 -888 -3817 -3265 1213
193 -5303 -600 -888 -3812 -3262 1215
194 -5305 -599 -883 -3805 -3271 1211
195 -5309 -594 -884 -3802 -3269 1213
196 -5309 -598 -882 -3798 -3270 1213
197 -5314 -596 -883 -3797 -3270 1215
198 -5319 -600 -882 -3792 -3272 1213
199 -5320 -598 -880 -3788 -3275 1215
200 -5319 -599 -884 -3794 -3272 1213
201 -5321 -597 -883 -3789 -3276 1212
202 -5324 -600 -886 -3786 -3273 1215
203 -5323 -596 -884 -3791 -3273 1212
204 -5319 -596 -887 -3791 -3267 1212
205 -5317 -601 -889 -3794 -3268 1213
206 -5314 -597 -885 -3795 -3262 1210
207 -5313 -605 -887 -3800 -3259 1214
208 -5307 -602 -888 -3802 -3256 1211
209 -5309 -607 -889 -3812 -3251 1208
210 -5303 -608 -892 -3813 -3252 1205
211 -5301 -609 -890 -3821 -3247 1204
212 -5299 -610 -895 -3824 -3244 1208
213 -5294 -609 -895 -3829 -3240 1207
214 -5291 -610 -895 -3832 -3237 1208
215 -5287 -605 -893 -3841 -3234 1209
216 -5282 -608 -896 -3845 -3236 1209
217 -5282 -609 -892 -3845 -3230 1211
218 -5279 -602 -888 -3852 -3225 1211
219 -5279 -607 -888 -3858 -3231 1209
220 -5276 -603 -888 -3859 -3224 1211
221 -5276 -600 -888 -3859 -3227 1218
222 -5275 -600 -890 -3863 -3226 1217
223 -5275 -600 -888 -3864 -3225 1218
224 -5280 -600 -887 -3870 -3224 1220
225 -5282 -599 -888 -3870 -3225 1221
226 -5281 -601 -888 -3871 -3223 1220
227 -5285 -603 -888 -3866 -3222 1226
228 -5285 -600 -883 -3865 -3223 1223
229 -5286 -596 -883 -3866 -3221 1226
230 -5292 -597 -885 -3869 -3223 1219
231 -5292 -602 -890 -3870 -3225 1218
232 -5295 -601 -885 -3870 -3227 1219
233 -5291 -602 -887 -3866 -3230 1215
234 -5286 -604 -893 -3870 -3229 1215
235 -5292 -606 -892 -3869 -3231 1215
236 -5293 -608 -892 -3867 -3235 1213
237 -5290 -609 -895 -3869 -3233 1215
238 -5289 -608 -896 -3869 -3238 1212
239 -5285 -609 -896 -3867 -3238 1213
240 -5285 -608 -897 -3868 -3241 1209
241 -5284 -612 -898 -3865 -3242 1209
242 -5282 -608 -903 -3865 -3250 1211
243 -5276 -609 -901 -3862 -3253 1212
244 -5273 -608 -900 -3863 -3259 1212
245 -5272 -607 -902 -3859 -3260 1216
246 -5267 -609 -899 -3861 -3262 1220
247 -5263 -602 -896 -3859 -3266 1217
248 -5257 -602 -896 -3857 -3269 1221
249 -5254 -603 -893 -3857 -3272 1225
250 -5249 -597 -888 -3862 -3274 1226
251 -5248 -595 -892 -3861 -3275 1228
252 -5245 -596 -892 -3865 -3279 1229
253 -5239 -596 -890 -3863 -3279 1232
254 -5235 -595 -889 -3865 -3280 1232
255 -5232 -595 -891 -3867 -3279 1230
256 -5228 -598 -888 -3868 -3280 1229
257 -5222 -593 -890 -3872 -3279 1232
258 -5218 -595 -890 -3873 -3281 1232
259 -5216 -591 -889 -3876 -3278 1229
260 -5217 -595 -891 -3871 -3274 1232
261 -5215 -598 -895 -3879 -3277 1230
262 -5217 -600 -897 -3885 -3278 1221
263 -5217 -604 -899 -3885 -3273 1226
264 -5216 -603 -903 -3883 -3272 1222
265 -5216 -603 -905 -3884 -3273 1219
266 -5216 -602 -907 -3889 -3272 1220
267 -5222 -603 -905 -3884 -3267 1222
268 -5222 -602 -906 -3888 -3263 1219
269 -5225 -606 -909 -3887 -3263 1223
270 -5227 -606 -904 -3891 -3263 1221
271 -5225 -601 -902 -3880 -3255 1223
272 -5233 -603 -901 -3878 -3258 1226
273 -5235 -602 -897 -3877 -3258 1224
274 -5238 -603 -896 -3876 -3256 1222
275 -5239 -603 -897 -3877 -3253 1224
276 -5246 -597 -894 -3873 -3252 1219
277 -5249 -596 -893 -3867 -3254 1226
278 -5256 -593 -891 -3867 -3254 1224
279 -5258 -599 -891 -3863 -3250 1225
280 -5262 -593 -885 -3860 -3245 1225
281 -5266 -599 -885 -3855 -3247 1225
282 -5275 -597 -883 -3853 -3247 1225
283 -5275 -597 -883 -3848 -3246 1217
284 -5286 -601 -888 -3850 -3248 1217
285 -5288 -601 -893 -3845 -3244 1214
286 -5296 -605 -886 -3840 -3244 1210
287 -5297 -605 -892 -3836 -3245 1214
288 -5300 -602 -890 -3836 -3241 1212
289 -5301 -604 -895 -3829 -3242 1209
290 -5311 -608 -894 -3831 -3241 1210
291 -5316 -606 -896 -3825 -3240 1208
292 -5315 -609 -894 -3820 -3238 1207
293 -5319 -606 -893 -3820 -3242 1204
294 -5320 -611 -894 -3816 -3237 1204
295 -5323 -609 -889 -3820 -3234 1205
296 -5323 -609 -889 -3815 -3237 1201
297 -5322 -611 -891 -3817 -3237 1207
298 -5324 -612 -890 -3813 -3238 1205
299 -5326 -607 -891 -3816 -3235 1205
300 -5320 -605 -886 -3815 -3237 1207
301 -5324 -605 -887 -3813 -3236 1210
302 -5320 -599 -882 -3817 -3241 1215
303 -5319 -604 -880 -3813 -3237 1214
304 -5312 -598 -880 -3813 -3237 1212
305 -5317 -597 -875 -3824 -3240 1214
306 -5312 -597 -882 -3819 -3240 1213
307 -5312 -596 -878 -3820 -3239 1213
308 -5309 -598 -884 -3821 -3241 1216
309 -5307 -597 -883 -3822 -3243 1219
310 -5305 -598 -886 -3819 -3242 1215
311 -5304 -596 -881 -3824 -3241 1217
312 -5305 -599 -888 -3825 -3241 1216
313 -5301 -602 -888 -3825 -3244 1216
314 -5303 -598 -886 -3828 -3242 1217
315 -5305 -601 -887 -3827 -3238 1213
316 -5302 -600 -888 -3828 -3237 1212
317 -5302 -606 -888 -3831 -3237 1209
318 -5302 -606 -890 -3836 -3234 1210
319 -5300 -606 -894 -3840 -3235 1213
320 -5300 -607 -895 -3840 -3236 1209
321 -5294 -608 -893 -3840 -3236 1209
322 -5295 -611 -893 -3843 -3233 1209
323 -5293 -610 -892 -3849 -3233 1210
324 -5290 -608 -892 -3851 -3234 1209
325 -5288 -609 -894 -3854 -3233 1211
326 -5286 -605 -893 -3856 -3235 1211
327 -5286 -606 -892 -3862 -3236 1209
328 -5286 -601 -894 -3860 -3237 1214
329 -5280 -604 -892 -3863 -3238 1216
330 -5276 -602 -890 -3864 -3238 1217
331 -5274 -598 -888 -3866 -3241 1224
332 -5275 -600 -890 -3868 -3241 1226
333 -5271 -597 -892 -3869 -3241 1227
334 -5268 -599 -888 -3867 -3243 1229
335 -5268 -595 -888 -3867 -3245 1230
336 -5263 -592 -888 -3877 -3244 1231
337 -5265 -598 -888 -3875 -3245 1228
338 -5261 -594 -886 -3878 -3245 1228
339 -5257 -599 -891 -3883 -3245 1225
340 -5256 -603 -890 -3881 -3246 1226
341 -5254 -601 -893 -3885 -3250 1227
342 -5252 -604 -895 -3887 -3252 1224
343 -5247 -605 -899 -3891 -3254 1223
344 -5243 -606 -896 -3892 -3253 1219
345 -5238 -605 -901 -3893 -3252 1219
346 -5237 -606 -902 -3894 -3255 1217
347 -5234 -607 -904 -3898 -3257 1219
348 -5234 -608 -905 -3896 -3257 1218
349 -5230 -608 -903 -3898 -3263 1215
350 -5232 -610 -908 -3898 -3260 1216
351 -5229 -609 -908 -3903 -3261 1215
352 -5224 -607 -909 -3895 -3262 1220
353 -5222 -606 -905 -3897 -3264 1222
354 -5219 -604 -907 -3892 -3269 1224
355 -5222 -607 -909 -3892 -3275 1224
356 -5220 -602 -902 -3890 -3273 1228
357 -5222 -597 -904 -3887 -3274 1230
358 -5220 -596 -897 -3884 -3279 1231
359 -5225 -595 -898 -3883 -3279 1235
360 -5222 -591 -894 -3879 -3278 1234
361 -5229 -589 -891 -3878 -3282 1234
362 -5228 -590 -891 -3875 -3289 1234
363 -5228 -592 -887 -3872 -3280 1238
364 -5226 -588 -887 -3869 -3282 1236
365 -5231 -591 -888 -3865 -3286 1231
366 -5227 -592 -889 -3861 -3286 1234
367 -5230 -588 -886 -3856 -3283 1232
368 -5234 -595 -894 -3859 -3283 1227
369 -5235 -596 -889 -3856 -3288 1225
370 -5237 -595 -891 -3854 -3281 1222
371 -5242 -601 -899 -3851 -3283 1218
372 -5241 -603 -897 -3850 -3280 1218
373 -5244 -607 -899 -3851 -3281 1216
374 -5245 -607 -904 -3849 -3274 1211
375 -5252 -608 -903 -3839 -3279 1210
376 -5256 -604 -904 -3842 -3269 1208
377 -5258 -607 -907 -3841 -3269 1207
378 -5265 -613 -908 -3838 -3263 1205
379 -5267 -610 -906 -3835 -3261 1209
380 -5273 -612 -905 -3828 -3256 1209
381 -5278 -609 -903 -3833 -3256 1210
382 -5283 -607 -899 -3831 -3253 1209
383 -5292 -606 -896 -3829 -3249 1214
384 -5294 -605 -889 -3828 -3247 1215
385 -5294 -600 -888 -3823 -3239 1216
386 -5301 -600 -881 -3823 -3239 1216
387 -5303 -594 -883 -3824 -3236 1216
388 -5311 -598 -878 -3822 -3235 1219
389 -5314 -593 -877 -3821 -3232 1218
390 -5319 -596 -877 -3821 -3230 1218
391 -5324 -595 -871 -3819 -3227 1218
392 -5328 -595 -872 -3818 -3225 1214
393 -5328 -596 -877 -3818 -3219 1218
394 -5334 -596 -873 -3821 -3218 1212
395 -5338 -598 -877 -3824 -3215 1212
396 -5341 -600 -882 -3822 -3219 1209
397 -5349 -606 -883 -3821 -3212 1207
398 -5346 -608 -882 -3823 -3211 1205
399 -5350 -604 -886 -3819 -3210 1200
400 -5354 -606 -887 -3820 -3206 1206
401 -5355 -609 -889 -3824 -3206 1201
402 -5357 -615 -889 -3824 -3203 1196
403 -5358 -616 -891 -3824 -3206 1198
404 -5356 -615 -892 -3824 -3209 1190
405 -5356 -619 -894 -3826 -3208 1193
406 -5357 -618 -893 -3827 -3210 1197
407 -5352 -617 -894 -3826 -3211 1195
408 -5349 -613 -890 -3826 -3214 1200
409 -5346 -609 -892 -3828 -3214 1200
410 -5339 -611 -888 -3828 -3219 1201
411 -5336 -608 -889 -3826 -3219 1205
412 -5331 -608 -883 -3832 -3223 1209
413 -5328 -604 -886 -3837 -3229 1208
414 -5320 -605 -883 -3835 -3234 1212
415 -5315 -606 -881 -3838 -3238 1216
416 -5309 -600 -883 -3835 -3244 1217
417 -5302 -597 -880 -3835 -3248 1218
418 -5302 -598 -883 -3839 -3249 1222
419 -5293 -594 -881 -3839 -3251 1225
420 -5287 -597 -883 -3844 -3256 1225
421 -5282 -594 -881 -3845 -3258 1227
422 -5280 -593 -884 -3846 -3259 1227
423 -5270 -592 -881 -3850 -3260 1224
424 -5267 -593 -891 -3853 -3261 1225
425 -5262 -594 -891 -3857 -3267 1226
426 -5256 -600 -892 -3863 -3266 1223
427 -5251 -600 -894 -3868 -3270 1220
428 -5245 -608 -898 -3867 -3270 1218
429 -5235 -605 -903 -3873 -3271 1217
430 -5230 -606 -904 -3873 -3273 1217
431 -5224 -613 -907 -3886 -3274 1215
432 -5221 -610 -911 -3884 -3276 1215
433 -5219 -609 -913 -3887 -3274 1216
434 -5208 -608 -910 -3891 -3278 1214
435 -5204 -610 -914 -3892 -3278 1218
436 -5205 -609 -910 -3896 -3281 1218
437 -5198 -606 -908 -3895 -3283 1220
438 -5203 -607 -912 -3894 -3283 1223
439 -5198 -604 -909 -3893 -3285 1227
440 -5198 -600 -906 -3898 -3288 1225
441 -5200 -600 -905 -3895 -3286 1230
442 -5196 -597 -905 -3894 -3286 1236
443 -5202 -593 -903 -3891 -3288 1233
444 -5202 -594 -896 -3889 -3285 1238
445 -5202 -590 -892 -3886 -3285 1235
446 -5209 -589 -892 -3885 -3283 1244
447 -5209 -588 -888 -3890 -3289 1239
448 -5217 -588 -889 -3887 -3286 1240
449 -5219 -589 -888 -3885 -3282 1236
450 -5226 -591 -887 -3881 -3280 1235
451 -5226 -592 -891 -3880 -3276 1236
452 -5229 -594 -895 -3878 -3276 1229
453 -5232 -594 -892 -3875 -3276 1226
454 -5237 -598 -895 -3875 -3272 1230
455 -5237 -600 -894 -3875 -3269 1224
456 -5247 -603 -898 -3873 -3266 1219
457 -5250 -606 -904 -3877 -3267 1214
458 -5253 -609 -908 -3872 -3263 1211
459 -5257 -610 -906 -3873 -3262 1206
460 -5259 -613 -908 -3866 -3258 1206
461 -5261 -617 -910 -3865 -3259 1205
462 -5267 -615 -915 -3859 -3257 1203
463 -5268 -613 -908 -3860 -3256 1204
464 -5269 -614 -909 -3857 -3253 1210
465 -5271 -613 -906 -3851 -3249 1209
466 -5277 -612 -905 -3849 -3247 1213
467 -5284 -609 -900 -3845 -3246 1213
468 -5285 -602 -897 -3843 -3244 1215
469 -5287 -603 -892 -3845 -3245 1217
470 -5290 -604 -891 -3842 -3241 1217
471 -5291 -601 -888 -3839 -3243 1218
472 -5295 -596 -882 -3840 -3238 1219
473 -5297 -597 -881 -3837 -3240 1221
474 -5299 -598 -880 -3833 -3240 1222
475 -5302 -596 -877 -3833 -3235 1220
476 -5304 -597 -877 -3835 -3238 1223
477 -5313 -598 -875 -3832 -3233 1218
478 -5308 -594 -879 -3829 -3230 1219
479 -5315 -592 -878 -3831 -3234 1218
480 -5321 -599 -882 -3833 -3233 1215
481 -5320 -601 -882 -3831 -3228 1208
482 -5325 -605 -886 -3832 -3229 1210
483 -5328 -607 -888 -3833 -3230 1206
484 -5325 -607 -893 -3833 -3229 1199
485 -5330 -612 -894 -3835 -3226 1197
486 -5331 -613 -896 -3831 -3225 1203
487 -5331 -612 -895 -3831 -3224 1202
488 -5328 -616 -898 -3831 -3223 1197
489 -5330 -615 -902 -3827 -3223 1197
490 -5327 -610 -895 -3828 -3226 1198
491 -5333 -615 -896 -3830 -3227 1198
492 -5329 -611 -898 -3831 -3230 1197
493 -5327 -614 -894 -3830 -3231 1199
494 -5323 -610 -896 -3827 -3233 1201
495 -5323 -610 -893 -3828 -3232 1199
496 -5322 -611 -891 -3826 -3237 1208
497 -5317 -605 -887 -3825 -3236 1211
498 -5316 -603 -882 -3826 -3235 1212
499 -5312 -598 -878 -3825 -3239 1214
500 -5310 -598 -882 -3823 -3245 1219
501 -5311 -595 -877 -3829 -3245 1216
502 -5309 -598 -882 -3825 -3244 1213
503 -5308 -594 -880 -3833 -3248 1215
504 -5308 -591 -877 -3831 -3253 1220
505 -5308 -597 -882 -3830 -3255 1221
506 -5304 -599 -883 -3832 -3255 1218
507 -5299 -598 -887 -3833 -3253 1221
508 -5300 -599 -886 -3833 -3259 1218
509 -5295 -601 -890 -3830 -3252 1216
510 -5291 -603 -888 -3836 -3255 1217
511 -5287 -601 -892 -3835 -3256 1219
512 -5290 -604 -890 -3841 -3256 1213
513 -5285 -606 -896 -3843 -3256 1208
514 -5284 -609 -899 -3847 -3256 1209
515 -5275 -609 -897 -3847 -3257 1207
516 -5274 -610 -900 -3852 -3260 1205
517 -5271 -611 -905 -3853 -3258 1208
518 -5266 -611 -901 -3855 -3258 1212
519 -5260 -612 -903 -3857 -3260 1210
520 -5258 -610 -903 -3860 -3262 1215
521 -5250 -608 -900 -3863 -3263 1213
522 -5250 -610 -900 -3868 -3266 1215
523 -5248 -606 -902 -3868 -3264 1216
524 -5248 -603 -896 -3872 -3270 1220
525 -5241 -603 -897 -3874 -3262 1221
526 -5237 -600 -897 -3875 -3266 1222
527 -5237 -598 -894 -3877 -3272 1226
528 -5237 -596 -894 -3880 -3273 1230
529 -5232 -595 -893 -3878 -3268 1226
530 -5238 -593 -892 -3881 -3269 1232
531 -5233 -592 -892 -3879 -3270 1236
532 -5232 -593 -886 -3884 -3263 1233
533 -5238 -597 -889 -3886 -3263 1237
534 -5232 -595 -888 -3889 -3263 1231
535 -5234 -592 -890 -3885 -3263 1231
536 -5236 -596 -895 -3890 -3263 1232
537 -5236 -599 -895 -3896 -3257 1228
538 -5237 -600 -895 -3892 -3259 1228
539 -5232 -600 -898 -3894 -3258 1225
540 -5233 -605 -900 -3896 -3256 1221
541 -5236 -605 -902 -3898 -3256 1219
542 -5237 -609 -903 -3895 -3253 1219
543 -5235 -606 -906 -3895 -3250 1217
544 -5235 -608 -904 -3898 -3249 1217
545 -5236 -609 -908 -3893 -3252 1216
546 -5237 -607 -905 -3891 -3253 1215
547 -5234 -608 -906 -3892 -3248 1221
548 -5234 -611 -906 -3888 -3250 1213
549 -5237 -607 -907 -3885 -3253 1220
550 -5234 -606 -904 -3883 -3254 1218
551 -5238 -604 -905 -3882 -3251 1222
552 -5239 -605 -902 -3875 -3251 1223
553 -5241 -599 -895 -3875 -3253 1226
554 -5248 -600 -893 -3872 -3254 1226
555 -5244 -602 -893 -3868 -3255 1230
556 -5251 -593 -889 -3868 -3257 1229
557 -5253 -594 -886 -3861 -3255 1229
558 -5255 -594 -886 -3861 -3260 1229
559 -5259 -595 -884 -3858 -3260 1223
560 -5260 -597 -881 -3858 -3262 1229
561 -5266 -598 -889 -3855 -3259 1227
562 -5269 -602 -888 -3851 -3259 1221
563 -5268 -600 -889 -3851 -3255 1220
564 -5272 -595 -886 -3852 -3257 1218
565 -5278 -602 -891 -3847 -3258 1217
566 -5282 -605 -891 -3851 -3261 1212
567 -5280 -608 -896 -3850 -3258 1210
568 -5282 -609 -898 -3847 -3255 1209
569 -5285 -605 -901 -3842 -3256 1204
570 -5287 -610 -897 -3841 -3255 1205
571 -5288 -612 -902 -3834 -3256 1206
572 -5290 -615 -901 -3839 -3252 1205
573 -5294 -610 -903 -3832 -3247 1205
574 -5296 -607 -902 -3833 -3250 1206
575 -5293 -606 -899 -3831 -3247 1210
576 -5297 -606 -896 -3829 -3245 1209
577 -5301 -609 -892 -3831 -3244 1207
578 -5303 -609 -892 -3829 -3243 1209
579 -5308 -605 -889 -3826 -3241 1210
580 -5310 -604 -888 -3826 -3242 1210
581 -5310 -600 -885 -3826 -3242 1213
582 -5313 -599 -881 -3823 -3240 1213
583 -5316 -599 -882 -3822 -3241 1214
584 -5321 -600 -879 -3822 -3239 1215
585 -5323 -594 -881 -3818 -3237 1216
586 -5324 -597 -876 -3817 -3237 1216
587 -5327 -599 -875 -3822 -3235 1216
588 -5330 -602 -876 -3821 -3236 1213
589 -5330 -599 -880 -3825 -3235 1211
590 -5332 -600 -881 -3821 -3234 1213
591 -5333 -599 -880 -3818 -3229 1209
592 -5332 -603 -881 -3818 -3225 1208
593 -5336 -604 -888 -3821 -3229 1208
594 -5333 -609 -890 -3821 -3226 1206
595 -5333 -608 -889 -3820 -3226 1205
596 -5335 -611 -891 -3818 -3224 1207
597 -5329 -608 -892 -3825 -3225 1203
598 -5327 -612 -890 -3823 -3223 1207
599 -5328 -610 -892 -3827 -3225 1204
600 -5328 -611 -897 -3830 -3224 1203
601 -5323 -611 -895 -3830 -3227 1203
602 -5316 -613 -894 -3830 -3227 1207
603 -5316 -610 -895 -3836 -3227 1204
604 -5315 -612 -891 -3835 -3230 1209
605 -5313 -612 -889 -3836 -3227 1209
606 -5306 -609 -891 -3836 -3230 1214
607 -5297 -606 -892 -3839 -3232 1216
608 -5298 -601 -887 -3845 -3233 1213
609 -5292 -599 -887 -3849 -3240 1212
610 -5293 -602 -891 -3849 -3240 1220
611 -5284 -599 -884 -3854 -3242 1219
612 -5280 -598 -886 -3856 -3245 1221
613 -5273 -599 -887 -3859 -3248 1226
614 -5270 -598 -886 -3862 -3243 1224
615 -5264 -592 -885 -3864 -3251 1226
616 -5259 -595 -889 -3867 -3250 1228
617 -5257 -596 -889 -3866 -3250 1229
618 -5249 -596 -888 -3871 -3253 1229
619 -5250 -596 -890 -3871 -3253 1227
620 -5245 -601 -892 -3877 -3250 1227
621 -5242 -597 -892 -3883 -3256 1224
622 -5242 -601 -898 -3885 -3260 1223
623 -5235 -603 -898 -3888 -3262 1222
624 -5231 -603 -905 -3888 -3260 1221
625 -5230 -607 -901 -3890 -3262 1219
626 -5223 -607 -903 -3895 -3265 1220
627 -5219 -609 -906 -3893 -3264 1216
628 -5219 -608 -903 -3894 -3265 1220
629 -5214 -605 -906 -3894 -3268 1221
630 -5213 -603 -907 -3892 -3266 1221
631 -5211 -605 -900 -3897 -3273 1219
632 -5210 -605 -906 -3894 -3270 1226
633 -5207 -605 -904 -3890 -3274 1225
634 -5207 -604 -905 -3896 -3276 1223
635 -5212 -601 -902 -3893 -3282 1228
636 -5206 -600 -906 -3887 -3279 1233
637 -5209 -596 -899 -3884 -3277 1231
638 -5209 -594 -899 -3879 -3281 1233
639 -5214 -598 -895 -3881 -3278 1232
640 -5213 -594 -895 -3881 -3279 1234
641 -5217 -593 -894 -3883 -3275 1238
642 -5222 -593 -891 -3878 -3277 1231
643 -5229 -595 -892 -3877 -3277 1233
644 -5226 -593 -892 -3879 -3272 1233
645 -5231 -598 -897 -3876 -3276 1230
646 -5235 -599 -894 -3878 -3275 1229
647 -5240 -597 -895 -3875 -3272 1225
648 -5239 -600 -894 -3872 -3267 1222
649 -5243 -601 -901 -3874 -3266 1222
650 -5247 -600 -898 -3873 -3265 1218
651 -5253 -605 -901 -3874 -3261 1217
652 -5252 -609 -898 -3873 -3259 1212
653 -5257 -607 -903 -3873 -3258 1211
654 -5256 -608 -903 -3869 -3260 1210
655 -5261 -607 -903 -3869 -3253 1212
656 -5263 -608 -906 -3868 -3252 1210
657 -5271 -610 -904 -3863 -3249 1210
658 -5269 -607 -906 -3862 -3249 1212
659 -5275 -607 -903 -3855 -3247 1218
660 -5272 -604 -899 -3851 -3239 1214
661 -5279 -602 -896 -3850 -3239 1215
662 -5281 -601 -892 -3845 -3240 1218
663 -5287 -600 -889 -3840 -3236 1217
664 -5298 -602 -887 -3843 -3237 1219
665 -5300 -602 -881 -3836 -3234 1218
666 -5309 -600 -881 -3836 -3236 1216
667 -5315 -598 -883 -3830 -3234 1217
668 -5317 -596 -879 -3830 -3237 1214
669 -5322 -596 -881 -3824 -3231 1218
670 -5326 -597 -879 -3826 -3233 1214
671 -5334 -599 -882 -3821 -3230 1210
672 -5335 -602 -880 -3820 -3229 1211
673 -5337 -601 -880 -3821 -3225 1211
674 -5337 -603 -880 -3822 -3232 1204
675 -5342 -605 -883 -3815 -3228 1207
676 -5341 -602 -886 -3813 -3229 1204
677 -5344 -608 -885 -3813 -3230 1200
678 -5344 -611 -888 -3811 -3229 1199
679 -5343 -609 -892 -3807 -3233 1197
680 -5340 -607 -892 -3808 -3231 1200
681 -5339 -612 -893 -3805 -3236 1196
682 -5336 -611 -897 -3805 -3236 1197
683 -5333 -612 -893 -3805 -3236 1201
684 -5335 -611 -894 -3805 -3237 1198
685 -5338 -612 -894 -3802 -3238 1199
686 -5333 -611 -890 -3806 -3242 1200
687 -5331 -606 -894 -3806 -3247 1203
688 -5327 -609 -891 -3805 -3247 1210
689 -5325 -609 -890 -3805 -3252 1209
690 -5325 -605 -886 -3807 -3250 1208
691 -5320 -605 -885 -3810 -3250 1212
692 -5319 -604 -882 -3813 -3256 1214
693 -5316 -602 -888 -3812 -3256 1213
694 -5311 -598 -884 -3814 -3254 1217
695 -5307 -599 -882 -3822 -3261 1218
696 -5306 -597 -879 -3823 -3261 1218
697 -5301 -597 -884 -3827 -3263 1217
698 -5295 -601 -885 -3832 -3261 1218
699 -5284 -596 -887 -3838 -3266 1218
700 -5281 -601 -890 -3844 -3265 1221
701 -5280 -599 -890 -3845 -3263 1219
702 -5271 -600 -892 -3851 -3266 1219
703 -5268 -604 -893 -3855 -3266 1219
704 -5262 -605 -896 -3862 -3259 1218
705 -5258 -604 -898 -3865 -3259 1219
706 -5250 -604 -901 -3868 -3260 1221
707 -5251 -605 -901 -3876 -3260 1216
708 -5247 -610 -905 -3879 -3257 1216
709 -5247 -610 -908 -3883 -3259 1214
710 -5243 -609 -905 -3887 -3255 1213
711 -5241 -611 -904 -3891 -3256 1214
712 -5236 -606 -907 -3894 -3255 1214
713 -5234 -611 -905 -3898 -3251 1217
714 -5233 -606 -907 -3895 -3252 1218
715 -5233 -607 -902 -3899 -3252 1223
716 -5229 -605 -901 -3896 -3251 1221
717 -5232 -605 -901 -3899 -3253 1220
718 -5228 -607 -899 -3900 -3252 1225
719 -5229 -603 -899 -3896 -3252 1225
720 -5226 -597 -898 -3899 -3249 1229
721 -5225 -595 -895 -3894 -3249 1228
722 -5226 -597 -893 -3894 -3252 1229
723 -5229 -593 -893 -3892 -3250 1234
724 -5229 -597 -892 -3890 -3250 1234
725 -5233 -594 -891 -3884 -3253 1234
726 -5236 -594 -891 -3880 -3250 1233
727 -5241 -596 -891 -3883 -3250 1229
728 -5242 -592 -890 -3882 -3252 1232
729 -5248 -593 -889 -3874 -3252 1229
730 -5253 -597 -890 -3874 -3248 1228
731 -5255 -602 -897 -3878 -3251 1224
732 -5259 -603 -899 -3873 -3255 1220
733 -5261 -607 -901 -3878 -3259 1218
734 -5266 -607 -900 -3875 -3254 1218
735 -5265 -605 -898 -3871 -3258 1216
736 -5270 -607 -901 -3869 -3260 1218
737 -5265 -613 -903 -3867 -3261 1214
738 -5263 -609 -901 -3868 -3259 1211
739 -5261 -610 -901 -3869 -3265 1212
740 -5262 -614 -907 -3869 -3263 1211
741 -5259 -611 -903 -3864 -3262 1214
742 -5251 -607 -904 -3864 -3270 1214
743 -5247 -607 -903 -3863 -3269 1215
744 -5249 -604 -901 -3862 -3267 1218
745 -5245 -605 -900 -3858 -3267 1221
746 -5245 -602 -901 -3858 -3270 1219
747 -5248 -600 -898 -3855 -3267 1222
748 -5251 -600 -895 -3852 -3270 1222
749 -5247 -597 -891 -3852 -3271 1226
750 -5251 -593 -887 -3852 -3268 1228
751 -5253 -594 -888 -3852 -3269 1223
752 -5261 -598 -888 -3852 -3270 1223
753 -5265 -594 -886 -3849 -3270 1224
754 -5270 -597 -886 -3852 -3265 1225
755 -5269 -597 -887 -3847 -3267 1225
756 -5274 -596 -888 -3850 -3263 1225
757 -5277 -596 -888 -3845 -3262 1222
758 -5281 -598 -887 -3846 -3259 1216
759 -5279 -603 -889 -3846 -3261 1219
760 -5283 -601 -887 -3844 -3257 1215
761 -5283 -603 -894 -3844 -3256 1212
762 -5285 -605 -895 -3843 -3257 1210
763 -5284 -604 -895 -3843 -3258 1207
764 -5284 -605 -897 -3839 -3257 1206
765 -5284 -609 -903 -3841 -3257 1209
766 -5285 -604 -902 -3832 -3253 1208
767 -5286 -603 -896 -3833 -3252 1207
768 -5283 -605 -898 -3832 -3253 1205
769 -5287 -609 -898 -3829 -3256 1206
770 -5290 -607 -896 -3826 -3250 1209
771 -5296 -608 -892 -3818 -3248 1210
772 -5297 -604 -889 -3820 -3253 1213
773 -5305 -602 -887 -3820 -3254 1210
774 -5307 -603 -889 -3818 -3251 1211
775 -5315 -605 -885 -3817 -3248 1213
776 -5314 -604 -888 -3811 -3248 1211
777 -5319 -602 -883 -3814 -3250 1210
778 -5323 -601 -880 -3815 -3244 1211
779 -5323 -597 -876 -3817 -3245 1215
780 -5325 -599 -878 -3811 -3246 1214
781 -5331 -603 -882 -3818 -3243 1211
782 -5333 -603 -879 -3813 -3242 1212
783 -5332 -599 -878 -3819 -3238 1212
784 -5330 -601 -884 -3823 -3237 1209
785 -5327 -605 -884 -3825 -3236 1209
786 -5326 -605 -886 -3828 -3236 1206
787 -5319 -603 -888 -3834 -3234 1205
788 -5316 -605 -887 -3834 -3229 1209
789 -5315 -609 -890 -3836 -3225 1210
790 -5309 -605 -889 -3839 -3223 1207
791 -5302 -609 -893 -3838 -3223 1210
792 -5304 -607 -891 -3843 -3221 1211
793 -5300 -607 -892 -3850 -3219 1208
794 -5298 -606 -896 -3851 -3219 1207
795 -5303 -607 -892 -3853 -3220 1208
796 -5298 -611 -889 -3856 -3219 1208
797 -5296 -608 -892 -3855 -3219 1211
798 -5295 -609 -891 -3858 -3220 1214
799 -5296 -607 -894 -3858 -3223 1216
800 -5292 -605 -892 -3863 -3224 1215
801 -5296 -603 -891 -3859 -3224 1218
802 -5292 -605 -886 -3864 -3227 1219
803 -5286 -601 -890 -3863 -3228 1218
804 -5284 -600 -887 -3872 -3232 1217
805 -5285 -602 -887 -3866 -3236 1219
806 -5278 -600 -889 -3869 -3238 1222
807 -5270 -599 -890 -3870 -3240 1225
808 -5266 -598 -890 -3869 -3242 1226
809 -5264 -600 -894 -3872 -3245 1223
810 -5257 -601 -892 -3871 -3250 1221
811 -5254 -601 -895 -3871 -3249 1221
812 -5253 -599 -895 -3871 -3254 1226
813 -5251 -601 -896 -3870 -3253 1226
814 -5247 -597 -898 -3872 -3255 1223
815 -5244 -598 -895 -3872 -3255 1222
816 -5243 -602 -894 -3873 -3261 1220
817 -5241 -603 -896 -3874 -3260 1221
818 -5241 -606 -900 -3878 -3267 1220
819 -5238 -605 -904 -3879 -3270 1221
820 -5236 -606 -902 -3879 -3271 1222
821 -5235 -606 -903 -3880 -3269 1227
822 -5233 -606 -902 -3883 -3272 1223
823 -5232 -603 -902 -3882 -3272 1224
824 -5226 -601 -901 -3884 -3275 1224
825 -5224 -603 -901 -3885 -3276 1223
826 -5223 -603 -899 -3888 -3281 1225
827 -5217 -603 -902 -3889 -3281 1225
828 -5212 -597 -901 -3891 -3283 1230
829 -5211 -598 -900 -3889 -3282 1226
830 -5208 -600 -900 -3891 -3283 1231
831 -5205 -599 -901 -3890 -3284 1233
832 -5205 -597 -901 -3890 -3283 1231
833 -5204 -594 -900 -3890 -3282 1230
834 -5203 -598 -899 -3888 -3279 1235
835 -5205 -596 -900 -3887 -3281 1236
836 -5210 -596 -896 -3887 -3279 1229
837 -5215 -597 -898 -3886 -3274 1230
838 -5220 -594 -897 -3884 -3271 1224
839 -5223 -598 -895 -3881 -3275 1227
840 -5229 -598 -899 -3882 -3269 1224
841 -5233 -599 -897 -3880 -3270 1219
842 -5241 -601 -898 -3877 -3268 1221
843 -5248 -607 -900 -3875 -3261 1219
844 -5255 -604 -901 -3872 -3259 1217
845 -5259 -605 -900 -3869 -3260 1219
846 -5266 -605 -900 -3864 -3254 1219
847 -5273 -607 -898 -3861 -3255 1212
848 -5279 -607 -898 -3859 -3259 1210
849 -5282 -607 -898 -3853 -3253 1209
850 -5286 -607 -899 -3852 -3253 1211
851 -5289 -607 -895 -3844 -3250 1209
852 -5291 -606 -897 -3843 -3250 1212
853 -5298 -603 -894 -3838 -3246 1213
854 -5300 -603 -894 -3830 -3245 1213
855 -5305 -603 -889 -3824 -3245 1216
856 -5306 -603 -887 -3820 -3242 1214
857 -5307 -599 -884 -3819 -3242 1217
858 -5313 -602 -884 -3814 -3238 1217
859 -5321 -598 -879 -3812 -3240 1213
860 -5325 -600 -880 -3809 -3240 1212
861 -5328 -603 -880 -3808 -3237 1212
862 -5330 -601 -882 -3809 -3236 1210
863 -5334 -602 -882 -3807 -3235 1209
864 -5339 -604 -885 -3805 -3234 1211
865 -5339 -602 -881 -3803 -3233 1208
866 -5338 -602 -882 -3805 -3234 1209
867 -5340 -603 -881 -3806 -3229 1202
868 -5339 -607 -884 -3807 -3227 1204
869 -5337 -609 -886 -3809 -3227 1206
870 -5336 -609 -889 -3816 -3224 1204
871 -5336 -610 -889 -3816 -3226 1200
872 -5327 -609 -891 -3818 -3225 1202
873 -5329 -611 -892 -3822 -3225 1201
874 -5327 -608 -894 -3821 -3226 1203
875 -5319 -609 -893 -3826 -3227 1203
876 -5317 -608 -894 -3829 -3223 1209
877 -5310 -607 -891 -3828 -3217 1210
878 -5306 -603 -890 -3827 -3221 1212
879 -5304 -604 -891 -3832 -3221 1212
880 -5306 -600 -885 -3836 -3224 1212
881 -5303 -603 -880 -3838 -3226 1216
882 -5304 -605 -884 -3839 -3223 1215
883 -5300 -599 -882 -3842 -3227 1215
884 -5300 -601 -884 -3842 -3229 1218
885 -5296 -597 -882 -3844 -3232 1220
886 -5296 -596 -884 -3845 -3231 1219
887 -5298 -601 -880 -3849 -3234 1220
888 -5296 -593 -882 -3849 -3233 1222
889 -5292 -596 -883 -3853 -3237 1220
890 -5288 -601 -884 -3854 -3240 1218
891 -5288 -601 -885 -3860 -3242 1216
892 -5286 -603 -888 -3856 -3245 1216
893 -5283 -602 -889 -3862 -3248 1214
894 -5279 -605 -891 -3863 -3252 1213
895 -5275 -606 -899 -3863 -3251 1216
896 -5272 -611 -901 -3869 -3255 1210
897 -5264 -606 -900 -3867 -3254 1213
898 -5261 -607 -901 -3868 -3257 1215
899 -5253 -611 -901 -3868 -3257 1215
900 -5250 -609 -903 -3870 -3257 1216
901 -5249 -610 -906 -3873 -3260 1221
902 -5245 -607 -900 -3867 -3258 1223
903 -5245 -605 -903 -3876 -3267 1218
904 -5240 -604 -902 -3879 -3268 1221
905 -5240 -606 -902 -3884 -3272 1219
906 -5235 -604 -899 -3878 -3266 1220
907 -5231 -603 -896 -3880 -3272 1226
908 -5227 -600 -896 -3880 -3272 1227
909 -5231 -604 -896 -3882 -3273 1228
910 -5230 -597 -899 -3885 -3276 1230
911 -5230 -599 -892 -3882 -3272 1229
912 -5230 -594 -892 -3885 -3271 1230
913 -5229 -592 -893 -3886 -3276 1227
914 -5228 -601 -897 -3887 -3277 1229
915 -5223 -595 -894 -3891 -3277 1230
916 -5223 -597 -894 -3892 -3281 1232
917 -5221 -596 -897 -3887 -3278 1230
918 -5221 -596 -896 -3888 -3277 1230
919 -5218 -597 -895 -3890 -3279 1226
920 -5218 -602 -900 -3890 -3272 1229
921 -5221 -599 -899 -3887 -3267 1228
922 -5221 -598 -900 -3886 -3267 1227
923 -5226 -605 -900 -3885 -3265 1224
924 -5226 -601 -902 -3883 -3260 1222
925 -5229 -607 -900 -3886 -3260 1222
926 -5233 -603 -905 -3884 -3258 1218
927 -5239 -608 -904 -3883 -3257 1216
928 -5241 -607 -903 -3880 -3253 1217
929 -5246 -609 -902 -3878 -3253 1217
930 -5251 -606 -898 -3874 -3252 1216
931 -5256 -606 -900 -3873 -3253 1213
932 -5261 -606 -899 -3867 -3249 1213
933 -5263 -604 -899 -3862 -3252 1215
934 -5269 -601 -895 -3857 -3250 1216
935 -5276 -607 -893 -3854 -3251 1216
936 -5279 -599 -891 -3854 -3256 1215
937 -5282 -602 -891 -3847 -3248 1218
938 -5287 -600 -889 -3840 -3248 1222
939 -5290 -598 -889 -3836 -3248 1218
940 -5291 -598 -886 -3831 -3249 1223
941 -5293 -599 -882 -3827 -3251 1224
942 -5298 -595 -881 -3825 -3249 1222
943 -5301 -595 -882 -3817 -3247 1225
944 -5305 -597 -880 -3822 -3248 1222
945 -5304 -596 -882 -3818 -3247 1217
946 -5310 -594 -885 -3817 -3248 1219
947 -5310 -599 -878 -3816 -3248 1214
948 -5319 -601 -882 -3818 -3249 1212
949 -5317 -602 -883 -3817 -3243 1210
950 -5318 -606 -888 -3816 -3245 1209
951 -5323 -606 -886 -3817 -3242 1206
952 -5321 -608 -892 -3819 -3242 1204
953 -5317 -613 -892 -3815 -3238 1203
954 -5320 -610 -890 -3821 -3243 1200
955 -5318 -612 -894 -3825 -3240 1200
956 -5319 -612 -898 -3829 -3241 1201
957 -5316 -617 -898 -3827 -3239 1200
958 -5312 -611 -897 -3832 -3238 1202
959 -5309 -609 -896 -3832 -3242 1202
960 -5304 -608 -893 -3831 -3238 1199
961 -5296 -607 -896 -3832 -3239 1206
962 -5296 -611 -893 -3839 -3235 1209
963 -5295 -606 -894 -3841 -3239 1210
964 -5292 -602 -889 -3836 -3238 1216
965 -5289 -602 -891 -3838 -3235 1221
966 -5283 -596 -882 -3839 -3236 1222
967 -5284 -592 -884 -3840 -3236 1224
968 -5284 -593 -882 -3841 -3239 1223
969 -5287 -594 -880 -3841 -3242 1223
970 -5288 -596 -878 -3848 -3242 1223
971 -5287 -595 -882 -3845 -3244 1222
972 -5290 -595 -882 -3844 -3244 1221
973 -5289 -596 -880 -3844 -3239 1224
974 -5292 -596 -882 -3843 -3243 1224
975 -5295 -595 -879 -3847 -3244 1217
976 -5294 -597 -886 -3843 -3240 1215
977 -5298 -600 -881 -3847 -3245 1211
978 -5298 -602 -888 -3846 -3244 1210
979 -5300 -607 -893 -3845 -3247 1212
980 -5298 -608 -893 -3847 -3243 1209
981 -5299 -608 -897 -3848 -3247 1208
982 -5293 -607 -900 -3849 -3251 1205
983 -5298 -612 -903 -3849 -3248 1207
984 -5292 -612 -903 -3848 -3251 1207
985 -5286 -609 -903 -3846 -3251 1206
986 -5283 -613 -904 -3848 -3254 1210
987 -5282 -611 -900 -3847 -3253 1209
988 -5280 -611 -901 -3850 -3253 1212
989 -5275 -608 -899 -3847 -3253 1213
990 -5275 -606 -895 -3852 -3258 1214
991 -5271 -606 -897 -3855 -3258 1216
992 -5266 -604 -894 -3855 -3254 1219
993 -5268 -599 -895 -3850 -3259 1219
994 -5267 -600 -891 -3855 -3266 1227
995 -5260 -599 -890 -3854 -3260 1225
996 -5261 -595 -885 -3855 -3263 1225
997 -5260 -595 -886 -3858 -3263 1227
998 -5264 -595 -887 -3862 -3264 1229
999 -5259 -597 -884 -3863 -3259 1226
