0 -926 -192 -757 642 849 912
1 -923 -193 -756 643 849 913
2 -923 -193 -755 645 848 911
3 -927 -192 -756 641 851 914
4 -925 -191 -753 647 851 908
5 -923 -190 -756 644 846 914
6 -927 -192 -754 641 850 916
7 -925 -189 -755 646 852 915
8 -926 -189 -754 644 848 911
9 -924 -194 -756 642 850 918
10 -925 -189 -754 645 847 909
11 -926 -192 -753 645 849 915
12 -930 -192 -755 642 848 914
13 -925 -191 -755 646 847 913
14 -926 -191 -755 644 849 914
15 -926 -191 -751 643 847 911
16 -928 -189 -752 642 850 910
17 -925 -192 -752 648 847 916
18 -924 -189 -752 641 847 912
19 -929 -192 -753 643 851 913
20 -925 -193 -753 643 851 912
21 -927 -188 -754 645 851 915
22 -924 -186 -755 642 849 912
23 -923 -196 -753 645 849 914
24 -926 -189 -752 642 851 916
25 -923 -191 -755 646 845 915
26 -924 -188 -752 645 849 913
27 -925 -192 -754 645 847 911
28 -924 -191 -754 644 850 916
29 -925 -191 -753 642 849 914
30 -926 -192 -750 644 849 916
31 -926 -191 -753 642 851 915
32 -925 -191 -753 645 848 913
33 -926 -189 -756 642 849 911
34 -927 -192 -752 643 850 914
35 -925 -191 -753 643 849 913
36 -930 -190 -752 646 849 913
37 -927 -191 -755 645 849 911
38 -924 -191 -752 644 846 911
39 -927 -190 -754 644 849 912
40 -926 -191 -752 641 851 913
41 -923 -192 -755 642 849 913
42 -927 -191 -753 642 847 912
43 -925 -193 -755 642 847 911
44 -928 -193 -759 642 848 909
45 -926 -191 -758 642 849 914
46 -925 -193 -757 645 846 912
47 -920 -191 -756 643 845 908
48 -928 -188 -757 642 849 916
49 -922 -190 -755 645 849 914
50 -926 -192 -755 645 848 908
51 -927 -192 -753 644 849 912
52 -926 -191 -755 641 847 912
53 -928 -190 -754 641 851 914
54 -925 -192 -756 644 848 914
55 -924 -189 -754 643 846 911
56 -929 -192 -759 641 849 915
57 -927 -187 -750 642 847 913
58 -927 -192 -753 644 850 914
59 -928 -190 -753 642 848 915
60 -926 -193 -755 642 849 911
61 -929 -190 -757 640 849 911
62 -927 -193 -760 640 848 912
63 -924 -192 -754 641 848 911
64 -927 -190 -754 641 849 911
65 -929 -192 -755 641 845 910
66 -929 -192 -755 640 849 912
67 -922 -193 -757 640 850 913
68 -925 -193 -760 644 847 911
69 -925 -191 -752 643 849 915
70 -921 -192 -753 642 849 912
71 -921 -190 -754 640 848 911
72 -923 -191 -754 645 849 915
73 -925 -192 -754 643 850 915
74 -927 -187 -755 642 850 911
75 -926 -192 -755 640 851 910
76 -927 -191 -755 640 849 912
77 -926 -192 -756 642 848 911
78 -929 -192 -754 642 847 913
79 -929 -191 -754 644 851 912
80 -923 -192 -755 642 849 915
81 -926 -191 -753 641 850 914
82 -926 -190 -756 642 848 911
83 -925 -192 -755 639 848 910
84 -930 -196 -756 639 846 911
85 -930 -194 -754 637 847 912
86 -925 -194 -757 639 844 911
87 -926 -193 -754 640 847 910
88 -926 -194 -757 638 844 911
89 -925 -190 -756 635 846 912
90 -928 -191 -757 636 849 910
91 -925 -193 -756 639 848 910
92 -923 -195 -754 640 848 912
93 -924 -192 -755 643 849 914
94 -923 -191 -756 641 849 913
95 -926 -193 -752 641 848 913
96 -930 -194 -758 641 848 910
97 -928 -192 -754 641 848 913
98 -928 -190 -755 642 849 909
99 -926 -191 -754 644 849 914
100 -926 -193 -755 642 854 914
101 -925 -189 -754 641 849 909
102 -925 -192 -754 641 849 914
103 -924 -191 -755 640 849 914
104 -928 -190 -755 640 847 911
105 -925 -192 -753 640 844 909
106 -929 -192 -758 641 850 914
107 -926 -190 -757 643 851 914
108 -923 -189 -752 641 847 911
109 -921 -193 -757 643 848 911
110 -925 -191 -755 641 848 910
111 -924 -195 -755 640 848 914
112 -923 -190 -752 641 850 912
113 -928 -190 -756 642 852 912
114 -923 -193 -755 639 849 913
115 -927 -194 -753 641 853 912
116 -925 -189 -754 640 852 911
117 -928 -191 -755 640 848 912
118 -929 -193 -752 640 847 911
119 -928 -191 -756 642 850 914
120 -927 -192 -754 643 848 913
121 -926 -192 -756 640 850 915
122 -928 -194 -755 642 848 911
123 -929 -194 -755 642 850 912
124 -926 -195 -756 641 850 913
125 -923 -191 -753 638 849 913
126 -925 -190 -751 640 849 915
127 -928 -193 -757 641 847 911
128 -927 -194 -754 639 849 910
129 -922 -195 -756 638 844 911
130 -927 -192 -758 639 849 913
131 -925 -189 -759 636 846 911
132 -924 -191 -758 639 853 914
133 -924 -188 -754 639 849 915
134 -923 -190 -756 642 850 911
135 -920 -192 -752 643 853 914
136 -924 -191 -752 644 850 916
137 -923 -188 -752 640 851 915
138 -928 -191 -753 642 849 912
139 -925 -191 -753 640 851 914
140 -925 -192 -750 644 852 914
141 -923 -191 -753 640 853 916
142 -925 -190 -753 640 851 916
143 -928 -193 -750 644 852 910
144 -923 -190 -753 645 850 910
145 -924 -193 -753 638 853 913
146 -926 -191 -752 641 850 910
147 -926 -192 -750 640 850 913
148 -923 -190 -754 638 851 911
149 -927 -191 -758 639 847 912
150 -921 -193 -754 638 847 908
151 -927 -194 -757 638 850 911
152 -926 -190 -756 638 849 911
153 -926 -195 -752 637 851 912
154 -925 -194 -756 637 845 911
155 -921 -194 -756 642 852 918
156 -922 -191 -754 638 847 911
157 -924 -191 -751 639 851 916
158 -927 -192 -755 641 848 913
159 -923 -196 -751 641 852 915
160 -923 -191 -752 644 854 914
161 -922 -191 -756 639 851 914
162 -926 -190 -755 643 853 916
163 -924 -192 -754 642 851 908
164 -922 -190 -752 636 849 912
165 -927 -192 -756 641 851 914
166 -927 -190 -757 641 854 915
167 -925 -195 -749 640 851 914
168 -926 -192 -749 638 853 913
169 -927 -192 -751 640 851 913
170 -927 -190 -754 639 852 914
171 -926 -190 -755 640 849 915
172 -927 -189 -754 638 851 914
173 -923 -189 -754 638 850 913
174 -924 -189 -755 640 849 914
175 -921 -191 -751 639 850 912
176 -925 -189 -755 640 850 913
177 -923 -189 -754 641 850 914
178 -923 -192 -757 640 851 913
179 -924 -192 -755 640 849 916
180 -923 -191 -755 641 854 914
181 -922 -191 -756 641 851 916
182 -926 -194 -754 640 847 910
183 -926 -190 -752 641 852 912
184 -924 -192 -752 639 853 912
185 -927 -194 -754 640 848 913
186 -922 -192 -751 640 851 914
187 -926 -194 -753 638 849 912
188 -928 -195 -755 641 848 910
189 -925 -191 -755 638 851 914
190 -926 -193 -753 643 855 915
191 -922 -190 -753 640 852 912
192 -925 -195 -752 637 852 911
193 -924 -192 -755 641 848 911
194 -921 -191 -755 638 849 912
195 -925 -191 -753 639 852 914
196 -925 -194 -754 639 849 914
197 -921 -191 -753 638 852 914
198 -921 -192 -753 637 851 913
199 -924 -190 -752 639 850 912
200 -921 -192 -757 642 851 914
201 -921 -191 -754 640 851 918
202 -925 -191 -753 641 854 909
203 -919 -191 -754 641 853 917
204 -925 -194 -751 640 849 911
205 -925 -191 -757 641 851 911
206 -925 -190 -752 635 848 913
207 -927 -191 -753 637 851 911
208 -925 -194 -755 637 853 917
209 -925 -192 -755 638 848 915
210 -927 -194 -756 640 853 911
211 -923 -192 -753 640 852 915
212 -925 -191 -753 638 851 914
213 -923 -189 -752 637 848 914
214 -925 -192 -753 641 851 916
215 -926 -194 -755 640 850 913
216 -923 -193 -752 634 849 909
217 -923 -194 -757 637 851 914
218 -925 -195 -756 637 849 913
219 -924 -192 -756 638 853 914
220 -924 -189 -752 639 849 915
221 -924 -190 -754 642 851 915
222 -921 -191 -752 642 852 917
223 -923 -193 -752 638 853 914
224 -926 -192 -750 643 853 916
225 -925 -192 -755 637 851 910
226 -925 -192 -756 641 852 913
227 -928 -193 -750 638 851 912
228 -921 -190 -755 641 852 912
229 -924 -189 -751 639 851 914
230 -924 -191 -757 638 855 913
231 -924 -194 -754 640 850 913
232 -926 -190 -754 640 852 915
233 -925 -191 -755 641 854 915
234 -925 -188 -753 641 849 913
235 -926 -195 -753 638 849 915
236 -925 -192 -756 642 852 915
237 -924 -189 -752 638 854 913
238 -922 -193 -755 641 853 915
239 -920 -189 -752 642 851 917
240 -921 -191 -754 637 852 919
241 -922 -189 -753 640 852 912
242 -918 -188 -754 638 853 914
243 -919 -192 -753 642 853 914
244 -921 -190 -749 641 855 915
245 -923 -191 -755 642 853 916
246 -924 -189 -751 640 854 915
247 -927 -194 -752 641 852 915
248 -922 -190 -752 641 852 917
249 -925 -191 -750 638 852 912
250 -923 -192 -754 640 852 910
251 -923 -189 -753 641 850 916
252 -924 -192 -754 643 854 915
253 -923 -188 -750 642 853 915
254 -924 -190 -752 642 847 914
255 -925 -191 -751 640 853 916
256 -924 -190 -753 638 849 915
257 -925 -193 -756 639 851 911
258 -928 -194 -755 638 848 913
259 -925 -192 -753 638 847 913
260 -927 -192 -752 636 851 912
261 -924 -194 -758 640 850 910
262 -921 -190 -757 641 853 912
263 -920 -193 -753 637 852 914
264 -921 -189 -755 643 853 915
265 -919 -192 -751 640 849 912
266 -924 -192 -752 640 852 914
267 -925 -191 -755 643 852 914
268 -926 -192 -754 639 852 914
269 -925 -194 -756 642 852 913
270 -926 -191 -756 642 855 914
271 -925 -191 -754 645 853 915
272 -924 -191 -754 637 851 914
273 -925 -189 -752 638 850 914
274 -923 -195 -752 639 850 915
275 -927 -196 -755 640 852 912
276 -924 -192 -752 640 851 913
277 -928 -191 -752 639 853 913
278 -924 -190 -754 637 854 913
279 -927 -192 -755 640 850 912
280 -924 -192 -753 642 849 909
281 -923 -192 -756 638 848 913
282 -922 -191 -758 639 852 914
283 -922 -190 -756 641 852 913
284 -922 -190 -755 640 852 909
285 -922 -190 -756 642 849 914
286 -921 -193 -754 643 852 915
287 -920 -191 -756 643 850 911
288 -922 -188 -754 642 852 915
289 -924 -192 -753 643 850 916
290 -926 -187 -749 645 850 913
291 -924 -187 -749 647 852 917
292 -921 -190 -754 644 852 916
293 -923 -188 -755 640 854 915
294 -927 -188 -753 639 851 910
295 -926 -188 -754 644 851 914
296 -925 -190 -754 642 854 912
297 -923 -190 -753 643 853 915
298 -926 -190 -752 646 854 915
299 -925 -192 -751 640 854 915
300 -926 -190 -753 638 847 914
301 -928 -192 -756 640 847 910
302 -926 -192 -756 640 849 910
303 -924 -190 -752 640 850 914
304 -924 -189 -753 639 850 913
305 -924 -193 -757 640 853 913
306 -924 -191 -757 638 852 914
307 -923 -189 -753 642 849 917
308 -924 -190 -752 642 850 919
309 -922 -191 -752 644 854 916
310 -925 -190 -751 643 852 914
311 -924 -195 -753 641 853 914
312 -926 -191 -754 644 853 915
313 -923 -190 -757 646 854 916
314 -922 -192 -754 641 852 914
315 -923 -191 -752 644 848 914
316 -922 -191 -751 640 851 916
317 -924 -192 -751 641 850 913
318 -929 -189 -753 641 851 914
319 -925 -193 -755 640 852 915
320 -927 -189 -754 640 852 912
321 -926 -189 -753 643 852 912
322 -923 -191 -755 641 849 912
323 -923 -193 -754 641 849 909
324 -924 -193 -755 640 851 912
325 -927 -192 -755 641 849 916
326 -926 -190 -758 642 853 913
327 -928 -193 -758 640 852 915
328 -926 -195 -755 640 852 913
329 -923 -191 -753 641 850 914
330 -923 -191 -754 647 853 915
331 -923 -193 -753 643 849 912
332 -921 -190 -755 639 851 912
333 -928 -190 -756 640 853 914
334 -928 -192 -756 646 850 913
335 -924 -190 -751 639 852 913
336 -927 -191 -753 640 849 911
337 -925 -190 -754 643 850 910
338 -924 -190 -753 644 851 913
339 -925 -193 -749 639 849 914
340 -923 -192 -749 641 850 910
341 -927 -190 -755 644 846 914
342 -927 -192 -752 643 852 915
343 -924 -189 -753 641 852 915
344 -927 -194 -756 640 848 914
345 -923 -192 -754 640 854 910
346 -922 -192 -755 640 849 912
347 -927 -194 -752 638 848 911
348 -928 -193 -756 640 851 912
349 -926 -194 -755 640 853 912
350 -922 -191 -755 642 848 914
351 -923 -194 -752 641 847 913
352 -923 -190 -756 642 852 911
353 -922 -189 -752 644 851 914
354 -925 -191 -756 644 851 918
355 -926 -189 -749 644 849 916
356 -923 -189 -754 642 852 915
357 -924 -192 -753 645 850 914
358 -926 -189 -751 642 851 910
359 -924 -192 -754 642 850 912
360 -929 -190 -756 640 848 913
361 -926 -192 -754 645 850 916
362 -926 -193 -755 645 852 915
363 -927 -188 -755 643 854 913
364 -927 -192 -754 644 850 912
365 -924 -189 -754 644 851 911
366 -926 -192 -755 643 852 918
367 -925 -193 -754 640 854 916
368 -922 -189 -755 642 850 914
369 -926 -190 -756 642 851 914
370 -922 -188 -752 645 850 916
371 -923 -189 -753 642 850 916
372 -922 -192 -756 645 850 915
373 -919 -190 -753 645 851 913
374 -922 -188 -754 646 852 916
375 -923 -189 -751 645 853 918
376 -926 -191 -749 644 849 916
377 -925 -189 -753 642 851 914
378 -923 -191 -751 642 852 917
379 -927 -189 -753 643 849 912
380 -924 -190 -754 642 853 913
381 -925 -192 -756 649 854 917
382 -927 -188 -750 644 850 914
383 -926 -188 -754 643 852 913
384 -921 -191 -750 644 849 914
385 -924 -184 -750 644 852 914
386 -925 -190 -753 644 851 914
387 -924 -187 -751 639 847 915
388 -927 -189 -754 642 850 915
389 -927 -192 -752 641 852 910
390 -925 -191 -756 639 845 914
391 -926 -190 -756 640 847 916
392 -927 -191 -755 641 849 911
393 -922 -191 -756 643 849 911
394 -924 -192 -755 641 848 911
395 -922 -190 -754 645 849 914
396 -924 -187 -752 642 849 913
397 -924 -191 -756 645 849 916
398 -921 -188 -755 645 853 913
399 -925 -192 -755 646 850 916
400 -925 -189 -750 647 849 914
401 -923 -191 -754 648 851 915
402 -923 -191 -752 644 851 911
403 -921 -188 -752 644 850 915
404 -928 -192 -753 642 847 915
405 -928 -191 -756 646 850 907
406 -926 -193 -752 644 848 913
407 -925 -189 -753 640 851 912
408 -925 -189 -751 644 847 912
409 -928 -192 -751 641 847 913
410 -923 -194 -758 641 845 911
411 -928 -189 -753 646 850 909
412 -926 -194 -755 643 848 911
413 -924 -192 -754 643 850 912
414 -926 -189 -754 644 848 910
415 -922 -192 -754 645 847 912
416 -923 -191 -755 644 851 914
417 -925 -193 -753 645 851 911
418 -929 -191 -753 644 847 914
419 -921 -188 -754 646 851 914
420 -925 -193 -756 642 847 914
421 -926 -189 -755 645 852 913
422 -925 -189 -755 641 851 913
423 -926 -191 -752 641 851 912
424 -927 -191 -755 642 849 912
425 -928 -190 -753 647 848 911
426 -928 -190 -755 645 851 916
427 -928 -190 -753 644 846 911
428 -926 -190 -752 643 846 912
429 -928 -190 -752 647 851 914
430 -924 -188 -753 641 847 914
431 -928 -191 -754 639 851 914
432 -924 -191 -756 642 845 911
433 -924 -192 -758 647 849 912
434 -922 -192 -754 643 849 912
435 -927 -189 -755 644 850 910
436 -923 -190 -759 643 849 913
437 -924 -194 -754 643 845 910
438 -925 -191 -756 643 847 911
439 -923 -190 -755 644 846 914
440 -923 -191 -755 642 850 914
441 -925 -188 -755 646 852 915
442 -925 -190 -752 643 851 915
443 -928 -191 -753 643 847 913
444 -926 -190 -756 644 848 908
445 -923 -189 -753 644 847 914
446 -925 -190 -753 644 849 911
447 -923 -193 -753 644 848 913
448 -927 -192 -755 646 849 912
449 -925 -191 -757 644 852 912
450 -927 -191 -750 643 849 916
451 -924 -192 -755 643 849 914
452 -927 -190 -751 642 848 906
453 -927 -189 -752 643 850 913
454 -925 -187 -754 643 850 910
455 -928 -193 -757 643 848 910
456 -927 -191 -756 638 847 911
457 -926 -193 -755 642 847 918
458 -923 -188 -754 643 848 917
459 -923 -189 -755 644 847 910
460 -923 -191 -754 640 846 912
461 -923 -187 -756 644 848 914
462 -928 -192 -754 643 849 908
463 -922 -191 -751 643 853 914
464 -925 -190 -757 645 851 910
465 -925 -189 -755 644 850 914
466 -930 -192 -750 644 851 909
467 -925 -189 -752 645 848 914
468 -928 -190 -753 643 851 914
469 -926 -191 -753 642 850 913
470 -926 -192 -757 640 848 913
471 -927 -190 -753 641 853 914
472 -927 -190 -756 642 848 910
473 -926 -189 -756 641 846 912
474 -927 -190 -752 639 844 911
475 -928 -191 -756 644 850 912
476 -925 -192 -756 643 847 910
477 -921 -195 -755 639 850 913
478 -924 -190 -754 641 846 911
479 -924 -190 -757 641 846 911
480 -926 -193 -755 643 848 912
481 -924 -193 -758 642 849 910
482 -923 -193 -758 643 849 912
483 -923 -189 -753 642 847 912
484 -924 -190 -754 644 850 913
485 -922 -191 -754 644 848 914
486 -926 -193 -755 637 848 912
487 -926 -192 -754 637 852 912
488 -926 -193 -757 641 852 914
489 -928 -194 -753 639 851 909
490 -926 -191 -755 642 849 913
491 -927 -194 -752 642 847 910
492 -926 -197 -756 645 849 911
493 -928 -193 -757 642 846 912
494 -925 -191 -753 642 849 911
495 -925 -192 -754 637 849 912
496 -926 -191 -758 637 844 906
497 -923 -190 -755 639 848 911
498 -923 -191 -757 640 846 911
499 -921 -193 -759 641 848 914
500 -923 -190 -756 640 849 915
501 -922 -191 -758 643 848 911
502 -925 -192 -759 642 851 911
503 -924 -190 -757 643 850 913
504 -923 -191 -756 643 850 912
505 -921 -189 -755 643 850 916
506 -925 -188 -752 647 847 915
507 -923 -187 -753 642 850 916
508 -927 -191 -753 642 850 914
509 -926 -192 -755 643 851 912
510 -924 -191 -756 642 846 918
511 -924 -188 -751 643 852 916
512 -925 -189 -751 642 850 915
513 -923 -189 -752 641 850 914
514 -923 -193 -756 642 850 911
515 -924 -190 -753 642 849 916
516 -925 -190 -751 640 851 919
517 -923 -187 -751 642 850 915
518 -923 -189 -756 643 849 916
519 -922 -190 -754 644 847 913
520 -921 -188 -749 645 854 915
521 -923 -192 -752 642 849 913
522 -923 -193 -755 642 851 914
523 -923 -189 -754 642 849 913
524 -923 -193 -753 637 849 916
525 -922 -191 -752 642 850 915
526 -921 -189 -755 643 851 911
527 -922 -195 -752 643 850 915
528 -925 -188 -750 646 849 913
529 -924 -191 -752 642 850 910
530 -924 -190 -753 640 849 916
531 -924 -191 -753 646 851 914
532 -928 -187 -752 645 852 915
533 -924 -192 -753 643 848 916
534 -926 -192 -753 639 848 916
535 -928 -191 -756 642 852 912
536 -925 -195 -755 638 851 910
537 -926 -190 -752 643 851 911
538 -923 -190 -755 639 846 912
539 -926 -192 -756 640 849 912
540 -923 -192 -754 643 850 912
541 -925 -190 -753 636 849 914
542 -926 -193 -752 641 848 914
543 -923 -190 -759 641 849 914
544 -921 -193 -755 640 850 913
545 -922 -191 -755 645 853 914
546 -922 -193 -757 642 850 912
547 -923 -192 -755 644 851 914
548 -922 -191 -756 643 850 915
549 -923 -189 -755 644 851 914
550 -924 -193 -756 639 848 916
551 -928 -193 -755 641 850 910
552 -928 -190 -755 642 850 913
553 -921 -192 -752 643 850 914
554 -927 -190 -754 640 850 916
555 -924 -189 -752 636 847 915
556 -930 -194 -756 642 852 910
557 -925 -191 -754 637 851 912
558 -926 -192 -753 641 848 914
559 -924 -187 -752 639 849 913
560 -925 -190 -756 638 852 913
561 -922 -193 -754 642 849 912
562 -925 -194 -755 640 849 914
563 -924 -192 -754 642 851 913
564 -925 -191 -752 639 854 909
565 -923 -192 -756 638 851 911
566 -921 -187 -753 643 847 915
567 -922 -192 -756 639 848 916
568 -921 -186 -754 640 852 914
569 -920 -192 -753 643 853 916
570 -922 -188 -751 644 853 914
571 -922 -190 -749 644 854 916
572 -922 -188 -749 639 850 913
573 -925 -192 -753 641 850 913
574 -927 -192 -755 641 850 914
575 -927 -195 -753 644 854 916
576 -927 -195 -751 639 852 909
577 -928 -195 -757 639 853 912
578 -924 -192 -756 640 853 913
579 -926 -187 -751 641 850 913
580 -926 -189 -753 640 848 912
581 -922 -192 -753 640 851 913
582 -925 -190 -751 639 854 912
583 -930 -195 -755 641 854 909
584 -926 -193 -754 639 849 911
585 -922 -189 -753 643 850 912
586 -924 -190 -756 637 850 914
587 -924 -192 -755 641 851 914
588 -919 -189 -752 638 847 914
589 -922 -193 -756 643 850 914
590 -922 -193 -755 640 850 914
591 -921 -190 -753 642 851 916
592 -920 -190 -752 641 853 917
593 -922 -192 -753 639 851 918
594 -923 -188 -753 639 851 917
595 -923 -190 -754 640 852 911
596 -922 -189 -756 639 853 913
597 -925 -192 -753 639 853 915
598 -922 -189 -753 643 853 912
599 -922 -193 -753 642 851 914
600 -923 -187 -753 641 854 914
601 -927 -192 -751 643 853 912
602 -925 -187 -752 642 851 913
603 -927 -191 -753 642 854 911
604 -923 -187 -753 640 850 910
605 -923 -189 -756 642 852 913
606 -922 -192 -756 640 853 912
607 -925 -195 -752 635 849 913
608 -924 -192 -757 638 853 913
609 -923 -192 -754 640 853 916
610 -925 -192 -753 644 852 917
611 -924 -190 -755 641 854 914
612 -921 -188 -754 643 853 916
613 -922 -188 -751 640 849 915
614 -924 -190 -755 642 855 918
615 -920 -187 -751 641 854 915
616 -922 -189 -752 642 852 915
617 -923 -191 -749 639 854 912
618 -922 -192 -752 640 852 915
619 -924 -193 -751 641 849 914
620 -922 -188 -750 643 854 918
621 -923 -191 -753 643 852 915
622 -924 -195 -753 639 854 916
623 -923 -187 -754 639 854 913
624 -925 -188 -753 641 852 915
625 -927 -193 -754 643 850 910
626 -924 -192 -753 642 852 912
627 -926 -194 -753 639 854 912
628 -926 -191 -757 638 853 910
629 -926 -192 -753 641 849 914
630 -921 -191 -756 641 853 916
631 -923 -191 -753 638 850 913
632 -923 -193 -756 643 853 914
633 -923 -194 -755 640 851 913
634 -923 -187 -752 647 856 918
635 -921 -190 -751 640 856 916
636 -923 -186 -754 643 855 915
637 -924 -186 -753 643 855 914
638 -922 -188 -753 644 852 914
639 -921 -187 -751 642 853 915
640 -924 -189 -749 641 854 911
641 -925 -193 -752 635 852 911
642 -920 -192 -752 637 851 912
643 -929 -194 -753 641 849 913
644 -925 -192 -755 640 855 912
645 -926 -191 -752 641 854 913
646 -926 -188 -755 639 852 916
647 -925 -190 -755 640 852 915
648 -926 -190 -748 641 851 914
649 -923 -189 -751 640 851 913
650 -922 -191 -754 639 853 914
651 -922 -193 -753 640 851 915
652 -922 -190 -759 643 850 916
653 -924 -189 -756 639 851 911
654 -926 -194 -754 641 852 913
655 -922 -193 -755 638 848 918
656 -918 -190 -752 643 854 917
657 -920 -188 -755 639 853 916
658 -921 -191 -752 642 852 917
659 -920 -191 -754 638 853 917
660 -924 -190 -754 637 855 912
661 -929 -192 -754 639 855 914
662 -921 -192 -753 642 857 913
663 -926 -192 -755 643 851 913
664 -925 -189 -752 639 852 915
665 -927 -190 -754 642 856 911
666 -923 -189 -753 641 852 915
667 -925 -190 -750 641 850 917
668 -926 -190 -753 639 853 915
669 -924 -191 -753 641 853 909
670 -925 -191 -753 638 852 914
671 -928 -194 -753 640 852 913
672 -924 -191 -755 641 850 910
673 -922 -190 -755 641 852 912
674 -923 -192 -756 642 852 917
675 -926 -189 -753 638 854 916
676 -919 -190 -757 643 851 915
677 -920 -190 -753 639 853 917
678 -925 -191 -753 640 853 916
679 -925 -191 -752 641 852 914
680 -922 -191 -753 643 854 918
681 -921 -189 -751 642 852 915
682 -925 -194 -751 640 853 914
683 -926 -188 -756 640 855 915
684 -927 -192 -757 637 853 917
685 -923 -190 -751 642 852 914
686 -922 -191 -752 641 855 916
687 -926 -187 -753 643 855 916
688 -925 -193 -754 640 853 916
689 -925 -190 -752 641 854 915
690 -924 -189 -750 642 855 914
691 -927 -190 -754 638 854 914
692 -926 -192 -756 642 855 915
693 -921 -191 -753 640 853 918
694 -925 -192 -752 642 853 915
695 -927 -191 -754 641 853 912
696 -922 -191 -753 641 852 913
697 -922 -194 -754 642 851 913
698 -923 -192 -754 641 855 914
699 -924 -193 -756 644 856 918
700 -924 -190 -751 642 847 917
701 -922 -190 -752 641 850 914
702 -923 -193 -752 641 854 914
703 -924 -191 -752 637 854 912
704 -929 -192 -753 640 850 915
705 -926 -194 -755 641 852 912
706 -924 -193 -754 638 852 911
707 -924 -193 -753 641 855 912
708 -927 -191 -754 639 851 914
709 -925 -190 -752 641 852 911
710 -923 -189 -754 643 853 913
711 -927 -190 -751 638 852 913
712 -927 -193 -752 641 854 911
713 -924 -188 -751 640 854 913
714 -923 -193 -750 641 848 911
715 -926 -190 -753 639 850 913
716 -925 -193 -755 640 855 912
717 -924 -191 -753 639 853 910
718 -922 -193 -752 641 851 912
719 -924 -193 -755 640 847 912
720 -922 -191 -758 640 847 915
721 -925 -193 -755 638 852 915
722 -923 -192 -754 640 851 913
723 -922 -190 -754 639 851 913
724 -925 -189 -753 640 850 915
725 -928 -194 -755 639 848 914
726 -923 -191 -753 642 851 913
727 -925 -193 -755 638 853 913
728 -925 -191 -755 639 849 916
729 -925 -191 -755 643 854 917
730 -925 -191 -756 641 852 914
731 -923 -192 -752 641 852 911
732 -929 -192 -756 640 851 912
733 -924 -191 -756 640 851 914
734 -925 -192 -755 638 849 910
735 -926 -191 -759 638 850 914
736 -926 -191 -753 641 852 913
737 -925 -190 -754 640 852 913
738 -925 -193 -754 641 850 914
739 -924 -195 -755 640 851 913
740 -923 -194 -752 642 852 914
741 -925 -188 -753 642 852 912
742 -923 -197 -754 644 849 915
743 -922 -189 -756 643 854 915
744 -923 -191 -754 642 853 915
745 -921 -193 -753 641 850 915
746 -929 -192 -753 637 850 910
747 -926 -191 -756 640 851 916
748 -924 -189 -753 638 849 914
749 -926 -190 -755 641 853 912
750 -925 -190 -756 641 853 913
751 -923 -194 -753 642 850 914
752 -928 -190 -750 642 848 912
753 -924 -192 -754 641 852 913
754 -925 -191 -753 640 850 912
755 -924 -191 -750 639 848 909
756 -924 -191 -754 643 853 914
757 -925 -189 -753 641 849 914
758 -925 -188 -754 638 849 914
759 -925 -191 -755 640 849 909
760 -924 -192 -754 642 851 911
761 -925 -193 -759 640 849 912
762 -924 -192 -754 642 852 912
763 -927 -192 -753 638 850 915
764 -923 -192 -754 641 849 915
765 -922 -191 -755 644 846 914
766 -925 -187 -754 642 849 916
767 -924 -189 -752 646 852 915
768 -925 -190 -756 643 851 912
769 -922 -188 -750 642 854 916
770 -923 -190 -753 644 846 911
771 -926 -191 -753 642 849 911
772 -926 -193 -755 641 846 914
773 -921 -190 -751 642 850 915
774 -924 -190 -753 642 849 913
775 -928 -190 -752 642 853 911
776 -928 -193 -756 643 850 910
777 -926 -193 -753 639 847 910
778 -926 -194 -755 639 849 911
779 -929 -191 -755 640 852 916
780 -926 -192 -756 642 849 916
781 -923 -192 -757 640 846 910
782 -928 -193 -756 639 850 912
783 -925 -193 -756 642 849 910
784 -924 -189 -754 643 849 913
785 -924 -190 -754 642 848 913
786 -927 -188 -753 645 853 915
787 -923 -193 -753 643 851 914
788 -922 -189 -754 643 851 913
789 -925 -191 -751 642 849 910
790 -926 -193 -753 641 847 911
791 -927 -191 -755 640 851 914
792 -929 -190 -755 642 848 911
793 -925 -191 -758 640 846 910
794 -927 -195 -753 640 848 914
795 -930 -193 -755 642 850 912
796 -928 -189 -751 640 849 913
797 -928 -193 -755 642 851 911
798 -929 -192 -753 642 845 914
799 -926 -193 -750 642 849 910
800 -931 -195 -754 641 851 908
801 -926 -188 -753 637 847 911
802 -926 -189 -754 637 848 907
803 -928 -193 -755 640 848 909
804 -925 -193 -756 642 846 917
805 -925 -188 -758 644 849 911
806 -925 -192 -759 642 847 910
807 -925 -193 -758 641 849 911
808 -924 -191 -757 642 849 915
809 -924 -195 -755 645 847 914
810 -927 -193 -752 641 846 912
811 -924 -192 -757 643 847 912
812 -925 -190 -755 642 848 914
813 -925 -188 -754 642 847 914
814 -924 -189 -752 643 848 916
815 -921 -193 -750 646 850 916
816 -924 -193 -753 645 850 911
817 -925 -190 -753 645 849 915
818 -924 -190 -753 642 850 914
819 -924 -189 -750 642 849 914
820 -928 -193 -751 644 852 912
821 -923 -189 -753 642 851 914
822 -926 -189 -752 643 847 913
823 -921 -191 -754 642 846 913
824 -924 -187 -752 642 850 915
825 -926 -187 -756 641 846 912
826 -923 -193 -754 639 846 914
827 -927 -191 -754 645 849 910
828 -925 -192 -759 638 849 914
829 -923 -189 -755 644 847 917
830 -922 -189 -755 645 847 911
831 -925 -189 -759 645 849 915
832 -926 -194 -756 641 846 913
833 -923 -193 -755 643 851 913
834 -928 -195 -755 642 846 911
835 -924 -191 -752 644 849 912
836 -928 -190 -752 640 845 907
837 -928 -195 -757 637 846 913
838 -926 -192 -752 643 849 909
839 -926 -194 -755 642 849 911
840 -927 -190 -754 640 847 915
841 -927 -191 -755 643 847 911
842 -925 -190 -750 640 845 911
843 -928 -192 -755 637 849 912
844 -928 -191 -757 644 847 908
845 -924 -194 -757 642 846 911
846 -926 -191 -757 642 850 911
847 -925 -191 -757 644 852 911
848 -925 -192 -755 644 844 912
849 -923 -192 -757 642 847 910
850 -922 -190 -756 642 847 914
851 -924 -195 -757 645 847 914
852 -925 -192 -754 643 849 914
853 -928 -193 -756 641 847 911
854 -924 -192 -755 642 847 911
855 -930 -194 -754 643 843 908
856 -927 -192 -754 642 846 913
857 -925 -192 -750 643 848 911
858 -926 -195 -755 643 849 913
859 -928 -192 -754 639 848 913
860 -928 -194 -757 645 848 912
861 -928 -191 -753 639 849 913
862 -930 -195 -752 644 851 914
863 -926 -192 -753 647 850 914
864 -928 -190 -753 645 847 915
865 -926 -193 -754 645 843 909
866 -925 -193 -752 643 850 911
867 -923 -193 -757 643 847 909
868 -927 -191 -753 642 849 913
869 -923 -191 -759 644 847 911
870 -925 -194 -754 645 851 913
871 -924 -189 -755 644 848 917
872 -921 -192 -754 644 848 913
873 -923 -189 -753 648 853 915
874 -921 -189 -753 645 848 916
875 -924 -191 -752 647 849 916
876 -925 -191 -752 643 848 912
877 -925 -192 -755 646 847 913
878 -928 -187 -754 643 849 915
879 -924 -193 -751 641 847 911
880 -925 -192 -755 644 850 913
881 -925 -191 -752 646 849 912
882 -926 -189 -751 646 851 914
883 -926 -189 -754 647 854 916
884 -925 -187 -751 640 853 912
885 -928 -191 -752 641 847 913
886 -922 -193 -753 641 847 914
887 -925 -189 -752 644 851 911
888 -924 -188 -751 642 850 908
889 -925 -189 -754 644 852 911
890 -925 -188 -753 637 849 913
891 -922 -194 -754 644 849 911
892 -922 -191 -752 646 847 917
893 -921 -189 -753 642 846 912
894 -926 -190 -756 643 849 915
895 -924 -190 -755 644 848 915
896 -926 -189 -756 643 847 914
897 -924 -190 -751 643 848 912
898 -923 -194 -749 643 849 908
899 -920 -193 -754 642 850 912
900 -923 -190 -753 641 849 912
901 -924 -193 -753 644 848 915
902 -925 -190 -754 638 847 916
903 -924 -190 -752 640 847 915
904 -925 -191 -752 644 848 914
905 -927 -192 -752 644 849 911
906 -924 -189 -755 642 851 916
907 -927 -192 -755 640 848 916
908 -927 -189 -753 641 849 913
909 -926 -191 -756 639 850 916
910 -924 -193 -752 641 849 915
911 -925 -193 -754 639 850 914
912 -925 -192 -754 641 850 916
913 -922 -189 -752 639 850 914
914 -923 -193 -754 643 849 916
915 -922 -189 -754 645 848 913
916 -921 -192 -755 644 848 915
917 -921 -187 -753 643 848 914
918 -920 -191 -753 643 849 913
919 -923 -191 -757 643 852 915
920 -923 -188 -749 642 849 910
921 -925 -191 -755 642 848 911
922 -922 -192 -752 644 848 912
923 -925 -191 -756 643 850 913
924 -928 -191 -753 640 846 913
925 -927 -190 -752 643 850 915
926 -926 -188 -752 643 852 914
927 -926 -195 -753 644 851 914
928 -924 -188 -754 644 850 910
929 -926 -190 -751 641 850 914
930 -925 -190 -756 644 847 914
931 -924 -188 -752 642 850 914
932 -919 -192 -755 642 851 913
933 -924 -191 -757 645 850 914
934 -922 -192 -755 644 846 915
935 -921 -188 -755 644 850 915
936 -923 -190 -754 644 851 914
937 -920 -187 -752 644 851 918
938 -926 -189 -754 645 850 914
939 -924 -188 -752 643 851 912
940 -920 -188 -754 645 848 914
941 -925 -190 -754 644 850 914
942 -924 -190 -751 641 851 912
943 -924 -187 -750 642 853 916
944 -927 -193 -754 644 850 914
945 -925 -195 -757 643 851 914
946 -928 -193 -754 641 854 914
947 -923 -190 -754 643 848 914
948 -926 -194 -748 645 851 915
949 -927 -193 -755 639 851 911
950 -925 -189 -752 647 850 914
951 -926 -192 -751 643 846 909
952 -923 -190 -754 642 852 912
953 -919 -189 -752 647 853 916
954 -924 -191 -751 638 847 915
955 -921 -188 -754 643 851 915
956 -922 -191 -754 641 854 917
957 -925 -191 -750 642 847 914
958 -923 -191 -752 644 851 911
959 -923 -192 -753 645 847 914
960 -924 -192 -754 641 855 912
961 -926 -193 -753 643 853 915
962 -927 -189 -756 643 849 915
963 -925 -190 -751 644 852 911
964 -925 -189 -753 645 855 913
965 -927 -189 -750 642 854 911
966 -927 -190 -752 641 854 910
967 -925 -191 -752 639 850 914
968 -923 -192 -751 642 850 916
969 -927 -195 -753 641 848 910
970 -923 -189 -756 641 848 912
971 -929 -196 -755 642 851 912
972 -927 -189 -754 638 848 913
973 -923 -195 -753 638 850 910
974 -929 -193 -752 643 848 913
975 -924 -192 -758 638 846 912
976 -924 -196 -760 638 848 912
977 -925 -192 -756 640 849 910
978 -926 -194 -756 640 849 916
979 -923 -192 -755 640 848 914
980 -926 -194 -754 641 845 911
981 -922 -193 -754 640 851 913
982 -927 -193 -758 642 849 915
983 -927 -188 -752 641 851 914
984 -929 -191 -751 641 854 912
985 -926 -197 -757 639 852 916
986 -927 -194 -753 641 850 910
987 -928 -192 -754 641 850 911
988 -925 -190 -753 641 851 914
989 -924 -192 -755 643 851 914
990 -923 -188 -750 643 853 912
991 -925 -190 -750 644 850 914
992 -926 -190 -753 638 855 913
993 -924 -191 -754 644 851 915
994 -927 -189 -752 642 851 911
995 -925 -191 -755 637 851 912
996 -924 -191 -753 641 854 910
997 -928 -193 -753 637 849 913
998 -925 -193 -756 642 853 916
999 -924 -192 -754 644 852 915
0 1948 -37 -364 4991 5719 542
1 1945 -35 -364 4990 5717 544
2 1943 -39 -363 4988 5715 542
3 1945 -37 -364 4990 5718 537
4 1945 -35 -365 4991 5718 539
5 1944 -34 -363 4992 5723 542
6 1947 -35 -362 4991 5720 537
7 1939 -37 -364 4990 5716 539
8 1946 -37 -367 4991 5721 538
9 1945 -36 -366 4996 5719 540
10 1948 -37 -364 4994 5716 538
11 1944 -38 -368 4995 5719 539
12 1952 -36 -366 4998 5721 540
13 1947 -37 -365 5000 5721 539
14 1951 -31 -365 4998 5715 539
15 1951 -34 -363 4998 5721 542
16 1949 -36 -362 5002 5716 539
17 1947 -33 -367 5004 5718 539
18 1948 -35 -364 5003 5715 539
19 1944 -36 -364 5000 5714 537
20 1947 -37 -360 5001 5718 539
21 1945 -41 -362 5002 5714 540
22 1946 -35 -365 5003 5715 541
23 1948 -35 -363 5002 5715 536
24 1943 -38 -365 5002 5713 538
25 1944 -37 -366 5005 5715 538
26 1947 -34 -365 5007 5712 537
27 1945 -35 -364 5004 5715 536
28 1944 -34 -366 5002 5711 538
29 1944 -35 -366 5007 5709 537
30 1944 -34 -363 5004 5711 537
31 1948 -33 -366 5007 5712 537
32 1950 -35 -364 5007 5712 538
33 1950 -36 -364 5012 5711 538
34 1950 -35 -364 5009 5709 538
35 1952 -34 -365 5011 5715 537
36 1948 -32 -362 5011 5715 542
37 1953 -35 -364 5014 5715 539
38 1954 -36 -364 5013 5713 540
39 1954 -31 -362 5014 5717 542
40 1951 -32 -366 5013 5713 538
41 1953 -33 -366 5014 5717 537
42 1952 -33 -364 5015 5713 538
43 1951 -32 -363 5015 5716 538
44 1950 -31 -364 5010 5711 538
45 1949 -35 -362 5010 5708 536
46 1950 -31 -361 5011 5708 536
47 1951 -35 -365 5010 5706 540
48 1947 -35 -364 5010 5707 535
49 1950 -33 -366 5007 5703 542
50 1948 -36 -359 5005 5701 537
51 1946 -37 -363 5005 5704 537
52 1949 -34 -368 5006 5701 536
53 1949 -31 -367 5005 5697 535
54 1949 -33 -364 5006 5699 540
55 1950 -35 -363 5004 5696 540
56 1949 -34 -369 5004 5699 538
57 1950 -35 -366 5005 5697 539
58 1949 -36 -365 5003 5697 539
59 1951 -38 -367 5007 5696 541
60 1949 -35 -367 5007 5699 539
61 1950 -34 -365 5013 5698 539
62 1952 -33 -368 5011 5698 539
63 1950 -35 -369 5008 5695 536
64 1950 -33 -367 5010 5699 539
65 1954 -38 -365 5010 5698 540
66 1955 -33 -365 5013 5697 539
67 1953 -36 -366 5016 5701 540
68 1952 -32 -363 5014 5701 541
69 1950 -34 -365 5014 5698 541
70 1955 -34 -365 5012 5702 540
71 1954 -33 -364 5012 5700 539
72 1954 -34 -363 5016 5697 540
73 1955 -32 -362 5014 5697 539
74 1959 -32 -364 5015 5693 540
75 1956 -35 -364 5014 5697 541
76 1953 -32 -367 5013 5693 540
77 1954 -32 -367 5012 5694 538
78 1958 -28 -366 5013 5692 542
79 1958 -35 -369 5014 5692 542
80 1955 -28 -364 5015 5692 539
81 1955 -31 -365 5015 5694 540
82 1959 -29 -364 5015 5691 539
83 1953 -32 -362 5014 5691 539
84 1957 -32 -365 5017 5691 542
85 1957 -29 -366 5017 5686 537
86 1957 -32 -366 5019 5691 542
87 1956 -33 -363 5019 5689 541
88 1953 -30 -365 5019 5689 539
89 1955 -29 -366 5021 5694 540
90 1958 -32 -367 5022 5690 541
91 1956 -30 -364 5022 5691 542
92 1956 -27 -363 5027 5696 541
93 1958 -30 -362 5025 5692 538
94 1959 -28 -363 5022 5690 538
95 1960 -32 -362 5025 5690 539
96 1959 -33 -364 5024 5689 539
97 1956 -34 -367 5024 5692 539
98 1958 -30 -366 5025 5690 541
99 1960 -30 -369 5021 5686 541
100 1957 -33 -365 5024 5685 537
101 1958 -32 -366 5026 5688 541
102 1961 -34 -367 5026 5684 539
103 1957 -30 -365 5022 5684 538
104 1959 -28 -362 5023 5683 542
105 1955 -31 -365 5021 5685 540
106 1956 -31 -366 5021 5682 539
107 1957 -31 -365 5021 5681 541
108 1954 -27 -365 5023 5681 540
109 1957 -30 -363 5024 5681 537
110 1956 -29 -366 5026 5683 543
111 1957 -28 -365 5024 5684 542
112 1958 -26 -364 5026 5682 540
113 1959 -32 -367 5024 5685 540
114 1956 -30 -365 5029 5681 538
115 1959 -29 -364 5026 5684 538
116 1961 -29 -366 5029 5684 540
117 1957 -32 -368 5028 5684 538
118 1959 -28 -368 5029 5681 537
119 1963 -32 -366 5029 5684 539
120 1958 -31 -368 5032 5683 541
121 1963 -34 -366 5035 5682 540
122 1964 -31 -366 5033 5681 542
123 1965 -27 -364 5033 5683 541
124 1965 -28 -366 5033 5681 542
125 1963 -29 -362 5030 5679 540
126 1960 -31 -364 5030 5679 539
127 1961 -28 -365 5029 5679 540
128 1962 -30 -368 5028 5679 540
129 1965 -29 -368 5029 5675 544
130 1960 -28 -364 5033 5678 540
131 1959 -30 -366 5026 5678 542
132 1959 -28 -365 5030 5677 536
133 1963 -32 -368 5031 5677 542
134 1963 -31 -365 5029 5674 539
135 1963 -30 -365 5027 5673 537
136 1964 -29 -367 5031 5675 541
137 1964 -31 -364 5030 5675 538
138 1966 -29 -365 5031 5671 541
139 1966 -28 -368 5027 5674 539
140 1965 -31 -370 5029 5676 539
141 1967 -29 -368 5028 5671 539
142 1969 -28 -369 5031 5675 542
143 1965 -28 -369 5032 5675 540
144 1968 -24 -366 5029 5675 539
145 1972 -31 -364 5036 5673 540
146 1970 -29 -366 5029 5672 542
147 1971 -28 -369 5031 5670 541
148 1968 -30 -366 5027 5672 541
149 1968 -29 -369 5026 5672 543
150 1968 -28 -367 5029 5671 543
151 1966 -28 -366 5026 5668 542
152 1968 -29 -364 5027 5673 544
153 1969 -27 -365 5025 5667 542
154 1967 -27 -368 5025 5666 542
155 1969 -26 -366 5023 5664 539
156 1968 -31 -366 5022 5663 540
157 1969 -28 -368 5021 5664 542
158 1967 -28 -367 5023 5661 545
159 1971 -31 -370 5017 5660 542
160 1969 -31 -367 5021 5660 541
161 1971 -26 -370 5018 5666 539
162 1969 -30 -373 5020 5664 544
163 1971 -29 -369 5021 5659 540
164 1974 -31 -371 5023 5664 540
165 1976 -29 -370 5024 5664 543
166 1978 -28 -371 5023 5663 546
167 1975 -27 -368 5025 5667 543
168 1978 -27 -369 5025 5661 543
169 1976 -27 -371 5023 5662 544
170 1981 -24 -369 5024 5662 544
171 1977 -26 -366 5026 5662 542
172 1978 -24 -366 5027 5668 544
173 1976 -27 -365 5024 5663 541
174 1978 -27 -369 5027 5665 545
175 1979 -28 -366 5027 5662 539
176 1979 -30 -370 5028 5663 542
177 1976 -26 -369 5030 5662 545
178 1978 -27 -368 5029 5665 544
179 1978 -27 -368 5026 5662 542
180 1979 -29 -368 5028 5660 541
181 1977 -28 -370 5028 5663 544
182 1979 -24 -366 5029 5661 543
183 1982 -28 -368 5027 5661 540
184 1981 -25 -368 5026 5663 542
185 1980 -27 -369 5028 5664 546
186 1982 -27 -369 5028 5660 544
187 1979 -27 -367 5029 5659 542
188 1980 -24 -369 5031 5663 539
189 1983 -26 -366 5030 5662 547
190 1984 -22 -366 5032 5664 545
191 1983 -24 -365 5029 5659 547
192 1980 -24 -367 5031 5656 543
193 1982 -25 -369 5026 5659 544
194 1982 -26 -370 5031 5660 544
195 1982 -24 -367 5032 5663 542
196 1985 -26 -366 5028 5660 541
197 1981 -26 -368 5029 5656 542
198 1984 -25 -368 5030 5661 549
199 1983 -23 -369 5033 5660 546
200 1983 -28 -368 5033 5659 542
201 1983 -27 -369 5033 5662 544
202 1986 -27 -366 5036 5661 540
203 1982 -28 -370 5031 5660 540
204 1986 -27 -370 5035 5661 543
205 1989 -28 -370 5032 5661 544
206 1989 -27 -369 5029 5660 541
207 1984 -29 -369 5032 5659 544
208 1987 -28 -370 5034 5659 543
209 1991 -26 -372 5033 5657 542
210 1990 -25 -369 5034 5660 547
211 1987 -21 -370 5032 5660 545
212 1989 -27 -370 5034 5657 546
213 1986 -24 -369 5035 5657 545
214 1988 -22 -368 5027 5655 545
215 1989 -25 -370 5028 5655 542
216 1987 -28 -371 5025 5655 545
217 1989 -21 -368 5027 5658 544
218 1989 -25 -369 5024 5652 541
219 1987 -27 -370 5024 5651 540
220 1990 -23 -372 5026 5649 545
221 1988 -25 -368 5024 5649 544
222 1986 -25 -367 5024 5651 543
223 1988 -22 -366 5026 5651 543
224 1985 -28 -369 5021 5646 542
225 1987 -29 -372 5022 5648 543
226 1988 -25 -372 5021 5649 544
227 1991 -26 -370 5023 5649 542
228 1990 -24 -369 5025 5649 548
229 1994 -22 -368 5026 5651 547
230 1992 -22 -372 5018 5649 546
231 1994 -31 -374 5024 5649 544
232 1997 -26 -372 5024 5647 548
233 1995 -23 -371 5024 5649 544
234 1993 -26 -370 5021 5648 543
235 1998 -25 -371 5020 5650 548
236 1993 -25 -368 5018 5648 547
237 1994 -27 -371 5022 5648 544
238 1991 -27 -370 5020 5647 546
239 1994 -27 -372 5016 5649 548
240 1992 -25 -370 5017 5647 547
241 1996 -29 -372 5016 5646 544
242 1992 -26 -368 5018 5649 546
243 1995 -26 -370 5016 5647 544
244 1996 -26 -371 5017 5648 546
245 1998 -27 -367 5012 5647 547
246 1994 -27 -370 5013 5650 543
247 1998 -29 -371 5013 5649 545
248 1999 -25 -374 5015 5646 546
249 1997 -28 -372 5015 5648 543
250 1997 -28 -371 5011 5647 543
251 1998 -28 -375 5009 5646 546
252 1999 -31 -375 5013 5643 545
253 2000 -29 -371 5013 5648 545
254 2003 -25 -369 5017 5650 549
255 2001 -23 -372 5014 5651 547
256 1997 -25 -369 5015 5649 550
257 2005 -27 -369 5012 5649 549
258 2004 -25 -372 5011 5649 550
259 2008 -28 -374 5011 5650 543
260 2003 -25 -368 5012 5648 546
261 2005 -23 -372 5014 5650 548
262 2003 -28 -373 5012 5647 543
263 2003 -28 -374 5014 5649 547
264 2005 -28 -370 5008 5652 546
265 2005 -24 -372 5010 5652 548
266 2007 -27 -372 5012 5651 545
267 2007 -24 -371 5011 5651 547
268 2007 -26 -369 5010 5648 549
269 2006 -27 -370 5009 5650 547
270 2011 -27 -373 5009 5651 547
271 2007 -31 -379 5009 5651 547
272 2009 -29 -372 5009 5650 547
273 2006 -26 -373 5007 5648 547
274 2012 -27 -371 5008 5649 545
275 2008 -24 -372 5006 5649 546
276 2010 -26 -374 5008 5650 548
277 2009 -27 -372 5003 5652 551
278 2010 -26 -375 5000 5650 548
279 2008 -28 -371 5006 5651 546
280 2011 -27 -370 5005 5652 547
281 2010 -26 -370 5004 5647 549
282 2010 -27 -373 5001 5648 546
283 2011 -29 -374 5004 5649 549
284 2010 -27 -374 5007 5650 546
285 2013 -29 -374 5001 5648 548
286 2012 -27 -374 5003 5652 549
287 2016 -25 -371 5004 5652 544
288 2012 -30 -374 5003 5652 546
289 2010 -28 -372 5004 5650 546
290 2014 -30 -375 5003 5651 547
291 2017 -30 -375 5001 5652 545
292 2014 -26 -374 5002 5653 547
293 2017 -23 -374 5003 5653 549
294 2017 -26 -375 5003 5652 548
295 2019 -29 -370 5004 5652 550
296 2017 -25 -373 5004 5652 547
297 2020 -26 -374 5002 5655 550
298 2019 -24 -376 5004 5651 551
299 2018 -24 -373 5004 5649 549
300 2019 -27 -371 4999 5654 553
301 2018 -26 -369 5001 5651 548
302 2015 -27 -375 4999 5652 550
303 2017 -26 -371 4999 5651 551
304 2020 -26 -374 4997 5648 550
305 2017 -26 -371 5000 5653 550
306 2012 -26 -367 5001 5651 548
307 2016 -26 -374 4997 5652 549
308 2017 -27 -374 5000 5651 546
309 2018 -26 -370 4999 5650 550
310 2017 -24 -373 4994 5651 545
311 2015 -28 -374 4998 5649 553
312 2019 -23 -373 4999 5648 549
313 2017 -25 -371 4997 5653 550
314 2020 -24 -374 4995 5652 550
315 2020 -27 -376 4999 5648 552
316 2020 -25 -376 4995 5646 548
317 2019 -28 -377 4996 5647 551
318 2019 -31 -373 4995 5652 550
319 2017 -29 -376 4996 5651 551
320 2017 -28 -374 4998 5653 550
321 2021 -24 -370 4994 5652 551
322 2016 -22 -373 4992 5649 551
323 2021 -27 -376 4993 5650 552
324 2019 -28 -372 4995 5653 552
325 2015 -30 -373 4992 5650 547
326 2018 -26 -375 4991 5648 551
327 2014 -29 -373 4994 5655 549
328 2018 -25 -372 4993 5649 548
329 2017 -25 -374 4987 5647 548
330 2020 -26 -373 4986 5652 552
331 2020 -29 -375 4989 5650 551
332 2020 -26 -372 4989 5646 542
333 2018 -29 -375 4992 5648 551
334 2023 -28 -374 4987 5648 548
335 2018 -28 -377 4985 5647 551
336 2018 -31 -378 4989 5650 547
337 2021 -30 -378 4987 5650 550
338 2024 -27 -373 4988 5649 549
339 2020 -25 -373 4989 5652 549
340 2024 -28 -374 4988 5652 549
341 2024 -26 -375 4989 5652 548
342 2023 -22 -372 4988 5655 553
343 2025 -29 -372 4989 5653 550
344 2024 -27 -374 4988 5657 548
345 2021 -27 -373 4988 5655 552
346 2024 -26 -373 4989 5655 551
347 2023 -29 -372 4987 5656 550
348 2023 -28 -373 4985 5658 550
349 2024 -29 -372 4988 5657 548
350 2025 -26 -376 4986 5658 549
351 2025 -27 -374 4984 5655 551
352 2025 -25 -375 4984 5657 548
353 2027 -28 -376 4979 5658 550
354 2024 -27 -374 4975 5657 551
355 2028 -29 -375 4981 5653 553
356 2025 -25 -376 4983 5654 547
357 2025 -31 -377 4977 5655 552
358 2027 -28 -376 4979 5656 551
359 2029 -25 -373 4982 5657 552
360 2029 -25 -375 4981 5659 553
361 2029 -27 -374 4977 5655 549
362 2031 -28 -378 4977 5656 555
363 2030 -27 -372 4975 5659 553
364 2028 -28 -374 4981 5659 551
365 2034 -28 -375 4977 5657 552
366 2029 -32 -375 4978 5662 555
367 2028 -29 -375 4975 5661 553
368 2032 -30 -378 4977 5663 549
369 2033 -26 -376 4983 5666 552
370 2033 -22 -371 4978 5664 554
371 2033 -26 -372 4977 5666 555
372 2037 -27 -369 4978 5666 552
373 2036 -27 -371 4977 5667 555
374 2032 -27 -374 4978 5665 551
375 2034 -25 -372 4974 5664 554
376 2035 -30 -373 4973 5667 552
377 2038 -27 -372 4974 5667 551
378 2038 -28 -371 4975 5667 557
379 2038 -29 -375 4975 5665 553
380 2036 -28 -372 4968 5663 553
381 2038 -26 -376 4973 5669 555
382 2040 -24 -374 4973 5667 553
383 2040 -25 -372 4964 5665 556
384 2039 -28 -378 4968 5665 557
385 2040 -25 -375 4965 5669 555
386 2040 -27 -373 4967 5666 556
387 2040 -31 -370 4962 5662 552
388 2035 -28 -374 4960 5665 557
389 2034 -31 -374 4960 5665 557
390 2037 -29 -374 4962 5666 556
391 2037 -28 -375 4961 5664 559
392 2040 -29 -375 4958 5666 553
393 2037 -26 -373 4962 5669 553
394 2039 -27 -374 4960 5669 554
395 2035 -27 -373 4958 5669 553
396 2036 -27 -372 4957 5669 555
397 2041 -28 -374 4953 5669 556
398 2040 -34 -376 4956 5669 555
399 2036 -27 -377 4952 5667 552
400 2038 -31 -373 4956 5668 553
401 2039 -32 -374 4954 5671 553
402 2042 -28 -376 4956 5667 552
403 2041 -29 -375 4954 5668 552
404 2041 -27 -373 4953 5674 556
405 2041 -30 -376 4953 5667 553
406 2040 -31 -378 4953 5670 555
407 2032 -30 -377 4956 5671 554
408 2038 -25 -373 4953 5669 555
409 2044 -31 -377 4950 5671 557
410 2039 -29 -376 4947 5670 553
411 2040 -33 -374 4948 5668 554
412 2038 -29 -373 4946 5667 554
413 2038 -31 -375 4947 5669 556
414 2039 -27 -376 4946 5672 554
415 2036 -32 -374 4949 5672 555
416 2037 -30 -374 4947 5670 556
417 2038 -29 -374 4948 5673 555
418 2037 -31 -375 4947 5672 556
419 2039 -28 -374 4947 5672 558
420 2036 -32 -376 4951 5673 557
421 2041 -28 -373 4947 5676 557
422 2039 -31 -374 4950 5680 554
423 2040 -27 -373 4951 5675 559
424 2042 -32 -377 4952 5676 558
425 2041 -30 -375 4955 5680 557
426 2043 -30 -375 4951 5678 554
427 2042 -30 -374 4950 5678 556
428 2044 -27 -373 4953 5682 554
429 2043 -27 -375 4955 5683 560
430 2041 -27 -371 4951 5682 557
431 2040 -28 -373 4951 5683 558
432 2039 -33 -374 4950 5685 556
433 2037 -29 -374 4948 5681 556
434 2038 -32 -375 4950 5686 555
435 2039 -29 -378 4951 5681 554
436 2037 -32 -372 4948 5684 552
437 2035 -30 -377 4949 5686 555
438 2037 -31 -374 4947 5680 556
439 2036 -29 -373 4948 5679 551
440 2036 -33 -373 4949 5682 554
441 2037 -32 -372 4944 5677 551
442 2035 -32 -375 4945 5681 553
443 2039 -29 -374 4946 5685 554
444 2038 -28 -376 4944 5683 556
445 2039 -30 -376 4942 5685 556
446 2040 -31 -377 4945 5685 555
447 2038 -33 -375 4945 5686 557
448 2040 -32 -376 4942 5685 554
449 2040 -28 -376 4947 5688 559
450 2038 -28 -375 4946 5689 558
451 2042 -30 -371 4948 5687 554
452 2039 -30 -372 4945 5689 557
453 2040 -31 -374 4946 5690 555
454 2041 -27 -370 4944 5690 558
455 2039 -30 -372 4945 5692 557
456 2040 -27 -370 4943 5693 556
457 2039 -25 -375 4940 5693 559
458 2038 -33 -373 4943 5694 557
459 2039 -30 -372 4942 5689 555
460 2037 -30 -370 4937 5691 555
461 2041 -29 -370 4942 5691 555
462 2041 -30 -372 4941 5691 556
463 2041 -31 -378 4940 5695 557
464 2041 -32 -370 4937 5690 555
465 2042 -29 -373 4934 5692 554
466 2040 -33 -373 4937 5692 556
467 2043 -30 -375 4938 5692 557
468 2041 -29 -372 4936 5691 559
469 2040 -28 -375 4933 5692 558
470 2041 -32 -377 4934 5692 557
471 2039 -30 -373 4933 5695 561
472 2042 -28 -372 4934 5692 557
473 2041 -29 -373 4929 5695 558
474 2041 -32 -371 4932 5694 559
475 2040 -32 -374 4930 5695 560
476 2041 -31 -370 4936 5695 556
477 2040 -31 -372 4928 5696 555
478 2040 -28 -375 4932 5697 556
479 2039 -35 -371 4928 5699 560
480 2043 -29 -371 4928 5699 555
481 2038 -33 -370 4930 5699 560
482 2041 -35 -371 4925 5699 557
483 2038 -33 -371 4927 5699 555
484 2041 -36 -375 4927 5698 553
485 2036 -35 -374 4929 5702 553
486 2039 -31 -376 4926 5701 558
487 2039 -34 -369 4922 5700 556
488 2040 -33 -375 4927 5700 555
489 2041 -34 -372 4923 5699 557
490 2036 -34 -374 4921 5699 557
491 2042 -35 -377 4923 5699 559
492 2042 -35 -374 4922 5705 557
493 2042 -32 -376 4922 5700 558
494 2037 -37 -375 4919 5703 558
495 2042 -32 -372 4920 5701 558
496 2036 -38 -374 4917 5700 556
497 2036 -32 -373 4918 5703 559
498 2035 -34 -375 4919 5706 558
499 2037 -35 -376 4917 5702 556
500 2037 -33 -374 4918 5703 555
501 2036 -33 -376 4922 5702 557
502 2035 -36 -372 4920 5707 560
503 2036 -35 -372 4919 5704 555
504 2034 -38 -372 4918 5707 554
505 2039 -35 -372 4917 5708 557
506 2031 -33 -374 4917 5709 550
507 2036 -35 -374 4917 5707 552
508 2037 -35 -378 4920 5712 554
509 2036 -35 -372 4918 5711 554
510 2036 -32 -374 4923 5712 556
511 2038 -37 -378 4920 5708 556
512 2035 -35 -376 4919 5712 553
513 2039 -37 -373 4922 5714 555
514 2034 -35 -376 4923 5714 556
515 2034 -33 -374 4921 5717 557
516 2036 -34 -373 4917 5716 559
517 2038 -36 -369 4920 5717 555
518 2035 -35 -373 4921 5716 556
519 2033 -35 -375 4920 5717 556
520 2029 -35 -371 4917 5717 554
521 2032 -33 -371 4918 5717 555
522 2032 -35 -373 4914 5716 557
523 2028 -38 -371 4916 5716 559
524 2032 -36 -372 4915 5721 555
525 2030 -35 -369 4918 5715 554
526 2029 -33 -370 4914 5720 553
527 2026 -35 -374 4913 5721 555
528 2025 -36 -370 4915 5716 554
529 2027 -33 -368 4915 5719 557
530 2030 -36 -375 4914 5718 554
531 2032 -34 -372 4918 5718 556
532 2032 -36 -374 4914 5718 552
533 2032 -31 -371 4916 5722 555
534 2030 -37 -373 4915 5726 557
535 2034 -34 -369 4917 5723 555
536 2030 -34 -374 4921 5728 558
537 2033 -34 -372 4919 5727 556
538 2029 -33 -372 4918 5726 557
539 2028 -38 -373 4915 5727 560
540 2026 -34 -370 4918 5727 555
541 2026 -37 -372 4917 5727 553
542 2029 -33 -372 4923 5727 558
543 2027 -39 -368 4919 5727 557
544 2027 -33 -370 4918 5728 555
545 2025 -32 -369 4917 5729 557
546 2028 -35 -371 4916 5728 551
547 2026 -33 -371 4914 5726 556
548 2023 -41 -371 4912 5724 554
549 2023 -39 -368 4910 5725 551
550 2026 -38 -375 4914 5726 554
551 2025 -38 -372 4912 5727 551
552 2027 -33 -371 4908 5725 555
553 2024 -39 -374 4916 5727 554
554 2025 -35 -372 4908 5727 555
555 2023 -37 -373 4911 5725 555
556 2029 -36 -373 4917 5729 556
557 2028 -34 -372 4912 5726 554
558 2027 -37 -373 4913 5732 556
559 2025 -39 -371 4914 5730 558
560 2028 -38 -369 4913 5731 551
561 2022 -36 -370 4912 5731 555
562 2022 -37 -370 4907 5733 555
563 2025 -36 -372 4913 5734 555
564 2026 -38 -369 4912 5739 554
565 2023 -39 -367 4912 5735 555
566 2024 -40 -370 4910 5734 557
567 2018 -39 -365 4911 5732 553
568 2022 -36 -369 4907 5734 555
569 2024 -37 -368 4909 5733 556
570 2020 -38 -369 4909 5735 554
571 2020 -37 -364 4908 5736 559
572 2022 -39 -371 4906 5736 557
573 2020 -36 -370 4904 5737 557
574 2020 -42 -370 4904 5731 555
575 2019 -37 -370 4901 5734 554
576 2018 -40 -374 4904 5736 557
577 2024 -37 -373 4900 5728 557
578 2022 -37 -370 4900 5734 558
579 2021 -37 -372 4904 5735 557
580 2021 -39 -371 4903 5731 556
581 2017 -38 -375 4901 5735 557
582 2017 -36 -371 4901 5736 554
583 2018 -35 -371 4904 5737 556
584 2021 -37 -370 4904 5737 558
585 2018 -39 -368 4903 5739 555
586 2017 -39 -372 4904 5739 553
587 2020 -36 -371 4905 5744 555
588 2015 -38 -369 4906 5741 555
589 2017 -39 -372 4908 5743 555
590 2020 -36 -369 4904 5743 552
591 2015 -40 -369 4911 5745 554
592 2023 -39 -371 4906 5748 556
593 2015 -42 -371 4909 5747 555
594 2014 -38 -367 4905 5747 555
595 2019 -41 -370 4908 5746 552
596 2021 -41 -368 4908 5751 554
597 2019 -35 -366 4910 5749 551
598 2016 -35 -372 4910 5751 553
599 2020 -36 -372 4910 5750 553
600 2021 -38 -369 4910 5751 557
601 2022 -37 -368 4907 5749 554
602 2019 -41 -368 4909 5750 558
603 2019 -34 -366 4906 5753 556
604 2015 -39 -367 4905 5752 558
605 2015 -38 -369 4906 5752 554
606 2011 -41 -370 4906 5752 552
607 2015 -39 -367 4906 5750 550
608 2014 -38 -366 4908 5752 554
609 2013 -40 -366 4906 5750 555
610 2013 -39 -364 4910 5754 554
611 2013 -39 -365 4904 5752 554
612 2012 -41 -366 4905 5752 558
613 2012 -39 -367 4905 5755 555
614 2014 -37 -367 4902 5754 552
615 2010 -42 -369 4904 5756 555
616 2011 -38 -366 4904 5754 554
617 2015 -38 -368 4906 5757 552
618 2011 -40 -367 4909 5755 552
619 2006 -41 -368 4908 5758 554
620 2011 -40 -365 4904 5760 552
621 2010 -37 -369 4904 5758 555
622 2009 -40 -368 4907 5759 556
623 2007 -40 -369 4908 5759 557
624 2005 -38 -368 4908 5757 556
625 2008 -44 -366 4905 5758 553
626 2008 -38 -369 4905 5757 549
627 2003 -36 -370 4905 5758 556
628 2005 -41 -367 4902 5759 557
629 2002 -37 -369 4904 5758 555
630 2004 -42 -367 4902 5760 554
631 2000 -39 -368 4900 5757 552
632 2001 -42 -368 4904 5755 553
633 1996 -44 -367 4900 5756 552
634 2001 -43 -368 4903 5762 551
635 1999 -41 -371 4903 5756 551
636 1994 -45 -370 4900 5752 550
637 1997 -42 -368 4902 5756 550
638 1995 -43 -373 4903 5760 551
639 1996 -41 -369 4905 5763 552
640 1998 -41 -368 4904 5755 552
641 1997 -45 -368 4905 5758 552
642 1997 -41 -368 4906 5760 554
643 1995 -42 -369 4907 5760 550
644 1996 -45 -369 4906 5763 550
645 1997 -42 -368 4907 5764 555
646 1996 -39 -369 4910 5765 546
647 1998 -41 -366 4908 5766 551
648 1992 -41 -367 4912 5766 553
649 1994 -44 -363 4910 5763 551
650 1991 -44 -366 4910 5769 551
651 1989 -42 -367 4905 5766 549
652 1996 -43 -369 4909 5766 550
653 1988 -42 -367 4908 5764 548
654 1990 -43 -364 4906 5763 549
655 1991 -42 -365 4906 5765 550
656 1988 -44 -367 4907 5762 550
657 1988 -43 -365 4911 5764 546
658 1984 -48 -370 4905 5764 547
659 1990 -43 -369 4906 5765 551
660 1986 -43 -367 4906 5761 547
661 1987 -41 -368 4907 5764 548
662 1988 -46 -368 4907 5764 553
663 1989 -40 -371 4912 5764 548
664 1986 -43 -367 4909 5765 551
665 1986 -40 -368 4913 5765 550
666 1987 -44 -367 4912 5765 551
667 1987 -39 -367 4912 5767 550
668 1989 -40 -363 4913 5768 550
669 1986 -42 -365 4911 5769 549
670 1983 -42 -367 4915 5771 549
671 1987 -41 -364 4916 5770 551
672 1986 -36 -362 4914 5772 551
673 1988 -41 -362 4918 5771 548
674 1984 -40 -362 4916 5772 552
675 1984 -38 -364 4918 5772 550
676 1987 -41 -362 4918 5773 550
677 1986 -41 -360 4917 5775 550
678 1984 -40 -361 4917 5772 551
679 1984 -43 -363 4914 5770 548
680 1985 -41 -365 4917 5774 548
681 1985 -43 -364 4914 5771 551
682 1984 -42 -362 4917 5772 549
683 1984 -42 -366 4912 5769 545
684 1984 -48 -365 4914 5770 551
685 1983 -43 -365 4915 5769 551
686 1986 -44 -366 4914 5769 546
687 1979 -42 -365 4915 5769 550
688 1983 -41 -365 4916 5767 549
689 1981 -41 -367 4914 5768 548
690 1980 -41 -365 4913 5767 550
691 1983 -38 -363 4908 5768 550
692 1980 -41 -365 4909 5766 548
693 1981 -44 -365 4916 5768 550
694 1979 -40 -363 4911 5769 549
695 1981 -42 -362 4914 5768 552
696 1980 -39 -364 4914 5769 551
697 1979 -42 -364 4916 5774 552
698 1977 -42 -362 4914 5774 549
699 1977 -43 -365 4918 5774 549
700 1981 -43 -364 4916 5774 548
701 1979 -37 -364 4916 5773 544
702 1982 -44 -362 4918 5774 550
703 1979 -42 -365 4918 5778 547
704 1979 -43 -364 4919 5777 548
705 1983 -42 -364 4916 5776 550
706 1979 -46 -364 4921 5779 549
707 1979 -41 -367 4920 5781 548
708 1982 -39 -365 4922 5773 550
709 1980 -42 -365 4920 5775 547
710 1979 -41 -362 4924 5779 551
711 1979 -41 -363 4919 5775 550
712 1978 -41 -362 4921 5775 550
713 1975 -42 -366 4920 5775 547
714 1978 -41 -361 4916 5770 547
715 1980 -40 -363 4916 5773 549
716 1975 -42 -363 4917 5774 549
717 1978 -43 -362 4918 5774 547
718 1975 -43 -362 4917 5770 547
719 1973 -43 -362 4918 5774 547
720 1974 -44 -366 4916 5776 550
721 1972 -43 -360 4917 5773 547
722 1976 -42 -365 4920 5772 549
723 1974 -41 -362 4918 5774 546
724 1976 -42 -368 4917 5773 545
725 1973 -48 -364 4918 5776 549
726 1975 -44 -365 4919 5778 547
727 1976 -42 -366 4921 5776 547
728 1978 -41 -365 4921 5773 545
729 1972 -43 -362 4922 5780 547
730 1977 -45 -364 4925 5778 546
731 1974 -41 -364 4925 5775 548
732 1972 -43 -361 4923 5775 549
733 1971 -41 -365 4924 5777 548
734 1974 -45 -364 4925 5777 549
735 1971 -43 -363 4923 5775 549
736 1971 -43 -364 4922 5774 545
737 1969 -42 -361 4922 5774 549
738 1967 -42 -361 4916 5773 549
739 1968 -42 -362 4919 5773 546
740 1965 -42 -361 4915 5769 546
741 1961 -44 -363 4920 5769 546
742 1963 -45 -360 4915 5768 548
743 1962 -45 -366 4916 5768 544
744 1961 -44 -364 4914 5766 548
745 1957 -45 -364 4915 5769 548
746 1962 -44 -362 4916 5765 548
747 1960 -42 -365 4917 5771 549
748 1961 -41 -362 4919 5766 548
749 1963 -42 -363 4919 5767 546
750 1962 -43 -362 4923 5768 544
751 1962 -43 -363 4924 5771 544
752 1960 -43 -367 4926 5774 547
753 1964 -43 -364 4931 5776 548
754 1960 -44 -364 4927 5775 547
755 1961 -42 -366 4934 5775 550
756 1958 -45 -363 4931 5773 543
757 1957 -42 -365 4932 5777 545
758 1960 -45 -362 4937 5777 542
759 1960 -40 -362 4937 5779 543
760 1959 -45 -365 4938 5781 544
761 1959 -44 -363 4939 5781 543
762 1956 -44 -363 4939 5779 542
763 1956 -45 -361 4939 5782 544
764 1955 -41 -361 4936 5777 543
765 1953 -40 -361 4939 5778 542
766 1955 -45 -362 4939 5781 544
767 1953 -45 -362 4937 5778 546
768 1955 -45 -364 4940 5780 543
769 1952 -40 -362 4936 5776 544
770 1953 -44 -360 4940 5775 543
771 1954 -45 -364 4941 5777 542
772 1956 -43 -363 4942 5773 541
773 1952 -42 -363 4942 5776 543
774 1955 -44 -362 4942 5777 544
775 1956 -44 -359 4949 5779 543
776 1955 -41 -363 4944 5777 544
777 1951 -44 -359 4944 5781 542
778 1953 -39 -359 4946 5777 544
779 1952 -45 -362 4948 5780 541
780 1952 -39 -362 4948 5779 543
781 1953 -42 -360 4949 5780 541
782 1949 -43 -360 4946 5778 543
783 1951 -42 -362 4950 5778 542
784 1949 -46 -361 4950 5777 545
785 1949 -42 -358 4945 5775 542
786 1948 -46 -363 4945 5777 543
787 1949 -42 -364 4943 5774 541
788 1945 -43 -361 4942 5768 539
789 1945 -46 -364 4940 5774 540
790 1947 -45 -363 4943 5771 542
791 1951 -45 -362 4938 5770 536
792 1948 -42 -363 4938 5767 540
793 1949 -45 -363 4937 5770 540
794 1947 -43 -364 4936 5767 542
795 1947 -43 -362 4939 5763 542
796 1946 -43 -362 4944 5768 545
797 1947 -45 -362 4939 5768 542
798 1946 -46 -360 4938 5765 544
799 1942 -43 -362 4939 5766 543
800 1943 -45 -363 4939 5765 541
801 1945 -46 -361 4940 5762 545
802 1944 -42 -363 4942 5764 541
803 1944 -45 -362 4943 5765 542
804 1944 -43 -360 4943 5769 544
805 1946 -44 -359 4945 5766 541
806 1945 -44 -365 4945 5766 542
807 1942 -44 -361 4944 5766 542
808 1941 -41 -364 4948 5768 540
809 1943 -43 -364 4949 5767 545
810 1948 -42 -359 4949 5769 540
811 1947 -39 -359 4948 5770 542
812 1948 -43 -364 4948 5767 544
813 1948 -43 -364 4949 5769 542
814 1946 -40 -363 4951 5765 545
815 1949 -44 -359 4952 5763 541
816 1946 -38 -360 4953 5764 544
817 1946 -43 -362 4952 5768 543
818 1948 -40 -361 4952 5768 539
819 1947 -40 -364 4954 5767 542
820 1948 -42 -363 4949 5767 544
821 1945 -40 -360 4952 5768 542
822 1944 -43 -358 4952 5767 544
823 1945 -41 -359 4959 5766 541
824 1945 -42 -362 4954 5765 542
825 1943 -42 -363 4953 5765 539
826 1941 -44 -360 4954 5768 540
827 1942 -45 -362 4956 5769 542
828 1943 -42 -359 4957 5771 542
829 1944 -39 -359 4960 5768 543
830 1948 -41 -359 4960 5766 542
831 1945 -41 -356 4960 5769 538
832 1942 -42 -358 4962 5765 543
833 1943 -45 -361 4958 5767 540
834 1946 -44 -360 4960 5768 538
835 1946 -47 -363 4961 5767 540
836 1947 -42 -365 4959 5766 536
837 1946 -42 -367 4961 5765 539
838 1945 -38 -363 4962 5762 540
839 1946 -43 -361 4959 5762 540
840 1942 -44 -362 4967 5766 541
841 1943 -44 -367 4962 5765 542
842 1941 -47 -361 4962 5764 541
843 1938 -42 -363 4963 5764 536
844 1940 -40 -361 4963 5761 537
845 1938 -40 -361 4964 5760 541
846 1939 -43 -361 4966 5765 538
847 1938 -43 -362 4965 5759 541
848 1935 -45 -362 4962 5759 536
849 1939 -42 -363 4968 5757 536
850 1940 -43 -361 4966 5757 540
851 1937 -41 -361 4965 5757 540
852 1938 -41 -362 4965 5757 539
853 1934 -42 -359 4964 5760 538
854 1937 -43 -363 4966 5753 534
855 1938 -40 -361 4968 5756 538
856 1939 -43 -362 4965 5754 538
857 1938 -46 -362 4969 5754 541
858 1939 -41 -361 4970 5756 541
859 1935 -44 -367 4966 5752 541
860 1942 -42 -363 4969 5752 540
861 1942 -40 -363 4971 5755 540
862 1940 -40 -362 4969 5760 538
863 1939 -39 -360 4972 5757 538
864 1940 -40 -364 4972 5757 537
865 1937 -40 -358 4972 5756 540
866 1938 -41 -361 4971 5757 539
867 1941 -39 -363 4976 5761 538
868 1936 -41 -360 4976 5759 541
869 1939 -40 -358 4979 5754 541
870 1937 -39 -362 4978 5758 539
871 1937 -41 -360 4978 5755 540
872 1939 -39 -364 4977 5755 540
873 1937 -41 -361 4974 5754 541
874 1938 -45 -362 4975 5756 537
875 1935 -41 -361 4976 5755 540
876 1937 -43 -360 4974 5750 542
877 1936 -39 -361 4973 5749 541
878 1940 -40 -362 4977 5748 534
879 1939 -42 -361 4972 5752 540
880 1937 -41 -362 4976 5748 539
881 1935 -41 -365 4976 5743 536
882 1939 -40 -363 4975 5747 536
883 1937 -40 -363 4978 5745 539
884 1936 -39 -361 4978 5744 538
885 1939 -38 -363 4980 5748 543
886 1937 -42 -361 4979 5746 539
887 1936 -40 -361 4979 5747 538
888 1935 -39 -362 4975 5743 538
889 1934 -39 -359 4983 5745 540
890 1936 -43 -361 4982 5746 541
891 1937 -37 -361 4981 5746 540
892 1940 -34 -362 4984 5743 537
893 1937 -38 -359 4983 5749 540
894 1935 -38 -361 4983 5743 534
895 1940 -39 -361 4981 5747 539
896 1941 -38 -359 4981 5743 538
897 1933 -40 -360 4983 5745 535
898 1934 -45 -362 4982 5742 537
899 1940 -39 -362 4979 5742 538
900 1937 -41 -363 4979 5740 537
901 1939 -40 -365 4979 5739 539
902 1940 -38 -367 4980 5740 538
903 1939 -37 -364 4982 5737 539
904 1939 -39 -364 4980 5736 537
905 1943 -39 -362 4976 5737 540
906 1938 -40 -361 4980 5735 539
907 1939 -39 -361 4979 5738 536
908 1939 -41 -364 4982 5731 537
909 1937 -40 -362 4982 5732 540
910 1938 -39 -365 4983 5735 540
911 1939 -37 -362 4977 5734 541
912 1939 -39 -362 4980 5732 542
913 1937 -39 -361 4985 5733 541
914 1936 -39 -363 4988 5733 541
915 1937 -43 -361 4983 5736 540
916 1936 -38 -362 4985 5734 535
917 1939 -34 -359 4986 5730 538
918 1940 -39 -361 4989 5732 538
919 1941 -39 -357 4990 5734 540
920 1940 -39 -363 4987 5733 542
921 1941 -39 -362 4989 5732 538
922 1943 -35 -363 4990 5732 540
923 1942 -37 -365 4987 5732 539
924 1942 -41 -363 4989 5735 538
925 1941 -34 -364 4994 5735 541
926 1943 -36 -364 4996 5733 540
927 1946 -36 -363 4994 5734 540
928 1945 -36 -360 4997 5734 544
929 1945 -33 -359 4998 5733 538
930 1941 -37 -365 4992 5728 539
931 1943 -37 -366 4992 5732 537
932 1943 -37 -364 5002 5730 537
933 1944 -37 -363 4996 5730 536
934 1942 -38 -363 4996 5726 537
935 1944 -36 -364 4998 5731 539
936 1942 -39 -361 4997 5730 540
937 1940 -39 -358 4997 5729 536
938 1943 -40 -364 4995 5729 538
939 1942 -36 -363 4998 5729 538
940 1940 -39 -362 4997 5722 535
941 1942 -37 -365 5001 5725 538
942 1945 -36 -362 5001 5727 539
943 1942 -36 -364 5000 5729 535
944 1945 -41 -365 4998 5724 535
945 1947 -38 -364 5000 5729 538
946 1945 -37 -368 5006 5729 537
947 1945 -37 -364 4999 5725 540
948 1945 -36 -364 5000 5724 536
949 1946 -36 -365 5006 5724 539
950 1944 -38 -363 5005 5725 541
951 1944 -38 -362 5007 5725 540
952 1950 -36 -363 5008 5722 538
953 1946 -36 -366 5002 5721 538
954 1944 -37 -362 5004 5720 539
955 1944 -35 -366 5004 5721 539
956 1943 -36 -362 5003 5719 540
957 1946 -35 -362 5001 5721 537
958 1946 -35 -363 5000 5717 540
959 1946 -36 -363 5001 5717 538
960 1945 -36 -363 5003 5720 539
961 1943 -37 -364 4999 5720 539
962 1943 -37 -363 4997 5713 535
963 1945 -37 -365 4997 5714 538
964 1949 -37 -367 5000 5713 537
965 1946 -35 -364 4997 5710 539
966 1948 -36 -365 4999 5711 542
967 1946 -35 -367 4998 5706 539
968 1946 -40 -365 4996 5708 534
969 1950 -33 -366 5000 5706 536
970 1948 -35 -366 4999 5706 538
971 1948 -33 -365 5002 5707 538
972 1949 -34 -365 4997 5710 541
973 1945 -36 -363 5000 5709 538
974 1948 -36 -367 5001 5706 541
975 1947 -33 -364 5000 5707 538
976 1950 -34 -367 5001 5703 542
977 1946 -37 -369 5000 5707 540
978 1946 -37 -361 5002 5706 537
979 1949 -37 -365 5001 5707 539
980 1947 -37 -365 4997 5706 539
981 1947 -37 -367 5001 5704 540
982 1947 -36 -363 5003 5701 539
983 1948 -34 -364 5003 5699 534
984 1948 -36 -366 5005 5702 538
985 1949 -35 -363 5004 5701 538
986 1953 -33 -365 5001 5698 539
987 1952 -35 -367 5006 5700 537
988 1952 -39 -366 5002 5699 541
989 1953 -35 -365 5005 5698 538
990 1953 -34 -368 5005 5698 539
991 1952 -36 -367 5007 5701 541
992 1956 -35 -365 5007 5701 539
993 1953 -33 -368 5006 5701 544
994 1956 -34 -364 5008 5701 540
995 1951 -35 -366 5005 5697 537
996 1955 -35 -365 5006 5699 540
997 1956 -33 -367 5006 5702 540
998 1954 -35 -368 5011 5701 538
999 1954 -36 -367 5010 5702 537
