0 1753 -294 1497 -1025 -88 224
1 1754 -295 1502 -1022 -90 224
2 1752 -295 1501 -1022 -83 225
3 1752 -298 1500 -1026 -84 225
4 1753 -298 1502 -1026 -85 224
5 1755 -297 1501 -1027 -82 227
6 1756 -301 1502 -1029 -84 226
7 1757 -295 1502 -1027 -84 226
8 1759 -296 1505 -1024 -85 228
9 1756 -295 1501 -1024 -86 229
10 1755 -296 1501 -1024 -82 229
11 1753 -296 1500 -1024 -83 228
12 1755 -296 1502 -1024 -83 225
13 1755 -296 1501 -1025 -85 230
14 1754 -293 1504 -1027 -87 223
15 1755 -295 1502 -1021 -86 226
16 1757 -298 1500 -1022 -90 226
17 1755 -296 1499 -1020 -88 228
18 1754 -297 1502 -1024 -86 225
19 1752 -298 1499 -1023 -87 226
20 1754 -292 1502 -1024 -90 223
21 1754 -300 1498 -1023 -90 225
22 1754 -297 1500 -1021 -88 227
23 1754 -295 1500 -1022 -89 225
24 1752 -297 1499 -1024 -87 224
25 1750 -296 1500 -1025 -82 227
26 1755 -295 1504 -1028 -84 228
27 1758 -294 1501 -1027 -84 224
28 1754 -298 1501 -1026 -81 227
29 1755 -295 1502 -1026 -85 226
30 1757 -297 1500 -1024 -86 226
31 1756 -294 1503 -1026 -86 226
32 1750 -300 1499 -1022 -84 227
33 1753 -297 1501 -1026 -85 226
34 1757 -295 1500 -1025 -83 228
35 1758 -298 1500 -1026 -86 225
36 1757 -298 1498 -1024 -86 223
37 1754 -296 1499 -1025 -87 226
38 1753 -295 1503 -1023 -88 226
39 1754 -296 1500 -1019 -88 227
40 1752 -294 1502 -1023 -89 224
41 1750 -299 1501 -1021 -87 223
42 1753 -298 1504 -1024 -88 226
43 1752 -296 1500 -1025 -87 225
44 1756 -297 1500 -1021 -83 225
45 1751 -294 1503 -1024 -83 227
46 1753 -301 1502 -1024 -84 227
47 1754 -294 1504 -1026 -86 227
48 1752 -298 1499 -1024 -86 226
49 1757 -295 1502 -1024 -86 227
50 1755 -298 1503 -1028 -87 225
51 1752 -298 1497 -1027 -85 225
52 1757 -298 1502 -1028 -82 226
53 1755 -299 1500 -1026 -82 226
54 1751 -299 1500 -1027 -81 225
55 1757 -297 1501 -1025 -87 226
56 1753 -297 1503 -1024 -86 226
57 1754 -296 1498 -1027 -85 226
58 1754 -297 1502 -1026 -88 224
59 1751 -297 1499 -1022 -87 223
60 1748 -295 1499 -1024 -88 222
61 1750 -297 1500 -1024 -87 224
62 1749 -296 1499 -1023 -85 226
63 1751 -295 1503 -1020 -87 225
64 1754 -296 1501 -1024 -89 226
65 1753 -298 1498 -1024 -87 224
66 1751 -301 1498 -1025 -88 225
67 1754 -298 1500 -1026 -86 227
68 1751 -299 1499 -1025 -82 225
69 1757 -297 1501 -1029 -82 225
70 1753 -295 1500 -1024 -84 226
71 1752 -297 1498 -1024 -88 226
72 1754 -298 1500 -1024 -89 226
73 1754 -296 1501 -1025 -83 224
74 1753 -296 1502 -1030 -85 224
75 1750 -296 1502 -1028 -82 225
76 1755 -299 1503 -1028 -84 224
77 1757 -300 1503 -1025 -83 224
78 1756 -300 1500 -1027 -87 224
79 1753 -300 1499 -1026 -90 226
80 1753 -299 1501 -1029 -90 226
81 1753 -295 1501 -1025 -89 223
82 1752 -296 1499 -1024 -89 223
83 1750 -297 1499 -1024 -88 226
84 1751 -298 1500 -1024 -86 223
85 1747 -297 1502 -1023 -89 228
86 1752 -296 1504 -1021 -86 224
87 1753 -297 1499 -1025 -91 220
88 1749 -298 1498 -1027 -85 227
89 1751 -298 1500 -1027 -87 225
90 1750 -297 1500 -1025 -84 223
91 1753 -299 1499 -1030 -84 225
92 1756 -298 1495 -1031 -84 226
93 1755 -297 1504 -1023 -87 224
94 1753 -300 1501 -1023 -87 226
95 1754 -298 1500 -1022 -88 225
96 1751 -296 1499 -1023 -91 223
97 1753 -296 1500 -1027 -83 224
98 1757 -299 1500 -1031 -86 226
99 1754 -300 1500 -1031 -86 226
100 1756 -297 1501 -1029 -86 226
101 1755 -296 1500 -1025 -88 224
102 1754 -298 1500 -1020 -88 226
103 1755 -296 1498 -1020 -90 223
104 1754 -299 1499 -1024 -88 223
105 1753 -296 1498 -1024 -89 222
106 1752 -295 1503 -1026 -88 226
107 1750 -302 1497 -1027 -87 224
108 1751 -298 1498 -1027 -86 224
109 1752 -297 1500 -1023 -88 226
110 1754 -297 1501 -1024 -89 227
111 1753 -296 1502 -1023 -88 224
112 1755 -295 1501 -1025 -86 225
113 1752 -297 1499 -1027 -85 228
114 1753 -298 1500 -1025 -88 222
115 1751 -301 1496 -1024 -89 226
116 1755 -296 1497 -1027 -90 228
117 1756 -297 1498 -1025 -89 223
118 1755 -297 1497 -1025 -88 227
119 1754 -298 1498 -1029 -90 223
120 1751 -301 1497 -1030 -85 222
121 1754 -297 1498 -1027 -83 225
122 1755 -300 1500 -1029 -88 225
123 1756 -299 1499 -1026 -89 226
124 1752 -299 1499 -1023 -88 223
125 1752 -295 1500 -1020 -89 223
126 1752 -297 1500 -1022 -88 220
127 1750 -296 1501 -1023 -86 228
128 1751 -295 1498 -1023 -86 221
129 1750 -297 1497 -1029 -87 224
130 1755 -298 1500 -1029 -85 225
131 1754 -298 1498 -1026 -86 224
132 1756 -299 1498 -1029 -89 222
133 1751 -296 1499 -1024 -86 224
134 1750 -298 1500 -1024 -87 223
135 1753 -297 1502 -1025 -87 225
136 1753 -298 1498 -1024 -88 222
137 1755 -298 1500 -1029 -86 222
138 1758 -297 1500 -1027 -86 226
139 1756 -296 1500 -1025 -86 225
140 1752 -299 1502 -1023 -85 229
141 1752 -296 1500 -1027 -84 224
142 1752 -298 1502 -1027 -87 224
143 1753 -298 1498 -1027 -88 226
144 1753 -297 1499 -1025 -88 222
145 1757 -296 1502 -1026 -89 222
146 1753 -301 1499 -1028 -87 221
147 1752 -300 1499 -1024 -86 228
148 1750 -296 1502 -1026 -83 223
149 1751 -298 1501 -1025 -86 223
150 1748 -295 1500 -1022 -86 224
151 1752 -297 1499 -1026 -90 222
152 1752 -297 1501 -1023 -87 227
153 1753 -299 1497 -1024 -84 225
154 1750 -298 1499 -1027 -83 226
155 1753 -298 1498 -1031 -83 223
156 1748 -299 1499 -1027 -84 224
157 1754 -295 1502 -1022 -86 227
158 1756 -297 1506 -1022 -90 223
159 1754 -297 1500 -1022 -88 225
160 1756 -296 1499 -1026 -89 225
161 1753 -299 1500 -1028 -85 225
162 1752 -300 1501 -1030 -83 225
163 1757 -296 1501 -1031 -82 223
164 1755 -295 1499 -1027 -84 224
165 1757 -298 1502 -1025 -89 222
166 1755 -296 1500 -1026 -91 225
167 1758 -297 1499 -1025 -86 222
168 1751 -298 1499 -1025 -88 227
169 1753 -299 1499 -1027 -86 224
170 1750 -298 1502 -1029 -83 224
171 1748 -298 1502 -1025 -83 228
172 1750 -298 1502 -1023 -87 226
173 1751 -297 1501 -1021 -89 227
174 1756 -299 1498 -1024 -88 224
175 1753 -298 1502 -1027 -87 224
176 1754 -298 1499 -1024 -84 227
177 1751 -300 1500 -1026 -82 226
178 1753 -295 1500 -1027 -84 223
179 1751 -298 1503 -1022 -86 225
180 1752 -299 1500 -1023 -93 227
181 1752 -294 1500 -1018 -95 227
182 1753 -295 1500 -1021 -92 226
183 1754 -295 1497 -1027 -86 229
184 1756 -298 1499 -1030 -85 226
185 1755 -297 1502 -1034 -79 224
186 1757 -296 1502 -1035 -83 230
187 1756 -301 1499 -1029 -87 224
188 1757 -298 1501 -1023 -90 225
189 1752 -296 1499 -1021 -89 226
190 1753 -295 1500 -1021 -90 225
191 1750 -297 1497 -1021 -88 224
192 1747 -298 1501 -1025 -85 223
193 1752 -300 1499 -1028 -82 222
194 1752 -298 1500 -1028 -85 224
195 1755 -295 1499 -1026 -91 225
196 1751 -298 1500 -1022 -89 227
197 1757 -294 1497 -1023 -89 226
198 1753 -295 1500 -1022 -85 225
199 1753 -294 1501 -1025 -83 227
200 1752 -295 1502 -1023 -85 225
201 1752 -296 1499 -1023 -87 227
202 1753 -296 1503 -1026 -91 226
203 1755 -296 1501 -1023 -92 226
204 1755 -297 1502 -1021 -87 228
205 1755 -293 1500 -1023 -86 227
206 1757 -296 1501 -1026 -86 226
207 1756 -296 1502 -1031 -86 226
208 1758 -299 1501 -1031 -83 228
209 1759 -296 1498 -1030 -84 224
210 1759 -295 1500 -1025 -86 229
211 1755 -297 1502 -1023 -88 224
212 1750 -296 1498 -1023 -91 224
213 1751 -298 1502 -1025 -87 227
214 1753 -294 1503 -1025 -87 225
215 1753 -298 1499 -1025 -83 223
216 1751 -299 1500 -1025 -85 225
217 1754 -296 1503 -1027 -86 224
218 1750 -299 1500 -1024 -88 224
219 1751 -297 1502 -1028 -86 221
220 1753 -297 1502 -1020 -86 229
221 1753 -297 1502 -1022 -88 227
222 1753 -293 1500 -1021 -86 227
223 1754 -297 1499 -1020 -87 226
224 1755 -298 1498 -1027 -87 225
225 1757 -296 1501 -1024 -89 230
226 1754 -294 1500 -1023 -85 225
227 1751 -297 1500 -1024 -86 226
228 1756 -297 1501 -1025 -84 226
229 1756 -296 1500 -1026 -84 229
230 1759 -292 1503 -1028 -85 228
231 1759 -296 1502 -1027 -85 227
232 1758 -296 1499 -1026 -83 227
233 1755 -297 1501 -1027 -83 226
234 1754 -297 1502 -1023 -84 227
235 1752 -298 1502 -1022 -82 229
236 1754 -295 1504 -1023 -88 224
237 1753 -295 1501 -1023 -89 228
238 1752 -293 1501 -1022 -84 225
239 1752 -296 1501 -1026 -84 224
240 1754 -297 1502 -1026 -86 226
241 1756 -296 1500 -1027 -82 225
242 1755 -298 1500 -1023 -84 223
243 1754 -295 1500 -1020 -87 226
244 1751 -293 1501 -1018 -89 226
245 1753 -296 1501 -1020 -91 225
246 1752 -295 1498 -1022 -91 226
247 1752 -297 1500 -1025 -89 224
248 1754 -296 1500 -1026 -87 224
249 1755 -297 1503 -1030 -87 226
250 1754 -298 1497 -1027 -86 225
251 1756 -300 1500 -1029 -85 224
252 1756 -297 1503 -1026 -86 225
253 1754 -297 1500 -1024 -81 225
254 1755 -298 1503 -1025 -85 223
255 1752 -297 1502 -1027 -83 224
256 1753 -297 1502 -1024 -82 225
257 1749 -298 1502 -1023 -85 224
258 1752 -297 1499 -1022 -85 224
259 1750 -297 1500 -1021 -86 225
260 1751 -294 1498 -1022 -87 225
261 1755 -296 1500 -1024 -86 223
262 1751 -295 1501 -1024 -87 221
263 1752 -298 1503 -1025 -85 225
264 1753 -297 1501 -1023 -84 227
265 1751 -294 1499 -1021 -90 222
266 1751 -298 1499 -1021 -90 224
267 1755 -294 1502 -1021 -88 227
268 1756 -296 1496 -1018 -91 229
269 1755 -297 1501 -1020 -89 225
270 1757 -299 1501 -1026 -83 227
271 1759 -296 1501 -1029 -82 225
272 1756 -300 1500 -1031 -85 225
273 1755 -299 1504 -1029 -80 226
274 1757 -297 1499 -1026 -85 225
275 1756 -297 1500 -1025 -87 228
276 1754 -297 1500 -1023 -85 225
277 1756 -297 1499 -1027 -82 225
278 1756 -296 1501 -1030 -85 225
279 1756 -297 1499 -1033 -85 221
280 1754 -299 1498 -1027 -83 226
281 1753 -298 1499 -1023 -86 225
282 1753 -296 1500 -1020 -91 225
283 1752 -299 1501 -1018 -94 224
284 1753 -298 1497 -1020 -91 223
285 1751 -297 1497 -1022 -89 226
286 1753 -298 1500 -1022 -88 223
287 1751 -296 1500 -1028 -88 222
288 1753 -296 1501 -1025 -88 227
289 1755 -298 1499 -1024 -87 223
290 1757 -297 1496 -1024 -86 226
291 1758 -300 1496 -1024 -89 224
292 1755 -296 1500 -1024 -90 227
293 1757 -295 1501 -1022 -84 222
294 1753 -298 1499 -1029 -86 221
295 1756 -299 1500 -1027 -84 221
296 1750 -299 1500 -1032 -86 223
297 1756 -298 1499 -1031 -85 225
298 1755 -298 1501 -1023 -91 222
299 1755 -298 1502 -1024 -84 226
300 1750 -297 1500 -1026 -87 225
301 1754 -296 1503 -1025 -82 229
302 1750 -298 1497 -1022 -87 226
303 1754 -297 1500 -1028 -85 224
304 1752 -298 1498 -1023 -85 222
305 1752 -295 1503 -1017 -91 225
306 1751 -295 1500 -1023 -92 224
307 1751 -298 1499 -1024 -89 224
308 1751 -296 1502 -1023 -86 223
309 1752 -295 1499 -1026 -87 225
310 1754 -295 1498 -1024 -88 224
311 1752 -298 1498 -1028 -89 225
312 1754 -300 1497 -1026 -87 226
313 1756 -296 1502 -1025 -87 226
314 1751 -297 1500 -1026 -85 226
315 1754 -299 1500 -1030 -87 222
316 1752 -299 1498 -1031 -86 224
317 1752 -301 1501 -1029 -84 224
318 1755 -301 1498 -1026 -84 225
319 1755 -299 1500 -1029 -84 226
320 1755 -297 1500 -1028 -88 224
321 1751 -298 1501 -1022 -84 224
322 1749 -298 1502 -1023 -86 224
323 1751 -298 1499 -1018 -85 222
324 1752 -294 1499 -1024 -88 225
325 1749 -298 1499 -1027 -86 222
326 1757 -296 1499 -1028 -86 220
327 1753 -299 1499 -1027 -88 222
328 1753 -300 1499 -1028 -87 227
329 1754 -297 1501 -1025 -86 223
330 1754 -295 1497 -1020 -92 227
331 1750 -297 1500 -1019 -89 226
332 1751 -295 1500 -1021 -89 225
333 1751 -298 1499 -1026 -90 224
334 1754 -297 1500 -1025 -83 224
335 1754 -299 1499 -1029 -84 228
336 1755 -300 1498 -1030 -80 225
337 1755 -295 1502 -1032 -82 225
338 1755 -297 1501 -1030 -83 226
339 1754 -301 1501 -1028 -84 223
340 1755 -300 1497 -1026 -84 224
341 1751 -294 1499 -1023 -85 224
342 1748 -297 1502 -1021 -88 223
343 1749 -298 1499 -1023 -90 223
344 1753 -298 1499 -1022 -85 224
345 1749 -297 1501 -1025 -86 226
346 1750 -298 1501 -1024 -88 222
347 1751 -300 1502 -1029 -90 227
348 1754 -298 1502 -1028 -88 225
349 1754 -299 1501 -1027 -84 224
350 1756 -298 1499 -1028 -86 224
351 1755 -297 1501 -1026 -86 225
352 1751 -300 1498 -1025 -89 223
353 1752 -296 1500 -1014 -89 228
354 1751 -295 1501 -1022 -92 226
355 1754 -297 1498 -1022 -89 227
356 1753 -296 1501 -1028 -85 225
357 1753 -299 1498 -1028 -79 226
358 1755 -298 1503 -1031 -77 227
359 1757 -301 1502 -1030 -81 226
360 1751 -299 1505 -1032 -86 225
361 1752 -298 1498 -1026 -87 225
362 1753 -294 1498 -1019 -90 224
363 1754 -296 1501 -1021 -88 227
364 1751 -296 1500 -1022 -92 223
365 1752 -298 1497 -1023 -87 225
366 1751 -297 1500 -1026 -88 223
367 1755 -296 1499 -1029 -88 223
368 1756 -296 1501 -1022 -86 224
369 1758 -296 1497 -1024 -90 226
370 1754 -299 1499 -1027 -93 225
371 1755 -297 1499 -1020 -91 225
372 1754 -297 1497 -1025 -89 225
373 1754 -299 1500 -1025 -86 226
374 1751 -298 1499 -1027 -85 222
375 1755 -296 1499 -1025 -84 224
376 1754 -300 1499 -1022 -85 226
377 1754 -297 1502 -1023 -89 229
378 1750 -295 1501 -1024 -89 225
379 1755 -298 1499 -1026 -85 224
380 1753 -299 1498 -1028 -83 225
381 1749 -297 1502 -1029 -82 227
382 1754 -297 1505 -1026 -84 224
383 1753 -299 1500 -1028 -85 229
384 1758 -299 1501 -1024 -82 224
385 1756 -297 1501 -1022 -87 227
386 1753 -296 1501 -1022 -88 223
387 1753 -297 1501 -1022 -88 226
388 1753 -292 1499 -1023 -86 226
389 1751 -296 1500 -1021 -84 225
390 1752 -296 1505 -1021 -87 227
391 1753 -296 1500 -1022 -87 226
392 1755 -301 1502 -1024 -88 227
393 1752 -297 1503 -1024 -89 224
394 1751 -297 1499 -1025 -85 228
395 1756 -297 1503 -1027 -82 228
396 1755 -297 1502 -1030 -83 225
397 1752 -296 1502 -1030 -85 223
398 1756 -296 1499 -1024 -88 226
399 1755 -296 1502 -1021 -87 221
400 1755 -299 1500 -1016 -89 227
401 1747 -296 1499 -1019 -86 226
402 1749 -295 1500 -1027 -84 228
403 1753 -296 1502 -1029 -80 225
404 1757 -298 1497 -1030 -81 225
405 1756 -301 1502 -1031 -78 227
406 1757 -299 1501 -1029 -84 227
407 1757 -300 1501 -1027 -87 227
408 1751 -298 1501 -1022 -89 225
409 1751 -295 1500 -1016 -88 227
410 1751 -293 1503 -1016 -92 225
411 1754 -293 1502 -1021 -88 224
412 1751 -298 1501 -1023 -88 227
413 1755 -300 1499 -1025 -88 226
414 1756 -301 1502 -1030 -83 224
415 1757 -298 1501 -1033 -84 225
416 1755 -297 1502 -1031 -82 226
417 1755 -298 1500 -1025 -86 224
418 1751 -296 1501 -1026 -87 225
419 1749 -296 1502 -1021 -89 224
420 1752 -296 1501 -1020 -86 225
421 1751 -295 1502 -1017 -88 222
422 1750 -299 1499 -1020 -84 222
423 1751 -296 1499 -1027 -83 226
424 1755 -294 1502 -1027 -81 224
425 1753 -299 1502 -1027 -83 226
426 1755 -298 1501 -1028 -80 225
427 1759 -299 1502 -1027 -84 227
428 1755 -299 1503 -1023 -84 227
429 1756 -298 1499 -1025 -86 224
430 1750 -299 1503 -1022 -87 226
431 1751 -296 1498 -1020 -90 225
432 1750 -297 1499 -1020 -89 225
433 1755 -297 1501 -1021 -93 226
434 1754 -294 1500 -1027 -88 226
435 1756 -300 1501 -1025 -87 226
436 1756 -299 1502 -1029 -83 226
437 1757 -297 1505 -1033 -81 224
438 1755 -303 1498 -1031 -81 224
439 1754 -299 1502 -1025 -83 226
440 1751 -298 1501 -1022 -83 225
441 1753 -295 1502 -1018 -88 226
442 1754 -297 1500 -1022 -91 223
443 1754 -297 1499 -1021 -88 227
444 1754 -295 1502 -1024 -85 223
445 1750 -297 1500 -1028 -83 224
446 1752 -299 1501 -1028 -83 228
447 1756 -298 1501 -1027 -87 226
448 1750 -297 1498 -1027 -91 227
449 1756 -294 1501 -1023 -92 225
450 1755 -297 1500 -1021 -88 224
451 1757 -298 1503 -1024 -89 223
452 1753 -296 1499 -1024 -81 225
453 1754 -298 1501 -1026 -83 223
454 1755 -295 1502 -1026 -88 226
455 1755 -295 1500 -1019 -91 224
456 1752 -298 1500 -1020 -91 227
457 1753 -296 1502 -1022 -93 225
458 1752 -297 1498 -1028 -89 228
459 1752 -299 1501 -1032 -82 222
460 1755 -298 1505 -1033 -76 224
461 1754 -300 1500 -1034 -79 224
462 1753 -299 1498 -1032 -84 224
463 1754 -301 1500 -1019 -84 224
464 1753 -299 1500 -1023 -92 224
465 1750 -296 1501 -1019 -89 226
466 1751 -298 1499 -1018 -90 227
467 1749 -299 1500 -1020 -86 225
468 1751 -296 1499 -1025 -84 227
469 1750 -299 1499 -1030 -87 224
470 1757 -297 1499 -1027 -86 225
471 1760 -299 1497 -1025 -89 225
472 1761 -297 1502 -1024 -90 226
473 1759 -296 1500 -1021 -89 226
474 1750 -296 1497 -1021 -87 224
475 1751 -298 1500 -1023 -89 228
476 1750 -295 1503 -1022 -90 224
477 1753 -297 1499 -1023 -88 225
478 1750 -298 1498 -1021 -89 224
479 1754 -298 1499 -1022 -90 226
480 1756 -296 1502 -1026 -86 225
481 1756 -298 1498 -1029 -82 227
482 1755 -298 1503 -1031 -79 225
483 1755 -298 1503 -1029 -80 224
484 1755 -299 1501 -1028 -81 230
485 1755 -297 1501 -1020 -84 224
486 1755 -295 1498 -1015 -89 228
487 1752 -294 1501 -1015 -90 226
488 1748 -295 1501 -1020 -90 225
489 1748 -297 1502 -1022 -88 227
490 1750 -296 1500 -1026 -88 225
491 1758 -297 1501 -1027 -83 225
492 1760 -299 1503 -1032 -81 224
493 1757 -296 1502 -1027 -83 224
494 1758 -299 1502 -1025 -86 226
495 1752 -298 1502 -1023 -88 225
496 1747 -298 1497 -1019 -85 226
497 1750 -297 1502 -1021 -86 224
498 1751 -298 1501 -1025 -88 226
499 1751 -295 1498 -1026 -87 227
500 1756 -295 1500 -1026 -85 226
501 1754 -295 1498 -1028 -85 226
502 1755 -299 1499 -1026 -82 228
503 1752 -298 1507 -1027 -86 224
504 1752 -295 1500 -1027 -83 225
505 1753 -297 1499 -1025 -83 225
506 1756 -298 1501 -1022 -89 225
507 1755 -296 1500 -1026 -90 224
508 1750 -298 1499 -1023 -90 225
509 1749 -297 1500 -1023 -89 224
510 1751 -299 1499 -1023 -89 224
511 1750 -299 1499 -1024 -84 225
512 1753 -297 1503 -1026 -89 226
513 1758 -298 1498 -1030 -86 225
514 1755 -299 1500 -1030 -87 225
515 1757 -296 1500 -1022 -86 227
516 1753 -299 1500 -1024 -83 225
517 1750 -298 1500 -1025 -83 225
518 1755 -295 1501 -1024 -87 224
519 1753 -295 1501 -1025 -83 224
520 1755 -297 1498 -1025 -90 224
521 1753 -298 1498 -1026 -88 228
522 1754 -300 1501 -1027 -87 225
523 1752 -297 1499 -1028 -85 224
524 1752 -300 1501 -1026 -83 223
525 1754 -299 1501 -1027 -83 229
526 1750 -295 1504 -1024 -88 226
527 1752 -295 1502 -1021 -91 222
528 1751 -298 1499 -1023 -89 226
529 1755 -295 1503 -1025 -94 225
530 1756 -297 1501 -1022 -83 226
531 1755 -299 1501 -1027 -84 222
532 1755 -295 1502 -1029 -83 226
533 1753 -297 1504 -1028 -84 226
534 1756 -299 1502 -1026 -89 224
535 1757 -298 1500 -1025 -93 224
536 1754 -297 1500 -1024 -91 225
537 1756 -299 1502 -1024 -90 224
538 1752 -296 1502 -1027 -83 225
539 1749 -299 1501 -1025 -81 223
540 1753 -296 1498 -1027 -80 225
541 1755 -298 1501 -1028 -88 221
542 1753 -295 1499 -1024 -88 227
543 1757 -297 1500 -1025 -91 228
544 1754 -297 1500 -1023 -88 224
545 1754 -299 1501 -1024 -87 225
546 1749 -301 1500 -1028 -82 225
547 1751 -296 1501 -1029 -87 225
548 1753 -297 1498 -1027 -86 225
549 1753 -298 1499 -1024 -90 224
550 1752 -296 1502 -1020 -91 224
551 1753 -301 1499 -1019 -92 226
552 1754 -297 1500 -1025 -91 222
553 1750 -299 1497 -1027 -84 224
554 1753 -301 1498 -1032 -82 223
555 1753 -299 1502 -1030 -82 226
556 1755 -299 1501 -1028 -84 227
557 1756 -298 1500 -1024 -90 226
558 1756 -299 1499 -1020 -87 228
559 1753 -294 1501 -1024 -88 225
560 1750 -299 1498 -1026 -86 224
561 1753 -300 1497 -1025 -83 226
562 1752 -297 1500 -1025 -83 224
563 1753 -298 1500 -1028 -87 223
564 1750 -300 1501 -1024 -87 226
565 1755 -298 1500 -1020 -89 223
566 1750 -296 1500 -1018 -87 226
567 1753 -301 1502 -1022 -89 224
568 1753 -298 1499 -1027 -84 224
569 1751 -300 1500 -1026 -82 224
570 1755 -298 1498 -1026 -84 226
571 1754 -295 1499 -1027 -87 226
572 1756 -299 1498 -1024 -89 225
573 1753 -298 1497 -1021 -89 224
574 1749 -294 1502 -1022 -89 226
575 1750 -296 1500 -1021 -87 225
576 1749 -299 1502 -1027 -85 224
577 1754 -298 1499 -1026 -80 226
578 1757 -297 1499 -1030 -88 225
579 1758 -298 1502 -1028 -87 226
580 1756 -298 1501 -1024 -90 227
581 1754 -294 1502 -1024 -86 228
582 1751 -302 1500 -1025 -87 226
583 1751 -295 1500 -1025 -83 219
584 1750 -299 1500 -1026 -85 227
585 1755 -299 1500 -1023 -86 225
586 1756 -298 1499 -1026 -90 224
587 1755 -295 1505 -1026 -87 226
588 1752 -296 1501 -1026 -83 226
589 1751 -295 1499 -1023 -86 226
590 1754 -296 1499 -1025 -83 227
591 1751 -297 1503 -1027 -85 224
592 1757 -297 1499 -1024 -86 224
593 1757 -298 1499 -1026 -86 227
594 1757 -296 1500 -1027 -87 225
595 1754 -299 1502 -1023 -86 224
596 1753 -297 1499 -1024 -86 223
597 1753 -300 1502 -1024 -85 226
598 1750 -297 1502 -1029 -88 224
599 1754 -294 1498 -1024 -86 225
600 1758 -295 1502 -1026 -89 227
601 1755 -299 1500 -1027 -89 225
602 1754 -300 1501 -1025 -88 225
603 1753 -297 1499 -1027 -85 225
604 1754 -298 1500 -1026 -88 225
605 1755 -296 1499 -1027 -82 226
606 1754 -297 1499 -1025 -90 224
607 1751 -296 1497 -1024 -88 223
608 1755 -299 1501 -1024 -91 226
609 1757 -297 1500 -1023 -89 225
610 1753 -299 1500 -1023 -85 224
611 1754 -297 1500 -1025 -86 223
612 1754 -295 1502 -1023 -86 227
613 1755 -297 1503 -1026 -85 224
614 1756 -295 1503 -1025 -89 224
615 1755 -296 1502 -1023 -89 225
616 1755 -295 1502 -1025 -87 228
617 1755 -296 1501 -1028 -83 225
618 1755 -296 1501 -1026 -81 223
619 1754 -297 1501 -1030 -83 224
620 1755 -297 1500 -1025 -84 223
621 1751 -296 1501 -1024 -91 224
622 1757 -294 1499 -1022 -89 228
623 1754 -295 1500 -1025 -91 226
624 1753 -298 1499 -1026 -86 227
625 1751 -297 1501 -1022 -84 228
626 1753 -297 1500 -1027 -82 226
627 1753 -298 1501 -1023 -85 226
628 1755 -299 1504 -1024 -84 224
629 1754 -299 1499 -1020 -87 228
630 1754 -296 1503 -1024 -89 225
631 1753 -296 1501 -1022 -86 226
632 1756 -297 1499 -1021 -83 229
633 1759 -298 1503 -1028 -82 225
634 1754 -296 1505 -1028 -83 225
635 1753 -299 1500 -1024 -85 226
636 1754 -298 1501 -1022 -89 226
637 1755 -296 1499 -1025 -91 228
638 1754 -295 1500 -1022 -88 226
639 1756 -296 1501 -1026 -84 225
640 1755 -299 1500 -1027 -83 224
641 1751 -296 1501 -1024 -82 227
642 1751 -298 1501 -1026 -82 225
643 1753 -297 1503 -1021 -89 227
644 1755 -294 1503 -1019 -89 227
645 1759 -296 1499 -1021 -90 224
646 1753 -299 1503 -1022 -87 226
647 1752 -301 1502 -1025 -85 225
648 1754 -295 1501 -1028 -83 227
649 1755 -296 1501 -1027 -81 228
650 1756 -297 1502 -1029 -84 228
651 1755 -298 1501 -1026 -89 223
652 1754 -298 1500 -1019 -90 226
653 1749 -292 1501 -1017 -86 228
654 1754 -294 1504 -1024 -87 224
655 1756 -294 1502 -1028 -84 225
656 1754 -297 1501 -1028 -84 224
657 1754 -298 1503 -1027 -84 226
658 1754 -299 1500 -1023 -86 226
659 1756 -298 1503 -1025 -90 226
660 1756 -296 1501 -1020 -88 228
661 1752 -296 1502 -1020 -85 229
662 1753 -295 1502 -1024 -80 226
663 1750 -295 1503 -1027 -82 227
664 1754 -295 1500 -1025 -83 226
665 1752 -298 1504 -1025 -85 227
666 1755 -298 1503 -1024 -90 227
667 1755 -296 1501 -1022 -85 227
668 1755 -296 1501 -1022 -88 226
669 1754 -299 1502 -1024 -82 227
670 1755 -299 1498 -1026 -83 226
671 1752 -297 1500 -1026 -82 223
672 1752 -297 1499 -1026 -87 225
673 1754 -299 1499 -1026 -87 225
674 1755 -298 1499 -1022 -87 228
675 1750 -292 1498 -1020 -92 225
676 1750 -298 1500 -1022 -88 226
677 1751 -297 1500 -1023 -85 223
678 1751 -297 1501 -1024 -83 226
679 1756 -298 1501 -1026 -83 226
680 1758 -299 1500 -1025 -87 224
681 1759 -295 1497 -1024 -89 228
682 1754 -298 1504 -1021 -88 227
683 1753 -297 1501 -1026 -87 226
684 1751 -296 1502 -1024 -88 224
685 1750 -297 1501 -1023 -81 226
686 1754 -294 1502 -1029 -86 228
687 1756 -296 1502 -1028 -84 228
688 1757 -297 1501 -1022 -87 225
689 1753 -295 1501 -1019 -87 227
690 1752 -296 1504 -1021 -87 226
691 1752 -300 1501 -1021 -82 226
692 1752 -295 1503 -1024 -84 223
693 1755 -298 1499 -1025 -85 224
694 1753 -294 1503 -1026 -84 223
695 1756 -297 1502 -1025 -85 224
696 1753 -298 1501 -1020 -90 227
697 1756 -298 1503 -1018 -91 224
698 1752 -296 1503 -1021 -83 227
699 1753 -295 1502 -1025 -87 223
700 1750 -299 1500 -1025 -88 226
701 1755 -298 1500 -1025 -84 226
702 1757 -298 1504 -1025 -83 223
703 1758 -299 1500 -1022 -85 229
704 1756 -299 1502 -1024 -85 228
705 1754 -298 1501 -1020 -86 227
706 1754 -300 1502 -1023 -86 225
707 1754 -297 1501 -1021 -85 225
708 1753 -298 1500 -1024 -88 226
709 1752 -298 1500 -1026 -87 225
710 1757 -295 1503 -1024 -89 228
711 1756 -295 1499 -1028 -84 225
712 1752 -297 1502 -1028 -84 227
713 1754 -299 1501 -1027 -86 226
714 1757 -299 1499 -1027 -82 226
715 1757 -296 1503 -1026 -86 226
716 1755 -297 1501 -1024 -85 227
717 1755 -294 1499 -1021 -92 224
718 1753 -295 1498 -1021 -88 226
719 1752 -297 1501 -1022 -88 227
720 1751 -296 1501 -1022 -86 226
721 1753 -296 1502 -1026 -86 228
722 1753 -296 1501 -1026 -85 226
723 1755 -298 1503 -1027 -84 225
724 1755 -299 1501 -1025 -85 225
725 1757 -297 1501 -1025 -85 225
726 1754 -296 1501 -1022 -84 227
727 1755 -297 1500 -1021 -85 224
728 1754 -297 1502 -1023 -87 224
729 1753 -295 1499 -1021 -85 224
730 1751 -299 1500 -1023 -89 228
731 1755 -295 1501 -1020 -84 226
732 1755 -296 1501 -1024 -87 226
733 1757 -298 1504 -1025 -84 226
734 1755 -299 1503 -1027 -82 228
735 1756 -297 1502 -1026 -81 227
736 1755 -298 1501 -1026 -83 226
737 1755 -294 1499 -1021 -89 227
738 1751 -296 1503 -1020 -88 227
739 1751 -298 1499 -1022 -92 225
740 1750 -297 1498 -1022 -92 225
741 1752 -296 1500 -1027 -87 224
742 1754 -299 1501 -1029 -81 226
743 1757 -300 1499 -1026 -81 226
744 1754 -297 1500 -1026 -83 225
745 1753 -297 1504 -1023 -85 226
746 1753 -298 1501 -1024 -89 223
747 1753 -296 1499 -1021 -85 228
748 1754 -297 1502 -1023 -89 225
749 1750 -294 1500 -1019 -84 225
750 1753 -297 1499 -1024 -85 230
751 1753 -296 1505 -1029 -88 226
752 1751 -298 1500 -1026 -86 226
753 1756 -296 1502 -1023 -85 225
754 1758 -296 1503 -1025 -88 227
755 1755 -297 1501 -1022 -87 228
756 1757 -296 1499 -1022 -88 226
757 1755 -297 1502 -1026 -82 227
758 1750 -298 1501 -1028 -82 225
759 1754 -297 1502 -1025 -84 227
760 1752 -296 1502 -1024 -85 226
761 1754 -297 1503 -1018 -88 227
762 1756 -296 1502 -1021 -88 228
763 1752 -296 1502 -1026 -88 227
764 1754 -296 1502 -1023 -83 223
765 1750 -298 1500 -1026 -84 223
766 1753 -297 1504 -1026 -80 227
767 1753 -297 1503 -1026 -86 228
768 1755 -296 1505 -1024 -86 225
769 1755 -296 1504 -1023 -89 224
770 1755 -295 1503 -1023 -90 225
771 1752 -299 1502 -1023 -86 225
772 1752 -296 1501 -1023 -84 226
773 1750 -298 1503 -1024 -85 226
774 1753 -298 1504 -1024 -84 228
775 1755 -294 1504 -1024 -88 225
776 1754 -298 1499 -1022 -88 226
777 1752 -298 1501 -1019 -87 225
778 1752 -296 1502 -1022 -88 223
779 1752 -298 1500 -1022 -84 226
780 1755 -295 1499 -1025 -84 224
781 1754 -297 1503 -1028 -83 225
782 1755 -297 1503 -1025 -87 225
783 1755 -294 1501 -1027 -86 228
784 1752 -294 1499 -1022 -84 226
785 1754 -298 1502 -1025 -87 227
786 1754 -296 1501 -1022 -87 225
787 1751 -298 1501 -1023 -84 223
788 1752 -299 1500 -1025 -87 224
789 1754 -300 1503 -1024 -88 228
790 1758 -294 1501 -1024 -83 225
791 1756 -294 1500 -1024 -89 223
792 1756 -298 1501 -1026 -85 226
793 1751 -294 1500 -1023 -86 225
794 1754 -295 1499 -1026 -84 224
795 1751 -299 1499 -1022 -89 226
796 1753 -295 1503 -1022 -87 227
797 1754 -295 1502 -1024 -87 226
798 1754 -296 1499 -1025 -87 226
799 1758 -298 1499 -1023 -84 226
800 1754 -299 1501 -1025 -87 225
801 1753 -295 1502 -1025 -82 229
802 1752 -294 1501 -1026 -82 223
803 1752 -299 1501 -1023 -85 226
804 1756 -300 1502 -1024 -92 229
805 1752 -295 1502 -1020 -86 225
806 1752 -295 1502 -1024 -94 224
807 1755 -297 1499 -1025 -84 227
808 1756 -293 1501 -1024 -82 225
809 1754 -298 1501 -1022 -80 227
810 1755 -296 1502 -1026 -84 228
811 1752 -294 1500 -1026 -84 227
812 1757 -299 1501 -1027 -85 228
813 1755 -296 1500 -1028 -85 227
814 1755 -300 1501 -1026 -85 225
815 1754 -297 1503 -1023 -85 227
816 1752 -301 1503 -1022 -85 227
817 1754 -297 1501 -1024 -86 226
818 1757 -294 1499 -1021 -89 227
819 1756 -296 1505 -1023 -89 224
820 1756 -299 1502 -1026 -86 227
821 1757 -297 1500 -1025 -85 224
822 1757 -296 1502 -1025 -86 227
823 1755 -296 1503 -1025 -85 226
824 1756 -297 1502 -1026 -85 226
825 1755 -298 1499 -1027 -87 226
826 1753 -296 1501 -1023 -86 228
827 1755 -294 1501 -1022 -85 228
828 1758 -297 1500 -1026 -85 226
829 1754 -295 1503 -1026 -85 226
830 1750 -298 1504 -1023 -84 224
831 1753 -299 1501 -1022 -84 226
832 1751 -295 1499 -1022 -87 226
833 1756 -296 1501 -1024 -84 224
834 1756 -298 1502 -1025 -89 229
835 1752 -297 1501 -1027 -86 224
836 1755 -298 1500 -1029 -82 227
837 1754 -295 1501 -1025 -85 227
838 1752 -297 1503 -1028 -83 225
839 1753 -297 1500 -1026 -87 223
840 1756 -298 1503 -1024 -84 224
841 1757 -299 1500 -1021 -85 226
842 1755 -296 1503 -1021 -85 228
843 1750 -295 1499 -1024 -86 226
844 1747 -298 1501 -1021 -87 225
845 1755 -294 1501 -1023 -85 227
846 1755 -296 1506 -1028 -84 226
847 1756 -298 1499 -1027 -83 228
848 1759 -298 1500 -1028 -83 227
849 1757 -296 1500 -1024 -82 227
850 1755 -296 1503 -1025 -83 228
851 1756 -296 1502 -1023 -86 226
852 1753 -296 1501 -1018 -86 227
853 1750 -297 1505 -1021 -85 226
854 1752 -297 1503 -1019 -91 224
855 1756 -297 1501 -1021 -89 224
856 1755 -297 1501 -1023 -85 226
857 1755 -295 1500 -1027 -83 224
858 1754 -297 1502 -1030 -83 227
859 1752 -295 1503 -1027 -82 228
860 1755 -296 1501 -1027 -83 224
861 1756 -299 1500 -1022 -86 226
862 1752 -299 1504 -1017 -88 228
863 1754 -293 1500 -1021 -89 225
864 1751 -293 1502 -1020 -88 224
865 1751 -293 1498 -1020 -87 228
866 1752 -294 1499 -1023 -84 226
867 1754 -299 1502 -1025 -84 226
868 1756 -296 1502 -1025 -86 227
869 1755 -300 1506 -1024 -86 225
870 1758 -296 1502 -1025 -81 228
871 1758 -297 1502 -1027 -83 226
872 1754 -296 1501 -1025 -85 225
873 1752 -300 1503 -1023 -86 228
874 1753 -295 1502 -1021 -85 225
875 1753 -296 1501 -1024 -88 226
876 1753 -294 1501 -1020 -87 225
877 1756 -293 1499 -1021 -90 226
878 1754 -293 1501 -1023 -83 230
879 1753 -297 1500 -1024 -85 227
880 1758 -299 1501 -1023 -84 227
881 1758 -296 1505 -1027 -81 227
882 1758 -299 1503 -1028 -86 224
883 1757 -299 1504 -1022 -87 226
884 1755 -295 1503 -1020 -87 226
885 1755 -294 1501 -1019 -89 230
886 1753 -293 1499 -1020 -87 224
887 1750 -295 1504 -1021 -85 225
888 1750 -293 1501 -1020 -86 226
889 1751 -300 1504 -1026 -85 225
890 1756 -297 1502 -1023 -84 227
891 1756 -297 1501 -1027 -84 225
892 1756 -298 1501 -1026 -84 224
893 1756 -297 1503 -1027 -83 227
894 1754 -294 1497 -1022 -84 225
895 1755 -295 1502 -1024 -85 225
896 1753 -298 1500 -1023 -88 227
897 1754 -298 1499 -1023 -87 226
898 1751 -294 1500 -1022 -89 226
899 1756 -296 1500 -1020 -89 226
900 1754 -295 1504 -1022 -86 223
901 1752 -297 1503 -1024 -86 225
902 1752 -298 1502 -1029 -81 225
903 1755 -299 1500 -1028 -83 227
904 1758 -298 1502 -1027 -81 229
905 1758 -301 1499 -1026 -88 229
906 1755 -297 1503 -1020 -87 224
907 1756 -300 1503 -1019 -87 228
908 1753 -295 1500 -1021 -85 225
909 1750 -293 1502 -1021 -85 223
910 1751 -295 1501 -1021 -88 224
911 1753 -296 1501 -1021 -86 227
912 1756 -296 1503 -1024 -88 229
913 1755 -296 1502 -1027 -87 225
914 1759 -295 1501 -1029 -82 225
915 1758 -297 1504 -1025 -81 225
916 1756 -294 1503 -1024 -85 228
917 1753 -295 1502 -1023 -85 229
918 1753 -297 1502 -1021 -88 227
919 1754 -295 1500 -1023 -88 224
920 1752 -296 1504 -1021 -88 226
921 1755 -296 1499 -1022 -87 224
922 1752 -296 1502 -1024 -85 225
923 1758 -297 1502 -1024 -80 225
924 1756 -296 1502 -1025 -84 227
925 1757 -298 1503 -1026 -83 224
926 1756 -295 1502 -1023 -87 228
927 1754 -298 1501 -1022 -86 226
928 1751 -299 1499 -1021 -84 226
929 1751 -296 1502 -1021 -86 224
930 1752 -297 1503 -1020 -85 229
931 1755 -297 1501 -1024 -83 226
932 1752 -294 1504 -1024 -83 227
933 1756 -297 1503 -1025 -87 224
934 1752 -298 1497 -1024 -87 226
935 1755 -296 1500 -1027 -87 225
936 1755 -296 1501 -1027 -83 229
937 1754 -295 1503 -1025 -82 226
938 1755 -295 1503 -1024 -83 223
939 1754 -299 1502 -1022 -88 226
940 1755 -294 1501 -1024 -90 228
941 1753 -295 1502 -1020 -88 224
942 1751 -298 1499 -1023 -89 226
943 1754 -298 1499 -1025 -89 224
944 1753 -298 1501 -1029 -83 224
945 1754 -297 1500 -1026 -82 227
946 1756 -298 1500 -1027 -81 224
947 1754 -300 1502 -1026 -85 227
948 1757 -297 1503 -1023 -83 229
949 1755 -298 1501 -1020 -86 227
950 1757 -296 1501 -1020 -84 224
951 1752 -298 1501 -1025 -86 223
952 1754 -298 1503 -1020 -85 227
953 1754 -295 1504 -1024 -84 223
954 1754 -295 1503 -1023 -86 226
955 1756 -298 1501 -1022 -86 226
956 1756 -298 1501 -1023 -86 227
957 1755 -298 1503 -1021 -88 227
958 1752 -296 1504 -1023 -84 229
959 1757 -295 1503 -1027 -85 225
960 1751 -297 1500 -1025 -83 224
961 1754 -297 1502 -1024 -83 227
962 1755 -293 1504 -1022 -88 226
963 1750 -299 1499 -1022 -89 225
964 1758 -294 1499 -1023 -87 225
965 1751 -294 1503 -1026 -85 230
966 1755 -295 1501 -1023 -83 228
967 1753 -296 1502 -1028 -83 225
968 1753 -298 1499 -1025 -84 228
969 1754 -299 1501 -1028 -87 227
970 1750 -299 1501 -1022 -88 228
971 1759 -297 1501 -1022 -88 224
972 1756 -298 1500 -1021 -84 226
973 1754 -296 1499 -1025 -86 221
974 1756 -296 1502 -1023 -84 224
975 1756 -297 1503 -1025 -83 222
976 1755 -294 1501 -1028 -84 224
977 1755 -295 1503 -1026 -85 229
978 1754 -298 1500 -1023 -89 228
979 1753 -295 1499 -1021 -84 227
980 1755 -296 1501 -1022 -87 226
981 1754 -296 1503 -1026 -87 227
982 1756 -293 1501 -1027 -85 226
983 1750 -298 1500 -1022 -87 225
984 1752 -299 1500 -1022 -84 226
985 1753 -295 1501 -1022 -90 222
986 1757 -295 1501 -1025 -88 225
987 1756 -296 1502 -1023 -87 225
988 1755 -298 1501 -1027 -87 224
989 1754 -294 1499 -1029 -82 223
990 1751 -297 1503 -1030 -82 225
991 1755 -302 1498 -1025 -88 226
992 1754 -296 1498 -1023 -84 226
993 1755 -297 1501 -1025 -87 222
994 1753 -295 1500 -1023 -89 225
995 1756 -297 1501 -1021 -88 227
996 1751 -295 1502 -1022 -84 227
997 1754 -295 1501 -1025 -84 226
998 1754 -296 1501 -1026 -85 227
999 1754 -296 1499 -1026 -84 225
0 4783 -5756 2023 -7345 3235 5170
1 4783 -5753 2027 -7341 3234 5170
2 4783 -5754 2026 -7341 3233 5170
3 4784 -5752 2026 -7340 3235 5171
4 4784 -5752 2025 -7343 3236 5171
5 4785 -5750 2029 -7344 3235 5172
6 4784 -5753 2028 -7343 3237 5172
7 4786 -5753 2028 -7345 3238 5173
8 4785 -5754 2027 -7346 3235 5175
9 4785 -5751 2028 -7342 3231 5169
10 4784 -5755 2026 -7338 3232 5172
11 4781 -5754 2027 -7341 3235 5172
12 4782 -5752 2029 -7342 3233 5172
13 4779 -5751 2027 -7343 3238 5171
14 4783 -5751 2027 -7341 3234 5173
15 4783 -5753 2024 -7340 3235 5172
16 4785 -5748 2030 -7343 3234 5174
17 4782 -5751 2030 -7343 3235 5171
18 4780 -5752 2028 -7340 3238 5174
19 4785 -5750 2030 -7344 3238 5173
20 4786 -5752 2030 -7346 3240 5175
21 4784 -5753 2031 -7343 3240 5172
22 4786 -5752 2031 -7343 3237 5172
23 4786 -5750 2030 -7342 3234 5175
24 4781 -5750 2031 -7340 3236 5177
25 4780 -5749 2030 -7340 3235 5175
26 4781 -5749 2029 -7341 3235 5175
27 4782 -5749 2025 -7341 3235 5174
28 4785 -5749 2029 -7341 3236 5175
29 4784 -5749 2031 -7338 3237 5176
30 4783 -5754 2029 -7343 3236 5177
31 4781 -5750 2033 -7343 3237 5174
32 4783 -5747 2033 -7344 3235 5174
33 4784 -5751 2030 -7341 3237 5174
34 4779 -5751 2030 -7346 3234 5174
35 4781 -5748 2034 -7344 3235 5175
36 4780 -5749 2032 -7338 3236 5176
37 4781 -5748 2032 -7343 3234 5176
38 4778 -5752 2031 -7342 3236 5174
39 4779 -5751 2032 -7342 3235 5173
40 4782 -5751 2033 -7343 3239 5176
41 4782 -5748 2033 -7344 3240 5176
42 4781 -5749 2032 -7349 3239 5176
43 4783 -5750 2034 -7348 3238 5174
44 4784 -5751 2034 -7348 3239 5176
45 4780 -5749 2031 -7345 3235 5178
46 4779 -5748 2031 -7341 3234 5177
47 4779 -5747 2035 -7341 3234 5179
48 4781 -5749 2035 -7340 3236 5176
49 4778 -5748 2036 -7341 3235 5175
50 4781 -5745 2035 -7344 3237 5178
51 4783 -5746 2038 -7344 3241 5179
52 4779 -5747 2032 -7342 3237 5179
53 4783 -5747 2035 -7341 3238 5179
54 4783 -5745 2039 -7346 3238 5178
55 4780 -5744 2035 -7346 3237 5175
56 4780 -5745 2038 -7346 3238 5179
57 4783 -5745 2036 -7346 3240 5178
58 4781 -5745 2035 -7342 3240 5178
59 4779 -5745 2035 -7341 3235 5176
60 4783 -5748 2037 -7342 3237 5179
61 4781 -5745 2037 -7345 3242 5179
62 4784 -5742 2038 -7347 3241 5180
63 4782 -5744 2037 -7350 3244 5175
64 4784 -5745 2040 -7350 3241 5183
65 4787 -5745 2040 -7348 3237 5180
66 4784 -5746 2038 -7350 3238 5181
67 4781 -5744 2037 -7347 3237 5179
68 4784 -5744 2039 -7346 3238 5180
69 4779 -5742 2038 -7345 3237 5180
70 4783 -5742 2040 -7346 3238 5180
71 4781 -5745 2041 -7346 3240 5179
72 4780 -5746 2041 -7345 3239 5178
73 4779 -5746 2040 -7348 3241 5182
74 4783 -5746 2040 -7350 3236 5177
75 4780 -5745 2038 -7348 3239 5178
76 4781 -5743 2039 -7349 3239 5180
77 4782 -5741 2043 -7350 3242 5181
78 4783 -5746 2040 -7346 3240 5179
79 4781 -5741 2042 -7348 3239 5179
80 4784 -5745 2041 -7350 3241 5180
81 4786 -5743 2041 -7351 3240 5182
82 4782 -5745 2040 -7353 3236 5181
83 4784 -5742 2040 -7351 3241 5182
84 4781 -5742 2041 -7353 3242 5179
85 4784 -5743 2043 -7356 3243 5183
86 4784 -5743 2044 -7353 3243 5183
87 4784 -5740 2042 -7359 3241 5186
88 4786 -5740 2044 -7352 3238 5181
89 4784 -5743 2042 -7355 3235 5182
90 4784 -5741 2044 -7350 3241 5179
91 4781 -5743 2042 -7354 3244 5180
92 4782 -5741 2045 -7353 3242 5182
93 4781 -5741 2047 -7352 3242 5183
94 4781 -5740 2045 -7351 3241 5183
95 4786 -5745 2044 -7357 3242 5181
96 4785 -5739 2043 -7356 3242 5184
97 4786 -5743 2045 -7353 3243 5182
98 4782 -5740 2045 -7359 3244 5183
99 4785 -5741 2044 -7358 3242 5184
100 4784 -5742 2047 -7354 3246 5186
101 4782 -5739 2047 -7356 3243 5183
102 4783 -5740 2048 -7356 3244 5184
103 4784 -5742 2045 -7355 3243 5186
104 4787 -5741 2048 -7357 3245 5187
105 4785 -5739 2048 -7358 3243 5183
106 4785 -5738 2048 -7359 3248 5186
107 4787 -5739 2049 -7363 3249 5188
108 4785 -5740 2049 -7361 3251 5186
109 4791 -5739 2052 -7361 3245 5188
110 4787 -5741 2049 -7359 3245 5187
111 4786 -5739 2048 -7361 3242 5187
112 4784 -5739 2050 -7358 3247 5189
113 4779 -5738 2051 -7359 3246 5187
114 4783 -5738 2047 -7362 3248 5186
115 4785 -5737 2050 -7363 3247 5187
116 4784 -5739 2050 -7365 3244 5187
117 4787 -5734 2052 -7361 3247 5187
118 4787 -5737 2050 -7365 3248 5188
119 4786 -5739 2052 -7367 3248 5186
120 4784 -5739 2049 -7368 3251 5188
121 4787 -5737 2051 -7368 3251 5184
122 4784 -5739 2054 -7367 3254 5188
123 4786 -5739 2054 -7366 3247 5188
124 4785 -5736 2051 -7364 3248 5188
125 4788 -5737 2051 -7364 3246 5189
126 4787 -5735 2051 -7367 3247 5190
127 4784 -5735 2054 -7367 3250 5189
128 4784 -5738 2052 -7369 3251 5187
129 4785 -5737 2051 -7375 3253 5187
130 4787 -5739 2055 -7372 3252 5188
131 4791 -5737 2054 -7371 3252 5189
132 4788 -5734 2056 -7370 3248 5191
133 4789 -5734 2058 -7367 3248 5190
134 4783 -5734 2057 -7364 3250 5192
135 4784 -5733 2055 -7366 3249 5191
136 4784 -5732 2054 -7371 3257 5191
137 4785 -5735 2056 -7374 3256 5193
138 4789 -5733 2060 -7372 3256 5193
139 4792 -5732 2061 -7374 3253 5193
140 4788 -5733 2059 -7374 3253 5195
141 4791 -5733 2058 -7375 3253 5193
142 4791 -5732 2058 -7377 3259 5193
143 4787 -5731 2061 -7376 3258 5193
144 4788 -5733 2062 -7375 3256 5192
145 4788 -5730 2058 -7377 3255 5193
146 4790 -5734 2060 -7376 3252 5192
147 4793 -5731 2060 -7374 3253 5193
148 4789 -5731 2063 -7374 3255 5194
149 4790 -5731 2062 -7374 3255 5196
150 4789 -5732 2060 -7376 3256 5195
151 4794 -5732 2062 -7381 3255 5194
152 4793 -5732 2059 -7383 3257 5195
153 4795 -5730 2060 -7381 3255 5194
154 4792 -5729 2063 -7380 3254 5194
155 4788 -5730 2060 -7380 3254 5195
156 4787 -5730 2062 -7379 3256 5194
157 4787 -5729 2065 -7382 3261 5197
158 4788 -5729 2067 -7384 3259 5196
159 4788 -5726 2064 -7385 3263 5196
160 4790 -5727 2066 -7386 3260 5200
161 4795 -5728 2068 -7384 3262 5199
162 4795 -5728 2066 -7385 3260 5194
163 4794 -5727 2068 -7386 3261 5195
164 4791 -5728 2068 -7387 3261 5194
165 4793 -5725 2070 -7389 3261 5197
166 4793 -5728 2068 -7390 3261 5197
167 4795 -5728 2068 -7386 3258 5197
168 4793 -5729 2068 -7387 3256 5199
169 4796 -5726 2070 -7388 3258 5199
170 4798 -5726 2068 -7386 3259 5199
171 4790 -5727 2070 -7390 3259 5200
172 4793 -5723 2071 -7390 3262 5198
173 4791 -5723 2071 -7391 3258 5201
174 4796 -5725 2072 -7396 3260 5199
175 4794 -5726 2069 -7391 3258 5201
176 4794 -5723 2074 -7391 3257 5200
177 4792 -5728 2071 -7390 3261 5199
178 4791 -5727 2073 -7394 3264 5201
179 4790 -5724 2075 -7394 3265 5197
180 4791 -5723 2072 -7397 3266 5200
181 4794 -5724 2074 -7395 3266 5203
182 4797 -5723 2074 -7394 3265 5201
183 4796 -5727 2073 -7394 3263 5200
184 4793 -5724 2074 -7395 3266 5197
185 4794 -5722 2077 -7398 3267 5201
186 4792 -5726 2074 -7396 3267 5201
187 4792 -5721 2077 -7397 3269 5201
188 4797 -5721 2078 -7399 3265 5205
189 4794 -5722 2077 -7401 3265 5201
190 4800 -5718 2079 -7397 3265 5200
191 4800 -5723 2079 -7396 3267 5206
192 4793 -5724 2080 -7397 3264 5205
193 4791 -5718 2078 -7401 3265 5199
194 4794 -5720 2078 -7399 3269 5204
195 4795 -5721 2079 -7403 3264 5205
196 4796 -5720 2080 -7404 3268 5206
197 4795 -5719 2077 -7402 3266 5205
198 4795 -5719 2079 -7405 3264 5206
199 4796 -5718 2082 -7406 3270 5204
200 4794 -5719 2082 -7406 3269 5202
201 4795 -5719 2082 -7407 3273 5205
202 4795 -5716 2081 -7408 3272 5208
203 4796 -5719 2083 -7410 3272 5206
204 4798 -5720 2083 -7407 3267 5205
205 4797 -5720 2081 -7406 3266 5205
206 4795 -5718 2084 -7407 3269 5204
207 4795 -5719 2079 -7405 3275 5209
208 4795 -5715 2087 -7407 3276 5206
209 4798 -5720 2085 -7411 3273 5204
210 4797 -5717 2084 -7410 3269 5205
211 4797 -5715 2084 -7410 3269 5208
212 4795 -5714 2088 -7409 3270 5206
213 4795 -5716 2086 -7410 3267 5207
214 4797 -5718 2089 -7409 3270 5210
215 4797 -5714 2083 -7413 3273 5209
216 4796 -5716 2090 -7411 3275 5212
217 4796 -5712 2089 -7413 3271 5207
218 4801 -5715 2088 -7413 3271 5207
219 4799 -5716 2086 -7413 3273 5212
220 4796 -5713 2090 -7415 3272 5211
221 4799 -5716 2088 -7417 3274 5213
222 4797 -5713 2091 -7416 3280 5210
223 4796 -5712 2093 -7417 3281 5213
224 4797 -5713 2091 -7421 3278 5210
225 4798 -5713 2092 -7417 3275 5212
226 4798 -5713 2091 -7420 3274 5209
227 4799 -5713 2093 -7416 3276 5210
228 4798 -5710 2091 -7417 3279 5213
229 4797 -5712 2094 -7419 3277 5213
230 4797 -5712 2093 -7418 3280 5210
231 4797 -5713 2096 -7417 3274 5213
232 4799 -5712 2094 -7419 3276 5213
233 4801 -5711 2093 -7422 3273 5212
234 4799 -5712 2093 -7417 3277 5214
235 4799 -5710 2093 -7421 3275 5213
236 4798 -5710 2093 -7422 3280 5213
237 4798 -5711 2094 -7421 3280 5212
238 4796 -5709 2097 -7423 3276 5213
239 4799 -5711 2096 -7423 3277 5215
240 4801 -5709 2095 -7422 3277 5213
241 4803 -5707 2099 -7420 3276 5216
242 4801 -5708 2099 -7422 3281 5218
243 4799 -5709 2101 -7423 3284 5218
244 4799 -5708 2100 -7428 3282 5215
245 4800 -5709 2102 -7428 3284 5219
246 4800 -5705 2100 -7429 3279 5215
247 4799 -5707 2100 -7425 3280 5218
248 4801 -5710 2102 -7424 3277 5217
249 4797 -5704 2102 -7424 3278 5220
250 4799 -5711 2097 -7425 3278 5218
251 4798 -5706 2101 -7429 3280 5216
252 4800 -5709 2097 -7433 3283 5218
253 4803 -5706 2101 -7431 3283 5218
254 4801 -5704 2103 -7431 3278 5218
255 4805 -5702 2105 -7428 3275 5218
256 4803 -5707 2101 -7427 3279 5218
257 4798 -5701 2106 -7425 3281 5219
258 4802 -5704 2102 -7428 3281 5223
259 4798 -5702 2105 -7430 3282 5222
260 4803 -5701 2107 -7433 3283 5220
261 4799 -5704 2104 -7436 3281 5221
262 4806 -5703 2106 -7433 3281 5222
263 4803 -5705 2106 -7432 3282 5222
264 4803 -5704 2107 -7433 3288 5218
265 4802 -5704 2109 -7433 3286 5220
266 4802 -5700 2108 -7435 3288 5219
267 4801 -5706 2108 -7437 3285 5218
268 4802 -5702 2110 -7431 3284 5221
269 4800 -5702 2110 -7431 3283 5224
270 4799 -5701 2107 -7434 3284 5223
271 4803 -5703 2109 -7433 3282 5222
272 4802 -5697 2110 -7435 3285 5225
273 4802 -5703 2110 -7436 3285 5223
274 4802 -5701 2111 -7437 3288 5222
275 4804 -5704 2108 -7441 3287 5223
276 4803 -5703 2111 -7439 3284 5222
277 4804 -5702 2107 -7436 3280 5224
278 4801 -5699 2108 -7435 3283 5220
279 4800 -5699 2110 -7435 3283 5223
280 4798 -5697 2110 -7434 3284 5224
281 4801 -5699 2113 -7438 3284 5225
282 4802 -5699 2115 -7440 3287 5225
283 4805 -5698 2111 -7444 3289 5224
284 4805 -5701 2112 -7442 3291 5225
285 4803 -5700 2113 -7442 3291 5227
286 4805 -5704 2115 -7444 3291 5225
287 4800 -5694 2117 -7441 3295 5224
288 4800 -5697 2115 -7442 3290 5226
289 4798 -5695 2116 -7436 3286 5226
290 4801 -5694 2118 -7438 3288 5227
291 4800 -5700 2112 -7441 3288 5225
292 4800 -5696 2115 -7439 3289 5224
293 4800 -5699 2118 -7442 3291 5229
294 4801 -5695 2116 -7443 3295 5229
295 4806 -5696 2119 -7449 3290 5226
296 4806 -5698 2117 -7444 3292 5227
297 4803 -5697 2116 -7444 3288 5226
298 4802 -5694 2121 -7435 3285 5225
299 4800 -5696 2119 -7436 3284 5226
300 4801 -5696 2118 -7437 3287 5227
301 4798 -5695 2117 -7442 3287 5228
302 4800 -5692 2118 -7445 3291 5228
303 4804 -5696 2116 -7451 3291 5226
304 4807 -5697 2116 -7454 3292 5228
305 4805 -5698 2119 -7449 3291 5231
306 4803 -5696 2118 -7447 3296 5230
307 4802 -5696 2121 -7445 3292 5231
308 4801 -5696 2119 -7442 3291 5228
309 4800 -5693 2121 -7445 3293 5230
310 4800 -5695 2121 -7444 3291 5230
311 4801 -5695 2121 -7446 3292 5229
312 4804 -5694 2119 -7450 3290 5228
313 4801 -5695 2122 -7449 3294 5229
314 4803 -5693 2120 -7448 3295 5231
315 4804 -5695 2121 -7448 3292 5231
316 4806 -5690 2122 -7445 3293 5232
317 4803 -5689 2126 -7448 3287 5229
318 4805 -5692 2124 -7445 3289 5231
319 4802 -5695 2121 -7445 3286 5230
320 4804 -5691 2122 -7447 3290 5232
321 4801 -5693 2124 -7452 3287 5230
322 4805 -5691 2123 -7455 3294 5230
323 4805 -5694 2126 -7452 3295 5227
324 4804 -5691 2125 -7454 3295 5232
325 4804 -5695 2125 -7453 3294 5234
326 4805 -5694 2125 -7455 3293 5231
327 4806 -5691 2126 -7451 3295 5230
328 4801 -5691 2127 -7452 3296 5231
329 4801 -5691 2122 -7451 3293 5231
330 4800 -5691 2123 -7452 3295 5229
331 4803 -5689 2121 -7451 3297 5232
332 4805 -5693 2126 -7457 3298 5234
333 4805 -5693 2125 -7459 3297 5229
334 4806 -5695 2127 -7457 3295 5232
335 4802 -5692 2123 -7452 3294 5234
336 4802 -5692 2125 -7453 3293 5232
337 4804 -5690 2125 -7452 3291 5233
338 4802 -5689 2126 -7451 3292 5234
339 4804 -5690 2123 -7448 3288 5234
340 4802 -5689 2130 -7453 3290 5232
341 4807 -5689 2127 -7456 3292 5234
342 4809 -5688 2125 -7457 3298 5234
343 4808 -5690 2125 -7457 3298 5235
344 4809 -5686 2129 -7461 3297 5236
345 4808 -5687 2131 -7460 3301 5235
346 4809 -5687 2127 -7459 3297 5233
347 4807 -5688 2131 -7453 3297 5236
348 4807 -5684 2132 -7454 3297 5232
349 4804 -5689 2132 -7457 3294 5234
350 4800 -5688 2131 -7458 3298 5232
351 4805 -5691 2132 -7462 3298 5233
352 4805 -5685 2132 -7462 3303 5236
353 4809 -5690 2130 -7467 3300 5235
354 4811 -5688 2128 -7464 3298 5235
355 4809 -5686 2131 -7457 3294 5237
356 4806 -5687 2130 -7455 3296 5234
357 4805 -5687 2129 -7455 3294 5234
358 4804 -5686 2128 -7452 3296 5237
359 4807 -5686 2130 -7456 3295 5237
360 4806 -5688 2130 -7461 3295 5233
361 4809 -5686 2131 -7461 3296 5234
362 4811 -5684 2132 -7464 3298 5237
363 4808 -5690 2130 -7465 3298 5234
364 4810 -5685 2130 -7465 3301 5237
365 4809 -5686 2133 -7464 3298 5236
366 4809 -5689 2133 -7462 3301 5236
367 4806 -5689 2132 -7464 3299 5236
368 4806 -5689 2130 -7462 3300 5233
369 4806 -5685 2134 -7458 3296 5237
370 4804 -5687 2130 -7464 3301 5234
371 4808 -5686 2131 -7466 3302 5236
372 4809 -5687 2130 -7466 3305 5238
373 4810 -5684 2134 -7471 3303 5236
374 4811 -5689 2133 -7469 3302 5235
375 4808 -5690 2131 -7464 3301 5237
376 4807 -5686 2134 -7464 3302 5236
377 4804 -5686 2131 -7463 3300 5237
378 4804 -5689 2132 -7461 3296 5233
379 4807 -5687 2131 -7464 3298 5237
380 4806 -5684 2134 -7464 3299 5235
381 4808 -5687 2130 -7465 3299 5238
382 4808 -5687 2131 -7468 3302 5238
383 4813 -5686 2133 -7468 3302 5240
384 4810 -5681 2133 -7467 3301 5238
385 4811 -5686 2134 -7466 3304 5237
386 4808 -5687 2128 -7466 3302 5235
387 4812 -5685 2133 -7465 3306 5235
388 4809 -5687 2134 -7469 3300 5237
389 4810 -5683 2135 -7467 3306 5237
390 4810 -5687 2134 -7472 3307 5238
391 4809 -5686 2133 -7474 3305 5237
392 4808 -5690 2135 -7472 3308 5235
393 4807 -5688 2133 -7473 3305 5234
394 4810 -5688 2136 -7473 3308 5240
395 4812 -5689 2132 -7475 3307 5238
396 4811 -5689 2132 -7474 3309 5236
397 4811 -5686 2133 -7470 3304 5237
398 4812 -5686 2135 -7471 3302 5240
399 4809 -5687 2134 -7469 3300 5238
400 4813 -5687 2131 -7467 3302 5239
401 4811 -5686 2134 -7472 3306 5236
402 4814 -5689 2131 -7470 3304 5237
403 4815 -5684 2134 -7478 3305 5239
404 4816 -5688 2136 -7474 3306 5240
405 4814 -5688 2136 -7479 3306 5238
406 4813 -5688 2134 -7479 3307 5236
407 4810 -5690 2133 -7475 3307 5237
408 4810 -5687 2135 -7479 3306 5234
409 4812 -5687 2132 -7476 3307 5238
410 4810 -5689 2134 -7476 3307 5234
411 4809 -5690 2133 -7479 3305 5233
412 4810 -5684 2133 -7476 3307 5236
413 4809 -5688 2136 -7479 3304 5235
414 4811 -5686 2133 -7482 3306 5234
415 4811 -5686 2133 -7482 3305 5236
416 4814 -5686 2131 -7481 3308 5236
417 4813 -5689 2134 -7483 3308 5236
418 4817 -5687 2131 -7483 3304 5235
419 4814 -5687 2132 -7479 3304 5238
420 4813 -5689 2131 -7478 3302 5239
421 4815 -5685 2133 -7475 3303 5236
422 4815 -5686 2132 -7476 3301 5236
423 4811 -5686 2132 -7478 3304 5237
424 4812 -5687 2130 -7483 3305 5235
425 4816 -5685 2133 -7484 3307 5237
426 4817 -5688 2130 -7486 3308 5238
427 4817 -5690 2133 -7486 3312 5234
428 4819 -5687 2133 -7491 3309 5236
429 4818 -5688 2136 -7488 3308 5234
430 4816 -5690 2129 -7483 3307 5233
431 4818 -5688 2134 -7482 3308 5236
432 4813 -5687 2136 -7478 3307 5234
433 4814 -5685 2135 -7482 3302 5234
434 4812 -5689 2135 -7482 3305 5232
435 4813 -5687 2134 -7486 3307 5235
436 4816 -5687 2134 -7490 3312 5239
437 4821 -5688 2134 -7493 3309 5237
438 4821 -5687 2134 -7494 3308 5235
439 4820 -5690 2132 -7492 3308 5236
440 4818 -5686 2132 -7487 3307 5237
441 4819 -5687 2134 -7489 3306 5236
442 4817 -5687 2131 -7483 3303 5235
443 4813 -5687 2130 -7484 3304 5234
444 4814 -5687 2132 -7484 3307 5233
445 4814 -5686 2132 -7491 3307 5234
446 4820 -5688 2134 -7498 3311 5233
447 4817 -5689 2132 -7493 3312 5237
448 4823 -5689 2133 -7493 3316 5236
449 4821 -5689 2134 -7496 3314 5237
450 4818 -5690 2132 -7493 3313 5234
451 4817 -5688 2130 -7488 3308 5231
452 4815 -5691 2134 -7487 3311 5234
453 4815 -5687 2131 -7490 3308 5237
454 4812 -5686 2132 -7488 3311 5232
455 4819 -5688 2130 -7494 3311 5236
456 4817 -5688 2134 -7496 3310 5236
457 4823 -5690 2131 -7499 3313 5236
458 4819 -5690 2129 -7498 3316 5238
459 4827 -5688 2132 -7497 3309 5235
460 4821 -5691 2131 -7496 3312 5232
461 4825 -5687 2131 -7496 3306 5236
462 4820 -5687 2128 -7493 3308 5232
463 4818 -5691 2128 -7491 3309 5231
464 4821 -5687 2126 -7493 3309 5235
465 4822 -5688 2132 -7499 3313 5235
466 4824 -5688 2132 -7504 3318 5236
467 4829 -5690 2134 -7508 3317 5235
468 4829 -5688 2131 -7502 3317 5234
469 4821 -5689 2133 -7497 3313 5230
470 4817 -5689 2131 -7497 3312 5233
471 4812 -5688 2131 -7494 3312 5231
472 4814 -5689 2131 -7490 3312 5233
473 4818 -5688 2132 -7495 3309 5231
474 4819 -5693 2132 -7501 3312 5233
475 4820 -5691 2131 -7504 3315 5234
476 4822 -5689 2137 -7507 3320 5235
477 4822 -5692 2132 -7506 3320 5233
478 4823 -5692 2133 -7502 3316 5233
479 4821 -5691 2130 -7499 3309 5232
480 4823 -5690 2131 -7496 3313 5234
481 4823 -5687 2129 -7492 3311 5234
482 4824 -5686 2136 -7497 3312 5235
483 4821 -5687 2133 -7503 3316 5233
484 4823 -5690 2130 -7504 3318 5231
485 4828 -5690 2130 -7512 3319 5233
486 4831 -5691 2133 -7513 3320 5235
487 4831 -5691 2134 -7514 3316 5234
488 4831 -5694 2131 -7513 3318 5231
489 4825 -5691 2129 -7508 3315 5236
490 4824 -5689 2133 -7502 3312 5233
491 4819 -5689 2134 -7498 3313 5231
492 4819 -5693 2129 -7500 3312 5231
493 4816 -5691 2131 -7500 3313 5232
494 4821 -5690 2130 -7506 3316 5232
495 4825 -5691 2134 -7513 3317 5230
496 4824 -5691 2133 -7512 3321 5229
497 4826 -5692 2127 -7515 3322 5231
498 4825 -5690 2130 -7512 3323 5232
499 4824 -5691 2133 -7508 3317 5229
500 4822 -5692 2129 -7503 3314 5230
501 4821 -5694 2129 -7501 3308 5229
502 4824 -5690 2128 -7501 3307 5233
503 4826 -5687 2127 -7509 3309 5232
504 4828 -5690 2130 -7510 3315 5231
505 4828 -5692 2129 -7515 3319 5232
506 4829 -5692 2127 -7522 3321 5233
507 4834 -5692 2131 -7519 3320 5234
508 4834 -5691 2131 -7517 3315 5232
509 4831 -5691 2131 -7512 3317 5233
510 4825 -5692 2127 -7511 3311 5232
511 4826 -5694 2127 -7511 3313 5229
512 4824 -5690 2128 -7509 3319 5232
513 4825 -5693 2129 -7512 3317 5233
514 4822 -5695 2130 -7514 3321 5230
515 4830 -5691 2130 -7514 3320 5234
516 4829 -5692 2132 -7512 3318 5227
517 4827 -5693 2125 -7515 3318 5231
518 4829 -5694 2128 -7510 3319 5230
519 4824 -5691 2130 -7510 3323 5228
520 4825 -5691 2128 -7513 3319 5232
521 4826 -5693 2132 -7513 3318 5232
522 4833 -5692 2129 -7515 3317 5232
523 4834 -5692 2129 -7514 3312 5232
524 4832 -5692 2126 -7514 3316 5233
525 4831 -5690 2128 -7513 3312 5229
526 4830 -5692 2126 -7508 3311 5231
527 4828 -5691 2129 -7507 3314 5229
528 4823 -5694 2127 -7509 3313 5226
529 4826 -5692 2124 -7515 3318 5231
530 4830 -5695 2130 -7519 3322 5232
531 4835 -5696 2128 -7528 3322 5231
532 4834 -5697 2129 -7527 3328 5230
533 4836 -5692 2125 -7529 3329 5233
534 4835 -5694 2129 -7523 3329 5230
535 4830 -5695 2129 -7514 3323 5229
536 4826 -5694 2129 -7509 3316 5230
537 4826 -5692 2130 -7504 3312 5228
538 4821 -5694 2126 -7505 3311 5230
539 4825 -5693 2127 -7514 3315 5229
540 4825 -5695 2126 -7524 3320 5228
541 4827 -5697 2128 -7528 3329 5230
542 4832 -5695 2126 -7534 3324 5229
543 4835 -5695 2128 -7529 3322 5229
544 4834 -5697 2125 -7519 3313 5230
545 4832 -5694 2124 -7511 3308 5228
546 4824 -5692 2122 -7499 3307 5226
547 4821 -5693 2124 -7497 3304 5227
548 4815 -5692 2127 -7503 3312 5227
549 4822 -5695 2126 -7516 3315 5228
550 4832 -5693 2125 -7523 3321 5231
551 4837 -5697 2127 -7533 3323 5231
552 4841 -5698 2127 -7538 3327 5233
553 4838 -5699 2129 -7535 3326 5233
554 4833 -5696 2129 -7527 3325 5228
555 4832 -5696 2126 -7517 3323 5230
556 4824 -5697 2127 -7508 3315 5228
557 4823 -5694 2123 -7509 3309 5222
558 4822 -5695 2122 -7505 3307 5227
559 4827 -5694 2126 -7517 3312 5225
560 4826 -5696 2127 -7519 3318 5228
561 4832 -5697 2125 -7529 3322 5230
562 4834 -5695 2127 -7535 3330 5229
563 4834 -5697 2126 -7531 3328 5230
564 4836 -5699 2125 -7523 3323 5228
565 4831 -5698 2125 -7514 3316 5228
566 4825 -5693 2126 -7504 3308 5229
567 4822 -5694 2123 -7499 3309 5224
568 4821 -5690 2123 -7507 3311 5227
569 4821 -5696 2127 -7514 3317 5228
570 4829 -5695 2126 -7526 3324 5229
571 4832 -5696 2125 -7534 3326 5230
572 4837 -5694 2128 -7529 3324 5229
573 4837 -5698 2126 -7524 3320 5227
574 4833 -5698 2122 -7518 3314 5229
575 4829 -5694 2122 -7514 3316 5226
576 4824 -5694 2126 -7513 3316 5223
577 4826 -5697 2128 -7515 3319 5228
578 4824 -5695 2125 -7520 3316 5227
579 4831 -5696 2125 -7522 3315 5229
580 4833 -5698 2124 -7523 3316 5227
581 4832 -5698 2122 -7519 3315 5228
582 4832 -5698 2123 -7518 3316 5230
583 4827 -5697 2124 -7515 3320 5227
584 4825 -5695 2125 -7518 3318 5227
585 4829 -5698 2122 -7517 3317 5227
586 4829 -5696 2124 -7519 3314 5227
587 4830 -5694 2121 -7514 3310 5224
588 4830 -5697 2124 -7514 3312 5224
589 4828 -5696 2121 -7514 3313 5230
590 4829 -5701 2121 -7515 3318 5228
591 4831 -5698 2124 -7516 3321 5226
592 4826 -5697 2122 -7521 3319 5221
593 4827 -5697 2124 -7518 3318 5229
594 4830 -5696 2125 -7516 3317 5229
595 4832 -5696 2125 -7516 3314 5225
596 4831 -5697 2121 -7516 3311 5224
597 4828 -5695 2121 -7515 3315 5227
598 4832 -5696 2121 -7516 3317 5224
599 4829 -5695 2125 -7516 3320 5225
600 4828 -5698 2121 -7517 3314 5229
601 4832 -5697 2124 -7517 3317 5226
602 4831 -5697 2123 -7515 3315 5228
603 4831 -5698 2122 -7511 3314 5224
604 4825 -5697 2122 -7510 3314 5227
605 4826 -5696 2123 -7512 3316 5224
606 4828 -5696 2122 -7513 3319 5226
607 4829 -5699 2120 -7515 3314 5226
608 4832 -5695 2120 -7515 3315 5228
609 4833 -5699 2122 -7512 3313 5226
610 4830 -5696 2122 -7509 3315 5230
611 4829 -5698 2120 -7509 3315 5227
612 4828 -5695 2121 -7509 3318 5227
613 4828 -5698 2121 -7516 3318 5225
614 4826 -5698 2120 -7514 3317 5225
615 4827 -5699 2119 -7518 3315 5229
616 4829 -5700 2119 -7516 3315 5222
617 4828 -5697 2119 -7512 3314 5226
618 4830 -5698 2121 -7514 3313 5226
619 4826 -5695 2121 -7512 3314 5224
620 4827 -5699 2118 -7512 3316 5224
621 4825 -5701 2122 -7511 3314 5223
622 4826 -5702 2119 -7514 3312 5221
623 4829 -5704 2118 -7511 3311 5221
624 4828 -5702 2117 -7508 3311 5223
625 4828 -5699 2116 -7507 3312 5225
626 4828 -5699 2118 -7508 3313 5224
627 4827 -5701 2118 -7511 3316 5225
628 4825 -5703 2120 -7508 3317 5222
629 4825 -5699 2119 -7509 3313 5224
630 4825 -5703 2118 -7510 3310 5222
631 4826 -5700 2118 -7507 3308 5223
632 4826 -5702 2114 -7503 3308 5223
633 4826 -5702 2112 -7504 3310 5221
634 4823 -5702 2115 -7509 3314 5220
635 4825 -5703 2117 -7511 3314 5223
636 4825 -5703 2116 -7510 3315 5220
637 4826 -5700 2116 -7509 3310 5223
638 4827 -5701 2118 -7506 3312 5224
639 4826 -5701 2117 -7506 3310 5219
640 4825 -5704 2115 -7508 3311 5222
641 4825 -5702 2113 -7507 3312 5222
642 4824 -5703 2114 -7507 3313 5220
643 4821 -5703 2113 -7506 3314 5220
644 4827 -5706 2114 -7509 3310 5221
645 4826 -5702 2112 -7504 3307 5219
646 4827 -5704 2114 -7505 3303 5219
647 4825 -5705 2113 -7500 3308 5219
648 4821 -5707 2116 -7503 3311 5221
649 4823 -5704 2114 -7505 3309 5221
650 4827 -5704 2111 -7505 3310 5219
651 4826 -5704 2113 -7503 3311 5221
652 4828 -5704 2112 -7505 3309 5216
653 4825 -5706 2110 -7500 3305 5223
654 4823 -5704 2112 -7501 3307 5218
655 4824 -5703 2112 -7503 3307 5218
656 4818 -5708 2108 -7502 3308 5218
657 4821 -5704 2110 -7503 3309 5219
658 4823 -5704 2113 -7501 3309 5218
659 4824 -5705 2111 -7504 3306 5219
660 4823 -5710 2107 -7501 3307 5218
661 4826 -5706 2109 -7503 3307 5220
662 4826 -5704 2109 -7501 3310 5222
663 4823 -5705 2106 -7501 3309 5219
664 4823 -5707 2107 -7500 3310 5218
665 4824 -5707 2110 -7498 3306 5220
666 4822 -5705 2111 -7498 3305 5220
667 4824 -5712 2111 -7500 3308 5220
668 4827 -5705 2110 -7495 3306 5216
669 4823 -5705 2107 -7500 3309 5217
670 4824 -5705 2111 -7498 3305 5218
671 4825 -5708 2108 -7498 3309 5220
672 4823 -5705 2110 -7499 3309 5215
673 4826 -5710 2107 -7496 3306 5217
674 4825 -5707 2108 -7497 3307 5218
675 4822 -5707 2105 -7493 3304 5217
676 4820 -5708 2104 -7491 3302 5218
677 4823 -5706 2105 -7493 3304 5217
678 4822 -5702 2106 -7492 3306 5216
679 4826 -5708 2107 -7497 3305 5216
680 4828 -5710 2106 -7497 3305 5218
681 4828 -5707 2108 -7494 3305 5214
682 4827 -5709 2104 -7495 3303 5217
683 4822 -5708 2104 -7494 3303 5218
684 4824 -5708 2103 -7495 3305 5216
685 4821 -5708 2104 -7496 3306 5216
686 4827 -5707 2102 -7495 3303 5215
687 4824 -5710 2102 -7492 3302 5213
688 4824 -5709 2104 -7491 3301 5216
689 4825 -5709 2104 -7491 3303 5216
690 4823 -5711 2105 -7491 3302 5214
691 4824 -5710 2102 -7493 3303 5213
692 4822 -5711 2104 -7493 3307 5214
693 4826 -5709 2102 -7490 3308 5214
694 4823 -5709 2101 -7490 3299 5218
695 4822 -5711 2101 -7492 3302 5211
696 4824 -5712 2097 -7487 3302 5211
697 4822 -5712 2099 -7490 3299 5212
698 4823 -5710 2100 -7488 3301 5215
699 4821 -5712 2098 -7488 3298 5206
700 4820 -5710 2097 -7484 3298 5212
701 4820 -5711 2099 -7484 3301 5211
702 4818 -5715 2100 -7487 3300 5213
703 4825 -5712 2097 -7488 3300 5211
704 4826 -5713 2098 -7491 3299 5211
705 4826 -5713 2102 -7487 3302 5211
706 4824 -5711 2100 -7489 3299 5211
707 4822 -5712 2098 -7490 3301 5208
708 4821 -5713 2098 -7489 3299 5208
709 4823 -5712 2092 -7484 3297 5211
710 4823 -5709 2097 -7483 3297 5211
711 4824 -5712 2095 -7485 3297 5211
712 4822 -5718 2090 -7486 3300 5207
713 4823 -5718 2095 -7484 3302 5208
714 4822 -5715 2097 -7488 3299 5210
715 4823 -5717 2097 -7489 3300 5206
716 4825 -5714 2090 -7486 3302 5206
717 4826 -5712 2095 -7484 3298 5207
718 4823 -5717 2092 -7480 3294 5208
719 4816 -5717 2092 -7481 3294 5206
720 4820 -5713 2090 -7480 3293 5205
721 4820 -5718 2089 -7481 3297 5205
722 4819 -5717 2092 -7481 3299 5207
723 4821 -5717 2092 -7484 3297 5208
724 4820 -5717 2090 -7482 3296 5207
725 4821 -5719 2089 -7480 3296 5206
726 4825 -5716 2090 -7479 3297 5205
727 4820 -5718 2091 -7482 3296 5206
728 4822 -5722 2088 -7482 3294 5202
729 4819 -5719 2087 -7478 3299 5205
730 4822 -5716 2090 -7479 3297 5208
731 4823 -5720 2091 -7479 3295 5203
732 4821 -5720 2086 -7475 3298 5204
733 4823 -5717 2088 -7478 3296 5208
734 4821 -5718 2088 -7477 3296 5204
735 4823 -5719 2088 -7482 3297 5207
736 4824 -5723 2085 -7480 3299 5202
737 4823 -5721 2085 -7480 3295 5207
738 4824 -5720 2085 -7478 3297 5202
739 4822 -5724 2086 -7475 3293 5201
740 4820 -5721 2084 -7471 3291 5202
741 4818 -5720 2083 -7473 3293 5201
742 4820 -5722 2083 -7473 3294 5201
743 4815 -5720 2085 -7473 3296 5201
744 4821 -5723 2081 -7477 3296 5201
745 4824 -5719 2081 -7477 3293 5202
746 4824 -5723 2082 -7475 3294 5204
747 4822 -5721 2084 -7479 3293 5198
748 4824 -5726 2080 -7477 3292 5200
749 4819 -5723 2079 -7476 3294 5199
750 4821 -5725 2080 -7472 3294 5202
751 4819 -5725 2079 -7474 3291 5195
752 4822 -5726 2080 -7470 3289 5197
753 4822 -5723 2081 -7474 3291 5199
754 4824 -5725 2077 -7475 3292 5197
755 4822 -5727 2076 -7475 3290 5197
756 4822 -5725 2076 -7471 3292 5197
757 4821 -5725 2080 -7476 3294 5199
758 4821 -5724 2080 -7477 3293 5195
759 4825 -5727 2075 -7474 3290 5198
760 4820 -5727 2073 -7474 3289 5197
761 4823 -5727 2074 -7473 3289 5197
762 4821 -5727 2076 -7470 3290 5197
763 4819 -5727 2074 -7468 3288 5194
764 4819 -5730 2072 -7470 3292 5197
765 4819 -5728 2075 -7473 3293 5199
766 4821 -5727 2073 -7473 3290 5195
767 4824 -5730 2073 -7475 3288 5193
768 4827 -5731 2071 -7471 3288 5197
769 4823 -5727 2071 -7471 3288 5198
770 4821 -5728 2068 -7469 3289 5196
771 4822 -5728 2070 -7471 3288 5194
772 4821 -5731 2072 -7469 3291 5195
773 4822 -5730 2069 -7467 3289 5194
774 4825 -5729 2072 -7466 3290 5191
775 4825 -5732 2067 -7471 3285 5192
776 4822 -5730 2067 -7468 3288 5192
777 4821 -5733 2068 -7470 3284 5191
778 4823 -5733 2064 -7471 3288 5193
779 4823 -5733 2067 -7471 3286 5191
780 4821 -5734 2064 -7467 3286 5191
781 4824 -5735 2066 -7468 3289 5191
782 4818 -5734 2064 -7466 3284 5191
783 4823 -5736 2067 -7461 3285 5191
784 4822 -5735 2064 -7465 3285 5190
785 4819 -5737 2063 -7467 3288 5187
786 4819 -5733 2068 -7466 3287 5192
787 4819 -5736 2063 -7467 3289 5190
788 4820 -5736 2063 -7468 3286 5189
789 4824 -5735 2062 -7469 3287 5194
790 4821 -5739 2064 -7463 3288 5190
791 4825 -5736 2059 -7465 3284 5188
792 4819 -5739 2061 -7468 3283 5188
793 4825 -5739 2062 -7464 3286 5190
794 4822 -5739 2061 -7465 3285 5187
795 4823 -5735 2062 -7466 3284 5190
796 4821 -5739 2061 -7468 3288 5186
797 4824 -5740 2061 -7467 3283 5184
798 4819 -5739 2060 -7462 3281 5187
799 4821 -5738 2058 -7462 3284 5186
800 4819 -5742 2058 -7463 3285 5185
801 4820 -5743 2056 -7465 3283 5187
802 4819 -5744 2058 -7465 3283 5186
803 4817 -5741 2055 -7465 3284 5186
804 4821 -5745 2054 -7464 3280 5180
805 4819 -5742 2055 -7461 3281 5186
806 4822 -5740 2054 -7460 3285 5184
807 4821 -5742 2052 -7461 3283 5186
808 4819 -5743 2054 -7460 3282 5184
809 4818 -5740 2054 -7463 3279 5182
810 4816 -5743 2051 -7455 3283 5181
811 4819 -5745 2051 -7457 3280 5185
812 4822 -5740 2057 -7461 3279 5180
813 4824 -5744 2048 -7459 3280 5180
814 4820 -5747 2050 -7463 3282 5180
815 4820 -5747 2049 -7463 3282 5180
816 4822 -5747 2054 -7462 3281 5180
817 4822 -5751 2048 -7461 3280 5180
818 4820 -5747 2050 -7458 3279 5183
819 4819 -5743 2053 -7463 3280 5179
820 4816 -5750 2046 -7454 3280 5177
821 4818 -5746 2048 -7453 3278 5180
822 4816 -5743 2050 -7457 3278 5178
823 4818 -5748 2049 -7458 3278 5177
824 4821 -5753 2046 -7461 3278 5178
825 4821 -5746 2052 -7457 3282 5184
826 4821 -5748 2048 -7458 3278 5173
827 4818 -5751 2039 -7457 3277 5179
828 4817 -5747 2050 -7454 3277 5184
829 4816 -5745 2049 -7454 3275 5177
830 4817 -5751 2042 -7454 3279 5173
831 4819 -5746 2043 -7449 3274 5179
832 4815 -5744 2049 -7449 3277 5175
833 4819 -5750 2045 -7451 3280 5172
834 4820 -5748 2046 -7450 3277 5178
835 4819 -5746 2049 -7457 3278 5176
836 4819 -5754 2041 -7456 3282 5171
837 4822 -5753 2039 -7461 3279 5178
838 4824 -5748 2045 -7455 3277 5180
839 4821 -5751 2044 -7447 3274 5170
840 4819 -5754 2035 -7450 3274 5177
841 4819 -5749 2045 -7448 3271 5182
842 4817 -5748 2045 -7446 3274 5170
843 4818 -5754 2036 -7453 3273 5171
844 4820 -5753 2039 -7452 3273 5180
845 4817 -5744 2047 -7451 3275 5175
846 4818 -5752 2041 -7451 3277 5171
847 4820 -5754 2038 -7452 3274 5175
848 4818 -5751 2041 -7451 3274 5176
849 4820 -5753 2037 -7451 3271 5170
850 4816 -5757 2037 -7444 3272 5172
851 4815 -5748 2039 -7442 3269 5178
852 4814 -5754 2042 -7441 3270 5168
853 4817 -5758 2032 -7445 3269 5168
854 4821 -5751 2033 -7446 3271 5178
855 4818 -5746 2045 -7446 3271 5172
856 4819 -5756 2033 -7447 3269 5163
857 4820 -5763 2026 -7449 3269 5173
858 4817 -5745 2040 -7444 3272 5182
859 4820 -5748 2043 -7444 3275 5167
860 4818 -5761 2024 -7449 3272 5163
861 4823 -5758 2030 -7449 3273 5177
862 4820 -5747 2044 -7438 3267 5174
863 4818 -5752 2035 -7433 3266 5167
864 4819 -5756 2029 -7438 3266 5169
865 4819 -5755 2034 -7439 3269 5172
866 4817 -5751 2036 -7443 3270 5174
867 4821 -5754 2030 -7441 3271 5169
868 4818 -5754 2033 -7442 3266 5169
869 4819 -5756 2032 -7440 3268 5172
870 4817 -5756 2033 -7435 3268 5170
871 4819 -5759 2031 -7437 3268 5169
872 4816 -5753 2031 -7433 3265 5170
873 4813 -5755 2033 -7433 3268 5166
874 4815 -5753 2031 -7432 3268 5167
875 4815 -5757 2030 -7437 3268 5166
876 4817 -5756 2029 -7437 3264 5170
877 4818 -5758 2032 -7437 3266 5170
878 4817 -5759 2027 -7438 3265 5170
879 4817 -5758 2029 -7436 3267 5168
880 4818 -5759 2027 -7432 3268 5167
881 4817 -5755 2027 -7438 3268 5168
882 4817 -5757 2031 -7433 3264 5166
883 4819 -5758 2027 -7432 3265 5167
884 4819 -5758 2028 -7432 3262 5168
885 4819 -5757 2029 -7429 3265 5170
886 4815 -5760 2031 -7430 3263 5169
887 4812 -5756 2026 -7430 3267 5169
888 4814 -5759 2026 -7431 3265 5166
889 4816 -5756 2027 -7429 3267 5170
890 4817 -5757 2028 -7430 3266 5165
891 4818 -5757 2027 -7429 3263 5168
892 4818 -5763 2024 -7423 3264 5167
893 4814 -5759 2029 -7427 3265 5167
894 4812 -5759 2028 -7427 3267 5165
895 4815 -5760 2027 -7432 3263 5164
896 4811 -5760 2023 -7425 3265 5167
897 4814 -5761 2027 -7428 3266 5163
898 4815 -5761 2027 -7423 3262 5164
899 4813 -5758 2024 -7424 3263 5166
900 4813 -5762 2023 -7424 3266 5167
901 4813 -5763 2024 -7423 3267 5164
902 4811 -5760 2026 -7427 3266 5165
903 4811 -5758 2025 -7425 3266 5164
904 4816 -5764 2023 -7421 3264 5167
905 4817 -5758 2024 -7422 3259 5164
906 4811 -5762 2024 -7418 3258 5166
907 4809 -5759 2022 -7417 3257 5165
908 4813 -5761 2025 -7417 3260 5163
909 4808 -5761 2023 -7420 3261 5163
910 4808 -5761 2022 -7420 3262 5166
911 4814 -5765 2021 -7420 3266 5164
912 4816 -5762 2024 -7419 3262 5163
913 4817 -5762 2020 -7422 3262 5163
914 4812 -5763 2022 -7419 3259 5165
915 4808 -5764 2019 -7418 3260 5165
916 4808 -5764 2022 -7420 3265 5161
917 4808 -5762 2024 -7415 3263 5166
918 4809 -5763 2023 -7415 3261 5167
919 4811 -5762 2023 -7415 3259 5166
920 4810 -5761 2023 -7414 3256 5164
921 4809 -5762 2022 -7409 3256 5165
922 4810 -5762 2021 -7411 3258 5162
923 4812 -5762 2021 -7413 3259 5167
924 4809 -5763 2022 -7413 3264 5165
925 4812 -5761 2021 -7411 3258 5162
926 4807 -5765 2019 -7412 3258 5162
927 4810 -5762 2020 -7407 3256 5163
928 4812 -5766 2019 -7409 3257 5162
929 4810 -5763 2018 -7408 3255 5164
930 4807 -5766 2022 -7409 3261 5164
931 4808 -5764 2019 -7413 3259 5165
932 4805 -5764 2019 -7413 3260 5164
933 4808 -5763 2018 -7411 3259 5165
934 4811 -5763 2018 -7402 3257 5165
935 4813 -5765 2018 -7407 3252 5167
936 4811 -5763 2020 -7405 3254 5163
937 4807 -5762 2020 -7406 3259 5161
938 4805 -5765 2018 -7404 3257 5161
939 4808 -5766 2017 -7402 3257 5162
940 4808 -5765 2016 -7405 3253 5165
941 4809 -5763 2019 -7406 3251 5164
942 4808 -5764 2019 -7402 3247 5166
943 4810 -5763 2018 -7397 3251 5162
944 4808 -5762 2019 -7399 3254 5165
945 4806 -5762 2017 -7399 3255 5163
946 4803 -5762 2016 -7403 3257 5163
947 4809 -5761 2016 -7405 3253 5161
948 4809 -5765 2018 -7403 3250 5163
949 4810 -5764 2016 -7399 3252 5161
950 4808 -5765 2014 -7397 3251 5163
951 4807 -5765 2016 -7398 3252 5162
952 4807 -5764 2020 -7400 3255 5163
953 4806 -5763 2017 -7400 3254 5161
954 4807 -5766 2017 -7400 3254 5161
955 4808 -5765 2016 -7398 3248 5162
956 4810 -5763 2018 -7393 3251 5162
957 4808 -5764 2015 -7391 3249 5161
958 4806 -5765 2018 -7388 3249 5164
959 4803 -5763 2016 -7394 3249 5162
960 4802 -5767 2012 -7395 3247 5159
961 4805 -5763 2014 -7392 3250 5161
962 4801 -5767 2014 -7390 3250 5162
963 4807 -5767 2014 -7386 3245 5162
964 4806 -5765 2015 -7387 3246 5163
965 4802 -5769 2013 -7387 3245 5160
966 4800 -5766 2014 -7383 3244 5159
967 4799 -5765 2016 -7393 3249 5159
968 4802 -5765 2014 -7393 3251 5159
969 4803 -5769 2013 -7390 3248 5160
970 4806 -5765 2013 -7390 3249 5163
971 4806 -5764 2012 -7387 3246 5159
972 4803 -5763 2010 -7386 3244 5163
973 4799 -5767 2010 -7386 3248 5160
974 4800 -5767 2010 -7385 3247 5159
975 4798 -5765 2014 -7388 3249 5161
976 4802 -5765 2015 -7384 3245 5161
977 4801 -5765 2011 -7383 3246 5159
978 4806 -5767 2012 -7381 3245 5158
979 4802 -5767 2014 -7382 3243 5160
980 4797 -5767 2011 -7381 3246 5157
981 4798 -5768 2011 -7381 3242 5156
982 4797 -5769 2014 -7379 3249 5159
983 4798 -5763 2013 -7377 3242 5158
984 4797 -5764 2011 -7379 3242 5158
985 4798 -5768 2010 -7375 3242 5156
986 4799 -5766 2010 -7375 3242 5160
987 4794 -5764 2009 -7379 3243 5159
988 4798 -5766 2012 -7379 3243 5159
989 4802 -5764 2014 -7377 3244 5164
990 4797 -5767 2015 -7377 3245 5159
991 4802 -5766 2013 -7376 3247 5162
992 4800 -5766 2009 -7378 3241 5159
993 4800 -5768 2011 -7374 3243 5158
994 4797 -5767 2008 -7375 3245 5158
995 4795 -5769 2012 -7373 3245 5159
996 4794 -5768 2010 -7377 3247 5159
997 4796 -5766 2010 -7378 3246 5161
998 4800 -5767 2009 -7377 3242 5157
999 4799 -5768 2012 -7375 3236 5155
