0 1046 44 1657 -778 407 -224
1 1050 45 1659 -777 405 -224
2 1049 41 1658 -778 402 -224
3 1054 45 1658 -781 402 -222
4 1054 42 1658 -778 403 -224
5 1050 41 1658 -781 408 -224
6 1047 44 1658 -782 406 -225
7 1046 44 1659 -780 410 -225
8 1044 43 1656 -779 405 -224
9 1046 45 1659 -781 413 -224
10 1047 43 1658 -782 408 -225
11 1051 42 1660 -784 411 -223
12 1050 42 1662 -781 413 -222
13 1048 44 1658 -780 408 -226
14 1047 41 1659 -779 410 -227
15 1050 42 1663 -779 407 -223
16 1047 42 1659 -781 410 -222
17 1050 45 1658 -781 403 -223
18 1052 42 1659 -782 408 -222
19 1047 45 1660 -782 408 -224
20 1049 42 1661 -781 408 -226
21 1048 43 1657 -781 410 -221
22 1049 42 1658 -780 405 -223
23 1049 43 1658 -779 404 -223
24 1050 42 1657 -779 402 -224
25 1052 46 1663 -780 405 -223
26 1048 43 1660 -776 409 -224
27 1047 44 1658 -783 410 -225
28 1047 45 1661 -779 409 -225
29 1044 42 1659 -779 408 -224
30 1048 42 1658 -781 410 -222
31 1046 45 1659 -779 407 -224
32 1049 39 1661 -782 410 -226
33 1046 41 1662 -784 408 -226
34 1049 42 1659 -783 408 -228
35 1047 40 1660 -780 409 -224
36 1047 42 1657 -777 410 -222
37 1046 42 1656 -779 405 -223
38 1049 45 1658 -780 404 -226
39 1051 42 1658 -781 408 -224
40 1049 42 1657 -782 407 -225
41 1048 42 1661 -780 410 -224
42 1047 44 1658 -782 410 -225
43 1050 38 1660 -781 404 -226
44 1047 43 1657 -781 406 -228
45 1047 37 1655 -781 402 -226
46 1047 41 1658 -779 408 -226
47 1049 41 1657 -780 404 -227
48 1049 44 1657 -781 406 -222
49 1047 44 1657 -779 408 -226
50 1047 43 1657 -783 412 -228
51 1044 44 1660 -779 407 -225
52 1044 45 1656 -779 407 -224
53 1048 43 1660 -779 405 -224
54 1044 43 1661 -780 406 -226
55 1049 41 1660 -783 407 -228
56 1046 41 1658 -782 409 -229
57 1042 43 1657 -782 411 -225
58 1047 42 1658 -781 408 -226
59 1047 44 1658 -779 402 -227
60 1050 43 1659 -782 404 -224
61 1049 43 1659 -781 408 -224
62 1049 41 1659 -784 409 -227
63 1048 41 1663 -783 409 -223
64 1047 42 1656 -782 403 -229
65 1047 44 1657 -779 409 -223
66 1051 43 1658 -777 403 -225
67 1047 44 1658 -777 404 -224
68 1048 43 1657 -783 407 -225
69 1050 45 1658 -778 409 -226
70 1048 44 1660 -780 407 -224
71 1044 43 1658 -781 408 -227
72 1041 40 1657 -778 407 -227
73 1045 43 1658 -779 405 -225
74 1044 46 1657 -777 401 -226
75 1050 43 1655 -785 401 -225
76 1048 38 1659 -782 407 -225
77 1046 42 1659 -782 408 -226
78 1045 40 1658 -784 406 -224
79 1044 41 1655 -781 407 -228
80 1044 39 1658 -785 406 -228
81 1047 39 1657 -780 402 -224
82 1052 40 1657 -782 401 -227
83 1055 40 1658 -783 401 -225
84 1052 42 1659 -782 408 -226
85 1046 45 1659 -780 409 -224
86 1049 45 1662 -781 410 -226
87 1046 41 1656 -777 409 -230
88 1046 44 1654 -779 408 -227
89 1048 41 1660 -781 407 -225
90 1049 39 1658 -780 401 -225
91 1046 40 1657 -783 408 -225
92 1044 40 1658 -782 408 -226
93 1046 40 1659 -783 410 -224
94 1044 42 1659 -779 410 -224
95 1047 40 1652 -780 405 -228
96 1050 41 1653 -781 399 -220
97 1057 39 1655 -781 402 -225
98 1050 44 1660 -783 403 -222
99 1053 42 1659 -783 409 -225
100 1049 42 1658 -783 410 -224
101 1045 44 1660 -784 411 -223
102 1048 40 1657 -784 413 -225
103 1050 40 1657 -782 405 -227
104 1050 41 1653 -785 404 -228
105 1053 40 1655 -779 404 -223
106 1050 43 1657 -784 404 -225
107 1045 42 1657 -785 405 -226
108 1050 43 1656 -782 407 -227
109 1046 40 1659 -783 406 -227
110 1045 44 1658 -781 406 -226
111 1044 39 1657 -783 403 -225
112 1049 40 1657 -784 408 -224
113 1047 42 1656 -784 409 -224
114 1046 38 1660 -780 410 -225
115 1044 42 1658 -778 406 -228
116 1044 42 1661 -777 405 -226
117 1047 40 1654 -778 402 -227
118 1052 39 1656 -780 403 -224
119 1050 41 1655 -783 401 -228
120 1049 39 1657 -784 406 -225
121 1048 43 1656 -783 409 -225
122 1047 40 1659 -783 408 -226
123 1045 39 1657 -784 407 -224
124 1045 40 1658 -781 408 -225
125 1045 42 1659 -785 408 -228
126 1048 40 1659 -784 405 -223
127 1048 41 1658 -783 410 -227
128 1048 39 1656 -784 408 -224
129 1047 44 1660 -781 408 -228
130 1044 39 1659 -781 407 -227
131 1046 42 1656 -777 402 -227
132 1047 41 1656 -780 400 -225
133 1049 42 1656 -780 404 -226
134 1046 41 1658 -778 405 -229
135 1043 41 1658 -779 407 -228
136 1042 40 1656 -782 410 -229
137 1040 43 1659 -781 405 -225
138 1044 39 1657 -780 405 -225
139 1048 40 1657 -778 400 -223
140 1050 43 1655 -782 400 -226
141 1052 40 1658 -781 400 -224
142 1050 42 1654 -784 405 -227
143 1049 40 1656 -784 406 -226
144 1048 42 1655 -784 411 -224
145 1044 43 1658 -783 412 -224
146 1048 45 1657 -784 412 -225
147 1047 41 1661 -782 407 -229
148 1049 42 1658 -784 411 -226
149 1044 40 1656 -781 405 -227
150 1047 41 1658 -780 408 -229
151 1045 44 1659 -779 406 -228
152 1048 43 1656 -779 400 -228
153 1047 45 1653 -780 402 -227
154 1048 41 1655 -776 404 -226
155 1048 45 1660 -780 407 -224
156 1046 42 1660 -779 412 -227
157 1044 40 1659 -782 413 -227
158 1043 45 1659 -781 405 -224
159 1046 44 1658 -783 406 -223
160 1047 42 1657 -777 403 -224
161 1050 42 1655 -777 398 -225
162 1052 40 1655 -781 399 -226
163 1051 42 1658 -781 403 -225
164 1048 44 1658 -785 408 -225
165 1049 42 1656 -786 409 -225
166 1045 41 1658 -783 409 -226
167 1045 39 1657 -784 409 -227
168 1047 41 1656 -786 407 -228
169 1047 42 1660 -783 408 -224
170 1049 38 1660 -782 408 -227
171 1049 41 1658 -783 413 -226
172 1044 41 1659 -781 408 -227
173 1042 46 1659 -776 405 -224
174 1045 43 1656 -781 403 -227
175 1047 41 1660 -778 397 -226
176 1048 43 1656 -778 401 -226
177 1049 44 1659 -779 403 -228
178 1049 45 1658 -784 410 -225
179 1046 41 1659 -786 412 -224
180 1046 42 1663 -784 411 -223
181 1045 39 1659 -781 409 -225
182 1051 44 1661 -781 403 -221
183 1055 42 1657 -777 399 -221
184 1056 43 1656 -779 396 -220
185 1057 41 1658 -782 400 -225
186 1054 42 1656 -783 406 -223
187 1051 42 1656 -783 416 -222
188 1045 41 1659 -785 415 -226
189 1043 39 1656 -786 413 -223
190 1048 41 1656 -782 407 -223
191 1050 42 1656 -784 403 -223
192 1051 41 1657 -782 405 -225
193 1046 41 1655 -782 406 -227
194 1046 40 1659 -780 406 -229
195 1043 44 1659 -784 409 -228
196 1042 42 1658 -782 407 -227
197 1046 41 1657 -782 408 -226
198 1050 41 1661 -783 408 -224
199 1047 41 1658 -782 405 -225
200 1046 42 1659 -784 409 -224
201 1047 40 1656 -782 405 -223
202 1048 41 1654 -782 404 -226
203 1048 45 1659 -780 402 -226
204 1049 42 1657 -779 400 -224
205 1052 42 1657 -780 401 -225
206 1050 41 1657 -781 403 -226
207 1047 40 1658 -783 408 -223
208 1049 42 1658 -785 414 -222
209 1047 43 1661 -783 415 -221
210 1047 45 1660 -781 412 -222
211 1047 40 1658 -779 406 -225
212 1050 43 1656 -776 404 -225
213 1048 44 1659 -779 401 -224
214 1049 40 1656 -779 405 -229
215 1047 41 1658 -782 408 -225
216 1046 46 1660 -781 411 -223
217 1043 44 1656 -781 411 -228
218 1042 43 1660 -782 412 -227
219 1043 42 1656 -781 407 -229
220 1046 44 1657 -779 402 -226
221 1050 43 1661 -777 404 -225
222 1054 46 1656 -778 398 -223
223 1053 44 1657 -780 401 -223
224 1050 45 1658 -779 404 -222
225 1051 44 1658 -779 402 -224
226 1048 41 1657 -778 405 -224
227 1048 42 1658 -782 411 -225
228 1047 40 1659 -782 409 -226
229 1043 42 1658 -784 411 -222
230 1047 43 1662 -784 411 -225
231 1043 44 1660 -781 410 -224
232 1045 43 1660 -781 405 -227
233 1048 45 1658 -777 404 -225
234 1049 45 1659 -776 404 -224
235 1044 44 1659 -777 406 -225
236 1048 43 1657 -782 407 -226
237 1045 46 1659 -779 411 -224
238 1046 41 1660 -781 414 -227
239 1044 42 1656 -781 412 -229
240 1042 44 1661 -778 408 -225
241 1044 44 1658 -776 402 -226
242 1048 42 1657 -781 402 -227
243 1051 42 1656 -776 403 -226
244 1052 43 1656 -780 401 -223
245 1050 42 1658 -778 399 -224
246 1053 43 1660 -781 400 -226
247 1051 43 1656 -781 401 -225
248 1048 40 1656 -782 403 -221
249 1051 39 1661 -783 407 -226
250 1049 44 1660 -783 417 -224
251 1045 40 1661 -788 418 -226
252 1045 42 1657 -785 414 -224
253 1044 41 1658 -783 411 -225
254 1043 42 1660 -780 406 -224
255 1048 43 1660 -777 402 -225
256 1049 41 1658 -778 402 -227
257 1046 41 1661 -777 402 -224
258 1047 47 1660 -777 401 -226
259 1045 42 1660 -779 408 -225
260 1041 39 1657 -782 414 -225
261 1044 44 1658 -782 408 -226
262 1043 43 1659 -782 412 -226
263 1047 41 1659 -781 405 -225
264 1050 39 1656 -783 406 -228
265 1050 45 1660 -781 404 -223
266 1052 44 1658 -781 398 -224
267 1055 45 1659 -781 396 -225
268 1053 42 1656 -779 394 -223
269 1055 43 1655 -776 393 -222
270 1057 43 1659 -779 398 -224
271 1054 40 1655 -782 403 -223
272 1050 41 1659 -782 420 -224
273 1044 43 1664 -792 424 -229
274 1041 39 1664 -788 428 -225
275 1038 44 1660 -786 426 -224
276 1041 44 1661 -782 413 -227
277 1049 45 1657 -771 398 -223
278 1054 48 1660 -772 390 -221
279 1055 44 1655 -773 392 -226
280 1052 44 1655 -775 403 -224
281 1049 45 1658 -783 409 -227
282 1043 41 1659 -789 420 -229
283 1038 40 1660 -793 430 -228
284 1036 40 1661 -786 427 -228
285 1042 41 1663 -784 417 -224
286 1049 40 1658 -781 403 -222
287 1054 41 1658 -779 389 -224
288 1058 44 1654 -778 382 -226
289 1061 46 1652 -774 384 -222
290 1060 46 1655 -772 392 -224
291 1054 43 1654 -778 399 -227
292 1047 43 1655 -784 409 -225
293 1047 44 1660 -787 418 -225
294 1039 45 1660 -794 422 -226
295 1039 39 1660 -789 424 -225
296 1043 41 1660 -784 421 -226
297 1041 43 1661 -781 407 -222
298 1045 42 1657 -774 396 -224
299 1051 42 1655 -773 391 -227
300 1057 45 1654 -775 391 -227
301 1054 43 1655 -782 394 -226
302 1051 42 1659 -783 408 -221
303 1044 42 1661 -786 420 -226
304 1043 42 1664 -786 427 -224
305 1036 40 1659 -784 424 -228
306 1037 42 1663 -780 413 -226
307 1045 42 1659 -773 402 -225
308 1051 45 1656 -773 390 -228
309 1055 42 1654 -771 389 -223
310 1055 45 1656 -769 396 -223
311 1053 45 1660 -774 402 -230
312 1048 45 1658 -783 410 -225
313 1042 39 1656 -785 418 -224
314 1039 41 1659 -784 417 -224
315 1046 45 1663 -784 410 -222
316 1047 44 1657 -781 408 -226
317 1047 40 1660 -782 407 -225
318 1049 41 1653 -779 402 -228
319 1047 45 1659 -778 403 -226
320 1046 45 1658 -783 404 -226
321 1046 41 1657 -780 405 -226
322 1048 42 1660 -782 405 -223
323 1044 40 1657 -783 405 -225
324 1047 42 1661 -782 410 -227
325 1046 40 1660 -785 409 -227
326 1047 41 1658 -784 408 -227
327 1046 42 1657 -782 406 -226
328 1048 41 1657 -778 406 -225
329 1047 41 1657 -779 402 -227
330 1047 44 1658 -783 404 -225
331 1048 38 1659 -782 403 -226
332 1047 43 1661 -782 405 -229
333 1042 42 1657 -781 411 -224
334 1047 41 1659 -779 405 -224
335 1049 42 1653 -779 407 -228
336 1049 41 1660 -782 403 -228
337 1048 44 1658 -783 403 -225
338 1049 44 1658 -781 401 -225
339 1047 40 1658 -780 410 -223
340 1045 44 1657 -778 408 -224
341 1046 42 1659 -779 402 -224
342 1049 42 1659 -779 404 -223
343 1048 40 1656 -780 401 -227
344 1050 41 1658 -782 403 -226
345 1051 43 1658 -784 408 -224
346 1043 43 1660 -783 408 -227
347 1048 40 1661 -782 413 -226
348 1043 39 1656 -779 410 -227
349 1049 45 1659 -781 406 -228
350 1047 41 1659 -784 403 -227
351 1050 41 1656 -780 403 -226
352 1049 42 1661 -779 400 -226
353 1047 42 1654 -779 407 -222
354 1043 42 1657 -783 407 -227
355 1044 41 1659 -783 408 -228
356 1045 44 1659 -782 409 -226
357 1046 40 1656 -782 408 -225
358 1045 42 1656 -780 408 -228
359 1051 41 1658 -779 407 -226
360 1048 40 1660 -780 408 -223
361 1047 42 1659 -782 406 -227
362 1046 43 1655 -781 408 -225
363 1047 42 1659 -779 405 -225
364 1050 43 1659 -779 402 -224
365 1045 44 1657 -779 402 -225
366 1050 41 1655 -778 406 -225
367 1049 40 1658 -783 408 -223
368 1045 42 1660 -782 409 -224
369 1045 44 1659 -782 409 -226
370 1044 45 1656 -781 408 -224
371 1047 42 1659 -782 408 -224
372 1047 43 1659 -783 406 -229
373 1053 43 1657 -782 404 -223
374 1049 42 1658 -781 405 -227
375 1049 44 1657 -783 406 -225
376 1049 44 1658 -781 409 -225
377 1046 42 1656 -782 411 -228
378 1046 44 1657 -782 408 -229
379 1045 39 1658 -780 405 -224
380 1046 41 1658 -782 405 -225
381 1049 41 1657 -783 403 -228
382 1048 41 1656 -784 407 -225
383 1049 42 1661 -782 405 -227
384 1044 42 1655 -778 403 -229
385 1048 39 1658 -778 403 -225
386 1048 41 1659 -777 405 -224
387 1052 43 1659 -780 404 -226
388 1051 43 1655 -783 408 -224
389 1047 42 1659 -783 407 -225
390 1048 42 1656 -782 410 -226
391 1046 43 1659 -780 408 -225
392 1046 43 1660 -781 403 -226
393 1046 41 1657 -780 403 -225
394 1050 39 1660 -781 403 -225
395 1050 42 1656 -782 408 -226
396 1049 43 1659 -783 408 -225
397 1048 44 1660 -783 409 -223
398 1045 42 1656 -781 411 -223
399 1045 40 1659 -778 410 -224
400 1046 40 1661 -781 405 -225
401 1051 41 1657 -783 405 -225
402 1049 43 1660 -785 402 -226
403 1051 40 1655 -780 405 -228
404 1048 38 1659 -779 412 -225
405 1046 42 1661 -780 409 -229
406 1044 41 1655 -779 409 -226
407 1044 41 1656 -783 404 -227
408 1044 40 1657 -782 402 -228
409 1051 43 1655 -778 399 -224
410 1050 43 1657 -779 401 -227
411 1048 41 1657 -779 401 -223
412 1048 42 1657 -780 406 -225
413 1043 43 1658 -782 409 -227
414 1044 39 1659 -784 408 -225
415 1045 40 1657 -781 405 -225
416 1047 43 1659 -782 403 -225
417 1051 42 1656 -781 406 -226
418 1045 41 1659 -783 406 -225
419 1048 41 1660 -782 410 -226
420 1046 42 1659 -782 413 -225
421 1047 42 1660 -779 410 -224
422 1046 41 1655 -780 403 -228
423 1049 43 1659 -781 404 -226
424 1048 42 1656 -781 407 -225
425 1048 41 1657 -783 406 -225
426 1047 43 1657 -781 410 -226
427 1046 42 1659 -782 406 -224
428 1047 36 1658 -778 411 -224
429 1047 41 1658 -782 407 -227
430 1047 41 1658 -780 403 -226
431 1049 41 1657 -782 404 -228
432 1051 44 1655 -779 404 -226
433 1049 43 1661 -782 405 -225
434 1045 43 1659 -782 408 -225
435 1045 44 1657 -780 408 -225
436 1048 42 1658 -780 408 -221
437 1048 45 1664 -783 402 -223
438 1051 43 1658 -778 404 -226
439 1047 45 1659 -781 404 -225
440 1049 42 1660 -783 408 -222
441 1045 39 1658 -783 409 -227
442 1043 45 1661 -780 413 -226
443 1047 43 1659 -781 406 -224
444 1046 40 1658 -779 407 -225
445 1051 41 1657 -781 401 -224
446 1049 41 1655 -781 403 -225
447 1053 42 1662 -780 404 -225
448 1052 42 1660 -782 409 -224
449 1045 42 1658 -779 414 -224
450 1045 46 1660 -784 410 -224
451 1042 40 1656 -782 405 -227
452 1050 40 1655 -782 401 -225
453 1048 39 1657 -783 400 -225
454 1049 44 1659 -781 403 -223
455 1049 45 1660 -782 409 -225
456 1049 43 1660 -781 405 -225
457 1046 43 1658 -777 403 -230
458 1049 41 1659 -782 406 -227
459 1046 40 1657 -780 405 -222
460 1051 40 1659 -783 402 -225
461 1048 40 1657 -781 402 -226
462 1046 40 1654 -783 410 -225
463 1045 40 1659 -783 414 -225
464 1042 41 1661 -782 408 -226
465 1045 42 1656 -781 407 -226
466 1047 40 1657 -780 405 -228
467 1048 46 1656 -780 404 -224
468 1052 42 1661 -778 401 -226
469 1048 41 1656 -782 404 -227
470 1048 45 1658 -781 409 -224
471 1044 41 1655 -783 410 -225
472 1041 41 1658 -780 411 -230
473 1043 40 1654 -781 405 -226
474 1048 44 1659 -781 409 -224
475 1047 42 1655 -781 401 -222
476 1049 38 1653 -781 403 -228
477 1049 41 1658 -780 405 -224
478 1045 43 1654 -779 404 -226
479 1049 40 1657 -779 405 -225
480 1045 40 1656 -781 406 -224
481 1046 39 1655 -782 403 -225
482 1049 39 1657 -783 404 -227
483 1046 42 1659 -786 410 -229
484 1042 38 1658 -781 413 -224
485 1044 41 1660 -785 413 -226
486 1043 45 1658 -779 408 -225
487 1043 40 1655 -778 400 -229
488 1050 39 1652 -777 400 -224
489 1051 40 1655 -780 399 -224
490 1049 41 1658 -781 406 -224
491 1049 40 1659 -781 407 -224
492 1046 42 1656 -784 409 -231
493 1046 41 1661 -783 408 -226
494 1046 43 1660 -783 408 -226
495 1046 37 1657 -782 407 -225
496 1045 39 1657 -784 405 -227
497 1048 39 1659 -781 403 -228
498 1047 38 1657 -784 403 -225
499 1044 44 1658 -781 403 -228
500 1045 43 1654 -782 405 -229
501 1045 39 1655 -778 405 -225
502 1048 42 1658 -780 399 -225
503 1051 46 1658 -783 404 -223
504 1049 41 1656 -784 406 -226
505 1048 41 1657 -781 410 -225
506 1042 39 1657 -781 415 -223
507 1042 43 1660 -783 414 -228
508 1043 43 1659 -780 408 -226
509 1045 42 1659 -779 403 -225
510 1049 39 1659 -783 401 -226
511 1051 41 1658 -782 401 -225
512 1052 43 1655 -780 402 -228
513 1050 43 1658 -782 405 -225
514 1047 43 1655 -782 409 -225
515 1044 42 1658 -784 409 -226
516 1044 43 1658 -781 408 -230
517 1046 39 1658 -782 406 -230
518 1050 42 1657 -783 404 -227
519 1046 43 1654 -782 403 -227
520 1049 42 1658 -783 408 -228
521 1046 41 1658 -781 408 -228
522 1044 41 1655 -780 411 -224
523 1044 42 1656 -781 402 -227
524 1047 44 1654 -783 402 -225
525 1051 40 1658 -783 401 -227
526 1048 40 1655 -784 405 -224
527 1050 42 1656 -779 408 -227
528 1047 44 1657 -784 411 -224
529 1044 42 1660 -786 413 -227
530 1043 41 1657 -783 408 -228
531 1049 41 1658 -781 404 -225
532 1049 39 1658 -783 403 -225
533 1052 38 1658 -784 398 -228
534 1050 40 1652 -780 400 -227
535 1051 39 1657 -782 406 -226
536 1049 43 1656 -784 408 -227
537 1048 40 1658 -783 406 -228
538 1044 42 1656 -780 404 -225
539 1047 42 1653 -782 405 -225
540 1044 42 1661 -783 403 -227
541 1050 39 1658 -784 406 -225
542 1044 44 1662 -782 404 -227
543 1047 41 1657 -783 405 -226
544 1048 41 1659 -783 406 -228
545 1044 38 1655 -781 402 -225
546 1049 38 1655 -779 399 -226
547 1048 42 1659 -782 397 -227
548 1051 36 1655 -783 401 -226
549 1046 40 1656 -784 410 -227
550 1047 41 1661 -785 414 -225
551 1042 40 1661 -781 414 -228
552 1046 42 1659 -784 411 -227
553 1045 42 1657 -784 406 -223
554 1050 38 1657 -783 401 -226
555 1048 39 1656 -783 401 -227
556 1050 42 1656 -781 403 -226
557 1049 38 1655 -783 406 -223
558 1043 42 1657 -783 408 -228
559 1044 42 1654 -784 410 -229
560 1045 40 1655 -786 407 -227
561 1042 40 1656 -783 405 -225
562 1048 44 1656 -784 406 -224
563 1044 41 1653 -781 405 -229
564 1047 41 1657 -783 401 -228
565 1045 41 1656 -779 404 -227
566 1048 40 1656 -781 404 -226
567 1047 42 1655 -778 405 -226
568 1051 39 1655 -784 399 -225
569 1051 40 1654 -784 403 -228
570 1045 40 1656 -782 402 -227
571 1046 40 1657 -786 409 -225
572 1045 38 1656 -785 409 -224
573 1042 38 1656 -784 409 -228
574 1044 37 1658 -783 407 -227
575 1044 40 1656 -781 405 -225
576 1047 39 1657 -780 404 -225
577 1047 41 1657 -784 405 -227
578 1049 43 1656 -784 404 -225
579 1047 42 1657 -782 408 -227
580 1041 43 1658 -785 409 -229
581 1043 41 1655 -781 404 -227
582 1046 42 1655 -787 406 -226
583 1045 38 1655 -783 401 -228
584 1047 41 1657 -783 403 -227
585 1050 40 1656 -781 404 -225
586 1045 39 1658 -784 404 -227
587 1045 42 1653 -781 405 -226
588 1045 44 1657 -781 405 -230
589 1046 42 1656 -782 401 -230
590 1048 40 1654 -778 402 -227
591 1050 42 1656 -783 402 -226
592 1050 41 1657 -784 403 -225
593 1046 38 1659 -783 407 -229
594 1047 44 1658 -783 409 -227
595 1043 40 1656 -784 410 -226
596 1044 41 1659 -782 409 -225
597 1047 42 1656 -783 405 -225
598 1051 42 1659 -783 405 -226
599 1050 42 1659 -784 404 -222
600 1047 37 1657 -786 407 -227
601 1047 38 1656 -781 408 -226
602 1043 41 1658 -782 404 -224
603 1041 40 1657 -784 404 -228
604 1045 39 1656 -782 402 -229
605 1047 40 1658 -780 401 -228
606 1048 38 1655 -783 403 -228
607 1048 41 1658 -785 402 -225
608 1044 40 1658 -784 407 -228
609 1044 40 1657 -782 407 -230
610 1045 40 1656 -779 404 -227
611 1044 42 1655 -783 400 -227
612 1047 41 1654 -784 395 -227
613 1056 39 1657 -782 397 -226
614 1049 38 1657 -784 401 -226
615 1045 41 1655 -782 407 -227
616 1045 43 1659 -783 405 -226
617 1041 39 1656 -786 405 -229
618 1042 40 1654 -785 409 -228
619 1048 38 1655 -785 407 -229
620 1049 40 1659 -783 404 -227
621 1046 39 1660 -786 402 -226
622 1049 41 1651 -785 405 -226
623 1045 38 1658 -783 405 -227
624 1043 42 1654 -784 407 -228
625 1048 38 1656 -782 403 -228
626 1047 41 1657 -781 404 -227
627 1046 40 1656 -784 400 -229
628 1045 38 1655 -784 401 -229
629 1045 39 1654 -785 406 -226
630 1045 40 1656 -785 405 -227
631 1042 38 1654 -785 404 -227
632 1043 39 1655 -779 404 -229
633 1048 42 1653 -783 399 -225
634 1048 38 1654 -782 397 -229
635 1049 37 1653 -781 398 -228
636 1050 41 1654 -785 402 -224
637 1045 37 1654 -783 407 -226
638 1043 42 1656 -782 413 -224
639 1044 42 1658 -781 408 -229
640 1044 40 1657 -782 406 -227
641 1047 40 1656 -785 407 -225
642 1048 43 1659 -781 404 -229
643 1049 41 1656 -784 405 -225
644 1048 39 1659 -785 407 -226
645 1046 40 1656 -783 406 -225
646 1048 42 1656 -783 404 -227
647 1047 40 1655 -780 405 -227
648 1047 43 1658 -782 407 -225
649 1047 40 1657 -782 407 -225
650 1048 41 1656 -786 407 -225
651 1046 42 1657 -783 411 -224
652 1043 43 1660 -781 408 -226
653 1043 41 1656 -781 405 -230
654 1044 40 1656 -778 402 -228
655 1047 41 1660 -780 398 -229
656 1050 39 1659 -781 398 -227
657 1051 39 1655 -783 399 -228
658 1047 43 1655 -784 406 -227
659 1044 42 1657 -784 409 -228
660 1045 41 1655 -784 410 -229
661 1044 42 1656 -783 407 -226
662 1045 39 1653 -782 408 -227
663 1048 42 1655 -781 406 -225
664 1048 41 1656 -783 402 -229
665 1045 39 1656 -782 404 -226
666 1049 40 1655 -785 403 -228
667 1046 39 1659 -785 407 -230
668 1043 42 1657 -781 407 -226
669 1046 40 1657 -782 408 -225
670 1045 42 1655 -785 407 -224
671 1041 40 1657 -782 402 -224
672 1044 39 1656 -786 406 -227
673 1043 40 1653 -781 407 -228
674 1044 40 1655 -782 404 -227
675 1046 40 1658 -781 400 -230
676 1046 39 1656 -779 400 -228
677 1050 41 1655 -780 399 -229
678 1048 37 1655 -782 397 -229
679 1049 39 1658 -782 403 -228
680 1047 42 1654 -784 406 -227
681 1043 35 1655 -787 409 -229
682 1043 40 1654 -784 409 -229
683 1041 39 1656 -784 407 -225
684 1045 39 1657 -782 405 -224
685 1047 40 1653 -784 399 -227
686 1050 38 1656 -783 402 -225
687 1048 39 1655 -784 402 -226
688 1047 42 1657 -784 403 -227
689 1043 40 1657 -784 407 -228
690 1042 39 1654 -786 405 -226
691 1045 40 1659 -783 406 -229
692 1049 37 1655 -785 406 -228
693 1045 39 1657 -783 406 -227
694 1042 40 1655 -783 407 -226
695 1046 43 1656 -781 404 -228
696 1047 40 1654 -784 402 -228
697 1046 40 1657 -782 403 -226
698 1046 42 1655 -780 397 -226
699 1049 42 1656 -781 401 -225
700 1048 39 1655 -782 401 -225
701 1048 39 1657 -783 405 -225
702 1046 40 1658 -783 408 -226
703 1047 42 1658 -782 407 -226
704 1042 41 1658 -782 405 -228
705 1047 40 1654 -784 408 -226
706 1046 40 1656 -784 404 -225
707 1046 42 1654 -781 402 -229
708 1048 41 1656 -782 403 -226
709 1048 43 1654 -785 408 -225
710 1047 40 1658 -784 407 -227
711 1046 44 1657 -783 408 -225
712 1045 38 1657 -781 406 -229
713 1046 39 1654 -783 404 -228
714 1046 38 1654 -784 403 -226
715 1047 43 1659 -785 404 -226
716 1046 40 1657 -785 405 -227
717 1044 40 1657 -783 402 -229
718 1045 41 1655 -780 402 -229
719 1043 40 1655 -782 403 -226
720 1048 38 1658 -781 402 -227
721 1048 39 1655 -784 401 -225
722 1049 42 1658 -780 404 -225
723 1050 42 1656 -783 405 -228
724 1048 37 1658 -784 406 -229
725 1044 44 1653 -785 408 -227
726 1043 36 1655 -785 407 -229
727 1046 36 1657 -784 409 -226
728 1046 41 1655 -784 404 -227
729 1044 38 1655 -784 405 -225
730 1047 40 1656 -784 407 -226
731 1046 42 1655 -779 408 -226
732 1047 40 1661 -781 408 -226
733 1044 42 1658 -788 407 -229
734 1045 43 1658 -780 408 -228
735 1047 38 1657 -784 406 -227
736 1048 43 1657 -780 402 -225
737 1048 40 1656 -782 403 -229
738 1049 43 1655 -781 408 -227
739 1043 42 1660 -782 402 -228
740 1047 40 1656 -781 404 -230
741 1047 43 1655 -781 403 -229
742 1049 42 1659 -778 403 -229
743 1047 42 1656 -784 400 -226
744 1051 38 1657 -786 402 -225
745 1047 36 1655 -787 404 -229
746 1044 43 1655 -783 409 -226
747 1046 38 1657 -783 407 -227
748 1043 39 1657 -783 404 -229
749 1044 41 1655 -783 403 -228
750 1047 40 1657 -782 403 -227
751 1046 40 1658 -782 400 -225
752 1047 38 1655 -784 403 -226
753 1047 40 1656 -785 407 -225
754 1044 39 1658 -784 407 -225
755 1042 39 1658 -782 406 -227
756 1044 39 1654 -782 406 -228
757 1045 40 1654 -783 402 -228
758 1047 39 1655 -785 405 -227
759 1047 38 1656 -782 403 -228
760 1044 35 1657 -781 404 -231
761 1045 38 1653 -782 401 -228
762 1046 40 1657 -780 406 -224
763 1044 41 1655 -782 404 -226
764 1045 42 1657 -780 406 -226
765 1050 41 1656 -785 405 -223
766 1048 39 1658 -785 401 -227
767 1046 37 1655 -783 402 -231
768 1044 35 1653 -781 402 -227
769 1044 41 1656 -781 407 -226
770 1049 41 1658 -780 406 -224
771 1047 42 1656 -783 405 -225
772 1047 35 1657 -783 404 -227
773 1047 40 1659 -783 406 -228
774 1044 38 1655 -782 406 -228
775 1046 40 1659 -786 409 -225
776 1042 38 1656 -786 408 -227
777 1043 39 1656 -782 408 -228
778 1046 39 1658 -783 409 -225
779 1046 42 1657 -782 403 -227
780 1050 42 1658 -782 404 -228
781 1046 39 1653 -781 407 -225
782 1042 41 1654 -782 403 -229
783 1047 40 1658 -784 408 -228
784 1045 40 1655 -783 401 -227
785 1045 40 1658 -781 405 -226
786 1048 40 1657 -783 399 -228
787 1048 39 1655 -785 402 -226
788 1046 39 1655 -782 406 -225
789 1045 41 1655 -785 407 -226
790 1044 40 1657 -787 407 -228
791 1044 40 1658 -783 405 -228
792 1045 41 1655 -783 402 -227
793 1046 36 1657 -780 405 -229
794 1049 40 1661 -784 402 -227
795 1050 40 1661 -784 408 -226
796 1048 39 1658 -782 407 -226
797 1046 44 1656 -782 405 -225
798 1046 39 1657 -781 409 -225
799 1043 41 1655 -780 404 -226
800 1046 41 1657 -783 404 -228
801 1048 38 1653 -783 401 -225
802 1048 37 1658 -787 404 -223
803 1047 40 1656 -782 407 -229
804 1044 41 1655 -781 405 -229
805 1046 43 1658 -782 406 -227
806 1043 40 1657 -784 404 -230
807 1044 39 1655 -784 403 -226
808 1047 39 1655 -782 402 -228
809 1049 39 1655 -783 405 -227
810 1048 42 1660 -783 400 -227
811 1051 44 1658 -781 406 -227
812 1047 42 1654 -783 404 -227
813 1044 41 1656 -782 405 -229
814 1046 40 1656 -782 404 -225
815 1044 40 1657 -784 404 -225
816 1048 38 1654 -788 402 -230
817 1048 37 1654 -783 406 -230
818 1046 41 1651 -785 405 -228
819 1042 41 1653 -781 409 -226
820 1044 42 1655 -781 405 -228
821 1048 42 1653 -782 406 -228
822 1044 41 1655 -787 404 -229
823 1047 37 1656 -785 404 -224
824 1046 43 1656 -785 407 -227
825 1045 41 1657 -784 408 -229
826 1045 39 1657 -783 408 -226
827 1045 42 1654 -784 407 -229
828 1044 41 1657 -782 405 -228
829 1048 40 1654 -781 400 -224
830 1053 42 1655 -782 400 -226
831 1049 43 1656 -782 403 -226
832 1046 40 1655 -781 406 -226
833 1045 43 1657 -778 407 -227
834 1039 39 1656 -783 408 -226
835 1044 42 1657 -780 407 -228
836 1045 42 1656 -781 406 -226
837 1049 41 1659 -782 406 -222
838 1048 40 1657 -781 406 -225
839 1049 42 1658 -784 402 -228
840 1048 40 1656 -780 403 -227
841 1047 44 1657 -785 405 -229
842 1046 42 1657 -782 405 -228
843 1047 41 1657 -783 404 -228
844 1048 41 1654 -783 406 -225
845 1047 41 1659 -785 405 -229
846 1044 40 1654 -784 405 -225
847 1042 40 1657 -781 409 -229
848 1044 40 1659 -785 412 -225
849 1046 38 1657 -783 406 -228
850 1047 40 1657 -779 401 -227
851 1047 40 1656 -778 402 -225
852 1049 39 1657 -780 401 -224
853 1049 39 1657 -780 402 -229
854 1049 43 1658 -782 407 -228
855 1045 41 1657 -783 404 -226
856 1043 40 1656 -782 409 -227
857 1047 41 1655 -784 404 -227
858 1047 43 1656 -784 402 -226
859 1050 39 1657 -784 404 -228
860 1051 42 1657 -783 406 -224
861 1047 40 1655 -782 405 -225
862 1049 39 1657 -781 407 -225
863 1047 44 1661 -781 404 -226
864 1046 42 1659 -779 408 -226
865 1047 39 1656 -782 407 -225
866 1046 43 1658 -783 405 -226
867 1045 41 1657 -783 406 -224
868 1047 41 1658 -784 409 -224
869 1047 39 1658 -786 411 -225
870 1045 38 1658 -781 409 -222
871 1045 44 1658 -781 406 -226
872 1048 41 1657 -781 403 -226
873 1048 41 1657 -781 400 -227
874 1051 41 1656 -782 400 -226
875 1049 42 1656 -785 405 -226
876 1048 39 1657 -782 403 -228
877 1043 40 1657 -779 406 -227
878 1044 43 1655 -781 409 -226
879 1045 39 1657 -782 408 -227
880 1045 37 1657 -783 411 -225
881 1049 40 1659 -782 407 -224
882 1050 41 1660 -785 403 -229
883 1046 38 1656 -782 406 -225
884 1045 42 1658 -778 406 -225
885 1046 40 1659 -781 400 -227
886 1047 41 1657 -783 404 -226
887 1050 42 1654 -785 404 -227
888 1051 42 1660 -782 407 -226
889 1047 39 1657 -785 403 -228
890 1046 40 1654 -782 409 -229
891 1044 41 1655 -783 407 -226
892 1045 40 1656 -781 409 -226
893 1047 43 1659 -782 407 -226
894 1050 43 1659 -781 405 -226
895 1049 40 1654 -782 402 -226
896 1048 42 1657 -781 402 -227
897 1047 42 1656 -782 408 -226
898 1045 43 1657 -781 406 -227
899 1048 43 1656 -780 412 -225
900 1049 44 1662 -777 412 -220
901 1046 44 1659 -780 410 -226
902 1045 42 1660 -782 405 -225
903 1052 42 1655 -780 406 -226
904 1047 41 1657 -782 406 -225
905 1046 39 1659 -784 409 -227
906 1044 44 1654 -784 411 -228
907 1045 42 1656 -784 409 -225
908 1049 40 1657 -784 407 -227
909 1047 42 1656 -781 407 -225
910 1048 39 1656 -779 403 -223
911 1048 43 1658 -780 406 -228
912 1049 41 1660 -783 407 -225
913 1044 40 1661 -780 406 -224
914 1044 43 1657 -779 404 -225
915 1046 42 1657 -781 404 -227
916 1047 41 1658 -780 402 -228
917 1048 41 1657 -782 406 -226
918 1049 40 1655 -779 402 -223
919 1051 44 1661 -783 406 -224
920 1050 41 1658 -780 403 -224
921 1046 44 1659 -782 409 -225
922 1045 42 1657 -781 406 -226
923 1047 41 1656 -780 409 -227
924 1048 42 1656 -782 406 -225
925 1045 43 1657 -783 408 -227
926 1048 41 1659 -784 408 -227
927 1049 43 1658 -786 405 -227
928 1048 40 1656 -781 407 -228
929 1043 42 1658 -780 404 -223
930 1045 43 1658 -785 404 -225
931 1046 39 1658 -781 405 -226
932 1051 41 1659 -782 408 -227
933 1047 42 1654 -782 407 -226
934 1046 40 1656 -780 407 -223
935 1046 41 1657 -782 408 -229
936 1047 44 1654 -781 409 -225
937 1044 42 1655 -781 405 -224
938 1049 42 1659 -779 403 -226
939 1048 38 1657 -783 403 -227
940 1051 42 1657 -780 404 -227
941 1046 40 1658 -779 405 -223
942 1046 41 1657 -780 405 -226
943 1044 41 1656 -781 408 -223
944 1048 40 1655 -781 404 -225
945 1047 43 1655 -785 404 -226
946 1047 40 1657 -780 404 -225
947 1046 40 1653 -782 405 -225
948 1046 39 1658 -782 408 -228
949 1044 39 1660 -781 411 -225
950 1041 41 1658 -782 412 -227
951 1046 43 1661 -785 404 -225
952 1046 44 1662 -782 406 -227
953 1048 40 1657 -780 402 -226
954 1049 43 1655 -780 403 -228
955 1046 39 1659 -779 406 -225
956 1049 44 1654 -782 408 -231
957 1048 40 1656 -782 407 -224
958 1044 42 1657 -784 406 -230
959 1044 38 1658 -780 407 -228
960 1047 41 1655 -786 403 -229
961 1045 44 1656 -781 405 -227
962 1048 40 1656 -783 405 -224
963 1047 42 1657 -784 403 -226
964 1044 41 1655 -781 401 -226
965 1046 42 1658 -778 404 -223
966 1049 39 1656 -780 402 -223
967 1048 42 1655 -783 403 -226
968 1050 40 1655 -783 406 -226
969 1047 39 1656 -781 406 -224
970 1047 37 1658 -783 408 -225
971 1044 41 1661 -784 410 -227
972 1044 41 1657 -786 409 -227
973 1044 41 1657 -782 406 -224
974 1048 43 1658 -782 407 -222
975 1050 41 1659 -782 400 -226
976 1049 42 1657 -781 402 -229
977 1048 40 1655 -782 406 -226
978 1046 40 1654 -780 406 -227
979 1043 42 1659 -781 406 -226
980 1046 41 1657 -783 405 -229
981 1042 40 1655 -784 408 -224
982 1042 42 1657 -785 405 -225
983 1050 40 1656 -784 406 -226
984 1046 42 1660 -785 407 -229
985 1047 41 1657 -779 403 -231
986 1046 40 1657 -780 404 -226
987 1047 39 1653 -781 401 -227
988 1048 40 1657 -783 401 -230
989 1051 43 1657 -780 403 -225
990 1050 43 1659 -783 404 -225
991 1047 42 1657 -781 413 -225
992 1043 37 1657 -787 411 -227
993 1044 42 1657 -780 412 -227
994 1044 43 1658 -784 410 -224
995 1044 45 1656 -784 407 -227
996 1047 41 1657 -781 403 -229
997 1050 43 1656 -781 402 -228
998 1053 41 1655 -783 401 -223
999 1047 45 1657 -784 404 -225
0 -2334 -4595 7524 -3873 6881 -124
1 -2332 -4596 7526 -3871 6879 -127
2 -2330 -4595 7527 -3872 6878 -125
3 -2331 -4592 7526 -3871 6880 -127
4 -2332 -4598 7524 -3872 6879 -124
5 -2333 -4596 7525 -3868 6881 -125
6 -2334 -4596 7525 -3871 6882 -126
7 -2338 -4596 7525 -3872 6884 -128
8 -2334 -4594 7523 -3870 6883 -126
9 -2332 -4594 7525 -3871 6880 -125
10 -2333 -4591 7528 -3871 6882 -123
11 -2334 -4594 7524 -3872 6885 -128
12 -2332 -4596 7525 -3873 6879 -125
13 -2332 -4591 7526 -3870 6882 -126
14 -2330 -4591 7527 -3870 6879 -124
15 -2329 -4597 7524 -3870 6879 -124
16 -2332 -4593 7525 -3872 6881 -127
17 -2335 -4593 7529 -3872 6885 -129
18 -2340 -4591 7528 -3875 6890 -123
19 -2335 -4593 7528 -3873 6890 -126
20 -2333 -4594 7527 -3873 6886 -126
21 -2332 -4596 7525 -3872 6882 -126
22 -2330 -4596 7530 -3871 6882 -122
23 -2329 -4594 7526 -3872 6883 -125
24 -2333 -4594 7524 -3875 6878 -128
25 -2336 -4598 7523 -3874 6885 -126
26 -2335 -4595 7521 -3877 6889 -125
27 -2338 -4595 7526 -3873 6885 -126
28 -2332 -4595 7523 -3871 6887 -128
29 -2333 -4592 7527 -3874 6887 -127
30 -2330 -4591 7524 -3871 6886 -126
31 -2331 -4595 7526 -3875 6882 -124
32 -2333 -4596 7527 -3871 6884 -127
33 -2336 -4594 7524 -3873 6883 -128
34 -2334 -4595 7526 -3875 6885 -127
35 -2329 -4595 7526 -3875 6886 -126
36 -2332 -4597 7524 -3874 6884 -129
37 -2328 -4592 7525 -3871 6880 -124
38 -2331 -4593 7526 -3873 6883 -125
39 -2334 -4595 7525 -3876 6883 -127
40 -2335 -4596 7526 -3875 6887 -127
41 -2341 -4597 7524 -3875 6886 -126
42 -2338 -4594 7526 -3876 6891 -125
43 -2334 -4593 7527 -3875 6888 -124
44 -2335 -4597 7525 -3878 6886 -125
45 -2333 -4594 7525 -3875 6885 -127
46 -2330 -4592 7527 -3876 6882 -124
47 -2334 -4592 7526 -3874 6884 -125
48 -2335 -4592 7527 -3873 6888 -124
49 -2337 -4591 7525 -3877 6888 -126
50 -2337 -4590 7525 -3877 6891 -125
51 -2334 -4594 7527 -3877 6891 -125
52 -2332 -4592 7525 -3872 6887 -123
53 -2335 -4591 7526 -3874 6885 -126
54 -2331 -4594 7527 -3871 6886 -123
55 -2336 -4596 7523 -3875 6884 -126
56 -2332 -4595 7525 -3876 6885 -125
57 -2337 -4596 7525 -3875 6887 -127
58 -2336 -4593 7526 -3876 6888 -124
59 -2333 -4595 7527 -3877 6889 -121
60 -2333 -4593 7525 -3875 6887 -125
61 -2334 -4595 7526 -3880 6887 -127
62 -2334 -4593 7525 -3878 6888 -125
63 -2332 -4594 7527 -3878 6890 -125
64 -2334 -4593 7525 -3875 6890 -128
65 -2335 -4593 7524 -3877 6890 -127
66 -2337 -4594 7525 -3873 6888 -125
67 -2333 -4596 7525 -3874 6884 -124
68 -2334 -4596 7526 -3877 6889 -126
69 -2334 -4592 7526 -3878 6887 -126
70 -2335 -4594 7524 -3876 6889 -127
71 -2337 -4598 7525 -3877 6893 -127
72 -2336 -4598 7525 -3875 6893 -131
73 -2338 -4598 7526 -3875 6892 -128
74 -2337 -4593 7525 -3875 6889 -124
75 -2334 -4592 7523 -3875 6884 -127
76 -2334 -4594 7524 -3874 6884 -126
77 -2331 -4595 7527 -3873 6882 -127
78 -2336 -4593 7527 -3872 6882 -125
79 -2336 -4595 7523 -3873 6885 -127
80 -2339 -4596 7524 -3877 6893 -126
81 -2337 -4596 7526 -3878 6890 -125
82 -2339 -4594 7524 -3878 6889 -124
83 -2334 -4594 7527 -3877 6887 -127
84 -2331 -4595 7526 -3875 6889 -125
85 -2333 -4595 7524 -3878 6886 -127
86 -2332 -4593 7524 -3877 6884 -126
87 -2334 -4594 7525 -3874 6886 -123
88 -2335 -4593 7524 -3877 6888 -129
89 -2338 -4595 7523 -3876 6891 -123
90 -2336 -4593 7526 -3876 6889 -127
91 -2335 -4591 7527 -3875 6893 -126
92 -2335 -4595 7525 -3875 6893 -127
93 -2336 -4592 7524 -3877 6892 -128
94 -2340 -4596 7529 -3874 6892 -125
95 -2335 -4597 7527 -3874 6892 -127
96 -2339 -4591 7524 -3874 6889 -128
97 -2338 -4594 7522 -3874 6885 -128
98 -2334 -4594 7525 -3878 6885 -129
99 -2338 -4595 7522 -3876 6883 -125
100 -2334 -4593 7524 -3876 6886 -126
101 -2336 -4594 7528 -3876 6888 -125
102 -2336 -4594 7522 -3878 6889 -131
103 -2335 -4598 7526 -3875 6889 -125
104 -2337 -4596 7524 -3878 6891 -126
105 -2334 -4596 7525 -3875 6888 -130
106 -2333 -4594 7523 -3876 6886 -128
107 -2332 -4594 7526 -3875 6885 -126
108 -2331 -4592 7525 -3877 6887 -125
109 -2329 -4593 7524 -3875 6887 -125
110 -2336 -4597 7522 -3876 6888 -125
111 -2337 -4596 7524 -3874 6892 -123
112 -2338 -4597 7527 -3876 6895 -126
113 -2339 -4597 7525 -3876 6896 -127
114 -2336 -4594 7525 -3876 6891 -126
115 -2334 -4594 7525 -3876 6891 -124
116 -2334 -4593 7527 -3877 6886 -125
117 -2333 -4599 7524 -3872 6886 -126
118 -2336 -4596 7524 -3877 6888 -127
119 -2337 -4592 7526 -3874 6890 -126
120 -2338 -4594 7524 -3877 6891 -125
121 -2337 -4595 7521 -3877 6888 -127
122 -2332 -4592 7525 -3876 6890 -124
123 -2331 -4593 7525 -3875 6887 -126
124 -2332 -4594 7523 -3877 6883 -126
125 -2332 -4596 7521 -3877 6887 -123
126 -2334 -4595 7524 -3874 6887 -126
127 -2334 -4595 7522 -3874 6887 -125
128 -2334 -4597 7525 -3877 6885 -130
129 -2334 -4596 7524 -3877 6887 -126
130 -2334 -4594 7525 -3876 6889 -125
131 -2333 -4594 7526 -3877 6888 -126
132 -2335 -4594 7523 -3875 6887 -124
133 -2336 -4595 7523 -3877 6888 -127
134 -2335 -4592 7526 -3876 6891 -129
135 -2339 -4591 7529 -3876 6891 -120
136 -2337 -4595 7524 -3875 6893 -129
137 -2334 -4594 7526 -3875 6888 -126
138 -2334 -4593 7524 -3872 6888 -123
139 -2331 -4594 7525 -3876 6888 -125
140 -2335 -4594 7526 -3874 6890 -125
141 -2337 -4593 7527 -3877 6891 -124
142 -2337 -4596 7524 -3879 6892 -127
143 -2337 -4591 7528 -3875 6890 -128
144 -2333 -4594 7524 -3875 6892 -126
145 -2331 -4592 7525 -3875 6887 -125
146 -2331 -4590 7529 -3874 6880 -126
147 -2330 -4594 7526 -3875 6881 -126
148 -2332 -4593 7524 -3875 6881 -124
149 -2331 -4594 7529 -3873 6888 -125
150 -2335 -4591 7529 -3877 6888 -123
151 -2336 -4591 7528 -3875 6891 -123
152 -2336 -4594 7522 -3876 6890 -124
153 -2335 -4593 7530 -3874 6891 -123
154 -2332 -4592 7525 -3876 6885 -124
155 -2332 -4594 7526 -3874 6884 -122
156 -2333 -4596 7525 -3876 6884 -128
157 -2335 -4595 7525 -3872 6885 -124
158 -2336 -4594 7528 -3874 6887 -125
159 -2335 -4595 7525 -3875 6886 -127
160 -2338 -4596 7523 -3874 6886 -128
161 -2334 -4594 7528 -3878 6889 -125
162 -2334 -4596 7528 -3874 6886 -125
163 -2334 -4591 7526 -3874 6887 -122
164 -2337 -4595 7527 -3874 6883 -125
165 -2331 -4594 7527 -3875 6882 -124
166 -2333 -4593 7529 -3875 6882 -126
167 -2333 -4595 7525 -3871 6882 -127
168 -2332 -4593 7525 -3873 6882 -127
169 -2332 -4593 7528 -3873 6882 -126
170 -2334 -4594 7525 -3874 6881 -124
171 -2333 -4592 7530 -3870 6885 -125
172 -2333 -4592 7529 -3874 6887 -125
173 -2337 -4595 7528 -3873 6890 -124
174 -2335 -4592 7528 -3875 6891 -124
175 -2335 -4592 7525 -3872 6888 -129
176 -2333 -4591 7531 -3871 6886 -124
177 -2333 -4593 7525 -3870 6884 -123
178 -2330 -4593 7526 -3870 6885 -127
179 -2336 -4590 7528 -3869 6883 -121
180 -2331 -4593 7530 -3871 6880 -126
181 -2333 -4594 7529 -3873 6887 -125
182 -2335 -4592 7527 -3872 6884 -126
183 -2336 -4593 7528 -3874 6889 -124
184 -2334 -4591 7529 -3871 6887 -123
185 -2332 -4591 7529 -3868 6884 -124
186 -2330 -4591 7527 -3868 6880 -124
187 -2332 -4591 7529 -3869 6880 -123
188 -2330 -4590 7529 -3869 6882 -123
189 -2334 -4591 7526 -3877 6885 -121
190 -2337 -4590 7527 -3871 6887 -125
191 -2333 -4590 7529 -3870 6885 -124
192 -2333 -4592 7526 -3871 6881 -125
193 -2330 -4591 7528 -3873 6879 -125
194 -2329 -4593 7525 -3872 6879 -124
195 -2332 -4591 7527 -3869 6878 -126
196 -2336 -4590 7529 -3873 6882 -124
197 -2335 -4589 7531 -3868 6886 -124
198 -2334 -4590 7530 -3873 6886 -122
199 -2337 -4591 7529 -3868 6884 -125
200 -2331 -4589 7531 -3869 6883 -122
201 -2330 -4587 7528 -3870 6878 -122
202 -2327 -4589 7530 -3869 6879 -121
203 -2330 -4588 7532 -3870 6881 -124
204 -2330 -4589 7529 -3870 6878 -120
205 -2332 -4589 7528 -3870 6877 -122
206 -2331 -4590 7528 -3871 6881 -123
207 -2329 -4591 7528 -3872 6881 -122
208 -2331 -4592 7529 -3868 6879 -122
209 -2328 -4589 7529 -3869 6879 -124
210 -2330 -4590 7529 -3872 6879 -122
211 -2333 -4586 7531 -3868 6880 -120
212 -2330 -4588 7530 -3868 6884 -123
213 -2329 -4587 7528 -3869 6882 -122
214 -2330 -4589 7528 -3870 6879 -122
215 -2329 -4587 7529 -3865 6877 -122
216 -2330 -4591 7532 -3868 6878 -120
217 -2328 -4591 7529 -3867 6878 -122
218 -2330 -4587 7531 -3868 6879 -123
219 -2331 -4590 7531 -3868 6881 -125
220 -2332 -4589 7528 -3871 6882 -121
221 -2328 -4588 7533 -3870 6884 -121
222 -2331 -4590 7529 -3866 6882 -121
223 -2329 -4589 7530 -3869 6877 -120
224 -2327 -4588 7528 -3868 6873 -121
225 -2325 -4588 7529 -3870 6872 -121
226 -2325 -4587 7530 -3866 6874 -120
227 -2331 -4591 7529 -3869 6873 -122
228 -2330 -4589 7533 -3869 6880 -121
229 -2330 -4586 7532 -3865 6881 -119
230 -2331 -4587 7531 -3866 6881 -121
231 -2330 -4588 7532 -3865 6882 -121
232 -2326 -4586 7534 -3869 6882 -120
233 -2329 -4589 7533 -3868 6878 -119
234 -2328 -4586 7533 -3865 6878 -120
235 -2327 -4585 7531 -3869 6878 -119
236 -2328 -4590 7534 -3865 6875 -120
237 -2328 -4585 7533 -3866 6877 -118
238 -2330 -4584 7533 -3865 6879 -120
239 -2328 -4587 7533 -3867 6880 -122
240 -2330 -4584 7531 -3869 6878 -120
241 -2330 -4585 7532 -3870 6877 -120
242 -2329 -4587 7533 -3868 6878 -120
243 -2330 -4591 7529 -3869 6876 -121
244 -2330 -4588 7533 -3865 6877 -122
245 -2326 -4585 7534 -3863 6878 -120
246 -2327 -4586 7528 -3865 6873 -119
247 -2326 -4588 7530 -3866 6874 -119
248 -2327 -4584 7533 -3865 6875 -121
249 -2327 -4588 7534 -3866 6873 -119
250 -2329 -4589 7535 -3867 6876 -119
251 -2329 -4587 7530 -3866 6879 -121
252 -2333 -4589 7532 -3866 6876 -122
253 -2331 -4588 7532 -3866 6875 -124
254 -2328 -4587 7530 -3868 6877 -120
255 -2330 -4587 7530 -3863 6877 -120
256 -2325 -4584 7532 -3863 6874 -120
257 -2327 -4585 7534 -3865 6876 -118
258 -2331 -4585 7532 -3865 6878 -121
259 -2332 -4588 7533 -3870 6875 -122
260 -2329 -4585 7532 -3864 6881 -121
261 -2327 -4589 7533 -3866 6875 -122
262 -2326 -4585 7531 -3862 6872 -123
263 -2328 -4588 7533 -3864 6869 -121
264 -2326 -4585 7532 -3866 6873 -120
265 -2328 -4587 7533 -3865 6869 -118
266 -2328 -4587 7531 -3864 6875 -118
267 -2330 -4587 7532 -3864 6875 -121
268 -2331 -4585 7531 -3867 6877 -117
269 -2329 -4587 7534 -3862 6876 -122
270 -2327 -4586 7531 -3866 6874 -120
271 -2324 -4587 7533 -3862 6875 -118
272 -2325 -4585 7534 -3860 6871 -121
273 -2324 -4584 7536 -3860 6869 -117
274 -2326 -4588 7531 -3861 6870 -120
275 -2329 -4588 7532 -3864 6875 -121
276 -2329 -4587 7532 -3866 6880 -118
277 -2327 -4587 7534 -3865 6877 -121
278 -2331 -4588 7530 -3866 6879 -121
279 -2328 -4588 7533 -3866 6877 -124
280 -2328 -4586 7532 -3863 6877 -120
281 -2323 -4587 7533 -3863 6872 -121
282 -2326 -4589 7532 -3863 6872 -124
283 -2326 -4586 7533 -3863 6872 -118
284 -2326 -4585 7534 -3864 6872 -119
285 -2324 -4587 7534 -3863 6871 -120
286 -2324 -4583 7534 -3865 6871 -118
287 -2323 -4587 7530 -3862 6876 -120
288 -2325 -4587 7533 -3860 6875 -121
289 -2326 -4588 7531 -3867 6877 -118
290 -2325 -4586 7533 -3866 6878 -120
291 -2328 -4588 7532 -3862 6877 -119
292 -2325 -4584 7532 -3865 6875 -120
293 -2323 -4585 7533 -3861 6873 -119
294 -2319 -4586 7533 -3859 6868 -119
295 -2322 -4588 7531 -3861 6868 -120
296 -2325 -4590 7532 -3866 6870 -119
297 -2326 -4588 7536 -3865 6876 -118
298 -2332 -4590 7531 -3865 6880 -119
299 -2330 -4590 7534 -3866 6880 -120
300 -2329 -4586 7533 -3864 6876 -120
301 -2325 -4586 7531 -3863 6875 -118
302 -2323 -4587 7533 -3863 6869 -122
303 -2321 -4588 7530 -3863 6868 -120
304 -2324 -4587 7533 -3864 6868 -117
305 -2327 -4588 7531 -3863 6873 -120
306 -2328 -4590 7529 -3866 6873 -120
307 -2326 -4586 7530 -3866 6877 -120
308 -2327 -4588 7532 -3862 6874 -119
309 -2321 -4589 7531 -3864 6878 -121
310 -2323 -4588 7533 -3862 6875 -116
311 -2323 -4588 7529 -3864 6871 -119
312 -2325 -4588 7531 -3864 6869 -119
313 -2323 -4590 7529 -3863 6868 -116
314 -2326 -4588 7531 -3864 6876 -119
315 -2326 -4588 7530 -3865 6877 -121
316 -2327 -4589 7527 -3864 6874 -120
317 -2324 -4590 7530 -3863 6872 -122
318 -2323 -4592 7530 -3862 6869 -124
319 -2326 -4590 7530 -3863 6869 -120
320 -2325 -4588 7528 -3864 6876 -121
321 -2324 -4591 7526 -3865 6872 -121
322 -2328 -4594 7529 -3863 6877 -123
323 -2327 -4594 7529 -3864 6875 -126
324 -2326 -4593 7530 -3865 6871 -127
325 -2323 -4593 7527 -3864 6871 -124
326 -2322 -4592 7530 -3865 6868 -122
327 -2323 -4589 7527 -3864 6869 -121
328 -2320 -4592 7526 -3864 6873 -121
329 -2322 -4593 7527 -3864 6871 -122
330 -2324 -4591 7526 -3866 6871 -121
331 -2324 -4590 7527 -3861 6870 -126
332 -2326 -4592 7525 -3864 6869 -125
333 -2325 -4590 7525 -3864 6873 -122
334 -2325 -4593 7528 -3867 6873 -123
335 -2326 -4590 7530 -3866 6878 -120
336 -2327 -4590 7532 -3865 6877 -122
337 -2325 -4591 7529 -3862 6877 -123
338 -2324 -4592 7526 -3862 6870 -124
339 -2320 -4592 7526 -3862 6868 -124
340 -2321 -4593 7524 -3864 6867 -121
341 -2320 -4595 7523 -3864 6869 -126
342 -2324 -4595 7526 -3861 6870 -122
343 -2327 -4593 7526 -3862 6873 -125
344 -2328 -4593 7526 -3866 6877 -125
345 -2329 -4597 7525 -3867 6882 -125
346 -2325 -4596 7523 -3865 6876 -126
347 -2319 -4592 7525 -3863 6869 -123
348 -2320 -4595 7523 -3862 6861 -126
349 -2319 -4596 7523 -3860 6858 -126
350 -2322 -4595 7522 -3861 6859 -124
351 -2324 -4595 7523 -3863 6862 -124
352 -2324 -4596 7525 -3864 6869 -125
353 -2328 -4599 7523 -3867 6879 -124
354 -2328 -4597 7524 -3871 6880 -124
355 -2329 -4599 7527 -3871 6886 -127
356 -2326 -4595 7525 -3868 6881 -123
357 -2323 -4597 7521 -3864 6877 -127
358 -2320 -4598 7521 -3862 6865 -129
359 -2320 -4596 7523 -3862 6858 -124
360 -2320 -4595 7518 -3860 6860 -126
361 -2325 -4596 7521 -3863 6862 -126
362 -2326 -4596 7522 -3863 6870 -128
363 -2326 -4600 7524 -3865 6878 -128
364 -2328 -4600 7524 -3868 6883 -130
365 -2327 -4598 7522 -3871 6884 -126
366 -2324 -4595 7523 -3868 6882 -127
367 -2321 -4600 7521 -3866 6874 -127
368 -2317 -4598 7520 -3861 6865 -127
369 -2316 -4599 7514 -3862 6858 -128
370 -2315 -4600 7516 -3861 6858 -126
371 -2315 -4598 7518 -3858 6860 -127
372 -2318 -4597 7521 -3865 6869 -129
373 -2325 -4599 7518 -3866 6874 -127
374 -2326 -4601 7520 -3867 6879 -127
375 -2330 -4602 7517 -3870 6882 -129
376 -2328 -4604 7520 -3870 6886 -130
377 -2327 -4602 7517 -3868 6878 -130
378 -2319 -4599 7516 -3869 6874 -130
379 -2318 -4603 7516 -3866 6865 -129
380 -2314 -4603 7512 -3865 6859 -126
381 -2314 -4602 7513 -3863 6860 -129
382 -2319 -4603 7514 -3865 6861 -130
383 -2322 -4603 7519 -3865 6871 -130
384 -2330 -4603 7517 -3870 6882 -133
385 -2327 -4605 7516 -3872 6882 -132
386 -2327 -4604 7517 -3870 6883 -132
387 -2324 -4604 7516 -3865 6877 -130
388 -2319 -4604 7516 -3862 6869 -130
389 -2318 -4603 7513 -3860 6861 -132
390 -2316 -4608 7513 -3863 6861 -133
391 -2320 -4604 7516 -3863 6861 -129
392 -2320 -4605 7516 -3867 6867 -129
393 -2322 -4606 7514 -3868 6876 -130
394 -2324 -4605 7513 -3867 6877 -132
395 -2325 -4608 7513 -3864 6875 -128
396 -2319 -4606 7514 -3867 6873 -127
397 -2322 -4610 7514 -3866 6871 -133
398 -2320 -4606 7512 -3868 6867 -134
399 -2318 -4606 7513 -3863 6868 -131
400 -2320 -4608 7512 -3864 6872 -132
401 -2321 -4606 7514 -3867 6873 -132
402 -2323 -4606 7509 -3866 6870 -133
403 -2321 -4608 7511 -3866 6872 -131
404 -2318 -4608 7510 -3868 6867 -132
405 -2318 -4608 7510 -3866 6871 -132
406 -2318 -4608 7508 -3868 6869 -134
407 -2321 -4609 7514 -3868 6870 -136
408 -2322 -4607 7510 -3866 6875 -132
409 -2324 -4610 7509 -3869 6870 -133
410 -2316 -4610 7512 -3871 6874 -136
411 -2316 -4610 7508 -3870 6868 -137
412 -2318 -4612 7509 -3870 6867 -137
413 -2317 -4609 7507 -3870 6865 -134
414 -2318 -4614 7507 -3866 6869 -133
415 -2321 -4612 7506 -3869 6872 -135
416 -2320 -4613 7510 -3869 6875 -135
417 -2317 -4612 7507 -3867 6872 -132
418 -2318 -4612 7510 -3869 6873 -137
419 -2317 -4614 7506 -3871 6869 -135
420 -2315 -4612 7510 -3863 6867 -132
421 -2317 -4613 7506 -3869 6871 -135
422 -2322 -4612 7507 -3867 6874 -135
423 -2318 -4615 7508 -3869 6872 -134
424 -2316 -4614 7506 -3870 6871 -137
425 -2317 -4613 7505 -3868 6871 -140
426 -2317 -4612 7506 -3866 6870 -136
427 -2317 -4614 7505 -3867 6867 -137
428 -2317 -4612 7504 -3866 6868 -137
429 -2320 -4617 7507 -3870 6868 -138
430 -2321 -4613 7504 -3871 6871 -136
431 -2318 -4617 7504 -3871 6872 -137
432 -2321 -4617 7503 -3869 6875 -138
433 -2315 -4617 7501 -3867 6870 -139
434 -2316 -4618 7505 -3866 6867 -136
435 -2315 -4618 7503 -3866 6868 -137
436 -2313 -4616 7502 -3866 6868 -141
437 -2318 -4621 7504 -3870 6873 -139
438 -2318 -4620 7504 -3868 6874 -140
439 -2322 -4618 7502 -3868 6875 -139
440 -2319 -4618 7501 -3864 6870 -139
441 -2315 -4617 7501 -3869 6865 -140
442 -2312 -4619 7503 -3868 6864 -142
443 -2315 -4617 7500 -3866 6865 -142
444 -2317 -4620 7501 -3869 6865 -141
445 -2320 -4621 7500 -3868 6868 -142
446 -2319 -4624 7498 -3868 6868 -145
447 -2316 -4624 7501 -3868 6871 -141
448 -2318 -4620 7501 -3871 6873 -142
449 -2318 -4621 7500 -3870 6868 -139
450 -2313 -4625 7501 -3868 6868 -141
451 -2312 -4621 7498 -3868 6867 -140
452 -2316 -4620 7497 -3867 6869 -142
453 -2317 -4621 7502 -3868 6869 -143
454 -2316 -4622 7500 -3869 6866 -142
455 -2313 -4622 7498 -3869 6868 -140
456 -2316 -4626 7495 -3866 6868 -145
457 -2316 -4621 7496 -3867 6868 -141
458 -2317 -4624 7499 -3868 6871 -143
459 -2314 -4618 7498 -3870 6873 -143
460 -2318 -4624 7496 -3867 6873 -145
461 -2317 -4624 7497 -3865 6865 -143
462 -2314 -4626 7499 -3868 6864 -146
463 -2313 -4624 7495 -3868 6865 -145
464 -2312 -4627 7494 -3868 6862 -146
465 -2315 -4626 7496 -3866 6863 -144
466 -2321 -4626 7496 -3867 6863 -143
467 -2316 -4628 7495 -3868 6866 -143
468 -2315 -4628 7494 -3866 6870 -148
469 -2317 -4627 7495 -3871 6869 -146
470 -2317 -4627 7495 -3870 6871 -148
471 -2314 -4627 7496 -3870 6868 -146
472 -2314 -4631 7495 -3863 6864 -146
473 -2313 -4630 7493 -3865 6866 -146
474 -2314 -4625 7493 -3868 6864 -142
475 -2313 -4630 7491 -3872 6863 -146
476 -2311 -4626 7491 -3870 6865 -145
477 -2314 -4629 7494 -3867 6865 -145
478 -2317 -4632 7493 -3872 6869 -148
479 -2317 -4631 7495 -3869 6871 -146
480 -2314 -4629 7493 -3872 6871 -145
481 -2314 -4631 7490 -3874 6868 -149
482 -2312 -4627 7491 -3870 6863 -147
483 -2311 -4629 7491 -3867 6861 -146
484 -2310 -4628 7490 -3868 6857 -145
485 -2312 -4632 7489 -3867 6855 -149
486 -2309 -4629 7494 -3863 6860 -145
487 -2311 -4632 7492 -3868 6865 -146
488 -2315 -4632 7492 -3870 6868 -150
489 -2313 -4629 7492 -3873 6870 -144
490 -2314 -4630 7491 -3869 6871 -145
491 -2310 -4630 7491 -3868 6869 -146
492 -2310 -4634 7491 -3867 6862 -146
493 -2308 -4633 7490 -3869 6860 -144
494 -2307 -4630 7490 -3867 6859 -145
495 -2308 -4628 7491 -3868 6859 -147
496 -2311 -4634 7489 -3870 6863 -149
497 -2313 -4632 7489 -3870 6868 -149
498 -2314 -4632 7490 -3870 6869 -147
499 -2314 -4636 7489 -3869 6867 -145
500 -2311 -4632 7490 -3871 6865 -147
501 -2311 -4635 7490 -3870 6863 -149
502 -2311 -4635 7488 -3870 6865 -145
503 -2312 -4633 7489 -3866 6861 -149
504 -2310 -4635 7487 -3864 6854 -147
505 -2308 -4633 7487 -3866 6852 -146
506 -2307 -4631 7491 -3864 6854 -147
507 -2309 -4631 7490 -3866 6860 -147
508 -2315 -4634 7487 -3873 6863 -149
509 -2315 -4636 7486 -3868 6866 -153
510 -2312 -4633 7488 -3872 6867 -151
511 -2315 -4633 7488 -3871 6864 -147
512 -2307 -4636 7488 -3865 6860 -150
513 -2303 -4637 7485 -3868 6857 -151
514 -2305 -4633 7486 -3867 6854 -147
515 -2307 -4635 7486 -3870 6858 -148
516 -2311 -4638 7486 -3870 6863 -149
517 -2316 -4635 7486 -3868 6866 -149
518 -2315 -4636 7489 -3868 6868 -149
519 -2311 -4633 7488 -3870 6864 -153
520 -2310 -4635 7485 -3872 6866 -148
521 -2303 -4636 7483 -3871 6862 -151
522 -2307 -4637 7484 -3866 6855 -151
523 -2307 -4634 7486 -3868 6855 -148
524 -2311 -4635 7487 -3865 6859 -153
525 -2308 -4634 7485 -3865 6857 -152
526 -2304 -4634 7487 -3866 6859 -149
527 -2304 -4637 7484 -3868 6854 -151
528 -2306 -4634 7487 -3867 6860 -150
529 -2311 -4635 7488 -3864 6857 -146
530 -2313 -4639 7485 -3868 6860 -151
531 -2314 -4638 7486 -3863 6857 -149
532 -2311 -4638 7485 -3866 6864 -151
533 -2308 -4636 7483 -3867 6862 -152
534 -2309 -4637 7484 -3867 6857 -152
535 -2306 -4637 7486 -3864 6853 -150
536 -2312 -4637 7479 -3862 6854 -151
537 -2312 -4638 7483 -3862 6856 -153
538 -2311 -4636 7487 -3869 6859 -151
539 -2307 -4638 7488 -3867 6865 -150
540 -2310 -4638 7486 -3870 6865 -151
541 -2314 -4637 7481 -3868 6862 -149
542 -2310 -4636 7485 -3865 6855 -149
543 -2308 -4635 7486 -3863 6854 -153
544 -2304 -4636 7483 -3861 6851 -150
545 -2307 -4637 7485 -3864 6854 -150
546 -2307 -4639 7485 -3866 6855 -149
547 -2307 -4637 7483 -3869 6858 -149
548 -2310 -4640 7485 -3867 6860 -155
549 -2310 -4634 7483 -3865 6861 -154
550 -2306 -4633 7486 -3862 6855 -150
551 -2307 -4635 7486 -3865 6854 -151
552 -2304 -4637 7482 -3866 6850 -151
553 -2306 -4637 7484 -3864 6852 -151
554 -2306 -4636 7485 -3863 6857 -151
555 -2308 -4636 7485 -3865 6858 -153
556 -2311 -4637 7482 -3864 6859 -156
557 -2307 -4638 7482 -3865 6860 -154
558 -2306 -4636 7485 -3869 6858 -148
559 -2304 -4638 7486 -3870 6859 -148
560 -2307 -4641 7482 -3868 6859 -154
561 -2309 -4640 7483 -3866 6856 -153
562 -2307 -4639 7486 -3862 6857 -150
563 -2305 -4637 7483 -3862 6855 -151
564 -2301 -4634 7483 -3863 6853 -149
565 -2304 -4639 7484 -3866 6853 -153
566 -2303 -4638 7483 -3863 6851 -147
567 -2306 -4638 7485 -3864 6855 -150
568 -2308 -4639 7486 -3862 6857 -149
569 -2311 -4639 7485 -3865 6859 -152
570 -2307 -4638 7483 -3863 6859 -151
571 -2306 -4637 7482 -3863 6853 -151
572 -2302 -4639 7484 -3865 6853 -152
573 -2303 -4638 7485 -3862 6851 -155
574 -2305 -4638 7486 -3861 6851 -152
575 -2309 -4635 7483 -3861 6856 -148
576 -2308 -4641 7482 -3863 6857 -152
577 -2306 -4640 7480 -3865 6859 -157
578 -2305 -4638 7484 -3866 6858 -153
579 -2304 -4638 7486 -3865 6856 -150
580 -2306 -4640 7480 -3868 6856 -154
581 -2308 -4637 7480 -3864 6858 -155
582 -2310 -4637 7487 -3861 6853 -152
583 -2301 -4637 7487 -3862 6855 -150
584 -2300 -4639 7483 -3862 6853 -150
585 -2296 -4641 7481 -3869 6849 -152
586 -2304 -4638 7483 -3866 6854 -151
587 -2307 -4636 7482 -3863 6850 -149
588 -2305 -4639 7481 -3861 6852 -155
589 -2306 -4641 7483 -3860 6851 -153
590 -2302 -4640 7482 -3867 6854 -153
591 -2304 -4636 7483 -3866 6855 -149
592 -2303 -4640 7480 -3869 6857 -151
593 -2303 -4640 7483 -3865 6854 -154
594 -2305 -4638 7484 -3860 6851 -154
595 -2302 -4639 7483 -3860 6849 -151
596 -2306 -4640 7481 -3867 6855 -154
597 -2302 -4642 7485 -3866 6853 -153
598 -2301 -4640 7483 -3868 6854 -153
599 -2306 -4635 7486 -3865 6854 -150
600 -2305 -4641 7483 -3865 6853 -151
601 -2309 -4640 7482 -3864 6854 -151
602 -2307 -4641 7481 -3864 6855 -153
603 -2305 -4639 7481 -3862 6856 -153
604 -2300 -4639 7483 -3866 6854 -153
605 -2303 -4642 7482 -3866 6852 -152
606 -2305 -4643 7480 -3863 6847 -152
607 -2303 -4638 7481 -3862 6844 -154
608 -2303 -4639 7482 -3858 6846 -154
609 -2303 -4640 7484 -3862 6851 -152
610 -2306 -4640 7486 -3865 6855 -156
611 -2305 -4639 7482 -3863 6855 -152
612 -2306 -4637 7483 -3860 6855 -148
613 -2305 -4640 7483 -3858 6855 -153
614 -2307 -4636 7483 -3857 6853 -152
615 -2301 -4639 7485 -3859 6847 -151
616 -2303 -4643 7482 -3859 6848 -149
617 -2302 -4638 7481 -3860 6848 -156
618 -2307 -4641 7482 -3863 6853 -151
619 -2308 -4640 7481 -3866 6858 -149
620 -2309 -4640 7482 -3862 6855 -152
621 -2302 -4641 7479 -3862 6853 -154
622 -2302 -4641 7482 -3863 6848 -153
623 -2296 -4636 7481 -3864 6844 -151
624 -2298 -4639 7483 -3863 6848 -149
625 -2302 -4642 7478 -3863 6850 -149
626 -2305 -4637 7483 -3861 6852 -151
627 -2307 -4639 7484 -3866 6854 -152
628 -2304 -4640 7485 -3864 6854 -151
629 -2303 -4642 7483 -3861 6853 -154
630 -2296 -4640 7479 -3863 6846 -156
631 -2303 -4638 7481 -3864 6847 -151
632 -2302 -4639 7484 -3862 6850 -153
633 -2305 -4640 7481 -3861 6849 -152
634 -2307 -4640 7483 -3857 6848 -154
635 -2305 -4642 7483 -3861 6855 -155
636 -2303 -4639 7484 -3861 6848 -153
637 -2300 -4639 7481 -3863 6848 -153
638 -2303 -4639 7478 -3860 6847 -156
639 -2305 -4643 7479 -3861 6848 -153
640 -2310 -4640 7479 -3856 6850 -154
641 -2306 -4640 7482 -3856 6851 -153
642 -2305 -4642 7482 -3862 6853 -154
643 -2299 -4640 7483 -3860 6854 -154
644 -2300 -4643 7479 -3861 6848 -156
645 -2300 -4639 7481 -3856 6848 -152
646 -2303 -4639 7479 -3857 6846 -153
647 -2301 -4641 7482 -3859 6846 -152
648 -2302 -4642 7481 -3862 6846 -155
649 -2303 -4642 7484 -3864 6852 -153
650 -2305 -4641 7485 -3863 6855 -151
651 -2305 -4642 7482 -3866 6858 -153
652 -2306 -4643 7480 -3859 6854 -156
653 -2303 -4640 7478 -3860 6853 -155
654 -2302 -4637 7484 -3863 6849 -153
655 -2298 -4642 7480 -3862 6852 -153
656 -2301 -4641 7480 -3864 6851 -156
657 -2302 -4641 7482 -3862 6849 -155
658 -2301 -4642 7481 -3859 6853 -156
659 -2306 -4642 7482 -3859 6849 -152
660 -2305 -4640 7481 -3859 6850 -154
661 -2300 -4642 7482 -3862 6854 -153
662 -2298 -4643 7480 -3866 6849 -152
663 -2299 -4644 7480 -3863 6855 -153
664 -2300 -4640 7481 -3861 6849 -150
665 -2298 -4641 7477 -3862 6849 -153
666 -2299 -4642 7475 -3861 6846 -153
667 -2300 -4642 7479 -3858 6842 -155
668 -2297 -4642 7480 -3865 6848 -154
669 -2293 -4641 7479 -3866 6848 -151
670 -2299 -4641 7477 -3864 6851 -152
671 -2304 -4644 7481 -3864 6852 -154
672 -2305 -4640 7479 -3861 6855 -154
673 -2302 -4640 7482 -3864 6855 -154
674 -2302 -4645 7480 -3861 6854 -155
675 -2296 -4647 7476 -3861 6849 -156
676 -2299 -4642 7479 -3862 6848 -155
677 -2302 -4639 7482 -3860 6854 -152
678 -2308 -4640 7479 -3858 6852 -154
679 -2303 -4645 7478 -3858 6850 -156
680 -2303 -4646 7480 -3858 6851 -157
681 -2305 -4640 7479 -3863 6853 -156
682 -2300 -4638 7481 -3868 6855 -153
683 -2297 -4647 7477 -3862 6854 -156
684 -2301 -4648 7476 -3858 6847 -157
685 -2300 -4640 7477 -3862 6847 -154
686 -2299 -4642 7479 -3859 6849 -148
687 -2296 -4646 7474 -3863 6848 -154
688 -2296 -4647 7475 -3867 6845 -157
689 -2295 -4643 7478 -3865 6848 -155
690 -2301 -4645 7479 -3864 6854 -155
691 -2303 -4641 7478 -3865 6853 -154
692 -2303 -4648 7478 -3863 6855 -159
693 -2297 -4645 7479 -3863 6853 -158
694 -2301 -4643 7480 -3865 6852 -154
695 -2299 -4643 7480 -3866 6853 -152
696 -2297 -4648 7479 -3864 6852 -153
697 -2301 -4648 7473 -3860 6849 -159
698 -2303 -4644 7473 -3859 6847 -157
699 -2307 -4644 7481 -3861 6852 -160
700 -2302 -4646 7479 -3867 6852 -155
701 -2298 -4650 7472 -3867 6852 -156
702 -2299 -4649 7475 -3868 6852 -158
703 -2303 -4645 7478 -3864 6855 -157
704 -2309 -4648 7478 -3861 6856 -151
705 -2300 -4651 7473 -3862 6852 -158
706 -2299 -4646 7473 -3861 6846 -160
707 -2298 -4647 7474 -3859 6843 -157
708 -2301 -4650 7473 -3868 6847 -155
709 -2302 -4645 7471 -3865 6848 -156
710 -2299 -4644 7475 -3863 6850 -156
711 -2307 -4646 7477 -3862 6853 -159
712 -2310 -4651 7473 -3864 6860 -161
713 -2307 -4647 7478 -3869 6861 -160
714 -2302 -4645 7480 -3870 6862 -154
715 -2299 -4651 7472 -3864 6849 -160
716 -2298 -4650 7468 -3860 6844 -161
717 -2302 -4648 7474 -3858 6842 -160
718 -2303 -4643 7474 -3858 6848 -156
719 -2304 -4651 7471 -3862 6848 -159
720 -2303 -4655 7471 -3867 6853 -163
721 -2305 -4649 7476 -3868 6860 -163
722 -2311 -4645 7476 -3872 6864 -159
723 -2308 -4652 7473 -3867 6860 -159
724 -2304 -4653 7470 -3862 6847 -161
725 -2300 -4652 7467 -3862 6848 -162
726 -2300 -4646 7478 -3865 6848 -155
727 -2301 -4647 7473 -3868 6850 -155
728 -2299 -4657 7467 -3868 6851 -159
729 -2300 -4655 7472 -3865 6849 -165
730 -2306 -4645 7474 -3863 6854 -155
731 -2303 -4648 7476 -3867 6856 -153
732 -2299 -4658 7468 -3864 6854 -161
733 -2295 -4656 7470 -3868 6850 -165
734 -2301 -4646 7476 -3872 6855 -157
735 -2308 -4649 7472 -3872 6862 -155
736 -2306 -4660 7463 -3867 6860 -164
737 -2304 -4649 7471 -3864 6857 -164
738 -2305 -4649 7473 -3863 6849 -158
739 -2300 -4651 7471 -3864 6850 -158
740 -2299 -4654 7467 -3866 6851 -159
741 -2298 -4651 7470 -3865 6850 -160
742 -2305 -4652 7473 -3862 6849 -161
743 -2307 -4655 7469 -3863 6859 -165
744 -2311 -4655 7470 -3865 6861 -162
745 -2302 -4652 7473 -3868 6856 -159
746 -2297 -4656 7470 -3869 6855 -164
747 -2298 -4654 7471 -3870 6851 -162
748 -2302 -4656 7472 -3869 6849 -164
749 -2302 -4652 7468 -3866 6852 -160
750 -2305 -4652 7468 -3864 6850 -161
751 -2305 -4656 7468 -3867 6854 -161
752 -2302 -4656 7467 -3872 6857 -163
753 -2304 -4658 7466 -3874 6862 -160
754 -2299 -4655 7470 -3874 6856 -159
755 -2308 -4660 7465 -3868 6854 -163
756 -2310 -4658 7465 -3868 6856 -166
757 -2307 -4656 7470 -3869 6858 -162
758 -2302 -4654 7469 -3873 6861 -163
759 -2299 -4658 7462 -3872 6855 -163
760 -2298 -4656 7465 -3870 6854 -163
761 -2298 -4654 7468 -3867 6849 -162
762 -2305 -4655 7467 -3859 6850 -159
763 -2306 -4659 7464 -3859 6849 -164
764 -2303 -4656 7467 -3869 6854 -163
765 -2301 -4655 7469 -3869 6858 -159
766 -2298 -4659 7470 -3874 6857 -159
767 -2304 -4661 7463 -3876 6864 -163
768 -2305 -4659 7468 -3872 6862 -162
769 -2301 -4655 7470 -3864 6857 -160
770 -2297 -4656 7464 -3863 6846 -162
771 -2296 -4659 7469 -3870 6847 -160
772 -2292 -4654 7466 -3876 6855 -163
773 -2295 -4658 7472 -3875 6853 -159
774 -2300 -4659 7464 -3870 6855 -161
775 -2305 -4663 7465 -3867 6861 -167
776 -2308 -4655 7468 -3867 6866 -165
777 -2302 -4657 7469 -3871 6862 -157
778 -2299 -4663 7466 -3875 6858 -164
779 -2296 -4664 7458 -3877 6859 -167
780 -2302 -4654 7472 -3877 6860 -159
781 -2308 -4652 7468 -3873 6859 -158
782 -2304 -4662 7459 -3859 6850 -166
783 -2304 -4664 7457 -3858 6849 -173
784 -2303 -4652 7467 -3868 6849 -164
785 -2301 -4656 7466 -3874 6857 -160
786 -2301 -4668 7457 -3875 6860 -164
787 -2306 -4663 7464 -3869 6857 -172
788 -2310 -4651 7468 -3866 6861 -163
789 -2309 -4658 7468 -3868 6864 -163
790 -2302 -4663 7455 -3866 6857 -166
791 -2295 -4661 7455 -3870 6852 -168
792 -2291 -4656 7462 -3870 6845 -164
793 -2294 -4654 7465 -3872 6845 -163
794 -2298 -4660 7459 -3868 6853 -165
795 -2299 -4662 7458 -3867 6853 -170
796 -2300 -4659 7461 -3869 6855 -168
797 -2303 -4658 7468 -3870 6864 -163
798 -2306 -4663 7468 -3879 6863 -165
799 -2307 -4665 7464 -3878 6867 -171
800 -2308 -4664 7460 -3872 6863 -173
801 -2310 -4657 7468 -3866 6863 -165
802 -2307 -4659 7460 -3867 6859 -167
803 -2302 -4664 7460 -3866 6853 -169
804 -2294 -4661 7456 -3869 6848 -170
805 -2300 -4662 7465 -3870 6847 -168
806 -2306 -4661 7461 -3868 6856 -163
807 -2312 -4663 7462 -3874 6863 -169
808 -2317 -4662 7460 -3874 6872 -167
809 -2306 -4658 7465 -3868 6866 -166
810 -2301 -4660 7465 -3877 6862 -165
811 -2297 -4669 7456 -3875 6858 -168
812 -2291 -4661 7461 -3868 6844 -165
813 -2293 -4656 7466 -3862 6841 -161
814 -2297 -4664 7456 -3863 6839 -163
815 -2308 -4669 7451 -3868 6854 -175
816 -2300 -4652 7468 -3873 6862 -164
817 -2296 -4660 7469 -3869 6857 -160
818 -2306 -4668 7456 -3877 6861 -174
819 -2304 -4663 7459 -3875 6864 -170
820 -2300 -4652 7470 -3863 6854 -158
821 -2301 -4666 7458 -3864 6849 -166
822 -2314 -4676 7453 -3871 6858 -177
823 -2308 -4658 7462 -3879 6864 -170
824 -2301 -4657 7470 -3868 6859 -160
825 -2299 -4668 7450 -3863 6852 -167
826 -2307 -4666 7463 -3881 6861 -171
827 -2307 -4662 7460 -3869 6856 -170
828 -2298 -4665 7457 -3855 6844 -166
829 -2308 -4659 7460 -3866 6851 -171
830 -2316 -4657 7464 -3890 6877 -165
831 -2299 -4672 7456 -3884 6870 -174
832 -2289 -4666 7458 -3862 6848 -169
833 -2307 -4654 7470 -3865 6847 -158
834 -2310 -4663 7452 -3875 6866 -166
835 -2295 -4673 7450 -3873 6857 -175
836 -2283 -4662 7468 -3857 6840 -168
837 -2303 -4657 7466 -3873 6852 -156
838 -2312 -4667 7459 -3895 6880 -170
839 -2300 -4665 7455 -3876 6867 -173
840 -2298 -4662 7463 -3853 6844 -166
841 -2306 -4662 7459 -3859 6847 -166
842 -2313 -4658 7462 -3885 6867 -168
843 -2294 -4664 7464 -3881 6869 -166
844 -2291 -4667 7460 -3870 6852 -168
845 -2308 -4668 7458 -3869 6856 -172
846 -2322 -4648 7472 -3881 6879 -163
847 -2313 -4662 7459 -3875 6873 -161
848 -2290 -4677 7450 -3857 6844 -178
849 -2294 -4665 7456 -3863 6837 -176
850 -2304 -4645 7480 -3893 6861 -149
851 -2302 -4673 7455 -3889 6871 -157
852 -2292 -4671 7451 -3872 6854 -175
853 -2303 -4660 7462 -3867 6852 -167
854 -2319 -4655 7469 -3892 6872 -158
855 -2299 -4669 7450 -3882 6867 -169
856 -2283 -4662 7462 -3866 6836 -170
857 -2289 -4664 7455 -3868 6835 -163
858 -2302 -4657 7465 -3885 6854 -167
859 -2315 -4658 7459 -3874 6870 -164
860 -2317 -4658 7469 -3868 6865 -164
861 -2313 -4660 7457 -3860 6866 -172
862 -2312 -4657 7466 -3861 6863 -173
863 -2304 -4660 7464 -3871 6871 -167
864 -2303 -4663 7464 -3870 6862 -169
865 -2306 -4664 7461 -3875 6864 -170
866 -2304 -4663 7464 -3873 6863 -168
867 -2303 -4660 7464 -3869 6860 -165
868 -2301 -4661 7463 -3872 6855 -166
869 -2299 -4658 7461 -3869 6855 -167
870 -2302 -4662 7462 -3871 6857 -167
871 -2304 -4663 7462 -3871 6856 -165
872 -2302 -4662 7463 -3873 6861 -167
873 -2305 -4661 7463 -3869 6860 -169
874 -2305 -4660 7464 -3874 6864 -164
875 -2306 -4662 7466 -3873 6864 -164
876 -2307 -4663 7464 -3877 6862 -167
877 -2304 -4663 7459 -3873 6863 -165
878 -2301 -4660 7463 -3871 6856 -163
879 -2299 -4662 7465 -3871 6853 -164
880 -2304 -4661 7462 -3869 6854 -167
881 -2299 -4660 7464 -3871 6858 -165
882 -2304 -4661 7464 -3871 6857 -162
883 -2306 -4661 7467 -3874 6862 -166
884 -2306 -4664 7463 -3877 6866 -169
885 -2312 -4663 7463 -3877 6867 -169
886 -2309 -4660 7465 -3873 6866 -165
887 -2305 -4660 7465 -3872 6861 -166
888 -2303 -4658 7467 -3873 6858 -163
889 -2298 -4660 7463 -3873 6856 -163
890 -2297 -4658 7463 -3870 6854 -163
891 -2306 -4656 7466 -3872 6856 -164
892 -2306 -4656 7465 -3870 6862 -163
893 -2307 -4662 7466 -3870 6866 -165
894 -2305 -4655 7468 -3873 6865 -168
895 -2308 -4658 7469 -3873 6864 -162
896 -2304 -4660 7466 -3875 6862 -165
897 -2303 -4660 7464 -3873 6858 -166
898 -2306 -4652 7469 -3869 6854 -165
899 -2306 -4658 7470 -3867 6857 -163
900 -2305 -4656 7465 -3870 6856 -166
901 -2305 -4655 7467 -3871 6860 -166
902 -2305 -4652 7470 -3873 6864 -161
903 -2306 -4657 7467 -3870 6862 -161
904 -2301 -4655 7463 -3869 6861 -163
905 -2305 -4654 7470 -3871 6861 -163
906 -2304 -4655 7463 -3870 6861 -162
907 -2307 -4656 7468 -3874 6859 -165
908 -2307 -4658 7468 -3870 6861 -163
909 -2305 -4656 7468 -3874 6860 -164
910 -2306 -4656 7467 -3871 6866 -165
911 -2306 -4651 7470 -3872 6862 -162
912 -2307 -4654 7473 -3870 6860 -162
913 -2305 -4656 7467 -3873 6860 -164
914 -2305 -4654 7469 -3870 6860 -164
915 -2307 -4651 7472 -3871 6864 -158
916 -2310 -4651 7471 -3872 6864 -160
917 -2309 -4656 7466 -3870 6862 -162
918 -2306 -4653 7469 -3871 6864 -164
919 -2305 -4650 7473 -3872 6856 -161
920 -2304 -4653 7468 -3870 6861 -160
921 -2303 -4650 7468 -3871 6861 -161
922 -2306 -4651 7470 -3872 6857 -162
923 -2306 -4648 7474 -3869 6862 -159
924 -2308 -4653 7471 -3869 6860 -159
925 -2305 -4651 7472 -3868 6861 -163
926 -2307 -4651 7468 -3870 6859 -162
927 -2304 -4651 7472 -3871 6858 -157
928 -2306 -4650 7471 -3871 6862 -160
929 -2308 -4650 7475 -3870 6862 -158
930 -2310 -4651 7472 -3871 6866 -159
931 -2309 -4651 7475 -3869 6862 -161
932 -2308 -4649 7469 -3869 6864 -159
933 -2307 -4646 7475 -3871 6864 -155
934 -2307 -4650 7474 -3871 6861 -158
935 -2305 -4649 7479 -3873 6859 -158
936 -2306 -4647 7474 -3871 6860 -160
937 -2307 -4646 7473 -3867 6864 -158
938 -2309 -4649 7476 -3869 6860 -159
939 -2311 -4646 7476 -3872 6860 -159
940 -2310 -4646 7476 -3872 6862 -156
941 -2309 -4648 7477 -3871 6863 -159
942 -2307 -4647 7476 -3870 6863 -157
943 -2309 -4646 7477 -3871 6864 -156
944 -2310 -4644 7474 -3867 6860 -155
945 -2307 -4647 7475 -3870 6859 -160
946 -2305 -4644 7475 -3869 6862 -156
947 -2308 -4646 7476 -3871 6861 -159
948 -2303 -4644 7478 -3868 6860 -156
949 -2309 -4645 7478 -3869 6861 -157
950 -2306 -4646 7477 -3870 6862 -156
951 -2313 -4645 7477 -3870 6863 -157
952 -2307 -4645 7478 -3871 6863 -157
953 -2308 -4646 7477 -3871 6862 -154
954 -2309 -4643 7480 -3870 6864 -156
955 -2308 -4642 7479 -3870 6863 -156
956 -2310 -4645 7477 -3871 6863 -154
957 -2311 -4643 7475 -3869 6861 -155
958 -2308 -4642 7477 -3870 6862 -155
959 -2310 -4642 7479 -3870 6864 -156
960 -2309 -4643 7480 -3873 6859 -156
961 -2309 -4640 7481 -3870 6863 -155
962 -2310 -4640 7480 -3871 6863 -156
963 -2310 -4641 7480 -3869 6862 -157
964 -2310 -4642 7478 -3870 6861 -154
965 -2309 -4641 7480 -3864 6863 -153
966 -2309 -4641 7483 -3869 6863 -152
967 -2307 -4640 7482 -3872 6863 -152
968 -2308 -4641 7484 -3868 6864 -152
969 -2310 -4639 7481 -3869 6865 -153
970 -2309 -4641 7484 -3871 6862 -151
971 -2306 -4637 7487 -3866 6861 -153
972 -2309 -4642 7483 -3873 6863 -152
973 -2307 -4637 7484 -3870 6864 -155
974 -2309 -4634 7488 -3869 6868 -151
975 -2313 -4638 7483 -3871 6865 -153
976 -2312 -4638 7479 -3871 6864 -153
977 -2311 -4637 7483 -3870 6864 -153
978 -2310 -4636 7484 -3868 6864 -152
979 -2309 -4636 7488 -3872 6867 -153
980 -2308 -4635 7483 -3870 6868 -153
981 -2313 -4636 7482 -3870 6866 -154
982 -2313 -4636 7482 -3870 6863 -151
983 -2313 -4638 7482 -3870 6864 -152
984 -2311 -4639 7485 -3868 6862 -153
985 -2312 -4635 7486 -3872 6863 -152
986 -2310 -4639 7488 -3872 6863 -151
987 -2313 -4637 7481 -3867 6864 -153
988 -2312 -4635 7483 -3872 6866 -150
989 -2313 -4634 7485 -3869 6866 -150
990 -2313 -4635 7486 -3868 6864 -150
991 -2311 -4633 7484 -3872 6867 -149
992 -2313 -4634 7485 -3871 6866 -153
993 -2312 -4635 7486 -3870 6866 -148
994 -2311 -4634 7486 -3870 6865 -150
995 -2313 -4634 7489 -3866 6865 -147
996 -2315 -4635 7486 -3868 6868 -151
997 -2313 -4633 7488 -3870 6866 -148
998 -2312 -4631 7487 -3871 6869 -148
999 -2310 -4631 7491 -3873 6868 -148
