0 1829 550 1049 -90 -1059 -212
1 1834 553 1043 -88 -1063 -210
2 1836 548 1043 -85 -1069 -212
3 1839 552 1043 -87 -1071 -209
4 1836 550 1041 -86 -1071 -211
5 1836 547 1044 -90 -1066 -211
6 1833 552 1041 -84 -1063 -210
7 1831 552 1044 -91 -1063 -211
8 1828 549 1043 -93 -1062 -212
9 1829 548 1045 -89 -1061 -214
10 1832 548 1044 -91 -1061 -213
11 1831 549 1043 -90 -1066 -213
12 1833 553 1047 -86 -1067 -212
13 1835 551 1041 -85 -1064 -212
14 1835 554 1044 -89 -1066 -212
15 1835 549 1041 -86 -1064 -208
16 1833 551 1044 -90 -1063 -211
17 1832 547 1048 -87 -1061 -212
18 1831 550 1045 -89 -1058 -210
19 1829 549 1044 -87 -1062 -208
20 1831 550 1042 -89 -1065 -209
21 1836 551 1044 -83 -1068 -209
22 1836 551 1043 -87 -1066 -212
23 1835 553 1041 -87 -1071 -215
24 1836 547 1040 -88 -1067 -214
25 1835 552 1043 -91 -1068 -210
26 1828 551 1042 -89 -1067 -211
27 1829 550 1044 -91 -1064 -213
28 1827 548 1041 -91 -1061 -213
29 1831 552 1044 -88 -1061 -210
30 1832 550 1044 -88 -1065 -209
31 1831 548 1045 -85 -1067 -212
32 1834 550 1042 -89 -1066 -209
33 1833 547 1043 -91 -1066 -210
34 1836 550 1041 -88 -1067 -213
35 1834 549 1045 -90 -1063 -211
36 1832 550 1043 -87 -1066 -210
37 1830 550 1045 -90 -1063 -211
38 1829 548 1042 -90 -1066 -213
39 1832 553 1044 -88 -1063 -212
40 1833 550 1042 -93 -1066 -212
41 1834 551 1046 -89 -1065 -208
42 1833 550 1044 -85 -1069 -213
43 1831 550 1041 -85 -1072 -212
44 1837 549 1044 -89 -1069 -214
45 1834 547 1043 -87 -1066 -210
46 1832 548 1044 -90 -1065 -211
47 1832 552 1040 -91 -1065 -211
48 1831 548 1043 -89 -1064 -210
49 1829 548 1041 -90 -1064 -214
50 1832 545 1039 -90 -1063 -210
51 1832 551 1046 -88 -1066 -211
52 1833 549 1043 -88 -1065 -210
53 1833 549 1040 -89 -1066 -214
54 1834 551 1042 -90 -1064 -213
55 1832 549 1043 -90 -1063 -214
56 1830 550 1042 -87 -1063 -215
57 1831 549 1046 -87 -1061 -210
58 1831 549 1044 -92 -1065 -209
59 1833 549 1043 -90 -1066 -211
60 1833 550 1042 -88 -1064 -210
61 1835 550 1043 -86 -1066 -209
62 1835 551 1045 -88 -1066 -209
63 1833 551 1044 -86 -1064 -210
64 1831 549 1045 -87 -1065 -210
65 1835 547 1041 -87 -1064 -209
66 1831 552 1042 -90 -1066 -212
67 1834 548 1043 -87 -1066 -212
68 1832 550 1043 -89 -1068 -214
69 1832 548 1042 -89 -1068 -213
70 1829 548 1044 -88 -1064 -212
71 1832 550 1044 -90 -1064 -212
72 1833 547 1044 -91 -1061 -212
73 1834 552 1043 -90 -1066 -212
74 1834 550 1043 -88 -1064 -213
75 1832 551 1043 -89 -1066 -213
76 1830 549 1044 -89 -1068 -212
77 1831 552 1045 -90 -1064 -211
78 1835 550 1041 -92 -1063 -210
79 1831 549 1047 -91 -1065 -212
80 1835 550 1045 -90 -1062 -213
81 1834 554 1041 -86 -1066 -210
82 1833 548 1045 -90 -1065 -210
83 1835 549 1043 -91 -1061 -211
84 1831 549 1046 -89 -1062 -209
85 1830 551 1045 -90 -1063 -212
86 1832 551 1043 -90 -1066 -209
87 1834 550 1040 -86 -1068 -211
88 1836 550 1041 -85 -1069 -211
89 1836 550 1045 -87 -1067 -211
90 1834 551 1045 -88 -1067 -211
91 1835 555 1043 -90 -1065 -206
92 1831 551 1043 -90 -1064 -207
93 1835 550 1045 -88 -1063 -210
94 1833 550 1045 -89 -1063 -211
95 1834 551 1048 -91 -1062 -211
96 1832 552 1043 -91 -1061 -211
97 1835 548 1043 -91 -1064 -210
98 1832 548 1043 -88 -1065 -211
99 1832 549 1043 -86 -1067 -209
100 1836 550 1043 -85 -1065 -213
101 1831 553 1042 -87 -1065 -211
102 1832 553 1044 -85 -1064 -209
103 1834 551 1046 -90 -1065 -209
104 1831 551 1043 -86 -1063 -209
105 1830 553 1046 -90 -1061 -212
106 1829 550 1045 -87 -1059 -213
107 1828 550 1044 -88 -1062 -214
108 1830 552 1042 -88 -1065 -211
109 1831 550 1044 -85 -1066 -210
110 1839 551 1042 -82 -1071 -212
111 1838 552 1045 -88 -1072 -210
112 1835 550 1042 -88 -1067 -206
113 1838 551 1044 -86 -1067 -209
114 1833 552 1044 -89 -1066 -214
115 1831 552 1046 -91 -1063 -211
116 1832 550 1045 -88 -1064 -211
117 1837 550 1044 -89 -1064 -208
118 1838 550 1047 -89 -1061 -210
119 1831 550 1042 -88 -1062 -210
120 1834 552 1043 -89 -1064 -212
121 1833 550 1044 -90 -1067 -210
122 1835 549 1040 -89 -1062 -211
123 1831 549 1042 -86 -1065 -214
124 1835 547 1043 -87 -1068 -209
125 1833 551 1042 -89 -1065 -209
126 1831 552 1045 -85 -1064 -213
127 1828 547 1044 -87 -1061 -214
128 1827 549 1048 -90 -1061 -214
129 1827 551 1042 -87 -1065 -210
130 1833 550 1044 -90 -1066 -211
131 1836 551 1041 -86 -1066 -211
132 1837 548 1046 -87 -1071 -210
133 1835 551 1042 -86 -1071 -212
134 1836 550 1046 -87 -1069 -211
135 1832 546 1042 -88 -1067 -213
136 1834 550 1041 -90 -1067 -208
137 1832 553 1044 -87 -1062 -208
138 1833 549 1043 -89 -1064 -207
139 1835 549 1046 -88 -1068 -211
140 1837 552 1042 -89 -1062 -213
141 1834 550 1046 -91 -1067 -211
142 1832 550 1046 -89 -1063 -210
143 1831 548 1045 -92 -1061 -211
144 1830 550 1047 -92 -1061 -212
145 1831 550 1044 -88 -1065 -211
146 1831 550 1045 -87 -1066 -211
147 1836 550 1043 -86 -1065 -212
148 1833 551 1045 -87 -1060 -211
149 1833 549 1046 -86 -1064 -210
150 1833 552 1042 -91 -1065 -213
151 1834 550 1047 -87 -1065 -211
152 1830 550 1044 -86 -1064 -208
153 1832 552 1045 -84 -1066 -211
154 1836 551 1048 -90 -1068 -210
155 1836 549 1045 -89 -1066 -211
156 1839 551 1043 -86 -1068 -209
157 1838 550 1044 -86 -1064 -208
158 1835 552 1043 -85 -1068 -209
159 1835 548 1043 -87 -1065 -211
160 1835 554 1042 -88 -1066 -210
161 1836 551 1045 -91 -1065 -209
162 1836 550 1044 -90 -1063 -209
163 1833 550 1044 -88 -1059 -209
164 1833 552 1046 -86 -1063 -210
165 1828 549 1047 -88 -1062 -208
166 1829 552 1049 -88 -1061 -211
167 1831 553 1045 -88 -1063 -212
168 1836 553 1042 -88 -1065 -212
169 1835 549 1044 -87 -1067 -210
170 1835 551 1044 -85 -1066 -211
171 1835 549 1045 -90 -1067 -214
172 1832 551 1043 -88 -1063 -211
173 1832 553 1046 -91 -1063 -210
174 1833 550 1044 -91 -1065 -213
175 1833 548 1041 -91 -1067 -212
176 1832 548 1044 -91 -1068 -213
177 1836 551 1042 -85 -1065 -208
178 1834 550 1042 -85 -1071 -215
179 1834 550 1041 -87 -1069 -213
180 1835 549 1041 -91 -1065 -211
181 1836 552 1044 -88 -1067 -213
182 1834 548 1048 -89 -1064 -213
183 1834 548 1045 -90 -1064 -215
184 1833 547 1043 -89 -1062 -211
185 1831 552 1043 -88 -1066 -212
186 1831 553 1045 -86 -1062 -213
187 1827 548 1045 -87 -1064 -212
188 1833 549 1045 -89 -1066 -215
189 1831 552 1045 -89 -1067 -209
190 1833 547 1042 -89 -1063 -211
191 1833 553 1045 -87 -1065 -210
192 1832 550 1045 -88 -1065 -210
193 1830 551 1045 -89 -1062 -208
194 1834 552 1045 -91 -1065 -211
195 1831 552 1042 -91 -1060 -212
196 1833 549 1042 -88 -1064 -210
197 1835 549 1044 -85 -1064 -210
198 1834 552 1045 -84 -1066 -212
199 1834 549 1045 -84 -1068 -213
200 1834 550 1044 -84 -1067 -208
201 1834 551 1045 -88 -1068 -210
202 1834 552 1043 -87 -1065 -207
203 1833 552 1045 -87 -1064 -211
204 1833 550 1043 -84 -1067 -211
205 1836 555 1044 -91 -1061 -212
206 1831 550 1044 -88 -1065 -210
207 1834 551 1044 -87 -1059 -211
208 1830 553 1045 -89 -1059 -213
209 1830 551 1045 -86 -1064 -209
210 1834 552 1047 -84 -1065 -209
211 1833 553 1044 -83 -1065 -208
212 1836 552 1045 -87 -1064 -208
213 1835 550 1046 -89 -1060 -210
214 1830 555 1048 -90 -1058 -209
215 1831 549 1045 -90 -1060 -212
216 1830 552 1044 -89 -1062 -211
217 1830 552 1043 -86 -1061 -212
218 1830 551 1045 -84 -1067 -213
219 1838 552 1043 -85 -1070 -212
220 1836 552 1045 -86 -1068 -210
221 1836 550 1045 -83 -1067 -208
222 1837 556 1047 -82 -1068 -208
223 1832 551 1046 -82 -1062 -207
224 1830 551 1044 -86 -1062 -211
225 1832 550 1046 -89 -1060 -212
226 1835 549 1044 -87 -1059 -206
227 1836 553 1045 -86 -1062 -210
228 1836 552 1045 -88 -1067 -212
229 1835 550 1043 -87 -1068 -207
230 1836 552 1042 -84 -1065 -212
231 1835 550 1043 -89 -1062 -209
232 1835 550 1042 -90 -1064 -211
233 1834 550 1045 -91 -1061 -210
234 1837 549 1044 -88 -1060 -210
235 1833 548 1046 -89 -1062 -212
236 1831 551 1044 -87 -1062 -211
237 1834 549 1044 -90 -1063 -209
238 1834 550 1042 -88 -1064 -209
239 1835 550 1046 -87 -1066 -213
240 1834 550 1041 -85 -1067 -212
241 1835 547 1042 -83 -1068 -213
242 1834 550 1045 -88 -1068 -210
243 1834 554 1043 -89 -1067 -209
244 1831 551 1044 -87 -1063 -208
245 1831 550 1045 -89 -1065 -210
246 1835 552 1044 -90 -1062 -210
247 1834 548 1044 -89 -1063 -211
248 1831 545 1044 -87 -1063 -212
249 1837 551 1046 -89 -1066 -211
250 1838 553 1045 -87 -1066 -208
251 1835 550 1045 -84 -1069 -210
252 1838 548 1045 -89 -1068 -212
253 1839 550 1044 -88 -1068 -208
254 1836 552 1040 -89 -1068 -214
255 1833 552 1044 -87 -1062 -208
256 1833 550 1042 -90 -1061 -209
257 1827 550 1046 -89 -1058 -211
258 1832 551 1046 -90 -1058 -208
259 1832 547 1045 -91 -1059 -211
260 1831 549 1044 -88 -1063 -211
261 1832 547 1048 -86 -1069 -210
262 1835 549 1044 -86 -1067 -212
263 1834 552 1041 -84 -1065 -212
264 1838 549 1043 -89 -1067 -211
265 1835 550 1041 -86 -1066 -213
266 1835 553 1044 -85 -1066 -208
267 1832 554 1044 -90 -1067 -210
268 1833 552 1041 -90 -1062 -211
269 1833 551 1044 -88 -1062 -209
270 1831 549 1047 -91 -1059 -212
271 1833 551 1046 -90 -1064 -213
272 1833 552 1044 -91 -1070 -211
273 1833 547 1044 -83 -1065 -208
274 1836 550 1045 -91 -1071 -211
275 1835 549 1039 -86 -1067 -208
276 1836 551 1046 -87 -1068 -212
277 1833 548 1041 -91 -1066 -209
278 1834 550 1042 -91 -1066 -213
279 1829 549 1045 -92 -1060 -212
280 1829 549 1046 -92 -1059 -212
281 1830 548 1042 -89 -1058 -214
282 1832 550 1045 -88 -1062 -208
283 1833 551 1045 -85 -1066 -207
284 1834 551 1047 -89 -1067 -210
285 1838 554 1044 -88 -1069 -211
286 1837 551 1043 -84 -1070 -209
287 1838 552 1045 -89 -1067 -211
288 1837 550 1045 -88 -1065 -211
289 1827 550 1044 -88 -1063 -212
290 1831 551 1043 -88 -1059 -211
291 1830 552 1044 -92 -1062 -210
292 1832 550 1045 -87 -1062 -210
293 1828 548 1044 -88 -1065 -212
294 1831 550 1041 -86 -1068 -212
295 1835 551 1042 -86 -1070 -212
296 1836 551 1041 -87 -1070 -211
297 1836 551 1041 -84 -1069 -211
298 1835 549 1045 -83 -1069 -216
299 1833 549 1043 -87 -1064 -213
300 1831 549 1046 -90 -1059 -213
301 1830 549 1046 -90 -1057 -213
302 1826 550 1045 -92 -1059 -214
303 1832 549 1045 -89 -1062 -208
304 1831 548 1043 -86 -1064 -211
305 1832 548 1043 -89 -1065 -210
306 1835 551 1040 -87 -1068 -209
307 1834 548 1043 -84 -1072 -213
308 1836 551 1045 -87 -1066 -210
309 1835 551 1043 -90 -1067 -210
310 1832 549 1045 -91 -1064 -211
311 1830 550 1044 -92 -1064 -214
312 1832 547 1042 -90 -1066 -210
313 1828 548 1046 -90 -1063 -210
314 1832 550 1043 -91 -1060 -211
315 1829 551 1044 -89 -1064 -211
316 1832 549 1043 -85 -1063 -210
317 1836 552 1046 -88 -1064 -209
318 1834 552 1043 -87 -1067 -210
319 1839 550 1042 -87 -1069 -212
320 1836 550 1043 -89 -1071 -210
321 1835 549 1043 -88 -1067 -209
322 1831 547 1041 -91 -1066 -212
323 1833 552 1043 -90 -1063 -212
324 1831 550 1043 -90 -1063 -210
325 1831 548 1045 -89 -1064 -209
326 1834 548 1041 -90 -1065 -210
327 1833 550 1042 -89 -1068 -213
328 1834 551 1044 -88 -1067 -211
329 1835 548 1043 -88 -1069 -215
330 1835 546 1043 -89 -1068 -214
331 1835 547 1043 -90 -1066 -211
332 1832 551 1042 -88 -1065 -211
333 1834 554 1045 -88 -1062 -209
334 1832 552 1045 -91 -1064 -212
335 1834 548 1042 -91 -1063 -212
336 1831 550 1042 -90 -1062 -211
337 1830 551 1045 -90 -1063 -211
338 1832 548 1043 -86 -1065 -211
339 1830 548 1042 -88 -1067 -209
340 1835 552 1045 -85 -1069 -211
341 1835 554 1045 -88 -1070 -210
342 1836 553 1046 -88 -1069 -208
343 1837 548 1045 -91 -1068 -211
344 1834 549 1042 -89 -1059 -208
345 1833 550 1045 -90 -1060 -211
346 1831 549 1045 -91 -1060 -207
347 1831 552 1043 -86 -1062 -209
348 1832 550 1044 -89 -1062 -212
349 1834 549 1044 -86 -1065 -210
350 1836 551 1043 -84 -1068 -207
351 1834 551 1044 -88 -1067 -215
352 1834 550 1045 -86 -1065 -210
353 1830 553 1043 -89 -1064 -212
354 1830 551 1044 -87 -1064 -210
355 1829 553 1043 -89 -1059 -211
356 1832 551 1045 -93 -1062 -212
357 1831 551 1046 -93 -1062 -211
358 1831 550 1046 -87 -1064 -213
359 1834 549 1044 -87 -1066 -210
360 1829 549 1042 -89 -1066 -210
361 1836 550 1044 -89 -1065 -210
362 1835 552 1045 -87 -1068 -211
363 1836 549 1042 -88 -1070 -208
364 1835 548 1040 -87 -1067 -216
365 1837 553 1040 -86 -1067 -211
366 1828 549 1046 -89 -1065 -210
367 1831 552 1046 -91 -1063 -211
368 1830 552 1043 -90 -1061 -212
369 1834 552 1044 -90 -1064 -211
370 1834 552 1046 -85 -1068 -212
371 1832 549 1040 -83 -1069 -211
372 1835 553 1041 -84 -1067 -212
373 1831 551 1041 -87 -1062 -210
374 1834 553 1047 -88 -1062 -212
375 1831 549 1045 -87 -1060 -211
376 1827 549 1043 -90 -1059 -211
377 1830 551 1047 -89 -1061 -212
378 1828 552 1042 -87 -1065 -210
379 1833 550 1045 -90 -1062 -211
380 1833 549 1044 -87 -1065 -212
381 1832 549 1043 -86 -1067 -208
382 1837 550 1042 -87 -1065 -209
383 1833 550 1042 -88 -1067 -213
384 1835 554 1045 -88 -1065 -214
385 1835 550 1041 -90 -1066 -210
386 1832 551 1043 -90 -1063 -211
387 1833 550 1047 -88 -1063 -211
388 1833 551 1044 -90 -1064 -212
389 1830 548 1043 -88 -1062 -211
390 1831 549 1046 -90 -1064 -211
391 1832 551 1046 -87 -1065 -211
392 1831 549 1047 -85 -1069 -210
393 1838 550 1046 -85 -1069 -213
394 1834 549 1041 -85 -1069 -212
395 1832 549 1045 -87 -1069 -210
396 1834 550 1044 -88 -1063 -211
397 1830 553 1047 -88 -1060 -212
398 1830 553 1049 -89 -1060 -212
399 1831 551 1050 -89 -1060 -209
400 1831 551 1045 -91 -1063 -213
401 1832 551 1044 -89 -1062 -210
402 1834 551 1046 -86 -1065 -210
403 1835 548 1044 -86 -1067 -212
404 1835 549 1043 -88 -1068 -211
405 1834 550 1042 -87 -1068 -210
406 1836 552 1043 -88 -1068 -210
407 1840 552 1045 -88 -1066 -212
408 1838 549 1043 -90 -1063 -211
409 1834 554 1043 -90 -1063 -212
410 1835 551 1047 -90 -1062 -210
411 1829 548 1042 -90 -1066 -214
412 1829 549 1045 -91 -1066 -215
413 1826 551 1044 -88 -1062 -208
414 1830 550 1042 -89 -1064 -211
415 1832 551 1042 -88 -1067 -210
416 1833 549 1043 -89 -1069 -217
417 1835 551 1041 -88 -1066 -209
418 1836 552 1048 -90 -1064 -211
419 1830 550 1046 -88 -1061 -213
420 1835 550 1044 -92 -1060 -214
421 1830 550 1045 -90 -1060 -211
422 1834 553 1045 -90 -1062 -211
423 1833 551 1041 -92 -1062 -214
424 1835 553 1039 -91 -1067 -210
425 1836 551 1043 -87 -1072 -209
426 1837 549 1044 -89 -1072 -210
427 1838 549 1041 -83 -1069 -209
428 1840 549 1040 -83 -1067 -208
429 1835 552 1044 -85 -1073 -211
430 1834 551 1041 -85 -1064 -213
431 1829 548 1042 -89 -1061 -213
432 1827 549 1045 -91 -1059 -213
433 1827 549 1043 -91 -1058 -213
434 1827 552 1044 -91 -1058 -213
435 1829 552 1047 -86 -1065 -213
436 1833 550 1048 -87 -1065 -212
437 1836 550 1043 -86 -1067 -209
438 1833 551 1044 -86 -1066 -210
439 1840 552 1044 -88 -1067 -213
440 1834 548 1041 -87 -1063 -210
441 1834 552 1046 -90 -1062 -210
442 1832 551 1046 -90 -1064 -211
443 1836 550 1046 -91 -1060 -211
444 1832 552 1048 -92 -1058 -206
445 1835 549 1048 -92 -1062 -210
446 1833 548 1045 -88 -1061 -211
447 1832 552 1045 -88 -1062 -210
448 1832 551 1045 -84 -1069 -212
449 1831 548 1043 -86 -1070 -216
450 1837 549 1041 -79 -1071 -210
451 1839 551 1042 -83 -1070 -215
452 1834 553 1042 -83 -1069 -209
453 1834 550 1043 -88 -1066 -213
454 1832 549 1044 -92 -1059 -210
455 1824 549 1044 -90 -1055 -210
456 1825 553 1047 -89 -1050 -210
457 1826 550 1044 -87 -1062 -209
458 1832 551 1044 -86 -1065 -209
459 1837 553 1045 -85 -1071 -210
460 1839 550 1042 -83 -1072 -212
461 1838 552 1043 -87 -1073 -211
462 1836 550 1041 -88 -1069 -212
463 1831 548 1044 -88 -1063 -208
464 1831 549 1043 -91 -1061 -211
465 1830 546 1043 -91 -1061 -213
466 1832 548 1045 -91 -1060 -213
467 1832 551 1046 -89 -1062 -210
468 1832 547 1044 -88 -1065 -214
469 1834 552 1044 -85 -1068 -212
470 1835 551 1042 -84 -1069 -211
471 1839 552 1041 -84 -1076 -212
472 1840 549 1042 -88 -1072 -212
473 1838 548 1042 -86 -1072 -211
474 1835 548 1044 -89 -1064 -212
475 1834 550 1045 -90 -1062 -212
476 1829 550 1047 -90 -1057 -214
477 1825 548 1042 -91 -1058 -214
478 1824 552 1045 -89 -1059 -214
479 1827 550 1045 -92 -1064 -207
480 1831 551 1047 -88 -1067 -213
481 1839 552 1044 -83 -1072 -211
482 1837 547 1045 -83 -1069 -213
483 1837 552 1040 -87 -1071 -208
484 1838 547 1044 -89 -1070 -210
485 1832 550 1042 -91 -1064 -212
486 1832 548 1047 -91 -1058 -212
487 1832 551 1045 -95 -1058 -210
488 1828 550 1042 -92 -1058 -212
489 1835 550 1044 -91 -1066 -210
490 1836 551 1045 -90 -1069 -212
491 1838 552 1040 -86 -1071 -209
492 1837 552 1042 -87 -1071 -208
493 1838 548 1041 -86 -1068 -208
494 1836 549 1040 -86 -1069 -215
495 1830 549 1045 -88 -1065 -211
496 1827 550 1045 -85 -1062 -213
497 1830 552 1046 -88 -1058 -211
498 1830 555 1046 -93 -1059 -212
499 1829 549 1044 -92 -1060 -211
500 1829 552 1043 -89 -1063 -212
501 1833 553 1046 -87 -1069 -210
502 1833 549 1044 -85 -1065 -209
503 1831 550 1042 -86 -1066 -209
504 1838 549 1045 -89 -1068 -207
505 1838 549 1043 -89 -1065 -205
506 1837 547 1044 -91 -1064 -210
507 1835 553 1042 -93 -1063 -208
508 1830 547 1044 -90 -1060 -209
509 1832 553 1046 -89 -1061 -210
510 1833 550 1045 -87 -1063 -210
511 1836 549 1043 -87 -1070 -212
512 1837 550 1044 -90 -1069 -207
513 1835 552 1041 -84 -1066 -213
514 1834 549 1042 -86 -1070 -210
515 1835 552 1043 -89 -1066 -212
516 1828 549 1043 -91 -1062 -211
517 1830 550 1043 -90 -1061 -209
518 1830 552 1045 -89 -1061 -210
519 1830 547 1044 -89 -1060 -211
520 1831 552 1046 -86 -1066 -209
521 1833 553 1043 -87 -1068 -214
522 1833 549 1043 -87 -1065 -211
523 1830 549 1043 -89 -1060 -209
524 1830 550 1044 -93 -1056 -210
525 1829 553 1046 -91 -1059 -212
526 1832 549 1047 -89 -1062 -215
527 1832 553 1045 -86 -1062 -210
528 1832 550 1048 -86 -1066 -211
529 1837 553 1042 -83 -1071 -211
530 1837 551 1044 -82 -1075 -212
531 1839 553 1043 -86 -1073 -209
532 1839 552 1043 -85 -1074 -211
533 1832 554 1042 -86 -1069 -211
534 1831 549 1043 -88 -1063 -210
535 1830 548 1043 -89 -1062 -212
536 1832 551 1044 -92 -1057 -211
537 1833 551 1047 -89 -1062 -210
538 1836 552 1046 -85 -1060 -212
539 1833 550 1044 -85 -1066 -213
540 1837 556 1046 -81 -1068 -206
541 1835 555 1044 -79 -1069 -210
542 1837 548 1044 -84 -1065 -211
543 1839 550 1045 -88 -1065 -212
544 1832 550 1047 -91 -1058 -208
545 1830 551 1047 -95 -1051 -212
546 1824 550 1045 -91 -1053 -213
547 1824 548 1045 -92 -1057 -212
548 1828 547 1044 -85 -1061 -210
549 1833 550 1046 -86 -1072 -212
550 1837 548 1044 -82 -1073 -212
551 1844 553 1044 -83 -1078 -212
552 1840 553 1041 -84 -1072 -212
553 1836 554 1042 -89 -1068 -211
554 1832 551 1045 -88 -1064 -208
555 1829 547 1042 -90 -1059 -214
556 1827 551 1046 -94 -1055 -212
557 1831 550 1045 -90 -1058 -208
558 1832 549 1049 -87 -1067 -210
559 1833 549 1049 -84 -1069 -212
560 1834 551 1040 -85 -1072 -211
561 1835 551 1043 -84 -1072 -210
562 1834 552 1043 -88 -1069 -209
563 1837 550 1042 -91 -1069 -211
564 1832 551 1042 -92 -1062 -211
565 1832 547 1042 -91 -1062 -209
566 1829 550 1042 -92 -1059 -212
567 1827 548 1045 -92 -1060 -212
568 1827 547 1043 -95 -1061 -212
569 1831 551 1043 -93 -1064 -212
570 1834 550 1039 -87 -1070 -208
571 1835 553 1047 -87 -1071 -211
572 1832 552 1041 -87 -1069 -211
573 1838 549 1043 -87 -1070 -212
574 1834 550 1043 -91 -1066 -213
575 1833 551 1042 -91 -1064 -212
576 1836 549 1041 -94 -1060 -209
577 1834 549 1045 -91 -1061 -209
578 1830 553 1044 -90 -1064 -210
579 1828 552 1043 -86 -1063 -212
580 1834 553 1044 -86 -1062 -210
581 1835 555 1046 -91 -1066 -207
582 1834 550 1043 -86 -1066 -211
583 1835 551 1042 -87 -1072 -210
584 1834 550 1042 -84 -1076 -208
585 1835 555 1041 -82 -1072 -211
586 1835 547 1039 -85 -1068 -211
587 1833 549 1038 -89 -1066 -213
588 1833 549 1043 -89 -1065 -210
589 1834 550 1048 -89 -1061 -212
590 1829 548 1044 -92 -1061 -214
591 1827 546 1045 -93 -1059 -212
592 1828 550 1047 -93 -1058 -209
593 1830 546 1046 -96 -1058 -210
594 1834 548 1042 -91 -1066 -212
595 1836 544 1042 -90 -1070 -212
596 1841 548 1039 -87 -1072 -208
597 1839 551 1044 -87 -1076 -211
598 1839 552 1043 -83 -1071 -210
599 1837 549 1039 -84 -1068 -212
600 1829 552 1043 -88 -1065 -210
601 1827 551 1049 -92 -1053 -210
602 1815 547 1050 -97 -1050 -215
603 1819 546 1046 -97 -1047 -218
604 1815 549 1046 -92 -1056 -215
605 1822 551 1043 -81 -1069 -215
606 1839 551 1040 -76 -1084 -209
607 1847 553 1040 -75 -1097 -212
608 1852 551 1035 -75 -1096 -212
609 1853 552 1037 -84 -1083 -211
610 1845 552 1046 -92 -1061 -208
611 1831 550 1046 -100 -1045 -210
612 1821 549 1049 -105 -1035 -213
613 1821 546 1048 -106 -1038 -208
614 1825 547 1047 -100 -1049 -212
615 1835 549 1046 -89 -1069 -210
616 1848 553 1046 -83 -1089 -211
617 1851 550 1038 -75 -1096 -211
618 1850 555 1039 -73 -1094 -212
619 1843 555 1038 -80 -1078 -211
620 1827 552 1042 -90 -1056 -216
621 1817 552 1046 -97 -1042 -214
622 1806 551 1052 -101 -1029 -216
623 1804 549 1055 -103 -1030 -214
624 1805 548 1052 -93 -1039 -216
625 1818 547 1047 -86 -1059 -212
626 1830 551 1045 -78 -1080 -209
627 1845 554 1038 -71 -1094 -208
628 1856 554 1039 -70 -1099 -208
629 1860 553 1037 -73 -1095 -207
630 1852 549 1038 -80 -1082 -207
631 1843 550 1042 -92 -1063 -210
632 1832 548 1040 -103 -1046 -208
633 1823 544 1045 -106 -1038 -208
634 1820 549 1050 -102 -1041 -212
635 1824 549 1047 -92 -1059 -211
636 1830 547 1043 -79 -1077 -212
637 1840 550 1042 -73 -1092 -211
638 1847 551 1040 -74 -1094 -211
639 1846 550 1040 -78 -1084 -211
640 1844 552 1041 -89 -1068 -208
641 1833 550 1045 -91 -1046 -211
642 1818 546 1048 -98 -1037 -212
643 1813 550 1048 -99 -1033 -214
644 1817 547 1049 -95 -1044 -210
645 1821 549 1049 -90 -1053 -208
646 1833 551 1048 -87 -1068 -212
647 1841 552 1041 -80 -1082 -210
648 1844 550 1042 -79 -1082 -208
649 1839 551 1042 -81 -1074 -207
650 1836 549 1043 -85 -1066 -209
651 1832 552 1045 -88 -1063 -210
652 1834 550 1047 -86 -1062 -210
653 1834 553 1043 -90 -1064 -212
654 1835 551 1048 -91 -1066 -208
655 1837 551 1044 -87 -1066 -213
656 1832 550 1044 -86 -1064 -210
657 1830 549 1042 -87 -1063 -208
658 1832 552 1046 -88 -1066 -208
659 1835 548 1046 -87 -1062 -208
660 1833 550 1042 -90 -1069 -215
661 1835 552 1043 -91 -1066 -212
662 1833 551 1042 -89 -1064 -208
663 1835 549 1048 -90 -1062 -210
664 1832 552 1043 -88 -1060 -211
665 1831 552 1044 -87 -1063 -212
666 1831 548 1045 -86 -1062 -211
667 1832 551 1046 -89 -1070 -211
668 1835 550 1046 -88 -1067 -210
669 1837 550 1041 -88 -1069 -211
670 1834 547 1043 -89 -1065 -211
671 1834 549 1045 -90 -1065 -213
672 1833 548 1045 -88 -1065 -208
673 1833 551 1043 -89 -1063 -210
674 1833 553 1041 -87 -1060 -212
675 1834 550 1046 -90 -1063 -211
676 1835 552 1046 -86 -1063 -212
677 1834 547 1042 -85 -1067 -213
678 1834 551 1042 -85 -1066 -213
679 1832 550 1045 -89 -1064 -211
680 1832 549 1045 -90 -1061 -212
681 1832 548 1044 -90 -1063 -213
682 1833 551 1041 -89 -1061 -209
683 1830 550 1045 -89 -1064 -211
684 1832 553 1042 -88 -1064 -213
685 1831 550 1045 -92 -1065 -211
686 1832 547 1043 -87 -1065 -210
687 1832 551 1043 -86 -1066 -209
688 1832 551 1044 -87 -1067 -211
689 1836 551 1043 -84 -1065 -210
690 1832 551 1045 -85 -1063 -209
691 1832 550 1044 -89 -1066 -212
692 1833 552 1044 -85 -1066 -211
693 1833 550 1042 -86 -1064 -213
694 1832 550 1043 -88 -1065 -211
695 1835 551 1044 -88 -1065 -210
696 1835 551 1041 -88 -1068 -207
697 1831 552 1042 -88 -1066 -210
698 1834 549 1046 -86 -1064 -209
699 1835 551 1044 -90 -1060 -207
700 1833 552 1043 -85 -1061 -210
701 1832 548 1044 -88 -1061 -210
702 1831 552 1041 -89 -1063 -212
703 1832 553 1045 -89 -1064 -213
704 1833 550 1041 -92 -1064 -210
705 1832 549 1044 -87 -1064 -211
706 1836 550 1044 -85 -1064 -210
707 1832 552 1041 -86 -1064 -209
708 1833 553 1042 -87 -1064 -210
709 1830 552 1044 -85 -1065 -210
710 1830 550 1044 -88 -1066 -210
711 1836 550 1044 -87 -1066 -209
712 1834 550 1046 -90 -1062 -207
713 1833 554 1043 -90 -1061 -208
714 1833 553 1045 -83 -1063 -210
715 1838 551 1046 -86 -1064 -210
716 1834 549 1044 -85 -1070 -213
717 1834 552 1041 -84 -1069 -208
718 1838 550 1042 -85 -1067 -208
719 1833 550 1044 -89 -1065 -207
720 1832 554 1041 -85 -1062 -210
721 1829 549 1047 -87 -1063 -211
722 1828 549 1045 -87 -1058 -213
723 1830 552 1044 -87 -1061 -209
724 1832 552 1045 -88 -1064 -208
725 1833 552 1043 -89 -1065 -211
726 1836 550 1043 -86 -1065 -211
727 1833 551 1045 -90 -1064 -210
728 1834 551 1042 -89 -1063 -211
729 1834 554 1045 -86 -1062 -208
730 1832 547 1043 -88 -1064 -211
731 1834 552 1042 -89 -1067 -211
732 1834 551 1044 -92 -1068 -210
733 1836 549 1045 -86 -1067 -210
734 1831 550 1043 -86 -1065 -214
735 1831 550 1042 -89 -1066 -214
736 1830 552 1048 -88 -1064 -212
737 1832 553 1044 -89 -1067 -206
738 1834 553 1043 -86 -1067 -210
739 1837 549 1043 -88 -1068 -210
740 1836 551 1045 -86 -1066 -211
741 1833 552 1044 -88 -1063 -210
742 1834 553 1042 -91 -1062 -210
743 1831 551 1042 -89 -1062 -212
744 1831 551 1044 -91 -1063 -210
745 1835 553 1045 -88 -1065 -210
746 1834 550 1043 -88 -1066 -211
747 1840 549 1043 -88 -1070 -211
748 1835 547 1043 -87 -1070 -208
749 1834 552 1046 -87 -1064 -209
750 1833 549 1044 -89 -1061 -214
751 1832 552 1043 -96 -1060 -213
752 1830 547 1044 -92 -1059 -212
753 1833 550 1045 -91 -1062 -208
754 1835 550 1044 -90 -1064 -214
755 1836 549 1042 -87 -1067 -210
756 1840 549 1043 -86 -1068 -208
757 1834 552 1043 -85 -1070 -210
758 1834 549 1041 -87 -1070 -210
759 1832 551 1045 -87 -1066 -209
760 1832 547 1045 -90 -1060 -209
761 1833 550 1043 -90 -1060 -211
762 1831 549 1045 -88 -1064 -211
763 1829 548 1041 -90 -1064 -214
764 1832 549 1045 -86 -1066 -210
765 1832 552 1042 -87 -1070 -213
766 1835 551 1043 -84 -1068 -212
767 1840 549 1042 -85 -1067 -215
768 1838 551 1044 -85 -1069 -211
769 1837 552 1044 -90 -1067 -210
770 1833 552 1043 -88 -1064 -213
771 1830 548 1042 -90 -1060 -211
772 1829 549 1045 -93 -1057 -210
773 1830 551 1046 -93 -1055 -210
774 1831 550 1044 -89 -1061 -210
775 1836 552 1044 -84 -1066 -214
776 1834 552 1044 -82 -1069 -211
777 1834 550 1045 -84 -1069 -208
778 1835 553 1042 -85 -1068 -212
779 1839 550 1042 -85 -1069 -214
780 1835 552 1041 -86 -1065 -212
781 1836 554 1044 -86 -1062 -209
782 1827 552 1046 -88 -1061 -210
783 1834 550 1046 -92 -1058 -213
784 1827 550 1042 -90 -1056 -210
785 1830 552 1044 -89 -1060 -212
786 1835 554 1047 -83 -1066 -210
787 1838 551 1042 -83 -1072 -211
788 1839 552 1043 -80 -1072 -213
789 1838 550 1044 -85 -1070 -206
790 1835 551 1044 -87 -1065 -209
791 1836 551 1041 -90 -1060 -210
792 1830 547 1042 -92 -1061 -214
793 1830 552 1045 -90 -1059 -211
794 1825 550 1047 -87 -1060 -210
795 1832 549 1043 -90 -1060 -214
796 1833 546 1042 -90 -1064 -209
797 1835 552 1044 -87 -1067 -210
798 1832 550 1041 -89 -1071 -213
799 1836 553 1042 -86 -1070 -212
800 1834 553 1042 -86 -1070 -210
801 1833 550 1046 -91 -1063 -208
802 1831 552 1046 -87 -1061 -209
803 1834 549 1044 -86 -1064 -211
804 1834 548 1041 -90 -1067 -210
805 1833 551 1043 -89 -1067 -209
806 1831 548 1045 -87 -1063 -212
807 1830 552 1046 -86 -1065 -208
808 1830 550 1046 -88 -1065 -211
809 1836 551 1045 -86 -1067 -206
810 1838 553 1046 -84 -1068 -211
811 1840 552 1044 -86 -1070 -211
812 1834 549 1041 -88 -1071 -213
813 1835 551 1045 -87 -1066 -208
814 1832 552 1046 -87 -1062 -213
815 1829 551 1045 -88 -1059 -211
816 1831 551 1045 -89 -1061 -210
817 1830 552 1046 -89 -1061 -209
818 1831 550 1047 -87 -1063 -210
819 1831 550 1041 -89 -1068 -213
820 1835 550 1043 -88 -1068 -212
821 1835 552 1043 -89 -1064 -206
822 1832 551 1045 -92 -1067 -213
823 1832 549 1043 -85 -1065 -210
824 1835 551 1044 -87 -1066 -211
825 1831 549 1040 -90 -1063 -209
826 1832 552 1045 -90 -1066 -211
827 1832 547 1043 -88 -1064 -214
828 1833 551 1045 -93 -1066 -213
829 1832 549 1044 -87 -1065 -211
830 1837 551 1046 -88 -1065 -211
831 1832 550 1046 -91 -1063 -212
832 1833 552 1042 -86 -1063 -213
833 1831 548 1045 -85 -1067 -207
834 1836 555 1047 -87 -1068 -210
835 1836 550 1043 -89 -1066 -211
836 1836 550 1042 -87 -1068 -210
837 1837 549 1043 -90 -1068 -208
838 1833 552 1045 -88 -1062 -212
839 1830 546 1046 -90 -1060 -214
840 1829 547 1043 -92 -1060 -214
841 1834 549 1043 -90 -1060 -208
842 1835 552 1046 -92 -1061 -208
843 1831 551 1042 -87 -1064 -213
844 1834 548 1041 -86 -1068 -213
845 1836 551 1043 -86 -1067 -212
846 1833 551 1045 -87 -1066 -209
847 1834 549 1043 -89 -1066 -214
848 1833 548 1041 -91 -1067 -216
849 1833 547 1044 -90 -1064 -210
850 1836 553 1046 -91 -1066 -207
851 1835 549 1041 -89 -1062 -212
852 1831 550 1042 -91 -1064 -213
853 1833 552 1044 -89 -1066 -210
854 1835 554 1045 -86 -1068 -209
855 1834 550 1042 -86 -1068 -212
856 1835 548 1044 -85 -1068 -215
857 1834 549 1043 -88 -1068 -208
858 1833 551 1044 -90 -1063 -209
859 1833 553 1046 -86 -1060 -207
860 1829 549 1045 -90 -1062 -212
861 1828 547 1040 -88 -1064 -210
862 1832 552 1046 -86 -1065 -208
863 1832 550 1045 -87 -1064 -213
864 1833 550 1043 -89 -1065 -214
865 1832 548 1044 -91 -1064 -209
866 1833 552 1047 -89 -1065 -209
867 1834 548 1042 -86 -1066 -211
868 1831 547 1043 -85 -1067 -211
869 1837 548 1040 -89 -1068 -209
870 1835 552 1043 -89 -1068 -208
871 1834 548 1043 -91 -1067 -213
872 1833 549 1039 -91 -1067 -213
873 1828 551 1044 -87 -1061 -212
874 1830 552 1045 -89 -1064 -207
875 1827 550 1045 -86 -1066 -212
876 1834 549 1043 -85 -1067 -214
877 1835 549 1042 -89 -1067 -211
878 1834 551 1046 -89 -1068 -211
879 1835 551 1044 -86 -1067 -208
880 1835 550 1042 -88 -1061 -214
881 1832 546 1039 -87 -1063 -213
882 1830 553 1046 -89 -1064 -213
883 1828 553 1043 -88 -1061 -210
884 1831 549 1045 -87 -1061 -210
885 1833 551 1040 -89 -1060 -211
886 1832 554 1044 -91 -1065 -210
887 1832 553 1043 -88 -1064 -209
888 1831 547 1042 -87 -1064 -215
889 1831 551 1042 -89 -1066 -211
890 1833 550 1042 -87 -1066 -209
891 1836 551 1042 -88 -1067 -209
892 1834 551 1045 -88 -1068 -210
893 1836 552 1043 -87 -1067 -210
894 1833 554 1043 -89 -1065 -210
895 1833 552 1047 -91 -1064 -208
896 1831 552 1045 -90 -1064 -210
897 1834 548 1041 -92 -1066 -212
898 1836 550 1044 -88 -1068 -209
899 1835 550 1049 -89 -1070 -209
900 1835 552 1043 -87 -1068 -213
901 1835 548 1041 -88 -1066 -214
902 1831 548 1040 -93 -1067 -213
903 1832 550 1044 -90 -1062 -207
904 1833 552 1045 -89 -1063 -211
905 1831 549 1042 -92 -1063 -211
906 1833 546 1045 -92 -1063 -212
907 1832 550 1042 -89 -1066 -209
908 1832 552 1045 -90 -1064 -210
909 1832 550 1042 -91 -1067 -213
910 1834 548 1043 -92 -1066 -211
911 1832 549 1043 -89 -1066 -210
912 1833 549 1042 -86 -1067 -213
913 1833 548 1041 -87 -1071 -213
914 1837 553 1043 -89 -1066 -212
915 1836 553 1048 -88 -1066 -210
916 1833 551 1045 -90 -1068 -212
917 1831 547 1039 -89 -1065 -215
918 1831 547 1041 -86 -1067 -210
919 1831 549 1046 -90 -1065 -208
920 1831 547 1042 -91 -1066 -210
921 1834 549 1040 -90 -1066 -214
922 1834 547 1038 -89 -1065 -211
923 1832 554 1047 -88 -1064 -210
924 1832 552 1045 -89 -1063 -210
925 1834 546 1042 -88 -1065 -212
926 1833 550 1042 -88 -1067 -209
927 1835 555 1044 -86 -1066 -207
928 1833 552 1049 -91 -1065 -211
929 1835 547 1042 -91 -1067 -216
930 1830 544 1041 -88 -1066 -212
931 1831 552 1043 -88 -1062 -208
932 1828 551 1048 -89 -1060 -213
933 1828 546 1044 -90 -1063 -210
934 1833 548 1042 -87 -1065 -210
935 1836 550 1044 -90 -1067 -212
936 1835 554 1044 -88 -1064 -208
937 1835 549 1040 -86 -1069 -216
938 1834 546 1039 -85 -1065 -213
939 1832 554 1044 -90 -1064 -206
940 1829 553 1047 -90 -1060 -211
941 1834 553 1043 -89 -1062 -214
942 1832 547 1040 -90 -1066 -214
943 1832 551 1042 -86 -1066 -209
944 1833 554 1045 -90 -1066 -209
945 1829 551 1043 -88 -1065 -215
946 1832 548 1041 -88 -1066 -211
947 1831 551 1042 -87 -1062 -210
948 1836 553 1047 -87 -1066 -209
949 1832 550 1045 -84 -1065 -213
950 1834 549 1042 -86 -1065 -213
951 1831 550 1040 -89 -1063 -211
952 1834 552 1045 -87 -1063 -208
953 1828 551 1046 -88 -1067 -215
954 1831 546 1042 -86 -1065 -212
955 1832 550 1042 -86 -1066 -209
956 1833 553 1045 -89 -1063 -208
957 1834 555 1044 -92 -1069 -216
958 1830 549 1038 -86 -1066 -212
959 1834 548 1042 -86 -1066 -207
960 1834 551 1048 -88 -1062 -212
961 1831 552 1048 -86 -1066 -212
962 1830 550 1045 -87 -1067 -214
963 1836 551 1040 -87 -1063 -211
964 1834 553 1046 -89 -1061 -206
965 1830 554 1047 -87 -1062 -212
966 1830 548 1041 -85 -1064 -216
967 1833 547 1040 -87 -1062 -212
968 1831 554 1048 -87 -1062 -207
969 1831 550 1045 -84 -1065 -210
970 1833 550 1043 -84 -1071 -215
971 1837 547 1038 -85 -1069 -210
972 1836 553 1046 -89 -1061 -208
973 1834 553 1048 -88 -1064 -214
974 1831 550 1044 -87 -1063 -213
975 1833 549 1040 -86 -1061 -214
976 1833 552 1048 -87 -1061 -209
977 1832 554 1050 -90 -1065 -207
978 1832 549 1044 -87 -1070 -213
979 1835 545 1043 -87 -1068 -212
980 1837 554 1045 -82 -1068 -211
981 1832 553 1048 -84 -1065 -207
982 1836 552 1044 -86 -1068 -214
983 1830 547 1040 -86 -1061 -211
984 1831 556 1045 -88 -1061 -210
985 1834 556 1048 -90 -1060 -211
986 1830 548 1046 -87 -1065 -213
987 1833 547 1044 -89 -1067 -214
988 1833 551 1046 -86 -1062 -210
989 1831 556 1050 -85 -1064 -207
990 1835 550 1046 -88 -1068 -215
991 1834 547 1042 -85 -1067 -211
992 1833 550 1043 -85 -1065 -209
993 1834 553 1046 -86 -1062 -209
994 1833 553 1045 -84 -1063 -213
995 1833 547 1042 -86 -1065 -215
996 1835 552 1044 -87 -1061 -208
997 1832 555 1047 -91 -1060 -209
998 1831 549 1045 -88 -1065 -213
999 1832 547 1042 -87 -1066 -211
0 5290 5609 -4214 3111 -7713 379
1 5287 5612 -4212 3111 -7711 376
2 5286 5607 -4212 3108 -7714 375
3 5286 5609 -4215 3106 -7710 376
4 5285 5607 -4218 3109 -7709 379
5 5285 5608 -4212 3107 -7709 379
6 5286 5608 -4211 3107 -7712 377
7 5285 5608 -4216 3109 -7706 378
8 5285 5608 -4213 3106 -7709 381
9 5277 5608 -4213 3105 -7703 376
10 5283 5608 -4211 3106 -7703 378
11 5279 5609 -4210 3107 -7707 376
12 5281 5608 -4213 3106 -7710 375
13 5285 5610 -4209 3112 -7714 379
14 5285 5610 -4214 3109 -7717 380
15 5284 5608 -4211 3110 -7716 377
16 5287 5610 -4212 3111 -7709 377
17 5284 5610 -4211 3107 -7712 374
18 5286 5609 -4212 3107 -7707 379
19 5285 5610 -4212 3108 -7708 379
20 5284 5607 -4215 3109 -7713 378
21 5287 5608 -4214 3108 -7720 378
22 5291 5611 -4217 3112 -7719 379
23 5290 5606 -4214 3109 -7718 375
24 5289 5609 -4218 3112 -7717 379
25 5288 5611 -4215 3107 -7718 379
26 5285 5609 -4217 3110 -7715 375
27 5284 5607 -4214 3112 -7712 377
28 5288 5607 -4212 3108 -7712 376
29 5283 5606 -4214 3105 -7709 375
30 5284 5607 -4212 3108 -7715 375
31 5289 5605 -4214 3111 -7710 376
32 5285 5607 -4214 3111 -7715 375
33 5283 5606 -4216 3110 -7712 374
34 5280 5608 -4215 3109 -7716 375
35 5282 5605 -4215 3112 -7715 372
36 5285 5607 -4213 3113 -7719 374
37 5289 5605 -4214 3112 -7720 374
38 5293 5608 -4216 3114 -7719 376
39 5291 5608 -4215 3115 -7719 378
40 5285 5603 -4216 3109 -7714 372
41 5283 5607 -4218 3106 -7714 373
42 5281 5607 -4214 3109 -7713 373
43 5284 5605 -4219 3111 -7713 375
44 5287 5603 -4215 3108 -7722 373
45 5289 5604 -4216 3112 -7722 374
46 5286 5603 -4217 3114 -7725 373
47 5287 5604 -4218 3113 -7722 372
48 5289 5603 -4217 3113 -7717 374
49 5282 5602 -4219 3112 -7716 372
50 5283 5602 -4221 3110 -7712 370
51 5279 5606 -4217 3110 -7713 373
52 5280 5602 -4216 3110 -7713 372
53 5284 5604 -4217 3112 -7721 371
54 5283 5603 -4215 3109 -7717 371
55 5286 5606 -4214 3111 -7718 372
56 5287 5606 -4218 3113 -7722 373
57 5284 5605 -4217 3118 -7721 369
58 5287 5604 -4217 3110 -7722 370
59 5290 5604 -4223 3113 -7727 373
60 5290 5601 -4218 3111 -7722 372
61 5286 5602 -4221 3109 -7721 368
62 5286 5604 -4219 3108 -7719 369
63 5283 5600 -4220 3109 -7717 370
64 5284 5600 -4217 3111 -7718 367
65 5283 5600 -4223 3113 -7720 371
66 5285 5599 -4222 3111 -7724 371
67 5285 5602 -4222 3113 -7723 367
68 5289 5601 -4221 3114 -7724 368
69 5288 5600 -4220 3113 -7726 368
70 5285 5599 -4220 3112 -7718 369
71 5287 5601 -4222 3114 -7718 367
72 5282 5599 -4219 3113 -7717 365
73 5282 5601 -4222 3110 -7713 367
74 5281 5604 -4224 3111 -7714 365
75 5282 5602 -4220 3109 -7719 363
76 5284 5598 -4224 3114 -7721 366
77 5286 5600 -4224 3112 -7727 361
78 5287 5600 -4224 3113 -7724 365
79 5289 5601 -4224 3112 -7725 364
80 5287 5599 -4223 3113 -7719 364
81 5285 5602 -4222 3114 -7720 366
82 5282 5601 -4222 3109 -7721 362
83 5285 5598 -4220 3109 -7721 365
84 5285 5597 -4225 3110 -7718 363
85 5286 5598 -4223 3111 -7721 365
86 5285 5597 -4224 3115 -7725 366
87 5285 5598 -4225 3111 -7725 362
88 5286 5598 -4223 3110 -7725 364
89 5282 5596 -4223 3114 -7721 361
90 5279 5597 -4224 3114 -7723 360
91 5281 5596 -4224 3109 -7723 360
92 5280 5594 -4227 3112 -7723 358
93 5282 5595 -4227 3108 -7724 356
94 5278 5593 -4229 3112 -7720 359
95 5279 5595 -4227 3112 -7719 360
96 5279 5591 -4230 3114 -7719 360
97 5280 5593 -4226 3111 -7723 358
98 5280 5596 -4228 3114 -7722 358
99 5283 5594 -4226 3113 -7723 357
100 5284 5594 -4224 3114 -7724 357
101 5287 5595 -4225 3114 -7726 357
102 5286 5595 -4228 3116 -7724 359
103 5286 5597 -4226 3113 -7724 358
104 5282 5594 -4228 3111 -7721 357
105 5282 5593 -4227 3109 -7720 359
106 5277 5590 -4226 3112 -7723 355
107 5281 5592 -4226 3115 -7719 353
108 5282 5591 -4229 3115 -7723 353
109 5280 5593 -4230 3114 -7725 355
110 5283 5594 -4228 3115 -7723 356
111 5281 5595 -4228 3116 -7722 353
112 5282 5592 -4230 3117 -7718 352
113 5278 5593 -4226 3114 -7717 353
114 5279 5595 -4228 3115 -7720 353
115 5281 5591 -4229 3117 -7719 354
116 5282 5595 -4229 3114 -7726 352
117 5279 5589 -4232 3113 -7722 354
118 5281 5590 -4229 3114 -7721 355
119 5278 5590 -4230 3112 -7722 350
120 5281 5592 -4231 3112 -7717 352
121 5277 5588 -4232 3114 -7716 352
122 5276 5589 -4231 3115 -7724 352
123 5279 5592 -4231 3112 -7726 351
124 5285 5592 -4233 3117 -7729 347
125 5283 5588 -4237 3113 -7730 352
126 5284 5588 -4234 3111 -7724 349
127 5279 5586 -4234 3115 -7721 349
128 5278 5587 -4236 3116 -7715 351
129 5274 5588 -4231 3115 -7718 349
130 5278 5591 -4229 3115 -7716 349
131 5281 5590 -4230 3116 -7724 350
132 5282 5589 -4230 3116 -7724 349
133 5281 5587 -4235 3117 -7724 348
134 5278 5585 -4236 3117 -7725 352
135 5279 5587 -4235 3119 -7722 343
136 5275 5586 -4234 3114 -7719 347
137 5276 5588 -4234 3116 -7719 346
138 5275 5583 -4232 3114 -7718 347
139 5279 5585 -4234 3110 -7720 344
140 5277 5587 -4234 3116 -7719 348
141 5280 5585 -4235 3113 -7721 344
142 5277 5587 -4235 3113 -7720 347
143 5276 5586 -4236 3114 -7723 347
144 5277 5585 -4238 3113 -7724 343
145 5283 5584 -4241 3118 -7726 345
146 5282 5584 -4238 3116 -7721 346
147 5280 5583 -4240 3115 -7728 343
148 5283 5587 -4237 3115 -7721 345
149 5280 5585 -4237 3113 -7719 344
150 5277 5583 -4239 3111 -7718 342
151 5274 5585 -4238 3116 -7716 344
152 5275 5587 -4232 3115 -7716 343
153 5275 5582 -4235 3116 -7718 342
154 5275 5584 -4239 3117 -7723 342
155 5276 5584 -4234 3118 -7727 340
156 5279 5583 -4239 3116 -7726 342
157 5282 5583 -4243 3118 -7726 338
158 5278 5581 -4240 3114 -7719 341
159 5276 5584 -4241 3116 -7720 340
160 5276 5583 -4238 3112 -7717 340
161 5272 5586 -4238 3114 -7716 337
162 5275 5577 -4236 3112 -7717 341
163 5277 5581 -4238 3110 -7722 340
164 5280 5582 -4245 3113 -7720 337
165 5281 5581 -4242 3116 -7723 339
166 5280 5583 -4239 3113 -7724 339
167 5281 5584 -4243 3114 -7725 339
168 5280 5580 -4245 3112 -7726 335
169 5279 5581 -4242 3115 -7717 335
170 5278 5580 -4243 3112 -7720 339
171 5277 5583 -4240 3116 -7720 340
172 5276 5582 -4240 3117 -7717 336
173 5278 5583 -4242 3118 -7719 340
174 5273 5582 -4240 3119 -7718 340
175 5274 5580 -4240 3117 -7719 337
176 5277 5582 -4239 3117 -7718 337
177 5276 5581 -4240 3120 -7720 337
178 5279 5583 -4238 3119 -7725 337
179 5274 5582 -4240 3118 -7724 341
180 5276 5578 -4244 3118 -7726 334
181 5277 5581 -4244 3118 -7721 335
182 5280 5577 -4243 3116 -7720 335
183 5276 5583 -4242 3114 -7714 335
184 5276 5580 -4242 3114 -7714 335
185 5277 5579 -4240 3114 -7715 333
186 5278 5582 -4241 3118 -7717 335
187 5281 5583 -4241 3119 -7721 338
188 5281 5578 -4242 3120 -7726 334
189 5281 5580 -4245 3119 -7725 335
190 5279 5578 -4242 3119 -7724 337
191 5276 5580 -4244 3118 -7716 338
192 5274 5585 -4242 3121 -7718 336
193 5270 5578 -4242 3119 -7715 335
194 5270 5579 -4242 3119 -7716 333
195 5273 5581 -4242 3118 -7719 332
196 5275 5578 -4243 3119 -7720 334
197 5276 5582 -4243 3122 -7721 330
198 5276 5580 -4242 3122 -7723 334
199 5275 5577 -4243 3124 -7722 332
200 5275 5577 -4244 3120 -7721 333
201 5275 5581 -4246 3120 -7724 333
202 5279 5580 -4243 3118 -7721 335
203 5280 5580 -4244 3119 -7723 334
204 5280 5579 -4243 3117 -7725 334
205 5276 5578 -4245 3118 -7721 334
206 5275 5577 -4245 3116 -7719 333
207 5274 5578 -4242 3113 -7720 332
208 5277 5576 -4243 3117 -7719 333
209 5278 5578 -4242 3116 -7724 333
210 5277 5579 -4243 3122 -7723 333
211 5278 5577 -4243 3119 -7726 334
212 5277 5579 -4245 3117 -7728 332
213 5278 5578 -4244 3117 -7723 332
214 5275 5579 -4247 3118 -7720 328
215 5269 5580 -4248 3117 -7718 331
216 5269 5576 -4245 3120 -7718 333
217 5275 5578 -4244 3121 -7721 331
218 5276 5580 -4243 3121 -7725 333
219 5275 5578 -4245 3119 -7726 331
220 5276 5576 -4248 3120 -7727 332
221 5278 5573 -4246 3117 -7726 334
222 5277 5577 -4247 3116 -7724 330
223 5276 5576 -4245 3120 -7724 333
224 5275 5577 -4248 3119 -7722 331
225 5274 5575 -4246 3120 -7722 333
226 5278 5576 -4242 3119 -7727 331
227 5277 5575 -4245 3119 -7726 333
228 5280 5575 -4245 3118 -7725 332
229 5276 5577 -4245 3120 -7725 331
230 5276 5576 -4251 3120 -7727 332
231 5280 5579 -4244 3120 -7723 333
232 5275 5578 -4245 3116 -7726 332
233 5275 5574 -4242 3119 -7724 330
234 5279 5574 -4245 3118 -7722 329
235 5274 5575 -4246 3122 -7726 331
236 5276 5577 -4243 3118 -7725 328
237 5276 5576 -4244 3121 -7724 332
238 5275 5575 -4244 3118 -7729 332
239 5274 5575 -4247 3118 -7727 331
240 5276 5575 -4246 3118 -7728 330
241 5277 5579 -4247 3119 -7730 329
242 5279 5573 -4246 3125 -7727 330
243 5277 5574 -4247 3119 -7730 329
244 5279 5576 -4243 3121 -7729 333
245 5281 5576 -4245 3119 -7726 332
246 5279 5578 -4245 3117 -7727 330
247 5280 5576 -4248 3116 -7731 330
248 5280 5574 -4246 3121 -7729 331
249 5283 5574 -4247 3121 -7728 332
250 5281 5578 -4246 3119 -7728 330
251 5282 5577 -4246 3118 -7729 332
252 5278 5574 -4247 3122 -7728 333
253 5277 5571 -4248 3116 -7728 330
254 5277 5578 -4249 3119 -7727 331
255 5274 5575 -4245 3118 -7725 328
256 5275 5575 -4248 3121 -7728 330
257 5272 5576 -4247 3121 -7729 327
258 5275 5574 -4247 3121 -7731 331
259 5278 5577 -4248 3122 -7728 332
260 5281 5578 -4244 3124 -7735 327
261 5280 5576 -4249 3126 -7735 330
262 5281 5577 -4247 3125 -7737 328
263 5278 5574 -4248 3127 -7732 329
264 5280 5573 -4245 3119 -7732 330
265 5279 5573 -4247 3121 -7730 329
266 5281 5579 -4245 3123 -7728 333
267 5282 5578 -4245 3122 -7732 333
268 5283 5577 -4245 3125 -7735 331
269 5286 5574 -4248 3122 -7736 334
270 5285 5576 -4248 3121 -7737 330
271 5284 5573 -4247 3121 -7737 330
272 5285 5574 -4249 3122 -7735 333
273 5283 5575 -4248 3125 -7735 330
274 5278 5575 -4248 3123 -7733 331
275 5277 5576 -4246 3123 -7736 332
276 5278 5574 -4245 3123 -7732 329
277 5278 5576 -4243 3126 -7729 333
278 5274 5577 -4247 3122 -7734 330
279 5274 5577 -4246 3126 -7736 329
280 5279 5577 -4242 3129 -7735 329
281 5275 5576 -4246 3126 -7739 329
282 5277 5575 -4246 3126 -7737 329
283 5280 5577 -4245 3125 -7736 331
284 5281 5575 -4248 3127 -7739 331
285 5282 5572 -4247 3122 -7739 328
286 5281 5576 -4248 3124 -7739 329
287 5283 5577 -4244 3123 -7742 328
288 5282 5575 -4245 3123 -7741 334
289 5281 5574 -4248 3126 -7740 332
290 5285 5574 -4247 3126 -7741 330
291 5288 5575 -4246 3122 -7741 333
292 5283 5574 -4249 3122 -7742 333
293 5282 5576 -4249 3122 -7739 331
294 5280 5574 -4247 3126 -7739 329
295 5281 5578 -4245 3127 -7738 331
296 5280 5575 -4244 3126 -7739 329
297 5281 5577 -4247 3125 -7741 328
298 5280 5572 -4246 3124 -7742 331
299 5282 5578 -4247 3128 -7742 333
300 5275 5577 -4245 3126 -7741 328
301 5276 5575 -4246 3125 -7738 328
302 5275 5574 -4247 3124 -7740 329
303 5276 5573 -4250 3127 -7743 330
304 5281 5575 -4246 3126 -7745 330
305 5282 5574 -4251 3131 -7748 331
306 5283 5573 -4251 3125 -7749 332
307 5286 5573 -4250 3126 -7747 332
308 5284 5576 -4248 3127 -7746 328
309 5285 5575 -4245 3128 -7742 329
310 5280 5579 -4244 3127 -7745 333
311 5285 5573 -4249 3127 -7747 328
312 5281 5575 -4248 3127 -7747 327
313 5285 5574 -4250 3128 -7751 330
314 5286 5572 -4249 3129 -7748 330
315 5286 5570 -4248 3130 -7744 329
316 5282 5574 -4248 3127 -7745 329
317 5286 5574 -4249 3126 -7747 330
318 5284 5573 -4251 3127 -7746 330
319 5285 5574 -4247 3126 -7745 331
320 5284 5575 -4249 3129 -7741 330
321 5285 5574 -4244 3127 -7748 330
322 5283 5574 -4247 3129 -7745 333
323 5284 5574 -4250 3128 -7751 331
324 5286 5574 -4249 3129 -7750 333
325 5287 5574 -4247 3126 -7750 328
326 5288 5572 -4249 3130 -7751 330
327 5286 5574 -4248 3126 -7748 329
328 5281 5569 -4250 3129 -7752 327
329 5283 5576 -4249 3128 -7751 330
330 5284 5576 -4247 3129 -7751 328
331 5285 5573 -4249 3128 -7752 331
332 5285 5572 -4252 3132 -7754 329
333 5288 5574 -4252 3129 -7755 330
334 5289 5578 -4249 3132 -7753 332
335 5287 5571 -4251 3129 -7757 329
336 5287 5574 -4251 3130 -7754 331
337 5288 5574 -4248 3129 -7752 327
338 5283 5572 -4248 3132 -7750 328
339 5284 5575 -4247 3131 -7751 333
340 5283 5575 -4247 3131 -7749 329
341 5286 5575 -4248 3132 -7754 327
342 5288 5575 -4249 3130 -7758 326
343 5286 5573 -4251 3135 -7758 329
344 5288 5577 -4250 3134 -7754 328
345 5286 5573 -4250 3131 -7754 329
346 5284 5572 -4251 3133 -7755 327
347 5286 5575 -4250 3133 -7757 326
348 5288 5573 -4250 3131 -7754 328
349 5285 5573 -4252 3127 -7754 329
350 5281 5573 -4252 3129 -7752 330
351 5284 5571 -4249 3130 -7753 327
352 5285 5572 -4252 3133 -7758 326
353 5282 5571 -4252 3135 -7757 325
354 5287 5570 -4252 3132 -7761 325
355 5288 5574 -4252 3132 -7762 328
356 5290 5570 -4254 3131 -7761 324
357 5288 5574 -4253 3132 -7756 326
358 5289 5571 -4249 3131 -7757 327
359 5283 5571 -4249 3133 -7756 327
360 5286 5570 -4252 3132 -7753 325
361 5283 5569 -4254 3129 -7757 323
362 5287 5568 -4252 3134 -7761 325
363 5287 5570 -4253 3135 -7762 324
364 5286 5569 -4252 3134 -7761 325
365 5288 5573 -4251 3133 -7765 323
366 5288 5570 -4254 3131 -7761 326
367 5284 5571 -4250 3133 -7757 325
368 5286 5570 -4255 3133 -7756 322
369 5285 5570 -4252 3133 -7760 325
370 5290 5569 -4252 3133 -7757 324
371 5287 5569 -4252 3131 -7758 322
372 5287 5569 -4254 3134 -7759 323
373 5285 5570 -4251 3131 -7756 322
374 5284 5570 -4257 3136 -7759 323
375 5284 5573 -4252 3136 -7761 322
376 5288 5572 -4253 3136 -7759 321
377 5291 5572 -4254 3135 -7762 325
378 5287 5570 -4256 3133 -7762 323
379 5291 5568 -4254 3135 -7760 325
380 5285 5569 -4252 3135 -7760 324
381 5288 5569 -4254 3135 -7759 321
382 5286 5569 -4253 3136 -7757 323
383 5289 5568 -4255 3136 -7761 325
384 5287 5568 -4254 3138 -7764 322
385 5289 5568 -4255 3135 -7761 325
386 5287 5566 -4253 3137 -7764 321
387 5287 5567 -4255 3137 -7761 321
388 5286 5567 -4255 3132 -7763 319
389 5288 5567 -4254 3136 -7757 318
390 5285 5567 -4254 3135 -7758 319
391 5284 5568 -4258 3136 -7763 320
392 5285 5569 -4255 3134 -7766 321
393 5289 5567 -4254 3133 -7765 320
394 5286 5566 -4259 3135 -7762 318
395 5286 5566 -4257 3133 -7760 318
396 5286 5568 -4256 3134 -7759 320
397 5283 5569 -4254 3134 -7755 321
398 5283 5568 -4256 3136 -7760 321
399 5286 5568 -4255 3133 -7763 318
400 5287 5569 -4253 3136 -7763 319
401 5290 5564 -4257 3135 -7765 317
402 5285 5563 -4259 3136 -7768 316
403 5283 5564 -4260 3138 -7760 314
404 5282 5565 -4260 3135 -7765 315
405 5283 5563 -4259 3136 -7766 311
406 5281 5562 -4260 3131 -7766 316
407 5284 5564 -4259 3135 -7763 314
408 5285 5562 -4258 3136 -7759 317
409 5284 5563 -4258 3135 -7762 315
410 5286 5564 -4259 3136 -7762 315
411 5285 5563 -4260 3136 -7761 312
412 5285 5561 -4258 3138 -7762 317
413 5286 5564 -4259 3138 -7765 314
414 5285 5564 -4260 3134 -7765 316
415 5284 5563 -4261 3134 -7762 313
416 5287 5563 -4261 3137 -7762 314
417 5285 5561 -4259 3134 -7763 311
418 5284 5563 -4261 3134 -7757 312
419 5282 5564 -4260 3134 -7762 308
420 5283 5558 -4262 3133 -7758 312
421 5284 5559 -4261 3134 -7762 310
422 5285 5559 -4262 3136 -7767 311
423 5286 5560 -4261 3140 -7765 311
424 5286 5562 -4263 3138 -7764 311
425 5285 5566 -4261 3135 -7759 312
426 5282 5562 -4263 3136 -7760 309
427 5282 5561 -4264 3138 -7762 309
428 5280 5559 -4263 3134 -7761 309
429 5279 5559 -4262 3137 -7761 307
430 5277 5557 -4262 3136 -7763 309
431 5283 5560 -4263 3134 -7761 308
432 5282 5559 -4265 3139 -7760 308
433 5280 5557 -4262 3136 -7765 306
434 5281 5560 -4265 3138 -7763 306
435 5286 5559 -4265 3136 -7762 307
436 5284 5558 -4265 3140 -7758 309
437 5284 5558 -4262 3134 -7756 308
438 5280 5557 -4266 3136 -7756 304
439 5279 5555 -4263 3135 -7758 307
440 5278 5557 -4263 3137 -7758 302
441 5281 5560 -4266 3135 -7759 307
442 5283 5555 -4266 3135 -7759 302
443 5285 5556 -4265 3135 -7756 305
444 5283 5555 -4265 3133 -7760 303
445 5282 5553 -4268 3134 -7757 305
446 5281 5556 -4267 3135 -7756 303
447 5276 5556 -4266 3137 -7759 302
448 5280 5558 -4267 3133 -7761 302
449 5278 5555 -4263 3136 -7757 301
450 5283 5556 -4267 3136 -7756 306
451 5280 5557 -4272 3136 -7760 301
452 5284 5558 -4265 3136 -7760 302
453 5279 5553 -4267 3138 -7757 299
454 5277 5554 -4266 3135 -7760 302
455 5277 5553 -4270 3134 -7760 299
456 5277 5554 -4268 3136 -7761 301
457 5284 5555 -4270 3137 -7759 299
458 5282 5553 -4268 3137 -7756 303
459 5281 5555 -4267 3134 -7753 301
460 5277 5556 -4270 3135 -7751 301
461 5279 5556 -4267 3134 -7749 299
462 5277 5553 -4269 3133 -7753 299
463 5280 5557 -4269 3134 -7754 300
464 5278 5554 -4271 3135 -7753 301
465 5280 5556 -4269 3135 -7755 300
466 5278 5554 -4271 3136 -7754 300
467 5275 5551 -4268 3135 -7752 298
468 5277 5552 -4270 3135 -7749 297
469 5273 5552 -4271 3133 -7753 301
470 5277 5553 -4270 3134 -7755 299
471 5277 5551 -4271 3134 -7754 296
472 5281 5555 -4269 3138 -7754 295
473 5280 5551 -4273 3138 -7751 298
474 5279 5553 -4272 3138 -7749 297
475 5280 5554 -4268 3137 -7756 295
476 5277 5552 -4269 3137 -7749 297
477 5278 5550 -4270 3135 -7753 294
478 5275 5551 -4273 3137 -7751 295
479 5278 5554 -4273 3137 -7751 295
480 5279 5553 -4274 3137 -7751 290
481 5277 5551 -4274 3137 -7749 295
482 5276 5551 -4271 3133 -7748 294
483 5274 5547 -4274 3135 -7747 297
484 5275 5549 -4271 3133 -7748 291
485 5276 5550 -4275 3135 -7747 292
486 5275 5548 -4272 3131 -7747 293
487 5278 5549 -4272 3133 -7749 292
488 5276 5548 -4271 3135 -7750 294
489 5274 5547 -4273 3133 -7744 290
490 5272 5549 -4273 3131 -7743 291
491 5271 5546 -4276 3135 -7743 292
492 5271 5548 -4273 3131 -7744 291
493 5273 5552 -4276 3135 -7749 288
494 5277 5546 -4279 3134 -7750 287
495 5278 5550 -4277 3133 -7750 291
496 5275 5547 -4278 3132 -7751 288
497 5275 5547 -4279 3134 -7744 291
498 5278 5548 -4277 3134 -7744 289
499 5269 5548 -4276 3132 -7741 288
500 5270 5545 -4277 3132 -7744 288
501 5271 5549 -4277 3132 -7741 289
502 5271 5548 -4274 3129 -7745 287
503 5273 5547 -4280 3129 -7744 288
504 5270 5543 -4277 3133 -7744 286
505 5272 5547 -4278 3134 -7745 288
506 5272 5547 -4277 3133 -7744 285
507 5271 5545 -4277 3127 -7745 286
508 5272 5547 -4277 3130 -7741 289
509 5269 5546 -4275 3132 -7742 286
510 5270 5544 -4276 3129 -7740 287
511 5265 5546 -4278 3131 -7740 285
512 5269 5545 -4277 3133 -7740 283
513 5268 5547 -4279 3129 -7742 284
514 5270 5547 -4278 3132 -7742 288
515 5270 5548 -4276 3133 -7743 285
516 5269 5543 -4279 3134 -7741 285
517 5268 5543 -4279 3132 -7745 283
518 5268 5544 -4280 3135 -7743 285
519 5271 5546 -4282 3132 -7743 284
520 5267 5546 -4278 3131 -7739 286
521 5269 5541 -4278 3128 -7738 282
522 5267 5544 -4281 3130 -7736 280
523 5264 5542 -4279 3129 -7740 284
524 5266 5544 -4279 3132 -7737 285
525 5267 5542 -4280 3131 -7736 283
526 5268 5544 -4277 3131 -7738 283
527 5269 5544 -4281 3127 -7739 286
528 5268 5543 -4281 3130 -7738 281
529 5268 5541 -4277 3127 -7736 282
530 5266 5541 -4281 3128 -7736 279
531 5264 5541 -4282 3127 -7731 282
532 5260 5544 -4276 3128 -7730 280
533 5263 5544 -4280 3128 -7732 283
534 5264 5543 -4279 3128 -7732 286
535 5265 5543 -4280 3131 -7734 283
536 5266 5546 -4281 3133 -7735 282
537 5267 5542 -4280 3129 -7735 283
538 5266 5544 -4282 3131 -7734 283
539 5267 5543 -4278 3129 -7736 283
540 5265 5539 -4284 3129 -7735 279
541 5267 5543 -4281 3127 -7734 282
542 5264 5539 -4284 3128 -7733 283
543 5268 5541 -4281 3130 -7734 281
544 5267 5541 -4279 3127 -7734 282
545 5264 5544 -4279 3129 -7731 283
546 5265 5542 -4277 3127 -7729 279
547 5262 5543 -4280 3127 -7726 282
548 5261 5544 -4277 3128 -7729 282
549 5264 5542 -4280 3128 -7731 279
550 5263 5545 -4282 3130 -7731 281
551 5265 5540 -4280 3128 -7731 280
552 5263 5539 -4281 3126 -7730 282
553 5264 5542 -4281 3128 -7729 280
554 5263 5539 -4278 3128 -7727 283
555 5262 5541 -4279 3127 -7728 280
556 5260 5543 -4278 3126 -7728 281
557 5262 5546 -4278 3128 -7727 283
558 5262 5542 -4279 3128 -7727 280
559 5262 5542 -4279 3128 -7728 277
560 5266 5540 -4279 3126 -7730 281
561 5264 5543 -4281 3128 -7727 284
562 5263 5539 -4281 3125 -7730 281
563 5262 5541 -4283 3129 -7730 281
564 5264 5543 -4282 3129 -7730 283
565 5266 5541 -4279 3129 -7728 280
566 5265 5543 -4278 3126 -7729 281
567 5264 5541 -4280 3128 -7726 281
568 5264 5543 -4280 3130 -7723 281
569 5261 5545 -4277 3123 -7723 281
570 5259 5542 -4279 3128 -7719 282
571 5261 5542 -4280 3126 -7723 278
572 5261 5544 -4278 3126 -7725 282
573 5264 5544 -4281 3128 -7726 283
574 5265 5542 -4279 3127 -7727 284
575 5265 5541 -4280 3127 -7726 284
576 5260 5546 -4281 3129 -7728 284
577 5263 5547 -4279 3129 -7723 281
578 5262 5546 -4276 3127 -7720 283
579 5262 5544 -4280 3127 -7722 282
580 5262 5545 -4277 3124 -7725 284
581 5262 5544 -4278 3125 -7722 279
582 5262 5542 -4281 3125 -7724 283
583 5263 5542 -4281 3128 -7724 283
584 5263 5545 -4278 3127 -7728 284
585 5263 5546 -4280 3127 -7724 283
586 5266 5547 -4280 3127 -7727 284
587 5265 5545 -4280 3129 -7727 284
588 5264 5546 -4280 3127 -7730 284
589 5265 5545 -4278 3127 -7724 284
590 5264 5542 -4279 3125 -7725 281
591 5266 5545 -4278 3127 -7721 280
592 5262 5546 -4276 3122 -7721 284
593 5263 5545 -4277 3126 -7724 285
594 5263 5544 -4279 3126 -7720 282
595 5262 5543 -4278 3126 -7723 285
596 5264 5546 -4275 3122 -7726 286
597 5263 5545 -4276 3127 -7724 284
598 5263 5545 -4276 3126 -7725 286
599 5265 5545 -4278 3128 -7726 283
600 5264 5544 -4276 3126 -7727 285
601 5262 5546 -4279 3127 -7720 285
602 5260 5546 -4277 3123 -7721 285
603 5264 5545 -4280 3127 -7719 284
604 5258 5544 -4276 3123 -7721 285
605 5261 5545 -4277 3127 -7723 286
606 5265 5546 -4278 3126 -7728 286
607 5264 5543 -4275 3130 -7728 286
608 5267 5546 -4279 3127 -7723 285
609 5264 5547 -4280 3127 -7726 285
610 5263 5545 -4279 3125 -7725 286
611 5264 5547 -4278 3126 -7724 285
612 5261 5544 -4280 3126 -7724 286
613 5263 5546 -4278 3126 -7721 288
614 5260 5548 -4276 3124 -7722 287
615 5263 5550 -4274 3123 -7722 285
616 5259 5546 -4276 3123 -7717 290
617 5260 5548 -4275 3124 -7723 287
618 5265 5547 -4276 3126 -7723 286
619 5265 5550 -4277 3127 -7723 286
620 5266 5549 -4275 3127 -7725 289
621 5264 5549 -4275 3128 -7724 288
622 5263 5547 -4277 3129 -7726 289
623 5265 5549 -4276 3127 -7726 288
624 5262 5550 -4274 3123 -7720 287
625 5260 5549 -4275 3121 -7718 286
626 5262 5548 -4275 3124 -7717 291
627 5261 5549 -4274 3126 -7720 288
628 5262 5546 -4273 3124 -7726 287
629 5269 5546 -4275 3125 -7728 289
630 5267 5547 -4279 3129 -7730 287
631 5266 5549 -4272 3129 -7731 288
632 5267 5552 -4274 3129 -7724 293
633 5266 5549 -4276 3130 -7725 290
634 5259 5551 -4274 3126 -7721 292
635 5262 5549 -4270 3123 -7720 294
636 5263 5549 -4275 3121 -7719 292
637 5261 5551 -4273 3123 -7725 291
638 5262 5551 -4272 3125 -7723 292
639 5263 5549 -4273 3124 -7725 289
640 5264 5550 -4274 3129 -7723 292
641 5268 5553 -4272 3128 -7730 291
642 5265 5553 -4273 3128 -7726 292
643 5267 5549 -4273 3123 -7730 294
644 5266 5552 -4275 3126 -7727 294
645 5266 5550 -4272 3123 -7722 293
646 5264 5554 -4272 3125 -7719 291
647 5262 5552 -4270 3124 -7718 293
648 5262 5552 -4271 3124 -7721 294
649 5263 5550 -4271 3125 -7723 293
650 5266 5551 -4273 3127 -7727 292
651 5268 5554 -4273 3129 -7732 294
652 5272 5553 -4271 3129 -7731 298
653 5269 5553 -4274 3128 -7732 293
654 5267 5554 -4273 3130 -7726 293
655 5263 5552 -4271 3124 -7722 296
656 5263 5553 -4273 3125 -7721 293
657 5265 5556 -4268 3120 -7722 293
658 5264 5555 -4268 3124 -7721 296
659 5264 5553 -4271 3127 -7725 297
660 5267 5553 -4270 3128 -7729 294
661 5266 5552 -4271 3126 -7727 298
662 5265 5551 -4272 3125 -7728 295
663 5267 5554 -4270 3129 -7725 298
664 5266 5558 -4267 3128 -7726 297
665 5265 5555 -4268 3124 -7725 299
666 5263 5552 -4272 3125 -7724 299
667 5267 5556 -4271 3125 -7722 296
668 5266 5553 -4267 3122 -7723 297
669 5265 5553 -4266 3124 -7724 299
670 5263 5555 -4268 3124 -7726 297
671 5268 5556 -4267 3125 -7727 296
672 5266 5555 -4268 3126 -7728 301
673 5270 5555 -4268 3128 -7730 300
674 5270 5553 -4270 3131 -7734 296
675 5272 5556 -4269 3127 -7730 299
676 5268 5556 -4267 3123 -7728 300
677 5265 5555 -4267 3120 -7724 302
678 5265 5556 -4268 3121 -7721 302
679 5263 5554 -4267 3123 -7720 299
680 5260 5553 -4268 3121 -7723 300
681 5264 5554 -4266 3124 -7727 298
682 5268 5555 -4267 3124 -7729 300
683 5270 5557 -4267 3126 -7730 302
684 5268 5554 -4267 3126 -7729 300
685 5268 5558 -4267 3125 -7730 300
686 5268 5557 -4266 3122 -7727 303
687 5265 5555 -4264 3123 -7724 303
688 5265 5555 -4268 3123 -7721 300
689 5264 5556 -4265 3122 -7723 303
690 5267 5559 -4265 3127 -7722 304
691 5269 5558 -4264 3127 -7727 302
692 5267 5557 -4267 3126 -7728 299
693 5270 5557 -4263 3126 -7734 300
694 5270 5558 -4266 3130 -7730 304
695 5273 5556 -4264 3126 -7730 302
696 5271 5556 -4265 3130 -7730 304
697 5270 5559 -4266 3127 -7727 303
698 5267 5558 -4264 3128 -7732 302
699 5268 5558 -4265 3120 -7730 302
700 5267 5558 -4265 3126 -7727 302
701 5267 5557 -4267 3124 -7728 302
702 5266 5556 -4264 3121 -7724 302
703 5266 5557 -4263 3125 -7726 305
704 5270 5556 -4264 3124 -7722 304
705 5265 5558 -4264 3121 -7725 305
706 5269 5558 -4265 3124 -7724 306
707 5269 5557 -4269 3124 -7730 304
708 5269 5558 -4263 3127 -7730 306
709 5269 5559 -4265 3129 -7734 303
710 5270 5557 -4264 3125 -7729 304
711 5269 5559 -4262 3126 -7729 303
712 5266 5559 -4263 3122 -7726 302
713 5265 5559 -4266 3122 -7722 300
714 5265 5557 -4265 3123 -7725 307
715 5267 5559 -4265 3126 -7727 306
716 5267 5557 -4262 3126 -7734 303
717 5271 5560 -4261 3127 -7734 308
718 5271 5559 -4263 3126 -7733 304
719 5268 5562 -4262 3126 -7732 304
720 5268 5562 -4261 3128 -7729 305
721 5267 5559 -4262 3127 -7729 304
722 5268 5559 -4266 3124 -7730 306
723 5264 5558 -4261 3125 -7726 304
724 5271 5560 -4261 3122 -7726 307
725 5267 5559 -4259 3124 -7726 304
726 5265 5562 -4262 3121 -7726 306
727 5267 5560 -4262 3124 -7724 307
728 5265 5560 -4262 3124 -7726 307
729 5265 5557 -4260 3126 -7731 308
730 5274 5561 -4264 3126 -7731 308
731 5275 5558 -4263 3125 -7729 306
732 5274 5558 -4261 3124 -7728 308
733 5271 5561 -4264 3126 -7727 309
734 5271 5565 -4262 3124 -7724 307
735 5270 5560 -4261 3126 -7725 306
736 5266 5563 -4265 3124 -7725 307
737 5269 5560 -4260 3127 -7722 310
738 5271 5561 -4262 3124 -7728 307
739 5272 5559 -4263 3128 -7732 308
740 5275 5561 -4261 3129 -7732 310
741 5272 5562 -4263 3127 -7731 309
742 5275 5564 -4261 3128 -7729 308
743 5271 5562 -4263 3124 -7726 308
744 5269 5561 -4262 3127 -7725 307
745 5269 5562 -4257 3124 -7722 309
746 5272 5562 -4259 3121 -7722 309
747 5267 5563 -4264 3119 -7724 307
748 5267 5563 -4264 3123 -7724 306
749 5268 5563 -4257 3121 -7720 309
750 5268 5560 -4259 3123 -7724 308
751 5268 5562 -4261 3123 -7728 307
752 5272 5560 -4264 3126 -7733 311
753 5274 5562 -4264 3126 -7732 307
754 5275 5562 -4262 3132 -7730 308
755 5271 5564 -4262 3128 -7727 309
756 5271 5562 -4263 3125 -7719 309
757 5268 5562 -4257 3121 -7718 311
758 5264 5562 -4260 3122 -7721 308
759 5266 5562 -4261 3123 -7721 307
760 5266 5561 -4260 3124 -7726 309
761 5270 5565 -4263 3126 -7727 308
762 5273 5564 -4264 3126 -7733 310
763 5273 5564 -4264 3128 -7730 311
764 5273 5563 -4265 3127 -7730 308
765 5273 5565 -4261 3125 -7730 309
766 5271 5561 -4260 3123 -7723 310
767 5265 5561 -4261 3121 -7722 307
768 5266 5563 -4259 3119 -7715 310
769 5265 5563 -4262 3117 -7714 307
770 5267 5561 -4265 3121 -7720 310
771 5267 5562 -4259 3123 -7718 311
772 5269 5566 -4259 3127 -7725 312
773 5269 5564 -4259 3126 -7727 309
774 5273 5564 -4263 3127 -7729 311
775 5271 5568 -4261 3126 -7726 312
776 5272 5563 -4259 3125 -7727 309
777 5267 5561 -4264 3120 -7722 311
778 5267 5561 -4263 3120 -7716 309
779 5265 5564 -4258 3119 -7714 311
780 5262 5562 -4257 3121 -7716 309
781 5264 5561 -4255 3120 -7716 308
782 5264 5563 -4259 3120 -7721 308
783 5273 5565 -4262 3124 -7725 309
784 5275 5563 -4260 3126 -7728 312
785 5273 5567 -4262 3127 -7728 311
786 5273 5566 -4264 3125 -7727 310
787 5270 5563 -4263 3123 -7721 313
788 5266 5564 -4264 3120 -7716 307
789 5263 5562 -4259 3119 -7708 309
790 5260 5562 -4261 3116 -7706 310
791 5263 5564 -4257 3116 -7708 310
792 5262 5561 -4258 3120 -7714 310
793 5263 5561 -4258 3122 -7718 306
794 5266 5562 -4262 3124 -7724 309
795 5271 5563 -4261 3124 -7724 309
796 5269 5566 -4264 3119 -7723 311
797 5269 5560 -4261 3117 -7718 309
798 5266 5564 -4264 3118 -7713 312
799 5265 5563 -4261 3117 -7709 309
800 5260 5562 -4260 3117 -7708 308
801 5261 5565 -4257 3117 -7705 311
802 5261 5562 -4258 3117 -7712 309
803 5265 5563 -4260 3121 -7715 308
804 5264 5563 -4259 3120 -7720 312
805 5266 5564 -4261 3126 -7723 310
806 5268 5565 -4262 3119 -7716 310
807 5266 5566 -4260 3119 -7712 308
808 5265 5569 -4261 3122 -7710 312
809 5264 5563 -4256 3118 -7711 309
810 5265 5558 -4260 3118 -7711 310
811 5261 5562 -4260 3118 -7707 310
812 5260 5564 -4259 3114 -7710 308
813 5262 5565 -4260 3119 -7704 310
814 5260 5561 -4260 3117 -7706 308
815 5261 5561 -4261 3116 -7710 309
816 5259 5564 -4261 3120 -7710 311
817 5261 5563 -4260 3121 -7712 306
818 5261 5560 -4261 3119 -7710 308
819 5263 5564 -4261 3116 -7708 308
820 5262 5562 -4257 3114 -7704 308
821 5261 5565 -4259 3118 -7701 309
822 5256 5563 -4260 3118 -7702 311
823 5260 5565 -4262 3117 -7701 309
824 5258 5562 -4258 3119 -7705 311
825 5265 5566 -4256 3116 -7706 309
826 5263 5567 -4258 3117 -7707 310
827 5261 5562 -4262 3119 -7706 309
828 5264 5563 -4258 3119 -7707 312
829 5261 5566 -4258 3114 -7703 310
830 5259 5562 -4258 3114 -7702 308
831 5260 5562 -4260 3114 -7704 308
832 5261 5563 -4259 3117 -7703 312
833 5261 5561 -4258 3115 -7706 307
834 5260 5562 -4261 3115 -7700 307
835 5261 5562 -4258 3112 -7699 308
836 5257 5562 -4259 3112 -7697 310
837 5259 5563 -4259 3112 -7697 306
838 5254 5566 -4259 3111 -7693 309
839 5258 5560 -4259 3114 -7697 311
840 5259 5562 -4258 3113 -7700 308
841 5262 5562 -4259 3113 -7704 308
842 5261 5559 -4257 3115 -7697 309
843 5261 5563 -4261 3114 -7700 308
844 5260 5563 -4261 3119 -7697 309
845 5257 5567 -4259 3116 -7694 308
846 5254 5561 -4260 3111 -7697 310
847 5257 5564 -4261 3109 -7695 310
848 5255 5564 -4261 3110 -7693 310
849 5256 5563 -4258 3112 -7692 309
850 5261 5564 -4258 3112 -7698 309
851 5257 5565 -4262 3115 -7697 311
852 5260 5565 -4261 3117 -7700 313
853 5262 5567 -4259 3115 -7694 307
854 5260 5564 -4260 3115 -7700 311
855 5259 5564 -4259 3110 -7696 311
856 5259 5566 -4259 3108 -7693 307
857 5254 5561 -4258 3108 -7688 310
858 5253 5563 -4258 3107 -7685 310
859 5253 5563 -4261 3108 -7683 310
860 5255 5565 -4257 3110 -7687 307
861 5258 5564 -4255 3107 -7690 309
862 5259 5564 -4259 3112 -7695 310
863 5263 5563 -4262 3117 -7695 311
864 5260 5563 -4262 3115 -7695 313
865 5259 5564 -4260 3110 -7686 313
866 5255 5564 -4257 3109 -7682 310
867 5253 5561 -4261 3108 -7680 309
868 5250 5568 -4257 3107 -7682 315
869 5252 5567 -4253 3107 -7685 309
870 5254 5563 -4257 3107 -7683 307
871 5253 5564 -4259 3114 -7693 313
872 5256 5566 -4256 3112 -7692 313
873 5258 5565 -4263 3112 -7692 310
874 5256 5562 -4259 3115 -7692 309
875 5257 5563 -4258 3112 -7691 312
876 5256 5566 -4259 3112 -7688 309
877 5256 5567 -4257 3105 -7679 310
878 5253 5566 -4254 3107 -7675 312
879 5249 5567 -4259 3103 -7680 311
880 5250 5562 -4259 3103 -7680 313
881 5251 5567 -4257 3105 -7683 310
882 5253 5568 -4256 3111 -7684 310
883 5251 5566 -4259 3110 -7688 307
884 5252 5561 -4262 3108 -7680 313
885 5255 5568 -4256 3109 -7682 315
886 5252 5571 -4254 3107 -7684 313
887 5256 5569 -4259 3105 -7682 308
888 5256 5569 -4258 3112 -7680 316
889 5253 5571 -4257 3108 -7683 315
890 5252 5567 -4256 3105 -7678 314
891 5254 5566 -4258 3104 -7676 311
892 5252 5569 -4256 3106 -7680 309
893 5253 5568 -4255 3110 -7680 313
894 5253 5572 -4255 3109 -7680 315
895 5251 5572 -4255 3110 -7681 314
896 5255 5569 -4256 3109 -7683 312
897 5258 5569 -4262 3108 -7682 319
898 5257 5568 -4257 3107 -7683 314
899 5255 5568 -4258 3107 -7680 314
900 5257 5571 -4256 3105 -7674 314
901 5249 5570 -4256 3107 -7672 315
902 5248 5567 -4256 3103 -7674 311
903 5249 5569 -4257 3105 -7676 317
904 5253 5569 -4255 3104 -7678 313
905 5254 5565 -4256 3107 -7679 314
906 5253 5570 -4256 3103 -7678 313
907 5250 5571 -4258 3105 -7673 317
908 5251 5571 -4255 3106 -7676 315
909 5254 5571 -4255 3105 -7674 313
910 5251 5568 -4254 3106 -7674 316
911 5255 5571 -4255 3106 -7678 316
912 5255 5574 -4256 3102 -7675 316
913 5253 5571 -4253 3106 -7675 317
914 5252 5571 -4253 3104 -7674 317
915 5251 5571 -4255 3106 -7675 319
916 5253 5570 -4251 3108 -7672 315
917 5250 5569 -4254 3107 -7676 318
918 5255 5575 -4254 3104 -7679 320
919 5256 5573 -4256 3106 -7679 318
920 5258 5568 -4257 3107 -7679 316
921 5255 5567 -4253 3106 -7676 319
922 5253 5574 -4253 3102 -7672 320
923 5251 5570 -4252 3101 -7673 320
924 5251 5574 -4252 3101 -7666 317
925 5251 5576 -4252 3101 -7670 318
926 5249 5574 -4251 3102 -7672 319
927 5248 5570 -4251 3105 -7674 322
928 5254 5573 -4252 3104 -7677 317
929 5253 5574 -4254 3105 -7675 319
930 5254 5573 -4253 3100 -7673 323
931 5251 5572 -4251 3102 -7674 319
932 5252 5575 -4251 3104 -7672 320
933 5253 5576 -4250 3101 -7672 323
934 5251 5574 -4252 3103 -7674 321
935 5252 5575 -4248 3099 -7673 319
936 5255 5574 -4250 3103 -7671 323
937 5252 5573 -4249 3105 -7669 321
938 5251 5576 -4247 3102 -7673 323
939 5251 5578 -4249 3104 -7674 321
940 5250 5577 -4251 3106 -7675 323
941 5254 5575 -4250 3105 -7673 322
942 5255 5579 -4250 3103 -7673 326
943 5258 5576 -4247 3101 -7673 323
944 5253 5574 -4247 3102 -7670 323
945 5253 5573 -4246 3101 -7669 327
946 5250 5577 -4249 3103 -7664 325
947 5245 5575 -4247 3101 -7665 324
948 5251 5575 -4249 3099 -7669 323
949 5250 5575 -4246 3101 -7673 325
950 5255 5577 -4251 3103 -7673 324
951 5257 5575 -4246 3105 -7676 326
952 5258 5579 -4251 3101 -7675 327
953 5253 5576 -4249 3101 -7671 325
954 5251 5578 -4248 3099 -7668 326
955 5253 5577 -4243 3102 -7665 330
956 5254 5577 -4243 3100 -7666 329
957 5250 5579 -4244 3101 -7665 327
958 5253 5581 -4245 3102 -7669 327
959 5256 5576 -4244 3103 -7672 326
960 5255 5578 -4245 3102 -7677 326
961 5257 5578 -4244 3102 -7677 327
962 5256 5579 -4245 3104 -7676 329
963 5257 5579 -4248 3104 -7674 329
964 5255 5582 -4245 3104 -7672 332
965 5253 5579 -4245 3103 -7667 332
966 5253 5581 -4245 3101 -7669 331
967 5251 5579 -4248 3096 -7669 332
968 5253 5578 -4245 3096 -7674 329
969 5252 5579 -4240 3100 -7670 331
970 5255 5581 -4241 3097 -7669 332
971 5252 5580 -4245 3101 -7669 331
972 5255 5578 -4241 3099 -7672 334
973 5253 5577 -4242 3103 -7675 330
974 5254 5579 -4244 3101 -7676 333
975 5253 5578 -4241 3102 -7674 334
976 5257 5579 -4244 3102 -7672 334
977 5254 5581 -4243 3099 -7670 334
978 5250 5582 -4239 3100 -7667 332
979 5250 5581 -4241 3099 -7671 334
980 5250 5584 -4240 3106 -7672 334
981 5253 5580 -4239 3103 -7677 336
982 5256 5583 -4241 3104 -7677 333
983 5257 5582 -4241 3100 -7678 337
984 5261 5586 -4239 3104 -7678 333
985 5259 5582 -4240 3098 -7679 337
986 5256 5580 -4239 3098 -7674 337
987 5254 5583 -4237 3099 -7669 340
988 5252 5585 -4241 3097 -7669 336
989 5253 5582 -4238 3098 -7670 336
990 5254 5583 -4238 3101 -7673 339
991 5258 5585 -4240 3102 -7675 338
992 5262 5586 -4238 3098 -7682 338
993 5258 5584 -4238 3104 -7678 338
994 5264 5585 -4237 3099 -7680 339
995 5254 5585 -4239 3099 -7672 340
996 5253 5582 -4237 3099 -7674 341
997 5254 5583 -4237 3101 -7677 340
998 5255 5588 -4239 3100 -7677 343
999 5259 5585 -4234 3097 -7677 340
