0 1039 278 1337 454 -845 -240
1 1040 282 1338 452 -843 -244
2 1041 281 1339 450 -849 -245
3 1041 279 1339 453 -847 -243
4 1041 280 1336 454 -846 -240
5 1035 280 1336 453 -847 -245
6 1040 279 1335 452 -847 -241
7 1037 281 1336 450 -843 -243
8 1040 281 1334 448 -847 -243
9 1042 280 1335 450 -850 -241
10 1042 279 1339 453 -846 -242
11 1045 280 1337 454 -846 -242
12 1043 282 1335 456 -847 -241
13 1040 279 1337 455 -847 -240
14 1038 281 1338 453 -848 -243
15 1039 281 1339 448 -848 -242
16 1042 280 1341 448 -847 -241
17 1042 281 1339 449 -848 -241
18 1044 279 1337 450 -848 -242
19 1042 280 1336 450 -847 -242
20 1036 281 1339 451 -846 -243
21 1037 279 1335 448 -847 -244
22 1039 280 1338 449 -846 -246
23 1038 279 1335 453 -847 -244
24 1041 279 1335 453 -847 -243
25 1039 279 1337 449 -850 -240
26 1040 281 1335 451 -850 -243
27 1041 278 1334 455 -848 -243
28 1038 280 1336 450 -846 -243
29 1039 281 1335 454 -846 -245
30 1039 282 1332 452 -846 -244
31 1042 283 1337 449 -850 -240
32 1044 284 1341 450 -846 -241
33 1041 281 1338 451 -846 -242
34 1040 278 1337 456 -848 -242
35 1041 281 1337 455 -846 -242
36 1041 277 1336 449 -848 -239
37 1040 281 1335 450 -845 -243
38 1040 280 1335 448 -844 -243
39 1039 282 1338 450 -851 -246
40 1043 281 1336 449 -847 -242
41 1041 281 1335 450 -848 -243
42 1041 279 1335 451 -845 -242
43 1039 281 1338 452 -843 -242
44 1040 279 1337 452 -849 -245
45 1041 280 1336 449 -847 -243
46 1044 279 1335 451 -848 -242
47 1041 279 1338 453 -847 -243
48 1040 281 1339 454 -844 -244
49 1040 281 1334 454 -847 -241
50 1037 282 1339 454 -846 -242
51 1037 282 1341 451 -847 -245
52 1041 280 1336 448 -848 -242
53 1045 282 1335 447 -848 -246
54 1045 286 1335 451 -848 -243
55 1041 280 1336 453 -846 -239
56 1040 276 1336 453 -846 -240
57 1038 280 1338 454 -848 -242
58 1041 284 1339 452 -844 -243
59 1041 280 1334 450 -846 -242
60 1040 282 1339 452 -844 -239
61 1044 282 1339 450 -847 -242
62 1043 279 1337 452 -846 -244
63 1041 284 1339 451 -842 -240
64 1038 279 1338 452 -844 -240
65 1040 287 1339 454 -844 -242
66 1041 281 1338 449 -844 -243
67 1042 281 1338 450 -847 -240
68 1040 281 1338 452 -845 -242
69 1039 285 1339 455 -848 -242
70 1040 280 1334 458 -846 -242
71 1034 282 1338 459 -844 -246
72 1039 283 1337 459 -846 -240
73 1041 283 1341 451 -848 -239
74 1043 284 1338 452 -847 -241
75 1044 280 1337 451 -844 -240
76 1043 279 1337 447 -842 -243
77 1042 283 1336 450 -842 -240
78 1041 279 1340 452 -842 -240
79 1042 283 1339 451 -845 -240
80 1040 281 1338 457 -845 -242
81 1040 283 1339 457 -846 -240
82 1043 283 1336 456 -848 -241
83 1042 282 1336 453 -848 -240
84 1043 280 1336 451 -844 -242
85 1043 281 1338 446 -843 -240
86 1038 282 1339 450 -843 -241
87 1043 283 1338 451 -842 -241
88 1040 279 1337 451 -844 -242
89 1041 284 1340 455 -847 -241
90 1040 285 1339 457 -850 -242
91 1040 281 1339 459 -848 -242
92 1037 281 1337 455 -846 -246
93 1038 283 1340 456 -843 -244
94 1038 282 1338 452 -844 -243
95 1041 281 1339 451 -842 -241
96 1044 283 1340 451 -845 -239
97 1047 283 1337 453 -845 -242
98 1046 282 1337 454 -847 -239
99 1042 281 1336 454 -842 -241
100 1040 279 1339 456 -841 -243
101 1038 283 1338 453 -844 -242
102 1039 281 1338 450 -848 -243
103 1042 281 1338 447 -846 -241
104 1043 281 1336 449 -849 -242
105 1046 281 1338 451 -847 -241
106 1045 280 1336 451 -847 -238
107 1042 282 1338 454 -845 -242
108 1039 282 1337 453 -844 -242
109 1038 281 1339 451 -844 -242
110 1042 284 1341 451 -844 -239
111 1042 282 1338 453 -845 -243
112 1042 282 1336 455 -846 -240
113 1041 284 1336 455 -847 -241
114 1040 284 1341 456 -846 -243
115 1037 284 1340 456 -846 -244
116 1036 283 1336 454 -846 -238
117 1043 283 1341 450 -845 -242
118 1042 281 1338 451 -843 -242
119 1043 280 1337 454 -845 -240
120 1043 282 1339 454 -846 -240
121 1042 280 1337 455 -845 -240
122 1042 283 1336 453 -845 -241
123 1042 284 1339 453 -844 -241
124 1041 282 1338 448 -842 -240
125 1043 281 1339 452 -843 -238
126 1042 283 1339 453 -846 -239
127 1041 282 1341 454 -845 -240
128 1042 279 1337 455 -845 -241
129 1040 282 1339 458 -848 -244
130 1041 285 1337 458 -847 -241
131 1043 282 1340 451 -844 -243
132 1040 285 1342 449 -843 -240
133 1042 284 1337 453 -841 -239
134 1047 283 1341 453 -844 -238
135 1042 279 1341 451 -849 -242
136 1041 279 1336 453 -847 -243
137 1038 280 1336 456 -848 -242
138 1044 286 1341 456 -845 -239
139 1040 282 1337 455 -850 -238
140 1040 282 1337 455 -845 -241
141 1041 283 1341 453 -846 -241
142 1046 282 1338 452 -844 -239
143 1041 281 1338 450 -846 -240
144 1044 279 1337 451 -846 -240
145 1044 281 1338 447 -845 -243
146 1044 279 1335 450 -846 -243
147 1044 281 1338 451 -847 -239
148 1040 281 1337 454 -845 -241
149 1039 281 1335 454 -851 -242
150 1040 280 1337 455 -846 -241
151 1038 282 1337 455 -849 -245
152 1039 282 1339 455 -848 -241
153 1041 284 1338 446 -846 -242
154 1044 282 1336 445 -846 -241
155 1045 281 1337 446 -842 -240
156 1042 280 1338 448 -842 -242
157 1041 281 1335 455 -842 -240
158 1042 281 1338 454 -846 -240
159 1041 279 1338 457 -848 -241
160 1039 282 1335 458 -846 -244
161 1042 280 1336 452 -851 -242
162 1039 279 1332 453 -846 -242
163 1041 279 1337 452 -843 -242
164 1042 281 1339 451 -843 -240
165 1038 281 1337 447 -845 -243
166 1038 281 1340 448 -846 -242
167 1040 283 1338 448 -845 -243
168 1045 279 1335 453 -846 -242
169 1042 280 1339 457 -846 -243
170 1041 282 1338 455 -847 -242
171 1040 278 1337 452 -844 -241
172 1040 279 1341 450 -845 -239
173 1042 281 1338 451 -845 -244
174 1040 280 1336 452 -847 -240
175 1042 282 1339 450 -845 -242
176 1043 282 1336 451 -843 -242
177 1041 281 1336 450 -844 -240
178 1039 279 1335 452 -845 -244
179 1040 285 1340 448 -848 -243
180 1040 281 1339 452 -849 -240
181 1042 282 1336 451 -844 -242
182 1040 282 1340 456 -849 -244
183 1041 282 1335 454 -844 -242
184 1043 284 1334 459 -850 -244
185 1041 279 1333 455 -847 -244
186 1041 282 1335 455 -844 -241
187 1042 283 1334 453 -846 -241
188 1042 281 1336 452 -843 -238
189 1042 282 1338 450 -843 -244
190 1044 282 1338 449 -849 -242
191 1043 283 1335 452 -847 -240
192 1040 280 1337 454 -846 -241
193 1040 283 1338 453 -847 -244
194 1040 281 1334 451 -841 -243
195 1038 283 1338 446 -846 -242
196 1041 278 1337 449 -844 -243
197 1043 282 1336 450 -844 -242
198 1043 281 1337 453 -845 -242
199 1041 283 1338 451 -848 -241
200 1041 283 1340 452 -846 -242
201 1039 282 1337 451 -846 -242
202 1043 282 1337 452 -845 -242
203 1039 282 1339 450 -846 -242
204 1040 282 1338 453 -843 -242
205 1041 282 1338 452 -846 -240
206 1041 279 1335 455 -851 -240
207 1041 281 1336 454 -851 -244
208 1040 281 1335 457 -848 -243
209 1040 281 1336 453 -845 -242
210 1039 281 1338 454 -847 -244
211 1043 282 1338 449 -849 -245
212 1039 283 1337 450 -845 -239
213 1040 281 1340 451 -848 -242
214 1039 280 1338 453 -848 -241
215 1040 284 1339 452 -847 -240
216 1041 281 1337 454 -847 -243
217 1038 279 1338 453 -844 -243
218 1041 277 1336 450 -845 -242
219 1042 281 1338 449 -841 -242
220 1041 283 1340 449 -844 -239
221 1040 281 1338 452 -843 -242
222 1038 282 1333 453 -844 -243
223 1037 282 1334 454 -847 -244
224 1039 283 1336 454 -848 -243
225 1040 278 1335 458 -845 -242
226 1042 278 1337 453 -847 -244
227 1040 280 1334 454 -845 -242
228 1040 278 1338 453 -844 -240
229 1039 281 1337 453 -848 -241
230 1042 283 1339 457 -847 -242
231 1040 281 1339 452 -849 -245
232 1038 282 1336 455 -846 -243
233 1044 282 1337 451 -850 -244
234 1043 282 1337 450 -850 -242
235 1041 278 1338 451 -850 -242
236 1035 280 1335 451 -846 -240
237 1040 279 1338 449 -848 -243
238 1042 280 1338 449 -847 -243
239 1043 277 1334 450 -847 -244
240 1041 278 1336 446 -848 -244
241 1041 275 1338 448 -849 -243
242 1042 279 1338 450 -847 -244
243 1041 281 1337 450 -844 -242
244 1038 278 1338 450 -847 -243
245 1037 280 1337 453 -848 -242
246 1039 277 1333 454 -848 -243
247 1039 279 1335 453 -847 -246
248 1040 278 1336 451 -845 -240
249 1042 277 1335 452 -849 -243
250 1044 280 1337 451 -845 -242
251 1038 281 1334 450 -849 -243
252 1037 281 1337 450 -846 -244
253 1038 280 1337 453 -846 -243
254 1038 283 1335 453 -849 -243
255 1042 279 1333 456 -847 -244
256 1043 281 1338 451 -848 -242
257 1044 283 1336 453 -846 -243
258 1042 278 1336 450 -842 -244
259 1043 283 1335 448 -845 -241
260 1042 281 1336 449 -846 -241
261 1040 284 1337 451 -845 -241
262 1040 282 1337 447 -847 -240
263 1042 279 1334 448 -845 -242
264 1041 280 1335 451 -848 -240
265 1040 280 1334 451 -847 -243
266 1037 279 1337 450 -844 -242
267 1039 283 1341 452 -846 -245
268 1039 279 1336 452 -847 -244
269 1041 279 1335 448 -847 -244
270 1042 280 1335 454 -849 -241
271 1038 280 1335 453 -847 -242
272 1040 282 1338 454 -846 -242
273 1037 283 1338 453 -846 -241
274 1037 280 1336 453 -846 -240
275 1038 283 1339 450 -843 -240
276 1040 282 1338 451 -846 -241
277 1042 282 1340 454 -851 -244
278 1041 279 1336 455 -850 -243
279 1039 279 1337 454 -849 -243
280 1041 280 1338 453 -843 -241
281 1040 282 1337 453 -844 -242
282 1041 283 1339 452 -845 -239
283 1040 283 1338 451 -842 -241
284 1040 282 1336 450 -848 -244
285 1041 280 1335 452 -849 -242
286 1041 279 1335 450 -849 -243
287 1040 277 1335 452 -843 -242
288 1042 281 1339 448 -844 -240
289 1040 278 1337 450 -844 -241
290 1035 282 1336 449 -844 -243
291 1042 281 1336 449 -845 -243
292 1041 281 1335 453 -847 -239
293 1041 279 1337 454 -849 -242
294 1040 283 1335 451 -848 -242
295 1037 279 1337 453 -847 -243
296 1038 279 1336 452 -846 -241
297 1037 277 1338 450 -844 -244
298 1039 280 1336 451 -844 -243
299 1041 281 1337 450 -848 -243
300 1041 281 1338 450 -845 -243
301 1042 277 1336 455 -847 -244
302 1041 281 1337 453 -850 -244
303 1041 278 1336 455 -851 -246
304 1038 280 1335 451 -847 -244
305 1040 277 1338 452 -845 -242
306 1038 280 1334 450 -848 -243
307 1041 282 1337 449 -845 -240
308 1044 281 1335 451 -844 -242
309 1044 280 1340 449 -848 -239
310 1041 281 1337 447 -847 -244
311 1044 281 1335 450 -846 -244
312 1042 281 1337 453 -848 -242
313 1041 281 1337 453 -850 -242
314 1041 278 1336 454 -845 -244
315 1040 283 1338 452 -850 -245
316 1039 279 1335 453 -848 -244
317 1037 280 1338 455 -847 -245
318 1037 279 1334 450 -849 -246
319 1040 281 1336 451 -845 -243
320 1037 280 1337 446 -846 -240
321 1042 282 1339 447 -848 -242
322 1039 280 1337 453 -846 -241
323 1042 280 1336 452 -845 -244
324 1040 281 1341 452 -850 -241
325 1040 281 1336 456 -852 -246
326 1040 279 1333 454 -851 -245
327 1040 282 1336 452 -847 -244
328 1040 279 1338 455 -844 -241
329 1039 279 1337 449 -845 -240
330 1040 280 1337 448 -845 -241
331 1042 284 1336 451 -848 -240
332 1042 281 1339 450 -847 -239
333 1040 283 1335 455 -847 -244
334 1041 279 1336 450 -848 -241
335 1040 278 1337 450 -846 -246
336 1041 283 1338 449 -846 -241
337 1039 280 1338 448 -847 -242
338 1039 280 1334 452 -845 -242
339 1039 280 1337 451 -847 -243
340 1037 281 1338 452 -850 -242
341 1038 281 1335 453 -849 -245
342 1040 281 1335 451 -848 -244
343 1040 279 1337 450 -848 -243
344 1040 279 1336 450 -844 -241
345 1038 276 1340 453 -845 -242
346 1037 279 1335 452 -846 -243
347 1037 281 1335 452 -851 -242
348 1040 280 1337 453 -851 -241
349 1043 280 1338 449 -849 -241
350 1042 283 1337 449 -849 -244
351 1041 281 1337 451 -844 -245
352 1043 279 1339 452 -843 -241
353 1040 281 1338 451 -847 -241
354 1038 282 1338 454 -847 -242
355 1037 280 1338 450 -847 -243
356 1042 282 1336 449 -849 -243
357 1043 279 1336 451 -848 -241
358 1042 279 1337 450 -845 -243
359 1041 278 1335 450 -844 -241
360 1039 278 1338 452 -846 -239
361 1039 281 1336 451 -845 -242
362 1035 282 1336 453 -848 -245
363 1038 279 1336 454 -847 -242
364 1043 279 1336 455 -847 -243
365 1042 285 1338 451 -846 -245
366 1041 278 1336 452 -845 -245
367 1039 281 1337 446 -844 -239
368 1037 282 1334 450 -844 -243
369 1038 282 1341 449 -844 -241
370 1040 282 1334 452 -849 -243
371 1039 277 1333 452 -851 -241
372 1040 278 1336 455 -851 -240
373 1042 279 1335 455 -847 -246
374 1037 277 1338 456 -843 -243
375 1038 281 1338 452 -842 -242
376 1040 282 1338 450 -844 -238
377 1040 281 1338 449 -842 -242
378 1044 280 1337 445 -845 -241
379 1047 278 1338 449 -848 -242
380 1042 282 1336 452 -847 -241
381 1044 277 1338 454 -845 -243
382 1039 283 1339 456 -848 -241
383 1038 285 1336 453 -846 -243
384 1037 280 1337 451 -845 -239
385 1037 281 1341 450 -844 -239
386 1042 282 1338 450 -847 -242
387 1041 283 1338 455 -848 -244
388 1037 281 1340 453 -847 -242
389 1038 280 1339 451 -846 -243
390 1040 281 1338 450 -845 -243
391 1037 282 1336 451 -845 -240
392 1040 280 1338 454 -847 -240
393 1042 283 1340 454 -846 -241
394 1044 282 1338 454 -845 -242
395 1043 280 1337 452 -845 -242
396 1039 280 1339 456 -843 -243
397 1040 284 1339 454 -843 -238
398 1038 280 1336 452 -844 -242
399 1041 284 1336 445 -843 -243
400 1041 278 1337 446 -847 -241
401 1044 284 1339 450 -849 -244
402 1040 279 1337 455 -847 -242
403 1040 283 1337 453 -846 -242
404 1038 280 1336 454 -848 -244
405 1032 279 1338 451 -847 -245
406 1039 281 1336 449 -844 -239
407 1042 282 1337 452 -845 -245
408 1041 281 1339 450 -846 -241
409 1041 284 1338 453 -851 -241
410 1040 282 1334 454 -852 -244
411 1033 281 1333 455 -848 -240
412 1038 281 1338 451 -846 -241
413 1040 280 1334 449 -845 -243
414 1041 279 1335 448 -844 -240
415 1041 277 1336 445 -847 -241
416 1042 280 1336 449 -848 -242
417 1040 281 1337 452 -847 -243
418 1040 281 1339 454 -847 -242
419 1039 278 1335 453 -848 -242
420 1040 280 1332 451 -849 -243
421 1040 280 1336 451 -848 -242
422 1040 280 1336 449 -846 -240
423 1041 281 1338 449 -844 -242
424 1042 279 1334 450 -844 -241
425 1038 277 1337 448 -845 -243
426 1042 280 1338 452 -848 -245
427 1039 281 1337 453 -850 -243
428 1042 278 1338 452 -848 -243
429 1043 283 1339 451 -847 -244
430 1041 284 1339 450 -849 -244
431 1040 281 1337 456 -845 -242
432 1040 282 1334 453 -850 -244
433 1037 283 1340 457 -848 -246
434 1039 277 1338 453 -849 -240
435 1038 281 1337 450 -847 -242
436 1040 281 1336 450 -847 -239
437 1041 278 1339 448 -843 -243
438 1043 281 1339 449 -844 -242
439 1040 279 1336 455 -844 -242
440 1037 280 1338 454 -846 -244
441 1040 278 1337 455 -845 -241
442 1043 282 1338 451 -845 -239
443 1039 281 1337 451 -847 -246
444 1041 279 1336 451 -848 -243
445 1041 278 1336 451 -845 -241
446 1039 277 1337 450 -846 -242
447 1036 279 1338 454 -841 -240
448 1039 285 1341 452 -841 -243
449 1039 278 1334 455 -846 -244
450 1037 282 1337 452 -849 -241
451 1042 282 1338 453 -849 -240
452 1043 281 1336 454 -851 -245
453 1038 285 1334 450 -845 -243
454 1039 280 1337 451 -848 -237
455 1038 279 1340 452 -845 -243
456 1039 282 1339 452 -845 -243
457 1040 280 1336 453 -847 -244
458 1041 280 1336 452 -850 -243
459 1041 279 1334 450 -851 -243
460 1038 280 1338 448 -845 -242
461 1038 279 1334 451 -846 -241
462 1036 280 1335 452 -843 -243
463 1038 281 1337 447 -849 -244
464 1041 281 1338 446 -846 -240
465 1038 279 1339 452 -845 -239
466 1044 284 1336 451 -846 -243
467 1042 282 1339 453 -850 -240
468 1041 278 1337 451 -848 -243
469 1037 280 1340 451 -845 -244
470 1037 278 1336 453 -846 -243
471 1040 280 1337 451 -846 -244
472 1038 278 1339 451 -849 -243
473 1044 282 1336 456 -853 -244
474 1042 279 1336 453 -846 -240
475 1041 279 1336 453 -846 -241
476 1038 282 1334 452 -844 -244
477 1042 277 1338 451 -840 -242
478 1037 281 1337 449 -846 -240
479 1038 279 1337 452 -848 -244
480 1039 282 1336 450 -850 -241
481 1041 283 1338 452 -851 -243
482 1042 282 1336 452 -847 -243
483 1041 280 1338 451 -846 -241
484 1039 280 1337 450 -849 -243
485 1039 277 1335 450 -845 -245
486 1037 281 1339 450 -847 -244
487 1042 279 1340 446 -846 -240
488 1044 282 1342 450 -845 -240
489 1041 279 1338 456 -846 -241
490 1043 285 1336 451 -849 -243
491 1036 282 1337 454 -846 -242
492 1037 279 1334 452 -846 -241
493 1038 283 1335 452 -848 -244
494 1046 284 1335 452 -841 -240
495 1043 286 1336 449 -849 -239
496 1043 282 1338 453 -849 -242
497 1040 279 1335 451 -849 -243
498 1038 279 1334 452 -848 -241
499 1040 283 1336 451 -845 -238
500 1039 282 1338 448 -847 -241
501 1042 283 1339 452 -848 -242
502 1042 282 1337 449 -846 -241
503 1040 281 1337 455 -852 -242
504 1041 280 1335 455 -851 -241
505 1039 283 1337 454 -847 -245
506 1039 279 1337 454 -851 -246
507 1039 279 1333 450 -848 -243
508 1038 281 1337 444 -847 -242
509 1041 282 1337 449 -845 -241
510 1044 282 1339 451 -842 -242
511 1043 280 1342 452 -844 -240
512 1039 283 1342 450 -848 -243
513 1041 279 1338 455 -847 -243
514 1041 281 1341 454 -847 -245
515 1040 284 1335 454 -845 -242
516 1040 280 1336 453 -848 -240
517 1043 279 1337 448 -845 -240
518 1039 280 1336 453 -847 -242
519 1044 278 1338 453 -844 -242
520 1041 282 1339 453 -847 -244
521 1041 278 1339 454 -845 -243
522 1041 281 1338 452 -843 -238
523 1040 280 1334 454 -845 -241
524 1040 283 1337 454 -845 -241
525 1040 281 1336 455 -847 -241
526 1038 284 1337 454 -845 -242
527 1039 281 1338 455 -849 -240
528 1038 280 1335 453 -850 -240
529 1038 278 1337 452 -847 -244
530 1041 282 1336 445 -844 -243
531 1045 282 1339 444 -843 -242
532 1045 279 1335 450 -840 -240
533 1043 280 1339 450 -845 -243
534 1039 283 1337 452 -845 -242
535 1039 283 1337 458 -848 -241
536 1039 282 1335 458 -846 -243
537 1039 281 1339 455 -850 -243
538 1042 281 1337 454 -850 -244
539 1045 282 1339 455 -848 -243
540 1040 281 1336 449 -845 -242
541 1040 282 1338 449 -844 -241
542 1042 282 1337 451 -844 -241
543 1041 281 1335 455 -846 -240
544 1039 280 1337 455 -846 -242
545 1043 280 1339 454 -847 -239
546 1045 281 1337 456 -848 -239
547 1041 283 1338 453 -848 -239
548 1040 283 1340 453 -842 -243
549 1041 283 1338 453 -843 -243
550 1042 285 1343 452 -846 -239
551 1045 283 1338 451 -846 -239
552 1046 280 1338 448 -844 -238
553 1045 283 1341 448 -845 -241
554 1045 279 1339 453 -845 -239
555 1040 282 1339 455 -844 -239
556 1040 283 1338 453 -847 -241
557 1035 282 1336 455 -841 -244
558 1038 284 1339 452 -845 -242
559 1045 282 1337 450 -842 -238
560 1045 281 1337 454 -849 -240
561 1043 281 1338 455 -847 -238
562 1041 281 1335 452 -845 -242
563 1043 284 1339 455 -840 -239
564 1038 284 1336 453 -844 -240
565 1039 282 1337 455 -845 -241
566 1040 281 1335 455 -847 -242
567 1041 282 1340 455 -851 -244
568 1041 281 1338 455 -849 -240
569 1043 280 1336 450 -850 -244
570 1044 281 1338 450 -844 -241
571 1040 284 1338 451 -842 -238
572 1042 280 1340 447 -844 -241
573 1044 280 1338 448 -843 -241
574 1045 284 1341 447 -844 -239
575 1040 278 1339 451 -850 -239
576 1042 284 1335 455 -850 -241
577 1042 282 1335 453 -849 -243
578 1041 282 1336 452 -846 -239
579 1040 280 1339 450 -842 -239
580 1038 282 1342 446 -844 -242
581 1040 282 1337 447 -845 -243
582 1045 283 1338 449 -847 -241
583 1045 279 1339 454 -848 -240
584 1042 280 1339 453 -845 -243
585 1040 284 1338 458 -849 -240
586 1037 284 1339 457 -846 -243
587 1038 279 1338 453 -845 -241
588 1039 281 1338 451 -844 -239
589 1041 282 1337 454 -849 -241
590 1043 283 1337 452 -850 -241
591 1044 278 1339 453 -849 -243
592 1040 280 1335 455 -848 -241
593 1043 283 1339 454 -847 -244
594 1040 281 1337 451 -843 -238
595 1042 281 1336 456 -840 -239
596 1040 282 1341 450 -845 -242
597 1042 277 1338 453 -848 -242
598 1042 281 1335 453 -847 -244
599 1041 282 1339 455 -848 -239
600 1045 282 1338 449 -847 -244
601 1041 280 1337 449 -844 -242
602 1042 281 1336 446 -843 -244
603 1041 284 1338 447 -841 -242
604 1043 284 1336 450 -842 -238
605 1043 284 1338 453 -844 -241
606 1040 279 1340 456 -848 -239
607 1041 283 1337 455 -850 -244
608 1038 282 1337 458 -848 -241
609 1039 281 1337 457 -846 -246
610 1037 281 1340 452 -846 -243
611 1043 280 1336 452 -846 -242
612 1042 283 1338 452 -843 -240
613 1043 280 1337 449 -846 -240
614 1042 283 1337 453 -851 -244
615 1042 284 1340 455 -847 -241
616 1043 282 1335 458 -843 -240
617 1044 283 1339 453 -845 -243
618 1042 284 1337 451 -845 -240
619 1041 282 1337 448 -842 -240
620 1042 280 1337 449 -844 -240
621 1044 281 1336 450 -846 -242
622 1044 283 1336 454 -845 -239
623 1042 284 1340 455 -845 -241
624 1044 286 1341 452 -845 -241
625 1039 281 1339 451 -844 -241
626 1041 281 1339 453 -841 -240
627 1043 281 1340 451 -843 -243
628 1039 282 1339 458 -846 -240
629 1041 281 1341 456 -845 -242
630 1039 282 1339 453 -848 -240
631 1044 283 1336 453 -849 -243
632 1040 281 1338 454 -849 -241
633 1042 282 1338 454 -844 -241
634 1040 280 1336 452 -843 -244
635 1039 284 1339 450 -844 -238
636 1039 283 1339 454 -845 -239
637 1040 284 1338 454 -847 -243
638 1042 284 1336 452 -847 -243
639 1043 284 1341 454 -848 -243
640 1044 281 1337 454 -843 -240
641 1040 280 1337 451 -844 -238
642 1041 280 1337 449 -842 -240
643 1041 282 1339 453 -841 -239
644 1042 286 1341 446 -844 -242
645 1041 284 1337 450 -845 -244
646 1043 283 1337 458 -844 -242
647 1044 286 1339 456 -847 -242
648 1040 283 1339 452 -845 -243
649 1039 280 1340 450 -844 -240
650 1040 284 1338 451 -842 -241
651 1041 282 1338 451 -845 -240
652 1044 286 1337 454 -846 -239
653 1045 282 1337 457 -849 -242
654 1044 283 1339 456 -850 -239
655 1040 283 1337 454 -847 -241
656 1037 281 1338 455 -846 -242
657 1039 282 1337 452 -848 -241
658 1038 278 1338 451 -845 -243
659 1042 283 1338 454 -845 -240
660 1044 281 1339 453 -850 -241
661 1045 284 1337 454 -844 -241
662 1044 280 1335 451 -847 -239
663 1041 279 1336 453 -847 -242
664 1045 279 1341 448 -846 -241
665 1042 279 1337 450 -844 -240
666 1041 279 1335 449 -842 -240
667 1042 283 1338 451 -846 -240
668 1041 282 1337 454 -849 -241
669 1038 280 1335 457 -850 -240
670 1040 280 1337 455 -847 -241
671 1039 279 1337 450 -851 -242
672 1040 281 1338 451 -843 -237
673 1042 283 1340 451 -843 -244
674 1042 279 1340 450 -847 -241
675 1041 278 1335 451 -847 -243
676 1039 283 1336 455 -847 -243
677 1040 283 1336 454 -850 -240
678 1044 279 1336 456 -846 -242
679 1036 282 1337 455 -849 -242
680 1039 284 1339 454 -845 -242
681 1041 282 1337 453 -844 -244
682 1041 280 1338 452 -844 -242
683 1041 281 1337 450 -846 -240
684 1043 281 1338 451 -844 -241
685 1046 283 1339 452 -847 -241
686 1042 280 1341 452 -846 -242
687 1041 283 1337 456 -845 -240
688 1042 284 1339 449 -845 -242
689 1042 281 1336 453 -842 -239
690 1041 281 1338 452 -843 -244
691 1042 282 1334 455 -848 -242
692 1039 280 1338 456 -848 -239
693 1040 281 1337 453 -847 -241
694 1041 277 1338 453 -848 -242
695 1043 282 1338 449 -844 -240
696 1044 284 1342 448 -844 -242
697 1041 281 1339 453 -845 -241
698 1041 282 1337 455 -844 -242
699 1038 285 1339 455 -848 -242
700 1038 287 1342 461 -851 -237
701 1041 282 1337 457 -850 -243
702 1040 282 1334 455 -846 -244
703 1040 281 1335 453 -845 -242
704 1040 282 1340 449 -843 -240
705 1039 283 1339 451 -842 -240
706 1042 278 1341 452 -841 -239
707 1043 283 1340 448 -845 -239
708 1042 281 1338 453 -846 -242
709 1043 284 1338 452 -850 -239
710 1041 280 1336 453 -847 -241
711 1042 283 1339 448 -844 -243
712 1041 285 1339 452 -845 -240
713 1040 282 1338 450 -845 -242
714 1040 281 1340 453 -845 -243
715 1043 284 1333 454 -844 -243
716 1040 282 1337 451 -847 -241
717 1043 279 1338 452 -845 -242
718 1039 280 1337 453 -847 -241
719 1037 281 1338 451 -845 -243
720 1037 279 1337 452 -846 -240
721 1036 277 1339 455 -844 -244
722 1040 281 1339 454 -848 -244
723 1040 281 1336 454 -850 -240
724 1046 283 1338 455 -850 -242
725 1040 281 1338 450 -851 -240
726 1045 279 1337 452 -847 -242
727 1039 281 1337 452 -844 -239
728 1041 280 1339 451 -844 -240
729 1039 282 1337 449 -844 -242
730 1042 279 1335 449 -848 -243
731 1044 282 1336 452 -849 -238
732 1042 281 1338 454 -848 -237
733 1043 279 1339 452 -846 -241
734 1039 283 1340 450 -844 -239
735 1040 279 1339 452 -839 -240
736 1041 280 1341 447 -842 -242
737 1043 280 1340 449 -843 -242
738 1043 281 1337 457 -845 -239
739 1043 282 1339 450 -849 -243
740 1043 280 1338 457 -849 -243
741 1040 279 1337 454 -848 -240
742 1039 280 1333 455 -846 -242
743 1039 280 1337 454 -844 -240
744 1040 286 1338 452 -844 -242
745 1042 284 1340 452 -848 -241
746 1039 284 1337 453 -848 -242
747 1045 284 1339 454 -852 -242
748 1042 281 1337 455 -847 -242
749 1043 281 1338 451 -846 -242
750 1039 280 1337 450 -843 -241
751 1042 282 1336 449 -842 -243
752 1038 281 1339 452 -846 -242
753 1042 277 1336 449 -849 -243
754 1044 283 1337 452 -850 -242
755 1045 281 1337 451 -849 -240
756 1041 281 1335 452 -848 -242
757 1042 283 1337 450 -844 -241
758 1041 279 1338 450 -840 -242
759 1041 282 1339 453 -842 -238
760 1040 280 1339 449 -847 -242
761 1042 283 1337 448 -849 -243
762 1044 282 1335 454 -852 -243
763 1042 283 1338 456 -850 -244
764 1039 280 1336 456 -848 -243
765 1040 281 1336 455 -844 -241
766 1037 282 1337 448 -842 -242
767 1041 281 1338 449 -844 -241
768 1039 280 1337 451 -849 -245
769 1045 278 1336 451 -848 -243
770 1043 282 1337 458 -852 -243
771 1043 284 1339 455 -849 -244
772 1040 280 1337 455 -849 -240
773 1041 282 1337 451 -846 -243
774 1041 280 1336 452 -842 -240
775 1038 284 1340 450 -843 -239
776 1043 279 1339 448 -846 -240
777 1042 281 1337 450 -848 -239
778 1045 279 1336 454 -850 -242
779 1041 280 1335 453 -847 -240
780 1039 280 1340 450 -846 -240
781 1039 278 1336 450 -841 -240
782 1036 280 1337 449 -842 -239
783 1042 282 1338 448 -842 -241
784 1042 279 1338 449 -845 -244
785 1044 280 1337 453 -850 -242
786 1044 279 1336 455 -847 -245
787 1041 283 1338 452 -849 -243
788 1033 285 1337 452 -847 -244
789 1039 280 1337 450 -846 -240
790 1040 282 1340 450 -845 -244
791 1040 283 1338 453 -847 -244
792 1042 282 1337 453 -849 -245
793 1041 280 1333 455 -848 -240
794 1043 282 1338 453 -848 -244
795 1041 281 1336 453 -849 -243
796 1043 282 1338 449 -849 -244
797 1043 278 1338 450 -843 -238
798 1040 282 1338 446 -840 -242
799 1044 282 1341 450 -847 -244
800 1042 281 1335 455 -846 -245
801 1041 278 1337 451 -849 -243
802 1040 283 1335 452 -849 -243
803 1037 284 1334 451 -847 -243
804 1038 279 1337 451 -847 -242
805 1041 281 1337 451 -845 -241
806 1042 278 1335 448 -846 -243
807 1040 279 1337 448 -846 -242
808 1040 281 1338 451 -848 -248
809 1038 279 1333 455 -851 -245
810 1036 278 1335 458 -850 -245
811 1041 282 1336 454 -848 -243
812 1042 282 1338 452 -850 -244
813 1039 279 1337 451 -845 -243
814 1039 280 1336 451 -842 -240
815 1042 279 1336 450 -844 -240
816 1040 283 1339 452 -844 -240
817 1040 280 1339 453 -850 -243
818 1039 277 1338 454 -847 -242
819 1043 283 1340 450 -846 -240
820 1041 279 1340 450 -848 -241
821 1043 281 1337 448 -845 -242
822 1036 279 1336 448 -847 -240
823 1040 279 1337 451 -845 -240
824 1040 277 1338 454 -845 -241
825 1041 279 1338 451 -851 -244
826 1042 280 1336 451 -846 -243
827 1040 278 1338 454 -849 -242
828 1044 281 1339 453 -850 -243
829 1039 279 1337 455 -847 -243
830 1038 281 1338 451 -845 -238
831 1040 280 1335 452 -847 -241
832 1040 281 1338 453 -849 -242
833 1040 280 1338 453 -848 -241
834 1042 279 1334 454 -852 -241
835 1042 279 1335 450 -848 -241
836 1040 279 1335 450 -847 -242
837 1044 280 1341 452 -845 -241
838 1039 281 1337 454 -842 -243
839 1037 280 1339 454 -846 -240
840 1039 283 1335 451 -848 -241
841 1044 281 1337 452 -851 -244
842 1041 277 1335 452 -848 -243
843 1042 281 1338 452 -844 -240
844 1037 280 1336 451 -844 -241
845 1038 277 1336 450 -843 -242
846 1040 281 1337 450 -842 -243
847 1042 279 1338 451 -847 -240
848 1042 281 1338 451 -850 -240
849 1042 279 1337 454 -851 -241
850 1040 278 1336 456 -849 -243
851 1038 279 1336 449 -848 -244
852 1037 283 1336 453 -847 -243
853 1038 278 1337 449 -849 -242
854 1039 280 1338 449 -847 -244
855 1042 284 1336 452 -843 -241
856 1043 285 1338 455 -849 -239
857 1043 282 1337 454 -849 -240
858 1041 279 1333 452 -847 -245
859 1039 282 1335 454 -845 -240
860 1040 283 1342 451 -842 -241
861 1037 277 1335 453 -844 -242
862 1041 277 1337 450 -846 -242
863 1047 282 1336 451 -848 -241
864 1040 279 1336 451 -849 -241
865 1044 281 1339 454 -848 -242
866 1041 278 1334 453 -847 -242
867 1041 282 1334 450 -847 -238
868 1039 278 1338 448 -842 -241
869 1039 281 1336 449 -844 -240
870 1044 282 1335 448 -846 -244
871 1042 279 1335 449 -849 -243
872 1040 280 1334 452 -851 -243
873 1039 283 1335 456 -847 -245
874 1039 277 1335 451 -845 -244
875 1037 279 1334 452 -847 -241
876 1039 280 1338 451 -846 -243
877 1041 282 1334 451 -844 -242
878 1042 281 1337 449 -847 -239
879 1042 278 1334 454 -847 -241
880 1042 283 1336 454 -849 -243
881 1043 279 1337 452 -846 -243
882 1036 279 1334 450 -845 -244
883 1036 278 1334 449 -840 -241
884 1038 279 1338 449 -845 -241
885 1043 282 1335 447 -849 -243
886 1042 280 1333 451 -850 -244
887 1037 282 1336 453 -849 -243
888 1040 280 1333 455 -847 -244
889 1038 281 1336 451 -846 -242
890 1037 280 1336 449 -847 -243
891 1038 282 1335 448 -844 -244
892 1037 278 1338 448 -845 -243
893 1040 279 1339 450 -846 -242
894 1040 282 1337 455 -847 -243
895 1039 281 1337 457 -850 -243
896 1039 280 1336 454 -847 -244
897 1037 283 1335 452 -845 -242
898 1039 285 1335 455 -848 -244
899 1040 283 1337 449 -845 -243
900 1042 278 1336 452 -845 -243
901 1041 280 1338 450 -846 -244
902 1041 279 1339 447 -847 -245
903 1039 278 1338 451 -847 -243
904 1039 278 1337 453 -848 -243
905 1037 281 1334 452 -847 -242
906 1040 283 1334 450 -843 -241
907 1042 279 1336 449 -845 -242
908 1041 280 1336 450 -841 -242
909 1041 282 1337 448 -848 -242
910 1039 277 1338 450 -847 -241
911 1041 277 1334 451 -847 -243
912 1038 281 1335 455 -848 -241
913 1039 280 1340 450 -846 -241
914 1040 279 1336 447 -847 -245
915 1040 279 1338 450 -846 -244
916 1039 280 1337 450 -847 -239
917 1040 283 1335 450 -847 -242
918 1041 278 1337 453 -849 -246
919 1038 278 1335 453 -846 -245
920 1040 281 1337 449 -849 -240
921 1039 281 1337 450 -847 -239
922 1040 279 1338 448 -847 -244
923 1037 281 1333 455 -847 -241
924 1044 286 1340 452 -847 -241
925 1036 282 1338 453 -847 -243
926 1038 282 1335 452 -849 -244
927 1042 281 1334 451 -848 -242
928 1042 283 1337 448 -847 -241
929 1041 281 1336 450 -847 -241
930 1043 278 1336 450 -844 -243
931 1042 279 1334 446 -844 -240
932 1040 280 1336 450 -844 -239
933 1040 279 1338 456 -848 -242
934 1039 282 1339 455 -847 -242
935 1040 280 1333 451 -848 -242
936 1039 282 1336 452 -847 -244
937 1039 276 1332 446 -847 -240
938 1042 279 1335 448 -843 -244
939 1043 277 1337 448 -847 -240
940 1041 280 1337 451 -844 -241
941 1038 283 1339 453 -846 -245
942 1042 283 1338 455 -849 -242
943 1040 281 1337 453 -851 -242
944 1042 280 1336 452 -849 -244
945 1042 279 1335 450 -848 -243
946 1039 280 1335 456 -847 -242
947 1038 282 1340 450 -847 -242
948 1040 282 1337 451 -846 -245
949 1039 281 1338 447 -848 -242
950 1047 278 1337 449 -846 -242
951 1041 278 1336 452 -847 -241
952 1043 279 1337 452 -848 -240
953 1038 282 1336 454 -847 -240
954 1041 279 1338 450 -845 -240
955 1037 279 1336 451 -842 -242
956 1042 282 1338 450 -847 -240
957 1044 279 1334 451 -845 -242
958 1043 281 1335 451 -850 -242
959 1042 279 1337 452 -849 -244
960 1038 278 1337 453 -849 -244
961 1040 284 1337 453 -845 -243
962 1038 278 1339 450 -844 -238
963 1038 283 1335 454 -844 -244
964 1042 284 1340 453 -844 -240
965 1041 281 1339 452 -846 -244
966 1043 283 1335 456 -846 -241
967 1041 277 1336 450 -846 -245
968 1041 282 1333 450 -849 -242
969 1039 282 1337 454 -846 -243
970 1040 282 1336 452 -846 -241
971 1035 283 1340 451 -844 -242
972 1038 278 1338 451 -846 -246
973 1040 281 1337 450 -847 -239
974 1042 283 1336 450 -849 -242
975 1043 283 1339 453 -848 -243
976 1036 276 1337 452 -847 -241
977 1037 282 1339 449 -847 -242
978 1040 280 1337 451 -842 -241
979 1039 280 1340 454 -842 -241
980 1041 284 1339 450 -848 -244
981 1042 279 1337 451 -849 -239
982 1039 279 1338 454 -846 -245
983 1040 278 1333 455 -844 -243
984 1037 280 1337 450 -846 -242
985 1038 281 1336 450 -843 -245
986 1040 285 1337 446 -843 -241
987 1041 279 1336 449 -843 -245
988 1040 280 1337 455 -844 -242
989 1040 280 1339 455 -848 -245
990 1043 281 1335 450 -847 -242
991 1044 283 1337 453 -843 -241
992 1037 279 1337 450 -841 -243
993 1038 281 1337 449 -847 -242
994 1037 281 1338 451 -848 -241
995 1040 279 1335 452 -847 -243
996 1040 282 1339 449 -848 -245
997 1040 280 1337 452 -846 -243
998 1039 279 1336 453 -847 -243
999 1040 279 1336 453 -846 -242
0 -1920 5897 867 6653 -4096 -5302
1 -1923 5898 868 6656 -4095 -5305
2 -1929 5899 869 6654 -4094 -5307
3 -1926 5897 867 6655 -4096 -5304
4 -1927 5898 866 6655 -4093 -5306
5 -1921 5899 867 6656 -4095 -5308
6 -1925 5898 867 6657 -4095 -5307
7 -1924 5899 869 6660 -4095 -5302
8 -1923 5899 867 6656 -4096 -5306
9 -1923 5900 869 6658 -4095 -5307
10 -1926 5896 866 6655 -4089 -5308
11 -1927 5897 866 6657 -4094 -5308
12 -1924 5895 871 6657 -4093 -5309
13 -1925 5898 864 6655 -4097 -5307
14 -1922 5897 864 6655 -4094 -5308
15 -1923 5896 867 6660 -4095 -5308
16 -1925 5899 868 6660 -4094 -5306
17 -1925 5900 868 6655 -4096 -5311
18 -1926 5897 865 6658 -4094 -5307
19 -1924 5899 867 6656 -4094 -5306
20 -1926 5897 867 6651 -4092 -5305
21 -1924 5898 866 6653 -4094 -5308
22 -1924 5895 865 6654 -4095 -5306
23 -1924 5897 866 6655 -4093 -5309
24 -1925 5896 864 6658 -4095 -5308
25 -1925 5896 865 6658 -4095 -5310
26 -1924 5897 868 6655 -4094 -5306
27 -1931 5894 863 6660 -4093 -5309
28 -1925 5897 867 6656 -4095 -5309
29 -1925 5896 865 6659 -4094 -5308
30 -1922 5897 862 6659 -4093 -5308
31 -1926 5893 864 6660 -4095 -5309
32 -1930 5895 861 6661 -4094 -5308
33 -1925 5893 865 6661 -4092 -5310
34 -1925 5896 862 6658 -4092 -5311
35 -1926 5896 864 6660 -4093 -5307
36 -1925 5894 864 6657 -4095 -5309
37 -1923 5900 865 6661 -4091 -5309
38 -1926 5897 866 6656 -4095 -5307
39 -1928 5896 864 6657 -4093 -5311
40 -1926 5893 866 6661 -4091 -5311
41 -1927 5897 865 6661 -4092 -5306
42 -1923 5895 867 6658 -4091 -5308
43 -1925 5896 863 6658 -4089 -5309
44 -1927 5891 864 6657 -4092 -5309
45 -1927 5893 864 6659 -4091 -5310
46 -1926 5894 862 6657 -4093 -5311
47 -1928 5893 865 6657 -4092 -5310
48 -1925 5896 866 6657 -4095 -5309
49 -1927 5895 861 6662 -4094 -5309
50 -1926 5894 863 6660 -4094 -5314
51 -1925 5897 862 6664 -4097 -5312
52 -1927 5895 862 6662 -4096 -5310
53 -1930 5894 863 6659 -4096 -5312
54 -1926 5892 862 6663 -4094 -5310
55 -1927 5892 861 6660 -4093 -5309
56 -1927 5895 864 6658 -4096 -5310
57 -1926 5893 862 6661 -4095 -5310
58 -1930 5896 865 6660 -4089 -5311
59 -1926 5891 864 6660 -4095 -5310
60 -1927 5893 862 6659 -4096 -5312
61 -1927 5896 865 6663 -4097 -5312
62 -1927 5895 862 6666 -4095 -5314
63 -1927 5892 863 6661 -4099 -5313
64 -1932 5891 862 6658 -4096 -5313
65 -1928 5893 860 6658 -4091 -5312
66 -1931 5893 863 6657 -4095 -5312
67 -1927 5889 865 6659 -4093 -5312
68 -1929 5892 864 6656 -4092 -5309
69 -1931 5890 862 6660 -4095 -5315
70 -1927 5890 865 6661 -4095 -5312
71 -1930 5890 861 6663 -4098 -5316
72 -1932 5889 859 6666 -4098 -5315
73 -1929 5895 861 6667 -4100 -5315
74 -1929 5896 862 6665 -4098 -5311
75 -1930 5891 861 6665 -4097 -5317
76 -1929 5888 862 6666 -4097 -5315
77 -1930 5894 861 6664 -4095 -5315
78 -1933 5890 863 6661 -4096 -5313
79 -1928 5892 861 6661 -4097 -5315
80 -1932 5891 859 6663 -4096 -5316
81 -1933 5888 858 6663 -4097 -5318
82 -1933 5888 858 6665 -4098 -5316
83 -1932 5891 858 6664 -4097 -5314
84 -1931 5887 862 6660 -4098 -5316
85 -1929 5891 864 6662 -4092 -5315
86 -1931 5889 860 6659 -4095 -5314
87 -1929 5890 859 6660 -4097 -5314
88 -1930 5889 862 6663 -4095 -5314
89 -1933 5889 861 6662 -4097 -5315
90 -1935 5889 861 6664 -4098 -5315
91 -1932 5889 857 6664 -4095 -5314
92 -1933 5887 859 6667 -4099 -5315
93 -1934 5887 860 6667 -4099 -5315
94 -1933 5894 858 6668 -4098 -5315
95 -1933 5890 861 6667 -4100 -5319
96 -1935 5889 856 6670 -4096 -5316
97 -1934 5890 862 6669 -4095 -5315
98 -1933 5891 858 6668 -4098 -5317
99 -1931 5890 857 6666 -4099 -5318
100 -1937 5887 861 6669 -4099 -5316
101 -1933 5891 857 6667 -4101 -5316
102 -1935 5888 860 6667 -4097 -5315
103 -1936 5889 859 6666 -4101 -5318
104 -1935 5887 859 6668 -4100 -5318
105 -1934 5888 860 6667 -4099 -5317
106 -1931 5891 859 6664 -4101 -5314
107 -1932 5887 857 6663 -4101 -5317
108 -1933 5886 857 6667 -4100 -5318
109 -1932 5885 858 6667 -4099 -5317
110 -1934 5885 860 6664 -4101 -5319
111 -1937 5886 857 6670 -4101 -5321
112 -1938 5887 859 6668 -4101 -5319
113 -1936 5886 856 6670 -4101 -5319
114 -1936 5887 856 6668 -4103 -5320
115 -1937 5889 859 6667 -4103 -5316
116 -1935 5889 857 6669 -4101 -5318
117 -1935 5888 859 6670 -4099 -5318
118 -1940 5887 855 6670 -4102 -5320
119 -1938 5890 856 6672 -4099 -5320
120 -1938 5886 857 6674 -4102 -5320
121 -1938 5887 857 6676 -4103 -5321
122 -1938 5890 856 6671 -4102 -5319
123 -1939 5886 857 6674 -4103 -5319
124 -1937 5888 855 6672 -4104 -5320
125 -1940 5887 854 6674 -4098 -5317
126 -1938 5884 857 6674 -4101 -5316
127 -1939 5889 859 6670 -4102 -5320
128 -1942 5886 858 6672 -4098 -5318
129 -1940 5887 856 6672 -4103 -5318
130 -1938 5886 854 6673 -4106 -5318
131 -1938 5886 855 6674 -4104 -5320
132 -1939 5887 854 6675 -4103 -5319
133 -1942 5887 855 6676 -4103 -5317
134 -1941 5888 856 6673 -4103 -5321
135 -1939 5886 855 6670 -4103 -5320
136 -1938 5886 856 6669 -4103 -5322
137 -1940 5885 857 6676 -4106 -5321
138 -1943 5885 856 6677 -4105 -5319
139 -1939 5886 858 6680 -4105 -5320
140 -1944 5883 854 6679 -4104 -5318
141 -1943 5885 856 6680 -4107 -5321
142 -1944 5885 854 6679 -4108 -5319
143 -1941 5885 855 6681 -4105 -5320
144 -1945 5886 855 6676 -4107 -5323
145 -1943 5885 854 6680 -4105 -5320
146 -1943 5884 856 6679 -4106 -5319
147 -1944 5885 855 6683 -4107 -5322
148 -1944 5886 857 6679 -4107 -5323
149 -1944 5884 855 6678 -4105 -5321
150 -1942 5881 854 6681 -4105 -5319
151 -1941 5887 854 6681 -4107 -5320
152 -1944 5886 855 6679 -4109 -5323
153 -1941 5883 855 6679 -4106 -5320
154 -1943 5882 857 6679 -4106 -5321
155 -1945 5882 856 6679 -4107 -5320
156 -1945 5884 853 6678 -4106 -5324
157 -1943 5882 851 6682 -4109 -5323
158 -1944 5883 856 6680 -4106 -5323
159 -1944 5884 854 6683 -4109 -5320
160 -1948 5884 852 6686 -4106 -5320
161 -1948 5884 853 6683 -4108 -5324
162 -1949 5884 854 6683 -4109 -5321
163 -1948 5887 853 6690 -4110 -5323
164 -1946 5887 854 6686 -4112 -5324
165 -1943 5885 854 6685 -4110 -5324
166 -1946 5883 855 6685 -4110 -5322
167 -1947 5882 851 6688 -4109 -5321
168 -1949 5886 853 6689 -4109 -5322
169 -1950 5885 854 6687 -4108 -5323
170 -1950 5884 854 6687 -4110 -5322
171 -1951 5882 853 6689 -4114 -5326
172 -1945 5883 852 6688 -4113 -5324
173 -1947 5884 851 6688 -4112 -5323
174 -1946 5884 853 6687 -4109 -5327
175 -1949 5885 852 6685 -4107 -5321
176 -1948 5885 853 6690 -4106 -5321
177 -1949 5884 851 6688 -4107 -5319
178 -1951 5885 855 6688 -4108 -5321
179 -1948 5881 852 6688 -4114 -5326
180 -1949 5880 849 6692 -4113 -5322
181 -1950 5884 853 6688 -4111 -5325
182 -1950 5882 851 6690 -4110 -5323
183 -1950 5883 853 6691 -4108 -5324
184 -1955 5883 853 6694 -4113 -5325
185 -1953 5883 852 6693 -4112 -5325
186 -1951 5884 856 6691 -4115 -5321
187 -1947 5884 852 6695 -4112 -5326
188 -1950 5885 853 6694 -4116 -5324
189 -1952 5883 855 6697 -4112 -5322
190 -1953 5882 852 6692 -4113 -5323
191 -1959 5882 852 6697 -4112 -5324
192 -1956 5884 853 6693 -4114 -5327
193 -1954 5884 851 6693 -4115 -5326
194 -1954 5881 851 6691 -4117 -5325
195 -1951 5882 854 6696 -4117 -5325
196 -1951 5883 850 6694 -4117 -5323
197 -1955 5882 852 6694 -4117 -5327
198 -1956 5884 851 6693 -4114 -5322
199 -1956 5884 852 6695 -4114 -5324
200 -1956 5881 850 6693 -4118 -5324
201 -1955 5882 851 6694 -4117 -5323
202 -1953 5881 851 6698 -4120 -5324
203 -1953 5881 850 6699 -4119 -5324
204 -1955 5882 851 6698 -4117 -5324
205 -1959 5880 853 6700 -4119 -5324
206 -1959 5884 851 6699 -4116 -5326
207 -1959 5883 850 6696 -4117 -5327
208 -1956 5882 850 6701 -4117 -5325
209 -1958 5882 850 6696 -4118 -5326
210 -1955 5882 850 6700 -4116 -5324
211 -1959 5884 852 6703 -4118 -5327
212 -1956 5881 851 6701 -4119 -5330
213 -1958 5879 849 6703 -4117 -5328
214 -1959 5882 852 6701 -4120 -5328
215 -1960 5883 849 6702 -4118 -5320
216 -1957 5882 851 6703 -4122 -5323
217 -1957 5881 851 6702 -4121 -5328
218 -1961 5881 849 6702 -4121 -5325
219 -1963 5880 849 6699 -4116 -5327
220 -1961 5881 845 6700 -4117 -5326
221 -1959 5879 849 6699 -4117 -5322
222 -1960 5878 849 6701 -4119 -5325
223 -1957 5884 852 6704 -4121 -5327
224 -1958 5880 850 6706 -4124 -5326
225 -1959 5879 847 6705 -4122 -5327
226 -1962 5881 852 6707 -4120 -5325
227 -1961 5882 850 6707 -4115 -5326
228 -1961 5879 852 6704 -4121 -5328
229 -1963 5880 849 6703 -4121 -5329
230 -1960 5877 850 6703 -4122 -5326
231 -1961 5883 852 6706 -4120 -5324
232 -1959 5881 851 6705 -4121 -5326
233 -1964 5881 847 6706 -4121 -5328
234 -1964 5880 846 6709 -4122 -5328
235 -1965 5882 848 6711 -4122 -5326
236 -1963 5884 848 6708 -4124 -5327
237 -1963 5880 845 6705 -4122 -5327
238 -1962 5878 848 6707 -4126 -5327
239 -1965 5882 848 6707 -4123 -5329
240 -1966 5878 849 6708 -4120 -5328
241 -1965 5880 851 6710 -4121 -5327
242 -1966 5881 849 6709 -4124 -5329
243 -1963 5878 851 6706 -4124 -5331
244 -1964 5880 848 6708 -4126 -5324
245 -1961 5881 848 6709 -4123 -5328
246 -1960 5880 848 6709 -4126 -5327
247 -1966 5880 845 6709 -4123 -5326
248 -1967 5880 850 6711 -4124 -5327
249 -1967 5877 846 6712 -4126 -5329
250 -1965 5876 849 6709 -4125 -5330
251 -1963 5879 847 6712 -4126 -5329
252 -1962 5877 848 6711 -4129 -5327
253 -1964 5879 849 6711 -4128 -5329
254 -1968 5879 848 6713 -4126 -5331
255 -1970 5879 848 6712 -4125 -5329
256 -1965 5880 847 6714 -4126 -5329
257 -1965 5880 849 6711 -4128 -5331
258 -1967 5882 850 6714 -4126 -5324
259 -1966 5880 848 6714 -4126 -5331
260 -1964 5879 849 6713 -4127 -5331
261 -1967 5878 850 6715 -4128 -5329
262 -1968 5879 848 6713 -4125 -5330
263 -1967 5878 846 6712 -4126 -5327
264 -1969 5877 847 6714 -4125 -5331
265 -1965 5877 847 6710 -4130 -5329
266 -1967 5881 848 6713 -4129 -5330
267 -1968 5878 845 6710 -4131 -5329
268 -1969 5880 848 6714 -4127 -5327
269 -1966 5882 851 6714 -4126 -5331
270 -1972 5879 848 6715 -4124 -5330
271 -1967 5878 848 6714 -4125 -5334
272 -1970 5880 845 6713 -4128 -5326
273 -1970 5878 845 6714 -4131 -5330
274 -1968 5877 848 6718 -4132 -5331
275 -1967 5876 848 6718 -4131 -5329
276 -1970 5878 845 6719 -4127 -5330
277 -1971 5882 848 6718 -4127 -5329
278 -1971 5877 843 6718 -4128 -5332
279 -1970 5879 846 6717 -4130 -5329
280 -1969 5875 849 6715 -4129 -5332
281 -1969 5879 845 6718 -4130 -5330
282 -1969 5879 849 6717 -4130 -5330
283 -1969 5880 847 6723 -4130 -5328
284 -1970 5878 845 6719 -4126 -5328
285 -1973 5881 847 6715 -4129 -5328
286 -1971 5880 847 6714 -4126 -5330
287 -1970 5877 849 6715 -4132 -5328
288 -1969 5877 848 6717 -4134 -5329
289 -1967 5876 849 6717 -4130 -5329
290 -1970 5877 846 6717 -4131 -5330
291 -1971 5876 847 6716 -4129 -5329
292 -1971 5877 845 6716 -4129 -5332
293 -1973 5879 850 6720 -4129 -5331
294 -1971 5876 848 6718 -4129 -5329
295 -1969 5879 849 6718 -4132 -5327
296 -1971 5875 846 6722 -4133 -5329
297 -1972 5877 844 6724 -4133 -5330
298 -1975 5879 849 6722 -4131 -5332
299 -1974 5881 844 6725 -4132 -5331
300 -1974 5880 846 6723 -4131 -5330
301 -1974 5877 847 6719 -4129 -5327
302 -1972 5880 844 6718 -4128 -5330
303 -1971 5878 849 6720 -4131 -5329
304 -1970 5877 846 6720 -4132 -5330
305 -1971 5877 847 6719 -4135 -5330
306 -1974 5881 845 6720 -4131 -5329
307 -1975 5877 846 6721 -4128 -5330
308 -1974 5878 845 6720 -4129 -5332
309 -1971 5879 846 6718 -4133 -5328
310 -1968 5879 849 6721 -4131 -5329
311 -1971 5879 847 6721 -4129 -5330
312 -1972 5878 846 6721 -4129 -5328
313 -1973 5882 846 6721 -4130 -5329
314 -1974 5883 848 6724 -4126 -5329
315 -1974 5878 847 6719 -4129 -5328
316 -1974 5878 846 6720 -4133 -5333
317 -1975 5878 846 6726 -4136 -5329
318 -1972 5880 849 6724 -4135 -5331
319 -1975 5880 846 6727 -4135 -5329
320 -1970 5880 846 6727 -4134 -5330
321 -1975 5876 847 6728 -4130 -5330
322 -1974 5879 847 6725 -4131 -5330
323 -1975 5878 846 6725 -4132 -5331
324 -1971 5879 845 6720 -4132 -5328
325 -1970 5877 846 6721 -4136 -5328
326 -1973 5879 846 6725 -4133 -5329
327 -1974 5877 845 6724 -4132 -5328
328 -1975 5878 848 6721 -4130 -5332
329 -1976 5879 846 6722 -4133 -5328
330 -1973 5877 847 6720 -4132 -5332
331 -1976 5878 849 6721 -4135 -5329
332 -1973 5877 844 6723 -4137 -5329
333 -1972 5877 847 6724 -4133 -5329
334 -1974 5879 847 6722 -4134 -5330
335 -1976 5877 846 6724 -4131 -5330
336 -1976 5877 846 6724 -4132 -5331
337 -1974 5881 849 6722 -4130 -5328
338 -1977 5877 850 6725 -4135 -5327
339 -1975 5879 847 6727 -4132 -5327
340 -1973 5882 846 6730 -4134 -5325
341 -1974 5879 848 6729 -4136 -5327
342 -1975 5880 847 6727 -4137 -5332
343 -1978 5879 847 6729 -4134 -5330
344 -1975 5878 848 6731 -4134 -5328
345 -1977 5878 847 6729 -4135 -5328
346 -1976 5878 847 6726 -4133 -5330
347 -1973 5880 845 6724 -4139 -5328
348 -1973 5877 844 6724 -4134 -5329
349 -1974 5877 844 6723 -4137 -5331
350 -1975 5880 848 6726 -4134 -5327
351 -1974 5882 845 6724 -4133 -5329
352 -1977 5879 848 6721 -4133 -5327
353 -1976 5878 847 6723 -4134 -5329
354 -1972 5878 847 6725 -4136 -5325
355 -1973 5879 847 6729 -4139 -5328
356 -1973 5879 844 6726 -4136 -5330
357 -1977 5879 846 6727 -4137 -5328
358 -1976 5879 846 6722 -4132 -5326
359 -1976 5881 846 6723 -4134 -5329
360 -1973 5877 845 6720 -4133 -5332
361 -1975 5878 849 6724 -4136 -5329
362 -1975 5878 846 6722 -4137 -5328
363 -1974 5881 849 6727 -4138 -5328
364 -1976 5879 846 6729 -4138 -5332
365 -1977 5881 849 6733 -4138 -5326
366 -1979 5883 850 6729 -4139 -5328
367 -1977 5882 846 6726 -4136 -5328
368 -1975 5878 846 6727 -4136 -5329
369 -1971 5881 850 6727 -4133 -5324
370 -1975 5881 849 6727 -4136 -5324
371 -1973 5883 851 6725 -4135 -5329
372 -1976 5880 848 6725 -4132 -5328
373 -1975 5881 846 6727 -4136 -5327
374 -1976 5881 849 6725 -4139 -5326
375 -1976 5882 848 6727 -4138 -5324
376 -1977 5879 846 6727 -4138 -5327
377 -1974 5879 846 6725 -4136 -5325
378 -1974 5884 848 6725 -4136 -5330
379 -1975 5884 850 6725 -4135 -5326
380 -1974 5880 849 6725 -4134 -5328
381 -1976 5882 848 6724 -4133 -5328
382 -1975 5883 849 6724 -4134 -5326
383 -1974 5881 850 6726 -4139 -5325
384 -1975 5881 850 6732 -4135 -5324
385 -1975 5885 850 6728 -4137 -5324
386 -1976 5884 848 6733 -4139 -5326
387 -1981 5884 850 6732 -4137 -5326
388 -1977 5885 849 6727 -4134 -5324
389 -1977 5883 849 6727 -4135 -5325
390 -1976 5885 850 6728 -4135 -5324
391 -1977 5885 850 6729 -4134 -5323
392 -1974 5884 850 6727 -4137 -5324
393 -1979 5880 848 6730 -4132 -5325
394 -1978 5881 848 6729 -4136 -5325
395 -1978 5881 848 6731 -4137 -5323
396 -1978 5883 852 6727 -4139 -5323
397 -1976 5882 850 6730 -4139 -5323
398 -1977 5883 851 6728 -4136 -5325
399 -1974 5884 853 6726 -4141 -5325
400 -1978 5883 850 6731 -4139 -5324
401 -1977 5883 848 6728 -4138 -5324
402 -1977 5883 850 6728 -4139 -5324
403 -1976 5884 847 6724 -4138 -5321
404 -1977 5884 849 6727 -4137 -5322
405 -1976 5884 852 6730 -4139 -5320
406 -1976 5887 852 6727 -4140 -5321
407 -1978 5885 854 6729 -4138 -5324
408 -1978 5885 847 6730 -4137 -5322
409 -1977 5886 850 6733 -4139 -5324
410 -1978 5887 852 6731 -4138 -5319
411 -1975 5886 850 6732 -4138 -5318
412 -1975 5888 852 6726 -4136 -5322
413 -1974 5882 851 6727 -4137 -5321
414 -1974 5885 850 6729 -4139 -5321
415 -1974 5886 854 6732 -4139 -5319
416 -1976 5890 850 6730 -4138 -5320
417 -1977 5888 851 6732 -4136 -5319
418 -1974 5887 852 6734 -4138 -5316
419 -1976 5887 854 6734 -4139 -5320
420 -1974 5887 852 6728 -4136 -5318
421 -1977 5888 849 6729 -4136 -5320
422 -1978 5887 853 6731 -4139 -5322
423 -1975 5888 852 6730 -4138 -5320
424 -1979 5887 854 6730 -4137 -5318
425 -1975 5889 851 6729 -4140 -5322
426 -1974 5887 854 6729 -4138 -5320
427 -1978 5890 853 6730 -4140 -5320
428 -1979 5889 855 6730 -4139 -5316
429 -1980 5889 851 6730 -4139 -5319
430 -1980 5892 849 6731 -4139 -5318
431 -1978 5892 853 6731 -4140 -5317
432 -1975 5888 851 6732 -4142 -5320
433 -1977 5891 852 6734 -4144 -5321
434 -1974 5890 853 6734 -4145 -5318
435 -1977 5888 852 6734 -4143 -5317
436 -1977 5894 856 6732 -4140 -5315
437 -1974 5892 854 6732 -4136 -5314
438 -1977 5889 856 6732 -4135 -5318
439 -1978 5893 856 6731 -4139 -5318
440 -1972 5892 855 6733 -4143 -5315
441 -1975 5894 852 6731 -4141 -5318
442 -1973 5892 850 6734 -4142 -5313
443 -1976 5892 854 6735 -4143 -5314
444 -1976 5895 855 6735 -4140 -5315
445 -1976 5894 856 6737 -4141 -5314
446 -1975 5891 853 6733 -4141 -5314
447 -1975 5895 853 6732 -4141 -5315
448 -1976 5894 855 6727 -4142 -5313
449 -1971 5893 854 6730 -4138 -5315
450 -1974 5893 855 6735 -4139 -5313
451 -1980 5891 855 6737 -4141 -5312
452 -1981 5896 855 6737 -4141 -5315
453 -1977 5894 854 6735 -4145 -5313
454 -1978 5894 856 6735 -4144 -5313
455 -1977 5893 854 6734 -4144 -5313
456 -1976 5894 855 6736 -4142 -5313
457 -1975 5897 859 6737 -4141 -5312
458 -1976 5894 855 6735 -4142 -5315
459 -1979 5896 852 6737 -4143 -5315
460 -1978 5892 858 6735 -4143 -5310
461 -1978 5895 857 6737 -4143 -5311
462 -1977 5896 855 6735 -4145 -5313
463 -1977 5897 857 6739 -4145 -5314
464 -1976 5897 858 6736 -4145 -5314
465 -1974 5895 854 6738 -4143 -5310
466 -1979 5897 858 6737 -4142 -5309
467 -1978 5897 857 6733 -4141 -5314
468 -1977 5893 859 6733 -4139 -5309
469 -1979 5896 859 6731 -4142 -5307
470 -1972 5899 857 6735 -4141 -5306
471 -1976 5898 860 6733 -4139 -5311
472 -1978 5901 858 6736 -4142 -5309
473 -1980 5894 856 6742 -4144 -5311
474 -1980 5898 857 6739 -4146 -5311
475 -1981 5896 858 6737 -4145 -5309
476 -1976 5897 858 6736 -4144 -5310
477 -1973 5896 859 6736 -4143 -5308
478 -1974 5898 858 6737 -4141 -5308
479 -1976 5898 859 6741 -4139 -5309
480 -1982 5897 856 6735 -4142 -5310
481 -1980 5899 860 6738 -4142 -5308
482 -1978 5897 859 6739 -4144 -5308
483 -1977 5901 857 6738 -4146 -5310
484 -1976 5902 861 6739 -4146 -5311
485 -1975 5898 855 6739 -4149 -5312
486 -1979 5899 854 6738 -4145 -5310
487 -1975 5901 859 6736 -4143 -5306
488 -1981 5901 859 6735 -4145 -5303
489 -1978 5902 857 6737 -4144 -5307
490 -1981 5899 860 6736 -4144 -5308
491 -1976 5899 858 6736 -4143 -5305
492 -1975 5901 861 6735 -4148 -5306
493 -1973 5901 858 6741 -4146 -5308
494 -1980 5902 858 6737 -4142 -5306
495 -1981 5900 860 6739 -4148 -5307
496 -1980 5901 861 6740 -4145 -5306
497 -1980 5901 857 6738 -4148 -5306
498 -1977 5899 860 6739 -4147 -5307
499 -1972 5904 859 6738 -4148 -5305
500 -1977 5902 858 6742 -4148 -5306
501 -1977 5901 860 6740 -4149 -5303
502 -1981 5903 863 6740 -4144 -5306
503 -1979 5900 861 6741 -4146 -5308
504 -1980 5901 862 6742 -4147 -5306
505 -1978 5900 862 6738 -4148 -5304
506 -1976 5902 861 6738 -4150 -5306
507 -1980 5901 862 6741 -4152 -5307
508 -1981 5902 861 6744 -4148 -5305
509 -1981 5906 863 6742 -4148 -5306
510 -1979 5903 858 6741 -4147 -5303
511 -1979 5902 859 6739 -4145 -5303
512 -1980 5903 862 6733 -4145 -5302
513 -1974 5902 860 6738 -4143 -5303
514 -1972 5903 861 6741 -4146 -5301
515 -1976 5905 862 6745 -4145 -5300
516 -1974 5905 866 6742 -4147 -5303
517 -1978 5905 863 6743 -4147 -5303
518 -1980 5903 859 6740 -4148 -5302
519 -1978 5904 861 6741 -4151 -5304
520 -1979 5906 863 6741 -4148 -5303
521 -1978 5906 863 6739 -4150 -5305
522 -1977 5902 862 6744 -4150 -5303
523 -1978 5909 865 6744 -4145 -5300
524 -1980 5909 864 6739 -4147 -5301
525 -1979 5905 860 6741 -4146 -5303
526 -1979 5905 863 6741 -4151 -5303
527 -1978 5906 864 6744 -4150 -5298
528 -1978 5906 863 6743 -4151 -5304
529 -1980 5903 862 6741 -4149 -5302
530 -1977 5907 863 6742 -4148 -5301
531 -1977 5905 863 6743 -4148 -5301
532 -1979 5906 865 6741 -4147 -5302
533 -1980 5907 861 6735 -4147 -5299
534 -1977 5904 860 6739 -4151 -5300
535 -1977 5907 862 6739 -4151 -5300
536 -1977 5906 863 6742 -4149 -5301
537 -1979 5906 860 6741 -4151 -5301
538 -1982 5907 862 6742 -4151 -5298
539 -1979 5909 864 6741 -4149 -5296
540 -1977 5906 866 6741 -4148 -5299
541 -1977 5907 862 6738 -4152 -5299
542 -1979 5905 864 6739 -4153 -5302
543 -1978 5906 861 6742 -4150 -5303
544 -1978 5906 864 6746 -4151 -5298
545 -1981 5907 860 6744 -4149 -5302
546 -1980 5910 862 6740 -4148 -5300
547 -1980 5907 861 6742 -4151 -5300
548 -1978 5908 866 6741 -4148 -5296
549 -1977 5909 863 6739 -4152 -5299
550 -1979 5908 863 6743 -4151 -5303
551 -1977 5911 864 6746 -4148 -5297
552 -1980 5911 864 6747 -4148 -5299
553 -1982 5909 863 6744 -4153 -5297
554 -1980 5910 861 6742 -4149 -5297
555 -1978 5906 862 6742 -4152 -5298
556 -1978 5908 862 6738 -4148 -5298
557 -1980 5910 866 6744 -4148 -5295
558 -1979 5907 863 6737 -4148 -5299
559 -1979 5909 864 6742 -4147 -5296
560 -1978 5911 864 6742 -4150 -5300
561 -1980 5911 864 6744 -4151 -5298
562 -1979 5911 866 6744 -4153 -5296
563 -1980 5907 865 6746 -4154 -5296
564 -1978 5914 866 6744 -4151 -5298
565 -1979 5909 866 6743 -4155 -5294
566 -1981 5909 865 6743 -4145 -5295
567 -1976 5913 868 6746 -4149 -5295
568 -1978 5913 870 6739 -4147 -5296
569 -1978 5911 866 6739 -4147 -5296
570 -1975 5912 868 6742 -4150 -5298
571 -1977 5913 865 6743 -4152 -5295
572 -1976 5916 865 6747 -4150 -5294
573 -1977 5914 864 6747 -4150 -5294
574 -1979 5911 863 6746 -4152 -5296
575 -1983 5913 866 6744 -4149 -5295
576 -1980 5909 867 6739 -4149 -5297
577 -1976 5912 867 6743 -4148 -5295
578 -1976 5907 867 6739 -4148 -5296
579 -1977 5912 869 6741 -4151 -5294
580 -1977 5911 865 6741 -4152 -5296
581 -1977 5912 867 6743 -4149 -5293
582 -1980 5911 869 6741 -4150 -5293
583 -1980 5911 866 6742 -4153 -5293
584 -1976 5914 869 6744 -4153 -5296
585 -1976 5914 864 6747 -4151 -5290
586 -1973 5915 867 6744 -4154 -5293
587 -1977 5913 867 6742 -4152 -5295
588 -1978 5913 868 6742 -4150 -5292
589 -1978 5913 866 6741 -4148 -5294
590 -1978 5910 864 6740 -4148 -5294
591 -1976 5912 866 6738 -4150 -5293
592 -1977 5914 868 6743 -4153 -5290
593 -1978 5915 868 6741 -4152 -5292
594 -1975 5911 866 6742 -4148 -5296
595 -1980 5914 868 6740 -4151 -5293
596 -1980 5913 869 6743 -4149 -5291
597 -1978 5914 868 6741 -4150 -5292
598 -1979 5913 867 6742 -4149 -5294
599 -1976 5912 868 6739 -4150 -5292
600 -1974 5917 872 6740 -4152 -5294
601 -1977 5913 870 6743 -4154 -5294
602 -1977 5914 867 6744 -4151 -5295
603 -1976 5913 866 6741 -4150 -5296
604 -1976 5912 866 6738 -4149 -5294
605 -1977 5911 869 6734 -4148 -5294
606 -1974 5915 868 6737 -4149 -5290
607 -1972 5918 868 6739 -4149 -5292
608 -1975 5916 867 6742 -4153 -5292
609 -1974 5913 867 6743 -4153 -5293
610 -1976 5916 868 6743 -4150 -5292
611 -1976 5917 867 6740 -4151 -5294
612 -1978 5916 867 6740 -4152 -5293
613 -1974 5915 868 6735 -4153 -5292
614 -1973 5916 869 6738 -4153 -5290
615 -1971 5914 871 6738 -4147 -5290
616 -1974 5917 869 6738 -4148 -5292
617 -1974 5916 870 6736 -4148 -5292
618 -1976 5918 870 6740 -4149 -5290
619 -1976 5916 873 6742 -4149 -5290
620 -1974 5916 867 6741 -4149 -5290
621 -1974 5917 873 6742 -4152 -5290
622 -1973 5917 869 6735 -4150 -5290
623 -1977 5915 869 6737 -4149 -5293
624 -1974 5918 869 6735 -4149 -5291
625 -1973 5915 869 6736 -4149 -5293
626 -1976 5919 871 6737 -4146 -5289
627 -1973 5917 870 6736 -4149 -5290
628 -1975 5914 873 6734 -4148 -5292
629 -1974 5915 868 6736 -4151 -5291
630 -1975 5915 866 6739 -4150 -5290
631 -1974 5916 868 6738 -4152 -5289
632 -1976 5914 868 6737 -4151 -5296
633 -1976 5914 868 6736 -4147 -5291
634 -1973 5917 869 6736 -4150 -5289
635 -1972 5916 867 6734 -4146 -5287
636 -1972 5916 868 6737 -4148 -5289
637 -1973 5918 869 6734 -4147 -5291
638 -1974 5919 871 6736 -4148 -5291
639 -1973 5917 869 6736 -4148 -5290
640 -1974 5916 868 6737 -4150 -5291
641 -1974 5919 869 6736 -4150 -5290
642 -1973 5919 873 6739 -4147 -5289
643 -1969 5916 870 6734 -4147 -5284
644 -1969 5918 869 6734 -4146 -5287
645 -1972 5917 872 6734 -4148 -5288
646 -1969 5919 873 6732 -4146 -5290
647 -1974 5916 871 6730 -4143 -5288
648 -1974 5917 873 6730 -4144 -5286
649 -1968 5919 873 6734 -4144 -5286
650 -1970 5921 872 6732 -4146 -5288
651 -1968 5919 874 6736 -4147 -5287
652 -1970 5917 872 6732 -4144 -5288
653 -1974 5919 872 6734 -4147 -5284
654 -1973 5920 872 6731 -4147 -5288
655 -1971 5922 870 6734 -4145 -5284
656 -1972 5923 874 6734 -4145 -5286
657 -1969 5920 876 6731 -4150 -5284
658 -1967 5921 873 6730 -4146 -5285
659 -1969 5919 874 6731 -4145 -5284
660 -1969 5920 873 6733 -4144 -5288
661 -1969 5921 873 6733 -4144 -5285
662 -1971 5920 870 6734 -4145 -5285
663 -1969 5922 873 6734 -4144 -5284
664 -1966 5921 874 6732 -4145 -5288
665 -1969 5922 874 6732 -4145 -5285
666 -1970 5922 871 6730 -4146 -5288
667 -1969 5920 874 6731 -4141 -5285
668 -1969 5922 874 6730 -4140 -5287
669 -1971 5919 872 6729 -4144 -5282
670 -1968 5920 874 6724 -4144 -5286
671 -1964 5920 872 6726 -4142 -5283
672 -1963 5920 875 6726 -4141 -5282
673 -1966 5923 874 6729 -4143 -5282
674 -1968 5924 874 6730 -4142 -5285
675 -1966 5922 876 6733 -4143 -5282
676 -1970 5922 875 6727 -4143 -5282
677 -1967 5924 874 6733 -4146 -5284
678 -1968 5922 875 6728 -4144 -5281
679 -1964 5922 874 6725 -4142 -5281
680 -1965 5926 875 6729 -4140 -5284
681 -1966 5922 876 6726 -4142 -5284
682 -1968 5920 875 6727 -4142 -5285
683 -1966 5923 873 6730 -4144 -5284
684 -1965 5926 879 6729 -4143 -5284
685 -1965 5925 873 6727 -4147 -5286
686 -1966 5922 873 6730 -4144 -5283
687 -1965 5926 876 6729 -4139 -5282
688 -1963 5925 877 6725 -4143 -5281
689 -1963 5927 877 6724 -4143 -5283
690 -1966 5923 876 6724 -4138 -5283
691 -1963 5923 876 6717 -4139 -5281
692 -1960 5923 875 6721 -4139 -5282
693 -1961 5924 879 6718 -4141 -5280
694 -1959 5928 877 6723 -4143 -5280
695 -1961 5925 875 6722 -4140 -5279
696 -1963 5922 876 6725 -4137 -5279
697 -1963 5925 878 6724 -4141 -5281
698 -1967 5927 878 6723 -4143 -5284
699 -1962 5924 878 6722 -4143 -5282
700 -1961 5924 873 6720 -4141 -5281
701 -1954 5928 879 6719 -4143 -5280
702 -1959 5924 875 6723 -4140 -5281
703 -1963 5925 878 6721 -4138 -5283
704 -1963 5926 874 6726 -4139 -5279
705 -1966 5926 876 6725 -4138 -5280
706 -1963 5927 878 6725 -4140 -5281
707 -1960 5927 876 6720 -4144 -5280
708 -1955 5924 876 6722 -4144 -5283
709 -1960 5926 874 6724 -4142 -5280
710 -1958 5928 878 6717 -4139 -5280
711 -1963 5926 878 6717 -4139 -5280
712 -1963 5932 876 6718 -4132 -5275
713 -1961 5926 880 6714 -4139 -5279
714 -1957 5930 876 6713 -4139 -5277
715 -1956 5927 875 6717 -4140 -5276
716 -1957 5926 877 6720 -4139 -5277
717 -1960 5928 874 6719 -4136 -5277
718 -1960 5929 877 6719 -4133 -5275
719 -1962 5926 879 6716 -4136 -5282
720 -1961 5926 881 6715 -4134 -5279
721 -1958 5928 881 6714 -4139 -5281
722 -1954 5928 877 6715 -4142 -5277
723 -1954 5928 878 6717 -4142 -5277
724 -1956 5929 879 6719 -4139 -5276
725 -1961 5927 880 6719 -4137 -5279
726 -1957 5933 878 6718 -4135 -5278
727 -1960 5929 879 6715 -4137 -5279
728 -1955 5930 882 6714 -4138 -5274
729 -1954 5927 879 6716 -4140 -5277
730 -1954 5929 877 6717 -4142 -5275
731 -1954 5931 880 6715 -4138 -5277
732 -1955 5928 881 6712 -4138 -5278
733 -1956 5933 881 6716 -4132 -5275
734 -1958 5929 881 6712 -4134 -5278
735 -1956 5930 880 6711 -4132 -5275
736 -1953 5929 882 6712 -4137 -5274
737 -1952 5931 883 6710 -4137 -5275
738 -1951 5931 883 6713 -4134 -5274
739 -1953 5929 882 6714 -4132 -5270
740 -1956 5931 881 6713 -4130 -5272
741 -1955 5932 885 6709 -4133 -5275
742 -1956 5935 884 6710 -4129 -5276
743 -1955 5931 882 6710 -4135 -5275
744 -1951 5932 883 6709 -4140 -5274
745 -1955 5930 881 6716 -4140 -5272
746 -1953 5932 883 6717 -4136 -5275
747 -1951 5933 882 6715 -4135 -5276
748 -1956 5936 883 6714 -4134 -5272
749 -1955 5936 884 6709 -4133 -5271
750 -1955 5932 883 6706 -4131 -5271
751 -1945 5933 881 6707 -4131 -5273
752 -1949 5932 885 6709 -4131 -5272
753 -1948 5935 883 6710 -4134 -5271
754 -1954 5932 880 6710 -4134 -5272
755 -1953 5933 879 6709 -4131 -5274
756 -1954 5932 885 6709 -4131 -5276
757 -1952 5934 883 6707 -4128 -5269
758 -1952 5933 883 6705 -4130 -5273
759 -1951 5933 882 6709 -4134 -5271
760 -1947 5932 885 6707 -4135 -5272
761 -1950 5934 885 6707 -4134 -5270
762 -1953 5935 884 6707 -4133 -5273
763 -1951 5935 885 6705 -4130 -5273
764 -1952 5935 886 6706 -4131 -5269
765 -1948 5934 887 6707 -4129 -5267
766 -1947 5938 887 6708 -4134 -5272
767 -1946 5936 882 6710 -4134 -5271
768 -1948 5938 883 6706 -4135 -5268
769 -1953 5937 883 6710 -4132 -5271
770 -1949 5938 883 6706 -4129 -5270
771 -1949 5935 881 6703 -4133 -5269
772 -1949 5939 886 6699 -4129 -5268
773 -1947 5936 887 6703 -4131 -5269
774 -1947 5936 887 6705 -4131 -5267
775 -1948 5935 886 6707 -4135 -5268
776 -1950 5938 886 6709 -4131 -5270
777 -1948 5936 887 6704 -4131 -5266
778 -1948 5937 885 6702 -4126 -5265
779 -1948 5934 887 6701 -4125 -5270
780 -1945 5939 882 6698 -4128 -5264
781 -1946 5938 889 6699 -4129 -5265
782 -1941 5936 887 6699 -4129 -5267
783 -1945 5941 888 6703 -4131 -5265
784 -1949 5940 889 6702 -4129 -5266
785 -1946 5942 888 6705 -4131 -5268
786 -1949 5941 889 6702 -4130 -5266
787 -1946 5940 887 6703 -4130 -5266
788 -1942 5940 887 6703 -4129 -5264
789 -1945 5939 886 6703 -4128 -5269
790 -1941 5943 892 6701 -4128 -5265
791 -1941 5940 889 6701 -4128 -5268
792 -1946 5941 891 6701 -4128 -5269
793 -1944 5938 889 6698 -4127 -5265
794 -1946 5941 888 6698 -4129 -5268
795 -1944 5936 885 6698 -4132 -5266
796 -1947 5938 889 6705 -4130 -5265
797 -1944 5940 885 6705 -4129 -5264
798 -1944 5939 889 6704 -4129 -5268
799 -1943 5940 887 6702 -4128 -5263
800 -1949 5939 893 6697 -4123 -5264
801 -1944 5941 888 6695 -4126 -5263
802 -1940 5941 889 6692 -4123 -5265
803 -1940 5941 890 6693 -4127 -5264
804 -1939 5942 888 6695 -4126 -5267
805 -1942 5938 889 6695 -4129 -5263
806 -1943 5941 891 6699 -4128 -5261
807 -1944 5944 889 6703 -4128 -5266
808 -1940 5942 890 6697 -4131 -5264
809 -1942 5939 888 6698 -4128 -5264
810 -1941 5943 890 6696 -4125 -5262
811 -1941 5943 891 6697 -4127 -5261
812 -1940 5946 891 6695 -4123 -5262
813 -1943 5942 892 6693 -4124 -5262
814 -1942 5941 892 6695 -4125 -5261
815 -1942 5945 893 6701 -4123 -5262
816 -1937 5945 893 6698 -4129 -5261
817 -1942 5941 889 6697 -4127 -5262
818 -1943 5946 893 6697 -4126 -5264
819 -1942 5941 891 6697 -4125 -5263
820 -1939 5941 892 6697 -4124 -5262
821 -1942 5945 893 6696 -4126 -5264
822 -1942 5944 890 6693 -4124 -5261
823 -1936 5944 891 6693 -4123 -5260
824 -1936 5941 891 6692 -4126 -5260
825 -1937 5943 890 6691 -4125 -5262
826 -1937 5945 892 6692 -4127 -5262
827 -1941 5944 889 6695 -4120 -5262
828 -1939 5943 891 6692 -4126 -5261
829 -1941 5947 889 6693 -4124 -5260
830 -1935 5942 889 6692 -4128 -5261
831 -1936 5944 894 6694 -4128 -5261
832 -1938 5946 893 6694 -4127 -5262
833 -1932 5946 893 6690 -4125 -5260
834 -1939 5946 892 6690 -4119 -5261
835 -1937 5947 893 6691 -4122 -5262
836 -1940 5942 893 6694 -4121 -5260
837 -1940 5947 894 6695 -4121 -5261
838 -1938 5944 894 6692 -4122 -5257
839 -1936 5946 894 6691 -4124 -5260
840 -1938 5946 892 6692 -4125 -5261
841 -1940 5947 893 6692 -4123 -5261
842 -1943 5946 890 6693 -4124 -5261
843 -1941 5946 893 6691 -4122 -5260
844 -1935 5946 896 6691 -4120 -5258
845 -1937 5944 895 6692 -4123 -5260
846 -1936 5946 892 6692 -4126 -5258
847 -1933 5945 893 6690 -4125 -5258
848 -1933 5942 891 6689 -4126 -5258
849 -1934 5946 893 6685 -4122 -5258
850 -1937 5950 893 6686 -4121 -5261
851 -1935 5946 892 6687 -4120 -5259
852 -1936 5946 891 6686 -4121 -5257
853 -1931 5946 897 6687 -4124 -5261
854 -1934 5947 894 6690 -4126 -5261
855 -1935 5950 894 6693 -4124 -5259
856 -1937 5945 893 6692 -4125 -5260
857 -1938 5948 894 6689 -4120 -5259
858 -1937 5945 893 6685 -4120 -5260
859 -1934 5945 890 6684 -4121 -5259
860 -1934 5946 893 6685 -4120 -5257
861 -1934 5948 898 6683 -4123 -5258
862 -1932 5950 895 6689 -4120 -5260
863 -1933 5945 892 6691 -4125 -5261
864 -1937 5947 891 6692 -4126 -5258
865 -1938 5946 890 6691 -4124 -5263
866 -1937 5946 892 6691 -4124 -5263
867 -1937 5947 893 6688 -4123 -5259
868 -1934 5945 895 6691 -4123 -5259
869 -1930 5947 893 6681 -4123 -5257
870 -1932 5944 894 6683 -4120 -5256
871 -1929 5946 891 6681 -4117 -5257
872 -1931 5946 895 6679 -4119 -5256
873 -1933 5945 892 6681 -4119 -5260
874 -1927 5944 892 6686 -4120 -5256
875 -1932 5946 896 6691 -4122 -5254
876 -1934 5947 894 6690 -4124 -5257
877 -1935 5948 893 6687 -4123 -5257
878 -1934 5947 892 6688 -4124 -5257
879 -1930 5949 895 6682 -4116 -5259
880 -1933 5950 893 6684 -4118 -5260
881 -1933 5947 896 6682 -4116 -5258
882 -1933 5947 897 6682 -4117 -5259
883 -1931 5944 895 6682 -4120 -5257
884 -1932 5948 895 6687 -4117 -5255
885 -1932 5947 894 6690 -4123 -5259
886 -1937 5946 893 6690 -4124 -5259
887 -1932 5946 892 6686 -4122 -5259
888 -1932 5948 894 6687 -4122 -5258
889 -1934 5947 891 6681 -4120 -5257
890 -1929 5949 895 6678 -4121 -5255
891 -1929 5950 895 6680 -4121 -5260
892 -1932 5944 893 6677 -4116 -5257
893 -1927 5949 897 6679 -4118 -5257
894 -1931 5946 895 6679 -4119 -5258
895 -1930 5945 894 6677 -4116 -5258
896 -1930 5947 892 6682 -4118 -5256
897 -1932 5945 892 6679 -4120 -5258
898 -1932 5949 891 6683 -4122 -5258
899 -1931 5944 894 6683 -4120 -5256
900 -1930 5948 896 6684 -4116 -5258
901 -1932 5948 894 6686 -4118 -5257
902 -1929 5946 893 6679 -4121 -5261
903 -1929 5945 894 6680 -4116 -5257
904 -1931 5944 894 6676 -4118 -5260
905 -1929 5946 897 6677 -4118 -5261
906 -1931 5942 893 6682 -4116 -5257
907 -1931 5945 895 6679 -4122 -5260
908 -1932 5945 894 6682 -4121 -5258
909 -1928 5945 893 6682 -4119 -5259
910 -1929 5944 894 6681 -4117 -5258
911 -1928 5947 895 6680 -4118 -5259
912 -1929 5950 892 6678 -4116 -5257
913 -1926 5944 896 6676 -4113 -5256
914 -1928 5947 894 6673 -4115 -5259
915 -1927 5943 892 6675 -4116 -5260
916 -1927 5945 896 6677 -4113 -5257
917 -1933 5942 895 6673 -4117 -5261
918 -1930 5943 893 6676 -4113 -5257
919 -1929 5944 893 6676 -4115 -5260
920 -1928 5944 895 6674 -4116 -5260
921 -1933 5946 895 6678 -4113 -5261
922 -1931 5944 894 6679 -4115 -5262
923 -1929 5944 895 6679 -4116 -5262
924 -1929 5946 895 6678 -4118 -5259
925 -1928 5946 893 6678 -4118 -5261
926 -1930 5947 893 6678 -4112 -5260
927 -1930 5944 892 6674 -4114 -5260
928 -1929 5946 893 6676 -4114 -5258
929 -1927 5945 893 6678 -4115 -5258
930 -1929 5944 894 6678 -4116 -5259
931 -1926 5944 893 6678 -4118 -5261
932 -1930 5943 893 6677 -4117 -5260
933 -1930 5944 894 6676 -4115 -5261
934 -1927 5945 896 6679 -4112 -5260
935 -1930 5946 894 6676 -4115 -5261
936 -1929 5940 894 6670 -4115 -5260
937 -1927 5940 891 6670 -4111 -5262
938 -1926 5943 892 6667 -4111 -5262
939 -1923 5940 891 6669 -4113 -5259
940 -1928 5943 894 6671 -4110 -5261
941 -1928 5943 892 6674 -4112 -5259
942 -1928 5945 894 6677 -4111 -5263
943 -1928 5941 894 6675 -4112 -5266
944 -1931 5943 890 6675 -4113 -5261
945 -1928 5944 890 6675 -4114 -5263
946 -1927 5944 895 6673 -4115 -5264
947 -1925 5941 894 6673 -4111 -5259
948 -1924 5945 896 6672 -4112 -5265
949 -1924 5942 893 6675 -4110 -5260
950 -1927 5947 896 6674 -4107 -5259
951 -1926 5944 895 6675 -4111 -5261
952 -1923 5947 891 6676 -4111 -5261
953 -1929 5945 892 6675 -4114 -5262
954 -1925 5945 891 6675 -4111 -5263
955 -1925 5942 892 6672 -4112 -5262
956 -1924 5944 892 6666 -4109 -5263
957 -1924 5941 893 6664 -4108 -5262
958 -1923 5942 893 6666 -4108 -5263
959 -1926 5943 894 6663 -4107 -5261
960 -1923 5938 893 6664 -4109 -5263
961 -1925 5939 893 6672 -4111 -5263
962 -1926 5938 894 6671 -4111 -5263
963 -1923 5943 892 6672 -4108 -5262
964 -1928 5942 894 6672 -4106 -5263
965 -1926 5941 891 6670 -4107 -5263
966 -1925 5941 892 6666 -4106 -5264
967 -1920 5940 894 6668 -4108 -5261
968 -1920 5940 894 6668 -4109 -5265
969 -1921 5941 894 6671 -4109 -5265
970 -1921 5940 890 6671 -4110 -5264
971 -1926 5942 890 6671 -4112 -5264
972 -1929 5941 891 6671 -4105 -5264
973 -1928 5937 892 6666 -4108 -5262
974 -1923 5939 892 6670 -4108 -5263
975 -1921 5943 893 6670 -4107 -5262
976 -1921 5941 893 6666 -4108 -5261
977 -1922 5938 890 6669 -4109 -5266
978 -1924 5940 888 6666 -4106 -5267
979 -1924 5939 890 6664 -4106 -5266
980 -1922 5941 892 6667 -4106 -5268
981 -1920 5939 894 6665 -4105 -5265
982 -1922 5937 892 6664 -4108 -5267
983 -1920 5942 892 6665 -4109 -5262
984 -1923 5937 893 6665 -4107 -5266
985 -1920 5937 889 6660 -4104 -5264
986 -1921 5940 891 6667 -4103 -5264
987 -1922 5943 891 6664 -4106 -5266
988 -1923 5940 892 6667 -4106 -5264
989 -1923 5939 891 6667 -4104 -5267
990 -1923 5937 894 6666 -4107 -5267
991 -1925 5936 891 6664 -4106 -5267
992 -1924 5939 892 6664 -4105 -5265
993 -1924 5936 891 6663 -4104 -5266
994 -1921 5936 893 6665 -4102 -5266
995 -1923 5938 890 6665 -4102 -5267
996 -1923 5939 889 6664 -4104 -5269
997 -1920 5938 890 6668 -4105 -5268
998 -1922 5937 888 6668 -4104 -5266
999 -1921 5938 889 6664 -4106 -5267
