0 1226 667 588 -535 -396 -1326
1 1227 670 590 -534 -397 -1327
2 1225 668 591 -535 -397 -1329
3 1227 669 589 -535 -397 -1327
4 1223 669 590 -535 -398 -1327
5 1224 668 589 -533 -396 -1328
6 1231 667 590 -535 -397 -1329
7 1222 668 587 -537 -399 -1332
8 1222 666 590 -538 -400 -1330
9 1224 667 589 -535 -399 -1332
10 1220 665 588 -538 -399 -1333
11 1224 664 586 -537 -400 -1332
12 1224 668 586 -537 -397 -1330
13 1225 666 587 -539 -396 -1329
14 1227 668 588 -538 -401 -1332
15 1226 667 588 -537 -399 -1331
16 1224 670 588 -537 -398 -1330
17 1226 670 590 -534 -396 -1325
18 1225 669 592 -534 -396 -1328
19 1227 667 595 -538 -397 -1327
20 1224 666 590 -534 -398 -1328
21 1223 672 588 -537 -393 -1328
22 1227 668 587 -535 -398 -1330
23 1225 670 591 -533 -397 -1326
24 1224 667 589 -535 -397 -1330
25 1230 668 591 -537 -397 -1328
26 1224 668 588 -537 -399 -1329
27 1224 668 586 -544 -401 -1329
28 1225 667 589 -535 -398 -1328
29 1225 665 590 -540 -397 -1331
30 1223 664 588 -539 -401 -1331
31 1223 668 588 -539 -397 -1329
32 1224 666 588 -534 -400 -1329
33 1225 668 591 -536 -398 -1329
34 1228 667 591 -539 -399 -1331
35 1223 669 587 -539 -398 -1331
36 1223 668 587 -538 -398 -1329
37 1225 666 588 -533 -395 -1326
38 1227 668 593 -535 -395 -1329
39 1222 663 584 -535 -397 -1334
40 1226 668 591 -538 -401 -1332
41 1222 667 585 -536 -397 -1328
42 1223 665 589 -536 -402 -1329
43 1220 669 588 -537 -401 -1335
44 1224 668 589 -534 -397 -1327
45 1224 670 591 -535 -399 -1330
46 1221 666 588 -534 -400 -1332
47 1223 667 585 -536 -400 -1331
48 1223 665 583 -540 -401 -1334
49 1222 664 586 -537 -400 -1334
50 1224 670 585 -536 -397 -1332
51 1225 668 588 -533 -397 -1327
52 1224 672 590 -533 -399 -1328
53 1223 669 588 -536 -399 -1332
54 1223 670 590 -539 -400 -1329
55 1222 667 588 -536 -399 -1330
56 1227 667 587 -537 -398 -1333
57 1227 665 589 -537 -396 -1332
58 1224 669 589 -536 -398 -1331
59 1227 671 589 -538 -397 -1328
60 1225 667 588 -533 -397 -1330
61 1224 666 589 -538 -400 -1330
62 1224 668 589 -535 -398 -1331
63 1225 668 589 -538 -397 -1332
64 1223 664 589 -536 -396 -1330
65 1224 666 588 -538 -398 -1328
66 1226 666 588 -536 -397 -1328
67 1223 666 590 -539 -401 -1330
68 1226 666 586 -538 -398 -1329
69 1227 667 588 -538 -398 -1328
70 1226 665 589 -539 -398 -1331
71 1224 666 587 -538 -399 -1331
72 1228 668 587 -538 -396 -1329
73 1228 666 588 -539 -396 -1328
74 1226 668 590 -537 -397 -1328
75 1222 668 589 -534 -398 -1331
76 1229 668 592 -538 -398 -1328
77 1225 669 588 -536 -396 -1330
78 1225 666 588 -537 -399 -1328
79 1224 670 588 -536 -399 -1329
80 1224 665 589 -535 -398 -1329
81 1222 665 589 -534 -399 -1330
82 1228 668 587 -535 -394 -1328
83 1229 667 589 -536 -401 -1328
84 1226 666 590 -535 -397 -1329
85 1225 667 590 -535 -399 -1330
86 1226 670 589 -535 -401 -1329
87 1226 668 590 -535 -397 -1327
88 1223 667 586 -537 -400 -1330
89 1222 669 587 -538 -401 -1327
90 1224 669 588 -537 -400 -1333
91 1223 665 586 -537 -400 -1329
92 1223 667 589 -535 -398 -1328
93 1225 668 589 -537 -400 -1331
94 1225 668 587 -534 -396 -1331
95 1226 668 590 -535 -400 -1331
96 1224 670 585 -537 -401 -1329
97 1221 668 584 -538 -397 -1330
98 1222 666 590 -538 -398 -1333
99 1225 671 589 -538 -400 -1328
100 1221 667 588 -535 -397 -1328
101 1227 669 589 -535 -396 -1328
102 1224 671 590 -534 -396 -1328
103 1226 667 588 -535 -399 -1330
104 1224 665 591 -536 -396 -1327
105 1223 667 590 -536 -397 -1329
106 1227 669 591 -534 -394 -1327
107 1228 669 588 -536 -397 -1325
108 1227 666 587 -536 -395 -1328
109 1226 669 591 -537 -396 -1326
110 1228 668 588 -539 -398 -1327
111 1227 666 588 -540 -398 -1327
112 1228 668 588 -540 -396 -1328
113 1228 668 588 -537 -393 -1326
114 1222 665 590 -538 -395 -1329
115 1227 668 588 -537 -397 -1328
116 1225 670 587 -537 -399 -1327
117 1226 665 588 -540 -398 -1330
118 1226 666 588 -538 -400 -1329
119 1226 671 587 -536 -397 -1330
120 1224 664 588 -536 -397 -1329
121 1221 666 589 -537 -401 -1330
122 1224 667 586 -536 -398 -1332
123 1225 665 586 -538 -399 -1330
124 1222 666 586 -535 -399 -1332
125 1225 669 586 -535 -398 -1328
126 1225 666 588 -535 -395 -1327
127 1228 670 591 -532 -397 -1329
128 1229 671 594 -534 -394 -1327
129 1227 671 593 -535 -398 -1330
130 1228 670 587 -533 -395 -1329
131 1223 668 588 -532 -398 -1329
132 1228 669 591 -533 -397 -1327
133 1225 667 589 -539 -399 -1330
134 1224 664 587 -539 -399 -1328
135 1226 668 588 -538 -399 -1330
136 1221 667 587 -538 -398 -1331
137 1222 665 585 -537 -400 -1333
138 1223 666 586 -536 -401 -1332
139 1223 666 585 -536 -397 -1332
140 1226 668 587 -535 -396 -1330
141 1225 669 587 -535 -402 -1331
142 1226 665 586 -534 -398 -1328
143 1224 669 589 -536 -399 -1327
144 1230 671 593 -535 -395 -1326
145 1226 670 589 -538 -402 -1330
146 1224 667 587 -539 -401 -1330
147 1221 667 587 -540 -398 -1330
148 1226 669 591 -537 -401 -1331
149 1225 667 590 -535 -399 -1332
150 1227 667 591 -538 -395 -1327
151 1222 668 588 -535 -400 -1333
152 1226 665 589 -538 -396 -1329
153 1226 667 589 -534 -396 -1328
154 1225 667 591 -536 -398 -1326
155 1227 665 587 -535 -397 -1327
156 1223 666 591 -536 -400 -1328
157 1222 666 589 -540 -399 -1327
158 1224 666 588 -539 -397 -1327
159 1225 666 588 -538 -400 -1328
160 1226 665 588 -536 -398 -1327
161 1226 668 588 -537 -396 -1329
162 1225 670 589 -536 -397 -1330
163 1224 668 585 -533 -396 -1329
164 1225 667 587 -535 -397 -1327
165 1225 668 589 -537 -396 -1326
166 1226 667 588 -535 -398 -1329
167 1225 669 590 -537 -398 -1330
168 1225 670 589 -533 -397 -1331
169 1227 668 589 -534 -396 -1333
170 1222 665 589 -532 -397 -1331
171 1222 667 588 -534 -400 -1330
172 1225 667 591 -535 -402 -1332
173 1222 669 584 -533 -396 -1328
174 1228 669 590 -537 -396 -1329
175 1224 670 589 -537 -399 -1332
176 1224 671 593 -536 -396 -1329
177 1227 666 589 -538 -397 -1329
178 1227 669 589 -535 -398 -1327
179 1226 666 589 -538 -398 -1329
180 1222 666 587 -537 -394 -1330
181 1225 668 589 -535 -395 -1331
182 1224 667 588 -538 -399 -1329
183 1225 669 590 -536 -395 -1330
184 1225 667 591 -534 -398 -1327
185 1227 667 588 -533 -397 -1329
186 1225 668 587 -533 -396 -1327
187 1229 671 590 -533 -398 -1328
188 1223 670 589 -536 -397 -1329
189 1226 672 592 -535 -397 -1327
190 1224 667 590 -535 -397 -1331
191 1225 669 587 -536 -394 -1328
192 1223 669 591 -537 -398 -1331
193 1222 664 587 -540 -399 -1331
194 1222 662 583 -539 -400 -1330
195 1226 666 590 -539 -398 -1327
196 1228 667 588 -544 -395 -1327
197 1227 665 587 -538 -398 -1326
198 1226 664 589 -539 -398 -1327
199 1227 670 587 -536 -394 -1329
200 1226 668 591 -537 -400 -1330
201 1221 669 587 -536 -402 -1330
202 1223 667 587 -534 -397 -1331
203 1223 669 590 -537 -398 -1331
204 1224 668 587 -535 -401 -1332
205 1227 667 587 -536 -395 -1329
206 1227 671 590 -538 -398 -1331
207 1227 667 587 -539 -401 -1331
208 1224 666 585 -538 -401 -1331
209 1224 668 585 -532 -400 -1331
210 1223 669 590 -533 -400 -1330
211 1227 668 589 -532 -400 -1331
212 1225 671 586 -533 -399 -1328
213 1221 669 591 -533 -398 -1326
214 1226 671 588 -535 -400 -1330
215 1224 670 588 -534 -396 -1329
216 1225 667 592 -535 -395 -1328
217 1225 667 587 -538 -400 -1328
218 1228 667 589 -535 -398 -1331
219 1226 668 590 -535 -395 -1328
220 1229 672 589 -534 -395 -1331
221 1227 672 590 -532 -399 -1329
222 1223 669 587 -531 -398 -1330
223 1226 671 590 -535 -399 -1326
224 1223 671 589 -537 -394 -1329
225 1225 668 589 -534 -395 -1326
226 1223 673 591 -536 -398 -1331
227 1227 669 591 -536 -396 -1327
228 1225 667 589 -539 -402 -1332
229 1225 666 588 -536 -400 -1332
230 1222 669 586 -535 -396 -1332
231 1224 667 589 -535 -397 -1328
232 1224 668 588 -539 -402 -1331
233 1225 664 587 -540 -401 -1330
234 1225 666 589 -540 -397 -1328
235 1227 669 586 -540 -397 -1327
236 1225 667 589 -539 -395 -1324
237 1228 668 594 -538 -393 -1329
238 1222 667 593 -539 -399 -1330
239 1225 666 588 -539 -397 -1329
240 1225 664 586 -539 -398 -1330
241 1227 665 584 -538 -393 -1328
242 1225 669 587 -539 -396 -1329
243 1225 667 590 -540 -396 -1331
244 1226 667 587 -539 -396 -1329
245 1226 668 591 -541 -400 -1332
246 1227 667 588 -541 -395 -1330
247 1223 662 585 -535 -400 -1331
248 1224 669 589 -530 -402 -1332
249 1224 674 588 -530 -398 -1329
250 1221 670 587 -532 -399 -1333
251 1219 667 589 -532 -402 -1332
252 1225 668 589 -531 -396 -1329
253 1225 666 588 -536 -399 -1327
254 1225 671 588 -535 -397 -1330
255 1227 668 588 -539 -398 -1327
256 1227 669 589 -535 -398 -1327
257 1228 672 588 -534 -400 -1330
258 1225 668 589 -529 -395 -1328
259 1224 672 590 -533 -398 -1328
260 1226 667 586 -532 -397 -1329
261 1222 668 585 -535 -401 -1333
262 1223 670 588 -533 -398 -1331
263 1224 669 588 -537 -399 -1330
264 1223 666 585 -538 -401 -1331
265 1225 667 588 -538 -396 -1329
266 1227 665 586 -543 -400 -1331
267 1223 669 585 -536 -398 -1328
268 1225 664 583 -538 -394 -1328
269 1226 665 587 -534 -397 -1329
270 1225 667 586 -534 -401 -1329
271 1224 668 586 -534 -398 -1327
272 1228 668 588 -535 -396 -1328
273 1228 670 589 -537 -400 -1329
274 1228 669 587 -536 -399 -1326
275 1227 673 591 -535 -397 -1326
276 1232 672 592 -533 -394 -1324
277 1229 671 590 -536 -397 -1326
278 1227 668 592 -534 -398 -1327
279 1225 667 592 -539 -397 -1327
280 1227 665 585 -539 -396 -1327
281 1225 665 586 -540 -395 -1326
282 1226 665 588 -541 -397 -1330
283 1229 667 590 -537 -400 -1329
284 1228 667 592 -536 -398 -1327
285 1224 667 592 -534 -394 -1329
286 1227 669 591 -537 -395 -1326
287 1226 671 592 -535 -398 -1329
288 1226 670 589 -535 -399 -1332
289 1224 671 588 -536 -396 -1331
290 1225 671 589 -531 -397 -1333
291 1229 669 589 -537 -399 -1331
292 1226 665 587 -537 -398 -1329
293 1224 666 589 -536 -396 -1330
294 1225 667 590 -536 -395 -1328
295 1227 667 589 -538 -399 -1328
296 1225 666 588 -531 -396 -1330
297 1225 670 590 -533 -398 -1330
298 1223 673 592 -531 -400 -1330
299 1223 672 588 -527 -399 -1332
300 1220 669 591 -527 -399 -1328
301 1221 673 589 -530 -398 -1331
302 1227 674 589 -537 -400 -1329
303 1225 667 589 -536 -400 -1331
304 1226 668 591 -539 -396 -1328
305 1229 667 588 -542 -398 -1329
306 1227 664 586 -541 -395 -1331
307 1226 667 588 -541 -395 -1330
308 1225 666 586 -536 -393 -1329
309 1224 666 589 -531 -397 -1328
310 1225 670 593 -534 -397 -1328
311 1224 667 590 -530 -398 -1328
312 1223 672 594 -530 -398 -1328
313 1224 671 595 -531 -396 -1322
314 1224 667 589 -536 -397 -1326
315 1225 668 588 -541 -394 -1328
316 1228 665 588 -544 -395 -1329
317 1229 664 586 -544 -397 -1329
318 1226 659 583 -542 -396 -1329
319 1224 662 586 -538 -398 -1330
320 1223 663 583 -537 -398 -1329
321 1223 666 589 -533 -398 -1327
322 1225 670 590 -532 -401 -1328
323 1222 669 592 -535 -400 -1328
324 1222 672 592 -532 -397 -1323
325 1224 674 595 -536 -397 -1323
326 1225 672 592 -536 -397 -1325
327 1229 668 590 -541 -397 -1327
328 1230 663 588 -540 -398 -1330
329 1230 660 584 -540 -397 -1331
330 1225 661 583 -540 -397 -1333
331 1225 663 585 -539 -399 -1332
332 1225 667 590 -538 -397 -1331
333 1223 665 586 -534 -401 -1331
334 1224 666 587 -534 -402 -1329
335 1220 674 589 -532 -402 -1329
336 1222 678 595 -527 -397 -1326
337 1219 673 589 -530 -403 -1332
338 1221 672 586 -527 -405 -1333
339 1222 673 588 -528 -402 -1334
340 1222 674 587 -535 -397 -1332
341 1224 667 584 -537 -398 -1331
342 1230 665 584 -543 -397 -1329
343 1226 664 584 -542 -397 -1327
344 1226 666 592 -542 -394 -1326
345 1229 666 587 -539 -395 -1329
346 1228 663 588 -538 -398 -1327
347 1227 668 588 -536 -397 -1327
348 1225 672 593 -532 -398 -1328
349 1224 672 590 -534 -398 -1326
350 1224 670 587 -536 -399 -1331
351 1224 667 585 -540 -398 -1333
352 1227 664 587 -541 -398 -1327
353 1226 665 586 -538 -397 -1332
354 1226 668 589 -535 -395 -1328
355 1224 667 589 -535 -399 -1331
356 1221 665 592 -537 -396 -1327
357 1222 668 590 -535 -399 -1328
358 1228 669 592 -532 -398 -1329
359 1226 673 588 -531 -397 -1326
360 1227 671 590 -535 -396 -1325
361 1227 670 588 -536 -399 -1330
362 1224 665 588 -534 -396 -1329
363 1227 670 590 -535 -393 -1329
364 1224 668 588 -536 -398 -1328
365 1225 670 589 -537 -398 -1328
366 1225 666 588 -538 -398 -1330
367 1224 662 585 -536 -399 -1330
368 1224 667 588 -538 -394 -1326
369 1224 670 588 -538 -397 -1328
370 1228 669 589 -539 -399 -1331
371 1226 666 590 -537 -400 -1329
372 1225 665 589 -540 -402 -1332
373 1223 665 588 -540 -399 -1333
374 1221 665 586 -541 -401 -1332
375 1222 667 585 -536 -398 -1327
376 1223 667 588 -539 -398 -1331
377 1227 669 589 -536 -400 -1330
378 1226 669 587 -536 -398 -1330
379 1222 667 587 -538 -399 -1331
380 1222 667 588 -537 -401 -1330
381 1225 668 587 -537 -397 -1330
382 1227 667 587 -541 -396 -1329
383 1222 666 585 -538 -402 -1331
384 1222 668 586 -538 -400 -1330
385 1224 665 587 -537 -399 -1333
386 1224 665 587 -536 -396 -1329
387 1224 669 588 -534 -398 -1327
388 1227 670 591 -536 -398 -1327
389 1225 671 589 -540 -396 -1330
390 1226 670 588 -534 -394 -1330
391 1227 670 591 -536 -395 -1329
392 1225 669 591 -534 -398 -1330
393 1225 670 591 -537 -397 -1329
394 1224 669 591 -535 -399 -1328
395 1228 669 590 -536 -400 -1333
396 1227 670 587 -538 -398 -1332
397 1225 665 586 -537 -399 -1331
398 1225 669 588 -537 -400 -1330
399 1225 668 590 -539 -400 -1330
400 1221 666 587 -537 -399 -1332
401 1222 666 585 -536 -399 -1328
402 1226 669 592 -534 -397 -1329
403 1224 667 588 -534 -394 -1328
404 1226 668 588 -535 -397 -1329
405 1229 667 587 -534 -395 -1329
406 1223 668 590 -534 -397 -1329
407 1226 666 589 -533 -395 -1327
408 1228 668 591 -530 -395 -1328
409 1228 671 589 -533 -394 -1328
410 1228 671 593 -536 -395 -1327
411 1223 668 588 -530 -396 -1327
412 1230 668 590 -536 -398 -1328
413 1226 668 589 -537 -400 -1327
414 1225 667 590 -539 -397 -1329
415 1226 665 590 -540 -399 -1329
416 1225 667 589 -535 -397 -1327
417 1225 667 590 -534 -396 -1327
418 1228 669 591 -536 -395 -1330
419 1226 668 588 -533 -398 -1326
420 1227 669 587 -534 -396 -1327
421 1226 667 590 -535 -401 -1330
422 1222 668 589 -535 -397 -1326
423 1222 669 588 -537 -397 -1329
424 1223 667 587 -534 -400 -1330
425 1225 669 588 -537 -399 -1330
426 1225 672 588 -538 -398 -1331
427 1226 669 589 -537 -399 -1329
428 1225 666 587 -535 -400 -1331
429 1228 671 592 -534 -397 -1328
430 1222 668 585 -536 -396 -1330
431 1226 669 587 -537 -396 -1330
432 1226 669 592 -534 -398 -1327
433 1222 666 588 -536 -397 -1330
434 1225 668 587 -532 -395 -1330
435 1227 669 590 -534 -397 -1325
436 1225 670 590 -533 -399 -1327
437 1226 667 589 -535 -394 -1328
438 1226 668 587 -533 -399 -1333
439 1224 667 588 -537 -400 -1330
440 1228 669 590 -534 -396 -1329
441 1224 670 588 -538 -397 -1331
442 1223 668 588 -534 -396 -1329
443 1227 672 590 -532 -397 -1328
444 1224 665 588 -535 -397 -1328
445 1226 671 590 -532 -395 -1328
446 1226 669 591 -538 -396 -1329
447 1224 669 590 -538 -399 -1329
448 1224 668 589 -536 -400 -1328
449 1225 668 583 -536 -400 -1327
450 1226 669 593 -537 -399 -1328
451 1228 671 592 -534 -396 -1326
452 1226 669 591 -536 -396 -1331
453 1223 669 590 -536 -399 -1329
454 1223 670 588 -536 -397 -1326
455 1223 667 589 -537 -399 -1332
456 1224 666 587 -538 -399 -1333
457 1225 668 587 -533 -398 -1328
458 1226 668 588 -538 -397 -1329
459 1226 670 585 -538 -399 -1331
460 1226 669 591 -539 -395 -1329
461 1225 670 590 -537 -398 -1327
462 1222 669 587 -534 -397 -1331
463 1223 667 588 -536 -398 -1329
464 1228 669 589 -535 -397 -1330
465 1224 669 589 -534 -396 -1325
466 1228 667 594 -535 -396 -1327
467 1223 668 587 -534 -400 -1330
468 1226 668 592 -539 -397 -1327
469 1227 671 590 -537 -395 -1325
470 1228 669 593 -537 -397 -1327
471 1227 668 591 -534 -395 -1327
472 1227 670 592 -534 -395 -1329
473 1227 670 592 -533 -394 -1327
474 1230 672 592 -535 -397 -1332
475 1226 666 592 -536 -396 -1329
476 1224 671 590 -534 -397 -1328
477 1227 669 592 -535 -397 -1329
478 1224 671 590 -532 -395 -1327
479 1226 668 587 -533 -399 -1330
480 1226 671 593 -535 -397 -1327
481 1227 670 589 -532 -396 -1326
482 1225 667 588 -533 -395 -1328
483 1228 668 592 -537 -395 -1328
484 1225 670 592 -530 -392 -1326
485 1223 670 594 -535 -395 -1328
486 1225 669 590 -531 -396 -1324
487 1228 670 589 -533 -397 -1328
488 1227 668 590 -535 -397 -1328
489 1226 671 590 -534 -394 -1327
490 1226 670 593 -532 -394 -1333
491 1228 669 590 -533 -396 -1328
492 1227 669 590 -535 -397 -1326
493 1228 670 591 -533 -395 -1328
494 1227 670 591 -536 -400 -1328
495 1227 670 591 -533 -399 -1327
496 1225 667 590 -537 -399 -1331
497 1226 667 587 -536 -394 -1329
498 1223 669 591 -537 -399 -1328
499 1223 668 589 -534 -397 -1328
500 1224 671 587 -536 -396 -1331
501 1223 665 586 -538 -398 -1329
502 1223 667 588 -536 -397 -1328
503 1224 670 589 -533 -399 -1329
504 1224 671 587 -535 -400 -1330
505 1227 666 587 -536 -398 -1330
506 1227 670 590 -534 -396 -1332
507 1227 668 589 -538 -397 -1325
508 1226 667 589 -536 -394 -1328
509 1225 668 589 -532 -400 -1327
510 1224 669 587 -533 -399 -1329
511 1227 669 592 -537 -397 -1325
512 1222 668 588 -536 -397 -1330
513 1228 670 591 -535 -396 -1328
514 1223 666 589 -535 -399 -1328
515 1226 669 590 -538 -394 -1328
516 1224 670 588 -533 -397 -1327
517 1227 668 588 -535 -395 -1328
518 1225 667 590 -538 -396 -1329
519 1228 667 590 -533 -394 -1325
520 1226 671 591 -534 -395 -1327
521 1230 672 589 -536 -398 -1326
522 1228 671 588 -532 -393 -1326
523 1228 673 593 -537 -398 -1327
524 1227 671 590 -532 -396 -1327
525 1227 668 590 -533 -394 -1326
526 1227 670 593 -536 -395 -1328
527 1223 666 590 -536 -396 -1331
528 1226 667 589 -532 -397 -1328
529 1228 669 589 -535 -397 -1326
530 1225 670 589 -532 -396 -1327
531 1226 670 591 -532 -395 -1324
532 1229 670 594 -534 -396 -1328
533 1227 669 591 -532 -398 -1327
534 1226 671 587 -535 -395 -1331
535 1228 669 592 -535 -399 -1327
536 1227 669 589 -533 -395 -1327
537 1228 670 589 -535 -394 -1325
538 1226 670 592 -534 -398 -1327
539 1226 666 588 -535 -396 -1328
540 1227 671 588 -534 -399 -1327
541 1227 670 591 -532 -395 -1330
542 1228 670 590 -534 -396 -1327
543 1228 669 591 -534 -396 -1329
544 1227 669 588 -536 -396 -1327
545 1222 667 589 -537 -396 -1327
546 1230 669 592 -532 -396 -1326
547 1227 669 592 -535 -398 -1330
548 1229 668 591 -535 -399 -1327
549 1224 670 588 -536 -394 -1327
550 1228 670 590 -535 -397 -1328
551 1224 666 590 -536 -397 -1329
552 1228 667 589 -539 -396 -1329
553 1222 665 591 -535 -398 -1326
554 1227 671 590 -534 -395 -1326
555 1228 670 590 -534 -394 -1333
556 1226 667 591 -535 -395 -1328
557 1226 667 590 -534 -398 -1327
558 1228 671 589 -534 -395 -1324
559 1225 670 590 -535 -396 -1325
560 1224 668 591 -537 -398 -1328
561 1227 668 589 -538 -400 -1327
562 1226 667 587 -535 -397 -1330
563 1227 669 588 -538 -401 -1328
564 1226 669 591 -536 -399 -1329
565 1226 669 586 -534 -398 -1329
566 1226 666 588 -539 -401 -1328
567 1226 665 587 -535 -399 -1331
568 1227 667 587 -535 -396 -1327
569 1228 671 593 -533 -396 -1326
570 1229 671 596 -535 -396 -1326
571 1227 668 587 -536 -396 -1330
572 1225 669 588 -536 -397 -1328
573 1227 669 588 -534 -399 -1329
574 1222 667 590 -535 -396 -1327
575 1227 669 590 -533 -397 -1328
576 1225 669 592 -535 -397 -1331
577 1223 668 588 -535 -397 -1323
578 1227 670 590 -536 -397 -1325
579 1224 669 589 -535 -396 -1331
580 1224 667 592 -540 -397 -1330
581 1222 665 588 -534 -396 -1327
582 1226 669 589 -536 -395 -1329
583 1224 669 586 -538 -398 -1330
584 1224 667 588 -538 -399 -1331
585 1227 668 590 -536 -397 -1330
586 1224 669 588 -535 -394 -1328
587 1228 668 588 -535 -396 -1325
588 1228 668 589 -537 -399 -1330
589 1226 667 588 -536 -398 -1329
590 1224 668 589 -536 -397 -1325
591 1224 666 588 -538 -398 -1332
592 1221 666 586 -539 -398 -1329
593 1226 667 587 -537 -400 -1329
594 1220 665 586 -539 -400 -1330
595 1223 667 589 -539 -396 -1330
596 1225 669 586 -537 -401 -1330
597 1225 671 590 -536 -395 -1326
598 1228 669 590 -535 -397 -1328
599 1227 667 589 -537 -396 -1329
600 1225 672 590 -536 -397 -1326
601 1226 670 590 -534 -398 -1329
602 1224 667 590 -537 -393 -1328
603 1226 671 590 -534 -397 -1325
604 1230 667 591 -538 -397 -1327
605 1225 667 587 -537 -399 -1329
606 1225 667 589 -536 -396 -1327
607 1227 669 589 -537 -398 -1328
608 1226 668 588 -538 -397 -1328
609 1223 666 591 -534 -397 -1328
610 1229 671 591 -538 -397 -1328
611 1226 666 589 -538 -400 -1331
612 1224 663 586 -534 -400 -1331
613 1225 667 588 -534 -394 -1328
614 1225 670 588 -533 -396 -1329
615 1224 668 591 -536 -399 -1330
616 1224 667 587 -533 -397 -1330
617 1228 665 591 -534 -396 -1330
618 1226 668 590 -534 -398 -1329
619 1223 669 588 -536 -396 -1328
620 1227 669 591 -529 -395 -1328
621 1229 670 593 -539 -399 -1328
622 1222 670 587 -536 -396 -1328
623 1227 669 590 -535 -396 -1327
624 1222 668 589 -534 -398 -1328
625 1226 668 591 -535 -398 -1328
626 1224 666 589 -538 -402 -1330
627 1224 667 589 -539 -397 -1331
628 1226 670 589 -535 -399 -1329
629 1227 670 589 -534 -395 -1327
630 1224 665 588 -538 -398 -1329
631 1222 668 587 -537 -395 -1327
632 1227 667 589 -535 -396 -1328
633 1224 667 589 -539 -398 -1330
634 1224 667 591 -541 -396 -1327
635 1226 668 592 -536 -396 -1328
636 1228 669 591 -537 -397 -1327
637 1228 665 588 -537 -397 -1328
638 1225 667 590 -538 -398 -1330
639 1224 666 588 -534 -395 -1330
640 1228 668 590 -533 -394 -1325
641 1229 667 590 -533 -398 -1326
642 1223 670 590 -535 -398 -1329
643 1227 669 592 -534 -396 -1325
644 1227 668 590 -533 -395 -1327
645 1229 671 592 -537 -395 -1328
646 1224 666 589 -534 -399 -1326
647 1225 666 588 -535 -394 -1327
648 1226 670 593 -533 -396 -1325
649 1228 671 591 -534 -395 -1329
650 1226 667 589 -534 -397 -1329
651 1228 672 592 -536 -394 -1327
652 1225 670 591 -535 -397 -1326
653 1225 670 588 -533 -397 -1329
654 1227 667 590 -533 -394 -1328
655 1229 672 590 -530 -396 -1327
656 1227 673 588 -534 -397 -1325
657 1226 668 592 -537 -401 -1330
658 1227 667 590 -536 -398 -1329
659 1226 668 591 -537 -398 -1329
660 1224 670 589 -536 -398 -1332
661 1227 667 590 -539 -398 -1331
662 1223 669 586 -535 -396 -1330
663 1228 669 593 -535 -398 -1328
664 1224 670 588 -533 -398 -1327
665 1227 672 591 -532 -393 -1325
666 1227 671 590 -535 -397 -1328
667 1227 668 589 -531 -395 -1329
668 1227 672 590 -535 -402 -1328
669 1224 667 588 -534 -397 -1325
670 1227 669 592 -535 -396 -1325
671 1226 670 594 -534 -395 -1330
672 1228 669 590 -534 -394 -1328
673 1227 669 589 -536 -396 -1326
674 1226 668 591 -533 -395 -1326
675 1228 669 592 -531 -398 -1326
676 1228 670 593 -538 -394 -1330
677 1227 668 591 -537 -397 -1329
678 1226 669 590 -531 -396 -1326
679 1227 670 591 -535 -394 -1327
680 1228 671 592 -537 -396 -1326
681 1227 668 590 -533 -398 -1328
682 1225 670 590 -536 -399 -1328
683 1226 667 591 -537 -398 -1328
684 1226 669 587 -535 -396 -1330
685 1226 670 592 -532 -396 -1327
686 1226 670 591 -534 -397 -1329
687 1224 666 591 -537 -397 -1327
688 1228 665 588 -533 -394 -1328
689 1226 667 589 -536 -397 -1327
690 1227 668 589 -535 -393 -1328
691 1225 667 592 -535 -396 -1328
692 1228 668 589 -535 -396 -1328
693 1230 668 590 -536 -395 -1326
694 1227 668 592 -531 -394 -1326
695 1226 669 592 -532 -393 -1324
696 1230 670 591 -534 -396 -1325
697 1229 667 589 -533 -395 -1325
698 1231 669 592 -533 -394 -1327
699 1222 670 588 -536 -398 -1328
700 1227 669 591 -536 -396 -1330
701 1226 669 588 -533 -396 -1329
702 1224 668 590 -536 -397 -1330
703 1224 668 589 -535 -400 -1332
704 1226 667 589 -529 -392 -1330
705 1229 672 593 -533 -398 -1328
706 1227 669 592 -534 -399 -1329
707 1226 671 591 -531 -397 -1327
708 1227 669 591 -532 -396 -1329
709 1227 669 588 -534 -395 -1329
710 1227 672 590 -532 -394 -1328
711 1224 669 594 -535 -395 -1327
712 1227 668 590 -532 -395 -1329
713 1228 672 590 -530 -395 -1325
714 1227 671 591 -531 -398 -1328
715 1227 669 589 -531 -394 -1325
716 1228 674 594 -532 -397 -1329
717 1228 672 592 -533 -394 -1327
718 1228 673 590 -537 -395 -1325
719 1226 669 592 -533 -393 -1326
720 1226 672 592 -532 -395 -1329
721 1227 667 592 -536 -396 -1325
722 1226 671 589 -531 -394 -1325
723 1228 669 589 -535 -399 -1327
724 1222 665 589 -537 -398 -1332
725 1226 669 591 -536 -398 -1328
726 1228 669 590 -533 -398 -1326
727 1227 672 592 -531 -389 -1325
728 1225 667 592 -535 -398 -1329
729 1229 671 596 -531 -393 -1323
730 1229 673 592 -535 -397 -1327
731 1226 674 592 -531 -396 -1325
732 1229 670 593 -534 -391 -1324
733 1227 669 590 -532 -394 -1330
734 1227 669 590 -531 -394 -1326
735 1229 670 593 -537 -396 -1324
736 1230 672 591 -536 -394 -1326
737 1224 669 588 -537 -398 -1329
738 1228 669 589 -535 -395 -1326
739 1227 671 591 -532 -399 -1326
740 1228 671 593 -536 -397 -1328
741 1225 667 589 -538 -399 -1330
742 1226 669 588 -534 -398 -1326
743 1227 670 592 -536 -398 -1327
744 1224 667 590 -535 -399 -1329
745 1223 670 587 -534 -398 -1329
746 1224 670 592 -535 -396 -1325
747 1229 671 592 -535 -396 -1330
748 1223 671 589 -538 -401 -1332
749 1225 668 588 -533 -397 -1328
750 1225 668 590 -532 -398 -1326
751 1224 669 591 -534 -397 -1328
752 1225 667 591 -533 -393 -1324
753 1226 672 591 -531 -399 -1328
754 1226 671 591 -533 -397 -1330
755 1228 671 589 -530 -395 -1328
756 1228 670 587 -533 -398 -1329
757 1224 666 589 -533 -393 -1323
758 1228 669 590 -534 -395 -1329
759 1227 669 592 -535 -397 -1329
760 1225 671 589 -534 -399 -1329
761 1231 673 590 -534 -393 -1328
762 1228 672 594 -536 -396 -1327
763 1226 670 589 -532 -395 -1328
764 1229 671 589 -533 -397 -1326
765 1229 669 590 -534 -395 -1328
766 1228 667 590 -536 -399 -1327
767 1225 669 591 -534 -396 -1328
768 1222 666 589 -535 -400 -1328
769 1225 670 589 -537 -395 -1329
770 1227 666 586 -537 -397 -1329
771 1225 668 586 -535 -399 -1326
772 1229 671 593 -530 -394 -1326
773 1226 670 594 -537 -399 -1324
774 1229 670 593 -532 -394 -1328
775 1227 667 588 -535 -395 -1323
776 1227 666 588 -534 -394 -1329
777 1227 670 588 -535 -395 -1325
778 1227 671 590 -531 -397 -1326
779 1228 669 592 -537 -395 -1326
780 1224 669 590 -536 -398 -1328
781 1226 669 589 -537 -395 -1329
782 1229 669 588 -537 -396 -1328
783 1230 668 590 -532 -394 -1327
784 1229 672 594 -535 -396 -1326
785 1225 669 591 -534 -397 -1328
786 1226 671 589 -533 -397 -1327
787 1228 671 589 -534 -398 -1327
788 1228 672 590 -532 -400 -1329
789 1227 673 594 -533 -394 -1328
790 1224 668 589 -535 -398 -1330
791 1228 668 589 -535 -397 -1328
792 1226 668 588 -536 -398 -1331
793 1227 668 589 -534 -398 -1329
794 1225 670 590 -535 -399 -1331
795 1225 667 588 -532 -398 -1328
796 1227 670 589 -536 -399 -1329
797 1228 669 590 -535 -397 -1329
798 1225 666 589 -534 -396 -1329
799 1226 669 589 -535 -397 -1332
800 1226 668 587 -533 -397 -1329
801 1227 667 588 -534 -398 -1329
802 1225 667 587 -536 -395 -1326
803 1226 668 589 -535 -400 -1329
804 1225 667 589 -534 -400 -1328
805 1224 670 587 -536 -398 -1328
806 1225 669 591 -536 -399 -1328
807 1227 667 589 -535 -398 -1328
808 1227 670 589 -536 -394 -1331
809 1224 667 588 -534 -397 -1328
810 1225 671 592 -533 -394 -1327
811 1228 668 589 -533 -395 -1325
812 1227 670 592 -534 -395 -1328
813 1226 667 591 -533 -397 -1331
814 1226 669 587 -535 -400 -1327
815 1223 668 590 -534 -399 -1331
816 1227 665 588 -535 -396 -1326
817 1226 667 587 -537 -398 -1329
818 1227 666 591 -537 -397 -1329
819 1224 665 589 -534 -401 -1326
820 1226 667 590 -537 -396 -1327
821 1226 669 589 -535 -397 -1326
822 1227 671 589 -533 -398 -1327
823 1224 668 588 -536 -399 -1329
824 1227 667 590 -538 -400 -1330
825 1225 667 586 -536 -398 -1329
826 1224 670 589 -541 -399 -1329
827 1226 666 588 -536 -398 -1327
828 1227 672 590 -532 -395 -1328
829 1224 670 592 -536 -400 -1331
830 1224 668 588 -539 -400 -1330
831 1224 667 588 -536 -397 -1330
832 1223 668 588 -535 -400 -1330
833 1224 666 589 -537 -399 -1330
834 1223 669 589 -536 -396 -1333
835 1224 669 589 -537 -398 -1329
836 1222 667 589 -537 -403 -1329
837 1224 666 585 -532 -397 -1330
838 1224 668 591 -535 -395 -1330
839 1228 671 589 -534 -398 -1328
840 1225 668 589 -533 -399 -1327
841 1224 666 587 -535 -397 -1331
842 1223 666 588 -538 -400 -1331
843 1226 666 585 -537 -400 -1331
844 1226 669 588 -535 -400 -1332
845 1225 671 588 -533 -399 -1329
846 1228 671 591 -532 -397 -1327
847 1227 670 591 -536 -398 -1328
848 1225 669 590 -537 -398 -1327
849 1228 667 589 -533 -397 -1326
850 1227 668 592 -535 -400 -1328
851 1226 668 588 -536 -394 -1329
852 1225 667 588 -537 -396 -1329
853 1226 666 589 -537 -397 -1330
854 1225 669 591 -539 -398 -1329
855 1224 669 591 -536 -398 -1328
856 1226 666 590 -536 -398 -1331
857 1227 667 584 -538 -397 -1327
858 1227 668 589 -535 -397 -1326
859 1226 668 590 -532 -397 -1330
860 1225 668 593 -536 -400 -1327
861 1226 666 590 -536 -397 -1329
862 1224 666 591 -539 -399 -1331
863 1229 666 587 -534 -394 -1327
864 1225 667 591 -536 -394 -1328
865 1226 670 593 -535 -395 -1325
866 1227 668 593 -536 -397 -1326
867 1228 667 589 -537 -398 -1330
868 1226 669 591 -535 -397 -1330
869 1227 665 587 -536 -397 -1325
870 1226 670 590 -533 -397 -1325
871 1227 669 592 -537 -399 -1329
872 1224 667 587 -537 -396 -1330
873 1226 673 592 -536 -400 -1331
874 1224 671 591 -534 -396 -1326
875 1226 669 591 -536 -400 -1330
876 1227 671 592 -537 -397 -1331
877 1224 673 590 -534 -395 -1330
878 1223 669 591 -535 -397 -1331
879 1226 667 587 -536 -396 -1328
880 1226 670 591 -536 -397 -1329
881 1225 671 587 -531 -395 -1330
882 1226 673 592 -536 -397 -1328
883 1225 667 591 -532 -397 -1328
884 1225 671 591 -536 -396 -1331
885 1223 669 589 -535 -396 -1327
886 1225 666 588 -535 -397 -1327
887 1224 667 587 -534 -396 -1331
888 1226 671 590 -536 -396 -1327
889 1224 670 592 -534 -396 -1327
890 1227 669 591 -535 -397 -1328
891 1227 668 590 -536 -398 -1331
892 1229 665 588 -537 -400 -1329
893 1226 666 587 -536 -396 -1327
894 1226 668 588 -534 -396 -1328
895 1222 670 589 -537 -395 -1329
896 1226 670 588 -534 -397 -1330
897 1223 666 588 -536 -399 -1328
898 1224 667 587 -535 -400 -1331
899 1225 671 589 -535 -395 -1327
900 1226 672 590 -535 -397 -1329
901 1226 669 593 -538 -397 -1327
902 1226 666 590 -537 -395 -1327
903 1225 666 590 -536 -397 -1329
904 1225 670 590 -537 -397 -1328
905 1226 670 587 -535 -395 -1329
906 1224 668 586 -535 -395 -1329
907 1230 671 592 -533 -396 -1326
908 1228 670 590 -537 -397 -1328
909 1224 667 588 -536 -395 -1328
910 1223 665 590 -538 -397 -1330
911 1225 667 590 -535 -396 -1325
912 1226 669 591 -536 -396 -1328
913 1226 672 592 -534 -396 -1329
914 1227 671 588 -535 -393 -1329
915 1226 670 589 -533 -397 -1328
916 1224 668 588 -536 -398 -1328
917 1227 670 589 -538 -397 -1330
918 1224 667 588 -532 -397 -1330
919 1227 671 592 -535 -396 -1331
920 1226 669 591 -535 -399 -1332
921 1222 666 589 -534 -400 -1332
922 1223 670 591 -536 -399 -1330
923 1222 667 587 -536 -402 -1334
924 1224 666 586 -532 -397 -1333
925 1225 668 589 -533 -396 -1329
926 1222 668 588 -535 -395 -1329
927 1228 671 590 -533 -395 -1327
928 1227 673 594 -530 -398 -1330
929 1227 671 592 -534 -397 -1326
930 1225 667 590 -533 -395 -1328
931 1227 665 589 -535 -398 -1328
932 1226 670 590 -536 -398 -1331
933 1226 669 591 -538 -399 -1328
934 1227 668 587 -535 -396 -1326
935 1225 671 590 -536 -397 -1329
936 1226 669 589 -535 -396 -1328
937 1225 669 593 -539 -397 -1332
938 1224 668 587 -538 -399 -1330
939 1223 664 586 -535 -395 -1332
940 1222 666 588 -536 -399 -1329
941 1225 668 591 -537 -398 -1330
942 1227 666 589 -535 -395 -1327
943 1228 670 591 -533 -397 -1328
944 1226 669 590 -537 -396 -1327
945 1224 668 590 -538 -396 -1325
946 1226 668 593 -532 -398 -1323
947 1226 669 592 -536 -397 -1328
948 1226 669 589 -537 -397 -1329
949 1226 670 589 -539 -396 -1329
950 1229 667 590 -537 -400 -1328
951 1222 664 588 -539 -398 -1329
952 1226 668 589 -536 -395 -1329
953 1223 668 590 -537 -397 -1330
954 1227 670 590 -536 -398 -1328
955 1226 668 590 -531 -396 -1328
956 1226 670 591 -535 -397 -1328
957 1226 670 589 -538 -400 -1328
958 1223 668 590 -535 -396 -1327
959 1228 668 589 -536 -399 -1330
960 1225 667 588 -538 -397 -1331
961 1222 666 589 -536 -398 -1331
962 1226 666 586 -540 -400 -1331
963 1224 665 586 -538 -399 -1330
964 1225 667 589 -534 -397 -1330
965 1223 669 591 -534 -396 -1328
966 1224 668 590 -535 -399 -1332
967 1227 667 590 -536 -399 -1328
968 1227 667 589 -534 -397 -1329
969 1224 667 590 -534 -400 -1331
970 1226 667 591 -533 -396 -1330
971 1225 668 589 -535 -397 -1326
972 1227 668 590 -537 -398 -1328
973 1228 669 589 -535 -396 -1327
974 1225 670 589 -536 -397 -1328
975 1225 668 590 -537 -398 -1329
976 1223 668 587 -536 -396 -1327
977 1226 666 589 -536 -396 -1328
978 1226 665 588 -536 -398 -1331
979 1226 668 588 -539 -400 -1329
980 1222 668 589 -537 -399 -1329
981 1226 668 589 -536 -397 -1330
982 1223 666 587 -538 -401 -1331
983 1224 669 589 -537 -400 -1332
984 1225 667 587 -535 -399 -1329
985 1227 667 592 -536 -399 -1330
986 1225 668 592 -538 -399 -1328
987 1226 668 588 -535 -396 -1326
988 1225 668 589 -535 -398 -1328
989 1224 666 588 -537 -397 -1329
990 1228 669 588 -535 -396 -1328
991 1227 669 590 -536 -396 -1326
992 1227 669 592 -535 -395 -1327
993 1226 668 590 -536 -394 -1328
994 1227 670 590 -533 -399 -1327
995 1222 669 592 -535 -395 -1326
996 1226 667 589 -536 -396 -1327
997 1225 667 588 -535 -398 -1329
998 1228 668 590 -535 -396 -1328
999 1225 669 590 -536 -396 -1327
0 -1703 6178 469 5424 -3450 -6569
1 -1702 6179 466 5427 -3448 -6568
2 -1704 6183 472 5421 -3448 -6568
3 -1706 6181 470 5423 -3449 -6569
4 -1704 6178 468 5419 -3452 -6570
5 -1704 6176 469 5420 -3449 -6569
6 -1703 6179 468 5422 -3446 -6567
7 -1700 6178 469 5425 -3446 -6567
8 -1701 6180 472 5421 -3449 -6568
9 -1706 6180 468 5421 -3448 -6568
10 -1702 6178 464 5421 -3447 -6570
11 -1702 6183 470 5419 -3446 -6567
12 -1699 6178 470 5421 -3445 -6565
13 -1701 6181 472 5418 -3448 -6566
14 -1698 6181 472 5419 -3445 -6564
15 -1698 6181 470 5418 -3445 -6564
16 -1701 6179 469 5420 -3444 -6565
17 -1695 6180 470 5421 -3444 -6568
18 -1697 6178 470 5422 -3443 -6566
19 -1699 6181 469 5418 -3445 -6566
20 -1701 6179 469 5417 -3444 -6566
21 -1700 6179 469 5420 -3442 -6567
22 -1702 6182 472 5416 -3446 -6568
23 -1700 6180 470 5415 -3445 -6566
24 -1703 6179 467 5417 -3443 -6568
25 -1702 6182 471 5414 -3444 -6564
26 -1700 6181 469 5417 -3443 -6564
27 -1701 6182 468 5417 -3441 -6568
28 -1697 6181 469 5415 -3443 -6562
29 -1697 6182 471 5418 -3443 -6563
30 -1699 6182 473 5416 -3445 -6563
31 -1698 6179 470 5415 -3443 -6562
32 -1698 6184 470 5413 -3444 -6562
33 -1696 6181 470 5414 -3442 -6563
34 -1697 6182 470 5412 -3443 -6564
35 -1693 6181 468 5411 -3444 -6566
36 -1698 6180 468 5411 -3442 -6562
37 -1696 6178 470 5414 -3441 -6563
38 -1696 6181 470 5414 -3439 -6562
39 -1696 6180 470 5410 -3441 -6561
40 -1696 6180 473 5410 -3441 -6562
41 -1696 6179 472 5409 -3444 -6564
42 -1696 6178 469 5411 -3442 -6561
43 -1698 6177 469 5410 -3442 -6564
44 -1695 6183 473 5406 -3443 -6563
45 -1697 6178 470 5411 -3440 -6564
46 -1694 6180 469 5409 -3441 -6563
47 -1693 6180 470 5410 -3440 -6560
48 -1694 6179 473 5411 -3439 -6563
49 -1697 6179 471 5410 -3439 -6562
50 -1693 6179 471 5411 -3440 -6560
51 -1692 6182 476 5411 -3441 -6557
52 -1697 6180 471 5409 -3443 -6559
53 -1694 6181 473 5411 -3443 -6565
54 -1697 6179 471 5408 -3441 -6563
55 -1696 6179 470 5406 -3444 -6562
56 -1695 6179 472 5408 -3441 -6564
57 -1695 6181 471 5410 -3437 -6560
58 -1693 6184 472 5411 -3437 -6560
59 -1691 6185 476 5411 -3440 -6559
60 -1691 6184 473 5410 -3437 -6556
61 -1692 6187 475 5413 -3438 -6559
62 -1691 6187 478 5410 -3438 -6556
63 -1695 6184 476 5408 -3439 -6559
64 -1694 6186 475 5410 -3439 -6559
65 -1692 6185 473 5410 -3436 -6558
66 -1696 6182 476 5408 -3438 -6561
67 -1695 6181 472 5412 -3440 -6561
68 -1693 6184 479 5408 -3439 -6561
69 -1693 6184 477 5410 -3440 -6559
70 -1695 6187 475 5410 -3440 -6559
71 -1692 6187 476 5412 -3438 -6557
72 -1693 6186 474 5412 -3439 -6556
73 -1691 6187 476 5408 -3437 -6556
74 -1694 6183 477 5408 -3441 -6560
75 -1694 6187 474 5408 -3440 -6559
76 -1692 6186 474 5413 -3440 -6556
77 -1693 6186 474 5410 -3439 -6558
78 -1696 6184 473 5410 -3440 -6561
79 -1693 6184 474 5409 -3440 -6558
80 -1692 6185 474 5407 -3444 -6557
81 -1695 6187 474 5412 -3437 -6557
82 -1694 6186 479 5409 -3441 -6559
83 -1692 6183 474 5411 -3441 -6561
84 -1693 6185 473 5413 -3439 -6557
85 -1694 6187 477 5411 -3440 -6556
86 -1694 6186 476 5408 -3436 -6557
87 -1694 6187 475 5412 -3437 -6556
88 -1691 6187 475 5412 -3438 -6561
89 -1695 6186 476 5411 -3443 -6557
90 -1693 6188 475 5413 -3440 -6560
91 -1693 6191 477 5414 -3439 -6556
92 -1696 6189 473 5414 -3437 -6555
93 -1691 6191 479 5413 -3441 -6557
94 -1693 6189 473 5413 -3440 -6558
95 -1696 6191 478 5413 -3441 -6557
96 -1692 6193 475 5411 -3442 -6560
97 -1692 6192 477 5413 -3447 -6560
98 -1696 6189 475 5412 -3444 -6558
99 -1696 6190 473 5417 -3441 -6562
100 -1694 6191 479 5415 -3440 -6556
101 -1691 6194 476 5418 -3440 -6558
102 -1690 6195 478 5412 -3445 -6558
103 -1695 6192 472 5414 -3444 -6559
104 -1693 6192 474 5414 -3442 -6559
105 -1692 6192 474 5413 -3440 -6558
106 -1693 6191 478 5415 -3443 -6556
107 -1696 6192 479 5415 -3442 -6559
108 -1691 6195 478 5414 -3442 -6557
109 -1695 6193 477 5417 -3439 -6557
110 -1694 6196 480 5414 -3443 -6557
111 -1694 6194 477 5416 -3440 -6557
112 -1692 6192 479 5414 -3442 -6556
113 -1693 6196 480 5416 -3442 -6557
114 -1692 6195 477 5420 -3441 -6551
115 -1696 6196 478 5414 -3442 -6554
116 -1694 6194 481 5415 -3440 -6555
117 -1691 6193 479 5415 -3436 -6555
118 -1694 6195 478 5415 -3440 -6554
119 -1692 6197 481 5417 -3444 -6556
120 -1693 6194 479 5417 -3441 -6553
121 -1693 6198 481 5418 -3440 -6554
122 -1691 6191 483 5423 -3440 -6552
123 -1692 6195 481 5415 -3444 -6554
124 -1693 6192 477 5415 -3443 -6553
125 -1691 6196 478 5416 -3445 -6553
126 -1693 6192 479 5415 -3443 -6552
127 -1694 6195 480 5415 -3445 -6556
128 -1693 6195 481 5414 -3443 -6555
129 -1692 6194 477 5415 -3444 -6553
130 -1695 6194 479 5417 -3445 -6554
131 -1690 6197 481 5419 -3442 -6554
132 -1692 6199 481 5419 -3444 -6553
133 -1695 6197 483 5420 -3443 -6551
134 -1695 6195 480 5421 -3443 -6550
135 -1693 6195 482 5420 -3444 -6554
136 -1697 6197 480 5417 -3442 -6554
137 -1694 6196 478 5416 -3444 -6555
138 -1696 6193 480 5417 -3449 -6557
139 -1694 6196 480 5413 -3445 -6555
140 -1696 6201 479 5415 -3445 -6555
141 -1690 6197 480 5415 -3448 -6554
142 -1695 6195 479 5417 -3444 -6552
143 -1697 6198 479 5415 -3442 -6553
144 -1696 6198 478 5418 -3446 -6550
145 -1694 6196 481 5419 -3445 -6553
146 -1693 6194 480 5418 -3444 -6553
147 -1695 6198 482 5416 -3451 -6551
148 -1692 6199 484 5417 -3444 -6548
149 -1693 6198 483 5417 -3444 -6551
150 -1697 6197 480 5417 -3446 -6548
151 -1695 6195 479 5419 -3442 -6547
152 -1695 6200 481 5418 -3444 -6550
153 -1698 6197 478 5417 -3447 -6552
154 -1696 6197 480 5417 -3446 -6552
155 -1696 6197 485 5418 -3443 -6547
156 -1697 6200 481 5418 -3444 -6549
157 -1696 6195 484 5415 -3444 -6550
158 -1694 6197 483 5418 -3443 -6550
159 -1697 6197 483 5417 -3447 -6548
160 -1697 6197 483 5419 -3444 -6547
161 -1695 6200 485 5417 -3447 -6547
162 -1694 6201 483 5416 -3447 -6548
163 -1692 6201 480 5418 -3449 -6549
164 -1692 6199 481 5418 -3445 -6547
165 -1697 6196 482 5418 -3444 -6546
166 -1694 6199 482 5418 -3448 -6548
167 -1698 6195 481 5414 -3451 -6547
168 -1694 6196 482 5418 -3445 -6547
169 -1693 6198 483 5417 -3448 -6550
170 -1696 6197 481 5419 -3445 -6547
171 -1695 6199 481 5421 -3447 -6547
172 -1697 6197 480 5420 -3448 -6548
173 -1696 6197 481 5420 -3452 -6547
174 -1695 6200 481 5419 -3446 -6545
175 -1694 6202 483 5416 -3448 -6546
176 -1698 6198 483 5417 -3446 -6546
177 -1694 6201 486 5415 -3445 -6543
178 -1695 6201 482 5420 -3449 -6542
179 -1695 6203 485 5422 -3443 -6543
180 -1693 6203 485 5423 -3447 -6545
181 -1696 6201 484 5422 -3444 -6546
182 -1693 6201 486 5422 -3448 -6544
183 -1693 6202 487 5424 -3446 -6546
184 -1692 6203 482 5420 -3448 -6546
185 -1695 6199 484 5424 -3450 -6542
186 -1697 6201 483 5420 -3450 -6543
187 -1696 6201 484 5419 -3449 -6542
188 -1694 6200 484 5419 -3451 -6546
189 -1697 6202 482 5421 -3452 -6546
190 -1695 6199 480 5421 -3451 -6544
191 -1695 6203 484 5423 -3450 -6545
192 -1694 6200 481 5423 -3446 -6543
193 -1696 6202 485 5421 -3448 -6545
194 -1697 6201 486 5419 -3449 -6541
195 -1698 6201 486 5422 -3448 -6541
196 -1695 6205 487 5421 -3444 -6540
197 -1690 6201 485 5416 -3447 -6540
198 -1693 6203 490 5420 -3443 -6541
199 -1696 6201 486 5418 -3450 -6541
200 -1693 6198 486 5420 -3451 -6540
201 -1695 6200 482 5421 -3449 -6542
202 -1698 6200 485 5421 -3450 -6543
203 -1693 6202 482 5423 -3449 -6542
204 -1697 6201 482 5422 -3449 -6539
205 -1693 6202 486 5424 -3446 -6540
206 -1695 6201 487 5421 -3449 -6538
207 -1695 6201 486 5422 -3449 -6538
208 -1693 6200 486 5424 -3450 -6539
209 -1694 6202 486 5419 -3449 -6537
210 -1690 6205 485 5421 -3451 -6539
211 -1695 6205 483 5423 -3450 -6539
212 -1694 6201 486 5422 -3449 -6542
213 -1694 6200 483 5423 -3449 -6541
214 -1695 6206 484 5421 -3454 -6540
215 -1699 6202 485 5420 -3453 -6542
216 -1699 6203 485 5421 -3452 -6539
217 -1695 6202 486 5420 -3453 -6540
218 -1697 6202 483 5421 -3453 -6542
219 -1699 6200 485 5422 -3454 -6543
220 -1696 6202 485 5427 -3456 -6542
221 -1695 6201 485 5423 -3454 -6541
222 -1697 6202 484 5422 -3452 -6541
223 -1697 6203 485 5425 -3455 -6542
224 -1695 6203 488 5424 -3448 -6540
225 -1695 6207 486 5425 -3452 -6539
226 -1696 6204 487 5424 -3450 -6537
227 -1697 6207 489 5424 -3452 -6537
228 -1697 6207 486 5422 -3451 -6539
229 -1696 6208 490 5427 -3450 -6541
230 -1694 6207 491 5428 -3452 -6539
231 -1695 6206 487 5426 -3449 -6540
232 -1694 6208 488 5425 -3448 -6538
233 -1695 6206 487 5424 -3450 -6536
234 -1695 6207 487 5424 -3451 -6538
235 -1693 6204 489 5419 -3451 -6536
236 -1697 6204 489 5422 -3450 -6539
237 -1695 6204 489 5424 -3451 -6538
238 -1698 6205 488 5423 -3451 -6539
239 -1697 6207 489 5425 -3453 -6538
240 -1698 6207 487 5424 -3453 -6538
241 -1698 6207 488 5426 -3450 -6538
242 -1697 6208 488 5428 -3450 -6539
243 -1695 6210 489 5425 -3450 -6537
244 -1694 6210 488 5423 -3454 -6540
245 -1697 6208 486 5423 -3452 -6538
246 -1695 6209 488 5424 -3449 -6539
247 -1696 6209 487 5421 -3453 -6538
248 -1693 6209 491 5426 -3452 -6535
249 -1695 6209 487 5428 -3452 -6540
250 -1696 6208 487 5427 -3454 -6543
251 -1699 6208 487 5427 -3451 -6538
252 -1696 6208 489 5423 -3451 -6545
253 -1694 6210 486 5425 -3455 -6542
254 -1697 6214 487 5425 -3453 -6539
255 -1696 6212 487 5425 -3454 -6544
256 -1698 6212 486 5424 -3452 -6540
257 -1698 6211 485 5425 -3455 -6542
258 -1698 6213 487 5424 -3452 -6543
259 -1696 6211 487 5428 -3454 -6542
260 -1694 6211 486 5424 -3453 -6543
261 -1698 6210 486 5428 -3450 -6542
262 -1696 6213 488 5426 -3454 -6540
263 -1695 6214 486 5426 -3451 -6540
264 -1696 6214 488 5425 -3454 -6541
265 -1699 6211 490 5423 -3452 -6540
266 -1698 6212 491 5427 -3452 -6542
267 -1696 6215 493 5428 -3454 -6541
268 -1697 6213 490 5430 -3453 -6542
269 -1694 6215 491 5430 -3453 -6539
270 -1698 6213 491 5428 -3451 -6541
271 -1694 6212 488 5428 -3451 -6540
272 -1697 6208 487 5420 -3453 -6544
273 -1695 6208 487 5420 -3452 -6538
274 -1693 6208 486 5417 -3452 -6541
275 -1693 6208 486 5422 -3453 -6538
276 -1693 6209 487 5422 -3454 -6539
277 -1695 6212 488 5425 -3452 -6545
278 -1693 6214 490 5428 -3449 -6538
279 -1693 6215 492 5427 -3452 -6536
280 -1692 6216 491 5429 -3451 -6539
281 -1691 6215 493 5426 -3451 -6538
282 -1692 6214 488 5425 -3446 -6538
283 -1694 6213 489 5422 -3451 -6539
284 -1693 6210 488 5419 -3449 -6538
285 -1691 6210 491 5416 -3448 -6537
286 -1693 6207 487 5417 -3449 -6540
287 -1694 6206 486 5422 -3447 -6536
288 -1691 6212 489 5423 -3447 -6537
289 -1692 6212 489 5423 -3449 -6538
290 -1697 6211 488 5426 -3450 -6535
291 -1696 6216 490 5425 -3449 -6538
292 -1695 6215 495 5427 -3448 -6537
293 -1692 6215 491 5424 -3449 -6538
294 -1694 6216 490 5422 -3450 -6536
295 -1689 6212 491 5422 -3445 -6538
296 -1691 6206 492 5416 -3448 -6539
297 -1690 6207 489 5416 -3445 -6539
298 -1692 6208 485 5420 -3446 -6541
299 -1692 6207 489 5419 -3448 -6540
300 -1693 6209 489 5422 -3448 -6539
301 -1692 6215 491 5421 -3448 -6537
302 -1695 6213 490 5423 -3446 -6536
303 -1693 6213 496 5419 -3448 -6534
304 -1693 6214 491 5418 -3450 -6537
305 -1694 6211 489 5418 -3448 -6532
306 -1691 6213 493 5415 -3447 -6537
307 -1691 6208 490 5414 -3445 -6536
308 -1691 6205 484 5413 -3446 -6539
309 -1691 6201 487 5416 -3448 -6539
310 -1692 6200 485 5415 -3450 -6538
311 -1691 6205 485 5411 -3447 -6538
312 -1690 6203 486 5414 -3446 -6536
313 -1688 6208 486 5413 -3446 -6532
314 -1690 6209 492 5414 -3447 -6532
315 -1690 6210 492 5419 -3448 -6535
316 -1693 6212 493 5419 -3449 -6536
317 -1691 6210 490 5417 -3446 -6534
318 -1689 6213 488 5416 -3446 -6536
319 -1691 6204 485 5411 -3448 -6541
320 -1688 6200 484 5414 -3445 -6540
321 -1689 6200 484 5412 -3446 -6530
322 -1684 6203 489 5407 -3444 -6535
323 -1687 6200 485 5407 -3443 -6536
324 -1687 6201 486 5409 -3443 -6534
325 -1687 6210 492 5412 -3444 -6529
326 -1689 6208 495 5414 -3443 -6532
327 -1691 6209 493 5417 -3444 -6537
328 -1689 6208 492 5417 -3448 -6538
329 -1691 6208 487 5414 -3445 -6534
330 -1689 6209 490 5411 -3444 -6537
331 -1688 6206 490 5413 -3443 -6539
332 -1686 6205 487 5412 -3444 -6536
333 -1688 6205 488 5410 -3444 -6540
334 -1690 6205 485 5412 -3446 -6538
335 -1685 6205 489 5413 -3441 -6534
336 -1685 6210 492 5414 -3439 -6535
337 -1688 6210 494 5411 -3442 -6537
338 -1687 6207 488 5412 -3443 -6538
339 -1686 6208 490 5414 -3447 -6539
340 -1687 6208 489 5414 -3443 -6536
341 -1687 6211 490 5414 -3444 -6536
342 -1686 6209 491 5418 -3442 -6534
343 -1687 6210 495 5410 -3441 -6536
344 -1688 6211 489 5410 -3444 -6538
345 -1686 6211 489 5414 -3445 -6537
346 -1684 6209 484 5411 -3442 -6540
347 -1690 6207 488 5414 -3443 -6536
348 -1688 6210 488 5409 -3449 -6539
349 -1688 6209 489 5412 -3442 -6537
350 -1685 6211 490 5416 -3442 -6535
351 -1689 6211 490 5413 -3445 -6539
352 -1687 6207 492 5415 -3442 -6538
353 -1687 6209 491 5411 -3443 -6539
354 -1687 6209 490 5411 -3442 -6540
355 -1686 6209 489 5414 -3441 -6537
356 -1684 6213 491 5416 -3442 -6537
357 -1685 6212 489 5413 -3439 -6538
358 -1683 6210 491 5411 -3443 -6537
359 -1688 6206 488 5414 -3443 -6541
360 -1687 6208 488 5414 -3440 -6537
361 -1686 6209 492 5414 -3443 -6536
362 -1686 6210 491 5410 -3441 -6538
363 -1684 6210 492 5410 -3442 -6536
364 -1687 6207 489 5411 -3440 -6537
365 -1687 6209 489 5414 -3440 -6537
366 -1686 6208 488 5409 -3443 -6539
367 -1687 6209 488 5411 -3439 -6536
368 -1689 6207 488 5413 -3442 -6536
369 -1687 6208 489 5411 -3442 -6539
370 -1687 6207 488 5406 -3441 -6539
371 -1683 6207 489 5406 -3441 -6537
372 -1687 6202 490 5408 -3442 -6539
373 -1685 6206 490 5408 -3441 -6536
374 -1684 6207 488 5411 -3439 -6541
375 -1684 6207 490 5411 -3440 -6537
376 -1684 6207 490 5412 -3444 -6536
377 -1684 6208 489 5409 -3444 -6538
378 -1687 6206 484 5405 -3442 -6539
379 -1687 6205 486 5408 -3442 -6538
380 -1685 6203 486 5409 -3440 -6537
381 -1686 6206 488 5409 -3443 -6540
382 -1687 6203 487 5410 -3440 -6538
383 -1687 6207 490 5411 -3438 -6538
384 -1684 6206 491 5411 -3444 -6539
385 -1683 6205 487 5410 -3441 -6539
386 -1686 6208 490 5410 -3441 -6539
387 -1685 6210 489 5409 -3440 -6538
388 -1685 6205 488 5410 -3443 -6540
389 -1688 6207 488 5407 -3444 -6540
390 -1689 6207 489 5408 -3441 -6541
391 -1684 6204 485 5407 -3443 -6540
392 -1689 6206 486 5409 -3444 -6543
393 -1688 6204 487 5411 -3442 -6540
394 -1686 6206 485 5410 -3444 -6538
395 -1688 6205 485 5408 -3445 -6544
396 -1688 6202 484 5410 -3441 -6543
397 -1685 6205 485 5408 -3442 -6541
398 -1689 6206 485 5411 -3444 -6541
399 -1688 6203 488 5411 -3444 -6542
400 -1687 6205 486 5409 -3441 -6541
401 -1688 6208 490 5409 -3442 -6539
402 -1685 6208 489 5410 -3440 -6540
403 -1685 6207 490 5407 -3442 -6541
404 -1687 6205 488 5410 -3443 -6538
405 -1687 6207 486 5409 -3440 -6539
406 -1689 6202 484 5411 -3446 -6543
407 -1689 6205 485 5407 -3441 -6541
408 -1690 6204 486 5407 -3442 -6539
409 -1687 6204 486 5411 -3441 -6542
410 -1687 6204 484 5410 -3440 -6541
411 -1687 6205 487 5407 -3443 -6546
412 -1689 6200 482 5408 -3441 -6541
413 -1690 6203 486 5408 -3446 -6541
414 -1688 6207 483 5408 -3444 -6542
415 -1691 6203 487 5409 -3441 -6544
416 -1691 6202 484 5409 -3444 -6542
417 -1686 6206 485 5409 -3443 -6543
418 -1688 6202 488 5409 -3441 -6543
419 -1688 6207 487 5410 -3443 -6542
420 -1686 6205 487 5411 -3444 -6540
421 -1687 6206 489 5413 -3441 -6539
422 -1686 6207 489 5411 -3443 -6538
423 -1687 6204 486 5412 -3441 -6539
424 -1690 6205 487 5414 -3442 -6542
425 -1687 6208 489 5416 -3443 -6541
426 -1690 6206 485 5414 -3442 -6541
427 -1686 6204 488 5414 -3443 -6541
428 -1688 6208 485 5414 -3443 -6541
429 -1689 6205 486 5414 -3445 -6543
430 -1689 6205 484 5414 -3444 -6543
431 -1686 6206 488 5413 -3444 -6544
432 -1691 6205 488 5414 -3446 -6540
433 -1690 6204 486 5415 -3445 -6542
434 -1693 6202 486 5414 -3445 -6544
435 -1691 6203 486 5413 -3445 -6542
436 -1695 6203 486 5413 -3449 -6545
437 -1691 6203 486 5413 -3447 -6547
438 -1692 6206 488 5415 -3445 -6541
439 -1696 6204 483 5412 -3447 -6544
440 -1696 6201 486 5414 -3447 -6543
441 -1689 6201 483 5414 -3446 -6544
442 -1692 6201 484 5415 -3447 -6543
443 -1695 6204 483 5415 -3446 -6543
444 -1691 6204 485 5417 -3448 -6542
445 -1693 6205 484 5418 -3444 -6540
446 -1691 6204 486 5415 -3443 -6542
447 -1690 6205 486 5417 -3448 -6542
448 -1692 6204 484 5419 -3441 -6540
449 -1693 6206 488 5415 -3445 -6539
450 -1692 6203 485 5416 -3448 -6543
451 -1693 6204 486 5416 -3447 -6542
452 -1691 6201 487 5413 -3446 -6544
453 -1694 6201 483 5415 -3447 -6541
454 -1692 6205 486 5416 -3445 -6543
455 -1692 6204 487 5414 -3447 -6539
456 -1691 6200 483 5417 -3446 -6542
457 -1694 6203 490 5418 -3449 -6545
458 -1695 6200 483 5418 -3449 -6545
459 -1695 6200 483 5418 -3447 -6543
460 -1694 6203 484 5419 -3451 -6544
461 -1694 6200 486 5416 -3450 -6544
462 -1695 6204 484 5419 -3452 -6543
463 -1696 6202 485 5419 -3449 -6539
464 -1694 6202 484 5413 -3450 -6543
465 -1697 6201 486 5415 -3449 -6542
466 -1696 6203 484 5420 -3449 -6540
467 -1695 6206 483 5422 -3448 -6542
468 -1695 6204 485 5422 -3448 -6541
469 -1696 6203 486 5421 -3450 -6543
470 -1694 6204 485 5422 -3446 -6542
471 -1695 6205 490 5419 -3449 -6540
472 -1697 6204 488 5420 -3449 -6540
473 -1694 6204 486 5422 -3448 -6542
474 -1697 6206 486 5424 -3449 -6540
475 -1697 6207 486 5424 -3451 -6544
476 -1697 6204 486 5423 -3454 -6543
477 -1698 6204 487 5424 -3454 -6540
478 -1695 6203 484 5422 -3454 -6545
479 -1698 6204 483 5422 -3453 -6545
480 -1698 6203 483 5423 -3453 -6547
481 -1699 6203 484 5426 -3452 -6546
482 -1700 6202 482 5422 -3454 -6546
483 -1697 6202 481 5422 -3454 -6547
484 -1701 6202 482 5423 -3453 -6543
485 -1705 6201 484 5428 -3455 -6545
486 -1699 6203 487 5427 -3450 -6544
487 -1699 6205 483 5423 -3457 -6546
488 -1699 6201 481 5428 -3456 -6547
489 -1703 6202 483 5429 -3451 -6547
490 -1701 6200 484 5427 -3458 -6545
491 -1699 6204 481 5425 -3458 -6546
492 -1703 6202 486 5426 -3456 -6545
493 -1700 6205 483 5431 -3457 -6544
494 -1699 6203 482 5428 -3457 -6543
495 -1700 6204 487 5428 -3459 -6544
496 -1703 6204 484 5428 -3457 -6544
497 -1706 6203 483 5430 -3455 -6546
498 -1702 6204 484 5429 -3458 -6547
499 -1703 6205 484 5428 -3457 -6546
500 -1705 6201 481 5431 -3456 -6544
501 -1705 6204 483 5430 -3459 -6547
502 -1704 6200 480 5429 -3457 -6549
503 -1704 6201 481 5431 -3459 -6549
504 -1701 6203 483 5435 -3454 -6542
505 -1709 6204 486 5435 -3454 -6546
506 -1705 6205 485 5432 -3457 -6548
507 -1703 6205 483 5432 -3457 -6545
508 -1705 6203 482 5436 -3460 -6547
509 -1707 6205 485 5433 -3461 -6552
510 -1708 6205 483 5435 -3461 -6546
511 -1708 6205 483 5434 -3456 -6545
512 -1706 6204 483 5436 -3460 -6548
513 -1707 6205 483 5435 -3461 -6548
514 -1709 6203 481 5436 -3459 -6546
515 -1705 6205 484 5436 -3461 -6548
516 -1707 6203 485 5435 -3459 -6548
517 -1708 6200 481 5435 -3460 -6548
518 -1706 6205 483 5434 -3463 -6548
519 -1707 6202 483 5436 -3462 -6552
520 -1708 6202 482 5440 -3460 -6547
521 -1708 6204 483 5440 -3460 -6547
522 -1707 6205 479 5436 -3462 -6546
523 -1709 6203 483 5440 -3461 -6545
524 -1705 6202 484 5441 -3462 -6547
525 -1707 6202 483 5435 -3465 -6551
526 -1713 6199 482 5436 -3463 -6548
527 -1711 6205 482 5440 -3463 -6544
528 -1708 6202 485 5440 -3463 -6547
529 -1711 6202 483 5439 -3464 -6545
530 -1708 6199 483 5441 -3461 -6543
531 -1709 6203 483 5439 -3464 -6546
532 -1712 6202 482 5440 -3466 -6550
533 -1711 6199 478 5440 -3465 -6548
534 -1712 6199 479 5443 -3463 -6547
535 -1710 6203 483 5442 -3462 -6545
536 -1709 6204 483 5443 -3463 -6543
537 -1709 6203 484 5442 -3463 -6548
538 -1712 6202 481 5441 -3464 -6548
539 -1710 6202 485 5441 -3464 -6546
540 -1710 6200 482 5439 -3464 -6547
541 -1711 6201 480 5441 -3468 -6550
542 -1711 6200 480 5440 -3464 -6548
543 -1716 6199 479 5441 -3469 -6549
544 -1718 6200 480 5442 -3463 -6549
545 -1714 6199 479 5442 -3468 -6548
546 -1718 6199 478 5441 -3466 -6549
547 -1716 6201 480 5444 -3468 -6549
548 -1713 6200 482 5443 -3465 -6549
549 -1715 6199 481 5446 -3464 -6546
550 -1713 6197 481 5446 -3469 -6549
551 -1712 6200 481 5447 -3465 -6545
552 -1716 6198 483 5446 -3469 -6550
553 -1716 6197 481 5443 -3468 -6553
554 -1718 6198 481 5447 -3468 -6548
555 -1712 6196 477 5445 -3467 -6547
556 -1716 6200 481 5447 -3467 -6550
557 -1717 6201 482 5444 -3471 -6551
558 -1716 6197 477 5448 -3468 -6551
559 -1717 6196 478 5446 -3470 -6552
560 -1717 6200 480 5447 -3470 -6553
561 -1717 6200 479 5447 -3470 -6550
562 -1714 6200 480 5446 -3468 -6551
563 -1715 6197 480 5447 -3470 -6550
564 -1717 6199 479 5443 -3469 -6553
565 -1716 6194 478 5449 -3470 -6552
566 -1716 6199 481 5449 -3470 -6553
567 -1717 6201 480 5447 -3472 -6552
568 -1719 6195 479 5447 -3470 -6550
569 -1717 6197 481 5446 -3470 -6553
570 -1718 6203 481 5450 -3467 -6551
571 -1720 6199 479 5449 -3470 -6552
572 -1720 6201 481 5451 -3472 -6549
573 -1718 6201 481 5451 -3469 -6554
574 -1717 6198 480 5450 -3473 -6549
575 -1717 6199 478 5455 -3467 -6550
576 -1713 6201 483 5452 -3470 -6549
577 -1717 6197 480 5450 -3467 -6550
578 -1717 6200 483 5449 -3471 -6552
579 -1721 6196 475 5451 -3471 -6550
580 -1720 6199 479 5453 -3470 -6552
581 -1718 6199 480 5449 -3471 -6553
582 -1721 6195 479 5451 -3473 -6554
583 -1720 6196 478 5451 -3470 -6556
584 -1718 6197 476 5450 -3469 -6554
585 -1720 6198 479 5451 -3470 -6555
586 -1721 6198 477 5451 -3469 -6552
587 -1722 6196 478 5453 -3472 -6553
588 -1721 6195 479 5451 -3471 -6553
589 -1723 6197 478 5452 -3470 -6556
590 -1719 6196 475 5452 -3474 -6555
591 -1720 6196 475 5451 -3473 -6556
592 -1721 6193 478 5452 -3475 -6554
593 -1721 6192 475 5455 -3473 -6553
594 -1719 6196 477 5455 -3473 -6556
595 -1724 6195 477 5454 -3473 -6554
596 -1724 6193 477 5454 -3474 -6554
597 -1725 6194 478 5456 -3472 -6554
598 -1724 6198 480 5454 -3473 -6554
599 -1724 6197 476 5454 -3473 -6555
600 -1719 6195 479 5454 -3473 -6554
601 -1720 6197 476 5456 -3470 -6555
602 -1720 6196 479 5453 -3474 -6558
603 -1721 6196 476 5452 -3472 -6555
604 -1721 6197 479 5454 -3472 -6553
605 -1724 6199 476 5454 -3472 -6558
606 -1724 6197 474 5456 -3474 -6554
607 -1724 6194 477 5458 -3472 -6554
608 -1721 6192 476 5455 -3471 -6555
609 -1721 6199 476 5454 -3474 -6554
610 -1722 6196 477 5453 -3468 -6559
611 -1724 6192 478 5454 -3471 -6559
612 -1725 6193 474 5456 -3472 -6560
613 -1720 6194 474 5453 -3473 -6556
614 -1724 6197 476 5453 -3470 -6557
615 -1724 6191 476 5455 -3470 -6556
616 -1720 6193 476 5454 -3470 -6554
617 -1720 6191 475 5455 -3473 -6554
618 -1721 6194 477 5455 -3473 -6554
619 -1725 6193 476 5457 -3470 -6560
620 -1723 6196 477 5458 -3469 -6556
621 -1725 6192 476 5456 -3471 -6557
622 -1722 6192 476 5453 -3467 -6558
623 -1724 6193 474 5453 -3469 -6553
624 -1720 6192 478 5454 -3473 -6560
625 -1719 6194 474 5456 -3469 -6558
626 -1723 6189 477 5457 -3472 -6556
627 -1722 6193 477 5454 -3471 -6558
628 -1724 6194 471 5457 -3471 -6557
629 -1725 6191 474 5455 -3471 -6562
630 -1725 6191 474 5458 -3469 -6557
631 -1720 6193 476 5455 -3470 -6559
632 -1724 6194 474 5453 -3473 -6561
633 -1722 6194 476 5458 -3468 -6557
634 -1721 6191 477 5456 -3473 -6561
635 -1723 6191 475 5455 -3468 -6559
636 -1724 6191 472 5456 -3473 -6562
637 -1720 6189 473 5454 -3472 -6560
638 -1721 6190 473 5455 -3473 -6562
639 -1722 6191 472 5456 -3470 -6559
640 -1721 6189 475 5456 -3474 -6561
641 -1722 6192 474 5456 -3471 -6560
642 -1722 6190 473 5457 -3472 -6561
643 -1723 6188 473 5457 -3471 -6562
644 -1722 6191 475 5456 -3470 -6558
645 -1718 6192 476 5456 -3470 -6560
646 -1721 6192 474 5454 -3472 -6563
647 -1724 6190 474 5455 -3468 -6564
648 -1722 6192 476 5455 -3470 -6562
649 -1723 6188 471 5453 -3472 -6563
650 -1725 6187 472 5451 -3471 -6563
651 -1724 6187 475 5457 -3469 -6566
652 -1723 6189 474 5455 -3468 -6562
653 -1724 6189 473 5458 -3470 -6563
654 -1722 6190 469 5454 -3470 -6564
655 -1727 6187 473 5456 -3471 -6564
656 -1724 6188 471 5456 -3469 -6564
657 -1727 6185 472 5458 -3472 -6564
658 -1723 6188 473 5456 -3469 -6565
659 -1722 6187 471 5455 -3470 -6562
660 -1723 6189 474 5456 -3467 -6560
661 -1722 6188 472 5455 -3469 -6564
662 -1725 6186 470 5456 -3468 -6566
663 -1725 6184 469 5454 -3470 -6567
664 -1724 6188 469 5457 -3468 -6563
665 -1725 6186 471 5455 -3472 -6563
666 -1722 6185 471 5454 -3469 -6567
667 -1723 6186 471 5453 -3467 -6563
668 -1722 6186 472 5455 -3467 -6565
669 -1722 6187 470 5452 -3468 -6565
670 -1722 6188 472 5455 -3469 -6565
671 -1723 6183 472 5456 -3468 -6563
672 -1721 6187 469 5454 -3471 -6567
673 -1721 6184 470 5455 -3466 -6566
674 -1727 6184 469 5455 -3473 -6570
675 -1726 6183 470 5458 -3469 -6567
676 -1728 6183 469 5452 -3471 -6570
677 -1724 6183 468 5455 -3468 -6567
678 -1725 6184 468 5454 -3468 -6567
679 -1725 6185 469 5455 -3472 -6570
680 -1729 6184 468 5451 -3471 -6572
681 -1726 6182 467 5453 -3469 -6566
682 -1727 6182 468 5451 -3470 -6573
683 -1723 6181 467 5454 -3470 -6569
684 -1725 6179 469 5455 -3467 -6569
685 -1723 6185 469 5454 -3470 -6572
686 -1723 6184 469 5452 -3466 -6568
687 -1725 6183 467 5453 -3467 -6569
688 -1724 6182 466 5449 -3469 -6570
689 -1723 6182 469 5452 -3469 -6570
690 -1725 6180 467 5451 -3468 -6570
691 -1723 6181 470 5455 -3469 -6570
692 -1724 6185 469 5454 -3466 -6571
693 -1723 6181 467 5450 -3471 -6570
694 -1724 6180 465 5452 -3471 -6571
695 -1724 6179 469 5452 -3468 -6573
696 -1727 6182 463 5449 -3468 -6570
697 -1723 6180 469 5451 -3467 -6571
698 -1725 6178 464 5450 -3468 -6574
699 -1728 6177 463 5450 -3468 -6569
700 -1722 6179 468 5449 -3467 -6570
701 -1721 6179 465 5448 -3467 -6572
702 -1724 6179 467 5452 -3467 -6570
703 -1723 6179 468 5450 -3464 -6571
704 -1723 6180 468 5449 -3465 -6571
705 -1723 6176 466 5451 -3466 -6574
706 -1725 6178 464 5451 -3465 -6574
707 -1724 6179 467 5447 -3466 -6572
708 -1723 6176 469 5448 -3464 -6572
709 -1722 6177 467 5451 -3465 -6572
710 -1720 6180 470 5450 -3464 -6570
711 -1722 6181 468 5450 -3465 -6570
712 -1721 6179 467 5450 -3464 -6570
713 -1721 6178 467 5448 -3465 -6571
714 -1721 6178 466 5451 -3468 -6573
715 -1723 6178 466 5450 -3467 -6573
716 -1722 6176 466 5449 -3464 -6572
717 -1720 6177 465 5449 -3465 -6570
718 -1725 6178 466 5450 -3467 -6575
719 -1723 6176 466 5450 -3462 -6570
720 -1724 6176 464 5449 -3464 -6573
721 -1722 6177 466 5450 -3463 -6572
722 -1722 6178 464 5450 -3465 -6569
723 -1722 6180 468 5452 -3463 -6574
724 -1720 6179 467 5451 -3464 -6571
725 -1722 6175 467 5450 -3464 -6572
726 -1726 6179 469 5451 -3466 -6570
727 -1719 6176 466 5447 -3466 -6574
728 -1722 6177 466 5451 -3465 -6575
729 -1722 6174 465 5451 -3464 -6573
730 -1721 6178 467 5451 -3461 -6569
731 -1720 6178 468 5449 -3463 -6573
732 -1720 6176 467 5451 -3462 -6571
733 -1719 6178 465 5451 -3459 -6570
734 -1720 6176 468 5451 -3458 -6570
735 -1721 6178 466 5450 -3460 -6572
736 -1723 6175 464 5450 -3463 -6574
737 -1721 6179 466 5449 -3460 -6575
738 -1720 6174 464 5450 -3460 -6574
739 -1720 6174 467 5451 -3461 -6572
740 -1719 6175 465 5452 -3459 -6572
741 -1721 6176 466 5447 -3464 -6574
742 -1723 6175 466 5451 -3463 -6576
743 -1721 6174 463 5446 -3461 -6572
744 -1724 6173 465 5447 -3464 -6575
745 -1724 6172 462 5449 -3463 -6576
746 -1721 6171 464 5448 -3463 -6575
747 -1723 6173 464 5448 -3459 -6572
748 -1723 6173 465 5450 -3459 -6570
749 -1720 6174 464 5450 -3463 -6575
750 -1721 6175 465 5450 -3462 -6575
751 -1719 6172 463 5451 -3461 -6574
752 -1718 6176 465 5453 -3462 -6573
753 -1718 6175 467 5450 -3461 -6573
754 -1719 6173 466 5452 -3458 -6574
755 -1723 6174 465 5451 -3465 -6577
756 -1718 6173 465 5449 -3459 -6571
757 -1724 6174 464 5446 -3463 -6577
758 -1722 6171 462 5449 -3461 -6577
759 -1723 6173 464 5447 -3465 -6577
760 -1725 6173 459 5449 -3462 -6575
761 -1723 6173 463 5452 -3462 -6577
762 -1723 6173 465 5452 -3461 -6575
763 -1722 6173 461 5449 -3461 -6577
764 -1720 6174 462 5453 -3463 -6576
765 -1721 6173 466 5448 -3464 -6578
766 -1726 6172 463 5449 -3466 -6577
767 -1723 6173 462 5451 -3461 -6576
768 -1726 6173 466 5449 -3461 -6576
769 -1720 6176 462 5451 -3461 -6576
770 -1724 6172 464 5452 -3463 -6577
771 -1724 6170 464 5451 -3461 -6578
772 -1726 6168 464 5452 -3461 -6577
773 -1722 6173 464 5454 -3462 -6577
774 -1724 6173 464 5452 -3462 -6580
775 -1725 6174 462 5451 -3460 -6580
776 -1724 6174 463 5451 -3464 -6578
777 -1725 6172 463 5451 -3463 -6577
778 -1726 6170 461 5453 -3466 -6576
779 -1725 6172 459 5451 -3461 -6580
780 -1724 6170 460 5452 -3463 -6579
781 -1722 6173 462 5453 -3460 -6577
782 -1721 6174 464 5450 -3461 -6577
783 -1723 6172 462 5449 -3465 -6580
784 -1725 6170 459 5451 -3464 -6579
785 -1725 6171 461 5454 -3464 -6577
786 -1725 6172 463 5452 -3462 -6579
787 -1724 6171 463 5451 -3462 -6576
788 -1724 6171 462 5456 -3458 -6576
789 -1721 6175 463 5456 -3462 -6578
790 -1723 6169 463 5456 -3460 -6575
791 -1725 6172 465 5455 -3463 -6575
792 -1725 6172 461 5452 -3463 -6578
793 -1723 6173 467 5452 -3463 -6576
794 -1724 6171 463 5448 -3463 -6578
795 -1724 6168 459 5453 -3462 -6578
796 -1723 6173 462 5456 -3461 -6578
797 -1725 6170 465 5453 -3464 -6578
798 -1725 6171 462 5452 -3468 -6580
799 -1728 6168 459 5452 -3466 -6580
800 -1725 6169 460 5453 -3464 -6581
801 -1726 6169 463 5458 -3461 -6580
802 -1723 6171 460 5457 -3463 -6577
803 -1725 6174 464 5459 -3464 -6582
804 -1728 6166 462 5450 -3466 -6579
805 -1727 6169 461 5455 -3466 -6582
806 -1721 6172 462 5457 -3464 -6579
807 -1727 6174 464 5456 -3462 -6580
808 -1723 6173 461 5456 -3465 -6581
809 -1728 6170 464 5455 -3464 -6578
810 -1724 6171 460 5458 -3467 -6579
811 -1729 6170 463 5458 -3466 -6583
812 -1725 6172 465 5462 -3465 -6578
813 -1726 6174 463 5456 -3462 -6578
814 -1727 6169 461 5458 -3465 -6580
815 -1726 6171 459 5454 -3462 -6581
816 -1727 6170 463 5458 -3466 -6582
817 -1728 6171 458 5457 -3464 -6581
818 -1724 6174 460 5461 -3464 -6580
819 -1726 6171 465 5461 -3466 -6580
820 -1728 6171 465 5460 -3467 -6580
821 -1729 6170 461 5458 -3463 -6580
822 -1730 6169 456 5456 -3466 -6580
823 -1732 6168 456 5461 -3468 -6581
824 -1729 6172 460 5459 -3468 -6583
825 -1728 6169 459 5456 -3469 -6583
826 -1733 6168 459 5460 -3470 -6583
827 -1728 6168 456 5458 -3468 -6583
828 -1729 6170 462 5461 -3468 -6581
829 -1729 6172 461 5461 -3465 -6580
830 -1728 6171 461 5462 -3466 -6581
831 -1731 6169 461 5461 -3467 -6579
832 -1730 6170 460 5461 -3467 -6581
833 -1728 6173 459 5463 -3466 -6582
834 -1730 6168 461 5460 -3469 -6582
835 -1729 6168 462 5462 -3465 -6579
836 -1729 6170 461 5458 -3472 -6581
837 -1731 6168 458 5456 -3469 -6582
838 -1732 6168 458 5459 -3469 -6580
839 -1730 6170 458 5464 -3466 -6582
840 -1731 6170 458 5460 -3466 -6580
841 -1729 6169 460 5459 -3469 -6583
842 -1731 6169 462 5462 -3471 -6584
843 -1732 6168 459 5461 -3467 -6582
844 -1732 6169 460 5459 -3470 -6581
845 -1733 6165 458 5459 -3470 -6584
846 -1734 6167 459 5464 -3471 -6585
847 -1734 6168 456 5461 -3473 -6585
848 -1734 6168 459 5464 -3474 -6586
849 -1734 6171 459 5465 -3471 -6581
850 -1732 6167 458 5466 -3472 -6584
851 -1735 6167 458 5463 -3472 -6585
852 -1736 6166 457 5463 -3471 -6583
853 -1733 6169 463 5466 -3470 -6585
854 -1730 6172 461 5467 -3471 -6581
855 -1733 6170 460 5467 -3470 -6584
856 -1733 6169 459 5468 -3472 -6581
857 -1731 6169 460 5467 -3473 -6580
858 -1732 6169 458 5464 -3470 -6585
859 -1735 6170 461 5470 -3470 -6584
860 -1733 6169 458 5465 -3474 -6586
861 -1734 6166 458 5466 -3470 -6581
862 -1734 6169 459 5469 -3470 -6583
863 -1734 6168 460 5464 -3472 -6583
864 -1736 6168 458 5466 -3472 -6583
865 -1734 6170 457 5466 -3474 -6585
866 -1734 6167 457 5465 -3470 -6583
867 -1734 6167 459 5465 -3473 -6585
868 -1733 6169 459 5471 -3471 -6583
869 -1732 6170 461 5466 -3474 -6583
870 -1734 6168 459 5470 -3472 -6584
871 -1733 6169 461 5469 -3471 -6584
872 -1733 6167 460 5468 -3472 -6585
873 -1735 6166 456 5471 -3474 -6583
874 -1735 6167 461 5468 -3476 -6583
875 -1736 6167 458 5466 -3475 -6585
876 -1740 6169 457 5471 -3470 -6579
877 -1732 6167 459 5470 -3475 -6582
878 -1735 6167 459 5471 -3472 -6579
879 -1737 6164 457 5469 -3470 -6584
880 -1735 6167 459 5469 -3477 -6582
881 -1738 6172 454 5470 -3473 -6585
882 -1739 6164 456 5469 -3475 -6587
883 -1736 6165 459 5468 -3475 -6584
884 -1738 6167 460 5471 -3473 -6584
885 -1736 6167 456 5467 -3475 -6583
886 -1739 6167 459 5467 -3476 -6584
887 -1739 6164 457 5470 -3476 -6585
888 -1738 6165 459 5473 -3474 -6582
889 -1738 6168 460 5471 -3472 -6583
890 -1737 6169 457 5473 -3473 -6583
891 -1741 6167 459 5472 -3477 -6585
892 -1740 6166 458 5472 -3476 -6584
893 -1739 6164 458 5470 -3477 -6585
894 -1739 6167 457 5470 -3476 -6585
895 -1741 6168 457 5473 -3476 -6584
896 -1740 6164 454 5472 -3477 -6588
897 -1741 6165 458 5473 -3474 -6583
898 -1738 6167 456 5476 -3474 -6585
899 -1742 6165 456 5473 -3480 -6588
900 -1743 6165 458 5474 -3478 -6588
901 -1744 6164 457 5473 -3474 -6586
902 -1738 6168 458 5472 -3480 -6587
903 -1743 6167 457 5474 -3475 -6586
904 -1739 6170 457 5473 -3478 -6587
905 -1741 6166 451 5472 -3474 -6586
906 -1740 6165 459 5476 -3477 -6584
907 -1741 6168 456 5475 -3477 -6586
908 -1739 6166 457 5474 -3475 -6585
909 -1740 6166 457 5473 -3479 -6588
910 -1742 6166 457 5470 -3476 -6586
911 -1744 6164 456 5472 -3479 -6585
912 -1741 6164 453 5474 -3477 -6590
913 -1742 6163 458 5473 -3476 -6586
914 -1740 6166 456 5471 -3479 -6586
915 -1742 6163 453 5473 -3476 -6587
916 -1743 6164 454 5471 -3478 -6589
917 -1742 6161 453 5474 -3477 -6588
918 -1741 6165 455 5474 -3478 -6584
919 -1742 6167 457 5475 -3479 -6584
920 -1741 6165 456 5474 -3478 -6584
921 -1743 6163 457 5473 -3480 -6584
922 -1744 6165 454 5470 -3480 -6588
923 -1743 6162 452 5473 -3479 -6586
924 -1744 6166 458 5473 -3477 -6584
925 -1741 6164 456 5476 -3478 -6585
926 -1741 6167 455 5475 -3475 -6586
927 -1746 6163 457 5477 -3479 -6588
928 -1741 6165 455 5473 -3479 -6588
929 -1746 6165 455 5474 -3477 -6588
930 -1741 6166 455 5472 -3478 -6586
931 -1745 6163 456 5473 -3477 -6590
932 -1744 6163 451 5476 -3480 -6590
933 -1742 6168 455 5477 -3479 -6589
934 -1740 6166 455 5476 -3480 -6591
935 -1744 6166 457 5476 -3478 -6589
936 -1742 6164 456 5477 -3478 -6588
937 -1743 6166 455 5480 -3476 -6588
938 -1742 6165 459 5475 -3477 -6587
939 -1745 6164 454 5475 -3477 -6591
940 -1742 6165 456 5472 -3478 -6589
941 -1744 6162 454 5477 -3477 -6589
942 -1744 6165 455 5477 -3481 -6590
943 -1743 6167 459 5473 -3480 -6588
944 -1743 6165 453 5476 -3479 -6590
945 -1740 6164 454 5477 -3475 -6586
946 -1743 6163 454 5476 -3476 -6587
947 -1741 6162 454 5474 -3477 -6589
948 -1743 6161 455 5473 -3479 -6592
949 -1747 6161 452 5473 -3479 -6589
950 -1746 6160 453 5469 -3480 -6588
951 -1743 6160 453 5471 -3479 -6589
952 -1746 6160 452 5472 -3479 -6587
953 -1744 6162 451 5470 -3478 -6587
954 -1745 6162 451 5472 -3480 -6591
955 -1744 6158 448 5475 -3480 -6589
956 -1746 6160 453 5472 -3480 -6590
957 -1743 6162 456 5471 -3479 -6589
958 -1742 6161 452 5474 -3474 -6588
959 -1744 6161 454 5474 -3477 -6589
960 -1742 6165 452 5473 -3478 -6589
961 -1741 6162 455 5472 -3476 -6588
962 -1742 6165 455 5473 -3476 -6587
963 -1741 6161 456 5474 -3476 -6587
964 -1740 6163 456 5474 -3478 -6590
965 -1739 6164 457 5474 -3477 -6585
966 -1739 6163 453 5472 -3475 -6591
967 -1741 6160 455 5472 -3475 -6588
968 -1742 6164 457 5475 -3482 -6588
969 -1741 6162 454 5472 -3478 -6590
970 -1740 6161 453 5474 -3475 -6586
971 -1739 6165 456 5474 -3476 -6586
972 -1740 6166 456 5473 -3475 -6589
973 -1740 6165 456 5474 -3476 -6588
974 -1739 6163 455 5472 -3476 -6588
975 -1740 6163 457 5471 -3474 -6591
976 -1741 6161 455 5470 -3479 -6592
977 -1742 6162 452 5473 -3474 -6590
978 -1738 6163 456 5473 -3476 -6589
979 -1741 6162 455 5473 -3475 -6591
980 -1742 6165 455 5474 -3476 -6589
981 -1743 6163 455 5472 -3474 -6591
982 -1743 6163 456 5474 -3474 -6587
983 -1738 6166 457 5472 -3476 -6590
984 -1739 6163 455 5471 -3473 -6591
985 -1738 6162 455 5471 -3474 -6594
986 -1739 6164 454 5471 -3474 -6587
987 -1738 6160 455 5470 -3475 -6592
988 -1739 6160 456 5474 -3471 -6593
989 -1741 6161 451 5470 -3476 -6591
990 -1742 6161 450 5468 -3476 -6593
991 -1742 6160 452 5468 -3475 -6593
992 -1740 6161 454 5471 -3473 -6596
993 -1735 6162 456 5474 -3471 -6591
994 -1738 6163 456 5470 -3474 -6589
995 -1740 6161 451 5465 -3472 -6590
996 -1738 6163 454 5466 -3473 -6591
997 -1735 6162 453 5467 -3474 -6594
998 -1736 6158 452 5464 -3472 -6590
999 -1736 6163 453 5469 -3473 -6590
