0 -172 949 -1208 -446 1240 -186
1 -178 946 -1207 -447 1239 -186
2 -176 948 -1205 -445 1242 -185
3 -173 948 -1207 -445 1242 -183
4 -173 946 -1207 -446 1242 -185
5 -177 949 -1207 -443 1244 -186
6 -173 948 -1208 -447 1240 -186
7 -174 946 -1209 -445 1244 -183
8 -171 948 -1206 -446 1240 -185
9 -175 944 -1211 -446 1241 -186
10 -173 940 -1210 -449 1241 -184
11 -174 946 -1206 -447 1242 -183
12 -176 942 -1208 -450 1241 -184
13 -176 943 -1207 -451 1241 -183
14 -175 946 -1208 -448 1239 -186
15 -177 943 -1211 -447 1241 -186
16 -175 944 -1209 -446 1240 -186
17 -176 947 -1210 -446 1241 -188
18 -175 946 -1208 -447 1239 -185
19 -175 946 -1208 -445 1240 -185
20 -173 948 -1206 -446 1240 -189
21 -177 949 -1206 -446 1242 -187
22 -178 948 -1209 -444 1238 -185
23 -174 946 -1211 -446 1240 -188
24 -176 949 -1209 -445 1240 -185
25 -180 947 -1208 -447 1240 -190
26 -174 944 -1210 -447 1241 -187
27 -176 945 -1205 -445 1240 -184
28 -177 945 -1210 -446 1245 -186
29 -174 949 -1206 -447 1241 -181
30 -176 944 -1206 -444 1243 -185
31 -176 949 -1207 -447 1240 -184
32 -176 947 -1206 -448 1242 -186
33 -174 946 -1207 -444 1242 -184
34 -175 942 -1208 -446 1242 -184
35 -175 943 -1209 -448 1244 -185
36 -176 945 -1206 -444 1243 -183
37 -174 947 -1208 -448 1241 -186
38 -175 949 -1205 -446 1241 -184
39 -175 945 -1205 -448 1243 -183
40 -176 947 -1207 -446 1239 -185
41 -177 947 -1209 -448 1242 -184
42 -174 945 -1207 -447 1241 -187
43 -177 948 -1207 -446 1240 -182
44 -177 947 -1208 -445 1241 -189
45 -177 951 -1206 -443 1243 -186
46 -174 949 -1204 -447 1241 -185
47 -174 946 -1208 -450 1241 -185
48 -175 947 -1209 -450 1242 -186
49 -176 947 -1209 -448 1239 -186
50 -175 943 -1211 -448 1243 -185
51 -175 948 -1207 -444 1243 -186
52 -177 946 -1207 -446 1244 -185
53 -171 946 -1209 -445 1240 -187
54 -177 947 -1203 -447 1241 -185
55 -173 947 -1209 -446 1242 -184
56 -174 945 -1210 -448 1239 -185
57 -172 947 -1207 -446 1242 -186
58 -176 945 -1206 -445 1242 -183
59 -177 948 -1207 -447 1242 -186
60 -174 946 -1205 -447 1242 -183
61 -175 946 -1209 -445 1244 -185
62 -177 946 -1208 -449 1241 -184
63 -173 946 -1207 -444 1241 -185
64 -171 948 -1209 -445 1241 -184
65 -173 951 -1207 -445 1241 -186
66 -174 946 -1208 -444 1242 -186
67 -176 944 -1210 -447 1240 -183
68 -175 949 -1208 -445 1243 -184
69 -175 947 -1208 -445 1240 -187
70 -175 947 -1205 -445 1242 -184
71 -175 944 -1208 -450 1243 -185
72 -174 946 -1209 -446 1243 -186
73 -176 947 -1208 -443 1243 -184
74 -178 946 -1209 -447 1241 -184
75 -173 946 -1205 -447 1244 -182
76 -177 945 -1205 -443 1246 -183
77 -173 946 -1205 -442 1241 -183
78 -175 945 -1206 -447 1240 -185
79 -172 947 -1206 -445 1243 -183
80 -173 947 -1205 -443 1241 -187
81 -176 947 -1208 -441 1240 -182
82 -173 945 -1209 -448 1242 -183
83 -178 943 -1206 -445 1240 -187
84 -175 948 -1205 -446 1239 -183
85 -174 947 -1211 -442 1238 -186
86 -176 947 -1208 -447 1245 -187
87 -176 946 -1209 -448 1239 -185
88 -174 945 -1212 -445 1240 -185
89 -178 945 -1208 -443 1238 -184
90 -173 949 -1205 -446 1244 -185
91 -174 949 -1205 -451 1242 -182
92 -175 950 -1208 -447 1241 -187
93 -172 945 -1208 -449 1244 -182
94 -174 952 -1206 -445 1242 -184
95 -172 946 -1206 -445 1243 -185
96 -174 945 -1207 -446 1241 -184
97 -177 947 -1206 -452 1243 -186
98 -175 946 -1206 -447 1239 -184
99 -174 945 -1207 -446 1240 -183
100 -177 947 -1205 -447 1240 -183
101 -173 947 -1207 -445 1242 -185
102 -173 949 -1207 -442 1246 -182
103 -176 947 -1204 -444 1242 -189
104 -171 949 -1207 -442 1246 -184
105 -174 949 -1205 -442 1241 -185
106 -178 949 -1207 -443 1239 -185
107 -176 948 -1207 -447 1242 -185
108 -174 950 -1209 -444 1244 -185
109 -173 946 -1206 -446 1243 -187
110 -173 950 -1205 -443 1242 -184
111 -175 949 -1207 -444 1240 -188
112 -173 950 -1206 -445 1241 -185
113 -175 948 -1204 -443 1241 -182
114 -175 947 -1208 -444 1239 -186
115 -177 947 -1206 -446 1241 -185
116 -173 945 -1208 -448 1238 -185
117 -175 946 -1207 -449 1242 -185
118 -176 947 -1208 -449 1241 -186
119 -173 947 -1205 -447 1242 -182
120 -171 949 -1206 -447 1246 -182
121 -175 946 -1205 -447 1245 -183
122 -172 944 -1206 -448 1246 -186
123 -172 947 -1208 -441 1241 -184
124 -174 944 -1208 -447 1242 -183
125 -173 944 -1206 -444 1240 -184
126 -172 947 -1210 -446 1241 -184
127 -171 946 -1209 -442 1242 -185
128 -174 946 -1208 -449 1245 -185
129 -175 943 -1207 -446 1243 -185
130 -177 946 -1209 -446 1240 -185
131 -174 948 -1204 -445 1241 -186
132 -176 947 -1210 -446 1241 -184
133 -175 948 -1205 -446 1242 -186
134 -176 949 -1208 -445 1242 -183
135 -173 949 -1204 -443 1243 -185
136 -173 948 -1206 -446 1242 -186
137 -177 946 -1205 -446 1244 -182
138 -173 947 -1204 -445 1243 -184
139 -172 946 -1209 -446 1243 -185
140 -174 948 -1205 -447 1243 -185
141 -174 946 -1209 -448 1242 -185
142 -177 944 -1204 -447 1240 -186
143 -175 943 -1207 -445 1240 -183
144 -176 946 -1207 -449 1241 -187
145 -176 943 -1208 -447 1239 -182
146 -172 944 -1210 -449 1240 -183
147 -176 942 -1209 -445 1243 -185
148 -173 946 -1208 -447 1243 -184
149 -175 943 -1208 -448 1242 -181
150 -178 947 -1207 -446 1239 -185
151 -174 946 -1209 -446 1241 -185
152 -171 949 -1208 -445 1245 -184
153 -173 947 -1209 -445 1244 -188
154 -178 946 -1208 -444 1242 -184
155 -175 949 -1204 -445 1243 -183
156 -174 948 -1204 -448 1238 -187
157 -177 946 -1207 -445 1243 -184
158 -174 948 -1206 -445 1242 -186
159 -175 948 -1206 -445 1241 -183
160 -169 950 -1205 -444 1242 -181
161 -173 949 -1206 -444 1239 -182
162 -177 947 -1205 -446 1242 -182
163 -174 945 -1205 -445 1243 -188
164 -173 947 -1207 -444 1242 -186
165 -177 945 -1205 -447 1239 -186
166 -176 946 -1207 -445 1241 -184
167 -173 948 -1207 -449 1241 -183
168 -176 944 -1207 -444 1239 -186
169 -174 946 -1209 -445 1242 -184
170 -175 947 -1207 -446 1240 -185
171 -176 946 -1206 -445 1242 -184
172 -175 943 -1208 -444 1239 -184
173 -178 942 -1208 -450 1241 -184
174 -175 945 -1209 -448 1243 -182
175 -175 947 -1209 -449 1240 -184
176 -177 946 -1210 -443 1243 -185
177 -174 946 -1209 -446 1244 -183
178 -175 946 -1203 -448 1240 -185
179 -174 944 -1206 -444 1244 -186
180 -177 944 -1210 -444 1241 -185
181 -175 945 -1206 -445 1240 -185
182 -174 948 -1203 -446 1242 -186
183 -175 947 -1206 -443 1242 -182
184 -174 951 -1205 -443 1238 -181
185 -174 951 -1209 -443 1242 -182
186 -173 951 -1205 -446 1240 -187
187 -171 947 -1207 -446 1245 -183
188 -174 945 -1206 -448 1243 -181
189 -175 949 -1207 -444 1240 -181
190 -176 947 -1207 -445 1242 -186
191 -179 947 -1208 -448 1240 -188
192 -176 947 -1209 -447 1238 -184
193 -176 948 -1208 -443 1243 -185
194 -170 946 -1205 -450 1239 -186
195 -176 945 -1207 -445 1242 -184
196 -176 946 -1207 -444 1240 -186
197 -174 945 -1210 -446 1242 -185
198 -176 947 -1208 -447 1245 -184
199 -174 946 -1203 -445 1243 -183
200 -174 947 -1205 -448 1243 -185
201 -177 943 -1210 -447 1241 -184
202 -175 943 -1209 -446 1245 -183
203 -173 948 -1206 -443 1243 -180
204 -172 948 -1207 -444 1245 -183
205 -172 948 -1204 -443 1246 -182
206 -171 944 -1205 -445 1242 -184
207 -173 950 -1205 -441 1243 -181
208 -173 949 -1203 -444 1245 -184
209 -170 948 -1205 -443 1246 -182
210 -174 951 -1205 -446 1239 -181
211 -175 949 -1210 -443 1242 -186
212 -172 950 -1208 -445 1247 -184
213 -172 951 -1204 -443 1245 -180
214 -170 948 -1205 -440 1247 -182
215 -168 952 -1205 -444 1245 -179
216 -173 949 -1204 -445 1244 -181
217 -172 948 -1203 -446 1245 -182
218 -172 950 -1203 -444 1243 -178
219 -173 949 -1204 -442 1244 -184
220 -174 948 -1204 -443 1244 -182
221 -172 947 -1205 -445 1244 -182
222 -173 948 -1205 -446 1243 -182
223 -175 947 -1204 -446 1244 -182
224 -174 948 -1206 -444 1243 -184
225 -174 948 -1206 -440 1244 -181
226 -169 949 -1203 -445 1244 -180
227 -171 948 -1206 -443 1242 -181
228 -170 953 -1208 -445 1246 -180
229 -170 950 -1202 -446 1244 -183
230 -172 944 -1207 -449 1247 -182
231 -172 945 -1208 -446 1244 -183
232 -175 948 -1206 -445 1239 -184
233 -175 946 -1202 -448 1244 -183
234 -172 948 -1205 -445 1242 -181
235 -175 946 -1207 -447 1239 -187
236 -176 945 -1208 -446 1243 -187
237 -174 947 -1207 -444 1241 -187
238 -176 949 -1206 -448 1243 -185
239 -177 948 -1207 -446 1236 -183
240 -177 949 -1208 -443 1243 -184
241 -173 950 -1209 -442 1239 -183
242 -174 950 -1206 -442 1242 -183
243 -174 948 -1203 -444 1244 -185
244 -172 948 -1207 -441 1238 -184
245 -173 945 -1208 -444 1242 -182
246 -175 947 -1204 -445 1243 -181
247 -173 945 -1207 -446 1243 -182
248 -172 945 -1207 -445 1238 -184
249 -174 948 -1207 -444 1245 -184
250 -172 948 -1205 -446 1240 -186
251 -175 944 -1208 -445 1241 -182
252 -172 946 -1208 -446 1242 -182
253 -175 946 -1205 -444 1241 -180
254 -170 953 -1203 -446 1241 -186
255 -175 943 -1208 -446 1242 -186
256 -172 948 -1207 -443 1243 -182
257 -173 947 -1204 -447 1244 -186
258 -177 949 -1206 -447 1242 -185
259 -173 945 -1203 -446 1242 -183
260 -173 948 -1206 -446 1242 -181
261 -175 947 -1205 -444 1241 -182
262 -174 951 -1205 -445 1240 -183
263 -174 942 -1211 -444 1239 -183
264 -176 946 -1207 -444 1238 -185
265 -176 945 -1210 -448 1241 -186
266 -177 947 -1207 -447 1244 -185
267 -176 941 -1211 -443 1242 -183
268 -174 945 -1203 -444 1244 -185
269 -173 948 -1208 -446 1241 -184
270 -177 947 -1207 -446 1243 -184
271 -172 949 -1208 -446 1243 -181
272 -171 946 -1203 -442 1242 -181
273 -175 946 -1205 -447 1241 -182
274 -176 945 -1209 -443 1245 -181
275 -174 947 -1202 -444 1238 -188
276 -176 948 -1210 -447 1242 -185
277 -176 947 -1208 -446 1241 -185
278 -175 946 -1203 -448 1241 -188
279 -178 945 -1209 -444 1240 -187
280 -174 946 -1207 -447 1241 -188
281 -176 944 -1206 -445 1242 -185
282 -179 942 -1212 -448 1241 -188
283 -176 943 -1208 -448 1239 -181
284 -175 944 -1209 -449 1241 -183
285 -173 945 -1210 -446 1240 -185
286 -173 948 -1209 -448 1242 -187
287 -178 946 -1208 -446 1241 -186
288 -175 947 -1209 -447 1240 -186
289 -176 945 -1209 -446 1240 -187
290 -177 946 -1208 -446 1242 -186
291 -177 944 -1208 -446 1239 -186
292 -178 943 -1211 -445 1243 -187
293 -178 946 -1207 -448 1238 -185
294 -174 944 -1206 -445 1240 -186
295 -174 950 -1206 -445 1243 -185
296 -177 948 -1207 -449 1239 -186
297 -175 945 -1210 -446 1242 -184
298 -176 944 -1212 -449 1237 -186
299 -177 946 -1209 -447 1243 -186
300 -174 945 -1208 -450 1241 -185
301 -174 948 -1209 -448 1240 -182
302 -175 944 -1208 -445 1240 -183
303 -176 949 -1205 -445 1242 -183
304 -172 944 -1208 -450 1243 -188
305 -173 947 -1208 -449 1240 -185
306 -177 945 -1207 -449 1242 -184
307 -174 946 -1211 -445 1243 -184
308 -173 947 -1206 -446 1239 -186
309 -177 947 -1210 -445 1240 -185
310 -176 944 -1210 -447 1242 -182
311 -172 945 -1208 -449 1239 -184
312 -176 946 -1210 -447 1240 -189
313 -178 941 -1210 -447 1239 -183
314 -176 941 -1209 -446 1238 -187
315 -174 945 -1208 -447 1242 -186
316 -174 946 -1209 -448 1242 -183
317 -178 944 -1207 -447 1239 -188
318 -176 946 -1209 -448 1240 -186
319 -176 945 -1211 -448 1240 -187
320 -177 948 -1209 -444 1241 -186
321 -173 944 -1211 -444 1243 -187
322 -175 945 -1206 -446 1242 -186
323 -175 946 -1206 -446 1240 -185
324 -177 942 -1208 -447 1241 -189
325 -178 945 -1210 -446 1243 -187
326 -175 944 -1208 -449 1243 -186
327 -176 946 -1206 -447 1243 -188
328 -178 948 -1208 -444 1243 -186
329 -179 946 -1210 -446 1238 -190
330 -177 944 -1208 -449 1240 -191
331 -177 942 -1210 -448 1240 -189
332 -177 945 -1210 -449 1239 -188
333 -179 943 -1207 -448 1238 -188
334 -179 943 -1211 -450 1239 -188
335 -174 944 -1209 -451 1238 -186
336 -176 943 -1209 -447 1239 -185
337 -178 944 -1208 -448 1239 -187
338 -177 943 -1209 -448 1239 -185
339 -175 945 -1213 -446 1240 -183
340 -175 945 -1211 -453 1237 -185
341 -179 944 -1213 -448 1242 -185
342 -176 945 -1212 -449 1239 -187
343 -176 941 -1212 -447 1239 -186
344 -176 946 -1210 -448 1239 -186
345 -176 947 -1209 -448 1241 -184
346 -176 945 -1209 -445 1240 -186
347 -175 945 -1210 -445 1241 -185
348 -177 947 -1204 -446 1242 -185
349 -175 948 -1207 -446 1242 -190
350 -176 946 -1209 -448 1242 -187
351 -177 947 -1205 -448 1242 -184
352 -174 949 -1206 -444 1243 -184
353 -173 947 -1207 -446 1241 -184
354 -176 948 -1208 -446 1241 -187
355 -177 947 -1208 -446 1242 -188
356 -173 949 -1208 -442 1242 -185
357 -178 946 -1210 -445 1240 -181
358 -177 948 -1208 -445 1242 -184
359 -175 946 -1206 -447 1240 -182
360 -173 948 -1208 -442 1243 -184
361 -175 946 -1210 -443 1241 -186
362 -174 944 -1208 -447 1240 -181
363 -177 945 -1211 -447 1237 -186
364 -176 943 -1212 -447 1241 -186
365 -177 946 -1211 -446 1243 -184
366 -175 943 -1209 -448 1241 -183
367 -176 944 -1209 -448 1241 -187
368 -178 943 -1209 -449 1241 -186
369 -175 945 -1208 -448 1241 -188
370 -174 946 -1211 -448 1240 -189
371 -176 945 -1210 -447 1238 -188
372 -174 948 -1210 -448 1240 -184
373 -175 945 -1209 -448 1238 -189
374 -175 947 -1209 -446 1239 -188
375 -175 946 -1210 -445 1238 -190
376 -178 947 -1210 -449 1239 -185
377 -174 948 -1207 -444 1242 -186
378 -176 947 -1208 -446 1237 -188
379 -177 947 -1209 -443 1239 -182
380 -177 945 -1208 -449 1242 -188
381 -176 946 -1208 -450 1243 -184
382 -174 944 -1210 -447 1240 -185
383 -176 945 -1208 -449 1240 -185
384 -173 944 -1206 -448 1238 -187
385 -177 940 -1211 -445 1238 -185
386 -174 944 -1212 -447 1238 -189
387 -175 945 -1211 -446 1243 -184
388 -175 944 -1207 -448 1240 -187
389 -178 945 -1208 -450 1241 -187
390 -171 944 -1209 -447 1245 -181
391 -174 948 -1206 -445 1245 -180
392 -172 948 -1204 -444 1243 -186
393 -174 949 -1204 -446 1242 -183
394 -173 951 -1204 -441 1244 -183
395 -172 949 -1201 -442 1242 -185
396 -171 951 -1205 -441 1248 -182
397 -172 950 -1203 -441 1247 -183
398 -173 949 -1204 -445 1244 -181
399 -171 952 -1202 -441 1240 -182
400 -173 951 -1204 -447 1242 -184
401 -174 950 -1203 -441 1243 -183
402 -173 950 -1203 -443 1242 -184
403 -177 945 -1206 -446 1241 -184
404 -173 950 -1204 -443 1246 -180
405 -171 951 -1206 -442 1246 -183
406 -172 948 -1209 -444 1243 -184
407 -175 946 -1205 -447 1242 -184
408 -173 946 -1210 -450 1242 -183
409 -174 945 -1207 -445 1243 -181
410 -174 947 -1206 -447 1243 -185
411 -173 947 -1212 -447 1245 -183
412 -174 945 -1208 -447 1243 -180
413 -170 947 -1205 -446 1243 -183
414 -170 946 -1207 -447 1244 -186
415 -176 947 -1208 -446 1243 -181
416 -173 946 -1207 -446 1243 -183
417 -171 946 -1206 -442 1242 -185
418 -173 949 -1204 -445 1241 -184
419 -176 949 -1204 -442 1242 -184
420 -174 948 -1207 -442 1244 -188
421 -175 949 -1208 -442 1241 -184
422 -173 949 -1205 -450 1241 -184
423 -174 948 -1207 -446 1242 -186
424 -173 950 -1204 -444 1244 -183
425 -174 948 -1206 -447 1241 -187
426 -172 949 -1211 -447 1244 -183
427 -175 950 -1211 -445 1242 -183
428 -174 950 -1205 -448 1243 -184
429 -173 943 -1210 -448 1241 -183
430 -175 947 -1207 -448 1238 -184
431 -174 944 -1207 -446 1244 -185
432 -172 950 -1207 -448 1243 -183
433 -171 948 -1205 -447 1242 -181
434 -172 949 -1204 -444 1245 -180
435 -170 945 -1205 -444 1246 -182
436 -171 946 -1205 -445 1242 -182
437 -172 948 -1209 -444 1245 -183
438 -171 947 -1205 -444 1245 -183
439 -176 946 -1203 -444 1242 -182
440 -172 950 -1204 -442 1245 -183
441 -173 948 -1204 -441 1245 -183
442 -171 950 -1201 -441 1244 -185
443 -173 947 -1203 -442 1241 -183
444 -171 952 -1207 -441 1246 -181
445 -174 953 -1203 -444 1245 -183
446 -173 949 -1203 -444 1244 -185
447 -174 948 -1205 -445 1243 -185
448 -171 950 -1210 -444 1245 -187
449 -173 951 -1204 -445 1244 -185
450 -174 948 -1205 -445 1244 -184
451 -170 952 -1205 -445 1246 -182
452 -171 949 -1202 -444 1246 -180
453 -177 950 -1204 -444 1243 -179
454 -171 950 -1205 -444 1244 -183
455 -171 951 -1209 -446 1246 -186
456 -171 950 -1205 -443 1243 -181
457 -174 947 -1206 -440 1245 -182
458 -172 951 -1201 -438 1244 -182
459 -172 950 -1204 -441 1241 -181
460 -172 947 -1204 -437 1246 -180
461 -171 948 -1205 -439 1244 -181
462 -169 947 -1204 -441 1248 -183
463 -169 949 -1207 -440 1244 -181
464 -173 947 -1203 -441 1242 -180
465 -172 945 -1204 -442 1247 -180
466 -170 948 -1205 -443 1243 -180
467 -171 949 -1202 -446 1245 -180
468 -171 950 -1204 -444 1244 -182
469 -172 951 -1205 -446 1246 -182
470 -174 951 -1205 -445 1248 -184
471 -171 950 -1202 -442 1244 -181
472 -173 950 -1205 -446 1246 -182
473 -172 951 -1206 -446 1245 -182
474 -169 951 -1202 -444 1245 -181
475 -170 953 -1206 -447 1245 -184
476 -173 950 -1202 -444 1243 -183
477 -171 953 -1203 -441 1242 -182
478 -174 949 -1205 -440 1243 -183
479 -172 951 -1204 -437 1241 -182
480 -173 953 -1203 -442 1240 -183
481 -173 949 -1204 -440 1242 -182
482 -169 948 -1204 -443 1243 -183
483 -173 947 -1203 -440 1247 -183
484 -172 949 -1207 -441 1243 -182
485 -170 951 -1205 -440 1245 -181
486 -173 949 -1206 -442 1244 -182
487 -174 946 -1206 -443 1245 -184
488 -171 952 -1208 -446 1247 -182
489 -173 949 -1207 -447 1246 -182
490 -171 947 -1205 -446 1242 -183
491 -172 948 -1207 -443 1243 -180
492 -172 945 -1208 -448 1244 -183
493 -174 948 -1210 -449 1245 -183
494 -174 950 -1208 -448 1241 -183
495 -170 946 -1206 -447 1245 -184
496 -176 948 -1207 -445 1244 -183
497 -175 951 -1203 -446 1241 -182
498 -171 953 -1203 -444 1242 -181
499 -172 945 -1205 -443 1241 -187
500 -171 945 -1206 -446 1240 -186
501 -177 947 -1206 -442 1241 -186
502 -173 950 -1207 -442 1242 -184
503 -171 953 -1204 -441 1242 -181
504 -175 949 -1205 -439 1244 -185
505 -172 947 -1206 -441 1236 -189
506 -177 945 -1211 -443 1240 -186
507 -176 946 -1208 -441 1237 -185
508 -174 947 -1207 -446 1242 -186
509 -174 945 -1210 -447 1246 -180
510 -173 945 -1208 -446 1245 -184
511 -171 946 -1207 -447 1243 -185
512 -171 944 -1206 -446 1243 -184
513 -176 944 -1205 -450 1246 -177
514 -174 946 -1202 -447 1244 -179
515 -174 946 -1206 -450 1245 -186
516 -173 946 -1209 -448 1242 -188
517 -171 947 -1209 -448 1243 -183
518 -177 945 -1209 -449 1242 -187
519 -175 948 -1205 -444 1242 -187
520 -175 945 -1209 -446 1240 -188
521 -177 946 -1208 -444 1237 -186
522 -176 949 -1208 -445 1243 -185
523 -175 947 -1207 -444 1240 -186
524 -174 949 -1209 -445 1237 -188
525 -173 949 -1206 -443 1239 -188
526 -176 947 -1207 -442 1242 -187
527 -176 948 -1209 -443 1240 -183
528 -175 946 -1206 -444 1241 -184
529 -173 945 -1206 -446 1242 -186
530 -175 946 -1208 -445 1243 -184
531 -175 943 -1210 -449 1245 -185
532 -170 947 -1207 -449 1240 -185
533 -175 948 -1209 -449 1239 -184
534 -174 947 -1209 -446 1243 -185
535 -177 945 -1209 -446 1240 -187
536 -179 943 -1207 -448 1241 -186
537 -178 944 -1209 -447 1239 -185
538 -174 948 -1205 -448 1239 -189
539 -177 947 -1209 -444 1245 -184
540 -178 946 -1208 -448 1239 -185
541 -175 944 -1211 -444 1241 -183
542 -175 949 -1206 -443 1239 -189
543 -176 946 -1207 -445 1244 -188
544 -178 947 -1207 -446 1241 -187
545 -174 946 -1208 -444 1239 -185
546 -173 948 -1205 -444 1242 -188
547 -176 947 -1207 -441 1241 -185
548 -175 946 -1205 -441 1243 -185
549 -173 949 -1203 -449 1240 -187
550 -175 944 -1206 -447 1241 -183
551 -173 947 -1207 -454 1246 -184
552 -175 945 -1209 -450 1246 -176
553 -169 946 -1203 -453 1243 -181
554 -174 947 -1203 -447 1242 -181
555 -172 943 -1205 -443 1242 -181
556 -172 946 -1206 -448 1242 -183
557 -178 944 -1206 -448 1243 -186
558 -172 948 -1206 -450 1244 -182
559 -172 945 -1207 -448 1242 -183
560 -172 949 -1206 -442 1245 -184
561 -175 950 -1203 -437 1244 -183
562 -174 953 -1205 -436 1240 -184
563 -174 952 -1207 -437 1238 -184
564 -172 950 -1205 -438 1244 -183
565 -175 950 -1203 -444 1246 -183
566 -171 953 -1206 -443 1244 -182
567 -171 949 -1206 -449 1239 -186
568 -174 946 -1206 -444 1243 -185
569 -173 949 -1204 -447 1245 -185
570 -174 946 -1205 -446 1240 -181
571 -176 946 -1204 -447 1240 -182
572 -170 947 -1207 -447 1245 -181
573 -174 946 -1207 -449 1244 -183
574 -173 945 -1208 -447 1248 -183
575 -170 944 -1209 -447 1243 -181
576 -170 946 -1208 -441 1241 -184
577 -175 946 -1209 -445 1244 -182
578 -173 950 -1205 -448 1247 -184
579 -174 947 -1207 -443 1244 -177
580 -166 948 -1205 -445 1240 -184
581 -173 945 -1207 -442 1243 -187
582 -176 948 -1205 -439 1243 -185
583 -175 949 -1206 -435 1241 -186
584 -173 949 -1206 -441 1239 -182
585 -172 951 -1205 -442 1245 -183
586 -177 951 -1205 -444 1246 -182
587 -174 951 -1204 -448 1241 -185
588 -171 948 -1204 -449 1240 -189
589 -168 948 -1205 -444 1243 -184
590 -172 952 -1205 -438 1246 -184
591 -175 953 -1201 -438 1243 -184
592 -174 952 -1204 -444 1242 -182
593 -171 950 -1203 -448 1243 -181
594 -171 948 -1206 -449 1249 -183
595 -175 949 -1206 -450 1245 -187
596 -172 946 -1211 -443 1241 -182
597 -174 945 -1213 -440 1238 -181
598 -172 946 -1206 -443 1242 -181
599 -174 946 -1206 -449 1246 -182
600 -173 945 -1203 -455 1248 -178
601 -167 944 -1210 -450 1246 -179
602 -170 942 -1210 -449 1244 -179
603 -171 949 -1204 -441 1245 -179
604 -175 945 -1206 -443 1242 -180
605 -172 945 -1209 -443 1241 -184
606 -170 945 -1208 -442 1243 -182
607 -172 949 -1205 -443 1244 -182
608 -173 954 -1201 -441 1244 -184
609 -173 952 -1205 -444 1240 -187
610 -174 952 -1204 -435 1240 -186
611 -174 957 -1203 -432 1239 -190
612 -177 955 -1203 -427 1240 -191
613 -177 952 -1205 -440 1238 -189
614 -175 948 -1208 -450 1241 -185
615 -171 956 -1202 -456 1246 -179
616 -170 951 -1202 -453 1247 -182
617 -176 940 -1209 -447 1245 -186
618 -170 941 -1209 -447 1239 -180
619 -172 944 -1208 -446 1245 -175
620 -174 945 -1202 -456 1246 -174
621 -173 942 -1210 -464 1247 -180
622 -169 938 -1210 -455 1242 -184
623 -173 937 -1212 -445 1237 -184
624 -176 942 -1212 -437 1243 -184
625 -179 947 -1206 -441 1239 -182
626 -176 949 -1203 -442 1239 -186
627 -175 946 -1211 -442 1240 -189
628 -177 944 -1211 -446 1242 -191
629 -179 948 -1207 -440 1238 -187
630 -178 951 -1206 -440 1242 -186
631 -174 951 -1208 -438 1237 -187
632 -176 952 -1204 -438 1234 -182
633 -179 950 -1203 -448 1240 -192
634 -176 942 -1214 -456 1241 -192
635 -173 942 -1214 -458 1245 -183
636 -175 949 -1205 -455 1239 -176
637 -180 952 -1197 -453 1241 -184
638 -176 944 -1212 -447 1245 -193
639 -174 937 -1217 -444 1242 -189
640 -175 948 -1210 -444 1237 -183
641 -178 954 -1201 -448 1242 -184
642 -177 950 -1206 -449 1242 -185
643 -174 941 -1213 -450 1242 -187
644 -176 945 -1210 -444 1240 -184
645 -179 946 -1208 -445 1239 -184
646 -175 948 -1209 -448 1242 -187
647 -177 943 -1211 -450 1240 -186
648 -177 943 -1209 -451 1239 -186
649 -176 946 -1210 -450 1240 -186
650 -175 944 -1207 -444 1241 -185
651 -175 944 -1208 -446 1239 -187
652 -176 943 -1206 -447 1243 -184
653 -178 945 -1205 -446 1242 -185
654 -174 950 -1206 -443 1246 -186
655 -176 947 -1207 -447 1238 -185
656 -175 944 -1206 -448 1245 -182
657 -177 944 -1209 -445 1241 -185
658 -177 946 -1209 -447 1240 -186
659 -178 943 -1207 -449 1240 -187
660 -178 944 -1209 -446 1242 -187
661 -174 946 -1212 -448 1240 -186
662 -175 945 -1210 -445 1242 -187
663 -174 946 -1209 -446 1243 -188
664 -177 945 -1209 -447 1239 -190
665 -171 946 -1210 -445 1240 -184
666 -175 946 -1210 -444 1239 -184
667 -176 942 -1213 -446 1240 -186
668 -176 946 -1208 -450 1239 -188
669 -178 947 -1209 -447 1241 -184
670 -174 944 -1206 -444 1243 -181
671 -174 950 -1205 -447 1244 -185
672 -177 948 -1207 -446 1243 -183
673 -173 947 -1207 -446 1240 -186
674 -175 947 -1209 -448 1240 -184
675 -172 946 -1209 -448 1244 -183
676 -174 946 -1206 -446 1242 -185
677 -176 944 -1208 -446 1241 -184
678 -174 945 -1207 -446 1241 -184
679 -172 946 -1206 -450 1238 -186
680 -171 945 -1211 -445 1242 -185
681 -175 944 -1210 -447 1242 -185
682 -175 945 -1207 -447 1243 -186
683 -179 945 -1206 -446 1239 -186
684 -176 947 -1208 -447 1243 -182
685 -175 944 -1206 -447 1240 -184
686 -174 947 -1208 -449 1241 -186
687 -175 945 -1209 -445 1241 -180
688 -173 947 -1209 -445 1240 -188
689 -177 946 -1208 -445 1239 -188
690 -175 946 -1210 -447 1242 -188
691 -175 950 -1210 -446 1241 -187
692 -176 946 -1205 -448 1238 -186
693 -177 944 -1209 -442 1242 -186
694 -170 950 -1210 -446 1239 -186
695 -178 945 -1206 -446 1240 -187
696 -177 945 -1208 -448 1238 -186
697 -176 944 -1210 -447 1242 -186
698 -174 946 -1210 -445 1241 -187
699 -172 948 -1209 -446 1243 -182
700 -175 948 -1207 -447 1242 -184
701 -177 945 -1208 -446 1242 -186
702 -178 946 -1209 -446 1242 -185
703 -175 944 -1206 -445 1241 -183
704 -173 947 -1211 -447 1245 -186
705 -177 944 -1205 -448 1244 -186
706 -174 946 -1211 -448 1240 -182
707 -176 943 -1208 -448 1242 -181
708 -175 946 -1210 -447 1244 -186
709 -175 947 -1209 -448 1241 -185
710 -176 945 -1208 -447 1239 -183
711 -170 949 -1204 -444 1244 -186
712 -172 949 -1205 -444 1238 -182
713 -175 947 -1208 -447 1239 -186
714 -175 947 -1211 -447 1242 -183
715 -173 946 -1206 -445 1237 -187
716 -175 946 -1205 -445 1245 -182
717 -175 950 -1206 -443 1243 -185
718 -174 947 -1202 -444 1245 -184
719 -177 950 -1204 -446 1240 -185
720 -174 949 -1208 -445 1242 -183
721 -174 946 -1208 -446 1242 -186
722 -175 948 -1206 -445 1242 -182
723 -176 942 -1209 -443 1240 -184
724 -175 946 -1206 -447 1239 -185
725 -173 949 -1208 -447 1244 -185
726 -171 943 -1204 -447 1241 -185
727 -173 947 -1208 -446 1245 -183
728 -176 943 -1207 -445 1240 -185
729 -176 945 -1207 -445 1240 -184
730 -176 946 -1207 -446 1244 -186
731 -175 946 -1207 -449 1245 -184
732 -174 946 -1210 -447 1237 -185
733 -174 944 -1208 -446 1242 -185
734 -174 948 -1206 -445 1241 -187
735 -175 946 -1204 -445 1244 -185
736 -171 949 -1207 -447 1241 -185
737 -174 948 -1206 -448 1245 -185
738 -175 947 -1204 -447 1246 -183
739 -176 949 -1205 -443 1240 -184
740 -174 947 -1205 -445 1239 -184
741 -172 945 -1204 -446 1243 -183
742 -178 949 -1205 -449 1242 -187
743 -177 947 -1206 -448 1242 -183
744 -173 948 -1208 -448 1240 -185
745 -177 947 -1206 -446 1244 -184
746 -177 945 -1207 -442 1242 -186
747 -177 948 -1208 -443 1237 -186
748 -175 948 -1206 -444 1240 -185
749 -176 947 -1205 -448 1244 -184
750 -172 948 -1206 -444 1243 -185
751 -177 943 -1208 -447 1242 -185
752 -173 945 -1206 -444 1243 -182
753 -174 947 -1206 -443 1245 -184
754 -177 946 -1208 -446 1240 -184
755 -175 948 -1206 -443 1239 -181
756 -176 949 -1205 -446 1238 -186
757 -177 946 -1208 -447 1241 -184
758 -176 947 -1208 -446 1241 -186
759 -176 945 -1206 -441 1243 -184
760 -177 949 -1206 -446 1245 -182
761 -176 949 -1207 -446 1242 -188
762 -170 946 -1209 -447 1241 -184
763 -178 947 -1209 -449 1236 -186
764 -179 945 -1212 -445 1242 -186
765 -176 947 -1208 -444 1238 -186
766 -176 948 -1207 -447 1242 -187
767 -175 944 -1208 -442 1242 -185
768 -174 944 -1207 -446 1238 -185
769 -176 947 -1208 -446 1241 -187
770 -176 946 -1208 -449 1239 -185
771 -176 948 -1208 -447 1240 -186
772 -177 946 -1208 -448 1240 -184
773 -178 947 -1206 -443 1243 -181
774 -175 945 -1207 -448 1241 -185
775 -175 945 -1208 -444 1242 -186
776 -176 946 -1209 -448 1240 -185
777 -176 945 -1207 -445 1242 -185
778 -173 948 -1210 -445 1240 -181
779 -172 952 -1206 -446 1240 -184
780 -176 944 -1210 -447 1241 -186
781 -175 949 -1210 -446 1242 -182
782 -174 945 -1208 -444 1244 -183
783 -175 947 -1210 -448 1241 -188
784 -173 944 -1213 -444 1244 -185
785 -177 948 -1208 -447 1243 -184
786 -175 947 -1205 -448 1240 -184
787 -175 944 -1209 -447 1241 -188
788 -179 944 -1211 -447 1239 -186
789 -174 948 -1206 -447 1238 -184
790 -178 945 -1205 -448 1239 -187
791 -178 945 -1211 -446 1239 -186
792 -176 946 -1211 -452 1237 -185
793 -176 945 -1210 -444 1243 -189
794 -174 943 -1207 -447 1238 -186
795 -175 944 -1209 -446 1241 -187
796 -177 947 -1209 -447 1241 -183
797 -176 945 -1206 -444 1240 -186
798 -178 945 -1210 -447 1242 -190
799 -174 943 -1211 -448 1242 -188
800 -180 945 -1209 -447 1238 -188
801 -175 947 -1208 -445 1239 -183
802 -176 949 -1206 -448 1240 -185
803 -175 944 -1206 -442 1240 -185
804 -175 946 -1206 -448 1238 -185
805 -176 948 -1208 -448 1245 -189
806 -174 948 -1206 -446 1240 -186
807 -175 947 -1207 -447 1241 -183
808 -176 949 -1205 -446 1245 -185
809 -181 943 -1209 -444 1242 -186
810 -176 944 -1206 -448 1241 -184
811 -176 943 -1211 -447 1240 -185
812 -173 947 -1206 -444 1242 -183
813 -177 948 -1206 -446 1242 -182
814 -175 947 -1210 -444 1241 -187
815 -173 946 -1207 -446 1242 -182
816 -178 945 -1209 -448 1239 -188
817 -175 945 -1207 -447 1238 -185
818 -176 945 -1206 -450 1239 -188
819 -174 946 -1211 -447 1240 -186
820 -178 946 -1209 -444 1242 -184
821 -177 948 -1211 -447 1242 -185
822 -174 945 -1209 -447 1243 -185
823 -173 946 -1207 -443 1240 -186
824 -174 951 -1204 -446 1242 -184
825 -174 947 -1204 -446 1240 -185
826 -174 946 -1208 -445 1242 -189
827 -175 949 -1211 -448 1241 -187
828 -176 945 -1209 -447 1241 -188
829 -174 948 -1208 -446 1244 -184
830 -173 948 -1205 -445 1240 -184
831 -173 948 -1208 -449 1243 -182
832 -174 946 -1206 -443 1239 -184
833 -174 946 -1207 -446 1244 -183
834 -173 947 -1203 -444 1245 -183
835 -174 950 -1208 -445 1244 -181
836 -173 947 -1205 -447 1241 -184
837 -174 948 -1207 -446 1239 -185
838 -174 945 -1208 -444 1240 -185
839 -175 948 -1208 -447 1242 -183
840 -175 947 -1207 -449 1240 -185
841 -175 942 -1205 -449 1243 -186
842 -173 948 -1210 -444 1240 -187
843 -177 944 -1208 -444 1240 -183
844 -176 947 -1206 -446 1241 -183
845 -176 944 -1209 -445 1240 -187
846 -176 947 -1211 -446 1245 -184
847 -174 946 -1207 -443 1244 -184
848 -176 949 -1207 -445 1240 -183
849 -174 943 -1207 -443 1240 -185
850 -174 948 -1206 -443 1244 -179
851 -173 949 -1204 -444 1241 -183
852 -174 948 -1209 -447 1243 -184
853 -172 946 -1207 -446 1241 -185
854 -174 947 -1205 -446 1243 -181
855 -174 947 -1204 -445 1244 -182
856 -171 947 -1207 -442 1242 -184
857 -174 947 -1207 -445 1240 -185
858 -174 948 -1209 -443 1241 -182
859 -172 950 -1206 -446 1243 -183
860 -175 947 -1209 -446 1242 -182
861 -174 950 -1208 -446 1243 -184
862 -172 950 -1207 -449 1239 -182
863 -175 946 -1208 -447 1242 -182
864 -176 945 -1209 -447 1240 -185
865 -173 946 -1208 -446 1238 -185
866 -173 949 -1207 -444 1242 -183
867 -176 947 -1207 -443 1245 -182
868 -177 948 -1208 -442 1244 -182
869 -175 949 -1204 -444 1246 -180
870 -171 948 -1204 -443 1247 -179
871 -173 949 -1203 -443 1245 -183
872 -172 947 -1205 -444 1242 -185
873 -176 948 -1206 -445 1243 -182
874 -175 945 -1208 -443 1245 -183
875 -175 949 -1206 -444 1239 -182
876 -172 949 -1207 -448 1243 -185
877 -174 948 -1210 -447 1241 -185
878 -176 946 -1209 -447 1239 -188
879 -178 946 -1209 -447 1239 -188
880 -179 943 -1209 -449 1239 -185
881 -177 945 -1209 -448 1237 -183
882 -176 945 -1208 -447 1240 -186
883 -178 946 -1209 -443 1238 -185
884 -173 945 -1209 -449 1239 -182
885 -179 945 -1210 -446 1241 -186
886 -179 944 -1207 -444 1240 -185
887 -174 944 -1208 -447 1240 -183
888 -179 943 -1208 -447 1244 -183
889 -174 944 -1209 -448 1242 -183
890 -176 947 -1208 -447 1242 -187
891 -172 945 -1209 -447 1240 -186
892 -176 945 -1210 -448 1237 -186
893 -176 944 -1209 -447 1237 -187
894 -180 945 -1209 -448 1240 -183
895 -176 944 -1207 -446 1241 -187
896 -180 943 -1210 -449 1242 -187
897 -173 947 -1208 -447 1243 -187
898 -180 945 -1207 -447 1242 -185
899 -177 948 -1207 -447 1241 -185
900 -176 948 -1208 -446 1243 -190
901 -174 947 -1208 -444 1242 -184
902 -174 949 -1207 -445 1241 -183
903 -173 947 -1207 -444 1242 -183
904 -175 950 -1205 -446 1241 -185
905 -173 947 -1209 -444 1242 -181
906 -175 949 -1204 -447 1241 -182
907 -176 947 -1209 -444 1243 -183
908 -176 946 -1208 -445 1243 -185
909 -170 949 -1205 -442 1245 -180
910 -173 947 -1206 -444 1241 -185
911 -172 947 -1209 -450 1243 -182
912 -173 948 -1206 -445 1243 -184
913 -172 949 -1208 -444 1239 -182
914 -172 943 -1206 -445 1243 -182
915 -173 947 -1207 -445 1245 -184
916 -173 946 -1206 -442 1245 -179
917 -174 947 -1205 -444 1243 -184
918 -174 947 -1207 -444 1243 -184
919 -172 950 -1206 -445 1244 -184
920 -173 949 -1203 -445 1242 -183
921 -175 945 -1206 -442 1243 -186
922 -172 946 -1207 -445 1244 -183
923 -172 946 -1207 -443 1241 -184
924 -175 945 -1208 -445 1241 -181
925 -174 948 -1209 -445 1241 -184
926 -176 946 -1208 -442 1243 -186
927 -174 946 -1209 -443 1244 -179
928 -174 947 -1205 -444 1243 -184
929 -177 948 -1208 -446 1241 -181
930 -171 949 -1207 -444 1246 -182
931 -173 951 -1206 -444 1243 -183
932 -174 946 -1208 -444 1241 -182
933 -173 948 -1205 -443 1241 -187
934 -174 949 -1207 -444 1241 -183
935 -173 951 -1204 -441 1245 -182
936 -175 950 -1203 -447 1244 -187
937 -173 948 -1208 -448 1239 -182
938 -174 945 -1207 -447 1241 -184
939 -176 946 -1207 -446 1244 -185
940 -173 949 -1207 -448 1243 -184
941 -174 946 -1206 -447 1243 -182
942 -174 948 -1207 -446 1239 -185
943 -173 946 -1207 -446 1243 -184
944 -171 948 -1206 -443 1244 -185
945 -176 948 -1206 -448 1243 -183
946 -173 948 -1206 -449 1243 -183
947 -173 947 -1209 -444 1241 -185
948 -173 948 -1202 -443 1242 -185
949 -172 950 -1206 -445 1240 -185
950 -173 944 -1205 -442 1241 -183
951 -176 949 -1207 -446 1241 -189
952 -173 949 -1206 -446 1244 -183
953 -175 945 -1209 -447 1241 -182
954 -177 946 -1208 -447 1242 -186
955 -174 948 -1210 -443 1242 -182
956 -173 948 -1209 -439 1242 -181
957 -171 948 -1205 -444 1244 -185
958 -174 946 -1206 -446 1243 -185
959 -172 947 -1206 -443 1243 -183
960 -175 948 -1208 -444 1244 -185
961 -175 946 -1206 -444 1243 -183
962 -172 948 -1207 -444 1243 -182
963 -174 947 -1206 -442 1243 -182
964 -174 948 -1204 -445 1240 -184
965 -173 948 -1206 -444 1242 -180
966 -171 948 -1203 -443 1245 -182
967 -174 950 -1206 -444 1245 -184
968 -170 946 -1205 -444 1243 -180
969 -172 944 -1204 -445 1244 -182
970 -172 951 -1204 -442 1243 -180
971 -172 950 -1202 -448 1243 -185
972 -174 950 -1208 -447 1244 -183
973 -173 949 -1207 -445 1240 -184
974 -174 949 -1204 -450 1241 -182
975 -173 945 -1206 -444 1247 -183
976 -173 946 -1206 -443 1239 -182
977 -174 948 -1205 -446 1243 -183
978 -173 946 -1206 -443 1244 -183
979 -170 950 -1204 -443 1242 -185
980 -172 947 -1206 -445 1243 -184
981 -172 949 -1207 -447 1245 -183
982 -176 948 -1207 -440 1242 -183
983 -175 947 -1206 -447 1242 -184
984 -175 945 -1208 -446 1240 -183
985 -177 946 -1206 -446 1243 -185
986 -176 948 -1210 -444 1242 -186
987 -174 945 -1207 -448 1240 -186
988 -175 947 -1207 -444 1241 -182
989 -173 948 -1206 -441 1243 -183
990 -174 948 -1206 -446 1243 -184
991 -173 951 -1204 -448 1242 -183
992 -175 945 -1208 -443 1244 -187
993 -174 948 -1206 -444 1245 -184
994 -174 947 -1207 -446 1245 -180
995 -173 948 -1205 -445 1243 -183
996 -172 948 -1208 -445 1245 -182
997 -172 946 -1210 -444 1244 -185
998 -175 946 -1207 -442 1244 -184
999 -171 948 -1208 -443 1242 -182
0 -169 6695 -1135 -322 1329 -5508
1 -169 6711 -1123 -331 1338 -5484
2 -164 6729 -1095 -347 1344 -5470
3 -160 6724 -1099 -348 1345 -5489
4 -160 6704 -1123 -335 1341 -5500
5 -166 6699 -1127 -328 1336 -5492
6 -167 6712 -1118 -326 1339 -5490
7 -165 6716 -1112 -325 1338 -5491
8 -167 6712 -1116 -321 1339 -5493
9 -169 6710 -1117 -318 1337 -5495
10 -170 6712 -1121 -319 1336 -5495
11 -163 6716 -1116 -323 1342 -5498
12 -163 6712 -1114 -322 1337 -5499
13 -165 6712 -1116 -322 1340 -5498
14 -166 6714 -1117 -323 1337 -5493
15 -166 6712 -1114 -326 1336 -5491
16 -169 6707 -1116 -324 1339 -5497
17 -167 6705 -1116 -324 1341 -5496
18 -165 6713 -1118 -325 1338 -5494
19 -166 6710 -1115 -326 1341 -5497
20 -166 6712 -1116 -328 1339 -5495
21 -166 6711 -1120 -332 1338 -5498
22 -165 6708 -1121 -332 1337 -5499
23 -168 6708 -1120 -327 1340 -5494
24 -164 6710 -1115 -328 1340 -5495
25 -165 6714 -1117 -326 1341 -5497
26 -165 6711 -1116 -327 1339 -5496
27 -161 6711 -1115 -329 1339 -5495
28 -166 6709 -1116 -330 1342 -5497
29 -165 6709 -1116 -327 1341 -5494
30 -163 6710 -1118 -327 1342 -5497
31 -165 6711 -1118 -327 1342 -5493
32 -160 6712 -1115 -327 1342 -5496
33 -164 6712 -1116 -325 1338 -5495
34 -162 6710 -1118 -325 1342 -5496
35 -166 6709 -1117 -325 1340 -5500
36 -161 6709 -1119 -326 1341 -5497
37 -163 6713 -1117 -326 1341 -5498
38 -164 6709 -1118 -327 1343 -5499
39 -162 6712 -1119 -327 1342 -5497
40 -162 6711 -1117 -328 1339 -5497
41 -161 6708 -1118 -335 1340 -5499
42 -163 6710 -1119 -332 1342 -5497
43 -160 6712 -1116 -329 1343 -5499
44 -162 6712 -1118 -332 1342 -5496
45 -162 6706 -1117 -333 1342 -5498
46 -163 6708 -1119 -332 1344 -5500
47 -160 6710 -1120 -333 1343 -5500
48 -158 6710 -1118 -333 1342 -5500
49 -162 6709 -1119 -333 1342 -5498
50 -161 6709 -1119 -331 1345 -5501
51 -158 6709 -1119 -333 1341 -5499
52 -161 6705 -1120 -332 1342 -5500
53 -161 6708 -1118 -330 1346 -5498
54 -163 6711 -1118 -332 1341 -5497
55 -160 6709 -1116 -333 1344 -5501
56 -163 6710 -1117 -328 1342 -5498
57 -160 6708 -1118 -327 1347 -5496
58 -162 6711 -1117 -330 1346 -5503
59 -161 6708 -1120 -330 1344 -5499
60 -163 6708 -1120 -331 1346 -5500
61 -163 6708 -1117 -331 1345 -5500
62 -158 6709 -1117 -329 1344 -5497
63 -164 6709 -1122 -334 1344 -5497
64 -159 6710 -1120 -335 1344 -5501
65 -162 6709 -1122 -332 1343 -5501
66 -158 6707 -1121 -333 1345 -5498
67 -161 6709 -1120 -334 1345 -5503
68 -160 6708 -1120 -334 1345 -5500
69 -160 6710 -1120 -333 1344 -5498
70 -160 6711 -1120 -334 1345 -5499
71 -161 6705 -1118 -335 1345 -5499
72 -161 6708 -1122 -334 1345 -5499
73 -161 6706 -1119 -332 1345 -5501
74 -159 6708 -1117 -333 1343 -5500
75 -161 6705 -1120 -333 1342 -5503
76 -163 6705 -1118 -332 1340 -5502
77 -162 6705 -1121 -332 1343 -5500
78 -163 6706 -1121 -331 1343 -5503
79 -160 6705 -1122 -332 1344 -5501
80 -165 6706 -1124 -336 1340 -5501
81 -160 6705 -1120 -337 1344 -5502
82 -165 6704 -1122 -336 1338 -5503
83 -163 6701 -1122 -335 1342 -5504
84 -162 6705 -1120 -332 1342 -5503
85 -162 6706 -1122 -333 1346 -5503
86 -164 6706 -1119 -334 1345 -5505
87 -160 6708 -1121 -333 1342 -5505
88 -159 6707 -1119 -337 1345 -5502
89 -160 6705 -1124 -336 1345 -5501
90 -160 6705 -1122 -338 1347 -5503
91 -159 6708 -1122 -334 1347 -5503
92 -157 6709 -1118 -334 1349 -5506
93 -160 6710 -1119 -336 1347 -5500
94 -160 6704 -1121 -335 1343 -5505
95 -162 6704 -1121 -335 1345 -5503
96 -162 6704 -1122 -335 1343 -5504
97 -163 6705 -1124 -337 1341 -5503
98 -160 6708 -1121 -333 1343 -5502
99 -161 6706 -1123 -333 1341 -5506
100 -159 6705 -1119 -334 1345 -5502
101 -162 6707 -1123 -333 1342 -5503
102 -162 6706 -1120 -334 1345 -5504
103 -164 6704 -1122 -330 1344 -5503
104 -164 6705 -1125 -332 1342 -5503
105 -160 6704 -1124 -334 1343 -5503
106 -160 6704 -1121 -330 1342 -5505
107 -163 6706 -1122 -337 1343 -5503
108 -159 6703 -1124 -336 1342 -5504
109 -161 6704 -1126 -334 1345 -5502
110 -160 6702 -1123 -335 1343 -5501
111 -163 6703 -1123 -337 1345 -5507
112 -163 6703 -1123 -338 1344 -5505
113 -162 6702 -1126 -340 1343 -5506
114 -159 6704 -1124 -338 1343 -5502
115 -161 6700 -1124 -340 1345 -5504
116 -164 6701 -1123 -335 1342 -5506
117 -164 6701 -1120 -334 1344 -5505
118 -165 6701 -1127 -335 1344 -5506
119 -163 6703 -1126 -336 1344 -5506
120 -163 6701 -1124 -336 1343 -5507
121 -166 6703 -1123 -335 1341 -5503
122 -163 6705 -1122 -334 1339 -5504
123 -165 6705 -1123 -330 1342 -5503
124 -162 6704 -1122 -334 1341 -5504
125 -164 6703 -1124 -333 1343 -5504
126 -163 6700 -1124 -332 1344 -5506
127 -159 6705 -1124 -331 1344 -5500
128 -161 6704 -1117 -335 1343 -5504
129 -158 6706 -1121 -330 1347 -5500
130 -161 6704 -1122 -333 1342 -5505
131 -159 6705 -1122 -334 1343 -5500
132 -160 6705 -1118 -333 1344 -5500
133 -160 6708 -1120 -330 1347 -5500
134 -158 6706 -1120 -331 1345 -5499
135 -158 6709 -1120 -334 1348 -5499
136 -159 6705 -1124 -332 1341 -5501
137 -160 6704 -1121 -331 1346 -5502
138 -160 6705 -1122 -328 1346 -5502
139 -159 6706 -1118 -330 1342 -5503
140 -163 6704 -1121 -330 1346 -5503
141 -161 6704 -1118 -330 1345 -5503
142 -164 6704 -1122 -329 1345 -5505
143 -164 6708 -1120 -327 1343 -5504
144 -163 6704 -1123 -329 1340 -5505
145 -161 6706 -1121 -324 1342 -5507
146 -160 6705 -1122 -328 1343 -5502
147 -163 6705 -1121 -329 1345 -5504
148 -163 6704 -1121 -327 1343 -5502
149 -163 6704 -1123 -326 1343 -5502
150 -162 6702 -1121 -327 1343 -5503
151 -164 6702 -1123 -328 1342 -5504
152 -159 6702 -1120 -325 1345 -5502
153 -161 6702 -1117 -330 1343 -5502
154 -162 6704 -1120 -327 1343 -5504
155 -164 6704 -1119 -331 1342 -5503
156 -162 6704 -1122 -332 1342 -5501
157 -163 6699 -1126 -330 1341 -5504
158 -163 6702 -1121 -331 1342 -5502
159 -163 6701 -1123 -331 1342 -5504
160 -165 6701 -1125 -329 1340 -5506
161 -165 6701 -1121 -331 1340 -5500
162 -164 6704 -1123 -327 1341 -5502
163 -162 6702 -1124 -327 1339 -5505
164 -167 6703 -1122 -325 1344 -5502
165 -162 6703 -1120 -325 1337 -5504
166 -165 6703 -1123 -323 1339 -5502
167 -164 6705 -1120 -327 1337 -5502
168 -166 6703 -1122 -323 1340 -5503
169 -163 6704 -1123 -324 1341 -5502
170 -163 6706 -1120 -324 1341 -5501
171 -166 6705 -1121 -324 1338 -5499
172 -167 6703 -1120 -328 1336 -5503
173 -166 6704 -1124 -324 1338 -5501
174 -169 6699 -1122 -327 1341 -5503
175 -165 6702 -1124 -326 1339 -5505
176 -168 6700 -1124 -328 1336 -5504
177 -166 6702 -1122 -326 1337 -5506
178 -164 6702 -1120 -323 1339 -5505
179 -166 6703 -1121 -325 1337 -5504
180 -165 6703 -1122 -323 1338 -5504
181 -165 6702 -1122 -324 1337 -5506
182 -166 6703 -1123 -323 1338 -5502
183 -165 6704 -1122 -324 1339 -5505
184 -169 6700 -1123 -318 1338 -5502
185 -166 6701 -1121 -321 1337 -5503
186 -166 6702 -1119 -319 1338 -5503
187 -167 6706 -1121 -318 1336 -5506
188 -169 6702 -1122 -320 1334 -5504
189 -169 6703 -1122 -322 1335 -5507
190 -168 6703 -1124 -319 1338 -5506
191 -171 6702 -1121 -318 1335 -5505
192 -170 6703 -1119 -320 1337 -5502
193 -170 6705 -1122 -318 1335 -5506
194 -173 6701 -1123 -320 1333 -5506
195 -172 6705 -1123 -321 1333 -5510
196 -168 6702 -1122 -321 1337 -5507
197 -171 6702 -1120 -321 1335 -5510
198 -166 6702 -1125 -322 1336 -5504
199 -173 6702 -1122 -323 1335 -5505
200 -170 6703 -1122 -317 1335 -5503
201 -169 6704 -1124 -320 1338 -5504
202 -170 6704 -1120 -319 1337 -5504
203 -166 6705 -1120 -319 1336 -5505
204 -169 6705 -1121 -321 1337 -5507
205 -172 6703 -1124 -314 1338 -5504
206 -168 6705 -1121 -316 1336 -5505
207 -167 6706 -1118 -318 1333 -5506
208 -173 6703 -1121 -310 1333 -5505
209 -170 6700 -1120 -309 1335 -5507
210 -172 6703 -1120 -311 1335 -5507
211 -169 6706 -1118 -312 1334 -5505
212 -170 6705 -1121 -311 1336 -5504
213 -171 6704 -1119 -312 1333 -5506
214 -172 6705 -1123 -314 1334 -5504
215 -171 6706 -1124 -314 1332 -5507
216 -175 6704 -1123 -311 1334 -5508
217 -176 6705 -1118 -315 1332 -5506
218 -174 6704 -1120 -314 1334 -5506
219 -171 6703 -1120 -314 1332 -5507
220 -173 6707 -1122 -315 1333 -5507
221 -174 6704 -1123 -312 1333 -5509
222 -171 6704 -1122 -316 1331 -5508
223 -172 6704 -1123 -315 1332 -5505
224 -173 6704 -1123 -313 1327 -5507
225 -173 6702 -1122 -312 1330 -5508
226 -174 6701 -1125 -316 1332 -5507
227 -174 6701 -1126 -313 1333 -5507
228 -173 6705 -1119 -311 1329 -5510
229 -177 6701 -1124 -308 1328 -5505
230 -174 6703 -1121 -307 1328 -5508
231 -177 6699 -1128 -306 1327 -5507
232 -176 6703 -1122 -304 1326 -5506
233 -177 6704 -1124 -308 1326 -5512
234 -179 6698 -1123 -306 1327 -5510
235 -176 6707 -1120 -304 1326 -5511
236 -177 6700 -1122 -304 1328 -5512
237 -179 6700 -1122 -306 1328 -5504
238 -180 6702 -1123 -306 1325 -5506
239 -176 6701 -1123 -304 1327 -5507
240 -173 6704 -1119 -305 1330 -5502
241 -176 6704 -1120 -309 1325 -5505
242 -176 6700 -1123 -311 1327 -5505
243 -175 6702 -1121 -307 1329 -5505
244 -175 6703 -1122 -306 1329 -5505
245 -178 6703 -1120 -306 1328 -5504
246 -175 6702 -1121 -305 1326 -5511
247 -175 6700 -1122 -305 1328 -5508
248 -176 6701 -1121 -308 1326 -5508
249 -177 6701 -1123 -307 1324 -5507
250 -177 6700 -1122 -299 1329 -5503
251 -179 6702 -1120 -298 1328 -5506
252 -180 6702 -1121 -297 1327 -5507
253 -182 6704 -1120 -297 1328 -5506
254 -179 6702 -1121 -299 1327 -5509
255 -180 6700 -1123 -297 1325 -5508
256 -178 6699 -1123 -298 1323 -5508
257 -180 6700 -1125 -297 1325 -5506
258 -180 6700 -1123 -299 1324 -5506
259 -181 6699 -1123 -300 1324 -5509
260 -180 6698 -1123 -297 1326 -5508
261 -180 6700 -1123 -302 1324 -5507
262 -181 6701 -1124 -304 1322 -5508
263 -181 6698 -1123 -301 1326 -5508
264 -181 6701 -1119 -304 1325 -5508
265 -183 6698 -1127 -301 1321 -5508
266 -182 6699 -1123 -302 1323 -5508
267 -181 6696 -1122 -299 1324 -5505
268 -182 6699 -1123 -305 1323 -5511
269 -183 6700 -1121 -300 1323 -5508
270 -182 6696 -1124 -302 1321 -5508
271 -181 6698 -1124 -298 1323 -5511
272 -183 6699 -1122 -297 1323 -5508
273 -181 6701 -1123 -296 1322 -5506
274 -188 6700 -1123 -296 1324 -5510
275 -186 6698 -1123 -296 1319 -5508
276 -181 6697 -1124 -294 1318 -5506
277 -183 6696 -1123 -298 1320 -5507
278 -184 6697 -1124 -295 1319 -5511
279 -185 6697 -1123 -294 1320 -5508
280 -187 6698 -1123 -291 1317 -5506
281 -183 6701 -1121 -292 1320 -5507
282 -185 6698 -1125 -293 1321 -5509
283 -185 6694 -1122 -296 1319 -5508
284 -184 6697 -1122 -298 1320 -5510
285 -186 6702 -1123 -295 1321 -5508
286 -184 6698 -1122 -294 1321 -5510
287 -188 6702 -1126 -296 1320 -5509
288 -187 6699 -1125 -296 1320 -5510
289 -182 6699 -1122 -298 1319 -5508
290 -183 6696 -1122 -298 1323 -5510
291 -186 6697 -1124 -298 1318 -5510
292 -185 6696 -1126 -294 1319 -5513
293 -185 6698 -1123 -290 1316 -5510
294 -184 6697 -1123 -293 1316 -5512
295 -188 6697 -1123 -289 1315 -5509
296 -188 6699 -1123 -289 1318 -5512
297 -185 6695 -1127 -289 1319 -5514
298 -187 6697 -1124 -286 1314 -5510
299 -188 6698 -1123 -288 1315 -5511
300 -186 6701 -1127 -288 1317 -5510
301 -186 6701 -1123 -287 1315 -5510
302 -187 6698 -1123 -285 1317 -5511
303 -187 6698 -1121 -289 1318 -5509
304 -189 6697 -1123 -292 1317 -5511
305 -187 6699 -1124 -292 1314 -5510
306 -187 6696 -1123 -294 1316 -5508
307 -189 6696 -1122 -289 1315 -5513
308 -190 6695 -1125 -291 1316 -5513
309 -188 6697 -1124 -292 1314 -5510
310 -189 6698 -1125 -288 1316 -5510
311 -190 6699 -1123 -291 1313 -5510
312 -188 6696 -1126 -295 1314 -5514
313 -192 6693 -1127 -291 1314 -5512
314 -192 6695 -1126 -290 1316 -5514
315 -191 6698 -1125 -284 1314 -5509
316 -189 6698 -1122 -285 1314 -5511
317 -191 6694 -1125 -288 1311 -5516
318 -190 6697 -1124 -282 1312 -5516
319 -192 6696 -1128 -284 1313 -5510
320 -194 6695 -1125 -288 1314 -5513
321 -192 6699 -1126 -283 1311 -5511
322 -187 6696 -1123 -281 1311 -5512
323 -191 6696 -1123 -283 1312 -5514
324 -195 6694 -1127 -285 1312 -5514
325 -191 6694 -1124 -290 1312 -5512
326 -191 6694 -1125 -289 1313 -5511
327 -192 6696 -1123 -288 1316 -5511
328 -189 6699 -1122 -288 1314 -5509
329 -192 6698 -1122 -286 1316 -5512
330 -193 6699 -1123 -283 1312 -5513
331 -190 6697 -1124 -285 1314 -5512
332 -193 6694 -1121 -285 1314 -5512
333 -190 6699 -1122 -285 1316 -5509
334 -192 6696 -1128 -282 1314 -5514
335 -187 6695 -1121 -282 1310 -5512
336 -190 6698 -1126 -280 1313 -5512
337 -189 6698 -1126 -276 1311 -5516
338 -196 6695 -1126 -279 1313 -5513
339 -195 6693 -1128 -278 1308 -5515
340 -191 6697 -1124 -283 1315 -5512
341 -192 6696 -1126 -284 1316 -5511
342 -189 6693 -1123 -283 1313 -5516
343 -191 6693 -1128 -278 1312 -5514
344 -190 6696 -1128 -275 1307 -5511
345 -195 6693 -1124 -275 1309 -5512
346 -194 6697 -1120 -281 1312 -5512
347 -193 6699 -1121 -282 1315 -5515
348 -192 6697 -1126 -287 1313 -5511
349 -194 6693 -1128 -282 1309 -5519
350 -194 6697 -1124 -277 1310 -5512
351 -195 6700 -1120 -275 1310 -5511
352 -191 6700 -1121 -281 1310 -5514
353 -192 6695 -1123 -282 1311 -5517
354 -191 6692 -1128 -280 1312 -5512
355 -193 6696 -1124 -282 1313 -5513
356 -191 6695 -1124 -279 1310 -5511
357 -190 6697 -1123 -279 1308 -5514
358 -197 6695 -1123 -277 1311 -5514
359 -196 6694 -1131 -276 1311 -5516
360 -198 6693 -1129 -278 1306 -5520
361 -195 6693 -1129 -276 1307 -5517
362 -197 6695 -1127 -278 1307 -5512
363 -199 6697 -1122 -276 1310 -5516
364 -197 6697 -1124 -275 1308 -5518
365 -195 6692 -1126 -277 1307 -5515
366 -195 6695 -1125 -275 1310 -5516
367 -196 6698 -1121 -277 1309 -5513
368 -196 6697 -1126 -280 1311 -5516
369 -197 6695 -1127 -283 1312 -5513
370 -194 6695 -1123 -281 1311 -5514
371 -192 6693 -1125 -278 1309 -5517
372 -200 6694 -1124 -277 1308 -5515
373 -195 6695 -1122 -275 1309 -5513
374 -194 6697 -1123 -275 1307 -5513
375 -194 6696 -1124 -275 1309 -5514
376 -197 6693 -1126 -279 1308 -5517
377 -198 6691 -1131 -273 1309 -5517
378 -195 6693 -1127 -273 1305 -5517
379 -194 6690 -1126 -274 1304 -5515
380 -201 6691 -1123 -272 1309 -5515
381 -196 6696 -1122 -272 1305 -5515
382 -199 6693 -1125 -274 1307 -5518
383 -198 6689 -1126 -273 1309 -5519
384 -199 6693 -1127 -273 1305 -5516
385 -199 6694 -1125 -270 1309 -5517
386 -198 6695 -1127 -269 1305 -5517
387 -196 6692 -1127 -269 1310 -5516
388 -199 6693 -1126 -274 1308 -5516
389 -197 6693 -1126 -277 1311 -5516
390 -198 6694 -1124 -278 1308 -5516
391 -194 6696 -1123 -273 1310 -5515
392 -194 6700 -1121 -273 1308 -5513
393 -198 6694 -1125 -275 1310 -5514
394 -200 6692 -1130 -274 1310 -5517
395 -193 6692 -1123 -276 1307 -5515
396 -196 6693 -1123 -273 1308 -5514
397 -198 6695 -1123 -272 1307 -5514
398 -201 6693 -1126 -268 1301 -5519
399 -197 6692 -1125 -275 1305 -5520
400 -197 6690 -1131 -270 1308 -5513
401 -204 6694 -1125 -265 1304 -5519
402 -200 6690 -1124 -264 1303 -5520
403 -202 6693 -1126 -266 1303 -5517
404 -200 6693 -1126 -267 1309 -5516
405 -199 6692 -1125 -271 1306 -5517
406 -197 6693 -1127 -270 1307 -5512
407 -200 6690 -1124 -269 1307 -5513
408 -200 6691 -1126 -272 1305 -5512
409 -198 6693 -1123 -273 1306 -5516
410 -198 6692 -1124 -272 1303 -5518
411 -203 6689 -1127 -273 1303 -5520
412 -200 6691 -1129 -272 1301 -5518
413 -200 6690 -1124 -272 1303 -5514
414 -200 6693 -1123 -268 1304 -5514
415 -201 6687 -1126 -268 1304 -5518
416 -201 6691 -1128 -268 1300 -5519
417 -202 6692 -1129 -268 1303 -5519
418 -200 6691 -1127 -266 1307 -5520
419 -202 6694 -1125 -270 1305 -5518
420 -201 6692 -1126 -266 1301 -5515
421 -200 6693 -1124 -264 1298 -5517
422 -202 6689 -1127 -268 1301 -5523
423 -206 6687 -1130 -263 1302 -5516
424 -206 6689 -1129 -264 1298 -5517
425 -202 6691 -1126 -267 1301 -5519
426 -201 6692 -1125 -267 1304 -5514
427 -202 6686 -1127 -270 1305 -5519
428 -204 6690 -1131 -268 1303 -5520
429 -202 6687 -1130 -262 1300 -5518
430 -203 6692 -1126 -262 1301 -5515
431 -204 6692 -1124 -257 1300 -5514
432 -203 6696 -1120 -262 1301 -5513
433 -201 6692 -1123 -265 1302 -5519
434 -202 6691 -1126 -267 1302 -5516
435 -200 6689 -1122 -265 1304 -5513
436 -206 6689 -1124 -259 1302 -5513
437 -205 6693 -1124 -262 1300 -5517
438 -205 6691 -1125 -262 1300 -5517
439 -202 6690 -1128 -263 1305 -5520
440 -201 6687 -1129 -262 1301 -5518
441 -203 6687 -1128 -267 1300 -5517
442 -204 6690 -1126 -259 1304 -5515
443 -204 6694 -1125 -266 1301 -5513
444 -203 6691 -1126 -261 1303 -5514
445 -201 6692 -1126 -262 1297 -5518
446 -202 6690 -1128 -260 1300 -5517
447 -202 6693 -1126 -256 1298 -5514
448 -206 6693 -1120 -262 1303 -5512
449 -204 6695 -1120 -261 1303 -5514
450 -205 6693 -1124 -261 1301 -5519
451 -209 6691 -1127 -251 1297 -5516
452 -207 6690 -1126 -246 1299 -5520
453 -206 6691 -1124 -251 1295 -5522
454 -207 6695 -1125 -257 1298 -5516
455 -203 6694 -1123 -263 1302 -5514
456 -204 6693 -1125 -263 1302 -5518
457 -202 6688 -1127 -262 1299 -5522
458 -207 6688 -1129 -257 1296 -5520
459 -206 6690 -1129 -258 1296 -5518
460 -207 6693 -1123 -261 1299 -5513
461 -208 6691 -1120 -263 1301 -5517
462 -202 6689 -1127 -262 1298 -5519
463 -204 6688 -1128 -252 1299 -5522
464 -208 6691 -1130 -250 1299 -5515
465 -208 6697 -1119 -252 1297 -5520
466 -210 6697 -1125 -250 1298 -5521
467 -207 6693 -1126 -254 1294 -5522
468 -208 6690 -1128 -253 1297 -5521
469 -207 6688 -1125 -253 1295 -5522
470 -211 6690 -1125 -250 1297 -5520
471 -211 6697 -1120 -253 1294 -5517
472 -212 6694 -1120 -253 1294 -5518
473 -213 6689 -1124 -255 1292 -5524
474 -211 6687 -1129 -256 1293 -5522
475 -208 6689 -1129 -257 1294 -5518
476 -208 6693 -1124 -261 1294 -5516
477 -211 6690 -1126 -261 1297 -5517
478 -210 6690 -1126 -254 1295 -5519
479 -211 6691 -1128 -253 1289 -5522
480 -213 6691 -1126 -248 1291 -5522
481 -212 6690 -1128 -250 1292 -5521
482 -214 6691 -1125 -251 1288 -5521
483 -211 6692 -1126 -246 1294 -5520
484 -214 6693 -1123 -248 1293 -5517
485 -210 6693 -1124 -252 1293 -5520
486 -211 6692 -1126 -251 1295 -5519
487 -213 6689 -1126 -252 1293 -5522
488 -217 6690 -1127 -251 1293 -5518
489 -212 6692 -1126 -250 1292 -5519
490 -212 6691 -1128 -249 1292 -5519
491 -211 6693 -1123 -247 1292 -5520
492 -213 6692 -1126 -247 1290 -5517
493 -215 6691 -1127 -249 1292 -5520
494 -213 6690 -1127 -248 1289 -5519
495 -215 6695 -1126 -245 1289 -5520
496 -215 6689 -1125 -246 1289 -5521
497 -217 6691 -1124 -243 1288 -5518
498 -215 6692 -1124 -246 1289 -5524
499 -217 6688 -1129 -249 1288 -5518
500 -213 6691 -1127 -244 1287 -5519
501 -214 6691 -1123 -242 1289 -5522
502 -216 6689 -1125 -242 1289 -5519
503 -216 6690 -1125 -242 1289 -5520
504 -217 6691 -1126 -241 1286 -5519
505 -216 6691 -1127 -245 1286 -5521
506 -220 6690 -1128 -243 1286 -5522
507 -217 6688 -1127 -241 1287 -5518
508 -216 6689 -1126 -242 1287 -5518
509 -216 6692 -1122 -243 1287 -5520
510 -217 6690 -1125 -243 1288 -5518
511 -217 6688 -1126 -243 1289 -5520
512 -218 6692 -1129 -241 1287 -5517
513 -218 6690 -1123 -238 1288 -5516
514 -216 6693 -1125 -240 1286 -5519
515 -216 6690 -1126 -243 1286 -5520
516 -219 6698 -1126 -239 1287 -5519
517 -219 6692 -1124 -242 1282 -5519
518 -220 6692 -1124 -238 1285 -5518
519 -219 6689 -1125 -240 1284 -5520
520 -222 6692 -1125 -237 1285 -5520
521 -223 6692 -1125 -235 1285 -5519
522 -217 6691 -1124 -238 1284 -5517
523 -219 6695 -1126 -237 1286 -5514
524 -221 6694 -1123 -235 1282 -5519
525 -222 6692 -1124 -237 1284 -5517
526 -218 6693 -1126 -236 1282 -5520
527 -221 6692 -1124 -237 1285 -5518
528 -222 6692 -1124 -237 1283 -5515
529 -220 6692 -1124 -234 1284 -5518
530 -219 6691 -1124 -236 1283 -5516
531 -221 6693 -1123 -234 1283 -5519
532 -222 6690 -1123 -235 1282 -5520
533 -221 6691 -1123 -235 1286 -5516
534 -222 6691 -1125 -234 1283 -5518
535 -222 6694 -1125 -236 1283 -5518
536 -221 6693 -1122 -236 1281 -5518
537 -221 6693 -1122 -233 1282 -5518
538 -221 6694 -1121 -234 1282 -5518
539 -224 6696 -1121 -235 1280 -5518
540 -228 6691 -1125 -233 1282 -5519
541 -226 6694 -1126 -238 1277 -5520
542 -227 6690 -1128 -231 1281 -5517
543 -227 6688 -1124 -234 1277 -5519
544 -225 6690 -1126 -233 1280 -5521
545 -224 6691 -1126 -232 1277 -5517
546 -227 6692 -1127 -232 1280 -5520
547 -224 6689 -1126 -231 1277 -5519
548 -229 6690 -1124 -230 1276 -5521
549 -228 6693 -1128 -231 1276 -5517
550 -226 6691 -1125 -233 1277 -5517
551 -224 6689 -1125 -233 1276 -5518
552 -228 6692 -1126 -232 1277 -5520
553 -225 6691 -1125 -232 1276 -5518
554 -229 6691 -1122 -231 1277 -5516
555 -227 6694 -1123 -227 1277 -5517
556 -224 6693 -1125 -228 1278 -5515
557 -229 6694 -1123 -226 1278 -5517
558 -226 6697 -1123 -233 1277 -5515
559 -227 6692 -1124 -229 1275 -5521
560 -225 6692 -1123 -230 1278 -5518
561 -227 6694 -1123 -227 1277 -5514
562 -232 6695 -1123 -226 1272 -5516
563 -228 6696 -1124 -225 1276 -5516
564 -223 6694 -1121 -223 1280 -5515
565 -226 6696 -1121 -222 1277 -5514
566 -225 6696 -1119 -220 1276 -5513
567 -229 6699 -1116 -222 1278 -5512
568 -227 6698 -1119 -221 1275 -5515
569 -227 6699 -1118 -221 1277 -5514
570 -228 6698 -1121 -221 1277 -5514
571 -228 6698 -1117 -223 1277 -5514
572 -227 6698 -1119 -220 1275 -5513
573 -229 6696 -1119 -222 1276 -5511
574 -230 6696 -1118 -220 1274 -5515
575 -228 6696 -1118 -223 1272 -5514
576 -230 6695 -1122 -222 1271 -5512
577 -230 6694 -1123 -222 1274 -5513
578 -228 6697 -1121 -219 1274 -5510
579 -229 6696 -1122 -224 1273 -5515
580 -230 6693 -1119 -225 1273 -5514
581 -232 6697 -1122 -221 1271 -5517
582 -228 6698 -1120 -221 1275 -5513
583 -230 6696 -1120 -219 1273 -5512
584 -228 6697 -1119 -220 1273 -5513
585 -231 6698 -1120 -221 1273 -5514
586 -234 6695 -1118 -221 1269 -5515
587 -235 6697 -1124 -216 1273 -5513
588 -233 6697 -1119 -216 1274 -5513
589 -229 6696 -1120 -215 1272 -5514
590 -232 6701 -1119 -217 1269 -5513
591 -233 6700 -1116 -219 1271 -5512
592 -233 6692 -1117 -219 1269 -5514
593 -233 6695 -1118 -219 1270 -5513
594 -230 6700 -1120 -217 1272 -5511
595 -232 6696 -1119 -217 1267 -5514
596 -235 6697 -1122 -218 1272 -5510
597 -234 6697 -1120 -218 1269 -5511
598 -237 6698 -1124 -216 1270 -5512
599 -233 6697 -1119 -217 1269 -5516
600 -234 6694 -1123 -218 1265 -5516
601 -233 6697 -1122 -219 1264 -5512
602 -233 6699 -1120 -217 1268 -5510
603 -237 6697 -1121 -215 1268 -5512
604 -233 6694 -1120 -218 1269 -5514
605 -235 6697 -1122 -219 1268 -5512
606 -238 6695 -1121 -218 1268 -5514
607 -238 6698 -1121 -215 1270 -5514
608 -235 6696 -1124 -215 1271 -5514
609 -235 6696 -1120 -218 1268 -5512
610 -236 6697 -1118 -214 1266 -5509
611 -235 6697 -1121 -218 1268 -5512
612 -233 6697 -1120 -215 1267 -5511
613 -237 6697 -1124 -214 1266 -5514
614 -234 6700 -1121 -210 1268 -5514
615 -239 6698 -1120 -215 1266 -5512
616 -238 6699 -1122 -214 1264 -5515
617 -239 6702 -1117 -213 1268 -5511
618 -233 6702 -1118 -210 1267 -5511
619 -238 6702 -1121 -214 1266 -5514
620 -236 6698 -1122 -215 1268 -5511
621 -237 6697 -1117 -209 1265 -5510
622 -235 6701 -1115 -214 1262 -5515
623 -240 6699 -1122 -211 1266 -5510
624 -236 6701 -1118 -215 1263 -5508
625 -237 6702 -1115 -213 1265 -5509
626 -237 6701 -1117 -213 1269 -5511
627 -237 6702 -1116 -214 1266 -5509
628 -237 6701 -1118 -212 1266 -5509
629 -237 6700 -1118 -213 1267 -5510
630 -238 6704 -1117 -211 1269 -5509
631 -237 6704 -1115 -214 1266 -5511
632 -241 6700 -1119 -214 1265 -5515
633 -240 6701 -1118 -212 1264 -5513
634 -239 6700 -1120 -214 1263 -5511
635 -239 6702 -1120 -211 1264 -5510
636 -238 6701 -1116 -212 1265 -5512
637 -241 6704 -1118 -210 1266 -5511
638 -235 6702 -1118 -211 1262 -5513
639 -237 6703 -1118 -212 1262 -5509
640 -238 6701 -1118 -213 1263 -5511
641 -240 6701 -1118 -212 1266 -5513
642 -241 6702 -1118 -211 1265 -5510
643 -240 6703 -1118 -211 1263 -5509
644 -242 6703 -1120 -212 1264 -5511
645 -237 6702 -1117 -212 1264 -5510
646 -241 6704 -1116 -214 1262 -5513
647 -240 6702 -1118 -214 1260 -5515
648 -239 6704 -1120 -213 1263 -5512
649 -243 6701 -1116 -210 1263 -5510
650 -240 6706 -1115 -210 1264 -5507
651 -238 6706 -1116 -212 1266 -5510
652 -239 6704 -1116 -210 1264 -5509
653 -238 6705 -1116 -209 1265 -5508
654 -238 6707 -1113 -211 1267 -5509
655 -235 6704 -1113 -211 1267 -5509
656 -237 6708 -1115 -208 1265 -5509
657 -240 6704 -1117 -208 1265 -5505
658 -238 6703 -1111 -210 1265 -5506
659 -236 6706 -1115 -206 1266 -5504
660 -238 6702 -1113 -211 1265 -5509
661 -240 6702 -1116 -210 1264 -5506
662 -240 6708 -1117 -208 1262 -5506
663 -240 6704 -1115 -210 1263 -5508
664 -243 6702 -1114 -210 1264 -5509
665 -241 6706 -1112 -213 1262 -5509
666 -238 6707 -1113 -209 1263 -5509
667 -241 6706 -1115 -210 1263 -5506
668 -242 6708 -1112 -209 1264 -5504
669 -238 6710 -1114 -211 1266 -5506
670 -238 6705 -1113 -211 1265 -5506
671 -234 6706 -1112 -209 1267 -5504
672 -238 6705 -1113 -210 1264 -5506
673 -238 6703 -1115 -214 1267 -5504
674 -240 6707 -1115 -209 1265 -5503
675 -237 6710 -1112 -210 1267 -5506
676 -240 6706 -1116 -206 1266 -5503
677 -241 6707 -1114 -207 1265 -5502
678 -235 6709 -1113 -205 1264 -5501
679 -237 6708 -1111 -208 1262 -5503
680 -237 6705 -1115 -207 1267 -5504
681 -237 6704 -1112 -209 1268 -5502
682 -239 6707 -1113 -210 1264 -5503
683 -238 6706 -1111 -206 1262 -5504
684 -235 6708 -1112 -206 1264 -5501
685 -238 6705 -1113 -208 1265 -5503
686 -239 6708 -1114 -206 1266 -5501
687 -238 6707 -1110 -208 1266 -5501
688 -239 6709 -1114 -210 1264 -5503
689 -237 6707 -1113 -209 1269 -5502
690 -238 6705 -1111 -212 1265 -5501
691 -239 6707 -1114 -211 1265 -5505
692 -237 6708 -1117 -207 1264 -5501
693 -237 6710 -1112 -211 1263 -5502
694 -235 6706 -1113 -210 1265 -5501
695 -239 6706 -1112 -210 1265 -5504
696 -239 6706 -1110 -207 1263 -5499
697 -235 6709 -1112 -211 1265 -5497
698 -238 6709 -1113 -210 1267 -5502
699 -235 6709 -1114 -206 1269 -5500
700 -237 6712 -1113 -211 1266 -5501
701 -236 6706 -1112 -211 1263 -5504
702 -241 6705 -1116 -211 1262 -5504
703 -241 6703 -1116 -211 1265 -5502
704 -240 6706 -1115 -211 1264 -5501
705 -239 6706 -1114 -212 1264 -5504
706 -239 6707 -1113 -215 1265 -5504
707 -240 6708 -1113 -212 1265 -5503
708 -239 6707 -1117 -209 1266 -5503
709 -238 6710 -1110 -210 1265 -5500
710 -237 6708 -1111 -214 1266 -5501
711 -239 6707 -1115 -211 1267 -5502
712 -240 6709 -1112 -212 1265 -5501
713 -240 6706 -1114 -212 1263 -5504
714 -237 6704 -1116 -213 1264 -5506
715 -240 6707 -1113 -212 1266 -5501
716 -239 6706 -1111 -214 1265 -5500
717 -239 6706 -1117 -211 1262 -5503
718 -241 6707 -1112 -212 1265 -5502
719 -239 6705 -1118 -212 1267 -5504
720 -238 6706 -1110 -216 1263 -5503
721 -243 6704 -1114 -214 1261 -5505
722 -238 6709 -1110 -212 1261 -5505
723 -240 6711 -1112 -212 1267 -5499
724 -238 6706 -1112 -215 1266 -5505
725 -241 6709 -1114 -217 1265 -5506
726 -237 6706 -1112 -212 1263 -5504
727 -238 6706 -1117 -213 1265 -5505
728 -238 6707 -1113 -213 1267 -5502
729 -239 6707 -1115 -214 1266 -5505
730 -238 6707 -1114 -211 1267 -5500
731 -234 6709 -1110 -216 1267 -5504
732 -237 6709 -1114 -212 1267 -5501
733 -236 6711 -1113 -212 1266 -5500
734 -237 6707 -1110 -217 1268 -5504
735 -237 6709 -1114 -215 1267 -5503
736 -238 6708 -1113 -216 1265 -5501
737 -236 6708 -1114 -213 1264 -5499
738 -235 6711 -1112 -213 1268 -5499
739 -232 6712 -1107 -216 1268 -5499
740 -234 6712 -1114 -214 1268 -5497
741 -235 6711 -1110 -213 1267 -5502
742 -236 6708 -1113 -218 1264 -5503
743 -235 6710 -1112 -215 1266 -5502
744 -238 6711 -1110 -211 1266 -5505
745 -234 6712 -1111 -215 1269 -5502
746 -237 6707 -1110 -213 1269 -5502
747 -236 6709 -1116 -215 1266 -5497
748 -237 6707 -1113 -213 1268 -5502
749 -236 6710 -1110 -215 1267 -5503
750 -235 6709 -1111 -212 1267 -5500
751 -235 6711 -1110 -215 1267 -5500
752 -236 6712 -1110 -217 1267 -5502
753 -238 6710 -1112 -218 1271 -5501
754 -233 6706 -1116 -216 1268 -5504
755 -234 6709 -1111 -217 1271 -5504
756 -233 6712 -1112 -219 1270 -5502
757 -234 6709 -1109 -220 1264 -5504
758 -236 6708 -1116 -219 1272 -5499
759 -234 6710 -1112 -219 1265 -5504
760 -235 6709 -1114 -218 1268 -5501
761 -236 6709 -1109 -219 1269 -5506
762 -236 6708 -1113 -221 1268 -5501
763 -234 6712 -1113 -222 1271 -5502
764 -231 6711 -1112 -216 1270 -5503
765 -235 6710 -1112 -217 1265 -5501
766 -233 6709 -1114 -212 1272 -5499
767 -233 6712 -1114 -217 1267 -5500
768 -235 6711 -1112 -216 1269 -5501
769 -236 6712 -1111 -217 1269 -5504
770 -232 6709 -1112 -218 1270 -5504
771 -238 6711 -1113 -213 1271 -5501
772 -232 6713 -1109 -214 1272 -5502
773 -236 6713 -1111 -216 1268 -5504
774 -236 6713 -1111 -218 1268 -5507
775 -235 6711 -1112 -221 1269 -5501
776 -232 6711 -1115 -222 1268 -5502
777 -233 6711 -1113 -215 1268 -5501
778 -231 6710 -1112 -217 1270 -5503
779 -233 6710 -1112 -218 1269 -5504
780 -233 6710 -1115 -221 1272 -5504
781 -233 6712 -1113 -221 1272 -5507
782 -232 6708 -1112 -220 1269 -5502
783 -231 6712 -1110 -221 1270 -5500
784 -231 6707 -1116 -219 1271 -5501
785 -230 6711 -1111 -220 1273 -5501
786 -230 6712 -1110 -219 1270 -5498
787 -233 6714 -1111 -221 1274 -5501
788 -231 6712 -1110 -220 1271 -5501
789 -231 6710 -1112 -221 1270 -5503
790 -231 6711 -1111 -221 1269 -5500
791 -233 6711 -1114 -220 1271 -5499
792 -234 6710 -1114 -220 1269 -5502
793 -234 6710 -1112 -222 1272 -5501
794 -236 6709 -1114 -220 1274 -5501
795 -236 6711 -1113 -217 1271 -5503
796 -230 6710 -1111 -217 1276 -5497
797 -233 6711 -1108 -219 1272 -5502
798 -229 6713 -1110 -218 1273 -5502
799 -233 6710 -1110 -220 1271 -5502
800 -230 6708 -1110 -225 1273 -5503
801 -233 6709 -1113 -224 1273 -5501
802 -232 6707 -1117 -223 1270 -5502
803 -232 6709 -1115 -225 1272 -5501
804 -229 6714 -1114 -223 1273 -5502
805 -233 6710 -1112 -223 1274 -5500
806 -229 6710 -1110 -224 1273 -5499
807 -232 6709 -1114 -223 1276 -5500
808 -231 6707 -1113 -226 1273 -5502
809 -230 6712 -1108 -224 1272 -5503
810 -232 6709 -1112 -223 1273 -5502
811 -228 6710 -1111 -223 1277 -5501
812 -228 6711 -1110 -221 1273 -5498
813 -227 6710 -1111 -221 1270 -5501
814 -230 6709 -1114 -222 1272 -5503
815 -230 6712 -1113 -223 1273 -5501
816 -230 6709 -1109 -224 1273 -5501
817 -229 6707 -1114 -222 1272 -5501
818 -231 6711 -1114 -223 1271 -5504
819 -229 6713 -1112 -221 1274 -5500
820 -228 6712 -1110 -223 1275 -5498
821 -232 6714 -1110 -223 1270 -5503
822 -230 6711 -1113 -222 1272 -5500
823 -229 6709 -1112 -222 1272 -5500
824 -229 6713 -1111 -224 1276 -5499
825 -230 6711 -1111 -225 1276 -5500
826 -226 6709 -1111 -227 1274 -5498
827 -230 6709 -1109 -228 1273 -5500
828 -230 6709 -1110 -224 1276 -5501
829 -232 6709 -1113 -226 1274 -5502
830 -227 6712 -1111 -229 1272 -5503
831 -228 6706 -1114 -228 1272 -5501
832 -228 6708 -1112 -228 1276 -5502
833 -228 6708 -1113 -227 1276 -5500
834 -230 6710 -1113 -226 1276 -5498
835 -229 6710 -1109 -226 1275 -5499
836 -227 6708 -1111 -227 1276 -5498
837 -223 6711 -1114 -225 1273 -5502
838 -228 6713 -1111 -222 1277 -5498
839 -227 6709 -1109 -224 1276 -5496
840 -226 6714 -1111 -226 1277 -5498
841 -226 6711 -1111 -224 1278 -5497
842 -223 6709 -1110 -226 1274 -5500
843 -229 6707 -1111 -225 1272 -5499
844 -233 6706 -1114 -225 1274 -5498
845 -226 6709 -1112 -226 1278 -5499
846 -231 6711 -1111 -232 1274 -5498
847 -229 6705 -1113 -227 1275 -5502
848 -227 6708 -1118 -229 1274 -5500
849 -229 6709 -1115 -226 1276 -5501
850 -229 6709 -1114 -229 1275 -5501
851 -229 6709 -1111 -230 1274 -5499
852 -226 6710 -1113 -232 1279 -5501
853 -228 6708 -1112 -233 1273 -5502
854 -229 6706 -1114 -233 1278 -5498
855 -227 6711 -1113 -231 1274 -5502
856 -228 6710 -1112 -229 1275 -5500
857 -227 6710 -1115 -230 1276 -5501
858 -227 6707 -1115 -230 1276 -5500
859 -228 6708 -1114 -231 1276 -5503
860 -225 6709 -1110 -229 1275 -5502
861 -226 6710 -1110 -228 1278 -5498
862 -226 6711 -1112 -232 1276 -5500
863 -225 6710 -1110 -227 1275 -5499
864 -225 6711 -1114 -226 1279 -5498
865 -226 6713 -1110 -231 1279 -5497
866 -228 6710 -1111 -229 1280 -5497
867 -224 6713 -1111 -234 1279 -5500
868 -222 6711 -1111 -232 1277 -5497
869 -225 6708 -1110 -233 1280 -5500
870 -222 6711 -1112 -231 1279 -5498
871 -227 6712 -1111 -228 1279 -5501
872 -224 6712 -1110 -231 1279 -5499
873 -225 6708 -1114 -236 1276 -5501
874 -228 6708 -1115 -235 1279 -5500
875 -226 6712 -1114 -235 1278 -5498
876 -223 6712 -1113 -237 1278 -5503
877 -229 6710 -1114 -234 1278 -5500
878 -225 6710 -1114 -233 1278 -5501
879 -226 6713 -1112 -232 1278 -5501
880 -223 6713 -1108 -234 1280 -5499
881 -224 6714 -1112 -234 1278 -5500
882 -221 6712 -1112 -231 1279 -5501
883 -223 6711 -1109 -234 1278 -5500
884 -227 6710 -1114 -235 1277 -5501
885 -225 6711 -1113 -231 1277 -5497
886 -225 6711 -1112 -234 1282 -5499
887 -222 6713 -1108 -236 1280 -5502
888 -224 6711 -1113 -236 1280 -5501
889 -225 6713 -1112 -235 1280 -5500
890 -226 6712 -1110 -236 1277 -5500
891 -227 6711 -1112 -235 1279 -5502
892 -224 6711 -1111 -232 1281 -5500
893 -225 6715 -1109 -238 1281 -5503
894 -224 6712 -1111 -237 1281 -5501
895 -223 6714 -1113 -236 1281 -5501
896 -219 6717 -1112 -238 1281 -5501
897 -224 6715 -1110 -237 1280 -5502
898 -222 6715 -1112 -238 1279 -5498
899 -223 6716 -1112 -235 1281 -5498
900 -226 6713 -1111 -235 1282 -5497
901 -220 6714 -1111 -240 1281 -5497
902 -221 6714 -1109 -238 1282 -5497
903 -220 6713 -1110 -237 1281 -5499
904 -221 6715 -1112 -236 1284 -5499
905 -219 6713 -1110 -237 1282 -5499
906 -222 6714 -1110 -237 1282 -5500
907 -222 6717 -1110 -235 1280 -5499
908 -224 6715 -1111 -239 1283 -5497
909 -221 6715 -1113 -240 1283 -5497
910 -221 6718 -1111 -239 1284 -5495
911 -220 6715 -1108 -239 1282 -5497
912 -219 6715 -1108 -241 1285 -5496
913 -220 6715 -1108 -237 1288 -5497
914 -219 6718 -1108 -239 1283 -5500
915 -218 6714 -1110 -241 1280 -5498
916 -220 6716 -1111 -241 1280 -5497
917 -222 6714 -1112 -244 1282 -5498
918 -220 6716 -1110 -244 1286 -5495
919 -221 6717 -1109 -244 1286 -5496
920 -221 6716 -1108 -240 1283 -5497
921 -221 6716 -1106 -239 1283 -5496
922 -218 6715 -1110 -241 1286 -5493
923 -218 6718 -1108 -243 1289 -5492
924 -218 6715 -1110 -244 1283 -5491
925 -219 6715 -1108 -238 1285 -5493
926 -217 6715 -1112 -240 1285 -5495
927 -221 6713 -1109 -242 1284 -5493
928 -218 6717 -1106 -240 1286 -5494
929 -220 6714 -1109 -242 1285 -5492
930 -223 6712 -1108 -243 1287 -5492
931 -216 6718 -1108 -243 1285 -5493
932 -217 6715 -1109 -242 1285 -5494
933 -213 6715 -1109 -244 1284 -5494
934 -216 6717 -1108 -243 1286 -5493
935 -217 6715 -1112 -244 1287 -5493
936 -218 6713 -1110 -244 1286 -5492
937 -216 6713 -1107 -250 1286 -5492
938 -217 6718 -1110 -246 1289 -5491
939 -215 6717 -1108 -246 1288 -5491
940 -216 6715 -1111 -245 1288 -5491
941 -215 6719 -1110 -243 1288 -5489
942 -217 6717 -1111 -247 1287 -5492
943 -218 6715 -1110 -245 1289 -5490
944 -216 6717 -1108 -248 1286 -5487
945 -215 6718 -1106 -250 1288 -5489
946 -213 6717 -1109 -247 1288 -5489
947 -213 6716 -1110 -243 1292 -5488
948 -213 6719 -1107 -243 1291 -5489
949 -214 6717 -1107 -242 1288 -5489
950 -215 6719 -1108 -244 1287 -5491
951 -216 6717 -1107 -247 1289 -5490
952 -216 6717 -1106 -247 1295 -5487
953 -216 6718 -1103 -249 1294 -5489
954 -213 6722 -1106 -248 1288 -5486
955 -212 6719 -1106 -251 1291 -5486
956 -213 6720 -1109 -248 1289 -5489
957 -214 6717 -1107 -249 1287 -5490
958 -216 6717 -1108 -250 1288 -5492
959 -213 6715 -1111 -255 1288 -5490
960 -214 6720 -1108 -252 1291 -5488
961 -211 6719 -1108 -251 1293 -5490
962 -212 6719 -1109 -251 1290 -5488
963 -211 6720 -1107 -250 1287 -5489
964 -214 6721 -1104 -251 1291 -5494
965 -215 6722 -1107 -252 1291 -5490
966 -214 6718 -1109 -253 1290 -5486
967 -214 6720 -1101 -252 1289 -5488
968 -210 6722 -1103 -257 1287 -5491
969 -216 6719 -1111 -254 1291 -5490
970 -210 6718 -1106 -249 1295 -5485
971 -215 6719 -1107 -248 1293 -5486
972 -211 6721 -1104 -250 1290 -5488
973 -216 6718 -1107 -255 1293 -5489
974 -215 6720 -1108 -255 1293 -5487
975 -211 6721 -1107 -255 1290 -5487
976 -209 6722 -1104 -255 1292 -5488
977 -211 6719 -1107 -252 1293 -5487
978 -211 6722 -1104 -255 1294 -5490
979 -213 6723 -1105 -255 1295 -5485
980 -207 6724 -1102 -261 1295 -5485
981 -206 6719 -1106 -260 1296 -5488
982 -209 6723 -1107 -258 1297 -5490
983 -208 6724 -1107 -257 1297 -5488
984 -209 6723 -1105 -256 1293 -5487
985 -209 6721 -1104 -256 1296 -5486
986 -210 6726 -1104 -261 1296 -5485
987 -210 6720 -1109 -260 1294 -5488
988 -209 6724 -1106 -263 1299 -5484
989 -204 6724 -1100 -260 1292 -5484
990 -206 6723 -1103 -259 1295 -5485
991 -209 6724 -1107 -255 1296 -5484
992 -209 6723 -1104 -257 1296 -5486
993 -208 6727 -1107 -259 1294 -5485
994 -208 6720 -1105 -259 1298 -5490
995 -207 6723 -1107 -263 1300 -5487
996 -208 6725 -1104 -261 1297 -5486
997 -206 6728 -1101 -260 1292 -5483
998 -207 6721 -1106 -262 1293 -5491
999 -208 6720 -1109 -259 1298 -5488
