0 808 -1323 1177 101 -1043 -149
1 807 -1322 1173 100 -1043 -147
2 805 -1319 1174 101 -1039 -147
3 807 -1320 1173 105 -1040 -146
4 805 -1322 1178 100 -1039 -147
5 807 -1321 1176 104 -1041 -145
6 806 -1319 1180 99 -1037 -145
7 807 -1319 1175 104 -1039 -147
8 805 -1321 1178 103 -1041 -145
9 806 -1322 1177 104 -1043 -145
10 807 -1320 1175 105 -1039 -144
11 809 -1319 1176 101 -1041 -148
12 810 -1323 1177 101 -1039 -146
13 805 -1325 1174 100 -1040 -147
14 806 -1322 1176 102 -1039 -145
15 808 -1321 1175 102 -1042 -146
16 808 -1322 1176 107 -1039 -146
17 809 -1320 1171 103 -1040 -146
18 807 -1324 1172 102 -1038 -148
19 805 -1320 1174 105 -1040 -145
20 804 -1318 1176 102 -1037 -146
21 807 -1322 1174 104 -1040 -146
22 806 -1321 1178 103 -1043 -147
23 802 -1324 1174 101 -1039 -147
24 805 -1322 1176 102 -1041 -146
25 806 -1322 1174 100 -1041 -149
26 806 -1319 1172 102 -1039 -147
27 806 -1320 1177 103 -1038 -147
28 806 -1322 1176 100 -1038 -147
29 807 -1320 1177 102 -1041 -145
30 805 -1322 1174 103 -1040 -146
31 809 -1319 1175 106 -1042 -146
32 812 -1321 1175 106 -1043 -148
33 804 -1319 1173 106 -1038 -146
34 806 -1320 1172 101 -1037 -143
35 806 -1320 1175 107 -1040 -147
36 809 -1320 1176 103 -1039 -144
37 806 -1318 1175 102 -1038 -146
38 808 -1322 1177 105 -1039 -144
39 807 -1319 1174 101 -1039 -143
40 805 -1322 1177 104 -1033 -147
41 807 -1321 1175 100 -1039 -144
42 804 -1320 1174 102 -1039 -148
43 808 -1320 1174 103 -1039 -143
44 807 -1317 1176 106 -1039 -144
45 809 -1322 1176 100 -1039 -148
46 809 -1323 1177 102 -1044 -146
47 808 -1320 1174 107 -1045 -149
48 807 -1323 1174 101 -1038 -148
49 807 -1322 1170 101 -1038 -144
50 808 -1322 1174 104 -1040 -149
51 806 -1321 1175 105 -1043 -145
52 804 -1321 1177 102 -1041 -146
53 809 -1320 1176 105 -1041 -146
54 805 -1321 1175 104 -1037 -147
55 808 -1319 1176 102 -1041 -146
56 807 -1321 1173 104 -1037 -148
57 807 -1321 1176 104 -1040 -142
58 808 -1322 1175 100 -1039 -146
59 805 -1321 1175 100 -1043 -144
60 809 -1320 1176 103 -1039 -146
61 808 -1320 1175 100 -1040 -149
62 810 -1321 1174 104 -1038 -145
63 807 -1320 1176 99 -1039 -146
64 806 -1319 1175 103 -1036 -143
65 811 -1323 1176 103 -1044 -148
66 809 -1323 1175 102 -1040 -143
67 809 -1320 1175 104 -1040 -146
68 809 -1318 1174 103 -1043 -145
69 803 -1320 1176 103 -1038 -147
70 807 -1320 1173 103 -1039 -147
71 808 -1323 1173 102 -1040 -146
72 806 -1320 1176 102 -1037 -145
73 805 -1321 1177 104 -1039 -144
74 806 -1321 1175 103 -1037 -146
75 805 -1318 1173 105 -1041 -145
76 807 -1321 1177 100 -1040 -145
77 810 -1318 1176 103 -1039 -148
78 806 -1319 1175 104 -1038 -143
79 805 -1319 1177 102 -1037 -148
80 810 -1322 1176 103 -1040 -144
81 811 -1318 1176 103 -1041 -147
82 809 -1321 1173 103 -1041 -144
83 811 -1322 1175 102 -1041 -144
84 808 -1320 1175 101 -1039 -145
85 808 -1319 1176 102 -1040 -144
86 810 -1320 1172 102 -1039 -142
87 809 -1321 1175 101 -1035 -144
88 807 -1319 1174 100 -1038 -144
89 808 -1322 1173 102 -1040 -147
90 810 -1321 1173 103 -1039 -145
91 810 -1321 1172 102 -1038 -146
92 806 -1324 1176 103 -1040 -149
93 803 -1319 1175 104 -1039 -144
94 805 -1319 1177 103 -1042 -146
95 804 -1318 1172 103 -1038 -145
96 806 -1320 1175 102 -1044 -148
97 808 -1320 1171 102 -1042 -146
98 808 -1321 1176 103 -1041 -149
99 804 -1321 1174 103 -1040 -147
100 805 -1320 1174 102 -1036 -148
101 808 -1318 1175 102 -1039 -145
102 806 -1323 1175 104 -1039 -149
103 807 -1323 1175 100 -1041 -146
104 810 -1323 1175 101 -1043 -144
105 811 -1319 1175 100 -1040 -145
106 808 -1321 1173 101 -1045 -146
107 809 -1322 1172 102 -1037 -142
108 810 -1321 1175 101 -1042 -143
109 808 -1319 1175 103 -1044 -144
110 807 -1320 1176 104 -1040 -146
111 810 -1317 1175 104 -1042 -143
112 809 -1317 1174 101 -1039 -146
113 806 -1320 1176 99 -1037 -144
114 808 -1316 1176 102 -1040 -146
115 805 -1321 1175 104 -1036 -145
116 808 -1322 1176 104 -1038 -143
117 805 -1321 1177 103 -1039 -145
118 809 -1319 1176 101 -1040 -145
119 808 -1317 1179 104 -1038 -146
120 805 -1321 1178 103 -1041 -144
121 808 -1320 1177 101 -1036 -145
122 805 -1320 1177 102 -1038 -147
123 810 -1318 1178 101 -1039 -146
124 807 -1320 1175 104 -1038 -145
125 809 -1320 1173 104 -1039 -147
126 809 -1320 1177 105 -1040 -146
127 809 -1319 1176 105 -1038 -145
128 811 -1321 1171 103 -1037 -144
129 808 -1321 1175 103 -1039 -148
130 805 -1319 1176 103 -1039 -147
131 809 -1318 1176 101 -1040 -146
132 807 -1322 1173 101 -1044 -145
133 804 -1319 1176 104 -1040 -146
134 807 -1319 1173 101 -1040 -148
135 804 -1321 1177 104 -1040 -145
136 809 -1320 1175 100 -1040 -143
137 807 -1320 1175 103 -1038 -145
138 806 -1320 1173 102 -1043 -146
139 806 -1320 1173 103 -1042 -146
140 803 -1322 1174 102 -1044 -145
141 807 -1323 1174 104 -1041 -144
142 806 -1322 1175 104 -1040 -148
143 805 -1320 1176 102 -1040 -148
144 807 -1323 1175 103 -1040 -146
145 806 -1322 1174 101 -1039 -144
146 807 -1321 1175 101 -1040 -148
147 806 -1321 1173 103 -1041 -147
148 805 -1319 1176 100 -1038 -148
149 809 -1320 1176 103 -1041 -144
150 807 -1320 1177 100 -1042 -147
151 808 -1320 1178 103 -1042 -145
152 806 -1320 1176 103 -1040 -147
153 809 -1321 1174 102 -1041 -147
154 807 -1321 1176 101 -1041 -143
155 809 -1320 1175 103 -1042 -146
156 807 -1317 1174 102 -1043 -149
157 808 -1321 1175 101 -1037 -147
158 804 -1322 1175 100 -1040 -144
159 806 -1320 1175 99 -1037 -145
160 807 -1321 1175 101 -1042 -146
161 807 -1318 1175 101 -1038 -148
162 809 -1322 1174 102 -1042 -148
163 810 -1323 1173 100 -1040 -146
164 804 -1323 1174 101 -1039 -145
165 805 -1321 1173 102 -1039 -144
166 805 -1319 1176 100 -1040 -143
167 808 -1321 1173 104 -1040 -143
168 808 -1322 1174 102 -1041 -144
169 806 -1324 1172 101 -1039 -145
170 806 -1320 1174 103 -1038 -146
171 808 -1323 1174 102 -1044 -146
172 810 -1318 1170 104 -1039 -147
173 810 -1320 1175 103 -1040 -144
174 811 -1324 1175 99 -1039 -146
175 806 -1318 1176 98 -1040 -146
176 807 -1320 1174 102 -1041 -144
177 809 -1321 1174 102 -1039 -144
178 810 -1321 1176 101 -1042 -145
179 807 -1322 1172 103 -1038 -144
180 808 -1321 1178 102 -1038 -149
181 808 -1320 1175 100 -1040 -146
182 807 -1319 1173 104 -1038 -144
183 806 -1322 1174 98 -1040 -146
184 806 -1321 1174 100 -1038 -148
185 807 -1322 1174 101 -1040 -146
186 808 -1321 1173 102 -1041 -148
187 809 -1320 1173 104 -1037 -145
188 806 -1323 1174 101 -1037 -146
189 806 -1316 1176 103 -1040 -145
190 806 -1322 1176 103 -1040 -144
191 808 -1320 1176 101 -1040 -140
192 809 -1318 1177 104 -1038 -144
193 811 -1319 1177 102 -1037 -145
194 807 -1322 1172 101 -1038 -144
195 811 -1320 1173 102 -1040 -145
196 811 -1319 1175 104 -1039 -145
197 809 -1323 1175 104 -1039 -143
198 809 -1320 1175 103 -1042 -147
199 808 -1320 1175 105 -1040 -145
200 806 -1321 1174 100 -1041 -147
201 804 -1320 1177 103 -1037 -145
202 805 -1319 1174 103 -1038 -147
203 806 -1321 1176 103 -1039 -148
204 807 -1320 1175 102 -1041 -147
205 805 -1319 1179 104 -1039 -147
206 807 -1319 1174 103 -1040 -147
207 801 -1322 1177 103 -1039 -146
208 805 -1320 1175 104 -1039 -144
209 806 -1321 1172 102 -1040 -145
210 809 -1321 1175 101 -1037 -145
211 811 -1323 1174 100 -1040 -146
212 809 -1319 1174 101 -1042 -147
213 807 -1321 1172 103 -1042 -146
214 806 -1323 1174 101 -1043 -147
215 808 -1321 1176 102 -1041 -149
216 806 -1321 1175 103 -1041 -148
217 808 -1320 1173 105 -1041 -149
218 806 -1323 1174 104 -1043 -147
219 802 -1320 1175 106 -1041 -143
220 803 -1319 1176 104 -1039 -147
221 808 -1320 1174 105 -1040 -147
222 801 -1318 1176 104 -1037 -148
223 807 -1319 1176 101 -1037 -144
224 806 -1320 1176 103 -1038 -146
225 805 -1320 1176 102 -1043 -145
226 805 -1320 1176 101 -1040 -147
227 807 -1322 1174 103 -1039 -148
228 806 -1321 1178 102 -1039 -145
229 808 -1320 1174 102 -1041 -145
230 808 -1320 1173 99 -1038 -148
231 806 -1323 1174 101 -1037 -146
232 807 -1323 1173 101 -1041 -144
233 807 -1321 1177 105 -1040 -147
234 808 -1324 1174 104 -1041 -144
235 809 -1320 1173 107 -1040 -147
236 808 -1318 1176 104 -1040 -143
237 805 -1321 1172 107 -1038 -143
238 805 -1320 1176 105 -1037 -145
239 806 -1323 1178 106 -1039 -145
240 806 -1319 1177 102 -1041 -144
241 807 -1316 1176 104 -1039 -143
242 807 -1317 1176 105 -1036 -142
243 807 -1321 1176 101 -1036 -145
244 804 -1317 1175 102 -1036 -143
245 808 -1320 1176 103 -1038 -146
246 810 -1319 1176 102 -1040 -144
247 812 -1319 1176 103 -1042 -145
248 811 -1323 1179 101 -1040 -144
249 814 -1321 1175 101 -1040 -145
250 807 -1321 1174 101 -1042 -146
251 809 -1320 1177 105 -1039 -145
252 810 -1322 1177 103 -1039 -144
253 811 -1320 1175 103 -1038 -144
254 808 -1319 1173 104 -1044 -144
255 808 -1321 1176 101 -1042 -145
256 807 -1322 1177 107 -1041 -145
257 806 -1318 1175 106 -1042 -145
258 807 -1322 1175 108 -1040 -143
259 807 -1319 1176 103 -1038 -143
260 805 -1319 1176 104 -1038 -148
261 807 -1318 1174 104 -1041 -145
262 807 -1319 1176 100 -1042 -143
263 810 -1320 1176 99 -1037 -144
264 809 -1317 1174 100 -1036 -145
265 812 -1321 1177 100 -1040 -146
266 811 -1321 1172 98 -1039 -142
267 810 -1319 1175 101 -1039 -146
268 809 -1321 1175 102 -1041 -144
269 812 -1318 1174 102 -1038 -146
270 808 -1320 1174 101 -1040 -144
271 809 -1317 1177 106 -1038 -145
272 809 -1323 1176 103 -1037 -143
273 809 -1320 1178 106 -1040 -144
274 806 -1319 1179 105 -1035 -143
275 804 -1318 1176 103 -1038 -142
276 803 -1322 1174 104 -1039 -145
277 806 -1320 1178 106 -1040 -146
278 809 -1318 1178 105 -1043 -147
279 811 -1321 1176 104 -1038 -141
280 805 -1318 1177 106 -1035 -145
281 808 -1322 1177 101 -1038 -143
282 807 -1321 1176 100 -1042 -143
283 810 -1320 1176 102 -1039 -147
284 810 -1320 1173 100 -1042 -144
285 810 -1320 1177 100 -1038 -143
286 806 -1320 1172 101 -1039 -145
287 809 -1321 1179 104 -1039 -143
288 810 -1322 1175 104 -1038 -144
289 806 -1319 1177 106 -1038 -146
290 804 -1319 1176 104 -1040 -144
291 804 -1316 1180 106 -1036 -143
292 807 -1317 1179 105 -1038 -145
293 806 -1319 1176 105 -1038 -143
294 803 -1321 1178 106 -1035 -146
295 805 -1319 1175 103 -1037 -143
296 804 -1319 1178 102 -1037 -146
297 808 -1318 1175 102 -1039 -147
298 810 -1319 1177 106 -1037 -144
299 810 -1318 1178 103 -1041 -142
300 811 -1316 1176 101 -1039 -142
301 812 -1320 1178 101 -1039 -142
302 812 -1318 1174 100 -1038 -144
303 813 -1319 1175 99 -1040 -143
304 812 -1321 1174 101 -1039 -143
305 812 -1322 1178 103 -1039 -145
306 812 -1317 1174 105 -1039 -145
307 808 -1320 1177 106 -1039 -147
308 805 -1321 1178 107 -1039 -148
309 804 -1318 1178 107 -1038 -145
310 806 -1319 1176 103 -1034 -146
311 802 -1320 1176 105 -1040 -148
312 800 -1323 1178 106 -1037 -149
313 801 -1320 1176 108 -1041 -147
314 803 -1319 1177 104 -1038 -148
315 804 -1321 1173 103 -1039 -147
316 801 -1321 1175 102 -1038 -146
317 806 -1322 1175 105 -1039 -148
318 808 -1321 1177 100 -1039 -146
319 812 -1319 1176 101 -1040 -145
320 814 -1318 1174 98 -1041 -147
321 814 -1322 1176 98 -1042 -145
322 811 -1320 1173 96 -1041 -147
323 812 -1321 1175 100 -1041 -147
324 813 -1324 1175 97 -1041 -145
325 809 -1321 1175 100 -1041 -146
326 807 -1319 1175 103 -1040 -146
327 804 -1323 1174 105 -1042 -147
328 804 -1319 1176 109 -1041 -147
329 797 -1319 1175 108 -1037 -149
330 799 -1320 1176 105 -1037 -147
331 794 -1321 1177 107 -1035 -148
332 798 -1321 1176 106 -1039 -146
333 798 -1321 1175 107 -1042 -145
334 802 -1321 1174 107 -1041 -146
335 805 -1321 1178 100 -1039 -147
336 808 -1322 1176 102 -1041 -144
337 806 -1322 1174 102 -1038 -146
338 809 -1321 1176 98 -1037 -146
339 816 -1320 1175 95 -1038 -146
340 812 -1320 1173 97 -1042 -143
341 815 -1319 1174 97 -1043 -143
342 814 -1318 1175 104 -1039 -146
343 812 -1324 1175 97 -1045 -148
344 812 -1321 1173 102 -1041 -148
345 810 -1320 1178 104 -1037 -144
346 809 -1322 1178 103 -1040 -146
347 808 -1319 1174 104 -1042 -148
348 803 -1319 1176 108 -1039 -146
349 800 -1320 1176 106 -1039 -147
350 800 -1318 1174 107 -1039 -145
351 799 -1319 1180 104 -1039 -144
352 798 -1321 1176 104 -1037 -146
353 800 -1321 1180 102 -1036 -145
354 799 -1324 1174 101 -1036 -146
355 805 -1320 1176 98 -1040 -143
356 806 -1321 1176 98 -1041 -145
357 813 -1320 1172 97 -1044 -142
358 813 -1318 1171 98 -1041 -146
359 816 -1317 1172 98 -1038 -143
360 814 -1320 1172 96 -1042 -146
361 814 -1324 1173 101 -1040 -144
362 813 -1320 1172 104 -1040 -147
363 811 -1320 1177 103 -1040 -146
364 809 -1322 1175 106 -1041 -146
365 807 -1318 1176 106 -1038 -144
366 808 -1323 1177 105 -1037 -148
367 803 -1319 1175 111 -1037 -146
368 802 -1321 1175 103 -1038 -147
369 801 -1324 1179 102 -1040 -146
370 801 -1319 1176 103 -1039 -149
371 803 -1321 1179 98 -1037 -146
372 801 -1321 1175 101 -1038 -148
373 806 -1321 1176 102 -1037 -146
374 805 -1318 1178 97 -1039 -146
375 808 -1325 1173 96 -1041 -148
376 809 -1322 1173 96 -1040 -145
377 809 -1320 1172 96 -1041 -148
378 813 -1319 1175 99 -1041 -143
379 809 -1320 1175 102 -1042 -148
380 811 -1320 1173 102 -1040 -147
381 806 -1321 1175 105 -1040 -144
382 810 -1321 1175 105 -1039 -145
383 806 -1319 1174 108 -1044 -146
384 804 -1319 1174 104 -1044 -146
385 803 -1319 1176 104 -1042 -146
386 805 -1322 1174 104 -1040 -146
387 801 -1321 1173 102 -1039 -149
388 801 -1323 1175 100 -1036 -147
389 800 -1319 1174 101 -1041 -148
390 804 -1321 1173 99 -1039 -146
391 804 -1323 1173 100 -1042 -147
392 807 -1323 1175 99 -1043 -147
393 809 -1321 1174 98 -1039 -145
394 811 -1322 1172 97 -1038 -145
395 807 -1323 1174 99 -1039 -147
396 808 -1320 1172 96 -1038 -148
397 807 -1321 1176 100 -1043 -148
398 808 -1324 1174 105 -1041 -144
399 804 -1322 1177 105 -1043 -148
400 804 -1322 1175 106 -1045 -147
401 802 -1319 1175 108 -1043 -149
402 799 -1324 1175 109 -1041 -147
403 800 -1320 1177 106 -1039 -148
404 798 -1324 1174 101 -1038 -148
405 799 -1321 1172 104 -1040 -149
406 802 -1320 1174 103 -1044 -148
407 806 -1322 1177 101 -1044 -149
408 809 -1322 1174 100 -1042 -144
409 810 -1320 1171 99 -1043 -146
410 808 -1321 1172 96 -1040 -146
411 810 -1319 1171 97 -1038 -146
412 810 -1325 1171 95 -1039 -146
413 811 -1322 1176 98 -1043 -145
414 805 -1321 1170 97 -1043 -151
415 809 -1320 1172 103 -1040 -149
416 806 -1323 1173 101 -1040 -147
417 803 -1322 1174 101 -1039 -147
418 803 -1321 1175 105 -1037 -145
419 800 -1324 1175 105 -1039 -147
420 799 -1318 1172 109 -1041 -146
421 799 -1322 1173 111 -1043 -147
422 798 -1322 1177 113 -1046 -147
423 802 -1322 1179 106 -1042 -148
424 803 -1323 1174 104 -1038 -146
425 803 -1320 1174 102 -1036 -147
426 807 -1318 1175 99 -1041 -149
427 808 -1322 1173 95 -1040 -146
428 812 -1321 1173 94 -1042 -147
429 814 -1321 1169 95 -1041 -146
430 817 -1323 1175 96 -1049 -145
431 817 -1320 1173 95 -1042 -148
432 816 -1321 1172 96 -1039 -144
433 813 -1325 1172 97 -1038 -145
434 811 -1322 1173 98 -1041 -146
435 810 -1320 1174 102 -1044 -149
436 807 -1321 1173 105 -1046 -144
437 804 -1319 1174 105 -1044 -144
438 799 -1324 1173 107 -1040 -149
439 799 -1320 1173 107 -1040 -150
440 797 -1322 1175 108 -1031 -144
441 793 -1320 1175 108 -1036 -146
442 798 -1319 1175 106 -1040 -146
443 797 -1320 1177 107 -1042 -147
444 803 -1324 1176 103 -1045 -146
445 805 -1320 1171 99 -1042 -144
446 810 -1320 1173 98 -1043 -147
447 811 -1320 1176 95 -1039 -146
448 811 -1323 1173 92 -1037 -144
449 816 -1322 1175 92 -1042 -144
450 817 -1324 1173 99 -1042 -144
451 820 -1319 1172 99 -1043 -147
452 820 -1323 1172 97 -1042 -145
453 814 -1322 1173 97 -1043 -147
454 813 -1319 1173 99 -1040 -144
455 807 -1319 1173 100 -1036 -147
456 805 -1324 1173 104 -1038 -142
457 802 -1320 1177 106 -1042 -144
458 800 -1319 1178 107 -1043 -147
459 798 -1322 1177 109 -1039 -147
460 796 -1321 1175 104 -1037 -148
461 793 -1323 1175 104 -1036 -147
462 795 -1323 1173 103 -1038 -147
463 799 -1323 1178 104 -1039 -148
464 804 -1317 1175 100 -1040 -145
465 807 -1322 1172 98 -1041 -147
466 812 -1322 1175 100 -1043 -145
467 812 -1320 1176 101 -1043 -145
468 816 -1320 1172 98 -1041 -145
469 818 -1318 1174 96 -1044 -145
470 816 -1322 1171 99 -1038 -145
471 813 -1321 1174 100 -1043 -144
472 815 -1320 1175 101 -1044 -144
473 812 -1321 1174 105 -1042 -145
474 811 -1318 1176 105 -1039 -147
475 805 -1319 1175 105 -1037 -147
476 801 -1321 1176 106 -1035 -146
477 799 -1319 1179 103 -1033 -146
478 798 -1324 1175 103 -1036 -145
479 800 -1321 1174 106 -1039 -148
480 800 -1321 1173 106 -1042 -147
481 801 -1322 1176 106 -1040 -146
482 804 -1323 1177 100 -1039 -145
483 803 -1319 1173 100 -1035 -147
484 804 -1323 1173 100 -1033 -145
485 805 -1322 1172 100 -1043 -146
486 812 -1321 1172 103 -1044 -145
487 812 -1323 1174 102 -1045 -148
488 816 -1320 1176 99 -1047 -141
489 813 -1322 1173 101 -1041 -147
490 809 -1322 1175 101 -1038 -148
491 811 -1320 1176 102 -1037 -145
492 807 -1324 1175 103 -1040 -144
493 803 -1318 1176 103 -1040 -147
494 804 -1320 1176 104 -1038 -142
495 806 -1319 1179 105 -1040 -148
496 803 -1321 1177 104 -1038 -147
497 803 -1321 1176 104 -1036 -146
498 800 -1321 1173 102 -1034 -148
499 802 -1322 1178 101 -1039 -146
500 808 -1322 1180 104 -1045 -145
501 811 -1319 1174 106 -1045 -146
502 812 -1322 1175 104 -1044 -146
503 810 -1321 1174 105 -1042 -144
504 810 -1316 1175 102 -1037 -147
505 805 -1322 1174 99 -1037 -145
506 810 -1321 1176 103 -1035 -147
507 806 -1319 1177 102 -1040 -145
508 809 -1322 1176 102 -1040 -147
509 807 -1321 1176 106 -1042 -145
510 807 -1321 1175 106 -1041 -148
511 807 -1319 1176 104 -1037 -146
512 806 -1318 1176 103 -1038 -143
513 807 -1322 1177 101 -1036 -144
514 806 -1318 1172 102 -1040 -149
515 808 -1320 1177 104 -1041 -148
516 807 -1319 1173 105 -1042 -144
517 810 -1318 1177 101 -1045 -147
518 810 -1320 1177 101 -1041 -145
519 807 -1321 1173 103 -1039 -145
520 803 -1322 1173 101 -1038 -145
521 809 -1323 1176 105 -1037 -147
522 803 -1321 1175 102 -1039 -146
523 807 -1321 1177 104 -1035 -147
524 806 -1322 1172 104 -1041 -145
525 808 -1319 1175 101 -1038 -144
526 807 -1318 1172 101 -1039 -146
527 806 -1321 1173 103 -1037 -144
528 804 -1320 1176 99 -1039 -147
529 809 -1321 1175 101 -1039 -145
530 806 -1321 1174 104 -1042 -146
531 810 -1317 1176 104 -1040 -144
532 807 -1321 1177 101 -1040 -150
533 806 -1323 1176 102 -1042 -146
534 808 -1321 1174 101 -1041 -148
535 807 -1321 1175 102 -1038 -146
536 805 -1322 1174 105 -1036 -144
537 808 -1321 1174 102 -1042 -146
538 809 -1322 1175 103 -1044 -145
539 812 -1323 1175 102 -1041 -149
540 808 -1322 1174 104 -1043 -146
541 807 -1324 1175 102 -1040 -144
542 808 -1321 1171 103 -1037 -146
543 806 -1320 1175 102 -1039 -147
544 805 -1322 1176 105 -1039 -145
545 806 -1322 1175 104 -1041 -149
546 807 -1318 1178 106 -1040 -142
547 808 -1320 1175 105 -1039 -145
548 805 -1321 1173 105 -1037 -148
549 807 -1324 1176 103 -1040 -143
550 804 -1321 1177 100 -1040 -144
551 806 -1320 1177 103 -1042 -142
552 807 -1322 1175 102 -1040 -146
553 807 -1320 1174 101 -1040 -148
554 810 -1322 1173 103 -1041 -146
555 809 -1323 1176 101 -1039 -146
556 809 -1320 1177 100 -1041 -147
557 807 -1320 1173 105 -1039 -143
558 805 -1322 1176 106 -1039 -145
559 807 -1319 1173 102 -1040 -148
560 807 -1320 1172 103 -1043 -147
561 809 -1318 1173 104 -1040 -144
562 810 -1321 1177 101 -1038 -147
563 809 -1321 1178 103 -1041 -145
564 802 -1320 1174 99 -1038 -147
565 804 -1324 1172 99 -1038 -146
566 806 -1323 1176 103 -1041 -147
567 805 -1321 1175 102 -1043 -145
568 807 -1323 1177 102 -1046 -148
569 806 -1325 1174 105 -1043 -146
570 805 -1320 1172 101 -1039 -148
571 802 -1322 1175 101 -1037 -143
572 806 -1321 1174 99 -1039 -146
573 809 -1320 1177 99 -1038 -146
574 808 -1323 1175 103 -1042 -147
575 811 -1319 1175 104 -1044 -146
576 810 -1321 1173 102 -1042 -145
577 807 -1322 1174 105 -1039 -147
578 807 -1320 1176 101 -1038 -147
579 806 -1323 1176 101 -1038 -145
580 807 -1320 1174 102 -1040 -147
581 806 -1318 1174 99 -1039 -143
582 808 -1322 1174 105 -1040 -146
583 807 -1323 1176 104 -1038 -145
584 806 -1321 1175 103 -1041 -145
585 807 -1323 1176 101 -1038 -146
586 802 -1322 1173 102 -1041 -147
587 804 -1322 1175 100 -1039 -149
588 804 -1318 1176 104 -1041 -145
589 805 -1322 1175 102 -1039 -146
590 809 -1322 1173 103 -1042 -147
591 808 -1322 1175 103 -1041 -146
592 803 -1320 1174 99 -1042 -147
593 806 -1325 1173 99 -1039 -146
594 806 -1326 1174 99 -1040 -144
595 808 -1322 1173 103 -1041 -149
596 808 -1322 1174 102 -1042 -147
597 806 -1321 1174 104 -1039 -143
598 810 -1320 1174 103 -1045 -148
599 807 -1323 1171 100 -1040 -146
600 804 -1323 1174 101 -1040 -147
601 807 -1322 1176 100 -1040 -146
602 806 -1322 1176 101 -1041 -148
603 805 -1322 1173 103 -1042 -148
604 808 -1322 1172 101 -1041 -146
605 806 -1322 1173 104 -1042 -146
606 807 -1320 1175 102 -1040 -145
607 805 -1323 1176 101 -1042 -147
608 800 -1321 1175 99 -1042 -147
609 803 -1321 1173 102 -1038 -146
610 805 -1320 1173 104 -1040 -146
611 810 -1319 1174 101 -1045 -145
612 807 -1323 1173 100 -1043 -145
613 807 -1320 1173 104 -1038 -146
614 804 -1319 1174 100 -1036 -144
615 805 -1322 1174 102 -1038 -147
616 808 -1320 1176 102 -1040 -145
617 809 -1322 1175 105 -1040 -145
618 810 -1319 1175 102 -1040 -143
619 809 -1322 1176 102 -1042 -146
620 810 -1321 1173 103 -1040 -145
621 807 -1321 1173 99 -1040 -145
622 806 -1321 1175 100 -1037 -147
623 807 -1320 1173 101 -1039 -145
624 808 -1321 1176 102 -1037 -146
625 803 -1322 1175 102 -1041 -149
626 804 -1323 1174 104 -1041 -145
627 805 -1321 1175 103 -1040 -147
628 808 -1320 1175 100 -1037 -147
629 807 -1321 1174 101 -1037 -147
630 805 -1321 1176 101 -1041 -148
631 808 -1319 1177 100 -1041 -147
632 806 -1319 1173 100 -1042 -147
633 808 -1324 1172 99 -1044 -149
634 805 -1320 1173 104 -1041 -148
635 804 -1324 1172 102 -1042 -148
636 803 -1322 1177 98 -1039 -143
637 806 -1321 1173 103 -1039 -145
638 805 -1322 1175 101 -1039 -144
639 809 -1316 1172 101 -1039 -147
640 807 -1324 1173 104 -1042 -146
641 808 -1321 1174 99 -1043 -143
642 806 -1321 1174 100 -1041 -143
643 805 -1322 1174 102 -1041 -146
644 807 -1321 1175 101 -1040 -148
645 806 -1323 1179 99 -1038 -148
646 808 -1321 1176 104 -1040 -145
647 807 -1321 1176 106 -1040 -145
648 810 -1318 1177 103 -1040 -146
649 807 -1324 1173 103 -1040 -149
650 807 -1320 1173 103 -1040 -146
651 807 -1320 1174 102 -1036 -146
652 803 -1323 1175 105 -1041 -143
653 808 -1322 1176 104 -1042 -146
654 807 -1318 1178 106 -1041 -146
655 803 -1319 1176 101 -1041 -148
656 810 -1321 1171 104 -1044 -147
657 806 -1323 1177 100 -1040 -147
658 809 -1321 1176 101 -1041 -146
659 807 -1320 1175 102 -1038 -146
660 808 -1320 1175 102 -1042 -148
661 810 -1322 1174 103 -1040 -145
662 808 -1320 1175 101 -1040 -147
663 810 -1322 1176 103 -1041 -146
664 806 -1320 1174 98 -1041 -145
665 808 -1321 1175 102 -1040 -148
666 807 -1322 1172 101 -1040 -144
667 806 -1320 1175 101 -1039 -147
668 804 -1320 1177 104 -1039 -146
669 807 -1319 1176 102 -1041 -146
670 806 -1321 1173 102 -1040 -145
671 804 -1323 1174 102 -1040 -148
672 805 -1322 1176 100 -1040 -146
673 804 -1321 1175 100 -1037 -147
674 807 -1320 1176 105 -1041 -145
675 803 -1322 1176 103 -1042 -147
676 804 -1321 1174 105 -1040 -148
677 805 -1320 1177 103 -1038 -146
678 806 -1321 1172 104 -1040 -143
679 807 -1322 1177 100 -1038 -150
680 808 -1319 1175 101 -1039 -148
681 809 -1320 1175 101 -1041 -146
682 808 -1321 1173 99 -1041 -145
683 806 -1320 1175 104 -1040 -146
684 807 -1321 1176 102 -1043 -148
685 806 -1323 1174 102 -1038 -145
686 807 -1322 1172 101 -1041 -145
687 804 -1322 1174 101 -1039 -149
688 804 -1320 1174 99 -1043 -146
689 807 -1320 1174 103 -1040 -146
690 809 -1323 1172 100 -1040 -152
691 806 -1321 1176 101 -1043 -145
692 806 -1323 1175 105 -1041 -147
693 804 -1321 1176 98 -1036 -146
694 805 -1323 1171 105 -1039 -147
695 807 -1323 1175 103 -1036 -145
696 806 -1320 1174 101 -1037 -144
697 808 -1320 1176 102 -1040 -147
698 803 -1320 1174 100 -1041 -148
699 809 -1319 1174 102 -1042 -144
700 808 -1322 1176 103 -1042 -144
701 807 -1321 1174 100 -1038 -146
702 804 -1321 1176 100 -1039 -147
703 808 -1318 1173 102 -1038 -146
704 803 -1323 1173 102 -1040 -146
705 807 -1318 1176 104 -1041 -145
706 807 -1321 1173 103 -1040 -145
707 810 -1321 1171 103 -1043 -147
708 806 -1322 1176 103 -1039 -147
709 805 -1321 1172 102 -1040 -147
710 806 -1320 1176 100 -1040 -148
711 809 -1320 1176 103 -1040 -146
712 809 -1323 1173 102 -1043 -146
713 807 -1324 1173 102 -1042 -145
714 805 -1322 1176 106 -1038 -143
715 807 -1321 1176 101 -1040 -146
716 805 -1323 1173 99 -1039 -149
717 808 -1321 1177 100 -1038 -147
718 807 -1320 1176 103 -1037 -148
719 807 -1320 1175 102 -1042 -148
720 807 -1323 1174 103 -1044 -149
721 807 -1320 1176 99 -1044 -146
722 806 -1324 1172 100 -1041 -149
723 805 -1324 1172 104 -1040 -149
724 804 -1321 1176 98 -1045 -149
725 804 -1324 1172 98 -1042 -146
726 807 -1323 1171 101 -1044 -150
727 805 -1325 1171 101 -1043 -148
728 805 -1326 1172 100 -1044 -149
729 804 -1325 1173 99 -1042 -151
730 803 -1323 1171 98 -1044 -150
731 806 -1323 1173 98 -1041 -147
732 807 -1324 1171 99 -1040 -148
733 804 -1324 1174 99 -1042 -152
734 805 -1325 1173 102 -1043 -149
735 805 -1322 1172 99 -1042 -149
736 803 -1322 1174 97 -1043 -148
737 802 -1320 1170 103 -1046 -147
738 802 -1322 1172 100 -1045 -148
739 802 -1325 1173 98 -1046 -149
740 805 -1324 1174 96 -1041 -150
741 802 -1324 1171 98 -1042 -148
742 804 -1323 1169 102 -1044 -148
743 806 -1324 1175 101 -1040 -149
744 808 -1321 1172 99 -1040 -150
745 806 -1323 1172 99 -1039 -150
746 806 -1324 1174 101 -1038 -146
747 803 -1324 1174 100 -1043 -148
748 804 -1323 1173 103 -1044 -148
749 807 -1318 1171 101 -1044 -147
750 804 -1322 1171 96 -1042 -145
751 807 -1320 1173 101 -1040 -146
752 805 -1325 1173 100 -1042 -146
753 805 -1325 1172 97 -1041 -145
754 802 -1321 1176 102 -1042 -148
755 809 -1323 1176 102 -1039 -145
756 805 -1325 1176 100 -1045 -148
757 802 -1323 1172 101 -1038 -149
758 803 -1323 1169 100 -1047 -148
759 806 -1324 1175 99 -1040 -146
760 806 -1322 1173 102 -1040 -147
761 803 -1324 1176 101 -1040 -145
762 805 -1322 1175 100 -1038 -148
763 804 -1324 1173 99 -1039 -147
764 807 -1323 1173 100 -1040 -146
765 810 -1322 1172 99 -1041 -145
766 809 -1320 1177 103 -1039 -148
767 806 -1321 1174 104 -1041 -147
768 807 -1322 1174 102 -1038 -149
769 804 -1321 1173 100 -1040 -146
770 807 -1321 1173 102 -1041 -150
771 807 -1323 1175 102 -1042 -143
772 807 -1323 1174 98 -1041 -147
773 805 -1323 1171 101 -1042 -148
774 807 -1321 1174 98 -1044 -146
775 805 -1324 1173 103 -1044 -145
776 806 -1320 1173 99 -1044 -147
777 805 -1322 1172 101 -1045 -150
778 806 -1321 1172 101 -1043 -147
779 803 -1321 1174 97 -1040 -148
780 804 -1318 1173 102 -1040 -147
781 806 -1324 1174 100 -1040 -148
782 809 -1320 1173 100 -1040 -144
783 807 -1324 1171 101 -1038 -147
784 805 -1320 1175 100 -1042 -149
785 806 -1322 1173 100 -1042 -151
786 805 -1321 1177 99 -1043 -147
787 809 -1321 1177 101 -1044 -148
788 805 -1320 1173 103 -1040 -148
789 806 -1320 1177 103 -1040 -145
790 805 -1320 1173 103 -1041 -146
791 805 -1321 1177 100 -1042 -147
792 808 -1323 1170 101 -1041 -147
793 807 -1323 1176 101 -1042 -147
794 804 -1321 1174 100 -1043 -148
795 805 -1322 1175 99 -1040 -149
796 805 -1322 1176 98 -1042 -146
797 807 -1324 1172 102 -1040 -147
798 805 -1322 1172 101 -1041 -151
799 805 -1324 1175 101 -1039 -149
800 806 -1321 1173 98 -1042 -146
801 802 -1321 1173 101 -1041 -148
802 803 -1324 1175 103 -1041 -149
803 801 -1323 1172 104 -1041 -149
804 806 -1323 1172 104 -1039 -148
805 808 -1322 1176 100 -1040 -146
806 803 -1323 1175 101 -1043 -148
807 803 -1321 1172 99 -1043 -146
808 807 -1325 1173 101 -1042 -149
809 802 -1321 1172 103 -1042 -150
810 807 -1321 1174 101 -1041 -149
811 803 -1323 1172 101 -1042 -147
812 804 -1322 1172 102 -1043 -151
813 808 -1321 1173 99 -1044 -148
814 808 -1322 1175 101 -1042 -147
815 805 -1320 1172 99 -1045 -146
816 804 -1324 1173 97 -1042 -151
817 806 -1324 1174 102 -1043 -147
818 806 -1323 1171 98 -1045 -149
819 804 -1325 1172 99 -1042 -149
820 805 -1321 1175 99 -1043 -146
821 810 -1323 1172 102 -1041 -145
822 803 -1324 1171 102 -1040 -148
823 802 -1323 1176 103 -1040 -149
824 801 -1324 1172 99 -1041 -147
825 805 -1321 1174 100 -1042 -149
826 803 -1323 1173 101 -1041 -147
827 805 -1320 1173 101 -1041 -149
828 803 -1319 1176 100 -1042 -145
829 805 -1323 1169 100 -1042 -148
830 804 -1322 1175 102 -1038 -146
831 805 -1323 1176 101 -1041 -146
832 804 -1320 1176 99 -1044 -148
833 806 -1325 1171 102 -1040 -151
834 806 -1323 1173 102 -1044 -147
835 805 -1322 1175 101 -1043 -142
836 805 -1322 1171 100 -1042 -144
837 805 -1321 1175 99 -1042 -148
838 802 -1324 1173 100 -1040 -148
839 807 -1322 1173 99 -1040 -147
840 809 -1321 1171 101 -1041 -151
841 807 -1321 1176 101 -1042 -147
842 803 -1321 1177 101 -1042 -144
843 805 -1322 1175 103 -1042 -147
844 804 -1322 1174 101 -1040 -146
845 805 -1326 1173 104 -1040 -147
846 805 -1324 1173 101 -1041 -148
847 802 -1321 1172 103 -1040 -145
848 803 -1323 1173 101 -1040 -148
849 804 -1323 1172 101 -1039 -148
850 805 -1319 1174 99 -1040 -146
851 809 -1320 1172 101 -1041 -145
852 806 -1319 1175 103 -1040 -146
853 808 -1323 1175 101 -1043 -146
854 808 -1322 1175 102 -1042 -146
855 805 -1321 1173 103 -1041 -146
856 809 -1322 1176 100 -1041 -145
857 808 -1320 1175 105 -1041 -148
858 808 -1322 1170 104 -1042 -146
859 810 -1324 1175 103 -1041 -144
860 805 -1320 1175 100 -1041 -146
861 803 -1323 1178 102 -1039 -149
862 806 -1321 1172 102 -1043 -145
863 802 -1322 1176 103 -1042 -148
864 804 -1322 1173 102 -1042 -147
865 804 -1326 1176 106 -1041 -147
866 805 -1323 1175 98 -1043 -148
867 802 -1321 1176 101 -1043 -146
868 803 -1322 1176 100 -1037 -148
869 803 -1322 1169 103 -1039 -147
870 806 -1323 1174 101 -1041 -148
871 805 -1322 1171 101 -1039 -149
872 807 -1321 1175 100 -1041 -148
873 805 -1321 1174 100 -1042 -147
874 804 -1324 1171 99 -1041 -148
875 807 -1324 1173 99 -1043 -148
876 806 -1320 1173 97 -1043 -150
877 808 -1322 1175 101 -1043 -148
878 805 -1320 1172 103 -1044 -147
879 804 -1322 1172 98 -1040 -146
880 804 -1322 1170 102 -1044 -145
881 806 -1320 1174 102 -1040 -148
882 804 -1323 1171 102 -1041 -150
883 804 -1324 1174 98 -1037 -149
884 806 -1323 1174 101 -1042 -144
885 803 -1325 1172 99 -1043 -150
886 809 -1324 1171 103 -1043 -149
887 804 -1325 1174 100 -1043 -147
888 802 -1324 1172 99 -1040 -151
889 806 -1321 1173 102 -1042 -148
890 803 -1321 1174 101 -1039 -149
891 804 -1324 1172 101 -1039 -149
892 802 -1323 1172 101 -1043 -150
893 804 -1320 1171 103 -1044 -148
894 809 -1324 1171 99 -1038 -144
895 807 -1321 1172 103 -1040 -149
896 803 -1324 1175 102 -1039 -147
897 807 -1322 1172 100 -1042 -147
898 804 -1322 1174 99 -1041 -148
899 802 -1321 1174 99 -1042 -147
900 804 -1325 1172 102 -1045 -147
901 805 -1323 1171 98 -1041 -150
902 806 -1319 1172 99 -1042 -147
903 806 -1324 1171 99 -1040 -148
904 805 -1323 1175 100 -1043 -148
905 806 -1323 1173 99 -1044 -149
906 803 -1324 1171 99 -1041 -148
907 803 -1326 1172 100 -1040 -149
908 803 -1325 1172 100 -1041 -147
909 807 -1323 1174 101 -1039 -146
910 804 -1322 1176 101 -1042 -149
911 802 -1322 1170 103 -1043 -148
912 803 -1324 1175 99 -1044 -149
913 803 -1322 1173 98 -1043 -148
914 803 -1324 1172 99 -1044 -148
915 803 -1323 1173 102 -1041 -148
916 805 -1322 1175 99 -1041 -150
917 803 -1325 1172 98 -1041 -149
918 804 -1327 1172 102 -1041 -150
919 805 -1325 1174 101 -1042 -149
920 802 -1324 1175 103 -1042 -148
921 806 -1323 1171 101 -1042 -150
922 805 -1325 1172 101 -1048 -153
923 804 -1325 1170 98 -1046 -147
924 805 -1322 1172 100 -1045 -148
925 806 -1326 1172 97 -1046 -150
926 803 -1324 1170 98 -1042 -149
927 806 -1326 1172 98 -1041 -149
928 805 -1321 1172 101 -1043 -147
929 802 -1324 1172 99 -1043 -148
930 806 -1324 1174 102 -1045 -150
931 803 -1321 1171 102 -1045 -149
932 803 -1324 1171 102 -1045 -147
933 803 -1325 1172 99 -1039 -146
934 801 -1322 1174 103 -1041 -147
935 802 -1324 1173 102 -1042 -146
936 802 -1325 1172 102 -1042 -151
937 803 -1322 1172 101 -1043 -148
938 802 -1322 1172 100 -1044 -150
939 802 -1322 1173 99 -1043 -147
940 806 -1321 1171 98 -1040 -149
941 804 -1322 1171 97 -1043 -147
942 805 -1324 1172 99 -1045 -149
943 804 -1324 1172 98 -1042 -148
944 804 -1327 1168 100 -1045 -148
945 808 -1323 1170 98 -1042 -148
946 806 -1321 1171 101 -1041 -146
947 805 -1324 1170 99 -1043 -149
948 806 -1323 1172 98 -1044 -150
949 805 -1325 1169 97 -1042 -148
950 800 -1323 1171 99 -1044 -149
951 803 -1326 1172 99 -1043 -151
952 804 -1324 1171 100 -1044 -149
953 802 -1324 1173 101 -1045 -150
954 801 -1324 1171 98 -1041 -151
955 804 -1321 1173 99 -1044 -149
956 803 -1327 1169 99 -1042 -149
957 804 -1321 1174 99 -1041 -150
958 802 -1324 1168 101 -1042 -149
959 806 -1322 1173 101 -1042 -147
960 804 -1323 1173 99 -1045 -149
961 803 -1325 1174 98 -1042 -152
962 804 -1327 1172 97 -1045 -149
963 805 -1323 1170 101 -1041 -148
964 806 -1320 1176 99 -1042 -148
965 805 -1323 1170 100 -1043 -150
966 805 -1326 1171 100 -1041 -149
967 803 -1322 1172 99 -1044 -148
968 804 -1323 1176 101 -1043 -148
969 802 -1322 1173 103 -1043 -150
970 805 -1326 1174 99 -1043 -147
971 804 -1323 1172 99 -1042 -149
972 808 -1324 1170 101 -1043 -149
973 805 -1323 1172 104 -1040 -146
974 805 -1323 1173 101 -1042 -148
975 803 -1323 1172 99 -1041 -151
976 806 -1324 1171 100 -1039 -149
977 803 -1322 1172 99 -1044 -150
978 803 -1325 1172 99 -1040 -149
979 802 -1326 1174 99 -1041 -150
980 803 -1325 1173 99 -1044 -152
981 803 -1322 1173 102 -1045 -148
982 802 -1325 1170 95 -1045 -148
983 802 -1324 1170 99 -1043 -153
984 802 -1326 1169 96 -1044 -149
985 803 -1327 1171 99 -1045 -151
986 802 -1326 1172 98 -1044 -149
987 804 -1325 1176 98 -1042 -150
988 805 -1326 1173 99 -1041 -145
989 802 -1320 1171 100 -1047 -152
990 804 -1325 1174 101 -1042 -148
991 803 -1327 1169 99 -1042 -149
992 801 -1321 1173 101 -1039 -150
993 805 -1322 1171 98 -1045 -149
994 803 -1325 1171 97 -1047 -149
995 807 -1322 1170 98 -1043 -149
996 807 -1323 1174 100 -1043 -149
997 804 -1323 1170 98 -1045 -152
998 804 -1323 1171 97 -1043 -148
999 804 -1326 1170 101 -1044 -149
0 -3256 -1431 1044 -3465 -5082 -172
1 -3258 -1431 1044 -3467 -5083 -171
2 -3258 -1433 1046 -3467 -5083 -168
3 -3249 -1430 1047 -3465 -5086 -172
4 -3252 -1428 1047 -3468 -5086 -171
5 -3248 -1427 1046 -3467 -5086 -170
6 -3248 -1430 1046 -3468 -5088 -170
7 -3247 -1430 1048 -3468 -5088 -170
8 -3250 -1427 1048 -3469 -5090 -167
9 -3246 -1433 1046 -3467 -5089 -169
10 -3249 -1427 1046 -3466 -5089 -168
11 -3251 -1430 1048 -3467 -5090 -170
12 -3249 -1431 1047 -3466 -5085 -173
13 -3248 -1434 1045 -3466 -5082 -170
14 -3248 -1435 1045 -3464 -5088 -171
15 -3247 -1431 1042 -3465 -5087 -173
16 -3247 -1432 1046 -3463 -5083 -171
17 -3248 -1432 1044 -3465 -5083 -174
18 -3250 -1435 1044 -3464 -5082 -175
19 -3252 -1435 1042 -3464 -5081 -175
20 -3253 -1440 1041 -3464 -5082 -176
21 -3251 -1436 1044 -3466 -5076 -175
22 -3253 -1441 1041 -3467 -5080 -176
23 -3250 -1434 1042 -3464 -5079 -178
24 -3251 -1437 1042 -3465 -5078 -174
25 -3253 -1434 1044 -3468 -5077 -174
26 -3253 -1431 1043 -3468 -5077 -172
27 -3254 -1433 1042 -3467 -5076 -170
28 -3253 -1434 1043 -3466 -5075 -173
29 -3255 -1435 1045 -3468 -5069 -171
30 -3254 -1432 1045 -3470 -5074 -168
31 -3254 -1432 1043 -3468 -5075 -169
32 -3256 -1432 1046 -3472 -5075 -163
33 -3254 -1432 1045 -3472 -5076 -171
34 -3253 -1434 1046 -3475 -5074 -168
35 -3255 -1432 1050 -3476 -5075 -170
36 -3254 -1430 1048 -3476 -5071 -168
37 -3253 -1433 1047 -3479 -5076 -169
38 -3250 -1431 1049 -3477 -5077 -167
39 -3247 -1433 1044 -3482 -5075 -170
40 -3248 -1436 1046 -3480 -5073 -168
41 -3247 -1431 1045 -3478 -5080 -170
42 -3243 -1430 1045 -3482 -5074 -169
43 -3242 -1436 1041 -3484 -5076 -170
44 -3240 -1432 1044 -3485 -5079 -169
45 -3237 -1440 1041 -3486 -5078 -172
46 -3233 -1441 1040 -3492 -5079 -172
47 -3232 -1441 1041 -3491 -5081 -170
48 -3228 -1438 1043 -3494 -5080 -169
49 -3230 -1438 1039 -3495 -5082 -170
50 -3227 -1441 1036 -3492 -5080 -174
51 -3229 -1439 1041 -3492 -5078 -172
52 -3225 -1440 1036 -3492 -5079 -170
53 -3225 -1437 1041 -3492 -5081 -170
54 -3223 -1439 1038 -3491 -5080 -171
55 -3225 -1439 1038 -3492 -5080 -172
56 -3223 -1438 1042 -3491 -5079 -169
57 -3224 -1437 1040 -3493 -5078 -170
58 -3222 -1434 1041 -3490 -5080 -168
59 -3224 -1438 1042 -3492 -5084 -167
60 -3223 -1433 1043 -3489 -5080 -166
61 -3220 -1433 1046 -3492 -5081 -167
62 -3227 -1433 1043 -3491 -5079 -164
63 -3222 -1431 1047 -3491 -5083 -166
64 -3225 -1432 1044 -3491 -5082 -169
65 -3224 -1431 1044 -3493 -5081 -166
66 -3227 -1433 1046 -3490 -5084 -163
67 -3223 -1433 1043 -3490 -5084 -164
68 -3222 -1433 1043 -3489 -5086 -167
69 -3227 -1435 1041 -3486 -5089 -166
70 -3229 -1433 1040 -3485 -5086 -169
71 -3228 -1436 1039 -3481 -5092 -169
72 -3233 -1435 1043 -3484 -5090 -174
73 -3233 -1436 1043 -3482 -5088 -169
74 -3233 -1436 1042 -3479 -5088 -173
75 -3239 -1436 1037 -3480 -5087 -172
76 -3243 -1435 1040 -3477 -5086 -174
77 -3243 -1436 1038 -3475 -5084 -178
78 -3248 -1436 1040 -3475 -5082 -175
79 -3251 -1442 1037 -3473 -5079 -175
80 -3253 -1437 1039 -3468 -5082 -179
81 -3256 -1437 1040 -3469 -5078 -175
82 -3256 -1436 1041 -3465 -5082 -175
83 -3260 -1435 1041 -3463 -5077 -173
84 -3261 -1433 1045 -3462 -5077 -174
85 -3264 -1435 1046 -3466 -5073 -170
86 -3261 -1434 1047 -3463 -5072 -170
87 -3264 -1432 1048 -3466 -5075 -170
88 -3264 -1430 1048 -3464 -5074 -168
89 -3261 -1427 1048 -3463 -5071 -168
90 -3262 -1430 1051 -3463 -5069 -167
91 -3257 -1426 1050 -3465 -5069 -166
92 -3258 -1430 1052 -3466 -5070 -169
93 -3258 -1428 1048 -3465 -5069 -168
94 -3258 -1427 1052 -3464 -5074 -165
95 -3256 -1432 1050 -3465 -5075 -166
96 -3255 -1431 1046 -3462 -5074 -169
97 -3254 -1432 1048 -3463 -5075 -170
98 -3253 -1432 1049 -3462 -5077 -173
99 -3253 -1436 1043 -3463 -5074 -170
100 -3254 -1434 1045 -3464 -5072 -173
101 -3250 -1437 1041 -3465 -5076 -175
102 -3252 -1436 1044 -3467 -5079 -181
103 -3249 -1434 1042 -3464 -5082 -176
104 -3251 -1436 1040 -3465 -5079 -177
105 -3245 -1435 1040 -3462 -5082 -175
106 -3245 -1432 1040 -3465 -5079 -178
107 -3245 -1436 1042 -3465 -5084 -174
108 -3245 -1436 1039 -3466 -5085 -174
109 -3246 -1438 1039 -3466 -5086 -175
110 -3245 -1432 1041 -3467 -5090 -174
111 -3241 -1436 1045 -3466 -5088 -171
112 -3239 -1433 1045 -3467 -5092 -171
113 -3242 -1428 1044 -3471 -5092 -168
114 -3238 -1428 1045 -3468 -5092 -168
115 -3242 -1428 1048 -3469 -5092 -166
116 -3244 -1428 1048 -3470 -5093 -170
117 -3245 -1426 1052 -3467 -5094 -165
118 -3245 -1427 1049 -3466 -5093 -164
119 -3245 -1424 1050 -3467 -5095 -164
120 -3245 -1427 1049 -3463 -5094 -166
121 -3249 -1428 1052 -3463 -5091 -168
122 -3252 -1423 1051 -3460 -5090 -169
123 -3253 -1426 1047 -3456 -5088 -169
124 -3256 -1430 1046 -3460 -5088 -169
125 -3259 -1431 1046 -3458 -5087 -172
126 -3258 -1433 1049 -3459 -5086 -172
127 -3261 -1432 1047 -3457 -5084 -173
128 -3263 -1432 1045 -3459 -5081 -174
129 -3260 -1432 1042 -3458 -5075 -175
130 -3261 -1437 1043 -3455 -5074 -177
131 -3259 -1436 1042 -3460 -5073 -178
132 -3265 -1437 1041 -3458 -5074 -176
133 -3263 -1437 1041 -3461 -5070 -175
134 -3257 -1436 1041 -3463 -5067 -175
135 -3258 -1439 1041 -3465 -5071 -176
136 -3257 -1438 1044 -3463 -5068 -175
137 -3253 -1437 1042 -3466 -5065 -175
138 -3251 -1436 1043 -3468 -5066 -177
139 -3249 -1434 1044 -3468 -5064 -177
140 -3247 -1432 1041 -3470 -5067 -172
141 -3246 -1435 1040 -3476 -5069 -168
142 -3248 -1436 1042 -3479 -5066 -171
143 -3245 -1435 1047 -3480 -5068 -167
144 -3243 -1435 1046 -3479 -5073 -168
145 -3244 -1434 1046 -3481 -5070 -164
146 -3243 -1433 1050 -3487 -5070 -166
147 -3238 -1432 1046 -3486 -5071 -164
148 -3235 -1431 1048 -3487 -5073 -166
149 -3234 -1426 1049 -3489 -5070 -162
150 -3227 -1426 1051 -3493 -5074 -163
151 -3224 -1429 1049 -3494 -5073 -161
152 -3224 -1429 1045 -3497 -5076 -163
153 -3221 -1431 1043 -3500 -5078 -162
154 -3219 -1434 1045 -3504 -5079 -162
155 -3214 -1436 1043 -3504 -5078 -164
156 -3214 -1432 1044 -3504 -5083 -166
157 -3210 -1436 1041 -3507 -5084 -170
158 -3209 -1439 1040 -3508 -5086 -170
159 -3209 -1438 1038 -3508 -5085 -170
160 -3210 -1436 1036 -3508 -5087 -172
161 -3210 -1440 1035 -3511 -5089 -169
162 -3208 -1438 1034 -3508 -5089 -172
163 -3213 -1438 1031 -3507 -5087 -169
164 -3213 -1440 1033 -3504 -5087 -170
165 -3216 -1442 1034 -3501 -5090 -170
166 -3216 -1438 1035 -3496 -5091 -173
167 -3218 -1439 1041 -3495 -5085 -171
168 -3218 -1440 1040 -3492 -5088 -171
169 -3219 -1436 1043 -3488 -5087 -169
170 -3224 -1434 1044 -3490 -5084 -165
171 -3227 -1429 1042 -3486 -5085 -166
172 -3231 -1431 1044 -3483 -5083 -167
173 -3233 -1425 1047 -3480 -5081 -164
174 -3236 -1428 1047 -3476 -5081 -163
175 -3237 -1430 1046 -3474 -5079 -164
176 -3238 -1428 1051 -3470 -5076 -166
177 -3241 -1426 1050 -3468 -5079 -163
178 -3244 -1426 1054 -3466 -5081 -164
179 -3246 -1427 1051 -3460 -5079 -163
180 -3246 -1426 1053 -3463 -5077 -168
181 -3249 -1426 1049 -3458 -5078 -168
182 -3251 -1429 1048 -3459 -5077 -169
183 -3258 -1428 1046 -3457 -5076 -171
184 -3256 -1430 1046 -3456 -5076 -172
185 -3257 -1433 1046 -3456 -5077 -172
186 -3262 -1435 1044 -3456 -5075 -174
187 -3261 -1436 1043 -3454 -5078 -177
188 -3259 -1439 1045 -3454 -5078 -178
189 -3260 -1437 1041 -3458 -5077 -176
190 -3263 -1437 1043 -3454 -5076 -178
191 -3262 -1438 1041 -3456 -5079 -178
192 -3262 -1439 1042 -3458 -5078 -177
193 -3263 -1437 1041 -3459 -5076 -178
194 -3262 -1436 1040 -3460 -5075 -174
195 -3263 -1436 1043 -3462 -5078 -175
196 -3261 -1432 1046 -3466 -5080 -171
197 -3261 -1431 1042 -3463 -5075 -173
198 -3258 -1430 1048 -3466 -5077 -172
199 -3259 -1432 1050 -3471 -5077 -170
200 -3257 -1430 1048 -3471 -5076 -169
201 -3255 -1430 1049 -3472 -5077 -165
202 -3256 -1424 1056 -3470 -5078 -168
203 -3254 -1427 1051 -3470 -5079 -171
204 -3257 -1426 1053 -3470 -5077 -164
205 -3257 -1426 1052 -3469 -5080 -163
206 -3255 -1425 1053 -3468 -5074 -165
207 -3256 -1427 1050 -3469 -5078 -167
208 -3256 -1426 1054 -3467 -5077 -165
209 -3257 -1428 1053 -3468 -5076 -166
210 -3257 -1426 1050 -3464 -5071 -168
211 -3254 -1429 1049 -3464 -5074 -171
212 -3254 -1426 1050 -3463 -5074 -171
213 -3255 -1430 1046 -3465 -5073 -173
214 -3254 -1432 1043 -3460 -5075 -171
215 -3254 -1431 1044 -3462 -5076 -172
216 -3252 -1433 1042 -3463 -5077 -172
217 -3253 -1437 1042 -3458 -5079 -176
218 -3252 -1434 1043 -3456 -5081 -177
219 -3251 -1436 1042 -3458 -5079 -175
220 -3249 -1439 1043 -3454 -5085 -176
221 -3247 -1435 1040 -3453 -5085 -175
222 -3243 -1434 1047 -3458 -5087 -177
223 -3248 -1434 1041 -3454 -5091 -174
224 -3245 -1431 1042 -3452 -5091 -175
225 -3247 -1432 1043 -3453 -5093 -173
226 -3245 -1430 1046 -3450 -5093 -170
227 -3247 -1431 1047 -3447 -5094 -171
228 -3242 -1428 1044 -3449 -5099 -168
229 -3245 -1428 1048 -3450 -5097 -171
230 -3246 -1428 1047 -3452 -5099 -166
231 -3243 -1424 1050 -3452 -5099 -167
232 -3242 -1425 1050 -3452 -5095 -163
233 -3246 -1426 1054 -3453 -5095 -167
234 -3241 -1426 1055 -3459 -5095 -166
235 -3245 -1425 1051 -3457 -5091 -163
236 -3245 -1424 1051 -3463 -5088 -168
237 -3239 -1427 1050 -3466 -5091 -168
238 -3241 -1426 1049 -3469 -5088 -167
239 -3243 -1428 1047 -3472 -5084 -168
240 -3240 -1430 1044 -3474 -5082 -168
241 -3242 -1430 1044 -3479 -5081 -167
242 -3238 -1431 1044 -3480 -5075 -171
243 -3237 -1434 1043 -3483 -5076 -169
244 -3235 -1435 1040 -3489 -5076 -169
245 -3238 -1437 1041 -3489 -5070 -171
246 -3236 -1437 1041 -3495 -5072 -172
247 -3235 -1438 1038 -3496 -5069 -172
248 -3231 -1438 1039 -3497 -5068 -172
249 -3233 -1440 1039 -3503 -5067 -169
250 -3231 -1438 1038 -3503 -5066 -171
251 -3232 -1438 1041 -3504 -5067 -169
252 -3228 -1438 1043 -3504 -5066 -167
253 -3229 -1436 1043 -3506 -5063 -165
254 -3229 -1437 1042 -3506 -5062 -164
255 -3228 -1436 1044 -3504 -5060 -167
256 -3234 -1435 1047 -3504 -5060 -163
257 -3232 -1434 1045 -3502 -5059 -163
258 -3230 -1433 1046 -3500 -5058 -163
259 -3233 -1432 1050 -3500 -5060 -161
260 -3228 -1430 1046 -3498 -5059 -164
261 -3234 -1429 1048 -3497 -5057 -162
262 -3231 -1432 1048 -3497 -5059 -163
263 -3229 -1431 1049 -3497 -5062 -163
264 -3232 -1432 1047 -3494 -5064 -164
265 -3231 -1433 1043 -3491 -5067 -166
266 -3231 -1435 1047 -3491 -5070 -166
267 -3231 -1433 1039 -3489 -5074 -167
268 -3230 -1434 1040 -3488 -5074 -170
269 -3232 -1440 1037 -3482 -5078 -174
270 -3230 -1439 1038 -3479 -5083 -175
271 -3229 -1437 1038 -3478 -5082 -170
272 -3230 -1441 1037 -3476 -5088 -177
273 -3231 -1439 1035 -3474 -5092 -175
274 -3232 -1441 1038 -3473 -5091 -177
275 -3230 -1440 1037 -3472 -5094 -177
276 -3231 -1439 1035 -3469 -5097 -171
277 -3233 -1433 1041 -3469 -5100 -171
278 -3232 -1434 1039 -3464 -5102 -170
279 -3234 -1434 1043 -3463 -5097 -169
280 -3232 -1432 1043 -3465 -5102 -170
281 -3237 -1430 1042 -3465 -5099 -168
282 -3237 -1429 1045 -3462 -5103 -166
283 -3232 -1429 1046 -3464 -5101 -165
284 -3236 -1424 1048 -3465 -5102 -164
285 -3237 -1426 1048 -3462 -5102 -164
286 -3234 -1424 1049 -3463 -5101 -166
287 -3232 -1424 1051 -3466 -5098 -160
288 -3236 -1426 1052 -3467 -5096 -162
289 -3234 -1423 1050 -3469 -5097 -163
290 -3238 -1424 1051 -3471 -5096 -164
291 -3239 -1425 1048 -3472 -5088 -166
292 -3241 -1427 1047 -3469 -5092 -169
293 -3243 -1428 1047 -3471 -5085 -172
294 -3243 -1429 1046 -3472 -5081 -173
295 -3244 -1431 1044 -3474 -5082 -170
296 -3250 -1436 1044 -3472 -5076 -171
297 -3252 -1439 1042 -3468 -5074 -175
298 -3253 -1440 1040 -3466 -5071 -177
299 -3258 -1438 1043 -3470 -5070 -174
300 -3260 -1440 1045 -3467 -5063 -177
301 -3262 -1438 1042 -3468 -5062 -179
302 -3264 -1438 1043 -3469 -5058 -174
303 -3267 -1439 1041 -3467 -5055 -177
304 -3269 -1437 1044 -3466 -5055 -175
305 -3269 -1433 1044 -3465 -5052 -174
306 -3275 -1436 1046 -3463 -5048 -175
307 -3274 -1436 1048 -3461 -5051 -172
308 -3271 -1435 1048 -3460 -5052 -169
309 -3275 -1430 1052 -3459 -5057 -170
310 -3269 -1431 1054 -3456 -5055 -167
311 -3270 -1428 1051 -3455 -5060 -167
312 -3272 -1426 1053 -3457 -5060 -167
313 -3272 -1425 1056 -3455 -5064 -166
314 -3265 -1424 1055 -3455 -5071 -166
315 -3269 -1425 1054 -3453 -5072 -167
316 -3266 -1427 1055 -3452 -5079 -168
317 -3266 -1426 1052 -3450 -5078 -167
318 -3262 -1426 1050 -3450 -5085 -167
319 -3261 -1431 1053 -3448 -5090 -170
320 -3260 -1428 1050 -3450 -5094 -170
321 -3258 -1428 1047 -3447 -5093 -171
322 -3259 -1431 1047 -3447 -5097 -172
323 -3259 -1434 1045 -3449 -5099 -178
324 -3254 -1432 1046 -3450 -5098 -176
325 -3255 -1433 1042 -3450 -5100 -175
326 -3252 -1437 1039 -3450 -5102 -177
327 -3253 -1437 1038 -3449 -5101 -175
328 -3252 -1436 1041 -3454 -5096 -178
329 -3247 -1437 1040 -3455 -5098 -179
330 -3246 -1435 1039 -3456 -5096 -176
331 -3241 -1434 1042 -3459 -5097 -175
332 -3244 -1434 1038 -3461 -5095 -175
333 -3242 -1434 1040 -3466 -5095 -171
334 -3239 -1431 1042 -3470 -5090 -170
335 -3238 -1431 1045 -3471 -5092 -168
336 -3236 -1429 1045 -3474 -5088 -169
337 -3233 -1427 1047 -3474 -5090 -168
338 -3231 -1431 1046 -3480 -5087 -164
339 -3233 -1427 1052 -3479 -5084 -161
340 -3229 -1425 1050 -3483 -5082 -165
341 -3230 -1426 1048 -3485 -5081 -164
342 -3230 -1430 1049 -3487 -5078 -163
343 -3228 -1424 1052 -3487 -5074 -164
344 -3225 -1427 1049 -3492 -5069 -164
345 -3228 -1428 1047 -3493 -5073 -165
346 -3229 -1427 1045 -3496 -5071 -165
347 -3229 -1430 1044 -3494 -5066 -163
348 -3230 -1435 1044 -3495 -5066 -167
349 -3230 -1433 1040 -3493 -5069 -168
350 -3230 -1435 1043 -3493 -5065 -168
351 -3231 -1438 1044 -3492 -5061 -170
352 -3233 -1439 1040 -3495 -5063 -173
353 -3233 -1444 1039 -3496 -5063 -171
354 -3231 -1442 1036 -3497 -5061 -172
355 -3230 -1442 1037 -3497 -5064 -174
356 -3236 -1441 1036 -3494 -5062 -173
357 -3233 -1440 1034 -3496 -5064 -176
358 -3232 -1441 1035 -3494 -5062 -175
359 -3237 -1442 1036 -3495 -5068 -174
360 -3236 -1442 1039 -3495 -5069 -171
361 -3242 -1442 1039 -3493 -5073 -171
362 -3239 -1439 1040 -3492 -5075 -168
363 -3236 -1437 1041 -3487 -5077 -168
364 -3235 -1437 1044 -3491 -5076 -171
365 -3241 -1434 1043 -3487 -5077 -167
366 -3239 -1433 1046 -3482 -5075 -165
367 -3237 -1429 1047 -3479 -5075 -163
368 -3241 -1428 1049 -3479 -5077 -162
369 -3242 -1429 1051 -3480 -5077 -164
370 -3239 -1427 1053 -3475 -5078 -163
371 -3240 -1425 1049 -3475 -5079 -163
372 -3243 -1426 1049 -3475 -5079 -163
373 -3240 -1424 1049 -3477 -5079 -162
374 -3242 -1431 1050 -3477 -5080 -165
375 -3239 -1432 1047 -3476 -5081 -170
376 -3241 -1431 1045 -3474 -5082 -170
377 -3238 -1432 1044 -3474 -5080 -170
378 -3239 -1434 1044 -3475 -5081 -168
379 -3235 -1436 1045 -3473 -5082 -170
380 -3237 -1437 1038 -3477 -5080 -170
381 -3236 -1437 1041 -3482 -5081 -174
382 -3232 -1438 1039 -3481 -5084 -172
383 -3234 -1438 1035 -3482 -5084 -174
384 -3229 -1439 1038 -3483 -5089 -175
385 -3227 -1438 1037 -3481 -5088 -176
386 -3228 -1437 1035 -3484 -5088 -174
387 -3227 -1440 1039 -3487 -5086 -172
388 -3226 -1435 1039 -3491 -5087 -172
389 -3227 -1439 1041 -3485 -5085 -168
390 -3226 -1434 1042 -3485 -5087 -168
391 -3225 -1433 1043 -3484 -5089 -170
392 -3224 -1430 1041 -3485 -5088 -171
393 -3224 -1430 1042 -3484 -5087 -170
394 -3226 -1428 1047 -3482 -5084 -163
395 -3228 -1429 1046 -3479 -5084 -165
396 -3231 -1428 1050 -3479 -5085 -162
397 -3234 -1425 1046 -3476 -5081 -165
398 -3233 -1427 1051 -3476 -5082 -162
399 -3238 -1424 1051 -3471 -5078 -161
400 -3242 -1425 1050 -3471 -5078 -166
401 -3243 -1423 1054 -3471 -5082 -166
402 -3245 -1430 1051 -3467 -5078 -166
403 -3247 -1429 1053 -3465 -5077 -166
404 -3249 -1431 1048 -3463 -5077 -170
405 -3253 -1429 1048 -3465 -5078 -165
406 -3255 -1431 1047 -3459 -5077 -172
407 -3255 -1431 1049 -3459 -5073 -170
408 -3261 -1432 1047 -3457 -5076 -176
409 -3263 -1431 1043 -3458 -5077 -177
410 -3265 -1433 1043 -3458 -5075 -177
411 -3266 -1434 1045 -3454 -5076 -176
412 -3268 -1434 1044 -3452 -5078 -178
413 -3268 -1437 1043 -3447 -5079 -178
414 -3267 -1435 1044 -3445 -5078 -174
415 -3274 -1434 1046 -3445 -5075 -175
416 -3275 -1432 1044 -3446 -5075 -176
417 -3275 -1436 1047 -3442 -5077 -177
418 -3276 -1433 1047 -3443 -5076 -172
419 -3279 -1432 1047 -3439 -5073 -173
420 -3280 -1429 1047 -3436 -5072 -173
421 -3280 -1428 1049 -3438 -5075 -170
422 -3279 -1427 1053 -3441 -5075 -170
423 -3278 -1426 1049 -3439 -5076 -169
424 -3277 -1425 1052 -3444 -5079 -166
425 -3276 -1424 1054 -3441 -5073 -169
426 -3275 -1427 1053 -3447 -5078 -167
427 -3271 -1426 1053 -3447 -5079 -167
428 -3269 -1427 1055 -3449 -5081 -170
429 -3259 -1425 1054 -3450 -5082 -168
430 -3257 -1426 1052 -3454 -5084 -169
431 -3254 -1426 1053 -3457 -5084 -169
432 -3249 -1428 1047 -3460 -5085 -171
433 -3247 -1429 1051 -3464 -5087 -168
434 -3240 -1428 1048 -3470 -5086 -169
435 -3241 -1433 1048 -3469 -5085 -171
436 -3236 -1432 1046 -3473 -5087 -171
437 -3233 -1432 1044 -3474 -5088 -169
438 -3233 -1434 1040 -3474 -5090 -172
439 -3232 -1438 1038 -3473 -5085 -174
440 -3235 -1439 1037 -3475 -5086 -175
441 -3231 -1441 1040 -3473 -5082 -174
442 -3229 -1439 1039 -3478 -5084 -171
443 -3230 -1438 1040 -3481 -5083 -171
444 -3228 -1436 1040 -3481 -5083 -169
445 -3230 -1435 1039 -3481 -5082 -170
446 -3226 -1435 1043 -3484 -5081 -170
447 -3224 -1435 1044 -3488 -5080 -166
448 -3225 -1428 1045 -3489 -5083 -166
449 -3228 -1430 1042 -3491 -5078 -163
450 -3226 -1429 1046 -3491 -5082 -162
451 -3227 -1430 1047 -3491 -5080 -163
452 -3227 -1426 1047 -3494 -5081 -162
453 -3224 -1429 1046 -3495 -5081 -160
454 -3223 -1428 1048 -3495 -5083 -161
455 -3222 -1428 1050 -3497 -5084 -161
456 -3223 -1429 1048 -3494 -5080 -161
457 -3224 -1428 1045 -3493 -5084 -161
458 -3226 -1431 1046 -3494 -5078 -163
459 -3226 -1431 1046 -3494 -5078 -166
460 -3230 -1432 1045 -3495 -5080 -165
461 -3233 -1431 1042 -3489 -5076 -169
462 -3237 -1439 1041 -3487 -5076 -170
463 -3240 -1436 1043 -3484 -5076 -171
464 -3242 -1436 1040 -3480 -5072 -174
465 -3243 -1440 1040 -3475 -5069 -174
466 -3245 -1439 1042 -3472 -5071 -173
467 -3245 -1439 1042 -3473 -5068 -176
468 -3248 -1440 1038 -3475 -5069 -175
469 -3248 -1440 1040 -3472 -5066 -175
470 -3250 -1442 1039 -3472 -5067 -176
471 -3251 -1441 1040 -3476 -5066 -172
472 -3251 -1436 1040 -3478 -5064 -173
473 -3250 -1434 1040 -3473 -5066 -168
474 -3247 -1435 1045 -3475 -5068 -170
475 -3242 -1432 1046 -3478 -5069 -166
476 -3244 -1430 1046 -3479 -5070 -166
477 -3237 -1431 1051 -3479 -5073 -165
478 -3236 -1428 1047 -3481 -5073 -163
479 -3230 -1426 1051 -3481 -5078 -163
480 -3228 -1427 1047 -3486 -5081 -162
481 -3227 -1424 1053 -3485 -5079 -160
482 -3225 -1430 1049 -3488 -5079 -160
483 -3224 -1427 1052 -3488 -5081 -163
484 -3223 -1428 1049 -3486 -5083 -165
485 -3225 -1427 1046 -3488 -5080 -163
486 -3226 -1429 1045 -3487 -5084 -167
487 -3225 -1433 1045 -3488 -5088 -168
488 -3224 -1433 1042 -3489 -5088 -169
489 -3223 -1432 1041 -3489 -5082 -170
490 -3223 -1437 1040 -3488 -5082 -170
491 -3225 -1437 1041 -3490 -5082 -173
492 -3223 -1441 1036 -3490 -5081 -173
493 -3225 -1439 1035 -3486 -5082 -178
494 -3225 -1439 1038 -3485 -5085 -178
495 -3226 -1440 1034 -3486 -5084 -175
496 -3227 -1440 1037 -3487 -5084 -173
497 -3227 -1439 1039 -3485 -5082 -175
498 -3226 -1436 1040 -3484 -5086 -176
499 -3228 -1438 1039 -3486 -5086 -173
500 -3230 -1434 1038 -3482 -5086 -173
501 -3233 -1431 1040 -3478 -5086 -170
502 -3234 -1428 1045 -3478 -5089 -167
503 -3233 -1429 1045 -3477 -5089 -167
504 -3242 -1429 1044 -3475 -5089 -167
505 -3241 -1429 1048 -3470 -5090 -165
506 -3243 -1430 1050 -3464 -5088 -163
507 -3247 -1423 1055 -3459 -5090 -161
508 -3250 -1427 1052 -3460 -5088 -164
509 -3254 -1422 1056 -3454 -5088 -164
510 -3256 -1418 1055 -3455 -5089 -167
511 -3257 -1424 1056 -3449 -5087 -164
512 -3266 -1422 1056 -3448 -5086 -166
513 -3268 -1425 1055 -3444 -5083 -169
514 -3268 -1426 1053 -3441 -5083 -172
515 -3277 -1426 1051 -3441 -5081 -171
516 -3279 -1428 1050 -3435 -5081 -174
517 -3278 -1433 1048 -3435 -5082 -176
518 -3280 -1431 1047 -3431 -5078 -174
519 -3281 -1435 1045 -3432 -5077 -177
520 -3281 -1437 1044 -3434 -5077 -179
521 -3283 -1435 1044 -3434 -5074 -180
522 -3285 -1437 1043 -3435 -5076 -179
523 -3282 -1436 1039 -3436 -5073 -180
524 -3280 -1437 1042 -3435 -5075 -183
525 -3281 -1437 1041 -3442 -5073 -182
526 -3280 -1440 1042 -3441 -5071 -179
527 -3277 -1441 1046 -3441 -5074 -176
528 -3276 -1438 1043 -3446 -5073 -175
529 -3277 -1437 1045 -3447 -5074 -175
530 -3276 -1437 1046 -3446 -5075 -174
531 -3272 -1432 1047 -3452 -5071 -174
532 -3270 -1430 1047 -3456 -5073 -171
533 -3267 -1428 1051 -3456 -5073 -168
534 -3258 -1425 1056 -3461 -5075 -165
535 -3261 -1427 1054 -3463 -5071 -167
536 -3255 -1425 1055 -3468 -5076 -165
537 -3256 -1423 1057 -3470 -5075 -162
538 -3250 -1425 1053 -3473 -5074 -164
539 -3246 -1423 1053 -3477 -5077 -162
540 -3243 -1428 1048 -3478 -5080 -163
541 -3241 -1427 1051 -3487 -5081 -164
542 -3238 -1429 1050 -3485 -5081 -165
543 -3229 -1430 1046 -3492 -5083 -166
544 -3228 -1432 1045 -3494 -5085 -168
545 -3221 -1431 1041 -3496 -5083 -168
546 -3221 -1432 1037 -3499 -5086 -172
547 -3219 -1434 1041 -3500 -5087 -167
548 -3215 -1436 1036 -3501 -5090 -175
549 -3214 -1441 1033 -3498 -5087 -172
550 -3214 -1441 1034 -3503 -5092 -172
551 -3213 -1444 1032 -3500 -5091 -174
552 -3213 -1439 1036 -3501 -5090 -176
553 -3215 -1441 1034 -3499 -5090 -175
554 -3215 -1444 1031 -3497 -5088 -176
555 -3218 -1439 1035 -3496 -5085 -173
556 -3217 -1439 1041 -3493 -5084 -173
557 -3220 -1436 1040 -3492 -5084 -170
558 -3221 -1435 1041 -3489 -5084 -166
559 -3223 -1432 1042 -3486 -5082 -166
560 -3223 -1433 1045 -3487 -5083 -164
561 -3225 -1432 1043 -3483 -5082 -162
562 -3228 -1430 1049 -3479 -5079 -160
563 -3229 -1428 1049 -3477 -5079 -161
564 -3231 -1427 1048 -3480 -5077 -160
565 -3231 -1424 1052 -3476 -5080 -162
566 -3231 -1426 1048 -3477 -5082 -161
567 -3235 -1423 1051 -3475 -5079 -163
568 -3234 -1428 1049 -3478 -5075 -165
569 -3237 -1431 1048 -3476 -5078 -167
570 -3238 -1432 1050 -3475 -5078 -165
571 -3235 -1435 1046 -3473 -5076 -173
572 -3237 -1431 1045 -3474 -5080 -169
573 -3239 -1439 1043 -3473 -5076 -171
574 -3242 -1435 1040 -3474 -5075 -174
575 -3242 -1439 1041 -3477 -5077 -174
576 -3247 -1443 1039 -3478 -5075 -177
577 -3246 -1441 1038 -3480 -5075 -177
578 -3242 -1439 1037 -3475 -5076 -179
579 -3244 -1437 1037 -3483 -5076 -176
580 -3241 -1444 1035 -3484 -5078 -180
581 -3240 -1441 1035 -3485 -5076 -173
582 -3239 -1440 1036 -3489 -5079 -172
583 -3241 -1441 1037 -3490 -5078 -172
584 -3237 -1436 1039 -3491 -5079 -170
585 -3234 -1438 1041 -3496 -5078 -168
586 -3235 -1436 1044 -3497 -5073 -166
587 -3231 -1431 1049 -3499 -5078 -166
588 -3227 -1429 1048 -3499 -5074 -165
589 -3226 -1427 1047 -3503 -5075 -160
590 -3226 -1426 1048 -3502 -5074 -163
591 -3233 -1425 1052 -3500 -5076 -162
592 -3231 -1428 1048 -3501 -5074 -160
593 -3231 -1424 1051 -3494 -5073 -159
594 -3231 -1425 1053 -3495 -5071 -160
595 -3232 -1427 1049 -3492 -5072 -161
596 -3238 -1425 1051 -3488 -5065 -164
597 -3238 -1428 1050 -3487 -5067 -164
598 -3237 -1429 1051 -3485 -5063 -166
599 -3244 -1432 1047 -3480 -5062 -168
600 -3245 -1433 1047 -3478 -5064 -168
601 -3248 -1435 1044 -3474 -5062 -171
602 -3250 -1435 1042 -3469 -5064 -177
603 -3254 -1438 1040 -3469 -5065 -173
604 -3255 -1441 1040 -3466 -5065 -175
605 -3252 -1442 1038 -3459 -5069 -177
606 -3254 -1442 1038 -3455 -5070 -179
607 -3253 -1440 1040 -3452 -5077 -178
608 -3254 -1439 1041 -3451 -5079 -180
609 -3254 -1438 1039 -3448 -5081 -178
610 -3252 -1434 1039 -3445 -5083 -179
611 -3254 -1431 1045 -3443 -5089 -175
612 -3258 -1431 1044 -3441 -5095 -177
613 -3261 -1430 1049 -3437 -5099 -174
614 -3259 -1425 1047 -3436 -5102 -170
615 -3262 -1426 1053 -3431 -5104 -171
616 -3259 -1423 1052 -3431 -5105 -169
617 -3264 -1424 1054 -3427 -5109 -168
618 -3265 -1420 1057 -3425 -5109 -164
619 -3264 -1419 1055 -3423 -5113 -164
620 -3268 -1415 1058 -3425 -5110 -165
621 -3268 -1420 1059 -3424 -5111 -165
622 -3267 -1420 1057 -3426 -5111 -164
623 -3270 -1419 1056 -3428 -5111 -166
624 -3269 -1422 1055 -3431 -5107 -171
625 -3269 -1420 1056 -3432 -5106 -170
626 -3269 -1423 1054 -3437 -5101 -170
627 -3267 -1425 1052 -3442 -5100 -171
628 -3269 -1430 1050 -3443 -5095 -172
629 -3263 -1429 1048 -3450 -5091 -177
630 -3265 -1433 1047 -3452 -5087 -173
631 -3261 -1435 1043 -3455 -5084 -175
632 -3261 -1437 1041 -3459 -5078 -177
633 -3258 -1440 1042 -3466 -5077 -181
634 -3257 -1440 1038 -3468 -5074 -178
635 -3259 -1441 1039 -3469 -5066 -177
636 -3257 -1443 1038 -3478 -5063 -177
637 -3260 -1439 1036 -3477 -5056 -177
638 -3257 -1439 1039 -3480 -5052 -176
639 -3262 -1441 1042 -3485 -5049 -175
640 -3259 -1441 1045 -3485 -5045 -173
641 -3259 -1436 1044 -3490 -5042 -172
642 -3256 -1439 1045 -3489 -5041 -168
643 -3256 -1438 1050 -3492 -5040 -169
644 -3257 -1436 1050 -3493 -5043 -165
645 -3253 -1432 1052 -3493 -5041 -163
646 -3250 -1430 1051 -3492 -5038 -161
647 -3249 -1428 1052 -3496 -5043 -161
648 -3245 -1428 1051 -3494 -5047 -162
649 -3242 -1426 1054 -3496 -5047 -156
650 -3238 -1425 1054 -3502 -5050 -156
651 -3234 -1425 1052 -3500 -5058 -157
652 -3231 -1427 1055 -3498 -5064 -158
653 -3224 -1428 1052 -3499 -5069 -159
654 -3222 -1429 1048 -3497 -5073 -162
655 -3219 -1430 1047 -3496 -5081 -165
656 -3211 -1430 1045 -3495 -5086 -162
657 -3211 -1434 1042 -3493 -5093 -167
658 -3213 -1435 1038 -3490 -5100 -174
659 -3207 -1435 1038 -3491 -5105 -173
660 -3211 -1440 1033 -3484 -5109 -175
661 -3211 -1438 1028 -3483 -5114 -175
662 -3211 -1442 1029 -3483 -5119 -177
663 -3209 -1443 1032 -3481 -5120 -176
664 -3212 -1444 1031 -3479 -5118 -177
665 -3209 -1441 1036 -3479 -5121 -180
666 -3214 -1436 1030 -3477 -5120 -177
667 -3213 -1437 1037 -3475 -5120 -174
668 -3215 -1437 1037 -3473 -5116 -171
669 -3218 -1434 1037 -3473 -5116 -170
670 -3221 -1432 1041 -3476 -5109 -166
671 -3220 -1433 1041 -3474 -5105 -165
672 -3220 -1432 1046 -3476 -5103 -164
673 -3227 -1428 1047 -3478 -5097 -160
674 -3224 -1427 1046 -3480 -5092 -162
675 -3222 -1424 1052 -3479 -5087 -158
676 -3225 -1420 1055 -3483 -5081 -161
677 -3229 -1424 1055 -3482 -5076 -158
678 -3230 -1421 1053 -3485 -5074 -162
679 -3232 -1427 1052 -3489 -5069 -163
680 -3233 -1429 1049 -3489 -5063 -159
681 -3234 -1429 1049 -3490 -5062 -164
682 -3238 -1432 1048 -3490 -5057 -165
683 -3239 -1434 1046 -3491 -5053 -165
684 -3240 -1435 1044 -3493 -5055 -166
685 -3242 -1442 1045 -3495 -5049 -174
686 -3247 -1443 1041 -3497 -5049 -174
687 -3243 -1445 1038 -3498 -5043 -178
688 -3245 -1447 1038 -3495 -5043 -176
689 -3247 -1444 1037 -3499 -5043 -179
690 -3247 -1444 1034 -3497 -5045 -178
691 -3249 -1442 1037 -3497 -5047 -179
692 -3247 -1446 1036 -3496 -5046 -178
693 -3245 -1442 1037 -3498 -5048 -173
694 -3247 -1442 1040 -3494 -5052 -175
695 -3244 -1444 1038 -3494 -5056 -173
696 -3243 -1441 1043 -3494 -5057 -171
697 -3244 -1436 1045 -3494 -5061 -169
698 -3243 -1434 1049 -3492 -5065 -166
699 -3243 -1429 1047 -3486 -5071 -164
700 -3244 -1431 1051 -3486 -5072 -161
701 -3246 -1426 1050 -3484 -5077 -163
702 -3246 -1423 1050 -3479 -5080 -163
703 -3249 -1425 1051 -3473 -5082 -159
704 -3251 -1422 1052 -3470 -5082 -164
705 -3250 -1424 1053 -3465 -5090 -163
706 -3254 -1425 1053 -3460 -5091 -164
707 -3256 -1423 1052 -3456 -5095 -168
708 -3257 -1423 1053 -3451 -5094 -167
709 -3261 -1428 1051 -3442 -5097 -171
710 -3265 -1429 1050 -3439 -5095 -174
711 -3266 -1427 1046 -3437 -5095 -172
712 -3270 -1430 1048 -3430 -5094 -174
713 -3270 -1430 1044 -3433 -5096 -173
714 -3274 -1432 1047 -3428 -5094 -178
715 -3272 -1434 1044 -3426 -5091 -178
716 -3270 -1435 1042 -3428 -5096 -179
717 -3268 -1434 1042 -3422 -5093 -180
718 -3270 -1437 1039 -3428 -5093 -183
719 -3266 -1428 1042 -3425 -5092 -177
720 -3268 -1431 1042 -3426 -5093 -180
721 -3266 -1428 1046 -3425 -5098 -177
722 -3263 -1430 1043 -3426 -5095 -178
723 -3262 -1428 1044 -3430 -5097 -175
724 -3260 -1426 1046 -3431 -5098 -172
725 -3258 -1424 1051 -3437 -5100 -170
726 -3257 -1424 1050 -3437 -5098 -170
727 -3255 -1424 1052 -3437 -5100 -168
728 -3250 -1425 1052 -3444 -5096 -166
729 -3251 -1424 1054 -3448 -5099 -165
730 -3250 -1422 1056 -3449 -5099 -166
731 -3253 -1424 1055 -3455 -5094 -168
732 -3248 -1419 1054 -3457 -5094 -169
733 -3251 -1425 1051 -3456 -5091 -168
734 -3251 -1426 1052 -3463 -5090 -166
735 -3251 -1427 1051 -3463 -5087 -169
736 -3250 -1430 1052 -3466 -5084 -168
737 -3253 -1434 1048 -3468 -5075 -170
738 -3250 -1433 1045 -3470 -5075 -171
739 -3252 -1435 1047 -3473 -5073 -170
740 -3252 -1436 1042 -3479 -5070 -173
741 -3251 -1436 1041 -3482 -5065 -175
742 -3254 -1438 1043 -3487 -5062 -174
743 -3251 -1440 1041 -3490 -5061 -177
744 -3253 -1443 1037 -3494 -5056 -177
745 -3250 -1442 1035 -3494 -5055 -174
746 -3254 -1441 1037 -3497 -5059 -176
747 -3252 -1443 1035 -3498 -5056 -177
748 -3252 -1443 1035 -3497 -5060 -178
749 -3253 -1443 1037 -3496 -5056 -174
750 -3250 -1439 1041 -3496 -5056 -172
751 -3249 -1436 1042 -3493 -5059 -169
752 -3247 -1440 1047 -3496 -5060 -168
753 -3249 -1435 1046 -3495 -5059 -167
754 -3249 -1433 1045 -3489 -5060 -169
755 -3246 -1434 1047 -3494 -5062 -164
756 -3247 -1431 1049 -3489 -5069 -165
757 -3245 -1430 1048 -3491 -5065 -164
758 -3242 -1427 1048 -3486 -5068 -161
759 -3243 -1427 1051 -3484 -5071 -161
760 -3240 -1428 1050 -3484 -5074 -161
761 -3237 -1428 1052 -3478 -5077 -164
762 -3232 -1428 1052 -3480 -5080 -164
763 -3233 -1432 1048 -3475 -5080 -166
764 -3230 -1431 1048 -3475 -5081 -167
765 -3228 -1434 1045 -3477 -5085 -171
766 -3224 -1435 1040 -3475 -5089 -171
767 -3223 -1438 1039 -3474 -5090 -173
768 -3224 -1436 1038 -3477 -5092 -173
769 -3223 -1440 1032 -3474 -5095 -177
770 -3222 -1440 1036 -3474 -5098 -178
771 -3218 -1439 1029 -3481 -5100 -177
772 -3219 -1444 1032 -3480 -5102 -177
773 -3216 -1443 1030 -3476 -5103 -177
774 -3217 -1443 1033 -3478 -5102 -177
775 -3215 -1439 1034 -3481 -5104 -178
776 -3217 -1439 1033 -3482 -5102 -174
777 -3215 -1440 1036 -3484 -5102 -171
778 -3213 -1440 1037 -3487 -5099 -171
779 -3215 -1437 1040 -3491 -5099 -169
780 -3217 -1433 1040 -3495 -5096 -170
781 -3213 -1433 1043 -3494 -5094 -163
782 -3218 -1431 1043 -3499 -5093 -163
783 -3216 -1426 1044 -3504 -5092 -162
784 -3218 -1425 1044 -3501 -5086 -162
785 -3218 -1421 1050 -3504 -5087 -158
786 -3220 -1425 1051 -3504 -5083 -153
787 -3221 -1427 1051 -3500 -5077 -157
788 -3222 -1426 1052 -3499 -5076 -158
789 -3223 -1423 1051 -3501 -5072 -158
790 -3226 -1428 1050 -3500 -5071 -160
791 -3225 -1428 1051 -3501 -5067 -162
792 -3232 -1433 1048 -3499 -5067 -159
793 -3231 -1435 1048 -3501 -5063 -166
794 -3236 -1439 1046 -3500 -5062 -170
795 -3242 -1442 1045 -3497 -5059 -171
796 -3241 -1441 1039 -3498 -5057 -175
797 -3246 -1444 1036 -3494 -5057 -176
798 -3246 -1440 1037 -3493 -5057 -179
799 -3252 -1444 1035 -3489 -5057 -180
800 -3253 -1444 1034 -3482 -5056 -178
801 -3254 -1447 1036 -3483 -5055 -179
802 -3255 -1445 1035 -3475 -5054 -178
803 -3258 -1445 1035 -3472 -5057 -180
804 -3258 -1444 1039 -3469 -5060 -181
805 -3257 -1441 1043 -3466 -5061 -180
806 -3258 -1437 1044 -3460 -5060 -176
807 -3262 -1436 1044 -3458 -5063 -174
808 -3263 -1435 1049 -3456 -5067 -175
809 -3267 -1434 1049 -3456 -5070 -172
810 -3268 -1427 1049 -3450 -5073 -172
811 -3271 -1427 1049 -3446 -5078 -167
812 -3274 -1424 1054 -3440 -5079 -171
813 -3272 -1425 1052 -3440 -5085 -165
814 -3273 -1426 1055 -3434 -5087 -166
815 -3275 -1421 1058 -3430 -5088 -163
816 -3274 -1423 1059 -3431 -5090 -164
817 -3272 -1423 1058 -3428 -5096 -167
818 -3272 -1421 1054 -3428 -5102 -169
819 -3270 -1420 1055 -3430 -5102 -167
820 -3267 -1423 1053 -3433 -5103 -171
821 -3268 -1423 1050 -3431 -5106 -170
822 -3264 -1422 1050 -3437 -5107 -173
823 -3261 -1428 1045 -3438 -5107 -176
824 -3263 -1427 1044 -3441 -5108 -178
825 -3261 -1430 1047 -3438 -5109 -175
826 -3257 -1432 1041 -3439 -5109 -178
827 -3255 -1430 1041 -3439 -5110 -182
828 -3251 -1435 1043 -3445 -5109 -182
829 -3252 -1437 1038 -3447 -5105 -178
830 -3251 -1435 1036 -3450 -5104 -179
831 -3252 -1437 1037 -3450 -5103 -179
832 -3252 -1439 1039 -3452 -5097 -179
833 -3248 -1435 1039 -3453 -5094 -176
834 -3249 -1436 1041 -3458 -5095 -176
835 -3245 -1431 1042 -3460 -5088 -175
836 -3248 -1431 1047 -3464 -5088 -172
837 -3247 -1431 1044 -3466 -5085 -171
838 -3248 -1430 1046 -3469 -5082 -168
839 -3245 -1430 1049 -3466 -5078 -167
840 -3242 -1431 1052 -3469 -5077 -167
841 -3247 -1426 1048 -3473 -5071 -166
842 -3244 -1425 1050 -3477 -5070 -168
843 -3245 -1429 1051 -3475 -5070 -167
844 -3245 -1427 1053 -3480 -5065 -164
845 -3246 -1431 1049 -3480 -5061 -165
846 -3246 -1430 1049 -3483 -5059 -167
847 -3245 -1432 1052 -3479 -5059 -165
848 -3247 -1430 1050 -3481 -5059 -167
849 -3246 -1433 1048 -3480 -5058 -168
850 -3245 -1433 1047 -3482 -5061 -171
851 -3244 -1432 1046 -3480 -5061 -171
852 -3250 -1438 1043 -3481 -5064 -172
853 -3250 -1441 1042 -3481 -5067 -174
854 -3248 -1443 1042 -3480 -5066 -173
855 -3252 -1445 1038 -3479 -5070 -177
856 -3251 -1440 1038 -3476 -5073 -176
857 -3253 -1439 1037 -3479 -5070 -175
858 -3248 -1440 1038 -3480 -5073 -176
859 -3248 -1440 1038 -3481 -5077 -173
860 -3246 -1437 1038 -3482 -5078 -169
861 -3248 -1440 1038 -3484 -5080 -174
862 -3244 -1439 1042 -3483 -5083 -170
863 -3244 -1432 1042 -3485 -5085 -170
864 -3242 -1433 1042 -3486 -5086 -170
865 -3239 -1431 1043 -3486 -5088 -163
866 -3237 -1432 1048 -3485 -5087 -165
867 -3234 -1430 1046 -3486 -5089 -162
868 -3233 -1430 1050 -3485 -5087 -162
869 -3230 -1427 1050 -3486 -5088 -159
870 -3228 -1427 1051 -3484 -5089 -163
871 -3227 -1425 1049 -3486 -5084 -158
872 -3227 -1426 1050 -3486 -5083 -159
873 -3224 -1426 1047 -3490 -5083 -162
874 -3223 -1430 1047 -3491 -5080 -163
875 -3223 -1433 1046 -3493 -5077 -166
876 -3226 -1432 1047 -3492 -5078 -165
877 -3221 -1433 1044 -3493 -5072 -169
878 -3219 -1434 1041 -3493 -5072 -170
879 -3221 -1439 1039 -3497 -5069 -170
880 -3219 -1439 1038 -3499 -5069 -175
881 -3220 -1441 1036 -3497 -5066 -175
882 -3217 -1443 1036 -3501 -5065 -171
883 -3218 -1446 1035 -3502 -5065 -175
884 -3217 -1441 1035 -3502 -5060 -171
885 -3214 -1440 1034 -3504 -5059 -173
886 -3213 -1443 1034 -3508 -5061 -174
887 -3217 -1441 1036 -3509 -5061 -170
888 -3214 -1441 1035 -3508 -5065 -170
889 -3212 -1436 1039 -3510 -5066 -169
890 -3212 -1438 1039 -3506 -5068 -166
891 -3207 -1434 1042 -3505 -5073 -164
892 -3208 -1432 1041 -3506 -5077 -163
893 -3210 -1427 1043 -3505 -5081 -160
894 -3208 -1429 1045 -3503 -5086 -161
895 -3209 -1427 1046 -3504 -5086 -163
896 -3212 -1430 1045 -3500 -5091 -159
897 -3213 -1429 1050 -3499 -5090 -157
898 -3217 -1430 1049 -3494 -5096 -161
899 -3216 -1430 1048 -3492 -5098 -161
900 -3220 -1428 1050 -3489 -5100 -163
901 -3225 -1428 1048 -3483 -5100 -167
902 -3231 -1427 1047 -3481 -5098 -169
903 -3234 -1428 1045 -3475 -5095 -169
904 -3241 -1431 1046 -3474 -5096 -171
905 -3243 -1431 1044 -3465 -5095 -172
906 -3248 -1432 1047 -3461 -5093 -175
907 -3252 -1435 1039 -3457 -5090 -177
908 -3259 -1439 1040 -3454 -5089 -177
909 -3261 -1438 1040 -3448 -5086 -179
910 -3265 -1440 1040 -3448 -5087 -182
911 -3270 -1437 1039 -3441 -5086 -181
912 -3272 -1435 1038 -3443 -5085 -179
913 -3275 -1439 1043 -3438 -5084 -178
914 -3276 -1435 1043 -3436 -5084 -178
915 -3279 -1431 1044 -3432 -5080 -178
916 -3280 -1433 1049 -3434 -5079 -176
917 -3284 -1432 1047 -3429 -5078 -176
918 -3286 -1431 1052 -3431 -5077 -176
919 -3288 -1431 1046 -3429 -5077 -173
920 -3288 -1431 1050 -3430 -5077 -170
921 -3283 -1430 1054 -3427 -5074 -171
922 -3289 -1427 1056 -3432 -5076 -172
923 -3289 -1427 1055 -3431 -5072 -172
924 -3290 -1427 1056 -3431 -5071 -173
925 -3289 -1426 1056 -3436 -5067 -169
926 -3285 -1426 1057 -3439 -5067 -168
927 -3285 -1425 1054 -3442 -5069 -170
928 -3282 -1424 1055 -3443 -5065 -170
929 -3278 -1427 1054 -3448 -5069 -173
930 -3277 -1426 1053 -3450 -5072 -175
931 -3274 -1431 1046 -3453 -5073 -174
932 -3271 -1435 1048 -3455 -5075 -172
933 -3269 -1434 1044 -3460 -5080 -172
934 -3263 -1433 1044 -3460 -5081 -176
935 -3260 -1436 1044 -3463 -5083 -175
936 -3255 -1435 1042 -3467 -5090 -181
937 -3250 -1436 1039 -3469 -5087 -176
938 -3248 -1435 1039 -3474 -5091 -178
939 -3241 -1439 1038 -3476 -5094 -179
940 -3243 -1436 1040 -3479 -5096 -179
941 -3242 -1438 1038 -3478 -5090 -174
942 -3239 -1438 1040 -3479 -5090 -176
943 -3240 -1440 1037 -3481 -5092 -173
944 -3236 -1433 1039 -3481 -5092 -172
945 -3238 -1434 1043 -3479 -5091 -170
946 -3238 -1437 1043 -3479 -5087 -170
947 -3237 -1434 1046 -3477 -5087 -168
948 -3239 -1433 1049 -3478 -5085 -164
949 -3234 -1431 1045 -3475 -5083 -167
950 -3237 -1428 1051 -3477 -5085 -162
951 -3235 -1426 1047 -3475 -5084 -166
952 -3235 -1424 1048 -3477 -5081 -163
953 -3237 -1427 1047 -3475 -5086 -163
954 -3240 -1426 1046 -3476 -5084 -165
955 -3242 -1426 1049 -3475 -5084 -162
956 -3238 -1428 1047 -3474 -5085 -167
957 -3236 -1431 1047 -3470 -5084 -167
958 -3238 -1429 1045 -3471 -5086 -170
959 -3239 -1432 1043 -3470 -5084 -171
960 -3239 -1434 1045 -3472 -5084 -170
961 -3242 -1436 1042 -3468 -5080 -171
962 -3240 -1437 1042 -3468 -5081 -176
963 -3243 -1437 1041 -3467 -5078 -173
964 -3242 -1439 1039 -3466 -5073 -173
965 -3244 -1440 1040 -3467 -5075 -176
966 -3244 -1440 1038 -3469 -5075 -176
967 -3244 -1443 1039 -3470 -5074 -176
968 -3245 -1443 1037 -3472 -5069 -174
969 -3244 -1441 1036 -3477 -5069 -172
970 -3240 -1443 1039 -3483 -5071 -172
971 -3237 -1438 1038 -3485 -5072 -174
972 -3236 -1438 1037 -3491 -5073 -171
973 -3235 -1435 1040 -3493 -5077 -170
974 -3229 -1435 1041 -3497 -5076 -170
975 -3227 -1432 1043 -3501 -5080 -165
976 -3224 -1433 1044 -3508 -5080 -165
977 -3221 -1434 1043 -3514 -5084 -165
978 -3218 -1433 1046 -3514 -5083 -161
979 -3213 -1432 1043 -3518 -5082 -160
980 -3209 -1434 1042 -3523 -5080 -164
981 -3209 -1433 1045 -3522 -5082 -160
982 -3210 -1435 1043 -3524 -5077 -162
983 -3211 -1436 1044 -3527 -5075 -163
984 -3212 -1436 1040 -3526 -5068 -160
985 -3214 -1436 1039 -3524 -5062 -163
986 -3211 -1437 1042 -3520 -5061 -165
987 -3215 -1437 1038 -3521 -5055 -167
988 -3218 -1436 1040 -3522 -5054 -167
989 -3216 -1440 1040 -3520 -5053 -169
990 -3220 -1439 1039 -3518 -5052 -167
991 -3223 -1441 1040 -3513 -5053 -168
992 -3223 -1439 1037 -3513 -5058 -169
993 -3222 -1440 1037 -3509 -5062 -172
994 -3222 -1438 1036 -3504 -5064 -175
995 -3223 -1436 1037 -3498 -5069 -170
996 -3222 -1436 1040 -3497 -5074 -170
997 -3223 -1438 1042 -3498 -5078 -172
998 -3226 -1439 1041 -3491 -5086 -170
999 -3223 -1435 1043 -3484 -5092 -171
