0 256 -905 787 1150 -1038 31
1 255 -900 785 1152 -1038 32
2 259 -899 788 1153 -1041 30
3 253 -902 785 1157 -1038 31
4 256 -900 787 1156 -1038 36
5 256 -902 787 1155 -1039 33
6 259 -901 789 1155 -1039 32
7 258 -899 787 1154 -1035 32
8 259 -900 789 1156 -1039 32
9 256 -898 786 1158 -1039 29
10 254 -898 787 1156 -1038 33
11 255 -900 787 1153 -1040 33
12 256 -900 789 1151 -1035 30
13 259 -901 789 1152 -1036 33
14 259 -901 788 1149 -1035 31
15 261 -901 785 1151 -1039 31
16 258 -899 789 1159 -1038 33
17 253 -901 787 1160 -1039 28
18 254 -897 787 1161 -1040 35
19 257 -900 787 1160 -1043 35
20 257 -899 788 1155 -1041 31
21 259 -901 788 1150 -1038 32
22 261 -902 788 1153 -1036 30
23 257 -901 787 1158 -1042 31
24 258 -900 789 1156 -1040 32
25 257 -900 791 1158 -1036 32
26 256 -901 789 1157 -1037 30
27 255 -901 789 1153 -1040 29
28 258 -902 786 1156 -1037 32
29 259 -900 789 1154 -1035 32
30 259 -901 789 1152 -1039 28
31 257 -900 791 1154 -1037 31
32 258 -899 788 1154 -1040 35
33 256 -902 790 1151 -1038 32
34 254 -903 788 1153 -1037 36
35 255 -900 787 1151 -1038 30
36 259 -901 790 1149 -1037 34
37 261 -899 788 1150 -1039 34
38 258 -900 789 1152 -1041 32
39 256 -900 788 1159 -1039 34
40 254 -901 790 1158 -1037 30
41 254 -899 789 1158 -1035 36
42 258 -901 787 1154 -1037 32
43 259 -898 788 1153 -1038 33
44 259 -897 788 1157 -1039 30
45 257 -898 788 1159 -1039 33
46 256 -902 788 1161 -1038 33
47 256 -900 785 1161 -1036 31
48 256 -900 790 1158 -1039 34
49 259 -900 789 1152 -1038 33
50 260 -901 788 1148 -1038 31
51 259 -899 787 1150 -1036 33
52 260 -899 785 1153 -1039 31
53 257 -902 789 1157 -1038 32
54 256 -901 788 1158 -1037 31
55 256 -897 787 1157 -1036 34
56 257 -899 791 1155 -1033 35
57 259 -900 788 1150 -1033 35
58 258 -903 789 1151 -1034 34
59 261 -899 789 1154 -1037 34
60 262 -900 788 1160 -1038 33
61 256 -899 789 1159 -1040 32
62 257 -899 787 1161 -1038 31
63 258 -898 788 1157 -1038 34
64 259 -897 790 1156 -1040 31
65 256 -899 788 1154 -1037 34
66 256 -899 786 1155 -1039 33
67 255 -900 788 1158 -1039 32
68 257 -899 788 1163 -1038 35
69 255 -899 790 1162 -1040 33
70 254 -900 790 1157 -1037 32
71 257 -899 789 1150 -1037 31
72 257 -899 791 1151 -1035 34
73 261 -898 790 1149 -1035 36
74 262 -900 787 1156 -1040 32
75 257 -902 788 1156 -1038 32
76 255 -899 791 1156 -1040 31
77 256 -896 791 1156 -1036 32
78 256 -900 787 1154 -1034 34
79 257 -899 788 1148 -1039 32
80 259 -898 788 1147 -1037 32
81 259 -904 785 1154 -1037 31
82 259 -900 787 1157 -1039 33
83 256 -900 783 1161 -1041 33
84 253 -899 793 1160 -1038 30
85 257 -901 788 1157 -1037 32
86 254 -898 791 1157 -1041 35
87 256 -899 789 1153 -1036 34
88 260 -901 788 1154 -1040 31
89 260 -898 788 1158 -1041 33
90 257 -898 789 1162 -1039 35
91 253 -902 789 1164 -1037 33
92 259 -900 788 1155 -1034 34
93 256 -899 789 1155 -1032 32
94 259 -898 789 1148 -1036 35
95 261 -899 787 1152 -1034 33
96 260 -900 790 1154 -1038 34
97 257 -896 789 1158 -1037 31
98 254 -898 790 1157 -1039 31
99 256 -899 785 1158 -1037 31
100 258 -899 789 1155 -1038 36
101 259 -900 790 1153 -1039 33
102 261 -898 785 1148 -1037 35
103 260 -897 790 1151 -1038 35
104 258 -898 787 1154 -1035 31
105 258 -900 787 1161 -1038 32
106 257 -900 788 1161 -1039 33
107 256 -898 788 1157 -1042 29
108 253 -901 790 1154 -1041 31
109 255 -902 789 1155 -1037 33
110 259 -900 787 1156 -1040 36
111 257 -900 788 1156 -1035 33
112 253 -904 785 1159 -1036 31
113 257 -900 790 1158 -1036 33
114 260 -900 789 1156 -1039 35
115 260 -899 790 1156 -1038 36
116 260 -900 789 1150 -1037 35
117 259 -899 788 1149 -1036 35
118 259 -899 790 1156 -1037 36
119 258 -901 792 1160 -1038 33
120 255 -900 791 1160 -1040 32
121 257 -899 786 1158 -1039 32
122 260 -901 791 1154 -1040 36
123 262 -898 789 1150 -1037 33
124 265 -898 786 1147 -1036 37
125 262 -901 790 1153 -1039 35
126 259 -902 790 1155 -1037 33
127 259 -901 789 1162 -1038 32
128 256 -897 790 1161 -1036 31
129 254 -898 791 1161 -1036 36
130 258 -896 785 1158 -1038 33
131 256 -898 791 1156 -1037 33
132 258 -899 788 1156 -1036 36
133 258 -898 791 1158 -1039 32
134 258 -900 790 1159 -1038 33
135 254 -897 789 1158 -1038 33
136 256 -900 791 1155 -1036 31
137 257 -902 789 1152 -1037 33
138 257 -898 790 1151 -1036 34
139 257 -899 791 1154 -1035 35
140 260 -902 789 1156 -1038 32
141 255 -902 788 1156 -1039 30
142 256 -897 788 1159 -1039 34
143 258 -898 788 1157 -1039 33
144 262 -901 787 1154 -1035 34
145 260 -901 792 1152 -1036 33
146 262 -901 790 1150 -1035 33
147 263 -900 788 1149 -1037 30
148 259 -903 784 1156 -1039 34
149 258 -901 787 1159 -1039 34
150 258 -900 788 1161 -1041 31
151 253 -902 789 1158 -1039 31
152 257 -902 790 1155 -1038 37
153 259 -899 790 1151 -1035 34
154 260 -898 786 1154 -1036 32
155 260 -898 788 1153 -1037 31
156 258 -902 791 1160 -1037 34
157 255 -900 787 1159 -1038 32
158 256 -899 787 1153 -1038 31
159 255 -902 788 1155 -1037 32
160 257 -901 786 1151 -1037 33
161 256 -899 788 1152 -1037 35
162 259 -900 791 1158 -1040 33
163 256 -899 794 1163 -1040 32
164 259 -896 789 1162 -1038 32
165 258 -898 793 1158 -1041 34
166 258 -899 788 1156 -1038 34
167 261 -900 790 1148 -1035 32
168 261 -900 787 1152 -1036 33
169 262 -898 790 1155 -1035 30
170 260 -898 791 1157 -1032 35
171 258 -898 793 1159 -1040 32
172 253 -898 789 1165 -1038 33
173 254 -900 789 1160 -1039 33
174 257 -900 789 1156 -1038 32
175 261 -900 789 1155 -1033 34
176 261 -896 788 1151 -1037 32
177 256 -900 788 1156 -1037 34
178 258 -900 791 1157 -1038 34
179 258 -896 788 1161 -1038 36
180 257 -899 786 1161 -1037 32
181 256 -899 790 1157 -1034 33
182 260 -901 787 1151 -1039 34
183 260 -902 786 1150 -1036 34
184 258 -903 789 1154 -1037 33
185 258 -897 787 1157 -1040 31
186 257 -901 788 1159 -1041 32
187 255 -897 789 1158 -1040 34
188 259 -898 782 1156 -1041 33
189 256 -899 788 1153 -1038 31
190 261 -900 790 1152 -1037 35
191 259 -899 790 1152 -1038 33
192 259 -902 789 1152 -1038 34
193 257 -899 785 1157 -1039 33
194 256 -898 789 1160 -1038 33
195 256 -899 787 1159 -1041 34
196 255 -898 790 1156 -1037 33
197 258 -903 788 1151 -1037 31
198 258 -900 786 1151 -1037 33
199 260 -900 791 1153 -1038 34
200 257 -899 789 1157 -1039 34
201 258 -898 790 1159 -1037 34
202 256 -899 789 1159 -1039 32
203 257 -900 788 1155 -1040 32
204 255 -900 787 1152 -1033 36
205 261 -900 791 1153 -1037 33
206 260 -900 790 1157 -1041 34
207 259 -898 788 1159 -1037 34
208 259 -898 790 1157 -1039 35
209 256 -897 788 1162 -1036 36
210 258 -900 787 1155 -1033 33
211 256 -899 788 1155 -1039 34
212 262 -900 787 1154 -1038 33
213 257 -898 789 1154 -1038 32
214 260 -900 792 1155 -1036 33
215 255 -897 791 1159 -1035 35
216 259 -899 792 1156 -1035 35
217 258 -900 789 1157 -1034 29
218 258 -900 789 1156 -1036 34
219 258 -900 790 1157 -1038 35
220 260 -899 788 1157 -1034 35
221 260 -898 789 1157 -1036 35
222 258 -893 789 1158 -1036 35
223 256 -896 793 1160 -1037 34
224 258 -898 791 1156 -1034 34
225 261 -899 786 1155 -1037 32
226 263 -898 791 1150 -1037 37
227 262 -897 789 1154 -1034 35
228 262 -900 792 1155 -1034 34
229 260 -901 788 1158 -1036 34
230 255 -898 788 1160 -1036 35
231 257 -897 787 1163 -1040 34
232 258 -898 791 1160 -1038 35
233 258 -899 795 1159 -1035 37
234 259 -897 788 1156 -1037 35
235 258 -899 790 1155 -1035 32
236 261 -900 791 1156 -1034 32
237 258 -899 791 1158 -1036 35
238 259 -899 789 1155 -1038 35
239 255 -901 788 1155 -1034 35
240 259 -898 787 1152 -1033 35
241 260 -899 789 1155 -1035 34
242 258 -898 792 1157 -1037 34
243 261 -896 791 1158 -1039 33
244 260 -898 785 1159 -1038 35
245 258 -898 790 1158 -1038 30
246 262 -897 790 1156 -1036 35
247 258 -898 793 1152 -1034 32
248 264 -899 791 1151 -1033 33
249 263 -898 786 1154 -1036 34
250 261 -902 786 1158 -1036 34
251 258 -902 788 1157 -1038 34
252 254 -899 791 1159 -1036 31
253 255 -900 789 1161 -1036 32
254 254 -898 792 1161 -1037 34
255 255 -899 790 1157 -1034 33
256 257 -902 790 1156 -1038 30
257 258 -898 790 1154 -1037 36
258 262 -902 787 1154 -1041 32
259 259 -900 788 1153 -1039 32
260 258 -899 791 1160 -1037 36
261 258 -897 791 1156 -1037 34
262 258 -897 791 1158 -1038 30
263 259 -901 792 1155 -1040 34
264 257 -896 789 1158 -1039 32
265 255 -896 789 1156 -1037 33
266 260 -898 788 1155 -1038 34
267 257 -899 787 1157 -1036 33
268 257 -901 790 1152 -1036 34
269 259 -902 788 1147 -1037 33
270 262 -897 791 1152 -1036 36
271 264 -900 788 1150 -1033 35
272 261 -902 787 1151 -1036 31
273 261 -901 789 1155 -1036 34
274 257 -897 787 1161 -1036 31
275 255 -899 787 1163 -1038 31
276 254 -897 790 1160 -1035 35
277 255 -898 789 1157 -1037 34
278 259 -900 789 1155 -1037 33
279 261 -901 783 1156 -1039 33
280 259 -900 787 1155 -1037 33
281 256 -900 790 1158 -1037 31
282 258 -901 787 1156 -1037 33
283 259 -902 788 1155 -1037 33
284 258 -898 789 1158 -1036 34
285 257 -895 794 1156 -1036 33
286 259 -897 789 1158 -1036 34
287 257 -898 786 1158 -1040 35
288 258 -900 787 1159 -1040 34
289 257 -899 788 1158 -1038 30
290 256 -899 791 1154 -1037 32
291 258 -900 789 1149 -1036 34
292 256 -901 793 1144 -1036 31
293 259 -902 788 1148 -1034 32
294 260 -901 785 1151 -1038 32
295 256 -899 786 1153 -1037 31
296 257 -901 788 1158 -1044 31
297 255 -899 787 1163 -1041 33
298 255 -900 790 1156 -1041 34
299 257 -900 789 1156 -1037 32
300 257 -902 790 1155 -1038 33
301 261 -899 791 1152 -1038 33
302 262 -899 788 1155 -1037 35
303 257 -900 787 1158 -1041 30
304 258 -900 788 1158 -1038 34
305 254 -899 789 1157 -1040 35
306 257 -899 787 1154 -1038 32
307 256 -901 790 1155 -1038 32
308 258 -898 790 1156 -1038 33
309 258 -899 789 1157 -1037 31
310 258 -899 787 1157 -1042 32
311 255 -902 786 1158 -1039 30
312 256 -900 788 1159 -1039 36
313 257 -898 790 1153 -1033 33
314 260 -901 789 1149 -1036 32
315 261 -902 789 1149 -1036 35
316 262 -898 789 1148 -1034 34
317 264 -898 789 1156 -1035 32
318 257 -902 788 1162 -1042 31
319 258 -901 788 1164 -1040 32
320 252 -897 789 1158 -1038 32
321 253 -899 791 1159 -1037 36
322 257 -900 789 1154 -1036 31
323 260 -900 788 1152 -1036 31
324 261 -901 788 1155 -1039 33
325 257 -900 794 1155 -1038 32
326 258 -901 791 1157 -1037 34
327 259 -899 788 1158 -1037 37
328 257 -900 790 1156 -1039 33
329 257 -901 790 1154 -1040 36
330 259 -898 794 1156 -1034 30
331 260 -903 787 1158 -1037 32
332 259 -901 791 1156 -1038 31
333 254 -900 788 1159 -1039 32
334 257 -899 789 1156 -1038 34
335 259 -899 791 1152 -1038 34
336 262 -900 788 1149 -1036 33
337 259 -902 791 1150 -1035 34
338 259 -897 791 1154 -1034 36
339 257 -901 788 1157 -1039 36
340 255 -898 791 1159 -1039 34
341 259 -901 794 1162 -1040 34
342 257 -899 790 1158 -1038 34
343 254 -899 788 1156 -1041 33
344 258 -901 790 1155 -1037 31
345 263 -899 789 1154 -1034 35
346 257 -900 791 1154 -1036 35
347 258 -900 791 1154 -1037 33
348 260 -900 788 1156 -1036 33
349 260 -900 788 1157 -1037 34
350 259 -899 791 1154 -1039 35
351 258 -897 787 1158 -1038 34
352 259 -901 785 1155 -1036 34
353 259 -898 790 1153 -1038 32
354 258 -901 791 1161 -1038 31
355 256 -899 788 1160 -1039 32
356 253 -902 790 1154 -1034 34
357 255 -903 784 1157 -1032 34
358 257 -903 789 1149 -1034 33
359 263 -901 787 1147 -1034 34
360 261 -901 790 1150 -1036 33
361 257 -899 789 1158 -1040 37
362 258 -898 788 1162 -1042 30
363 254 -897 789 1164 -1041 31
364 257 -897 790 1164 -1039 31
365 255 -899 788 1159 -1041 33
366 261 -901 789 1156 -1038 31
367 256 -898 790 1151 -1036 35
368 258 -902 787 1153 -1036 36
369 259 -899 787 1152 -1034 32
370 259 -898 789 1155 -1036 35
371 262 -897 787 1158 -1037 35
372 255 -900 787 1154 -1037 32
373 256 -898 790 1154 -1040 33
374 255 -902 786 1155 -1039 32
375 257 -901 788 1157 -1042 31
376 256 -902 791 1160 -1039 29
377 257 -898 788 1158 -1041 35
378 256 -900 788 1159 -1037 32
379 260 -900 788 1150 -1039 32
380 260 -900 789 1146 -1033 31
381 263 -900 787 1146 -1035 33
382 261 -903 787 1147 -1041 31
383 256 -900 789 1156 -1042 33
384 258 -898 787 1166 -1041 31
385 251 -899 789 1166 -1045 30
386 252 -898 786 1166 -1043 33
387 254 -899 792 1160 -1040 33
388 256 -899 789 1154 -1039 32
389 256 -902 784 1151 -1037 35
390 260 -899 784 1147 -1036 33
391 260 -902 786 1148 -1034 35
392 254 -901 789 1151 -1036 30
393 255 -900 787 1158 -1038 30
394 256 -901 787 1159 -1040 33
395 256 -902 788 1155 -1038 36
396 256 -898 790 1156 -1039 31
397 259 -901 789 1161 -1039 31
398 256 -901 789 1159 -1036 33
399 258 -897 790 1153 -1039 33
400 261 -900 788 1153 -1040 34
401 258 -899 788 1148 -1038 35
402 262 -903 785 1148 -1038 32
403 263 -899 787 1152 -1037 35
404 258 -899 790 1150 -1041 34
405 255 -898 789 1159 -1042 32
406 256 -898 786 1163 -1040 33
407 253 -898 788 1164 -1040 31
408 250 -901 791 1162 -1043 30
409 257 -901 790 1155 -1042 34
410 255 -903 791 1151 -1036 34
411 259 -901 788 1145 -1038 31
412 262 -898 787 1149 -1035 35
413 258 -901 786 1151 -1037 35
414 259 -904 790 1156 -1036 32
415 254 -899 785 1156 -1039 35
416 255 -900 786 1159 -1041 35
417 254 -901 788 1153 -1040 34
418 258 -899 789 1157 -1039 33
419 257 -902 787 1158 -1038 32
420 257 -900 787 1154 -1039 34
421 259 -898 786 1152 -1038 32
422 259 -900 786 1151 -1041 30
423 258 -901 789 1149 -1036 32
424 262 -901 787 1149 -1037 33
425 260 -901 788 1150 -1039 35
426 255 -902 789 1157 -1040 31
427 254 -900 789 1162 -1041 28
428 252 -897 786 1165 -1043 32
429 252 -901 787 1163 -1040 29
430 251 -899 792 1156 -1039 33
431 258 -900 789 1147 -1037 29
432 255 -899 788 1143 -1037 32
433 260 -904 788 1142 -1034 31
434 259 -902 788 1148 -1035 34
435 256 -901 787 1153 -1036 31
436 255 -902 785 1157 -1041 30
437 252 -900 791 1160 -1042 31
438 253 -901 788 1162 -1044 33
439 251 -900 788 1159 -1043 35
440 256 -898 786 1152 -1040 31
441 255 -902 787 1153 -1038 35
442 255 -901 787 1151 -1039 34
443 259 -900 790 1148 -1036 32
444 258 -900 787 1151 -1041 34
445 258 -899 787 1150 -1038 35
446 258 -900 784 1153 -1038 35
447 257 -901 788 1155 -1041 30
448 256 -902 789 1162 -1039 33
449 252 -899 787 1164 -1044 29
450 252 -901 784 1162 -1041 31
451 250 -898 787 1159 -1042 30
452 254 -902 788 1154 -1035 29
453 257 -902 786 1146 -1034 35
454 259 -902 789 1145 -1033 33
455 264 -903 785 1147 -1036 35
456 258 -903 785 1149 -1037 33
457 259 -901 788 1157 -1039 30
458 253 -901 789 1163 -1043 32
459 251 -902 786 1165 -1042 29
460 252 -899 786 1163 -1043 30
461 254 -900 789 1157 -1042 31
462 257 -900 785 1155 -1038 33
463 260 -899 787 1147 -1037 32
464 263 -902 788 1147 -1040 35
465 263 -904 788 1148 -1034 36
466 258 -903 788 1153 -1033 34
467 259 -902 789 1152 -1038 33
468 259 -900 786 1154 -1037 31
469 253 -899 791 1160 -1037 34
470 252 -899 791 1164 -1038 30
471 253 -899 790 1166 -1042 31
472 248 -902 789 1165 -1042 30
473 252 -900 788 1159 -1041 34
474 260 -898 788 1150 -1036 33
475 258 -901 786 1146 -1033 34
476 264 -900 787 1143 -1033 35
477 263 -901 786 1145 -1035 37
478 261 -900 787 1149 -1036 36
479 258 -901 787 1154 -1039 34
480 257 -904 788 1163 -1042 33
481 255 -902 786 1165 -1049 29
482 253 -898 789 1162 -1042 28
483 253 -899 787 1157 -1042 33
484 255 -900 788 1152 -1037 33
485 258 -901 785 1147 -1035 36
486 262 -901 788 1145 -1035 34
487 258 -901 787 1146 -1036 36
488 260 -902 787 1144 -1039 33
489 258 -903 783 1150 -1034 34
490 256 -899 788 1153 -1039 31
491 255 -900 785 1160 -1037 29
492 252 -901 789 1166 -1041 29
493 250 -896 787 1169 -1043 30
494 249 -901 791 1166 -1040 29
495 252 -900 788 1158 -1040 32
496 252 -902 786 1150 -1038 31
497 261 -904 788 1141 -1032 34
498 267 -902 786 1138 -1034 32
499 264 -903 788 1142 -1035 33
500 263 -902 787 1153 -1037 33
501 256 -902 785 1158 -1042 32
502 252 -901 789 1167 -1045 34
503 251 -900 787 1168 -1046 29
504 247 -903 787 1164 -1045 32
505 255 -903 784 1155 -1039 32
506 257 -898 789 1149 -1037 31
507 259 -900 792 1145 -1035 33
508 260 -903 785 1141 -1034 34
509 256 -901 788 1145 -1034 34
510 258 -904 789 1144 -1034 34
511 257 -902 791 1147 -1036 30
512 255 -905 789 1153 -1038 31
513 257 -901 786 1159 -1044 32
514 250 -901 786 1164 -1045 30
515 251 -902 788 1166 -1044 27
516 249 -904 789 1165 -1046 29
517 251 -899 787 1162 -1043 30
518 256 -898 789 1153 -1042 33
519 264 -899 787 1141 -1035 37
520 265 -900 787 1137 -1034 34
521 268 -902 788 1145 -1035 35
522 263 -900 787 1152 -1040 33
523 256 -904 786 1163 -1042 31
524 251 -900 787 1168 -1045 31
525 248 -900 785 1170 -1046 32
526 250 -897 788 1162 -1045 28
527 253 -897 787 1155 -1041 30
528 254 -902 786 1147 -1035 33
529 259 -903 787 1142 -1035 33
530 259 -902 785 1136 -1033 33
531 259 -904 789 1140 -1033 33
532 261 -905 787 1143 -1036 32
533 259 -903 784 1150 -1038 30
534 256 -902 788 1159 -1041 31
535 254 -901 785 1167 -1043 30
536 250 -901 789 1167 -1044 27
537 247 -901 790 1167 -1044 31
538 250 -899 786 1160 -1042 29
539 257 -903 782 1149 -1040 28
540 256 -901 786 1144 -1038 34
541 259 -902 787 1141 -1036 33
542 262 -903 784 1140 -1033 33
543 258 -904 783 1152 -1036 29
544 257 -901 790 1161 -1038 30
545 247 -897 789 1169 -1045 28
546 251 -899 787 1169 -1043 32
547 252 -900 785 1164 -1043 33
548 257 -901 784 1157 -1042 28
549 261 -900 789 1149 -1036 33
550 258 -902 788 1144 -1035 33
551 263 -903 784 1146 -1036 35
552 265 -903 787 1150 -1039 35
553 261 -900 787 1154 -1039 33
554 258 -897 789 1158 -1038 34
555 256 -904 786 1154 -1040 35
556 258 -902 789 1154 -1037 32
557 258 -902 787 1156 -1040 30
558 253 -902 788 1156 -1039 33
559 254 -899 786 1154 -1040 32
560 258 -902 790 1160 -1041 32
561 256 -901 791 1156 -1040 31
562 256 -898 789 1155 -1040 31
563 257 -900 786 1149 -1038 34
564 260 -899 788 1148 -1035 33
565 259 -901 788 1152 -1037 33
566 258 -902 785 1155 -1039 30
567 257 -900 789 1161 -1041 32
568 253 -899 789 1161 -1040 33
569 256 -899 790 1164 -1040 30
570 254 -899 789 1157 -1036 32
571 256 -901 787 1150 -1037 34
572 259 -902 788 1154 -1037 33
573 261 -901 788 1153 -1037 33
574 258 -901 789 1156 -1038 32
575 258 -900 789 1157 -1035 32
576 257 -898 791 1155 -1037 34
577 257 -900 788 1154 -1038 32
578 259 -900 792 1156 -1034 33
579 260 -898 788 1150 -1036 33
580 261 -903 789 1156 -1037 32
581 258 -901 789 1159 -1038 36
582 257 -900 789 1159 -1038 30
583 256 -903 788 1156 -1039 34
584 258 -899 789 1154 -1038 31
585 259 -900 789 1146 -1041 35
586 262 -900 788 1148 -1037 36
587 259 -903 787 1152 -1037 34
588 257 -897 786 1155 -1039 33
589 256 -899 789 1164 -1040 36
590 253 -901 789 1163 -1041 32
591 252 -900 788 1159 -1040 31
592 257 -898 788 1160 -1042 32
593 254 -903 788 1154 -1038 31
594 259 -899 789 1152 -1038 32
595 261 -902 788 1153 -1036 33
596 256 -899 788 1154 -1037 32
597 258 -902 789 1157 -1037 34
598 259 -898 788 1156 -1037 29
599 257 -899 786 1156 -1038 35
600 258 -903 789 1154 -1038 33
601 258 -903 787 1150 -1041 32
602 256 -900 786 1159 -1035 31
603 261 -898 790 1157 -1035 35
604 259 -899 788 1152 -1039 34
605 258 -902 790 1157 -1038 30
606 257 -900 787 1156 -1039 33
607 257 -904 786 1155 -1042 32
608 261 -898 786 1152 -1037 32
609 258 -901 788 1155 -1039 32
610 261 -900 788 1160 -1040 34
611 257 -900 787 1158 -1041 32
612 256 -900 791 1154 -1037 34
613 253 -900 788 1157 -1038 32
614 258 -902 791 1155 -1040 33
615 259 -898 787 1153 -1037 32
616 259 -902 786 1155 -1035 34
617 257 -899 788 1155 -1036 30
618 257 -898 790 1159 -1039 35
619 257 -897 792 1158 -1040 33
620 258 -901 791 1156 -1038 35
621 256 -899 788 1152 -1037 33
622 260 -898 789 1151 -1037 35
623 262 -900 786 1149 -1036 35
624 260 -901 790 1151 -1038 37
625 261 -900 784 1154 -1040 34
626 258 -900 786 1155 -1038 34
627 257 -901 790 1157 -1036 33
628 257 -898 787 1155 -1035 31
629 257 -899 787 1156 -1037 32
630 258 -898 786 1155 -1038 34
631 260 -899 790 1159 -1040 34
632 257 -900 788 1160 -1041 33
633 255 -900 787 1158 -1039 31
634 256 -898 788 1155 -1040 32
635 257 -902 789 1151 -1039 32
636 260 -899 788 1149 -1035 33
637 261 -902 788 1149 -1037 31
638 261 -898 790 1152 -1037 36
639 256 -898 789 1158 -1042 34
640 254 -901 788 1166 -1041 30
641 253 -899 789 1164 -1042 32
642 251 -899 788 1158 -1039 32
643 259 -899 788 1156 -1038 33
644 257 -900 788 1150 -1035 33
645 257 -901 787 1151 -1035 34
646 258 -900 790 1151 -1036 34
647 259 -901 791 1153 -1037 33
648 258 -903 788 1157 -1036 33
649 255 -904 787 1156 -1038 32
650 259 -900 788 1154 -1036 32
651 257 -899 789 1153 -1034 33
652 256 -900 788 1154 -1041 30
653 258 -901 792 1156 -1041 30
654 254 -900 786 1159 -1040 29
655 254 -903 784 1160 -1041 32
656 257 -898 784 1155 -1040 31
657 255 -899 788 1150 -1038 32
658 257 -901 787 1150 -1034 34
659 260 -900 787 1146 -1031 33
660 257 -901 788 1148 -1037 31
661 260 -900 788 1149 -1042 29
662 253 -900 789 1161 -1043 29
663 252 -901 787 1164 -1045 26
664 251 -901 785 1161 -1044 29
665 253 -902 786 1157 -1042 29
666 255 -903 786 1150 -1039 30
667 261 -902 785 1149 -1038 32
668 258 -900 786 1148 -1038 31
669 257 -906 790 1148 -1041 35
670 258 -901 782 1153 -1039 34
671 256 -904 786 1152 -1037 32
672 258 -899 786 1149 -1037 33
673 257 -902 787 1154 -1038 34
674 258 -901 788 1154 -1038 32
675 255 -902 784 1158 -1039 29
676 252 -903 786 1158 -1042 30
677 254 -900 790 1161 -1041 30
678 255 -898 786 1156 -1038 29
679 257 -906 787 1152 -1037 34
680 260 -902 785 1148 -1035 32
681 259 -900 785 1145 -1035 34
682 260 -901 787 1148 -1037 31
683 258 -900 786 1158 -1038 31
684 255 -902 789 1157 -1042 31
685 253 -901 788 1162 -1041 33
686 253 -901 787 1162 -1042 34
687 255 -898 787 1158 -1040 30
688 259 -899 792 1151 -1038 30
689 257 -903 788 1156 -1039 33
690 258 -899 785 1152 -1038 31
691 258 -904 787 1153 -1040 30
692 259 -903 784 1153 -1037 32
693 257 -900 784 1152 -1035 34
694 257 -898 787 1154 -1038 33
695 257 -897 788 1153 -1038 35
696 256 -896 789 1153 -1037 32
697 258 -901 787 1159 -1040 34
698 256 -897 787 1157 -1042 33
699 253 -897 791 1161 -1044 34
700 256 -900 789 1162 -1041 30
701 255 -901 789 1151 -1039 34
702 259 -901 788 1149 -1036 33
703 262 -900 787 1145 -1033 31
704 260 -902 790 1151 -1040 30
705 256 -900 783 1157 -1042 31
706 254 -903 788 1159 -1040 32
707 255 -896 785 1162 -1042 32
708 253 -899 786 1161 -1041 32
709 256 -899 789 1155 -1040 28
710 255 -901 784 1152 -1038 31
711 256 -901 786 1148 -1038 32
712 259 -902 784 1150 -1040 30
713 256 -902 787 1154 -1040 31
714 261 -902 784 1154 -1037 32
715 255 -900 787 1152 -1037 32
716 256 -901 788 1152 -1040 31
717 258 -902 786 1151 -1040 31
718 256 -898 787 1150 -1040 33
719 258 -902 784 1154 -1038 31
720 258 -902 789 1157 -1042 30
721 258 -898 790 1159 -1039 33
722 255 -901 788 1160 -1040 33
723 256 -898 789 1153 -1039 31
724 256 -898 788 1155 -1038 33
725 261 -901 791 1151 -1038 31
726 256 -901 785 1153 -1036 32
727 256 -902 785 1153 -1039 32
728 255 -904 784 1153 -1040 31
729 252 -901 788 1156 -1039 30
730 255 -901 788 1160 -1039 36
731 256 -898 790 1156 -1037 34
732 258 -902 786 1154 -1039 30
733 259 -898 786 1153 -1039 31
734 258 -902 789 1151 -1036 35
735 258 -900 787 1152 -1040 34
736 257 -902 789 1154 -1037 34
737 258 -904 787 1153 -1037 30
738 256 -901 789 1151 -1037 34
739 257 -902 790 1153 -1035 34
740 259 -901 786 1154 -1039 31
741 261 -901 787 1154 -1039 31
742 255 -900 788 1153 -1039 32
743 255 -902 786 1153 -1038 32
744 255 -901 786 1155 -1040 32
745 257 -901 789 1154 -1038 30
746 262 -901 789 1152 -1038 33
747 257 -899 784 1155 -1041 33
748 257 -897 788 1159 -1040 33
749 253 -898 787 1161 -1040 30
750 253 -902 789 1157 -1038 31
751 255 -901 786 1159 -1038 32
752 251 -897 786 1154 -1042 30
753 256 -901 787 1155 -1037 31
754 257 -902 787 1153 -1038 31
755 255 -902 788 1152 -1039 34
756 256 -903 788 1154 -1038 28
757 259 -903 785 1154 -1038 31
758 257 -900 789 1154 -1041 34
759 257 -901 790 1153 -1039 32
760 256 -900 784 1151 -1037 31
761 255 -902 786 1153 -1041 29
762 256 -901 786 1153 -1041 30
763 257 -904 789 1155 -1042 32
764 255 -900 786 1155 -1042 31
765 256 -901 785 1153 -1040 28
766 255 -900 788 1153 -1038 32
767 257 -901 785 1152 -1039 33
768 256 -902 787 1151 -1037 30
769 261 -902 783 1151 -1038 33
770 255 -900 785 1155 -1040 33
771 253 -898 787 1160 -1040 30
772 258 -903 785 1159 -1041 33
773 257 -900 786 1160 -1038 32
774 256 -898 788 1156 -1038 31
775 255 -900 788 1153 -1037 36
776 259 -897 787 1153 -1037 30
777 257 -902 788 1153 -1039 33
778 256 -899 788 1157 -1043 33
779 257 -902 786 1155 -1041 34
780 256 -900 788 1152 -1039 31
781 256 -901 785 1157 -1040 32
782 257 -900 788 1151 -1041 27
783 256 -902 789 1151 -1039 32
784 256 -901 787 1152 -1041 33
785 255 -899 788 1156 -1042 32
786 255 -899 788 1154 -1042 32
787 256 -900 787 1155 -1039 31
788 257 -904 788 1154 -1036 33
789 258 -902 786 1149 -1038 35
790 257 -901 789 1148 -1035 32
791 258 -900 786 1152 -1036 34
792 256 -901 788 1157 -1041 31
793 256 -901 785 1158 -1039 32
794 258 -900 788 1161 -1041 31
795 256 -897 789 1158 -1038 32
796 253 -901 786 1156 -1038 29
797 252 -899 788 1157 -1037 32
798 259 -901 787 1153 -1041 31
799 257 -899 788 1151 -1038 31
800 258 -903 785 1149 -1038 32
801 257 -901 787 1151 -1039 29
802 257 -902 789 1153 -1039 34
803 256 -902 787 1158 -1035 32
804 256 -901 788 1157 -1036 30
805 256 -900 787 1156 -1040 33
806 260 -901 785 1156 -1039 30
807 257 -903 786 1156 -1042 32
808 258 -902 785 1153 -1039 32
809 257 -901 787 1152 -1041 34
810 261 -901 789 1150 -1037 32
811 259 -903 788 1150 -1036 32
812 259 -900 788 1149 -1038 34
813 256 -901 786 1156 -1037 30
814 255 -899 788 1159 -1042 33
815 255 -899 788 1156 -1039 30
816 253 -902 786 1157 -1043 28
817 254 -902 789 1161 -1039 30
818 256 -899 787 1156 -1042 32
819 253 -902 786 1153 -1038 33
820 255 -902 789 1154 -1038 31
821 256 -899 788 1152 -1039 31
822 258 -902 785 1152 -1039 31
823 255 -903 785 1155 -1039 33
824 258 -901 789 1151 -1043 30
825 254 -902 785 1154 -1037 31
826 256 -903 788 1156 -1038 32
827 256 -901 787 1153 -1040 30
828 257 -900 785 1153 -1039 34
829 260 -902 786 1152 -1040 32
830 256 -899 786 1154 -1040 32
831 258 -902 787 1151 -1040 30
832 257 -902 788 1154 -1037 35
833 256 -898 786 1155 -1038 31
834 254 -903 784 1154 -1037 34
835 252 -901 790 1154 -1038 33
836 256 -900 789 1157 -1040 31
837 257 -903 788 1155 -1037 30
838 255 -902 788 1154 -1036 32
839 255 -900 787 1154 -1041 28
840 258 -899 788 1154 -1034 34
841 258 -900 787 1152 -1038 32
842 254 -903 785 1155 -1037 30
843 257 -901 786 1156 -1039 33
844 253 -904 786 1155 -1041 31
845 255 -899 785 1158 -1040 31
846 255 -901 785 1152 -1036 31
847 255 -903 785 1154 -1040 30
848 256 -901 785 1149 -1039 33
849 257 -904 787 1152 -1038 33
850 258 -903 786 1147 -1037 34
851 259 -901 787 1150 -1037 33
852 256 -902 787 1153 -1040 33
853 257 -902 787 1153 -1040 30
854 255 -903 784 1156 -1044 29
855 256 -900 784 1156 -1036 29
856 254 -901 788 1158 -1038 30
857 255 -899 790 1155 -1042 31
858 253 -904 787 1155 -1038 30
859 256 -901 786 1152 -1039 33
860 254 -899 788 1153 -1037 34
861 254 -904 789 1154 -1038 33
862 256 -906 787 1153 -1040 29
863 256 -901 786 1154 -1038 35
864 257 -901 790 1155 -1039 31
865 256 -900 785 1151 -1041 33
866 253 -902 786 1156 -1039 30
867 253 -902 784 1156 -1042 31
868 257 -903 784 1156 -1039 33
869 255 -902 788 1152 -1040 30
870 257 -899 786 1152 -1038 28
871 258 -901 786 1149 -1038 30
872 257 -906 788 1149 -1037 34
873 257 -903 789 1152 -1039 30
874 256 -904 787 1150 -1036 31
875 256 -901 786 1155 -1036 33
876 253 -898 788 1155 -1040 33
877 256 -903 784 1156 -1038 27
878 255 -901 788 1157 -1042 31
879 255 -901 785 1153 -1038 33
880 256 -902 788 1150 -1039 30
881 256 -902 783 1152 -1036 34
882 259 -902 785 1160 -1035 34
883 253 -899 789 1161 -1044 31
884 255 -902 786 1157 -1040 32
885 254 -902 787 1159 -1044 31
886 249 -901 789 1155 -1041 33
887 256 -902 784 1152 -1041 32
888 256 -900 787 1153 -1040 32
889 256 -900 784 1152 -1039 31
890 258 -903 787 1151 -1039 29
891 257 -904 787 1150 -1037 28
892 260 -901 786 1152 -1040 32
893 253 -902 787 1151 -1037 34
894 256 -901 785 1153 -1040 31
895 255 -905 786 1155 -1038 33
896 252 -903 788 1155 -1040 30
897 257 -904 785 1154 -1040 31
898 257 -901 789 1153 -1040 33
899 255 -904 787 1154 -1038 32
900 256 -904 785 1151 -1040 33
901 257 -902 787 1152 -1036 30
902 258 -898 788 1153 -1038 31
903 256 -901 789 1155 -1040 31
904 256 -898 789 1157 -1040 33
905 255 -899 789 1158 -1042 27
906 256 -900 787 1157 -1042 33
907 252 -902 787 1162 -1042 30
908 255 -899 788 1156 -1039 30
909 256 -901 787 1154 -1041 30
910 254 -901 785 1151 -1037 30
911 260 -902 788 1150 -1038 31
912 261 -903 785 1149 -1040 30
913 257 -901 784 1154 -1042 32
914 257 -903 784 1152 -1037 31
915 254 -900 784 1150 -1041 30
916 257 -899 787 1151 -1039 31
917 257 -903 786 1153 -1038 31
918 253 -901 787 1153 -1040 33
919 257 -898 784 1153 -1041 33
920 259 -902 787 1153 -1040 31
921 252 -902 786 1152 -1039 35
922 255 -903 788 1153 -1037 31
923 260 -906 787 1151 -1038 33
924 257 -898 784 1152 -1040 32
925 256 -900 787 1155 -1041 31
926 257 -899 788 1157 -1042 32
927 254 -901 788 1160 -1042 29
928 258 -902 786 1161 -1041 30
929 253 -898 787 1162 -1041 34
930 251 -902 789 1156 -1040 32
931 256 -902 785 1154 -1041 31
932 257 -901 789 1152 -1040 33
933 257 -900 787 1150 -1037 32
934 259 -902 785 1152 -1036 32
935 261 -900 786 1154 -1036 33
936 258 -899 787 1157 -1039 32
937 255 -901 789 1157 -1040 33
938 251 -902 785 1158 -1039 30
939 255 -903 789 1153 -1040 30
940 257 -904 786 1151 -1040 34
941 260 -902 787 1147 -1040 30
942 258 -900 787 1148 -1038 32
943 260 -903 789 1147 -1036 28
944 256 -902 784 1148 -1038 36
945 258 -903 786 1150 -1040 29
946 252 -904 783 1155 -1040 32
947 257 -898 789 1156 -1043 29
948 255 -902 788 1159 -1039 30
949 255 -901 784 1158 -1042 30
950 253 -900 789 1158 -1041 28
951 255 -902 783 1156 -1043 28
952 251 -906 788 1151 -1044 29
953 254 -904 789 1148 -1043 31
954 255 -903 788 1149 -1039 32
955 257 -905 784 1148 -1038 31
956 258 -903 785 1150 -1039 30
957 256 -900 782 1150 -1042 32
958 255 -905 782 1154 -1043 31
959 250 -903 783 1156 -1044 30
960 252 -903 787 1159 -1043 31
961 253 -903 788 1151 -1041 34
962 258 -901 786 1152 -1042 33
963 257 -902 784 1148 -1040 29
964 258 -906 786 1146 -1039 31
965 258 -905 786 1148 -1040 32
966 257 -904 785 1149 -1040 32
967 256 -901 786 1152 -1040 31
968 252 -904 788 1156 -1040 30
969 255 -900 788 1159 -1041 32
970 253 -900 786 1158 -1042 31
971 251 -901 786 1159 -1041 27
972 254 -899 785 1156 -1044 29
973 253 -903 785 1155 -1040 30
974 252 -903 784 1151 -1041 29
975 253 -904 785 1149 -1039 31
976 261 -901 787 1148 -1037 35
977 258 -904 787 1147 -1038 30
978 258 -902 787 1153 -1040 30
979 256 -900 784 1154 -1040 29
980 254 -902 784 1155 -1042 30
981 253 -900 786 1159 -1040 30
982 255 -904 787 1157 -1041 28
983 255 -901 787 1154 -1043 31
984 257 -902 787 1148 -1040 32
985 258 -905 784 1149 -1037 35
986 257 -901 785 1149 -1039 30
987 257 -903 785 1149 -1036 32
988 260 -904 789 1150 -1040 32
989 257 -902 786 1154 -1040 28
990 255 -901 787 1158 -1039 29
991 255 -901 787 1162 -1043 30
992 254 -900 787 1160 -1040 34
993 255 -900 786 1159 -1044 30
994 253 -902 786 1154 -1045 30
995 253 -903 786 1155 -1042 30
996 254 -905 788 1149 -1036 30
997 256 -902 784 1144 -1039 32
998 259 -902 786 1146 -1038 34
999 258 -904 787 1148 -1039 31
0 -3065 4527 991 7578 -4014 -5370
1 -3066 4525 994 7574 -4010 -5369
2 -3064 4524 992 7570 -4006 -5371
3 -3063 4523 994 7565 -4005 -5370
4 -3060 4525 994 7560 -4003 -5367
5 -3059 4522 994 7563 -4003 -5372
6 -3060 4523 993 7566 -4000 -5370
7 -3062 4523 990 7564 -4002 -5370
8 -3059 4521 992 7566 -4004 -5369
9 -3065 4528 994 7571 -4008 -5372
10 -3063 4524 995 7564 -4006 -5371
11 -3062 4524 990 7563 -4004 -5369
12 -3058 4524 990 7567 -4004 -5370
13 -3059 4524 992 7570 -4006 -5373
14 -3061 4526 991 7570 -4004 -5373
15 -3060 4521 990 7571 -4007 -5370
16 -3060 4522 990 7563 -4002 -5369
17 -3064 4523 991 7561 -4001 -5368
18 -3057 4522 993 7551 -4002 -5368
19 -3055 4524 991 7555 -4000 -5369
20 -3054 4520 991 7557 -4000 -5373
21 -3057 4522 991 7569 -4003 -5371
22 -3061 4526 992 7571 -4008 -5373
23 -3061 4522 990 7568 -4003 -5370
24 -3061 4521 990 7560 -4004 -5373
25 -3059 4522 990 7557 -3998 -5371
26 -3053 4520 988 7551 -3998 -5372
27 -3052 4521 991 7550 -3993 -5370
28 -3056 4518 992 7557 -4002 -5368
29 -3055 4523 992 7561 -4000 -5373
30 -3059 4520 986 7563 -4000 -5372
31 -3057 4523 990 7560 -4001 -5372
32 -3059 4522 992 7559 -4001 -5370
33 -3058 4521 994 7559 -3996 -5371
34 -3060 4523 990 7557 -4001 -5375
35 -3056 4520 987 7562 -4001 -5372
36 -3056 4521 992 7563 -4002 -5376
37 -3060 4522 989 7563 -4001 -5374
38 -3059 4520 989 7556 -3999 -5375
39 -3056 4518 987 7554 -3996 -5371
40 -3049 4521 988 7544 -3994 -5372
41 -3050 4521 990 7546 -3992 -5372
42 -3050 4520 992 7550 -3994 -5374
43 -3057 4517 989 7557 -3997 -5376
44 -3055 4518 990 7558 -3999 -5375
45 -3060 4520 991 7560 -3999 -5376
46 -3054 4521 990 7555 -3995 -5373
47 -3053 4519 987 7548 -3993 -5373
48 -3049 4519 988 7546 -3989 -5371
49 -3050 4522 990 7549 -3989 -5370
50 -3052 4521 988 7548 -3995 -5373
51 -3055 4516 985 7552 -3990 -5374
52 -3052 4520 989 7554 -3994 -5375
53 -3055 4517 989 7556 -3995 -5372
54 -3054 4519 989 7552 -3993 -5373
55 -3051 4517 986 7550 -3990 -5372
56 -3049 4518 988 7550 -3995 -5374
57 -3050 4516 993 7551 -3995 -5374
58 -3054 4517 987 7552 -3993 -5376
59 -3055 4517 985 7554 -3995 -5377
60 -3054 4520 988 7551 -3992 -5376
61 -3052 4520 989 7543 -3989 -5377
62 -3049 4522 988 7541 -3987 -5371
63 -3050 4519 988 7543 -3987 -5373
64 -3045 4519 987 7546 -3992 -5374
65 -3049 4518 985 7548 -3991 -5376
66 -3055 4517 989 7547 -3991 -5375
67 -3053 4517 985 7548 -3992 -5376
68 -3050 4514 986 7545 -3990 -5375
69 -3050 4516 988 7541 -3989 -5373
70 -3046 4517 986 7540 -3990 -5370
71 -3048 4517 986 7540 -3984 -5375
72 -3049 4518 987 7540 -3986 -5374
73 -3050 4517 987 7547 -3989 -5373
74 -3051 4516 988 7545 -3991 -5377
75 -3051 4515 987 7542 -3989 -5375
76 -3050 4520 986 7540 -3986 -5376
77 -3046 4519 987 7544 -3987 -5374
78 -3046 4516 988 7549 -3989 -5375
79 -3049 4517 986 7548 -3989 -5375
80 -3048 4519 987 7549 -3990 -5378
81 -3048 4518 986 7541 -3991 -5376
82 -3045 4516 987 7539 -3988 -5373
83 -3047 4520 990 7537 -3985 -5374
84 -3045 4517 984 7535 -3982 -5374
85 -3045 4518 985 7538 -3982 -5372
86 -3045 4519 990 7538 -3985 -5373
87 -3043 4517 986 7543 -3986 -5375
88 -3049 4515 989 7543 -3987 -5375
89 -3047 4514 988 7541 -3986 -5377
90 -3047 4519 988 7537 -3985 -5372
91 -3044 4516 990 7536 -3986 -5375
92 -3044 4515 989 7535 -3986 -5375
93 -3045 4517 991 7537 -3986 -5374
94 -3046 4514 985 7540 -3984 -5377
95 -3046 4515 987 7539 -3987 -5377
96 -3046 4516 987 7536 -3987 -5376
97 -3046 4518 988 7536 -3984 -5377
98 -3043 4517 987 7532 -3983 -5376
99 -3042 4520 984 7537 -3985 -5376
100 -3042 4518 983 7541 -3985 -5376
101 -3046 4517 988 7545 -3987 -5377
102 -3048 4516 985 7542 -3989 -5377
103 -3047 4518 987 7542 -3983 -5375
104 -3046 4519 986 7535 -3983 -5376
105 -3043 4515 990 7528 -3979 -5375
106 -3040 4516 986 7528 -3980 -5373
107 -3040 4516 984 7528 -3986 -5376
108 -3041 4516 986 7536 -3982 -5373
109 -3045 4516 983 7538 -3987 -5376
110 -3045 4519 987 7540 -3985 -5376
111 -3043 4519 987 7534 -3984 -5375
112 -3044 4516 986 7533 -3982 -5375
113 -3041 4518 985 7528 -3982 -5374
114 -3041 4520 987 7533 -3983 -5374
115 -3043 4516 989 7536 -3984 -5373
116 -3040 4517 986 7536 -3984 -5373
117 -3042 4516 988 7535 -3983 -5374
118 -3047 4515 984 7531 -3987 -5375
119 -3041 4514 984 7532 -3981 -5374
120 -3040 4517 986 7528 -3979 -5376
121 -3042 4518 987 7533 -3985 -5375
122 -3041 4518 985 7537 -3988 -5377
123 -3044 4519 986 7540 -3988 -5379
124 -3042 4517 988 7541 -3986 -5374
125 -3043 4516 987 7537 -3984 -5375
126 -3043 4519 987 7530 -3980 -5374
127 -3041 4515 988 7525 -3978 -5374
128 -3039 4517 987 7523 -3977 -5374
129 -3038 4516 989 7528 -3981 -5375
130 -3040 4514 986 7534 -3984 -5375
131 -3044 4516 985 7538 -3985 -5374
132 -3043 4516 985 7539 -3985 -5377
133 -3043 4519 986 7534 -3982 -5376
134 -3042 4517 987 7528 -3981 -5374
135 -3039 4516 987 7528 -3980 -5376
136 -3041 4517 984 7531 -3982 -5373
137 -3041 4518 985 7534 -3984 -5372
138 -3042 4518 989 7534 -3985 -5377
139 -3043 4515 985 7534 -3983 -5374
140 -3043 4516 986 7531 -3978 -5373
141 -3040 4519 988 7527 -3981 -5376
142 -3037 4517 988 7527 -3978 -5370
143 -3040 4518 985 7530 -3982 -5374
144 -3043 4517 988 7536 -3986 -5376
145 -3043 4518 985 7538 -3986 -5375
146 -3042 4516 987 7539 -3986 -5374
147 -3044 4518 986 7534 -3981 -5374
148 -3044 4517 987 7524 -3978 -5372
149 -3039 4519 986 7520 -3980 -5374
150 -3038 4518 988 7522 -3980 -5371
151 -3039 4518 985 7527 -3983 -5373
152 -3042 4518 983 7533 -3984 -5374
153 -3044 4518 986 7538 -3985 -5373
154 -3041 4519 986 7535 -3983 -5374
155 -3042 4520 987 7532 -3983 -5375
156 -3043 4519 989 7529 -3981 -5375
157 -3037 4516 986 7528 -3982 -5373
158 -3041 4521 986 7532 -3978 -5374
159 -3041 4519 987 7534 -3984 -5372
160 -3040 4516 989 7537 -3983 -5371
161 -3042 4517 989 7535 -3982 -5374
162 -3043 4518 985 7535 -3977 -5374
163 -3041 4520 990 7528 -3979 -5372
164 -3040 4520 988 7528 -3982 -5372
165 -3040 4519 989 7531 -3980 -5376
166 -3041 4518 987 7538 -3983 -5372
167 -3045 4520 986 7541 -3985 -5374
168 -3045 4519 986 7541 -3984 -5375
169 -3045 4519 986 7533 -3985 -5372
170 -3044 4515 987 7529 -3979 -5374
171 -3039 4518 986 7524 -3981 -5374
172 -3037 4518 988 7527 -3978 -5374
173 -3039 4520 984 7529 -3982 -5371
174 -3041 4518 986 7540 -3986 -5376
175 -3045 4518 987 7540 -3985 -5375
176 -3044 4516 986 7540 -3986 -5373
177 -3043 4519 987 7531 -3984 -5372
178 -3041 4518 989 7531 -3979 -5374
179 -3040 4516 988 7529 -3983 -5372
180 -3042 4520 986 7536 -3980 -5372
181 -3042 4519 989 7540 -3981 -5375
182 -3042 4519 987 7540 -3987 -5376
183 -3047 4521 990 7537 -3985 -5373
184 -3044 4518 985 7533 -3980 -5376
185 -3040 4517 989 7531 -3984 -5375
186 -3041 4516 989 7528 -3982 -5374
187 -3041 4518 989 7534 -3983 -5373
188 -3043 4520 985 7539 -3983 -5374
189 -3045 4519 987 7535 -3986 -5375
190 -3046 4519 986 7537 -3984 -5374
191 -3044 4518 988 7534 -3984 -5374
192 -3042 4521 986 7532 -3983 -5372
193 -3041 4516 989 7530 -3979 -5373
194 -3038 4521 987 7533 -3984 -5375
195 -3040 4519 989 7537 -3983 -5372
196 -3040 4521 987 7540 -3987 -5371
197 -3043 4522 989 7540 -3987 -5377
198 -3044 4521 987 7537 -3987 -5377
199 -3043 4518 986 7535 -3987 -5371
200 -3042 4519 985 7536 -3983 -5371
201 -3043 4520 986 7533 -3982 -5372
202 -3050 4516 987 7535 -3984 -5373
203 -3047 4519 986 7541 -3984 -5375
204 -3048 4518 983 7538 -3984 -5373
205 -3044 4521 989 7536 -3985 -5373
206 -3044 4519 986 7530 -3984 -5375
207 -3042 4519 988 7531 -3981 -5375
208 -3042 4520 987 7535 -3983 -5374
209 -3040 4520 985 7540 -3986 -5374
210 -3048 4518 990 7545 -3990 -5375
211 -3047 4521 988 7540 -3986 -5372
212 -3044 4518 989 7538 -3987 -5375
213 -3042 4516 981 7536 -3984 -5373
214 -3041 4518 989 7530 -3985 -5374
215 -3043 4516 988 7533 -3984 -5374
216 -3041 4519 987 7535 -3987 -5373
217 -3044 4519 986 7534 -3989 -5375
218 -3045 4519 986 7540 -3986 -5377
219 -3045 4520 986 7539 -3986 -5374
220 -3044 4518 988 7538 -3984 -5372
221 -3047 4521 985 7537 -3985 -5377
222 -3049 4517 988 7539 -3986 -5378
223 -3048 4519 988 7540 -3985 -5374
224 -3048 4520 986 7543 -3988 -5375
225 -3049 4516 988 7539 -3986 -5376
226 -3050 4517 986 7536 -3989 -5376
227 -3048 4516 986 7536 -3985 -5374
228 -3044 4515 986 7536 -3983 -5379
229 -3045 4518 985 7534 -3982 -5375
230 -3046 4516 984 7538 -3984 -5374
231 -3047 4515 985 7542 -3988 -5377
232 -3048 4517 985 7546 -3989 -5377
233 -3050 4518 983 7541 -3991 -5378
234 -3050 4512 985 7538 -3987 -5374
235 -3044 4516 985 7534 -3985 -5374
236 -3043 4515 986 7533 -3983 -5376
237 -3043 4520 985 7534 -3983 -5374
238 -3047 4517 986 7538 -3984 -5376
239 -3051 4518 987 7548 -3986 -5375
240 -3050 4519 986 7546 -3986 -5377
241 -3051 4515 987 7544 -3985 -5376
242 -3047 4517 987 7541 -3985 -5375
243 -3047 4516 986 7539 -3982 -5376
244 -3045 4517 986 7541 -3983 -5376
245 -3045 4518 986 7545 -3984 -5377
246 -3051 4518 988 7549 -3987 -5376
247 -3048 4515 989 7547 -3984 -5378
248 -3048 4516 986 7540 -3985 -5373
249 -3047 4515 988 7535 -3985 -5373
250 -3046 4515 987 7532 -3979 -5374
251 -3043 4513 987 7534 -3981 -5372
252 -3046 4517 987 7543 -3986 -5376
253 -3048 4518 985 7547 -3987 -5378
254 -3049 4516 989 7545 -3986 -5374
255 -3047 4516 988 7544 -3990 -5378
256 -3051 4515 986 7542 -3986 -5374
257 -3044 4515 984 7536 -3982 -5380
258 -3042 4515 984 7534 -3984 -5377
259 -3044 4516 988 7536 -3984 -5374
260 -3045 4516 987 7543 -3987 -5378
261 -3047 4516 987 7549 -3989 -5379
262 -3051 4511 985 7545 -3988 -5377
263 -3050 4514 984 7542 -3986 -5378
264 -3051 4516 985 7540 -3984 -5374
265 -3045 4514 986 7538 -3981 -5377
266 -3048 4517 983 7539 -3983 -5376
267 -3050 4515 985 7548 -3985 -5376
268 -3049 4515 985 7552 -3988 -5375
269 -3049 4514 989 7552 -3987 -5380
270 -3048 4516 988 7544 -3983 -5379
271 -3045 4510 986 7534 -3982 -5379
272 -3040 4514 984 7531 -3978 -5376
273 -3041 4515 987 7535 -3980 -5378
274 -3044 4513 983 7542 -3985 -5383
275 -3044 4513 984 7550 -3990 -5380
276 -3050 4516 983 7548 -3990 -5381
277 -3049 4515 983 7547 -3989 -5382
278 -3048 4512 981 7540 -3985 -5381
279 -3044 4509 979 7532 -3981 -5377
280 -3042 4515 984 7531 -3979 -5377
281 -3043 4512 981 7533 -3978 -5377
282 -3042 4510 984 7543 -3983 -5377
283 -3050 4511 982 7546 -3985 -5381
284 -3051 4511 986 7548 -3986 -5382
285 -3049 4512 984 7545 -3981 -5382
286 -3051 4512 985 7540 -3983 -5381
287 -3048 4511 981 7539 -3980 -5383
288 -3048 4509 984 7542 -3982 -5384
289 -3052 4508 980 7545 -3985 -5382
290 -3051 4512 983 7547 -3984 -5385
291 -3049 4509 982 7540 -3982 -5383
292 -3046 4509 980 7537 -3979 -5383
293 -3045 4509 981 7532 -3977 -5378
294 -3039 4510 976 7531 -3978 -5382
295 -3041 4509 983 7533 -3980 -5383
296 -3043 4508 979 7537 -3984 -5384
297 -3044 4508 977 7546 -3984 -5383
298 -3048 4509 981 7546 -3988 -5386
299 -3045 4511 982 7544 -3985 -5384
300 -3044 4510 980 7532 -3979 -5383
301 -3042 4507 979 7527 -3975 -5382
302 -3041 4502 981 7527 -3975 -5385
303 -3045 4509 983 7535 -3979 -5383
304 -3046 4505 978 7539 -3979 -5386
305 -3050 4505 982 7542 -3982 -5385
306 -3052 4505 979 7540 -3982 -5386
307 -3053 4507 980 7536 -3982 -5388
308 -3048 4504 981 7533 -3980 -5387
309 -3045 4504 981 7533 -3977 -5388
310 -3050 4505 979 7533 -3981 -5387
311 -3049 4503 979 7541 -3979 -5384
312 -3046 4503 980 7540 -3980 -5389
313 -3049 4504 979 7539 -3983 -5385
314 -3047 4504 976 7539 -3981 -5387
315 -3044 4503 981 7531 -3979 -5385
316 -3038 4506 979 7534 -3976 -5387
317 -3038 4503 978 7536 -3978 -5386
318 -3043 4505 979 7539 -3981 -5387
319 -3046 4506 980 7537 -3980 -5391
320 -3043 4505 977 7536 -3977 -5390
321 -3040 4502 976 7532 -3977 -5388
322 -3041 4502 977 7521 -3973 -5387
323 -3040 4501 974 7523 -3971 -5389
324 -3041 4499 977 7528 -3970 -5389
325 -3047 4501 978 7534 -3970 -5392
326 -3052 4501 980 7540 -3974 -5392
327 -3051 4502 979 7539 -3974 -5389
328 -3047 4502 980 7531 -3972 -5391
329 -3044 4499 980 7524 -3969 -5388
330 -3041 4499 974 7520 -3966 -5389
331 -3037 4504 974 7525 -3973 -5391
332 -3037 4498 978 7535 -3976 -5390
333 -3048 4501 973 7542 -3981 -5393
334 -3044 4502 976 7542 -3981 -5392
335 -3045 4501 974 7541 -3976 -5390
336 -3041 4503 975 7529 -3977 -5391
337 -3036 4499 975 7527 -3970 -5390
338 -3037 4502 975 7521 -3968 -5391
339 -3036 4498 973 7526 -3971 -5393
340 -3040 4494 973 7528 -3974 -5394
341 -3043 4500 976 7531 -3975 -5394
342 -3043 4500 973 7527 -3974 -5393
343 -3042 4498 975 7522 -3969 -5394
344 -3041 4500 975 7516 -3966 -5396
345 -3040 4496 973 7519 -3967 -5394
346 -3040 4496 974 7522 -3969 -5395
347 -3040 4494 973 7528 -3969 -5395
348 -3045 4497 973 7529 -3968 -5395
349 -3042 4496 974 7523 -3968 -5392
350 -3042 4492 972 7522 -3971 -5395
351 -3036 4496 972 7514 -3965 -5392
352 -3035 4496 973 7518 -3963 -5392
353 -3033 4493 973 7524 -3964 -5393
354 -3038 4498 974 7532 -3971 -5397
355 -3044 4497 970 7537 -3971 -5397
356 -3047 4498 975 7533 -3973 -5398
357 -3045 4496 975 7528 -3970 -5398
358 -3037 4495 975 7518 -3965 -5397
359 -3034 4494 972 7510 -3963 -5396
360 -3032 4495 970 7511 -3958 -5394
361 -3032 4492 970 7517 -3962 -5394
362 -3035 4493 971 7525 -3967 -5400
363 -3039 4492 971 7527 -3971 -5400
364 -3038 4494 972 7523 -3967 -5395
365 -3038 4493 971 7516 -3962 -5396
366 -3029 4490 969 7509 -3959 -5397
367 -3032 4492 968 7510 -3958 -5397
368 -3030 4491 969 7513 -3961 -5398
369 -3032 4492 968 7520 -3962 -5399
370 -3036 4491 972 7521 -3962 -5399
371 -3035 4491 970 7518 -3958 -5400
372 -3035 4489 965 7513 -3963 -5400
373 -3036 4491 968 7508 -3961 -5399
374 -3031 4490 968 7510 -3957 -5399
375 -3031 4487 968 7513 -3960 -5400
376 -3035 4492 967 7525 -3964 -5401
377 -3039 4496 970 7523 -3964 -5402
378 -3038 4492 969 7517 -3963 -5401
379 -3033 4490 969 7507 -3957 -5403
380 -3029 4489 964 7504 -3958 -5400
381 -3026 4487 967 7500 -3953 -5399
382 -3030 4487 966 7505 -3956 -5401
383 -3033 4489 968 7510 -3960 -5400
384 -3033 4488 967 7518 -3961 -5401
385 -3040 4488 968 7518 -3960 -5403
386 -3036 4488 965 7509 -3958 -5401
387 -3034 4489 967 7499 -3955 -5401
388 -3028 4488 963 7498 -3950 -5403
389 -3025 4486 963 7499 -3951 -5404
390 -3029 4485 967 7506 -3956 -5401
391 -3035 4485 964 7511 -3955 -5402
392 -3035 4486 967 7514 -3961 -5403
393 -3035 4484 966 7510 -3954 -5405
394 -3031 4485 963 7502 -3955 -5405
395 -3026 4485 964 7497 -3951 -5404
396 -3028 4486 963 7494 -3952 -5404
397 -3026 4483 961 7504 -3954 -5403
398 -3031 4485 965 7507 -3955 -5408
399 -3036 4484 964 7510 -3960 -5406
400 -3039 4483 965 7509 -3956 -5405
401 -3031 4487 963 7503 -3952 -5406
402 -3025 4485 964 7492 -3950 -5406
403 -3020 4480 963 7490 -3946 -5403
404 -3021 4482 963 7493 -3947 -5403
405 -3026 4482 964 7501 -3954 -5406
406 -3031 4482 963 7511 -3954 -5406
407 -3032 4484 965 7507 -3952 -5403
408 -3030 4481 961 7503 -3953 -5402
409 -3025 4484 962 7496 -3947 -5403
410 -3022 4480 963 7487 -3947 -5405
411 -3023 4482 961 7491 -3947 -5407
412 -3022 4480 960 7496 -3948 -5408
413 -3030 4480 960 7505 -3951 -5408
414 -3027 4480 962 7501 -3950 -5409
415 -3023 4485 961 7495 -3950 -5405
416 -3023 4483 963 7487 -3946 -5405
417 -3019 4480 962 7486 -3942 -5405
418 -3020 4480 963 7491 -3945 -5407
419 -3020 4481 957 7499 -3947 -5407
420 -3027 4483 964 7506 -3951 -5407
421 -3026 4483 961 7503 -3948 -5408
422 -3026 4480 960 7497 -3946 -5408
423 -3025 4484 960 7489 -3945 -5405
424 -3018 4480 963 7483 -3943 -5405
425 -3019 4479 964 7483 -3941 -5406
426 -3021 4478 962 7489 -3941 -5407
427 -3021 4480 961 7494 -3944 -5407
428 -3025 4482 959 7501 -3950 -5410
429 -3026 4480 959 7503 -3951 -5406
430 -3023 4479 960 7494 -3946 -5408
431 -3023 4481 964 7484 -3940 -5408
432 -3015 4479 962 7481 -3943 -5407
433 -3020 4477 959 7483 -3941 -5408
434 -3021 4478 960 7490 -3943 -5407
435 -3018 4480 958 7493 -3941 -5409
436 -3024 4480 959 7493 -3945 -5408
437 -3021 4481 959 7490 -3944 -5412
438 -3019 4478 957 7486 -3943 -5409
439 -3020 4477 959 7480 -3940 -5410
440 -3019 4479 961 7489 -3942 -5408
441 -3018 4478 959 7492 -3940 -5411
442 -3024 4480 961 7496 -3947 -5410
443 -3024 4480 959 7496 -3944 -5411
444 -3024 4478 959 7489 -3938 -5409
445 -3022 4475 959 7479 -3939 -5409
446 -3014 4478 956 7476 -3936 -5406
447 -3014 4477 962 7479 -3935 -5404
448 -3017 4478 959 7487 -3937 -5412
449 -3017 4477 959 7492 -3943 -5411
450 -3021 4478 957 7497 -3943 -5412
451 -3023 4480 959 7493 -3943 -5411
452 -3021 4479 959 7487 -3939 -5412
453 -3016 4479 961 7476 -3934 -5410
454 -3016 4478 957 7473 -3937 -5411
455 -3015 4476 958 7480 -3939 -5407
456 -3014 4479 960 7487 -3939 -5406
457 -3021 4478 957 7489 -3938 -5411
458 -3021 4479 962 7486 -3936 -5409
459 -3019 4478 961 7484 -3937 -5409
460 -3014 4481 959 7485 -3937 -5409
461 -3015 4479 958 7483 -3936 -5409
462 -3013 4478 957 7484 -3938 -5411
463 -3016 4480 959 7490 -3939 -5412
464 -3021 4478 959 7492 -3941 -5417
465 -3020 4477 960 7494 -3938 -5408
466 -3018 4477 959 7486 -3934 -5409
467 -3014 4480 961 7477 -3937 -5408
468 -3009 4482 959 7476 -3932 -5408
469 -3012 4479 959 7480 -3930 -5409
470 -3013 4482 960 7483 -3937 -5411
471 -3014 4476 959 7492 -3939 -5409
472 -3019 4478 961 7494 -3942 -5410
473 -3019 4480 961 7489 -3941 -5412
474 -3021 4479 956 7483 -3935 -5414
475 -3012 4478 956 7477 -3936 -5411
476 -3012 4478 960 7474 -3933 -5410
477 -3012 4476 961 7478 -3932 -5410
478 -3018 4476 958 7484 -3936 -5412
479 -3019 4477 956 7489 -3938 -5414
480 -3016 4479 960 7486 -3937 -5414
481 -3020 4476 957 7483 -3935 -5413
482 -3013 4477 960 7476 -3931 -5411
483 -3014 4478 959 7476 -3934 -5410
484 -3014 4477 960 7486 -3936 -5411
485 -3014 4478 959 7489 -3939 -5415
486 -3021 4480 959 7491 -3943 -5415
487 -3020 4477 956 7488 -3943 -5411
488 -3020 4474 957 7482 -3935 -5413
489 -3016 4477 955 7473 -3932 -5413
490 -3012 4476 958 7473 -3934 -5410
491 -3009 4477 958 7477 -3934 -5413
492 -3012 4474 958 7485 -3937 -5410
493 -3019 4477 956 7491 -3942 -5414
494 -3023 4477 959 7495 -3942 -5413
495 -3021 4474 959 7488 -3938 -5413
496 -3019 4478 959 7477 -3937 -5412
497 -3014 4477 959 7471 -3932 -5412
498 -3011 4474 960 7475 -3933 -5410
499 -3014 4476 960 7479 -3937 -5412
500 -3018 4475 957 7489 -3937 -5410
501 -3021 4478 959 7491 -3938 -5414
502 -3020 4481 960 7489 -3939 -5411
503 -3018 4475 957 7486 -3939 -5410
504 -3019 4478 957 7478 -3936 -5410
505 -3014 4475 958 7481 -3937 -5410
506 -3019 4475 957 7481 -3936 -5411
507 -3017 4475 958 7489 -3940 -5418
508 -3020 4474 956 7488 -3940 -5412
509 -3020 4478 958 7485 -3936 -5414
510 -3019 4479 958 7484 -3936 -5410
511 -3016 4476 959 7475 -3932 -5412
512 -3013 4476 958 7474 -3934 -5408
513 -3013 4477 958 7481 -3936 -5409
514 -3017 4477 958 7494 -3939 -5409
515 -3023 4480 961 7499 -3942 -5412
516 -3024 4476 957 7497 -3939 -5411
517 -3022 4480 960 7492 -3939 -5413
518 -3019 4478 959 7479 -3936 -5412
519 -3013 4477 960 7471 -3936 -5410
520 -3013 4477 959 7473 -3935 -5408
521 -3013 4475 954 7485 -3934 -5411
522 -3016 4474 957 7492 -3940 -5409
523 -3024 4476 959 7496 -3947 -5414
524 -3027 4478 960 7498 -3944 -5414
525 -3020 4478 957 7488 -3936 -5411
526 -3019 4475 958 7482 -3938 -5411
527 -3019 4479 958 7481 -3937 -5410
528 -3018 4479 960 7484 -3939 -5411
529 -3022 4477 957 7485 -3941 -5413
530 -3020 4474 958 7493 -3940 -5413
531 -3024 4478 962 7490 -3940 -5411
532 -3023 4476 960 7488 -3940 -5414
533 -3017 4475 960 7482 -3936 -5412
534 -3019 4475 960 7480 -3941 -5411
535 -3020 4475 956 7485 -3943 -5412
536 -3023 4473 959 7492 -3946 -5414
537 -3027 4476 957 7499 -3944 -5414
538 -3027 4477 959 7497 -3947 -5411
539 -3026 4474 958 7490 -3944 -5412
540 -3021 4477 956 7485 -3940 -5411
541 -3019 4474 960 7482 -3937 -5407
542 -3018 4475 958 7485 -3940 -5412
543 -3023 4477 961 7491 -3943 -5412
544 -3025 4474 960 7499 -3948 -5411
545 -3027 4475 962 7500 -3946 -5409
546 -3025 4477 960 7495 -3945 -5411
547 -3025 4475 958 7485 -3942 -5410
548 -3022 4473 960 7484 -3940 -5409
549 -3024 4475 959 7482 -3942 -5410
550 -3025 4479 958 7490 -3944 -5414
551 -3025 4472 958 7497 -3950 -5412
552 -3028 4476 960 7502 -3951 -5412
553 -3029 4478 958 7500 -3946 -5411
554 -3027 4477 961 7493 -3943 -5411
555 -3023 4477 961 7487 -3945 -5412
556 -3021 4476 960 7487 -3943 -5409
557 -3021 4478 959 7491 -3947 -5412
558 -3024 4476 958 7498 -3949 -5409
559 -3028 4476 958 7502 -3951 -5412
560 -3031 4475 958 7498 -3949 -5410
561 -3028 4477 960 7494 -3946 -5412
562 -3025 4478 958 7491 -3942 -5410
563 -3027 4477 961 7489 -3945 -5409
564 -3024 4477 959 7494 -3948 -5409
565 -3026 4477 958 7501 -3949 -5411
566 -3028 4476 959 7505 -3950 -5412
567 -3035 4479 959 7507 -3950 -5411
568 -3031 4479 961 7496 -3947 -5412
569 -3028 4476 960 7491 -3944 -5408
570 -3027 4481 960 7489 -3945 -5411
571 -3023 4479 961 7494 -3946 -5409
572 -3024 4477 961 7502 -3950 -5411
573 -3028 4477 961 7506 -3948 -5412
574 -3034 4481 959 7512 -3951 -5409
575 -3034 4479 961 7506 -3953 -5407
576 -3031 4480 962 7504 -3950 -5409
577 -3025 4475 963 7500 -3948 -5410
578 -3024 4480 963 7495 -3946 -5408
579 -3024 4480 962 7502 -3948 -5409
580 -3029 4480 963 7508 -3950 -5409
581 -3030 4477 962 7510 -3949 -5410
582 -3033 4480 960 7506 -3949 -5409
583 -3031 4478 963 7504 -3945 -5410
584 -3031 4478 960 7499 -3950 -5409
585 -3029 4477 962 7502 -3948 -5411
586 -3023 4478 958 7506 -3947 -5408
587 -3033 4482 960 7508 -3949 -5408
588 -3035 4481 964 7511 -3955 -5412
589 -3037 4477 960 7511 -3952 -5411
590 -3035 4479 961 7504 -3947 -5410
591 -3028 4477 963 7502 -3951 -5409
592 -3030 4478 960 7501 -3948 -5408
593 -3030 4480 961 7507 -3950 -5413
594 -3029 4479 960 7509 -3957 -5409
595 -3037 4479 961 7517 -3958 -5412
596 -3036 4480 960 7518 -3957 -5413
597 -3033 4478 962 7513 -3952 -5410
598 -3035 4479 963 7506 -3953 -5412
599 -3030 4478 963 7502 -3952 -5407
600 -3028 4480 962 7507 -3952 -5411
601 -3031 4478 961 7512 -3955 -5413
602 -3038 4477 958 7517 -3959 -5411
603 -3038 4480 960 7521 -3958 -5412
604 -3041 4481 960 7514 -3956 -5408
605 -3037 4479 961 7512 -3955 -5410
606 -3034 4479 960 7505 -3952 -5406
607 -3034 4482 962 7506 -3955 -5411
608 -3032 4478 962 7512 -3955 -5408
609 -3037 4477 961 7513 -3954 -5414
610 -3039 4478 962 7519 -3957 -5408
611 -3042 4478 963 7519 -3956 -5411
612 -3036 4479 961 7511 -3956 -5408
613 -3033 4480 960 7510 -3954 -5409
614 -3034 4476 962 7511 -3954 -5410
615 -3036 4477 964 7515 -3956 -5410
616 -3035 4480 961 7517 -3958 -5413
617 -3040 4478 962 7519 -3961 -5413
618 -3041 4479 961 7520 -3963 -5411
619 -3042 4478 962 7514 -3958 -5410
620 -3036 4479 960 7511 -3957 -5411
621 -3037 4478 963 7510 -3954 -5412
622 -3033 4480 961 7516 -3957 -5413
623 -3036 4482 960 7520 -3957 -5414
624 -3043 4482 961 7526 -3959 -5415
625 -3043 4478 962 7526 -3965 -5412
626 -3044 4479 961 7520 -3961 -5416
627 -3040 4481 959 7507 -3955 -5412
628 -3037 4476 962 7512 -3957 -5410
629 -3035 4477 957 7512 -3956 -5410
630 -3039 4479 959 7517 -3960 -5413
631 -3039 4476 961 7523 -3961 -5414
632 -3042 4480 960 7526 -3963 -5413
633 -3045 4480 961 7523 -3963 -5414
634 -3039 4479 958 7516 -3957 -5414
635 -3038 4479 961 7513 -3957 -5410
636 -3040 4477 961 7513 -3961 -5412
637 -3035 4479 960 7518 -3962 -5414
638 -3040 4479 959 7524 -3959 -5410
639 -3043 4478 958 7523 -3961 -5413
640 -3045 4475 961 7518 -3961 -5411
641 -3042 4477 960 7516 -3958 -5415
642 -3039 4475 961 7517 -3960 -5413
643 -3036 4475 963 7515 -3955 -5413
644 -3039 4478 962 7520 -3959 -5411
645 -3037 4478 959 7523 -3961 -5413
646 -3043 4476 958 7528 -3962 -5412
647 -3048 4478 959 7526 -3964 -5413
648 -3043 4478 960 7523 -3960 -5413
649 -3040 4476 963 7518 -3956 -5412
650 -3038 4477 959 7518 -3957 -5414
651 -3039 4477 960 7513 -3958 -5411
652 -3042 4476 961 7524 -3960 -5412
653 -3042 4475 959 7529 -3962 -5414
654 -3047 4478 959 7527 -3964 -5416
655 -3048 4479 960 7527 -3964 -5413
656 -3045 4477 959 7519 -3963 -5414
657 -3041 4474 959 7513 -3958 -5412
658 -3039 4476 958 7512 -3959 -5413
659 -3041 4476 957 7517 -3963 -5411
660 -3042 4475 960 7520 -3963 -5416
661 -3045 4474 958 7524 -3967 -5416
662 -3049 4475 958 7523 -3962 -5413
663 -3042 4473 958 7516 -3960 -5414
664 -3046 4476 961 7516 -3956 -5412
665 -3038 4476 958 7516 -3960 -5412
666 -3041 4476 958 7520 -3957 -5415
667 -3042 4474 962 7526 -3962 -5413
668 -3044 4475 958 7524 -3966 -5412
669 -3049 4475 963 7523 -3965 -5416
670 -3044 4476 961 7525 -3963 -5414
671 -3043 4476 959 7518 -3960 -5412
672 -3044 4475 959 7517 -3960 -5415
673 -3042 4474 959 7518 -3960 -5414
674 -3039 4472 960 7521 -3961 -5412
675 -3044 4476 960 7527 -3964 -5414
676 -3047 4478 960 7527 -3961 -5413
677 -3045 4475 959 7524 -3965 -5414
678 -3043 4478 957 7518 -3962 -5412
679 -3043 4475 961 7515 -3961 -5414
680 -3040 4474 960 7513 -3959 -5416
681 -3044 4476 956 7519 -3963 -5417
682 -3041 4475 960 7520 -3964 -5414
683 -3041 4476 960 7527 -3966 -5416
684 -3042 4472 963 7524 -3962 -5416
685 -3044 4476 959 7517 -3958 -5417
686 -3040 4473 957 7516 -3953 -5414
687 -3039 4475 961 7516 -3957 -5413
688 -3040 4475 958 7521 -3962 -5413
689 -3040 4476 957 7523 -3965 -5413
690 -3045 4473 960 7526 -3963 -5416
691 -3045 4478 960 7528 -3963 -5416
692 -3044 4475 960 7524 -3961 -5412
693 -3042 4476 959 7518 -3958 -5412
694 -3042 4470 960 7517 -3958 -5417
695 -3041 4472 957 7516 -3958 -5412
696 -3042 4471 958 7523 -3956 -5416
697 -3042 4475 960 7527 -3963 -5415
698 -3044 4474 961 7525 -3962 -5415
699 -3044 4473 960 7518 -3961 -5420
700 -3042 4471 956 7517 -3961 -5413
701 -3042 4475 957 7520 -3961 -5413
702 -3041 4477 956 7518 -3959 -5415
703 -3043 4474 958 7521 -3962 -5415
704 -3042 4474 959 7523 -3959 -5416
705 -3042 4476 959 7520 -3961 -5414
706 -3040 4473 957 7516 -3958 -5415
707 -3039 4475 960 7511 -3959 -5416
708 -3039 4469 957 7509 -3959 -5416
709 -3039 4470 957 7514 -3958 -5413
710 -3041 4471 957 7521 -3959 -5417
711 -3044 4473 957 7523 -3960 -5417
712 -3044 4476 957 7526 -3964 -5419
713 -3047 4475 960 7523 -3959 -5418
714 -3043 4473 958 7518 -3962 -5415
715 -3039 4476 957 7516 -3956 -5413
716 -3038 4475 958 7516 -3958 -5416
717 -3038 4473 956 7516 -3959 -5417
718 -3044 4474 957 7519 -3958 -5417
719 -3044 4477 959 7518 -3959 -5417
720 -3041 4473 958 7520 -3960 -5415
721 -3042 4473 959 7517 -3956 -5414
722 -3040 4471 958 7514 -3956 -5411
723 -3042 4477 959 7510 -3957 -5419
724 -3042 4468 957 7512 -3955 -5419
725 -3041 4473 956 7514 -3956 -5419
726 -3040 4472 956 7516 -3962 -5417
727 -3042 4472 958 7516 -3957 -5414
728 -3039 4471 958 7513 -3954 -5415
729 -3038 4473 957 7504 -3953 -5413
730 -3035 4474 956 7511 -3954 -5413
731 -3035 4473 959 7511 -3959 -5418
732 -3042 4470 954 7516 -3958 -5419
733 -3045 4473 957 7521 -3961 -5421
734 -3044 4474 957 7520 -3960 -5418
735 -3047 4474 954 7519 -3956 -5418
736 -3039 4473 959 7513 -3958 -5414
737 -3036 4471 958 7511 -3952 -5416
738 -3035 4475 958 7512 -3951 -5416
739 -3041 4475 960 7514 -3954 -5418
740 -3041 4473 958 7521 -3959 -5417
741 -3041 4472 959 7518 -3958 -5421
742 -3040 4474 956 7518 -3960 -5418
743 -3041 4470 955 7512 -3953 -5416
744 -3040 4470 956 7510 -3954 -5418
745 -3036 4472 957 7506 -3954 -5416
746 -3034 4477 957 7510 -3955 -5417
747 -3036 4472 957 7512 -3954 -5418
748 -3039 4473 956 7519 -3956 -5417
749 -3040 4470 956 7513 -3957 -5414
750 -3039 4471 955 7511 -3955 -5419
751 -3038 4472 960 7508 -3950 -5415
752 -3035 4471 957 7502 -3953 -5417
753 -3034 4470 954 7506 -3954 -5417
754 -3037 4473 958 7512 -3954 -5414
755 -3038 4470 958 7517 -3954 -5419
756 -3042 4471 959 7514 -3956 -5419
757 -3039 4474 960 7508 -3954 -5419
758 -3039 4473 958 7505 -3954 -5417
759 -3036 4471 956 7505 -3950 -5418
760 -3035 4471 956 7507 -3953 -5417
761 -3037 4470 959 7513 -3956 -5418
762 -3038 4471 955 7517 -3958 -5419
763 -3039 4474 957 7513 -3957 -5422
764 -3043 4473 956 7510 -3953 -5423
765 -3042 4475 955 7510 -3955 -5420
766 -3034 4469 959 7501 -3953 -5416
767 -3036 4473 956 7502 -3952 -5418
768 -3034 4473 955 7509 -3955 -5416
769 -3036 4473 958 7515 -3955 -5416
770 -3041 4472 954 7514 -3957 -5418
771 -3039 4472 958 7507 -3954 -5418
772 -3037 4471 955 7499 -3953 -5417
773 -3032 4473 958 7494 -3949 -5417
774 -3035 4471 957 7494 -3951 -5412
775 -3033 4471 954 7501 -3952 -5415
776 -3034 4472 956 7511 -3955 -5417
777 -3041 4474 956 7516 -3954 -5417
778 -3042 4473 956 7518 -3953 -5418
779 -3039 4471 957 7511 -3956 -5416
780 -3034 4475 961 7511 -3952 -5416
781 -3032 4473 962 7505 -3953 -5416
782 -3033 4473 961 7502 -3950 -5416
783 -3032 4474 959 7508 -3949 -5414
784 -3038 4475 959 7510 -3952 -5415
785 -3038 4474 960 7509 -3956 -5416
786 -3037 4473 959 7511 -3952 -5414
787 -3035 4474 955 7507 -3954 -5415
788 -3035 4476 958 7504 -3952 -5414
789 -3034 4475 957 7504 -3949 -5415
790 -3035 4473 956 7505 -3950 -5415
791 -3035 4471 959 7508 -3952 -5416
792 -3036 4474 957 7508 -3955 -5418
793 -3033 4473 956 7506 -3951 -5416
794 -3033 4471 961 7503 -3951 -5416
795 -3031 4474 958 7494 -3947 -5413
796 -3029 4473 957 7496 -3947 -5416
797 -3030 4475 957 7505 -3949 -5413
798 -3033 4474 959 7510 -3955 -5415
799 -3035 4476 958 7512 -3955 -5417
800 -3038 4476 955 7510 -3954 -5416
801 -3038 4474 959 7508 -3953 -5416
802 -3035 4474 957 7506 -3953 -5414
803 -3031 4474 958 7502 -3948 -5413
804 -3030 4474 961 7502 -3948 -5415
805 -3029 4474 959 7504 -3954 -5414
806 -3038 4474 956 7508 -3954 -5414
807 -3035 4474 957 7512 -3953 -5415
808 -3037 4476 961 7511 -3951 -5411
809 -3032 4477 958 7506 -3953 -5410
810 -3033 4478 959 7502 -3950 -5413
811 -3033 4478 956 7504 -3951 -5412
812 -3034 4476 958 7504 -3952 -5417
813 -3034 4477 959 7510 -3954 -5411
814 -3037 4477 960 7510 -3950 -5412
815 -3034 4474 962 7500 -3950 -5411
816 -3030 4473 956 7499 -3948 -5411
817 -3030 4474 958 7495 -3947 -5412
818 -3028 4474 960 7500 -3949 -5411
819 -3031 4476 958 7509 -3951 -5412
820 -3033 4475 960 7510 -3955 -5413
821 -3039 4481 960 7516 -3958 -5414
822 -3038 4475 958 7510 -3956 -5415
823 -3038 4477 959 7509 -3952 -5411
824 -3035 4476 961 7503 -3953 -5414
825 -3032 4475 960 7503 -3951 -5412
826 -3037 4476 958 7503 -3948 -5410
827 -3036 4479 959 7506 -3952 -5408
828 -3036 4476 962 7512 -3953 -5410
829 -3036 4475 961 7512 -3955 -5412
830 -3039 4478 961 7509 -3952 -5408
831 -3037 4479 961 7510 -3953 -5411
832 -3035 4477 959 7506 -3955 -5415
833 -3034 4478 957 7508 -3952 -5409
834 -3035 4477 960 7511 -3953 -5410
835 -3036 4479 956 7507 -3952 -5408
836 -3035 4478 959 7509 -3953 -5407
837 -3036 4477 960 7509 -3955 -5405
838 -3033 4479 961 7500 -3951 -5406
839 -3032 4479 960 7500 -3952 -5408
840 -3030 4479 960 7502 -3951 -5408
841 -3033 4475 964 7511 -3954 -5409
842 -3038 4482 960 7515 -3956 -5411
843 -3040 4483 962 7518 -3959 -5408
844 -3038 4480 963 7515 -3957 -5410
845 -3038 4481 961 7508 -3955 -5408
846 -3034 4477 962 7504 -3951 -5409
847 -3031 4482 962 7506 -3955 -5406
848 -3038 4481 961 7509 -3958 -5409
849 -3040 4478 962 7517 -3959 -5411
850 -3042 4480 961 7520 -3962 -5411
851 -3042 4481 965 7518 -3962 -5411
852 -3039 4478 964 7512 -3957 -5410
853 -3036 4481 961 7507 -3955 -5408
854 -3037 4479 961 7506 -3954 -5407
855 -3037 4478 962 7510 -3959 -5409
856 -3038 4479 958 7514 -3960 -5409
857 -3038 4480 964 7517 -3961 -5406
858 -3037 4481 963 7516 -3960 -5408
859 -3037 4481 966 7514 -3959 -5407
860 -3035 4484 964 7507 -3956 -5405
861 -3032 4486 963 7508 -3954 -5408
862 -3034 4481 962 7509 -3957 -5408
863 -3039 4485 964 7520 -3961 -5405
864 -3039 4483 965 7522 -3961 -5406
865 -3044 4484 967 7523 -3963 -5404
866 -3040 4484 968 7518 -3962 -5406
867 -3040 4486 965 7513 -3955 -5403
868 -3037 4484 965 7512 -3957 -5403
869 -3038 4484 964 7513 -3960 -5407
870 -3040 4483 964 7520 -3962 -5407
871 -3044 4482 964 7526 -3963 -5403
872 -3044 4485 966 7528 -3964 -5407
873 -3043 4483 964 7525 -3966 -5406
874 -3040 4485 965 7519 -3963 -5404
875 -3041 4485 963 7513 -3961 -5403
876 -3039 4485 966 7511 -3959 -5403
877 -3039 4480 965 7516 -3962 -5404
878 -3041 4486 969 7522 -3965 -5406
879 -3043 4485 964 7524 -3970 -5405
880 -3043 4484 965 7524 -3966 -5400
881 -3044 4485 968 7521 -3965 -5405
882 -3039 4488 965 7519 -3965 -5403
883 -3040 4487 964 7520 -3963 -5403
884 -3042 4489 966 7523 -3967 -5400
885 -3043 4489 965 7527 -3967 -5405
886 -3045 4487 966 7530 -3967 -5404
887 -3048 4485 968 7525 -3970 -5407
888 -3042 4490 967 7525 -3971 -5402
889 -3045 4486 969 7524 -3963 -5402
890 -3039 4487 969 7525 -3969 -5401
891 -3042 4484 968 7528 -3969 -5400
892 -3047 4491 967 7533 -3971 -5403
893 -3048 4489 967 7536 -3974 -5404
894 -3051 4489 966 7538 -3975 -5402
895 -3048 4491 971 7530 -3973 -5403
896 -3047 4488 966 7527 -3969 -5403
897 -3044 4488 972 7524 -3969 -5400
898 -3045 4492 971 7524 -3969 -5399
899 -3044 4489 969 7531 -3969 -5403
900 -3049 4491 968 7535 -3971 -5399
901 -3050 4489 970 7535 -3974 -5403
902 -3048 4490 968 7537 -3975 -5401
903 -3045 4491 969 7530 -3973 -5399
904 -3045 4492 971 7529 -3968 -5399
905 -3046 4491 972 7530 -3971 -5399
906 -3048 4492 968 7530 -3976 -5400
907 -3050 4492 969 7537 -3974 -5402
908 -3054 4491 971 7541 -3976 -5399
909 -3053 4492 975 7544 -3977 -5400
910 -3054 4494 970 7541 -3978 -5402
911 -3055 4492 970 7534 -3975 -5398
912 -3052 4496 971 7535 -3975 -5399
913 -3048 4493 972 7539 -3973 -5397
914 -3054 4493 973 7545 -3978 -5396
915 -3056 4496 972 7545 -3979 -5395
916 -3056 4495 973 7547 -3980 -5399
917 -3056 4496 971 7544 -3979 -5397
918 -3056 4497 975 7543 -3978 -5399
919 -3052 4495 970 7534 -3979 -5397
920 -3054 4493 971 7542 -3979 -5398
921 -3050 4497 972 7543 -3980 -5395
922 -3052 4493 973 7546 -3984 -5396
923 -3054 4495 972 7544 -3981 -5396
924 -3053 4497 972 7543 -3978 -5395
925 -3052 4493 971 7537 -3976 -5396
926 -3053 4496 970 7536 -3978 -5393
927 -3052 4490 974 7542 -3978 -5395
928 -3054 4494 975 7546 -3980 -5393
929 -3059 4495 974 7553 -3982 -5397
930 -3058 4499 978 7553 -3985 -5395
931 -3063 4499 974 7553 -3986 -5396
932 -3058 4499 973 7551 -3982 -5396
933 -3054 4497 975 7547 -3983 -5394
934 -3053 4499 976 7544 -3981 -5393
935 -3050 4497 974 7548 -3981 -5389
936 -3058 4496 976 7553 -3989 -5397
937 -3061 4498 978 7554 -3987 -5393
938 -3063 4501 976 7555 -3986 -5396
939 -3062 4502 977 7556 -3987 -5393
940 -3059 4499 974 7552 -3987 -5394
941 -3059 4500 975 7555 -3988 -5392
942 -3058 4505 976 7552 -3987 -5392
943 -3058 4499 975 7553 -3985 -5391
944 -3060 4498 977 7555 -3987 -5392
945 -3063 4501 979 7552 -3987 -5391
946 -3055 4498 977 7552 -3981 -5391
947 -3058 4497 977 7551 -3988 -5391
948 -3058 4499 977 7548 -3987 -5390
949 -3057 4500 976 7548 -3986 -5392
950 -3063 4498 976 7561 -3989 -5392
951 -3065 4502 976 7563 -3993 -5392
952 -3066 4502 973 7566 -3991 -5393
953 -3066 4502 977 7559 -3990 -5391
954 -3063 4499 976 7555 -3990 -5392
955 -3062 4503 976 7550 -3992 -5388
956 -3059 4501 978 7554 -3994 -5390
957 -3063 4502 981 7557 -3991 -5392
958 -3069 4501 979 7565 -3996 -5394
959 -3065 4504 975 7562 -3996 -5391
960 -3068 4501 980 7563 -3993 -5395
961 -3067 4498 978 7561 -3993 -5393
962 -3066 4504 976 7557 -3995 -5392
963 -3066 4502 973 7558 -3994 -5388
964 -3062 4504 976 7563 -3994 -5391
965 -3063 4505 975 7566 -3995 -5390
966 -3070 4505 978 7566 -3999 -5390
967 -3068 4504 977 7561 -3997 -5388
968 -3064 4503 976 7554 -3991 -5387
969 -3064 4502 978 7552 -3991 -5388
970 -3061 4504 980 7555 -3991 -5386
971 -3062 4503 979 7561 -3994 -5386
972 -3067 4505 978 7567 -3997 -5390
973 -3071 4505 978 7573 -4001 -5391
974 -3072 4507 979 7575 -4002 -5389
975 -3072 4505 981 7569 -4002 -5389
976 -3070 4505 982 7565 -3992 -5390
977 -3065 4504 978 7556 -3995 -5389
978 -3067 4502 977 7564 -3995 -5385
979 -3067 4505 981 7565 -4001 -5388
980 -3073 4502 978 7572 -4001 -5387
981 -3074 4505 982 7573 -4001 -5391
982 -3073 4504 980 7570 -4004 -5391
983 -3071 4507 981 7570 -4000 -5388
984 -3069 4506 983 7563 -3999 -5387
985 -3066 4509 983 7567 -3998 -5387
986 -3068 4508 980 7569 -4001 -5387
987 -3069 4506 981 7573 -4000 -5387
988 -3072 4504 979 7569 -4001 -5385
989 -3070 4506 981 7565 -4000 -5385
990 -3066 4506 984 7559 -3998 -5385
991 -3068 4509 981 7560 -3997 -5384
992 -3065 4507 981 7564 -3998 -5387
993 -3068 4504 980 7567 -4000 -5384
994 -3072 4508 983 7577 -4003 -5386
995 -3074 4507 982 7584 -4007 -5388
996 -3077 4509 982 7579 -4005 -5388
997 -3076 4509 982 7572 -4001 -5387
998 -3073 4505 983 7567 -4003 -5386
999 -3068 4508 985 7561 -4001 -5382
