0 1017 -1456 666 -373 -306 559
1 1019 -1456 665 -369 -308 561
2 1014 -1457 662 -371 -307 561
3 1015 -1457 665 -369 -310 561
4 1015 -1457 665 -367 -309 565
5 1016 -1456 664 -364 -310 561
6 1017 -1457 666 -367 -308 565
7 1015 -1455 666 -372 -309 564
8 1016 -1457 666 -366 -309 561
9 1015 -1459 664 -370 -309 561
10 1013 -1458 669 -371 -307 562
11 1019 -1460 665 -374 -308 564
12 1017 -1457 668 -377 -305 562
13 1019 -1456 664 -375 -306 562
14 1019 -1458 666 -373 -306 559
15 1019 -1460 661 -374 -308 564
16 1013 -1456 666 -368 -307 566
17 1013 -1459 666 -367 -309 561
18 1012 -1457 665 -365 -311 560
19 1014 -1457 666 -367 -311 560
20 1015 -1458 666 -369 -310 561
21 1018 -1457 663 -372 -308 560
22 1017 -1458 663 -368 -307 562
23 1018 -1458 664 -370 -306 564
24 1010 -1456 664 -369 -307 564
25 1015 -1458 666 -369 -310 561
26 1011 -1456 666 -368 -307 562
27 1013 -1460 665 -366 -310 562
28 1016 -1457 666 -364 -307 562
29 1014 -1456 667 -369 -309 560
30 1013 -1456 664 -367 -308 561
31 1017 -1458 668 -371 -308 562
32 1021 -1460 663 -374 -306 560
33 1016 -1461 665 -373 -303 561
34 1016 -1460 665 -374 -307 563
35 1017 -1460 666 -372 -307 562
36 1017 -1459 663 -370 -310 560
37 1015 -1457 664 -367 -310 560
38 1012 -1455 664 -368 -309 561
39 1013 -1459 667 -371 -308 561
40 1015 -1461 666 -371 -308 561
41 1016 -1462 665 -372 -309 558
42 1015 -1457 664 -368 -307 563
43 1014 -1458 664 -368 -308 563
44 1015 -1454 666 -365 -310 559
45 1015 -1457 664 -369 -310 558
46 1012 -1458 664 -368 -307 557
47 1013 -1461 665 -370 -306 563
48 1015 -1458 666 -370 -308 562
49 1014 -1461 666 -372 -308 562
50 1017 -1455 668 -369 -309 560
51 1012 -1458 662 -371 -310 562
52 1013 -1457 669 -371 -311 563
53 1016 -1458 665 -373 -307 563
54 1014 -1460 664 -376 -306 565
55 1017 -1461 665 -375 -306 561
56 1018 -1458 666 -376 -303 561
57 1019 -1457 663 -375 -306 561
58 1014 -1457 666 -368 -308 562
59 1011 -1457 664 -366 -313 559
60 1011 -1457 665 -365 -312 562
61 1012 -1457 666 -371 -308 560
62 1015 -1459 665 -373 -307 560
63 1015 -1460 665 -375 -309 559
64 1016 -1460 664 -376 -305 561
65 1017 -1461 663 -372 -308 559
66 1016 -1458 664 -366 -310 558
67 1013 -1458 663 -366 -311 560
68 1008 -1458 663 -366 -311 562
69 1012 -1456 667 -369 -312 560
70 1011 -1457 661 -369 -309 561
71 1016 -1459 665 -369 -309 560
72 1015 -1458 665 -371 -308 561
73 1016 -1460 665 -369 -312 563
74 1014 -1459 663 -369 -308 560
75 1014 -1461 665 -371 -311 561
76 1015 -1458 663 -375 -306 564
77 1014 -1460 664 -379 -305 559
78 1016 -1461 660 -381 -303 562
79 1015 -1461 661 -377 -308 559
80 1014 -1460 662 -370 -310 559
81 1015 -1458 665 -365 -315 563
82 1009 -1457 666 -364 -311 557
83 1013 -1459 665 -368 -311 560
84 1014 -1458 665 -370 -308 560
85 1014 -1460 662 -373 -308 560
86 1015 -1462 664 -376 -309 560
87 1017 -1459 663 -374 -306 563
88 1018 -1459 662 -369 -309 563
89 1014 -1459 666 -367 -313 561
90 1011 -1460 663 -365 -313 563
91 1011 -1455 666 -370 -311 563
92 1010 -1458 666 -374 -309 559
93 1014 -1460 661 -370 -311 560
94 1012 -1459 664 -372 -310 561
95 1014 -1455 666 -368 -310 564
96 1014 -1458 666 -369 -310 561
97 1014 -1461 664 -371 -310 561
98 1020 -1455 666 -377 -306 561
99 1019 -1458 663 -378 -305 563
100 1016 -1459 661 -378 -303 562
101 1018 -1464 664 -374 -307 561
102 1018 -1456 662 -370 -310 561
103 1013 -1459 665 -367 -311 561
104 1008 -1457 665 -364 -312 560
105 1012 -1458 664 -365 -314 560
106 1011 -1458 665 -370 -312 561
107 1014 -1461 666 -374 -308 560
108 1016 -1458 663 -376 -305 558
109 1016 -1460 663 -374 -305 563
110 1012 -1462 664 -372 -307 559
111 1015 -1457 664 -370 -308 563
112 1013 -1459 665 -368 -311 560
113 1012 -1460 665 -369 -310 560
114 1010 -1458 664 -366 -309 560
115 1013 -1460 667 -368 -313 560
116 1014 -1457 668 -370 -313 561
117 1014 -1460 663 -371 -314 561
118 1012 -1459 662 -370 -308 561
119 1016 -1461 666 -371 -309 563
120 1015 -1458 662 -375 -309 562
121 1020 -1457 662 -379 -304 562
122 1022 -1459 664 -375 -301 564
123 1018 -1462 665 -375 -309 562
124 1016 -1458 661 -371 -306 559
125 1016 -1457 664 -368 -310 565
126 1012 -1456 664 -361 -310 563
127 1012 -1457 663 -365 -311 563
128 1010 -1455 666 -366 -307 562
129 1018 -1457 666 -369 -311 559
130 1015 -1457 665 -373 -303 562
131 1020 -1459 663 -372 -306 565
132 1015 -1459 666 -374 -304 564
133 1017 -1460 665 -370 -307 563
134 1016 -1460 665 -367 -308 559
135 1016 -1458 666 -368 -312 562
136 1010 -1457 668 -365 -312 561
137 1013 -1458 667 -368 -311 560
138 1013 -1457 665 -367 -308 561
139 1013 -1458 664 -370 -309 562
140 1015 -1458 663 -369 -307 564
141 1014 -1460 665 -373 -310 562
142 1017 -1461 661 -374 -304 562
143 1016 -1459 665 -377 -306 563
144 1021 -1459 662 -374 -307 561
145 1019 -1458 664 -372 -305 563
146 1018 -1458 664 -372 -305 563
147 1018 -1459 664 -370 -305 562
148 1015 -1458 667 -367 -308 560
149 1016 -1458 665 -366 -308 562
150 1013 -1458 663 -367 -309 564
151 1016 -1460 667 -369 -306 562
152 1017 -1458 666 -369 -308 560
153 1014 -1457 669 -374 -305 563
154 1017 -1459 664 -373 -306 564
155 1017 -1457 665 -371 -306 559
156 1014 -1457 662 -370 -309 562
157 1015 -1457 666 -369 -309 560
158 1015 -1456 664 -363 -312 564
159 1012 -1458 666 -362 -313 561
160 1009 -1454 666 -367 -311 560
161 1015 -1460 667 -370 -311 558
162 1016 -1459 664 -372 -310 563
163 1017 -1458 664 -377 -306 562
164 1019 -1458 665 -380 -304 561
165 1018 -1459 666 -377 -307 561
166 1017 -1458 663 -374 -307 561
167 1016 -1458 664 -367 -309 560
168 1016 -1460 666 -365 -307 561
169 1015 -1457 663 -366 -310 561
170 1014 -1455 663 -369 -308 562
171 1015 -1458 663 -370 -305 561
172 1013 -1456 661 -371 -310 560
173 1014 -1460 664 -375 -308 561
174 1014 -1455 662 -373 -310 561
175 1015 -1459 662 -370 -308 560
176 1015 -1459 667 -370 -308 561
177 1013 -1458 665 -371 -310 563
178 1016 -1459 667 -371 -305 561
179 1017 -1457 664 -371 -304 562
180 1016 -1459 664 -367 -309 559
181 1013 -1456 665 -366 -311 563
182 1014 -1457 665 -364 -313 559
183 1013 -1456 665 -365 -313 562
184 1016 -1455 665 -373 -309 562
185 1016 -1461 665 -374 -304 562
186 1020 -1458 667 -377 -303 561
187 1021 -1460 666 -378 -305 562
188 1016 -1460 666 -374 -305 563
189 1019 -1459 666 -370 -308 561
190 1016 -1461 665 -365 -311 558
191 1013 -1457 666 -367 -312 562
192 1012 -1454 663 -370 -307 563
193 1015 -1458 665 -367 -306 563
194 1016 -1458 664 -372 -307 560
195 1017 -1461 665 -377 -307 562
196 1015 -1458 665 -371 -309 563
197 1017 -1459 664 -370 -311 562
198 1012 -1456 666 -368 -308 561
199 1011 -1459 666 -366 -308 563
200 1017 -1459 667 -369 -307 560
201 1013 -1458 664 -367 -310 561
202 1014 -1460 666 -370 -306 562
203 1015 -1457 666 -367 -306 562
204 1014 -1457 665 -363 -310 560
205 1016 -1458 665 -365 -308 562
206 1017 -1457 664 -371 -311 562
207 1016 -1457 668 -374 -305 565
208 1021 -1458 665 -374 -302 565
209 1021 -1458 667 -380 -305 561
210 1018 -1459 666 -374 -304 563
211 1016 -1456 665 -372 -304 561
212 1014 -1457 664 -367 -309 560
213 1014 -1459 664 -365 -313 561
214 1013 -1460 667 -368 -310 561
215 1013 -1456 667 -368 -307 563
216 1016 -1458 667 -371 -308 560
217 1015 -1459 663 -373 -304 562
218 1014 -1459 665 -375 -306 560
219 1016 -1457 666 -370 -305 561
220 1016 -1458 666 -369 -306 560
221 1017 -1460 665 -369 -310 565
222 1016 -1459 665 -367 -310 560
223 1012 -1459 665 -371 -310 560
224 1015 -1455 664 -372 -312 561
225 1012 -1459 664 -370 -308 561
226 1013 -1456 665 -369 -309 561
227 1013 -1455 664 -369 -310 560
228 1016 -1459 662 -371 -307 561
229 1015 -1460 665 -370 -309 561
230 1017 -1458 662 -375 -310 564
231 1018 -1459 664 -377 -304 560
232 1017 -1458 666 -374 -306 562
233 1018 -1461 667 -372 -305 559
234 1018 -1457 665 -372 -306 561
235 1013 -1460 664 -369 -309 559
236 1013 -1455 665 -365 -310 563
237 1013 -1456 665 -363 -307 560
238 1015 -1456 666 -368 -307 564
239 1012 -1458 666 -374 -306 559
240 1015 -1457 666 -374 -308 561
241 1017 -1459 664 -370 -308 561
242 1019 -1460 665 -371 -307 563
243 1015 -1454 664 -371 -307 563
244 1016 -1459 665 -369 -309 562
245 1015 -1458 668 -370 -309 564
246 1012 -1460 666 -370 -311 560
247 1014 -1461 666 -370 -311 560
248 1016 -1461 665 -372 -309 562
249 1014 -1456 665 -371 -309 561
250 1015 -1457 665 -369 -306 561
251 1017 -1458 664 -367 -307 563
252 1016 -1458 666 -371 -309 562
253 1015 -1458 665 -371 -306 561
254 1017 -1461 663 -371 -308 561
255 1017 -1459 666 -373 -306 564
256 1015 -1462 665 -373 -309 563
257 1018 -1459 662 -372 -308 560
258 1017 -1459 667 -370 -309 565
259 1011 -1458 666 -369 -313 561
260 1011 -1458 666 -368 -313 560
261 1013 -1459 665 -366 -312 561
262 1014 -1458 664 -375 -309 560
263 1015 -1458 665 -376 -306 560
264 1019 -1455 663 -376 -304 561
265 1019 -1461 664 -375 -308 561
266 1017 -1460 662 -370 -309 560
267 1015 -1459 667 -368 -314 560
268 1015 -1455 666 -368 -311 560
269 1013 -1458 667 -368 -311 563
270 1014 -1459 666 -370 -309 561
271 1015 -1458 666 -374 -306 563
272 1018 -1460 664 -376 -305 563
273 1017 -1459 664 -372 -304 564
274 1015 -1459 665 -372 -310 562
275 1016 -1458 664 -367 -310 563
276 1014 -1461 664 -370 -308 560
277 1014 -1459 665 -372 -311 564
278 1011 -1460 665 -372 -311 561
279 1016 -1458 661 -375 -309 561
280 1015 -1456 664 -374 -307 562
281 1013 -1459 663 -372 -309 562
282 1012 -1457 662 -366 -316 560
283 1013 -1456 668 -365 -314 561
284 1011 -1457 666 -365 -312 561
285 1012 -1457 666 -369 -308 562
286 1015 -1457 669 -372 -308 560
287 1018 -1462 665 -374 -303 561
288 1018 -1462 664 -372 -305 561
289 1016 -1457 664 -372 -309 561
290 1014 -1458 667 -370 -310 563
291 1014 -1456 667 -366 -311 559
292 1014 -1457 665 -371 -310 562
293 1016 -1461 662 -373 -307 561
294 1020 -1457 665 -374 -306 566
295 1017 -1458 665 -376 -305 562
296 1016 -1461 666 -372 -309 560
297 1013 -1463 662 -368 -312 562
298 1015 -1459 666 -366 -312 559
299 1013 -1459 663 -365 -312 557
300 1013 -1458 668 -368 -310 559
301 1010 -1459 667 -373 -306 561
302 1015 -1458 662 -378 -309 561
303 1014 -1461 661 -377 -308 564
304 1014 -1458 663 -371 -307 561
305 1013 -1464 663 -367 -309 560
306 1013 -1457 664 -367 -311 565
307 1010 -1458 664 -369 -310 560
308 1013 -1458 664 -372 -310 561
309 1015 -1462 665 -371 -306 562
310 1014 -1459 665 -374 -307 560
311 1019 -1460 664 -373 -309 561
312 1014 -1458 664 -373 -305 561
313 1013 -1457 662 -370 -309 563
314 1014 -1458 663 -369 -312 563
315 1014 -1460 666 -372 -307 561
316 1016 -1462 666 -372 -306 559
317 1016 -1460 666 -374 -308 561
318 1015 -1460 667 -372 -309 563
319 1012 -1458 663 -367 -308 565
320 1013 -1458 665 -367 -307 564
321 1014 -1455 669 -363 -310 562
322 1016 -1457 668 -368 -308 563
323 1014 -1455 666 -372 -309 563
324 1016 -1458 665 -372 -306 562
325 1013 -1458 668 -372 -300 561
326 1014 -1458 664 -369 -308 560
327 1016 -1458 664 -366 -310 557
328 1015 -1459 663 -368 -310 561
329 1015 -1456 664 -368 -316 562
330 1013 -1456 667 -366 -311 560
331 1017 -1457 666 -369 -310 562
332 1016 -1458 662 -371 -308 561
333 1018 -1455 663 -372 -306 564
334 1017 -1459 665 -379 -310 560
335 1017 -1458 665 -372 -310 565
336 1018 -1459 665 -371 -310 562
337 1017 -1459 663 -373 -312 561
338 1016 -1458 664 -371 -308 561
339 1015 -1460 665 -371 -304 564
340 1015 -1459 662 -371 -307 562
341 1013 -1459 664 -372 -309 562
342 1012 -1461 665 -370 -306 558
343 1015 -1457 667 -369 -311 559
344 1014 -1459 664 -368 -310 560
345 1012 -1459 665 -367 -309 563
346 1016 -1457 665 -370 -312 561
347 1013 -1457 664 -368 -305 561
348 1016 -1458 664 -369 -309 560
349 1014 -1459 666 -370 -309 561
350 1015 -1460 663 -371 -310 557
351 1015 -1456 664 -371 -308 563
352 1014 -1457 665 -368 -308 561
353 1018 -1457 664 -370 -309 559
354 1015 -1455 666 -373 -311 561
355 1015 -1458 664 -372 -310 564
356 1014 -1459 663 -374 -308 559
357 1018 -1460 664 -372 -308 560
358 1014 -1459 663 -374 -307 559
359 1016 -1463 668 -375 -308 560
360 1012 -1459 663 -372 -309 562
361 1012 -1460 666 -370 -310 560
362 1013 -1460 666 -372 -310 561
363 1014 -1461 665 -372 -312 561
364 1016 -1458 664 -374 -305 560
365 1015 -1456 664 -374 -308 560
366 1012 -1457 663 -372 -310 562
367 1014 -1456 662 -369 -307 561
368 1017 -1462 664 -366 -312 560
369 1015 -1462 664 -369 -310 560
370 1011 -1459 661 -369 -310 558
371 1011 -1459 664 -370 -312 561
372 1014 -1460 665 -370 -306 562
373 1013 -1459 665 -373 -311 560
374 1018 -1457 662 -372 -308 562
375 1017 -1457 664 -373 -308 563
376 1015 -1458 663 -369 -312 560
377 1016 -1459 665 -370 -312 562
378 1014 -1461 663 -371 -306 563
379 1013 -1462 663 -373 -308 562
380 1018 -1460 664 -376 -307 561
381 1018 -1461 664 -373 -304 563
382 1014 -1458 663 -373 -310 561
383 1014 -1459 664 -370 -309 560
384 1014 -1457 667 -368 -311 559
385 1015 -1458 664 -371 -308 560
386 1013 -1459 665 -371 -308 560
387 1017 -1456 662 -376 -309 561
388 1016 -1461 664 -372 -306 560
389 1016 -1462 662 -371 -308 561
390 1017 -1457 663 -368 -311 559
391 1014 -1459 665 -366 -311 560
392 1013 -1454 663 -366 -313 561
393 1013 -1458 666 -367 -311 560
394 1011 -1460 667 -372 -307 561
395 1014 -1459 664 -375 -304 562
396 1017 -1457 663 -377 -304 561
397 1016 -1461 665 -373 -311 564
398 1012 -1460 667 -373 -309 560
399 1011 -1458 665 -370 -311 561
400 1014 -1457 666 -372 -308 562
401 1014 -1459 665 -375 -307 563
402 1016 -1459 665 -376 -305 561
403 1016 -1460 666 -378 -305 559
404 1018 -1460 665 -373 -304 563
405 1013 -1460 661 -369 -309 561
406 1009 -1457 666 -364 -312 560
407 1012 -1460 666 -365 -312 559
408 1014 -1458 665 -365 -307 559
409 1017 -1457 667 -372 -307 562
410 1013 -1458 665 -374 -307 562
411 1018 -1461 662 -373 -307 561
412 1016 -1459 662 -371 -307 561
413 1016 -1459 664 -368 -308 560
414 1014 -1457 662 -364 -313 563
415 1010 -1456 664 -367 -312 562
416 1013 -1455 665 -367 -311 562
417 1018 -1456 665 -371 -309 562
418 1014 -1457 665 -375 -308 562
419 1013 -1462 661 -373 -309 562
420 1017 -1461 664 -368 -305 562
421 1014 -1458 667 -369 -307 561
422 1015 -1460 664 -370 -308 562
423 1012 -1458 665 -372 -309 562
424 1015 -1458 663 -375 -307 560
425 1015 -1456 665 -377 -304 562
426 1017 -1460 666 -375 -305 561
427 1016 -1460 664 -376 -307 563
428 1013 -1456 663 -368 -311 562
429 1016 -1460 663 -366 -310 561
430 1010 -1455 662 -367 -311 562
431 1014 -1454 666 -371 -309 561
432 1016 -1455 664 -370 -313 559
433 1018 -1456 662 -373 -306 560
434 1017 -1459 668 -373 -309 561
435 1020 -1457 664 -371 -307 559
436 1013 -1460 662 -366 -311 561
437 1012 -1457 666 -364 -312 562
438 1015 -1458 664 -368 -310 560
439 1013 -1458 666 -369 -308 562
440 1014 -1460 664 -372 -310 561
441 1015 -1462 663 -372 -311 562
442 1015 -1456 666 -373 -308 560
443 1016 -1459 667 -370 -307 564
444 1014 -1459 664 -368 -309 563
445 1015 -1458 665 -367 -310 563
446 1015 -1459 664 -373 -307 560
447 1016 -1457 666 -376 -308 564
448 1021 -1460 666 -373 -306 561
449 1021 -1458 667 -370 -303 561
450 1017 -1459 663 -371 -310 561
451 1016 -1459 662 -367 -308 564
452 1015 -1458 662 -365 -308 562
453 1016 -1458 666 -368 -311 562
454 1014 -1458 665 -369 -308 561
455 1017 -1456 664 -366 -307 561
456 1015 -1456 662 -367 -309 562
457 1017 -1456 664 -370 -305 564
458 1016 -1460 665 -368 -308 562
459 1015 -1458 663 -368 -310 564
460 1015 -1456 666 -369 -309 561
461 1013 -1461 665 -367 -306 563
462 1014 -1455 666 -366 -307 562
463 1018 -1455 664 -371 -308 563
464 1015 -1459 664 -367 -304 559
465 1014 -1458 665 -369 -305 562
466 1015 -1457 665 -370 -309 560
467 1015 -1459 665 -370 -305 564
468 1017 -1460 667 -372 -307 563
469 1019 -1458 671 -373 -305 564
470 1017 -1458 666 -370 -305 562
471 1016 -1461 662 -372 -308 563
472 1019 -1456 666 -373 -308 562
473 1021 -1462 664 -371 -305 561
474 1016 -1459 663 -372 -306 563
475 1016 -1457 666 -369 -307 562
476 1016 -1455 665 -369 -308 561
477 1013 -1456 665 -365 -309 566
478 1014 -1456 667 -368 -305 564
479 1016 -1457 667 -368 -308 562
480 1009 -1456 667 -366 -305 561
481 1014 -1456 663 -367 -306 563
482 1016 -1456 666 -368 -304 562
483 1016 -1457 665 -367 -309 564
484 1017 -1456 667 -371 -308 562
485 1015 -1456 667 -365 -309 564
486 1011 -1458 667 -366 -308 561
487 1013 -1455 665 -368 -307 562
488 1017 -1459 666 -368 -305 563
489 1016 -1457 669 -375 -305 562
490 1019 -1455 669 -375 -304 564
491 1019 -1458 666 -373 -306 561
492 1015 -1456 666 -369 -310 565
493 1015 -1455 666 -366 -310 563
494 1017 -1456 666 -369 -310 564
495 1017 -1455 667 -368 -305 561
496 1020 -1459 664 -369 -308 563
497 1017 -1456 667 -371 -305 567
498 1017 -1457 663 -372 -307 564
499 1018 -1454 664 -369 -307 563
500 1016 -1456 667 -365 -308 564
501 1013 -1456 666 -366 -308 563
502 1016 -1454 664 -369 -306 562
503 1017 -1456 666 -368 -307 563
504 1015 -1455 667 -371 -303 564
505 1019 -1456 666 -371 -305 564
506 1016 -1456 668 -369 -308 562
507 1017 -1455 667 -364 -307 561
508 1012 -1454 666 -364 -309 563
509 1014 -1459 667 -369 -305 560
510 1015 -1455 666 -368 -305 562
511 1017 -1455 665 -374 -304 565
512 1019 -1457 664 -379 -301 560
513 1021 -1458 663 -377 -304 561
514 1016 -1461 664 -372 -307 562
515 1014 -1459 664 -364 -308 561
516 1016 -1458 663 -364 -308 561
517 1013 -1459 666 -369 -308 562
518 1015 -1458 664 -375 -311 560
519 1016 -1457 667 -373 -308 560
520 1017 -1458 663 -369 -306 564
521 1016 -1457 666 -368 -307 561
522 1018 -1456 666 -367 -306 563
523 1016 -1457 665 -367 -309 562
524 1014 -1461 664 -368 -309 563
525 1010 -1456 667 -369 -306 562
526 1013 -1459 665 -373 -305 560
527 1015 -1458 663 -370 -307 562
528 1015 -1458 665 -375 -307 561
529 1016 -1455 665 -371 -308 562
530 1014 -1455 665 -366 -308 561
531 1016 -1456 667 -367 -309 558
532 1014 -1456 666 -371 -308 564
533 1017 -1456 666 -372 -306 561
534 1019 -1460 665 -377 -305 563
535 1021 -1459 664 -375 -307 563
536 1018 -1454 666 -371 -304 564
537 1017 -1456 667 -369 -311 560
538 1015 -1457 665 -364 -309 562
539 1013 -1456 664 -366 -309 561
540 1015 -1456 665 -369 -308 562
541 1017 -1458 665 -372 -306 562
542 1016 -1455 665 -371 -305 564
543 1019 -1456 666 -369 -306 561
544 1015 -1457 666 -369 -308 562
545 1018 -1458 664 -367 -310 563
546 1013 -1454 665 -365 -308 564
547 1015 -1454 668 -370 -307 565
548 1014 -1459 667 -367 -307 563
549 1018 -1456 665 -368 -303 566
550 1018 -1455 667 -370 -306 563
551 1020 -1454 668 -369 -308 566
552 1017 -1459 667 -369 -308 562
553 1019 -1458 670 -366 -308 563
554 1017 -1454 667 -367 -310 563
555 1018 -1456 667 -369 -308 564
556 1018 -1458 663 -373 -305 563
557 1018 -1459 666 -369 -308 563
558 1016 -1455 668 -369 -304 562
559 1019 -1458 664 -372 -309 559
560 1018 -1457 666 -368 -308 557
561 1015 -1460 666 -370 -309 563
562 1013 -1459 666 -369 -308 562
563 1015 -1458 665 -371 -307 562
564 1016 -1455 665 -373 -305 561
565 1014 -1459 667 -372 -307 561
566 1016 -1459 669 -369 -309 562
567 1014 -1457 666 -366 -310 561
568 1012 -1460 665 -367 -311 561
569 1013 -1458 664 -365 -308 561
570 1013 -1458 665 -370 -311 560
571 1013 -1459 665 -367 -311 562
572 1017 -1455 664 -370 -308 561
573 1016 -1458 664 -370 -311 560
574 1017 -1456 664 -371 -309 561
575 1017 -1457 663 -371 -308 566
576 1018 -1462 663 -374 -310 563
577 1017 -1459 666 -374 -306 562
578 1017 -1455 665 -369 -305 562
579 1019 -1456 665 -371 -307 561
580 1017 -1457 667 -371 -305 564
581 1018 -1457 668 -372 -302 563
582 1016 -1458 666 -370 -306 559
583 1019 -1458 664 -372 -303 562
584 1016 -1458 664 -370 -308 563
585 1019 -1457 665 -369 -309 560
586 1013 -1459 666 -371 -308 563
587 1013 -1458 665 -368 -308 558
588 1015 -1455 664 -367 -305 560
589 1011 -1458 667 -367 -308 562
590 1014 -1457 668 -368 -309 560
591 1010 -1457 664 -366 -308 563
592 1017 -1456 665 -369 -309 560
593 1019 -1457 670 -367 -310 561
594 1016 -1456 665 -367 -310 560
595 1015 -1461 666 -371 -309 562
596 1017 -1455 663 -366 -307 559
597 1016 -1458 665 -369 -306 561
598 1018 -1458 665 -374 -305 563
599 1018 -1459 665 -375 -304 561
600 1018 -1457 663 -369 -307 561
601 1017 -1457 668 -371 -305 562
602 1016 -1459 665 -373 -306 563
603 1014 -1457 664 -369 -308 564
604 1015 -1456 665 -371 -309 561
605 1014 -1458 666 -366 -305 561
606 1015 -1458 667 -369 -306 563
607 1016 -1458 663 -368 -304 558
608 1015 -1461 666 -367 -306 562
609 1012 -1457 667 -367 -309 561
610 1011 -1459 667 -365 -310 559
611 1011 -1459 668 -367 -310 562
612 1014 -1457 666 -368 -308 563
613 1014 -1460 665 -372 -308 559
614 1018 -1460 666 -369 -307 561
615 1015 -1459 663 -373 -307 560
616 1017 -1457 665 -366 -313 562
617 1014 -1454 664 -365 -310 564
618 1016 -1458 665 -366 -310 561
619 1016 -1459 666 -369 -307 561
620 1016 -1457 668 -370 -304 565
621 1016 -1460 666 -376 -303 564
622 1018 -1456 666 -371 -304 560
623 1017 -1458 666 -374 -306 561
624 1017 -1455 667 -371 -308 564
625 1021 -1456 666 -371 -306 561
626 1020 -1458 664 -370 -305 564
627 1019 -1457 670 -368 -306 565
628 1016 -1459 667 -369 -307 560
629 1014 -1457 666 -373 -308 565
630 1014 -1455 667 -367 -309 564
631 1017 -1456 668 -363 -309 566
632 1014 -1455 666 -364 -311 565
633 1013 -1456 663 -364 -311 561
634 1015 -1454 666 -367 -311 563
635 1017 -1457 664 -369 -305 564
636 1015 -1455 668 -369 -308 562
637 1018 -1456 664 -371 -306 563
638 1021 -1456 667 -372 -308 560
639 1017 -1457 666 -368 -310 565
640 1014 -1456 665 -366 -309 565
641 1012 -1455 665 -364 -308 564
642 1013 -1458 664 -364 -309 563
643 1014 -1456 669 -369 -308 564
644 1015 -1457 667 -370 -307 562
645 1020 -1453 666 -373 -302 563
646 1017 -1460 669 -372 -305 563
647 1016 -1456 664 -370 -304 562
648 1017 -1458 670 -369 -303 566
649 1016 -1456 668 -369 -309 559
650 1015 -1457 665 -369 -306 565
651 1017 -1458 665 -369 -307 562
652 1017 -1456 666 -369 -308 560
653 1017 -1459 664 -367 -309 563
654 1014 -1460 665 -366 -308 563
655 1015 -1457 667 -366 -307 560
656 1016 -1458 665 -367 -305 562
657 1013 -1456 666 -367 -307 562
658 1017 -1456 661 -369 -310 563
659 1015 -1458 664 -372 -308 564
660 1017 -1456 664 -372 -308 563
661 1015 -1456 665 -371 -307 561
662 1018 -1457 662 -368 -308 561
663 1015 -1459 667 -368 -308 561
664 1018 -1458 667 -365 -309 562
665 1013 -1454 665 -367 -307 561
666 1015 -1458 664 -368 -306 562
667 1016 -1457 665 -375 -305 562
668 1017 -1457 666 -377 -304 566
669 1019 -1457 667 -370 -303 562
670 1017 -1458 668 -372 -304 562
671 1018 -1458 666 -369 -309 560
672 1016 -1453 667 -368 -308 565
673 1018 -1458 668 -369 -310 564
674 1017 -1457 665 -370 -306 565
675 1016 -1456 666 -368 -308 562
676 1019 -1456 666 -369 -304 560
677 1013 -1456 664 -371 -310 562
678 1016 -1455 665 -370 -308 560
679 1014 -1456 667 -366 -307 566
680 1018 -1457 669 -370 -308 563
681 1016 -1458 665 -370 -310 562
682 1014 -1458 664 -371 -304 563
683 1016 -1457 667 -369 -305 565
684 1018 -1456 667 -372 -308 564
685 1016 -1458 665 -373 -310 565
686 1015 -1459 668 -368 -306 560
687 1015 -1456 667 -364 -306 564
688 1015 -1457 665 -367 -308 566
689 1015 -1457 664 -368 -309 565
690 1015 -1454 666 -372 -307 564
691 1017 -1457 667 -372 -306 565
692 1019 -1459 664 -370 -301 560
693 1018 -1458 665 -369 -306 563
694 1015 -1457 664 -370 -306 562
695 1017 -1454 669 -365 -308 565
696 1014 -1458 665 -365 -310 563
697 1015 -1458 667 -364 -307 561
698 1015 -1455 669 -367 -308 563
699 1016 -1459 663 -369 -305 562
700 1019 -1454 664 -371 -307 565
701 1020 -1459 665 -369 -306 566
702 1020 -1455 669 -370 -307 564
703 1019 -1453 667 -370 -305 566
704 1015 -1458 667 -370 -309 564
705 1020 -1458 667 -365 -308 565
706 1016 -1454 664 -368 -307 563
707 1015 -1457 664 -366 -307 564
708 1013 -1457 668 -367 -308 560
709 1014 -1456 665 -364 -308 562
710 1014 -1455 665 -364 -308 563
711 1014 -1457 663 -370 -311 564
712 1015 -1456 665 -375 -307 563
713 1020 -1457 665 -375 -305 564
714 1021 -1457 667 -377 -303 563
715 1019 -1457 665 -375 -308 564
716 1016 -1458 664 -369 -309 563
717 1017 -1458 665 -366 -309 563
718 1014 -1457 666 -363 -312 561
719 1011 -1455 666 -361 -312 562
720 1010 -1456 665 -364 -309 564
721 1013 -1456 664 -368 -307 564
722 1019 -1458 667 -377 -307 564
723 1017 -1454 664 -372 -304 562
724 1019 -1460 666 -375 -304 565
725 1017 -1457 667 -371 -307 562
726 1019 -1456 665 -368 -308 563
727 1017 -1457 665 -368 -309 563
728 1015 -1457 667 -366 -307 564
729 1015 -1457 665 -365 -306 563
730 1016 -1459 665 -369 -308 561
731 1015 -1457 666 -369 -305 566
732 1013 -1458 662 -372 -308 562
733 1016 -1459 663 -371 -308 561
734 1015 -1457 665 -373 -306 562
735 1018 -1459 662 -377 -306 560
736 1018 -1456 665 -369 -307 564
737 1018 -1460 666 -370 -309 561
738 1014 -1459 665 -368 -309 564
739 1013 -1457 665 -363 -311 559
740 1012 -1459 664 -362 -310 560
741 1012 -1458 666 -362 -311 564
742 1013 -1456 666 -364 -311 562
743 1015 -1459 667 -367 -310 564
744 1016 -1456 668 -372 -308 562
745 1020 -1458 665 -376 -302 564
746 1019 -1458 664 -377 -304 564
747 1019 -1457 668 -376 -303 564
748 1016 -1457 664 -371 -308 562
749 1020 -1457 665 -365 -307 560
750 1013 -1456 665 -361 -311 565
751 1008 -1457 664 -361 -314 560
752 1013 -1459 662 -365 -310 564
753 1011 -1456 667 -368 -308 562
754 1016 -1457 663 -371 -304 563
755 1019 -1459 664 -375 -306 563
756 1025 -1462 664 -379 -305 561
757 1021 -1460 663 -375 -304 565
758 1019 -1456 667 -372 -310 564
759 1015 -1459 667 -369 -307 559
760 1014 -1461 666 -367 -308 562
761 1014 -1454 667 -363 -311 560
762 1014 -1459 666 -367 -312 561
763 1014 -1457 666 -364 -305 560
764 1013 -1461 666 -368 -309 557
765 1014 -1458 665 -370 -305 563
766 1016 -1456 667 -368 -305 565
767 1016 -1456 667 -371 -305 563
768 1017 -1458 666 -375 -306 563
769 1020 -1462 667 -375 -300 560
770 1019 -1456 666 -373 -306 563
771 1017 -1457 665 -370 -306 562
772 1015 -1456 667 -362 -311 561
773 1013 -1456 666 -358 -311 560
774 1015 -1457 667 -362 -311 564
775 1012 -1458 667 -361 -310 563
776 1013 -1458 667 -368 -307 560
777 1015 -1459 665 -370 -307 560
778 1020 -1459 663 -377 -302 563
779 1020 -1459 664 -374 -302 563
780 1020 -1458 663 -375 -306 563
781 1017 -1457 664 -369 -306 559
782 1013 -1459 665 -366 -311 564
783 1014 -1457 668 -366 -311 560
784 1010 -1457 668 -368 -309 563
785 1014 -1457 665 -369 -311 563
786 1017 -1457 664 -371 -307 561
787 1021 -1457 666 -376 -306 565
788 1019 -1456 664 -374 -307 565
789 1017 -1458 666 -371 -308 563
790 1017 -1462 665 -370 -309 566
791 1014 -1456 667 -368 -309 562
792 1015 -1456 664 -372 -309 562
793 1019 -1460 663 -370 -308 560
794 1020 -1459 663 -372 -309 562
795 1015 -1458 665 -370 -309 562
796 1013 -1455 666 -365 -312 562
797 1012 -1459 667 -367 -310 560
798 1011 -1457 669 -368 -308 562
799 1013 -1458 665 -374 -309 563
800 1016 -1458 667 -376 -305 561
801 1018 -1460 667 -375 -304 562
802 1021 -1454 666 -373 -305 561
803 1014 -1457 664 -369 -308 563
804 1017 -1456 668 -366 -307 560
805 1013 -1453 665 -366 -308 561
806 1012 -1458 667 -370 -307 563
807 1015 -1456 665 -370 -305 562
808 1022 -1455 667 -375 -305 559
809 1016 -1458 668 -378 -303 561
810 1019 -1459 664 -373 -305 568
811 1019 -1456 666 -368 -305 559
812 1017 -1454 665 -368 -307 563
813 1017 -1457 666 -368 -313 564
814 1016 -1456 662 -368 -310 560
815 1018 -1455 663 -370 -308 560
816 1016 -1459 663 -372 -307 564
817 1018 -1457 663 -369 -306 561
818 1015 -1457 666 -368 -308 562
819 1013 -1456 666 -371 -307 560
820 1015 -1457 666 -368 -309 560
821 1014 -1458 666 -367 -307 565
822 1015 -1457 664 -371 -305 560
823 1015 -1458 664 -373 -311 561
824 1018 -1462 668 -375 -303 562
825 1017 -1461 667 -375 -305 562
826 1014 -1462 664 -372 -308 563
827 1013 -1458 666 -365 -307 563
828 1013 -1456 668 -365 -310 562
829 1014 -1459 663 -370 -307 561
830 1019 -1456 662 -372 -304 562
831 1014 -1458 667 -376 -307 560
832 1018 -1458 664 -373 -306 559
833 1018 -1460 664 -378 -306 563
834 1015 -1460 666 -372 -307 563
835 1017 -1459 667 -371 -311 562
836 1013 -1458 662 -372 -309 562
837 1015 -1459 663 -368 -307 561
838 1016 -1457 665 -368 -309 558
839 1013 -1458 665 -370 -311 558
840 1013 -1457 663 -367 -310 555
841 1011 -1456 664 -367 -311 559
842 1009 -1458 667 -369 -309 561
843 1013 -1459 663 -370 -308 560
844 1011 -1463 663 -372 -309 559
845 1016 -1456 666 -373 -305 562
846 1017 -1460 665 -377 -306 561
847 1016 -1463 663 -375 -307 557
848 1014 -1462 665 -373 -308 558
849 1011 -1459 666 -371 -308 560
850 1013 -1457 666 -371 -309 560
851 1012 -1456 663 -370 -311 562
852 1014 -1458 665 -369 -315 559
853 1015 -1457 661 -370 -311 561
854 1014 -1461 663 -373 -313 559
855 1015 -1461 666 -374 -310 561
856 1018 -1461 666 -373 -307 560
857 1018 -1461 661 -375 -306 560
858 1017 -1459 664 -376 -305 560
859 1018 -1457 664 -375 -308 562
860 1015 -1458 663 -374 -312 563
861 1011 -1460 664 -367 -310 561
862 1011 -1457 663 -365 -308 559
863 1010 -1457 664 -364 -311 563
864 1008 -1458 666 -364 -309 559
865 1009 -1458 664 -367 -308 561
866 1012 -1457 666 -371 -308 561
867 1017 -1460 667 -374 -304 563
868 1018 -1457 667 -376 -306 563
869 1018 -1459 666 -376 -305 561
870 1022 -1457 662 -377 -310 560
871 1018 -1461 663 -377 -308 560
872 1014 -1461 663 -370 -309 562
873 1016 -1458 665 -364 -310 558
874 1014 -1456 668 -363 -311 559
875 1012 -1456 662 -366 -314 561
876 1011 -1454 664 -363 -314 559
877 1010 -1461 665 -368 -311 561
878 1015 -1460 665 -378 -309 563
879 1020 -1461 663 -382 -305 558
880 1017 -1462 662 -384 -304 560
881 1024 -1461 666 -380 -303 560
882 1017 -1459 662 -374 -308 562
883 1015 -1460 662 -366 -315 564
884 1012 -1458 665 -362 -313 560
885 1007 -1460 665 -359 -317 557
886 1007 -1456 664 -361 -314 557
887 1009 -1457 665 -370 -312 560
888 1014 -1459 664 -373 -310 558
889 1017 -1459 663 -377 -305 561
890 1019 -1459 664 -382 -305 563
891 1021 -1459 665 -383 -304 562
892 1023 -1461 662 -380 -305 563
893 1020 -1454 662 -380 -305 565
894 1019 -1459 667 -375 -308 560
895 1016 -1459 663 -365 -318 557
896 1011 -1459 662 -360 -317 559
897 1008 -1453 667 -354 -319 560
898 1007 -1456 665 -356 -314 557
899 1011 -1453 666 -367 -316 561
900 1013 -1461 666 -377 -305 561
901 1017 -1462 663 -386 -302 562
902 1024 -1463 662 -391 -298 560
903 1023 -1462 661 -389 -302 565
904 1019 -1459 666 -378 -306 562
905 1015 -1459 665 -365 -312 560
906 1009 -1463 664 -355 -316 558
907 1003 -1455 666 -353 -317 559
908 1003 -1457 665 -359 -317 560
909 1004 -1457 663 -368 -313 556
910 1015 -1458 662 -376 -306 564
911 1021 -1458 663 -381 -303 563
912 1022 -1464 664 -383 -300 564
913 1022 -1463 661 -382 -302 562
914 1022 -1459 664 -376 -307 563
915 1019 -1461 663 -372 -307 562
916 1016 -1460 663 -369 -309 561
917 1014 -1458 665 -366 -313 560
918 1012 -1457 667 -360 -312 561
919 1008 -1458 664 -357 -317 560
920 1007 -1456 665 -362 -312 559
921 1010 -1456 667 -362 -314 558
922 1012 -1456 664 -374 -308 559
923 1016 -1461 663 -385 -302 561
924 1018 -1464 665 -387 -297 563
925 1022 -1462 662 -386 -301 563
926 1022 -1461 662 -376 -305 560
927 1012 -1459 662 -368 -309 560
928 1009 -1458 665 -361 -315 559
929 1004 -1456 666 -356 -316 557
930 1002 -1459 664 -357 -318 559
931 1007 -1456 664 -358 -314 559
932 1011 -1460 662 -370 -311 561
933 1015 -1459 663 -381 -306 562
934 1024 -1462 663 -387 -302 563
935 1027 -1461 662 -385 -304 561
936 1024 -1462 663 -381 -306 560
937 1019 -1458 664 -377 -308 558
938 1015 -1460 663 -370 -311 560
939 1012 -1457 663 -366 -312 564
940 1010 -1459 664 -362 -315 559
941 1008 -1461 665 -362 -317 559
942 1010 -1455 667 -366 -314 558
943 1012 -1457 665 -367 -310 559
944 1013 -1460 665 -371 -303 559
945 1016 -1459 666 -376 -303 563
946 1017 -1460 666 -383 -299 561
947 1018 -1461 662 -384 -300 562
948 1018 -1462 661 -381 -302 562
949 1014 -1462 664 -369 -309 559
950 1009 -1457 662 -364 -312 561
951 1005 -1456 665 -357 -316 557
952 1004 -1455 664 -354 -317 557
953 1002 -1455 665 -357 -319 555
954 1009 -1457 663 -368 -314 557
955 1017 -1459 663 -374 -311 561
956 1019 -1460 664 -382 -308 562
957 1022 -1460 661 -386 -304 562
958 1026 -1460 663 -386 -304 562
959 1026 -1460 662 -383 -303 561
960 1023 -1461 662 -372 -308 563
961 1014 -1458 665 -364 -310 564
962 1013 -1459 662 -358 -312 560
963 1008 -1453 666 -356 -313 559
964 1008 -1456 664 -357 -310 561
965 1007 -1459 666 -367 -310 560
966 1014 -1460 665 -379 -302 561
967 1019 -1459 665 -388 -300 561
968 1019 -1464 663 -390 -297 563
969 1025 -1461 662 -386 -296 564
970 1018 -1461 664 -379 -300 563
971 1019 -1464 664 -368 -307 561
972 1010 -1458 665 -356 -316 560
973 1006 -1454 666 -350 -319 559
974 1001 -1454 665 -352 -321 561
975 1007 -1453 665 -357 -318 560
976 1013 -1455 668 -364 -317 562
977 1016 -1456 664 -373 -313 562
978 1020 -1460 662 -381 -310 560
979 1025 -1460 662 -384 -303 565
980 1023 -1462 665 -383 -300 563
981 1021 -1459 663 -382 -301 559
982 1022 -1460 662 -373 -307 563
983 1013 -1458 664 -364 -310 562
984 1009 -1453 665 -360 -312 562
985 1006 -1457 664 -355 -314 556
986 1009 -1457 666 -357 -316 560
987 1008 -1455 668 -369 -309 561
988 1015 -1459 663 -380 -301 559
989 1021 -1464 660 -392 -298 564
990 1026 -1463 663 -393 -297 563
991 1028 -1463 660 -391 -299 561
992 1025 -1462 659 -380 -304 562
993 1019 -1459 664 -367 -311 561
994 1011 -1458 665 -354 -321 556
995 1005 -1458 664 -351 -320 553
996 1000 -1454 663 -347 -322 558
997 1002 -1456 665 -358 -318 560
998 1009 -1456 663 -365 -309 559
999 1016 -1459 662 -380 -306 562
0 4417 -6912 236 -6994 2760 5626
1 4416 -6910 236 -6992 2760 5631
2 4416 -6913 241 -6994 2759 5630
3 4412 -6913 235 -6994 2759 5628
4 4416 -6913 235 -6996 2761 5631
5 4418 -6911 240 -6999 2759 5629
6 4418 -6911 238 -6998 2762 5626
7 4418 -6913 237 -6995 2755 5629
8 4418 -6913 237 -6993 2761 5625
9 4413 -6911 237 -6992 2757 5628
10 4418 -6913 240 -7001 2762 5633
11 4416 -6914 239 -7007 2763 5630
12 4421 -6914 237 -7005 2764 5630
13 4420 -6911 237 -7003 2763 5627
14 4418 -6909 238 -6999 2760 5629
15 4417 -6914 238 -6995 2756 5628
16 4414 -6912 238 -6992 2758 5628
17 4414 -6911 241 -6992 2760 5628
18 4415 -6911 235 -7001 2762 5629
19 4419 -6914 238 -7003 2765 5629
20 4420 -6913 236 -7009 2762 5628
21 4421 -6913 236 -7004 2763 5630
22 4417 -6912 241 -7001 2760 5629
23 4417 -6911 242 -6996 2760 5629
24 4413 -6907 241 -6998 2758 5630
25 4414 -6910 241 -6997 2761 5627
26 4419 -6910 239 -7002 2761 5628
27 4418 -6910 243 -7000 2765 5630
28 4422 -6911 239 -7000 2761 5632
29 4418 -6908 242 -7001 2758 5631
30 4414 -6910 240 -6999 2762 5631
31 4417 -6908 239 -6999 2760 5630
32 4417 -6910 239 -7004 2762 5629
33 4420 -6911 239 -7009 2765 5632
34 4421 -6909 242 -7010 2767 5633
35 4425 -6908 241 -7007 2765 5632
36 4421 -6909 242 -7000 2764 5634
37 4415 -6909 241 -6998 2759 5631
38 4413 -6906 242 -6998 2759 5633
39 4418 -6910 241 -7000 2759 5632
40 4418 -6905 240 -7009 2765 5629
41 4421 -6910 241 -7014 2765 5632
42 4427 -6905 241 -7015 2767 5631
43 4423 -6910 238 -7010 2766 5633
44 4416 -6909 241 -7000 2763 5631
45 4416 -6908 244 -6995 2760 5631
46 4413 -6904 246 -6998 2761 5633
47 4413 -6903 245 -7003 2763 5631
48 4417 -6908 242 -7005 2764 5629
49 4418 -6907 243 -7010 2765 5634
50 4423 -6909 242 -7012 2765 5636
51 4418 -6909 246 -7008 2764 5633
52 4418 -6911 244 -7004 2764 5635
53 4412 -6908 242 -7004 2760 5633
54 4417 -6909 244 -7006 2768 5634
55 4424 -6902 245 -7013 2768 5638
56 4423 -6907 245 -7016 2766 5634
57 4418 -6910 242 -7011 2770 5635
58 4422 -6905 248 -7007 2767 5634
59 4420 -6904 242 -7000 2766 5635
60 4414 -6905 245 -7006 2763 5635
61 4417 -6905 244 -7009 2766 5637
62 4420 -6906 246 -7013 2768 5634
63 4420 -6910 243 -7017 2770 5635
64 4426 -6907 249 -7017 2769 5637
65 4423 -6904 246 -7013 2768 5637
66 4421 -6906 246 -7004 2762 5635
67 4419 -6902 249 -7000 2763 5636
68 4416 -6902 249 -7003 2763 5636
69 4416 -6902 251 -7006 2764 5636
70 4416 -6902 248 -7008 2767 5637
71 4420 -6904 248 -7016 2769 5633
72 4422 -6904 248 -7021 2770 5634
73 4418 -6906 248 -7013 2766 5637
74 4420 -6904 249 -7010 2765 5638
75 4417 -6901 250 -7005 2766 5638
76 4416 -6903 250 -7011 2769 5638
77 4417 -6902 250 -7015 2769 5639
78 4424 -6904 249 -7016 2769 5641
79 4424 -6903 250 -7017 2773 5639
80 4422 -6900 248 -7012 2770 5639
81 4422 -6903 248 -7009 2766 5642
82 4419 -6900 252 -7010 2768 5638
83 4419 -6901 251 -7016 2772 5641
84 4420 -6901 251 -7019 2770 5642
85 4423 -6902 253 -7025 2773 5642
86 4425 -6903 252 -7019 2770 5641
87 4421 -6903 249 -7013 2768 5639
88 4417 -6901 252 -7006 2765 5638
89 4412 -6901 255 -7009 2765 5644
90 4417 -6899 253 -7014 2769 5637
91 4420 -6898 253 -7017 2771 5640
92 4419 -6901 250 -7020 2769 5641
93 4428 -6900 252 -7020 2773 5643
94 4423 -6899 255 -7020 2770 5641
95 4421 -6902 256 -7016 2772 5640
96 4417 -6897 255 -7011 2769 5639
97 4420 -6902 256 -7013 2771 5644
98 4418 -6898 253 -7017 2771 5643
99 4423 -6897 259 -7022 2774 5643
100 4423 -6897 257 -7023 2776 5646
101 4426 -6899 256 -7023 2772 5641
102 4424 -6896 255 -7023 2773 5640
103 4419 -6898 258 -7014 2770 5643
104 4416 -6896 259 -7014 2771 5641
105 4417 -6898 257 -7017 2770 5645
106 4423 -6900 258 -7022 2771 5643
107 4422 -6896 257 -7027 2771 5646
108 4421 -6896 262 -7024 2771 5641
109 4421 -6896 258 -7017 2770 5644
110 4417 -6897 260 -7012 2773 5644
111 4416 -6894 260 -7013 2771 5644
112 4418 -6894 262 -7022 2774 5646
113 4424 -6894 262 -7022 2770 5641
114 4423 -6895 263 -7025 2777 5645
115 4425 -6893 260 -7026 2774 5649
116 4422 -6893 262 -7017 2775 5646
117 4420 -6892 260 -7012 2771 5647
118 4415 -6891 263 -7012 2769 5648
119 4418 -6891 264 -7017 2769 5647
120 4419 -6891 263 -7024 2774 5647
121 4425 -6893 263 -7028 2777 5650
122 4425 -6894 261 -7030 2778 5652
123 4424 -6891 263 -7027 2779 5650
124 4420 -6890 260 -7019 2778 5648
125 4420 -6891 267 -7017 2773 5651
126 4421 -6892 265 -7019 2772 5650
127 4420 -6888 270 -7019 2773 5650
128 4422 -6891 266 -7023 2776 5652
129 4425 -6890 266 -7028 2777 5649
130 4423 -6889 265 -7022 2777 5649
131 4421 -6887 265 -7022 2774 5651
132 4418 -6892 266 -7019 2774 5651
133 4418 -6889 268 -7018 2774 5649
134 4421 -6891 269 -7024 2780 5651
135 4422 -6892 268 -7027 2779 5653
136 4424 -6889 269 -7030 2779 5653
137 4421 -6890 268 -7026 2778 5648
138 4422 -6886 269 -7022 2772 5654
139 4422 -6888 271 -7017 2773 5652
140 4417 -6887 272 -7022 2773 5651
141 4419 -6887 271 -7024 2775 5654
142 4421 -6889 271 -7033 2781 5652
143 4424 -6890 270 -7035 2780 5654
144 4429 -6885 270 -7035 2778 5654
145 4424 -6888 270 -7030 2782 5650
146 4422 -6890 270 -7024 2774 5654
147 4420 -6888 274 -7025 2774 5652
148 4419 -6888 272 -7023 2775 5655
149 4420 -6887 271 -7028 2777 5653
150 4421 -6888 267 -7031 2778 5650
151 4420 -6887 273 -7030 2781 5652
152 4421 -6887 275 -7031 2776 5654
153 4422 -6886 275 -7026 2777 5656
154 4420 -6882 273 -7028 2778 5651
155 4418 -6886 271 -7030 2775 5653
156 4420 -6887 274 -7031 2781 5653
157 4424 -6884 275 -7032 2784 5656
158 4424 -6885 275 -7031 2784 5657
159 4426 -6883 274 -7029 2778 5654
160 4420 -6881 279 -7025 2778 5658
161 4416 -6881 279 -7023 2776 5657
162 4419 -6885 276 -7023 2777 5655
163 4419 -6882 276 -7029 2779 5657
164 4421 -6882 277 -7038 2785 5657
165 4426 -6884 274 -7045 2785 5655
166 4427 -6885 275 -7038 2783 5655
167 4425 -6883 278 -7033 2779 5658
168 4421 -6879 276 -7026 2779 5657
169 4420 -6883 281 -7026 2778 5658
170 4415 -6882 276 -7029 2780 5655
171 4422 -6884 282 -7034 2782 5660
172 4425 -6879 278 -7040 2780 5659
173 4428 -6880 279 -7038 2784 5656
174 4427 -6884 278 -7035 2781 5661
175 4421 -6880 280 -7030 2781 5661
176 4421 -6883 283 -7028 2781 5659
177 4421 -6880 282 -7034 2781 5659
178 4421 -6882 279 -7040 2781 5657
179 4423 -6880 279 -7041 2782 5658
180 4424 -6880 280 -7040 2782 5658
181 4423 -6881 278 -7038 2781 5655
182 4422 -6880 281 -7031 2779 5659
183 4419 -6880 280 -7029 2778 5658
184 4421 -6878 282 -7027 2780 5663
185 4422 -6877 283 -7038 2783 5661
186 4428 -6882 281 -7044 2789 5662
187 4431 -6882 282 -7043 2787 5662
188 4432 -6882 284 -7045 2784 5661
189 4421 -6880 284 -7038 2781 5660
190 4422 -6875 282 -7030 2783 5664
191 4419 -6875 285 -7034 2779 5664
192 4420 -6876 286 -7038 2784 5659
193 4423 -6876 285 -7042 2785 5661
194 4425 -6880 283 -7045 2786 5661
195 4426 -6876 284 -7045 2786 5660
196 4427 -6880 285 -7040 2784 5662
197 4419 -6878 282 -7036 2781 5662
198 4420 -6877 284 -7035 2781 5657
199 4419 -6878 287 -7038 2781 5661
200 4421 -6880 284 -7043 2782 5663
201 4425 -6878 285 -7044 2788 5663
202 4425 -6878 283 -7048 2789 5662
203 4423 -6877 288 -7043 2787 5663
204 4421 -6876 285 -7037 2782 5662
205 4420 -6872 289 -7038 2782 5660
206 4420 -6875 288 -7039 2781 5662
207 4424 -6876 286 -7043 2784 5662
208 4425 -6875 287 -7046 2786 5663
209 4429 -6876 286 -7050 2790 5664
210 4425 -6876 289 -7047 2785 5667
211 4425 -6874 285 -7042 2784 5663
212 4423 -6875 289 -7040 2783 5666
213 4425 -6873 286 -7042 2783 5663
214 4423 -6876 287 -7045 2788 5665
215 4423 -6875 288 -7049 2788 5663
216 4427 -6876 287 -7050 2790 5663
217 4426 -6875 289 -7048 2790 5664
218 4423 -6874 288 -7042 2788 5665
219 4422 -6877 287 -7040 2782 5665
220 4423 -6874 289 -7040 2783 5667
221 4418 -6872 290 -7043 2786 5666
222 4425 -6876 290 -7047 2786 5662
223 4424 -6874 287 -7049 2789 5665
224 4431 -6873 290 -7051 2789 5668
225 4427 -6874 291 -7049 2789 5668
226 4426 -6873 289 -7044 2788 5666
227 4423 -6870 293 -7044 2787 5665
228 4421 -6873 291 -7044 2787 5666
229 4422 -6875 291 -7045 2793 5665
230 4427 -6873 290 -7056 2793 5666
231 4427 -6872 291 -7053 2793 5666
232 4428 -6871 291 -7053 2789 5668
233 4427 -6876 292 -7043 2787 5668
234 4423 -6875 293 -7046 2788 5669
235 4423 -6871 291 -7050 2787 5667
236 4424 -6874 291 -7055 2791 5668
237 4428 -6875 288 -7054 2793 5668
238 4427 -6875 290 -7055 2789 5666
239 4430 -6872 294 -7055 2790 5666
240 4428 -6872 293 -7047 2786 5667
241 4421 -6874 293 -7043 2787 5667
242 4424 -6870 292 -7045 2791 5667
243 4423 -6872 294 -7049 2788 5669
244 4425 -6871 294 -7053 2791 5671
245 4425 -6871 293 -7057 2793 5671
246 4429 -6870 292 -7058 2794 5669
247 4430 -6875 293 -7053 2790 5670
248 4427 -6872 292 -7049 2790 5670
249 4423 -6871 294 -7051 2791 5670
250 4419 -6870 294 -7050 2788 5667
251 4423 -6871 294 -7055 2788 5668
252 4425 -6876 292 -7058 2790 5666
253 4427 -6874 296 -7055 2794 5669
254 4429 -6869 292 -7055 2793 5668
255 4428 -6872 292 -7055 2788 5670
256 4427 -6875 292 -7052 2791 5672
257 4424 -6870 294 -7055 2791 5668
258 4427 -6873 293 -7057 2790 5667
259 4427 -6874 294 -7060 2792 5671
260 4428 -6872 292 -7063 2791 5668
261 4431 -6871 293 -7057 2790 5666
262 4426 -6871 293 -7053 2796 5668
263 4425 -6870 296 -7051 2789 5672
264 4423 -6868 294 -7050 2790 5669
265 4424 -6869 293 -7057 2792 5667
266 4430 -6871 295 -7063 2793 5667
267 4432 -6868 292 -7061 2795 5672
268 4432 -6868 295 -7059 2796 5670
269 4426 -6871 294 -7056 2794 5668
270 4426 -6869 294 -7057 2791 5668
271 4424 -6869 294 -7057 2793 5670
272 4426 -6869 295 -7058 2792 5672
273 4427 -6868 295 -7059 2792 5670
274 4426 -6869 296 -7061 2796 5668
275 4431 -6869 296 -7062 2794 5668
276 4431 -6869 292 -7062 2792 5670
277 4431 -6870 294 -7061 2795 5669
278 4430 -6869 295 -7061 2794 5671
279 4426 -6869 295 -7059 2794 5670
280 4429 -6871 294 -7060 2795 5673
281 4427 -6867 294 -7063 2798 5669
282 4432 -6868 295 -7063 2798 5673
283 4429 -6871 294 -7059 2791 5667
284 4431 -6870 297 -7056 2792 5670
285 4427 -6869 295 -7058 2790 5671
286 4425 -6871 297 -7059 2794 5671
287 4427 -6871 299 -7063 2794 5671
288 4429 -6869 296 -7067 2798 5672
289 4432 -6870 296 -7070 2797 5670
290 4430 -6869 295 -7065 2796 5671
291 4432 -6866 297 -7060 2791 5672
292 4428 -6867 298 -7060 2790 5671
293 4426 -6870 293 -7061 2790 5670
294 4428 -6870 297 -7065 2794 5669
295 4431 -6868 296 -7065 2797 5672
296 4436 -6868 297 -7069 2799 5673
297 4431 -6870 296 -7067 2795 5672
298 4433 -6869 295 -7064 2799 5672
299 4433 -6868 296 -7062 2795 5672
300 4428 -6869 296 -7063 2795 5674
301 4430 -6869 298 -7066 2797 5673
302 4433 -6869 292 -7069 2798 5672
303 4432 -6866 296 -7071 2794 5672
304 4430 -6868 298 -7066 2799 5671
305 4433 -6870 297 -7064 2795 5670
306 4425 -6867 297 -7063 2792 5668
307 4427 -6870 295 -7062 2795 5668
308 4427 -6868 298 -7068 2793 5671
309 4429 -6871 298 -7072 2797 5668
310 4432 -6871 295 -7076 2798 5670
311 4432 -6869 293 -7073 2795 5671
312 4433 -6873 298 -7070 2793 5673
313 4429 -6867 298 -7063 2794 5672
314 4427 -6870 297 -7061 2792 5672
315 4426 -6869 296 -7065 2792 5673
316 4429 -6867 296 -7070 2797 5672
317 4430 -6870 298 -7076 2801 5672
318 4436 -6870 293 -7076 2800 5671
319 4434 -6869 294 -7074 2799 5673
320 4436 -6866 294 -7073 2799 5673
321 4433 -6872 297 -7071 2798 5674
322 4429 -6868 299 -7069 2799 5670
323 4427 -6870 298 -7075 2797 5670
324 4430 -6870 295 -7075 2798 5675
325 4432 -6869 296 -7075 2799 5669
326 4436 -6870 297 -7070 2798 5670
327 4431 -6867 300 -7069 2796 5671
328 4428 -6869 299 -7068 2796 5669
329 4429 -6869 296 -7069 2799 5674
330 4432 -6868 297 -7072 2801 5673
331 4434 -6870 297 -7081 2801 5672
332 4434 -6869 297 -7080 2800 5671
333 4435 -6865 299 -7072 2799 5674
334 4430 -6864 295 -7071 2800 5670
335 4431 -6867 300 -7066 2796 5674
336 4427 -6867 299 -7067 2796 5675
337 4429 -6867 300 -7070 2798 5673
338 4432 -6867 299 -7076 2801 5676
339 4434 -6870 299 -7079 2804 5675
340 4437 -6867 300 -7081 2804 5676
341 4436 -6867 298 -7078 2803 5677
342 4435 -6868 300 -7074 2800 5675
343 4429 -6865 302 -7073 2801 5674
344 4429 -6870 301 -7074 2798 5671
345 4434 -6867 298 -7079 2800 5673
346 4434 -6866 300 -7079 2806 5673
347 4432 -6867 299 -7078 2802 5676
348 4434 -6869 302 -7075 2801 5670
349 4431 -6868 298 -7072 2799 5675
350 4429 -6865 303 -7069 2797 5674
351 4431 -6864 305 -7073 2797 5676
352 4432 -6868 299 -7074 2799 5675
353 4434 -6867 302 -7076 2802 5675
354 4434 -6868 299 -7080 2802 5673
355 4433 -6867 299 -7079 2799 5671
356 4431 -6868 300 -7075 2798 5671
357 4430 -6866 298 -7071 2800 5673
358 4432 -6867 304 -7074 2800 5676
359 4433 -6866 300 -7079 2802 5674
360 4438 -6864 300 -7083 2802 5674
361 4436 -6864 297 -7087 2806 5678
362 4438 -6867 300 -7085 2803 5677
363 4434 -6868 299 -7080 2801 5673
364 4434 -6867 301 -7076 2796 5676
365 4432 -6864 301 -7076 2799 5672
366 4433 -6865 301 -7078 2800 5674
367 4437 -6867 300 -7081 2801 5675
368 4437 -6866 303 -7082 2804 5676
369 4435 -6866 300 -7085 2807 5672
370 4436 -6868 298 -7084 2804 5675
371 4434 -6865 300 -7080 2802 5675
372 4428 -6865 305 -7075 2800 5673
373 4431 -6866 301 -7075 2797 5675
374 4430 -6863 301 -7079 2799 5675
375 4433 -6863 298 -7079 2800 5674
376 4435 -6865 300 -7082 2802 5674
377 4435 -6866 301 -7083 2802 5676
378 4431 -6866 303 -7079 2800 5674
379 4433 -6866 304 -7081 2800 5675
380 4433 -6866 302 -7082 2802 5677
381 4434 -6866 300 -7083 2801 5676
382 4434 -6866 300 -7086 2802 5675
383 4434 -6862 300 -7086 2801 5675
384 4431 -6866 302 -7083 2801 5673
385 4432 -6863 300 -7076 2801 5677
386 4431 -6862 303 -7079 2800 5675
387 4431 -6864 301 -7081 2798 5675
388 4430 -6862 302 -7086 2801 5678
389 4437 -6866 301 -7089 2803 5678
390 4436 -6866 303 -7092 2807 5676
391 4436 -6864 303 -7087 2803 5679
392 4436 -6862 302 -7085 2803 5677
393 4429 -6866 302 -7080 2797 5675
394 4427 -6864 303 -7079 2798 5676
395 4427 -6863 307 -7079 2800 5674
396 4428 -6864 306 -7081 2801 5678
397 4434 -6865 302 -7088 2805 5676
398 4435 -6860 304 -7086 2805 5678
399 4437 -6863 305 -7084 2805 5676
400 4435 -6864 304 -7084 2804 5680
401 4433 -6865 303 -7086 2804 5675
402 4432 -6865 304 -7085 2801 5678
403 4434 -6865 305 -7085 2802 5677
404 4434 -6864 305 -7082 2805 5678
405 4433 -6863 301 -7086 2804 5674
406 4433 -6863 306 -7084 2804 5678
407 4431 -6862 306 -7081 2803 5675
408 4430 -6863 306 -7083 2804 5676
409 4435 -6861 306 -7084 2804 5679
410 4436 -6862 308 -7089 2806 5679
411 4438 -6863 307 -7088 2806 5678
412 4439 -6861 309 -7090 2809 5676
413 4436 -6861 308 -7088 2807 5678
414 4434 -6863 306 -7085 2807 5678
415 4431 -6861 307 -7079 2803 5679
416 4430 -6858 308 -7079 2802 5679
417 4429 -6858 309 -7078 2803 5681
418 4433 -6861 308 -7086 2805 5678
419 4434 -6858 307 -7088 2805 5680
420 4435 -6859 309 -7086 2808 5686
421 4434 -6859 306 -7087 2805 5682
422 4434 -6861 309 -7083 2805 5680
423 4433 -6861 311 -7080 2803 5676
424 4430 -6862 306 -7085 2806 5681
425 4433 -6859 309 -7087 2805 5680
426 4431 -6861 309 -7088 2808 5679
427 4435 -6861 307 -7085 2807 5679
428 4431 -6861 307 -7088 2805 5680
429 4434 -6860 312 -7083 2805 5679
430 4435 -6861 310 -7085 2804 5678
431 4431 -6858 311 -7086 2804 5679
432 4432 -6859 309 -7088 2801 5680
433 4437 -6862 312 -7095 2808 5684
434 4437 -6858 308 -7089 2807 5683
435 4436 -6857 313 -7086 2807 5680
436 4431 -6859 312 -7086 2802 5680
437 4429 -6858 312 -7080 2806 5683
438 4429 -6856 312 -7081 2804 5680
439 4430 -6855 315 -7081 2804 5682
440 4432 -6857 314 -7084 2804 5681
441 4435 -6859 312 -7092 2809 5681
442 4435 -6859 309 -7090 2808 5684
443 4434 -6858 311 -7091 2808 5679
444 4433 -6860 308 -7088 2806 5680
445 4433 -6861 311 -7084 2802 5682
446 4429 -6856 312 -7082 2802 5684
447 4434 -6855 314 -7084 2800 5682
448 4431 -6856 312 -7085 2800 5682
449 4433 -6855 311 -7089 2803 5683
450 4432 -6855 310 -7085 2804 5685
451 4431 -6856 314 -7090 2808 5682
452 4434 -6854 314 -7089 2808 5684
453 4435 -6857 316 -7090 2804 5684
454 4436 -6856 317 -7089 2810 5686
455 4434 -6856 314 -7089 2811 5685
456 4434 -6857 314 -7090 2803 5684
457 4431 -6857 315 -7085 2805 5683
458 4429 -6853 317 -7082 2807 5686
459 4424 -6855 314 -7081 2803 5684
460 4429 -6852 321 -7082 2802 5681
461 4430 -6856 315 -7089 2804 5684
462 4431 -6855 319 -7092 2809 5684
463 4432 -6856 317 -7093 2807 5683
464 4434 -6858 316 -7090 2807 5682
465 4432 -6856 315 -7089 2805 5685
466 4430 -6857 316 -7086 2806 5686
467 4431 -6855 317 -7082 2808 5685
468 4428 -6856 317 -7084 2804 5682
469 4432 -6852 317 -7087 2809 5686
470 4433 -6852 319 -7087 2807 5687
471 4432 -6856 318 -7087 2809 5685
472 4434 -6855 316 -7088 2806 5686
473 4432 -6853 318 -7085 2804 5687
474 4430 -6851 317 -7085 2808 5686
475 4432 -6854 317 -7087 2807 5686
476 4433 -6855 318 -7091 2807 5687
477 4434 -6853 320 -7089 2807 5684
478 4436 -6854 315 -7090 2805 5685
479 4432 -6856 319 -7089 2809 5687
480 4430 -6853 322 -7085 2805 5687
481 4425 -6851 317 -7085 2805 5684
482 4428 -6853 320 -7084 2803 5686
483 4428 -6855 320 -7088 2806 5686
484 4431 -6856 320 -7086 2807 5686
485 4433 -6855 322 -7091 2809 5688
486 4433 -6853 321 -7089 2806 5688
487 4431 -6853 320 -7084 2805 5688
488 4426 -6853 320 -7082 2804 5687
489 4430 -6852 320 -7084 2802 5688
490 4429 -6852 320 -7085 2802 5691
491 4432 -6851 320 -7090 2804 5688
492 4431 -6851 322 -7093 2807 5686
493 4434 -6855 321 -7091 2806 5687
494 4434 -6849 321 -7091 2808 5690
495 4431 -6851 323 -7085 2806 5688
496 4428 -6852 322 -7086 2809 5690
497 4430 -6851 321 -7090 2806 5687
498 4431 -6853 324 -7091 2808 5689
499 4433 -6850 323 -7090 2808 5688
500 4431 -6853 324 -7088 2805 5688
501 4426 -6850 320 -7084 2806 5686
502 4428 -6853 324 -7084 2807 5691
503 4427 -6850 325 -7082 2807 5688
504 4427 -6851 326 -7085 2805 5690
505 4430 -6854 324 -7088 2810 5691
506 4430 -6851 321 -7092 2809 5691
507 4429 -6852 324 -7090 2808 5693
508 4429 -6853 322 -7088 2808 5687
509 4426 -6851 322 -7082 2802 5688
510 4428 -6851 322 -7080 2804 5690
511 4425 -6849 322 -7080 2805 5688
512 4427 -6847 321 -7083 2806 5691
513 4429 -6851 325 -7089 2808 5688
514 4434 -6849 323 -7092 2806 5690
515 4433 -6848 325 -7092 2808 5688
516 4430 -6852 324 -7085 2806 5691
517 4429 -6851 321 -7085 2807 5690
518 4427 -6850 325 -7083 2806 5689
519 4427 -6848 324 -7086 2804 5692
520 4431 -6848 324 -7086 2810 5690
521 4430 -6849 324 -7087 2808 5688
522 4430 -6849 325 -7089 2803 5691
523 4430 -6849 324 -7084 2806 5691
524 4429 -6850 324 -7081 2804 5690
525 4426 -6853 327 -7079 2801 5692
526 4426 -6850 328 -7081 2805 5689
527 4426 -6849 326 -7085 2805 5692
528 4430 -6849 322 -7088 2809 5691
529 4432 -6852 325 -7088 2807 5691
530 4431 -6851 324 -7085 2807 5693
531 4429 -6851 325 -7082 2809 5690
532 4428 -6846 326 -7080 2801 5691
533 4424 -6847 328 -7081 2803 5691
534 4425 -6850 326 -7085 2807 5694
535 4430 -6849 326 -7088 2807 5691
536 4434 -6848 327 -7091 2809 5694
537 4432 -6850 323 -7089 2810 5691
538 4430 -6847 328 -7084 2805 5694
539 4428 -6849 326 -7079 2806 5693
540 4425 -6848 330 -7082 2804 5691
541 4426 -6847 327 -7081 2804 5691
542 4429 -6848 328 -7087 2806 5693
543 4431 -6849 326 -7088 2804 5691
544 4429 -6848 327 -7084 2807 5687
545 4430 -6846 327 -7082 2805 5691
546 4427 -6849 327 -7078 2805 5694
547 4427 -6847 327 -7078 2806 5689
548 4425 -6848 327 -7079 2808 5691
549 4426 -6850 328 -7081 2807 5694
550 4433 -6845 329 -7085 2807 5695
551 4429 -6846 328 -7088 2808 5694
552 4427 -6848 325 -7082 2808 5690
553 4428 -6845 328 -7081 2802 5690
554 4426 -6850 330 -7079 2804 5692
555 4427 -6851 326 -7083 2804 5689
556 4427 -6850 327 -7084 2806 5691
557 4427 -6847 325 -7088 2809 5691
558 4431 -6846 332 -7087 2806 5687
559 4434 -6850 327 -7086 2806 5690
560 4426 -6847 327 -7079 2801 5691
561 4423 -6849 326 -7077 2803 5690
562 4424 -6848 328 -7075 2802 5692
563 4425 -6851 328 -7080 2806 5691
564 4425 -6848 325 -7085 2806 5689
565 4431 -6849 325 -7085 2807 5689
566 4430 -6850 326 -7086 2807 5691
567 4429 -6850 327 -7077 2806 5692
568 4426 -6848 329 -7076 2801 5690
569 4423 -6851 324 -7074 2803 5688
570 4424 -6848 326 -7075 2803 5689
571 4426 -6847 328 -7077 2805 5691
572 4428 -6849 327 -7083 2804 5691
573 4432 -6847 326 -7082 2806 5691
574 4426 -6847 323 -7082 2808 5694
575 4428 -6846 325 -7080 2806 5689
576 4428 -6852 326 -7076 2809 5690
577 4428 -6851 326 -7081 2804 5692
578 4427 -6848 329 -7078 2806 5691
579 4431 -6847 326 -7080 2805 5688
580 4429 -6849 324 -7080 2804 5693
581 4426 -6849 327 -7076 2805 5690
582 4425 -6847 326 -7076 2804 5691
583 4425 -6847 330 -7076 2804 5690
584 4422 -6849 328 -7077 2806 5689
585 4429 -6850 322 -7082 2804 5689
586 4432 -6851 326 -7084 2809 5690
587 4433 -6849 326 -7087 2809 5686
588 4428 -6851 324 -7078 2802 5690
589 4427 -6851 326 -7077 2804 5689
590 4421 -6852 325 -7068 2798 5689
591 4421 -6851 326 -7070 2798 5688
592 4423 -6848 325 -7073 2800 5687
593 4423 -6853 325 -7080 2803 5688
594 4428 -6850 323 -7082 2805 5689
595 4429 -6854 324 -7081 2804 5691
596 4430 -6849 323 -7080 2806 5694
597 4427 -6852 323 -7077 2805 5688
598 4424 -6852 322 -7076 2803 5689
599 4424 -6852 323 -7078 2804 5688
600 4426 -6851 320 -7079 2802 5688
601 4425 -6852 323 -7080 2804 5689
602 4429 -6849 325 -7077 2801 5688
603 4426 -6853 323 -7076 2801 5687
604 4425 -6851 323 -7072 2802 5688
605 4422 -6850 324 -7078 2800 5689
606 4423 -6858 322 -7077 2803 5690
607 4430 -6858 322 -7081 2804 5688
608 4430 -6854 321 -7084 2804 5691
609 4429 -6851 321 -7081 2801 5685
610 4427 -6851 321 -7076 2803 5686
611 4423 -6852 324 -7066 2798 5685
612 4419 -6853 322 -7065 2797 5687
613 4420 -6852 320 -7069 2795 5685
614 4423 -6854 321 -7074 2802 5689
615 4424 -6853 321 -7080 2801 5687
616 4428 -6855 319 -7084 2804 5688
617 4432 -6853 323 -7083 2804 5689
618 4429 -6855 321 -7075 2805 5686
619 4425 -6851 320 -7071 2802 5687
620 4422 -6853 319 -7069 2798 5688
621 4423 -6851 319 -7068 2801 5687
622 4423 -6854 320 -7072 2805 5684
623 4428 -6855 320 -7080 2805 5689
624 4431 -6855 320 -7076 2802 5690
625 4430 -6853 318 -7074 2805 5688
626 4426 -6854 320 -7071 2803 5685
627 4425 -6854 321 -7072 2804 5686
628 4422 -6856 319 -7072 2801 5687
629 4427 -6851 319 -7075 2805 5686
630 4426 -6853 319 -7076 2805 5685
631 4427 -6855 316 -7073 2801 5686
632 4428 -6853 319 -7071 2798 5688
633 4425 -6855 316 -7065 2799 5686
634 4422 -6853 319 -7064 2795 5684
635 4422 -6852 321 -7069 2798 5684
636 4423 -6855 319 -7070 2799 5684
637 4430 -6859 316 -7077 2802 5686
638 4431 -6857 317 -7079 2802 5685
639 4430 -6855 315 -7073 2803 5686
640 4427 -6856 318 -7071 2801 5684
641 4423 -6857 315 -7062 2795 5681
642 4421 -6856 317 -7064 2796 5682
643 4419 -6857 319 -7068 2794 5680
644 4424 -6857 312 -7071 2798 5684
645 4430 -6857 312 -7078 2797 5687
646 4430 -6859 313 -7080 2803 5683
647 4432 -6859 312 -7077 2800 5683
648 4431 -6861 311 -7065 2800 5678
649 4427 -6860 313 -7064 2799 5682
650 4420 -6858 315 -7066 2798 5681
651 4426 -6855 312 -7069 2797 5679
652 4428 -6859 312 -7071 2800 5680
653 4428 -6860 313 -7069 2802 5679
654 4427 -6858 310 -7068 2798 5682
655 4425 -6858 316 -7063 2796 5681
656 4421 -6858 316 -7060 2796 5681
657 4422 -6858 315 -7062 2798 5677
658 4426 -6859 313 -7070 2801 5679
659 4429 -6861 313 -7075 2800 5681
660 4429 -6863 311 -7073 2800 5676
661 4427 -6862 305 -7068 2797 5681
662 4426 -6862 311 -7067 2793 5680
663 4425 -6860 310 -7059 2793 5677
664 4420 -6861 309 -7062 2795 5678
665 4424 -6861 307 -7065 2800 5681
666 4426 -6862 311 -7071 2801 5679
667 4432 -6860 311 -7075 2803 5679
668 4436 -6860 308 -7074 2801 5680
669 4433 -6862 309 -7070 2796 5681
670 4424 -6861 310 -7061 2796 5681
671 4424 -6862 310 -7056 2794 5676
672 4421 -6863 306 -7060 2795 5675
673 4421 -6863 307 -7063 2795 5677
674 4427 -6863 309 -7069 2797 5679
675 4425 -6865 308 -7066 2798 5676
676 4428 -6864 303 -7068 2797 5676
677 4426 -6861 305 -7059 2794 5674
678 4425 -6861 308 -7057 2795 5675
679 4422 -6862 306 -7059 2793 5675
680 4424 -6866 305 -7065 2797 5675
681 4426 -6862 305 -7067 2797 5676
682 4429 -6865 304 -7069 2795 5677
683 4425 -6866 304 -7064 2791 5675
684 4425 -6865 305 -7057 2792 5677
685 4419 -6863 303 -7053 2788 5674
686 4416 -6860 303 -7058 2790 5674
687 4423 -6866 305 -7063 2797 5674
688 4428 -6865 304 -7073 2799 5674
689 4431 -6871 300 -7075 2799 5673
690 4432 -6867 303 -7071 2795 5675
691 4427 -6870 302 -7065 2793 5675
692 4426 -6866 303 -7055 2790 5676
693 4420 -6869 300 -7055 2787 5671
694 4420 -6867 300 -7057 2789 5673
695 4421 -6865 302 -7061 2793 5674
696 4422 -6867 301 -7066 2793 5674
697 4428 -6870 298 -7062 2795 5671
698 4426 -6868 300 -7059 2793 5675
699 4425 -6866 302 -7055 2790 5672
700 4419 -6867 299 -7053 2788 5676
701 4419 -6868 302 -7052 2790 5669
702 4424 -6866 299 -7058 2792 5673
703 4424 -6867 301 -7064 2794 5672
704 4429 -6871 297 -7066 2793 5671
705 4428 -6869 295 -7059 2793 5672
706 4424 -6867 299 -7054 2789 5671
707 4419 -6867 300 -7052 2788 5669
708 4422 -6868 297 -7051 2790 5670
709 4422 -6870 300 -7059 2792 5671
710 4425 -6871 298 -7067 2797 5672
711 4427 -6872 298 -7066 2793 5670
712 4426 -6872 297 -7063 2795 5671
713 4428 -6869 297 -7057 2793 5670
714 4424 -6873 299 -7049 2790 5669
715 4422 -6867 298 -7050 2788 5669
716 4417 -6871 297 -7053 2788 5666
717 4423 -6869 291 -7057 2790 5668
718 4426 -6871 292 -7064 2793 5671
719 4428 -6871 297 -7061 2792 5666
720 4427 -6874 294 -7057 2789 5668
721 4421 -6871 293 -7048 2786 5668
722 4419 -6868 297 -7044 2785 5669
723 4417 -6869 295 -7047 2789 5667
724 4418 -6870 296 -7054 2785 5670
725 4425 -6871 294 -7059 2791 5665
726 4428 -6874 292 -7059 2792 5665
727 4425 -6871 293 -7056 2790 5670
728 4424 -6874 296 -7048 2788 5669
729 4421 -6874 293 -7047 2788 5666
730 4419 -6870 296 -7045 2786 5669
731 4421 -6874 294 -7054 2789 5671
732 4421 -6871 293 -7059 2793 5668
733 4428 -6877 289 -7058 2792 5669
734 4428 -6876 292 -7056 2790 5670
735 4424 -6871 295 -7048 2787 5669
736 4423 -6871 295 -7041 2785 5669
737 4419 -6874 295 -7043 2788 5667
738 4422 -6874 290 -7047 2788 5664
739 4418 -6876 291 -7053 2790 5666
740 4426 -6875 290 -7055 2792 5667
741 4429 -6872 291 -7055 2790 5667
742 4427 -6874 290 -7046 2786 5664
743 4422 -6874 290 -7041 2781 5662
744 4419 -6872 292 -7038 2783 5666
745 4417 -6875 289 -7038 2786 5667
746 4418 -6873 291 -7047 2790 5664
747 4427 -6876 292 -7055 2789 5666
748 4425 -6876 289 -7052 2790 5663
749 4426 -6876 294 -7049 2786 5667
750 4423 -6876 290 -7041 2781 5664
751 4420 -6874 291 -7038 2782 5663
752 4418 -6876 289 -7042 2787 5667
753 4422 -6872 288 -7043 2787 5663
754 4424 -6877 288 -7053 2791 5664
755 4429 -6875 289 -7053 2791 5666
756 4430 -6879 289 -7050 2788 5666
757 4425 -6875 289 -7043 2786 5667
758 4423 -6876 290 -7040 2782 5667
759 4413 -6876 286 -7035 2785 5664
760 4417 -6878 289 -7038 2787 5664
761 4423 -6876 286 -7046 2786 5665
762 4425 -6878 288 -7048 2790 5665
763 4424 -6876 290 -7046 2786 5663
764 4424 -6876 287 -7042 2782 5663
765 4421 -6877 286 -7034 2782 5663
766 4417 -6878 288 -7034 2781 5665
767 4417 -6876 291 -7039 2781 5663
768 4424 -6878 287 -7038 2785 5661
769 4422 -6876 286 -7046 2786 5663
770 4424 -6877 288 -7044 2787 5663
771 4424 -6875 287 -7039 2783 5665
772 4419 -6877 285 -7034 2784 5661
773 4418 -6875 286 -7030 2780 5665
774 4417 -6877 288 -7034 2781 5664
775 4420 -6878 287 -7042 2787 5664
776 4423 -6879 287 -7047 2788 5663
777 4429 -6879 284 -7046 2788 5663
778 4428 -6877 287 -7043 2786 5663
779 4421 -6879 287 -7038 2783 5662
780 4419 -6876 284 -7031 2782 5662
781 4420 -6881 284 -7033 2780 5661
782 4415 -6877 287 -7036 2784 5661
783 4419 -6875 288 -7038 2785 5663
784 4420 -6880 284 -7041 2785 5661
785 4424 -6880 284 -7039 2785 5660
786 4422 -6878 284 -7032 2777 5663
787 4417 -6877 283 -7030 2781 5664
788 4415 -6880 286 -7031 2780 5662
789 4417 -6879 283 -7032 2782 5661
790 4419 -6880 283 -7044 2782 5659
791 4420 -6880 284 -7041 2785 5659
792 4423 -6878 285 -7038 2783 5662
793 4419 -6884 283 -7032 2777 5659
794 4417 -6880 283 -7026 2776 5661
795 4415 -6879 286 -7026 2777 5662
796 4415 -6880 286 -7030 2781 5659
797 4420 -6881 281 -7036 2784 5660
798 4421 -6884 285 -7041 2786 5661
799 4426 -6880 284 -7040 2788 5662
800 4426 -6879 283 -7033 2784 5661
801 4421 -6879 284 -7031 2778 5661
802 4419 -6882 284 -7026 2777 5661
803 4411 -6882 283 -7030 2777 5659
804 4414 -6880 282 -7031 2783 5663
805 4419 -6882 284 -7036 2782 5661
806 4421 -6882 282 -7035 2784 5658
807 4421 -6881 283 -7029 2779 5661
808 4416 -6881 282 -7024 2774 5658
809 4419 -6875 281 -7020 2775 5655
810 4412 -6880 281 -7024 2772 5656
811 4413 -6879 284 -7029 2783 5660
812 4421 -6879 278 -7036 2782 5657
813 4419 -6882 284 -7039 2785 5658
814 4424 -6881 282 -7034 2782 5660
815 4419 -6881 281 -7028 2777 5659
816 4416 -6881 283 -7020 2777 5662
817 4415 -6880 283 -7019 2775 5657
818 4417 -6883 279 -7025 2776 5661
819 4416 -6879 283 -7032 2781 5659
820 4422 -6883 281 -7031 2778 5659
821 4421 -6880 281 -7030 2778 5658
822 4417 -6883 279 -7023 2777 5657
823 4413 -6878 282 -7020 2777 5662
824 4415 -6877 280 -7021 2778 5660
825 4414 -6883 281 -7024 2778 5659
826 4418 -6883 281 -7029 2784 5659
827 4418 -6883 281 -7033 2782 5661
828 4419 -6885 280 -7028 2779 5659
829 4418 -6884 279 -7023 2776 5657
830 4415 -6882 283 -7015 2774 5660
831 4411 -6881 281 -7015 2773 5658
832 4409 -6881 282 -7019 2775 5657
833 4411 -6881 282 -7026 2779 5656
834 4420 -6882 275 -7034 2782 5661
835 4420 -6886 281 -7031 2781 5658
836 4419 -6881 279 -7023 2776 5658
837 4414 -6882 282 -7013 2776 5657
838 4412 -6880 280 -7013 2772 5659
839 4411 -6880 283 -7016 2775 5655
840 4413 -6880 280 -7017 2774 5656
841 4415 -6883 282 -7024 2777 5658
842 4419 -6882 277 -7029 2779 5658
843 4421 -6883 278 -7026 2775 5658
844 4417 -6885 279 -7021 2774 5657
845 4414 -6880 278 -7016 2773 5654
846 4411 -6885 276 -7017 2771 5655
847 4411 -6885 277 -7016 2771 5657
848 4410 -6884 279 -7023 2776 5657
849 4413 -6884 279 -7022 2775 5658
850 4416 -6886 278 -7018 2775 5657
851 4416 -6884 277 -7017 2774 5657
852 4412 -6881 278 -7014 2771 5658
853 4412 -6882 279 -7015 2773 5656
854 4413 -6882 280 -7017 2774 5655
855 4414 -6884 280 -7018 2775 5658
856 4415 -6885 278 -7024 2774 5654
857 4417 -6885 279 -7021 2774 5658
858 4416 -6887 278 -7013 2771 5656
859 4410 -6882 281 -7009 2769 5659
860 4408 -6885 279 -7005 2769 5659
861 4410 -6882 281 -7012 2774 5657
862 4412 -6883 280 -7018 2772 5657
863 4417 -6883 276 -7023 2781 5655
864 4421 -6884 280 -7029 2781 5661
865 4422 -6886 282 -7022 2779 5656
866 4418 -6882 277 -7010 2771 5657
867 4413 -6881 278 -7007 2770 5660
868 4410 -6884 279 -7006 2768 5656
869 4411 -6882 280 -7010 2772 5654
870 4408 -6884 278 -7013 2774 5652
871 4414 -6882 279 -7016 2773 5657
872 4416 -6883 279 -7014 2774 5655
873 4412 -6884 279 -7013 2772 5657
874 4412 -6885 279 -7008 2771 5655
875 4410 -6885 281 -7008 2770 5657
876 4411 -6885 278 -7012 2773 5656
877 4416 -6885 276 -7016 2773 5656
878 4413 -6889 276 -7014 2774 5652
879 4413 -6887 278 -7009 2771 5656
880 4412 -6885 276 -7007 2769 5656
881 4407 -6886 277 -7000 2770 5656
882 4408 -6882 278 -7001 2765 5655
883 4408 -6884 279 -7003 2770 5656
884 4410 -6883 276 -7013 2773 5654
885 4416 -6884 274 -7023 2780 5659
886 4420 -6886 275 -7020 2780 5657
887 4420 -6885 274 -7019 2778 5657
888 4414 -6886 274 -7010 2770 5658
889 4412 -6885 276 -7003 2767 5655
890 4405 -6885 277 -7002 2769 5653
891 4406 -6884 274 -7004 2769 5656
892 4409 -6886 278 -7008 2771 5654
893 4413 -6885 275 -7013 2771 5657
894 4413 -6886 276 -7007 2772 5650
895 4413 -6885 273 -7004 2768 5654
896 4411 -6886 276 -7003 2769 5652
897 4411 -6885 277 -7004 2770 5654
898 4410 -6887 274 -7008 2769 5655
899 4411 -6889 273 -7010 2772 5656
900 4413 -6884 276 -7012 2772 5653
901 4413 -6887 272 -7004 2768 5654
902 4407 -6885 277 -6996 2767 5656
903 4404 -6887 275 -6996 2767 5653
904 4408 -6887 279 -7000 2769 5654
905 4411 -6887 276 -7007 2769 5651
906 4414 -6888 276 -7011 2772 5653
907 4415 -6887 273 -7013 2773 5656
908 4414 -6890 273 -7014 2774 5655
909 4418 -6890 271 -7007 2771 5652
910 4412 -6886 273 -7001 2768 5651
911 4406 -6883 273 -6999 2765 5656
912 4410 -6886 274 -6998 2765 5654
913 4409 -6886 273 -7004 2769 5652
914 4411 -6887 273 -7004 2771 5653
915 4414 -6885 272 -7007 2770 5655
916 4412 -6885 270 -7008 2770 5652
917 4411 -6888 270 -7000 2768 5651
918 4408 -6891 273 -6995 2765 5651
919 4408 -6886 274 -6997 2765 5654
920 4407 -6888 274 -7000 2768 5655
921 4410 -6889 271 -7005 2763 5653
922 4411 -6888 271 -7005 2768 5646
923 4410 -6890 273 -7006 2766 5654
924 4407 -6888 269 -6998 2765 5651
925 4408 -6889 270 -6994 2762 5650
926 4405 -6888 270 -6996 2763 5653
927 4409 -6888 271 -6998 2766 5653
928 4410 -6889 272 -7005 2771 5651
929 4414 -6894 268 -7007 2772 5651
930 4414 -6894 268 -7003 2769 5649
931 4410 -6892 266 -6998 2766 5652
932 4409 -6891 268 -7000 2765 5652
933 4410 -6892 267 -6998 2764 5647
934 4407 -6890 267 -6999 2766 5649
935 4411 -6888 267 -7005 2768 5649
936 4412 -6887 269 -7003 2769 5651
937 4411 -6892 268 -7001 2769 5649
938 4410 -6891 268 -6993 2763 5649
939 4406 -6892 268 -6995 2766 5650
940 4406 -6888 269 -6992 2762 5649
941 4408 -6889 269 -6995 2764 5650
942 4409 -6893 266 -6996 2767 5647
943 4410 -6894 268 -6999 2764 5651
944 4413 -6892 267 -7000 2767 5651
945 4411 -6892 268 -6997 2766 5652
946 4410 -6889 265 -6991 2764 5647
947 4408 -6891 268 -6988 2764 5652
948 4410 -6891 268 -6994 2768 5645
949 4411 -6893 262 -6999 2766 5648
950 4410 -6892 263 -7001 2770 5645
951 4412 -6893 267 -7004 2770 5646
952 4416 -6892 265 -6999 2766 5647
953 4412 -6894 266 -6994 2765 5646
954 4406 -6891 265 -6991 2762 5648
955 4408 -6895 264 -6990 2760 5649
956 4408 -6891 266 -6993 2764 5649
957 4411 -6893 268 -7001 2769 5645
958 4413 -6891 266 -7000 2766 5646
959 4414 -6893 261 -6997 2765 5644
960 4412 -6894 264 -6995 2764 5645
961 4403 -6896 262 -6991 2760 5645
962 4405 -6894 264 -6988 2761 5644
963 4406 -6894 263 -6995 2762 5644
964 4407 -6895 263 -6997 2763 5643
965 4407 -6897 262 -6996 2760 5645
966 4410 -6896 260 -6995 2759 5644
967 4409 -6895 263 -6989 2759 5644
968 4404 -6896 259 -6988 2759 5644
969 4403 -6896 263 -6991 2761 5645
970 4407 -6898 259 -6997 2764 5644
971 4410 -6897 260 -7000 2766 5642
972 4412 -6898 258 -7000 2763 5643
973 4407 -6900 257 -7001 2762 5643
974 4412 -6897 257 -6997 2762 5644
975 4408 -6895 259 -6992 2761 5644
976 4408 -6896 258 -6988 2760 5644
977 4403 -6896 259 -6991 2759 5642
978 4409 -6902 257 -6995 2762 5642
979 4410 -6900 256 -6997 2767 5639
980 4412 -6897 259 -6998 2763 5644
981 4410 -6903 258 -6994 2763 5640
982 4409 -6898 259 -6990 2761 5644
983 4402 -6899 258 -6984 2759 5643
984 4405 -6901 258 -6990 2759 5643
985 4408 -6901 257 -6990 2763 5642
986 4411 -6900 255 -6993 2763 5644
987 4410 -6901 257 -6998 2762 5643
988 4411 -6898 255 -6993 2761 5643
989 4407 -6899 256 -6987 2758 5642
990 4404 -6899 255 -6984 2754 5641
991 4405 -6896 253 -6980 2755 5641
992 4406 -6900 256 -6988 2758 5638
993 4411 -6901 254 -6994 2764 5640
994 4413 -6902 253 -6997 2761 5641
995 4415 -6901 254 -6998 2763 5643
996 4415 -6900 253 -6993 2758 5641
997 4410 -6899 255 -6988 2761 5641
998 4410 -6903 251 -6989 2761 5640
999 4408 -6899 253 -6990 2759 5642
