0 1813 1038 1625 -1364 -297 -2844
1 1818 1034 1627 -1361 -294 -2840
2 1815 1038 1629 -1361 -294 -2842
3 1816 1040 1629 -1362 -296 -2845
4 1815 1039 1631 -1363 -298 -2842
5 1813 1037 1625 -1365 -297 -2843
6 1815 1038 1626 -1365 -291 -2843
7 1817 1037 1627 -1364 -295 -2845
8 1817 1037 1628 -1362 -294 -2846
9 1814 1038 1623 -1362 -296 -2843
10 1813 1037 1627 -1364 -295 -2841
11 1813 1035 1626 -1365 -294 -2845
12 1812 1037 1626 -1364 -297 -2841
13 1815 1038 1627 -1362 -296 -2845
14 1816 1036 1629 -1360 -296 -2844
15 1813 1036 1628 -1363 -297 -2845
16 1812 1036 1625 -1364 -298 -2843
17 1813 1039 1625 -1364 -294 -2847
18 1815 1038 1629 -1364 -293 -2843
19 1812 1039 1630 -1362 -294 -2846
20 1814 1035 1627 -1362 -298 -2846
21 1812 1037 1628 -1365 -294 -2843
22 1814 1037 1629 -1361 -295 -2844
23 1815 1042 1630 -1362 -291 -2844
24 1816 1039 1629 -1362 -293 -2844
25 1813 1035 1625 -1361 -293 -2846
26 1813 1038 1634 -1365 -294 -2845
27 1815 1037 1629 -1366 -293 -2843
28 1812 1036 1628 -1364 -293 -2844
29 1815 1034 1630 -1362 -297 -2844
30 1814 1039 1628 -1364 -296 -2845
31 1813 1037 1629 -1364 -294 -2842
32 1816 1037 1629 -1363 -293 -2842
33 1811 1036 1630 -1362 -292 -2841
34 1812 1039 1632 -1365 -295 -2844
35 1817 1039 1629 -1367 -292 -2842
36 1814 1033 1629 -1362 -294 -2848
37 1813 1034 1631 -1361 -297 -2846
38 1814 1040 1626 -1362 -293 -2845
39 1815 1036 1631 -1362 -293 -2846
40 1814 1036 1625 -1362 -294 -2845
41 1815 1035 1630 -1364 -295 -2844
42 1813 1037 1629 -1362 -297 -2844
43 1813 1035 1628 -1365 -296 -2845
44 1812 1038 1631 -1366 -296 -2842
45 1812 1037 1627 -1364 -295 -2843
46 1815 1038 1632 -1365 -295 -2844
47 1816 1037 1628 -1368 -298 -2843
48 1813 1039 1631 -1366 -294 -2842
49 1816 1034 1627 -1364 -296 -2842
50 1816 1038 1629 -1361 -294 -2845
51 1814 1039 1630 -1366 -295 -2845
52 1814 1034 1626 -1361 -295 -2844
53 1814 1042 1630 -1361 -292 -2846
54 1814 1033 1625 -1366 -295 -2846
55 1814 1036 1626 -1364 -297 -2843
56 1814 1036 1626 -1363 -293 -2843
57 1813 1035 1630 -1364 -295 -2846
58 1814 1036 1627 -1362 -295 -2842
59 1815 1036 1626 -1362 -299 -2845
60 1812 1038 1630 -1362 -295 -2844
61 1813 1037 1630 -1363 -294 -2843
62 1815 1039 1629 -1365 -297 -2845
63 1812 1035 1627 -1362 -298 -2845
64 1814 1037 1625 -1366 -295 -2845
65 1812 1035 1629 -1365 -300 -2846
66 1813 1035 1626 -1365 -293 -2846
67 1814 1035 1627 -1366 -294 -2843
68 1813 1037 1626 -1364 -299 -2845
69 1815 1035 1628 -1366 -296 -2845
70 1814 1037 1628 -1366 -296 -2843
71 1812 1037 1628 -1364 -294 -2844
72 1816 1038 1627 -1364 -295 -2845
73 1812 1034 1625 -1364 -297 -2844
74 1815 1038 1627 -1364 -300 -2846
75 1814 1034 1626 -1364 -294 -2844
76 1813 1036 1628 -1364 -294 -2843
77 1817 1035 1627 -1362 -295 -2843
78 1815 1037 1626 -1365 -299 -2845
79 1811 1039 1626 -1361 -297 -2841
80 1814 1036 1627 -1364 -295 -2846
81 1813 1035 1626 -1364 -298 -2846
82 1814 1036 1628 -1364 -295 -2843
83 1816 1034 1627 -1362 -296 -2843
84 1815 1037 1627 -1362 -297 -2843
85 1814 1038 1628 -1362 -296 -2845
86 1814 1036 1628 -1364 -297 -2844
87 1813 1036 1623 -1363 -298 -2847
88 1815 1036 1623 -1365 -294 -2847
89 1815 1038 1627 -1365 -294 -2846
90 1813 1036 1627 -1366 -296 -2843
91 1811 1036 1624 -1364 -295 -2846
92 1811 1038 1628 -1360 -295 -2845
93 1813 1037 1625 -1363 -296 -2844
94 1811 1037 1626 -1366 -297 -2847
95 1815 1034 1623 -1363 -295 -2846
96 1815 1036 1629 -1364 -295 -2846
97 1815 1036 1628 -1363 -295 -2846
98 1818 1039 1630 -1367 -296 -2844
99 1816 1038 1628 -1366 -294 -2845
100 1816 1035 1627 -1365 -296 -2844
101 1812 1036 1627 -1365 -295 -2844
102 1813 1038 1626 -1365 -296 -2846
103 1813 1038 1626 -1361 -293 -2844
104 1815 1037 1628 -1363 -295 -2844
105 1814 1037 1625 -1365 -295 -2845
106 1815 1036 1627 -1364 -294 -2843
107 1813 1035 1630 -1363 -297 -2844
108 1813 1036 1627 -1364 -296 -2845
109 1814 1036 1629 -1364 -300 -2845
110 1811 1037 1624 -1365 -295 -2846
111 1812 1036 1624 -1367 -297 -2844
112 1812 1035 1628 -1367 -298 -2846
113 1814 1035 1628 -1364 -296 -2844
114 1814 1038 1628 -1364 -293 -2842
115 1814 1039 1629 -1365 -292 -2842
116 1814 1036 1627 -1364 -297 -2843
117 1815 1036 1626 -1362 -295 -2843
118 1815 1038 1625 -1363 -295 -2840
119 1811 1034 1628 -1362 -297 -2845
120 1815 1036 1627 -1362 -295 -2844
121 1812 1035 1629 -1366 -295 -2844
122 1813 1036 1622 -1366 -295 -2842
123 1815 1032 1627 -1366 -293 -2843
124 1814 1036 1628 -1364 -296 -2846
125 1814 1037 1625 -1366 -295 -2844
126 1813 1037 1627 -1364 -293 -2841
127 1815 1035 1632 -1365 -295 -2845
128 1815 1035 1630 -1365 -297 -2844
129 1814 1035 1627 -1366 -294 -2845
130 1815 1036 1628 -1362 -294 -2842
131 1812 1037 1628 -1358 -296 -2846
132 1812 1037 1627 -1360 -294 -2844
133 1812 1036 1629 -1364 -292 -2842
134 1814 1038 1627 -1368 -296 -2842
135 1814 1038 1631 -1362 -292 -2841
136 1818 1034 1628 -1365 -294 -2843
137 1811 1036 1630 -1365 -296 -2844
138 1812 1037 1627 -1362 -297 -2844
139 1810 1037 1624 -1361 -295 -2847
140 1813 1037 1626 -1362 -293 -2844
141 1815 1041 1625 -1365 -296 -2843
142 1816 1038 1626 -1364 -296 -2844
143 1813 1035 1625 -1367 -295 -2845
144 1813 1037 1627 -1362 -295 -2841
145 1814 1040 1627 -1363 -298 -2846
146 1816 1037 1627 -1363 -296 -2845
147 1813 1035 1628 -1363 -296 -2843
148 1816 1037 1630 -1362 -296 -2845
149 1813 1037 1629 -1364 -296 -2839
150 1814 1037 1630 -1361 -293 -2842
151 1813 1035 1628 -1365 -294 -2845
152 1816 1033 1628 -1362 -297 -2841
153 1814 1036 1625 -1361 -297 -2842
154 1811 1037 1629 -1360 -295 -2848
155 1813 1035 1628 -1361 -297 -2844
156 1812 1037 1627 -1363 -293 -2845
157 1814 1037 1630 -1366 -293 -2844
158 1814 1037 1627 -1364 -293 -2844
159 1817 1034 1627 -1364 -295 -2846
160 1812 1036 1630 -1360 -296 -2842
161 1813 1040 1629 -1359 -297 -2846
162 1814 1036 1629 -1364 -296 -2844
163 1816 1036 1628 -1364 -295 -2846
164 1814 1037 1626 -1363 -297 -2844
165 1814 1038 1628 -1365 -296 -2845
166 1812 1036 1624 -1363 -299 -2847
167 1812 1038 1627 -1363 -295 -2845
168 1815 1033 1627 -1362 -296 -2844
169 1814 1037 1628 -1366 -297 -2845
170 1814 1036 1628 -1363 -296 -2846
171 1815 1034 1628 -1363 -295 -2842
172 1817 1038 1630 -1364 -294 -2844
173 1812 1034 1629 -1366 -296 -2845
174 1813 1036 1627 -1364 -300 -2845
175 1812 1037 1627 -1362 -296 -2843
176 1813 1035 1625 -1361 -296 -2845
177 1814 1036 1624 -1365 -298 -2843
178 1813 1036 1627 -1369 -298 -2843
179 1813 1037 1625 -1361 -292 -2842
180 1819 1040 1630 -1366 -296 -2844
181 1815 1035 1624 -1362 -298 -2845
182 1813 1036 1628 -1361 -296 -2845
183 1814 1034 1625 -1361 -297 -2846
184 1813 1037 1625 -1362 -296 -2846
185 1812 1034 1625 -1366 -296 -2844
186 1812 1036 1628 -1364 -298 -2844
187 1811 1037 1626 -1364 -297 -2843
188 1815 1036 1627 -1364 -297 -2844
189 1812 1037 1628 -1361 -295 -2843
190 1812 1035 1624 -1365 -298 -2845
191 1808 1035 1626 -1368 -296 -2845
192 1811 1034 1626 -1367 -296 -2842
193 1811 1034 1626 -1368 -296 -2844
194 1812 1035 1626 -1364 -297 -2845
195 1812 1034 1625 -1365 -297 -2847
196 1810 1037 1627 -1363 -301 -2846
197 1809 1038 1627 -1364 -298 -2843
198 1812 1035 1625 -1364 -296 -2844
199 1813 1034 1626 -1365 -297 -2845
200 1813 1034 1625 -1365 -296 -2847
201 1810 1034 1624 -1367 -298 -2846
202 1810 1035 1627 -1368 -295 -2846
203 1812 1035 1627 -1365 -296 -2847
204 1814 1038 1629 -1367 -296 -2848
205 1812 1038 1624 -1365 -296 -2847
206 1813 1038 1625 -1363 -295 -2845
207 1812 1038 1625 -1364 -296 -2844
208 1815 1036 1630 -1364 -296 -2848
209 1812 1035 1627 -1364 -296 -2847
210 1813 1035 1626 -1365 -296 -2845
211 1812 1037 1627 -1367 -296 -2846
212 1811 1034 1626 -1365 -299 -2844
213 1810 1035 1627 -1367 -298 -2851
214 1811 1035 1625 -1366 -302 -2846
215 1813 1036 1624 -1368 -297 -2846
216 1813 1034 1630 -1368 -296 -2846
217 1814 1036 1626 -1365 -294 -2847
218 1814 1038 1626 -1363 -298 -2846
219 1810 1036 1626 -1365 -299 -2847
220 1810 1034 1628 -1362 -297 -2847
221 1811 1035 1625 -1365 -294 -2844
222 1816 1037 1629 -1367 -298 -2844
223 1815 1037 1627 -1367 -296 -2846
224 1814 1036 1625 -1364 -293 -2846
225 1815 1035 1627 -1365 -296 -2843
226 1810 1037 1628 -1363 -295 -2846
227 1812 1037 1627 -1368 -295 -2846
228 1814 1035 1626 -1363 -296 -2846
229 1813 1036 1627 -1360 -292 -2848
230 1811 1035 1628 -1366 -295 -2846
231 1814 1035 1627 -1364 -298 -2846
232 1811 1034 1626 -1366 -295 -2845
233 1810 1035 1629 -1364 -295 -2846
234 1815 1035 1624 -1362 -292 -2842
235 1816 1040 1625 -1363 -296 -2846
236 1810 1035 1626 -1363 -299 -2846
237 1808 1035 1626 -1366 -292 -2848
238 1814 1034 1626 -1367 -294 -2845
239 1816 1035 1627 -1364 -294 -2844
240 1814 1038 1627 -1369 -297 -2844
241 1811 1037 1627 -1363 -300 -2847
242 1809 1034 1622 -1366 -299 -2848
243 1809 1036 1624 -1364 -296 -2848
244 1814 1034 1626 -1366 -296 -2846
245 1812 1034 1625 -1368 -297 -2844
246 1814 1033 1626 -1368 -297 -2847
247 1813 1037 1624 -1364 -298 -2846
248 1812 1036 1626 -1364 -295 -2845
249 1813 1038 1625 -1363 -297 -2845
250 1812 1033 1625 -1365 -297 -2844
251 1811 1035 1626 -1367 -300 -2849
252 1814 1031 1625 -1367 -297 -2844
253 1812 1035 1623 -1366 -296 -2844
254 1813 1035 1626 -1369 -297 -2846
255 1811 1035 1626 -1366 -297 -2844
256 1812 1034 1625 -1364 -295 -2848
257 1815 1033 1625 -1363 -295 -2845
258 1810 1037 1628 -1362 -299 -2844
259 1812 1038 1628 -1365 -297 -2843
260 1810 1036 1625 -1367 -295 -2845
261 1814 1034 1625 -1367 -296 -2846
262 1811 1032 1627 -1366 -300 -2845
263 1813 1037 1625 -1363 -296 -2849
264 1816 1037 1625 -1360 -300 -2846
265 1811 1037 1627 -1366 -298 -2847
266 1812 1038 1626 -1367 -298 -2845
267 1813 1038 1625 -1370 -294 -2846
268 1816 1035 1625 -1366 -296 -2845
269 1814 1034 1624 -1363 -298 -2846
270 1812 1035 1625 -1362 -299 -2847
271 1812 1036 1628 -1362 -302 -2847
272 1813 1037 1629 -1363 -298 -2844
273 1810 1034 1623 -1366 -297 -2846
274 1814 1033 1623 -1368 -292 -2844
275 1813 1036 1626 -1366 -295 -2845
276 1811 1034 1629 -1365 -297 -2845
277 1813 1036 1626 -1363 -297 -2847
278 1811 1035 1626 -1365 -298 -2847
279 1812 1033 1627 -1365 -296 -2845
280 1816 1033 1625 -1369 -294 -2843
281 1813 1037 1625 -1368 -297 -2846
282 1812 1033 1627 -1364 -294 -2845
283 1812 1037 1628 -1361 -299 -2844
284 1813 1034 1631 -1363 -298 -2844
285 1812 1036 1629 -1364 -297 -2848
286 1810 1035 1626 -1367 -300 -2848
287 1814 1037 1624 -1369 -293 -2846
288 1814 1039 1628 -1367 -294 -2842
289 1814 1034 1628 -1366 -296 -2843
290 1814 1035 1627 -1362 -299 -2844
291 1814 1034 1626 -1364 -296 -2848
292 1814 1034 1627 -1366 -301 -2847
293 1815 1035 1626 -1362 -297 -2846
294 1808 1033 1627 -1362 -299 -2847
295 1811 1035 1624 -1364 -296 -2846
296 1809 1033 1625 -1371 -296 -2847
297 1812 1035 1626 -1367 -297 -2845
298 1814 1038 1629 -1368 -296 -2846
299 1813 1033 1625 -1364 -297 -2846
300 1809 1034 1626 -1364 -299 -2848
301 1810 1032 1625 -1363 -298 -2845
302 1815 1033 1624 -1369 -297 -2845
303 1815 1036 1626 -1368 -294 -2845
304 1813 1035 1627 -1366 -297 -2849
305 1812 1034 1626 -1364 -301 -2849
306 1810 1035 1629 -1361 -299 -2849
307 1810 1036 1625 -1364 -298 -2848
308 1813 1034 1623 -1366 -293 -2844
309 1812 1034 1626 -1369 -294 -2848
310 1814 1033 1624 -1370 -295 -2846
311 1814 1035 1627 -1366 -293 -2844
312 1812 1038 1625 -1365 -298 -2845
313 1811 1037 1623 -1360 -298 -2846
314 1812 1037 1625 -1365 -299 -2847
315 1812 1034 1627 -1366 -297 -2846
316 1812 1035 1624 -1364 -296 -2846
317 1812 1034 1623 -1366 -298 -2845
318 1813 1037 1626 -1365 -297 -2844
319 1813 1035 1624 -1362 -297 -2848
320 1812 1036 1625 -1368 -298 -2847
321 1812 1034 1624 -1366 -295 -2844
322 1813 1033 1626 -1367 -295 -2844
323 1815 1033 1628 -1366 -298 -2847
324 1814 1035 1626 -1363 -294 -2845
325 1816 1033 1628 -1366 -297 -2848
326 1813 1036 1629 -1366 -295 -2847
327 1814 1037 1625 -1363 -296 -2849
328 1813 1033 1627 -1365 -297 -2848
329 1813 1036 1628 -1364 -297 -2848
330 1812 1036 1625 -1365 -294 -2843
331 1812 1036 1630 -1362 -292 -2845
332 1817 1033 1627 -1365 -293 -2844
333 1816 1039 1628 -1366 -295 -2846
334 1815 1038 1626 -1363 -298 -2846
335 1810 1037 1628 -1363 -296 -2846
336 1812 1037 1628 -1365 -296 -2845
337 1810 1038 1628 -1365 -296 -2845
338 1815 1034 1628 -1366 -298 -2848
339 1812 1033 1626 -1366 -299 -2845
340 1815 1035 1625 -1367 -299 -2845
341 1810 1034 1624 -1362 -299 -2846
342 1809 1036 1625 -1363 -299 -2846
343 1812 1038 1626 -1367 -298 -2850
344 1811 1033 1623 -1366 -298 -2845
345 1812 1035 1624 -1367 -296 -2843
346 1814 1036 1624 -1368 -296 -2845
347 1813 1035 1626 -1364 -295 -2846
348 1811 1038 1626 -1361 -298 -2845
349 1812 1036 1628 -1363 -299 -2847
350 1809 1038 1625 -1364 -298 -2845
351 1810 1035 1625 -1364 -298 -2845
352 1811 1040 1626 -1365 -293 -2846
353 1814 1035 1628 -1362 -299 -2845
354 1814 1033 1626 -1364 -295 -2846
355 1811 1036 1627 -1363 -292 -2844
356 1813 1041 1629 -1363 -296 -2844
357 1814 1035 1626 -1364 -296 -2844
358 1813 1036 1627 -1365 -296 -2848
359 1813 1034 1624 -1363 -297 -2843
360 1813 1035 1627 -1363 -294 -2844
361 1816 1036 1627 -1365 -296 -2844
362 1816 1038 1626 -1367 -294 -2844
363 1815 1036 1628 -1363 -296 -2846
364 1816 1037 1627 -1366 -298 -2844
365 1812 1036 1625 -1362 -295 -2843
366 1814 1039 1627 -1364 -297 -2846
367 1815 1035 1625 -1364 -297 -2844
368 1814 1037 1627 -1368 -295 -2844
369 1814 1035 1625 -1368 -294 -2846
370 1814 1032 1627 -1366 -296 -2846
371 1813 1034 1628 -1363 -297 -2845
372 1814 1039 1625 -1363 -298 -2846
373 1814 1039 1626 -1364 -296 -2845
374 1816 1038 1626 -1366 -296 -2845
375 1813 1037 1630 -1367 -296 -2846
376 1814 1035 1625 -1365 -295 -2848
377 1812 1037 1626 -1364 -297 -2847
378 1813 1034 1628 -1365 -299 -2846
379 1815 1038 1626 -1364 -299 -2845
380 1813 1039 1622 -1364 -296 -2847
381 1813 1034 1624 -1365 -298 -2847
382 1814 1036 1626 -1364 -295 -2846
383 1813 1037 1625 -1366 -297 -2844
384 1811 1037 1629 -1365 -297 -2843
385 1812 1034 1626 -1366 -298 -2846
386 1812 1039 1627 -1364 -292 -2845
387 1814 1035 1625 -1363 -298 -2843
388 1814 1034 1624 -1363 -294 -2844
389 1818 1036 1628 -1366 -295 -2842
390 1810 1036 1626 -1365 -297 -2845
391 1815 1034 1626 -1367 -297 -2844
392 1812 1038 1626 -1365 -296 -2845
393 1811 1034 1626 -1363 -300 -2847
394 1813 1036 1624 -1363 -297 -2847
395 1813 1033 1625 -1366 -295 -2845
396 1810 1036 1627 -1365 -293 -2846
397 1813 1033 1627 -1369 -296 -2841
398 1813 1037 1628 -1367 -295 -2845
399 1817 1038 1627 -1362 -293 -2845
400 1814 1032 1626 -1362 -294 -2845
401 1813 1033 1626 -1362 -299 -2847
402 1812 1037 1626 -1363 -299 -2848
403 1812 1036 1627 -1367 -297 -2844
404 1814 1036 1624 -1366 -294 -2845
405 1813 1033 1626 -1369 -294 -2844
406 1810 1032 1627 -1366 -296 -2842
407 1815 1034 1628 -1366 -296 -2843
408 1816 1036 1629 -1362 -298 -2846
409 1813 1036 1626 -1361 -297 -2847
410 1815 1031 1625 -1363 -294 -2848
411 1814 1035 1626 -1365 -295 -2843
412 1816 1036 1631 -1366 -296 -2842
413 1815 1037 1630 -1365 -294 -2843
414 1815 1037 1627 -1362 -293 -2843
415 1814 1033 1625 -1360 -298 -2847
416 1813 1037 1626 -1360 -296 -2843
417 1814 1038 1627 -1365 -299 -2845
418 1812 1037 1630 -1363 -294 -2844
419 1816 1035 1630 -1367 -295 -2846
420 1816 1038 1628 -1364 -297 -2843
421 1814 1036 1628 -1361 -296 -2845
422 1811 1036 1631 -1360 -297 -2843
423 1811 1038 1628 -1362 -293 -2843
424 1814 1035 1627 -1362 -294 -2846
425 1816 1033 1628 -1363 -296 -2845
426 1816 1037 1630 -1365 -293 -2841
427 1816 1039 1633 -1363 -296 -2841
428 1816 1038 1629 -1360 -297 -2848
429 1812 1035 1627 -1362 -297 -2847
430 1814 1035 1627 -1362 -293 -2845
431 1813 1037 1627 -1362 -296 -2844
432 1814 1039 1630 -1365 -293 -2847
433 1815 1041 1628 -1367 -295 -2844
434 1814 1032 1626 -1369 -296 -2846
435 1816 1034 1628 -1364 -298 -2845
436 1812 1038 1628 -1364 -294 -2844
437 1811 1037 1627 -1362 -295 -2842
438 1814 1038 1628 -1360 -294 -2843
439 1814 1037 1627 -1365 -296 -2845
440 1815 1036 1629 -1363 -295 -2842
441 1813 1036 1629 -1365 -294 -2843
442 1816 1034 1628 -1362 -294 -2842
443 1814 1038 1629 -1360 -292 -2843
444 1812 1037 1627 -1360 -297 -2843
445 1815 1036 1629 -1364 -296 -2844
446 1816 1037 1628 -1367 -297 -2844
447 1815 1038 1627 -1365 -295 -2843
448 1816 1036 1626 -1369 -296 -2845
449 1817 1035 1626 -1360 -295 -2843
450 1811 1037 1624 -1361 -295 -2844
451 1815 1038 1630 -1360 -298 -2844
452 1816 1037 1630 -1362 -297 -2843
453 1815 1037 1626 -1364 -294 -2844
454 1814 1034 1627 -1370 -297 -2844
455 1815 1036 1629 -1365 -297 -2843
456 1811 1035 1630 -1364 -295 -2840
457 1814 1037 1627 -1362 -296 -2845
458 1814 1034 1625 -1364 -297 -2845
459 1814 1038 1624 -1361 -295 -2845
460 1813 1035 1629 -1363 -298 -2843
461 1813 1038 1627 -1362 -294 -2843
462 1815 1037 1629 -1360 -296 -2843
463 1812 1036 1625 -1366 -296 -2846
464 1812 1032 1626 -1364 -292 -2846
465 1814 1041 1627 -1364 -292 -2845
466 1816 1035 1626 -1364 -298 -2842
467 1813 1038 1629 -1360 -295 -2843
468 1815 1036 1624 -1362 -295 -2846
469 1816 1034 1626 -1365 -294 -2844
470 1815 1031 1629 -1363 -296 -2842
471 1814 1036 1630 -1364 -298 -2843
472 1815 1037 1628 -1358 -298 -2845
473 1812 1033 1627 -1361 -297 -2845
474 1814 1036 1626 -1364 -297 -2842
475 1813 1035 1628 -1365 -298 -2844
476 1812 1038 1627 -1364 -297 -2841
477 1813 1036 1626 -1365 -295 -2843
478 1814 1035 1625 -1363 -294 -2846
479 1811 1035 1627 -1363 -297 -2844
480 1811 1033 1627 -1364 -297 -2844
481 1816 1035 1627 -1361 -298 -2848
482 1812 1033 1627 -1366 -297 -2846
483 1813 1032 1624 -1369 -293 -2843
484 1815 1035 1626 -1366 -296 -2846
485 1813 1036 1627 -1364 -296 -2840
486 1815 1036 1630 -1361 -298 -2842
487 1816 1038 1629 -1364 -296 -2844
488 1813 1037 1627 -1362 -296 -2845
489 1811 1036 1628 -1365 -295 -2845
490 1813 1037 1627 -1364 -294 -2842
491 1813 1037 1627 -1367 -295 -2843
492 1815 1036 1629 -1364 -298 -2847
493 1813 1034 1626 -1364 -296 -2843
494 1814 1037 1627 -1362 -296 -2845
495 1813 1038 1629 -1365 -296 -2845
496 1812 1038 1627 -1365 -298 -2845
497 1815 1034 1626 -1366 -296 -2845
498 1811 1033 1626 -1368 -293 -2845
499 1815 1036 1626 -1367 -291 -2844
500 1814 1037 1625 -1364 -292 -2842
501 1811 1038 1627 -1364 -295 -2846
502 1811 1038 1626 -1362 -298 -2846
503 1813 1036 1626 -1361 -298 -2845
504 1813 1034 1629 -1361 -293 -2845
505 1811 1037 1626 -1364 -296 -2843
506 1813 1037 1627 -1366 -295 -2843
507 1816 1036 1627 -1366 -297 -2846
508 1812 1035 1626 -1362 -298 -2846
509 1814 1031 1625 -1362 -296 -2845
510 1812 1036 1628 -1364 -297 -2844
511 1814 1037 1630 -1365 -295 -2843
512 1815 1036 1628 -1367 -294 -2848
513 1812 1035 1628 -1366 -298 -2845
514 1812 1037 1626 -1365 -294 -2846
515 1816 1038 1629 -1363 -296 -2842
516 1813 1037 1629 -1366 -300 -2848
517 1810 1039 1626 -1363 -298 -2847
518 1814 1035 1624 -1363 -296 -2844
519 1812 1035 1626 -1365 -294 -2842
520 1813 1035 1628 -1367 -295 -2841
521 1814 1034 1629 -1367 -295 -2846
522 1814 1034 1629 -1364 -296 -2846
523 1815 1034 1629 -1365 -296 -2846
524 1815 1037 1629 -1364 -297 -2846
525 1812 1036 1626 -1363 -297 -2846
526 1813 1037 1629 -1361 -298 -2845
527 1813 1036 1626 -1363 -296 -2846
528 1812 1031 1627 -1367 -294 -2842
529 1815 1034 1626 -1366 -293 -2844
530 1815 1041 1629 -1366 -294 -2842
531 1813 1034 1626 -1365 -299 -2850
532 1815 1036 1625 -1366 -299 -2850
533 1810 1034 1625 -1364 -296 -2847
534 1813 1037 1627 -1365 -294 -2845
535 1814 1037 1627 -1364 -297 -2841
536 1812 1039 1627 -1363 -297 -2845
537 1813 1034 1626 -1362 -294 -2846
538 1812 1034 1624 -1364 -295 -2847
539 1813 1037 1630 -1366 -297 -2842
540 1813 1039 1627 -1363 -292 -2842
541 1813 1036 1630 -1365 -297 -2843
542 1811 1034 1625 -1366 -297 -2843
543 1813 1032 1626 -1364 -293 -2844
544 1811 1038 1629 -1364 -294 -2843
545 1815 1034 1627 -1364 -293 -2841
546 1812 1036 1626 -1362 -295 -2844
547 1812 1035 1627 -1365 -295 -2846
548 1813 1035 1626 -1365 -294 -2844
549 1817 1037 1628 -1366 -295 -2842
550 1813 1036 1627 -1364 -295 -2840
551 1815 1037 1628 -1364 -295 -2844
552 1815 1035 1624 -1365 -294 -2844
553 1814 1036 1627 -1363 -297 -2845
554 1810 1037 1626 -1361 -298 -2842
555 1813 1037 1627 -1366 -300 -2844
556 1816 1036 1627 -1362 -295 -2845
557 1814 1034 1629 -1364 -294 -2845
558 1811 1038 1623 -1362 -299 -2846
559 1814 1038 1630 -1362 -296 -2844
560 1814 1039 1631 -1360 -293 -2846
561 1813 1038 1629 -1362 -297 -2843
562 1813 1033 1625 -1363 -296 -2842
563 1813 1037 1626 -1368 -294 -2844
564 1813 1034 1627 -1367 -294 -2845
565 1815 1033 1631 -1367 -292 -2845
566 1816 1035 1626 -1365 -298 -2847
567 1816 1036 1627 -1361 -296 -2845
568 1810 1035 1628 -1363 -294 -2844
569 1813 1037 1625 -1364 -295 -2843
570 1814 1036 1629 -1363 -293 -2842
571 1813 1036 1627 -1368 -297 -2845
572 1813 1034 1623 -1369 -294 -2842
573 1813 1036 1628 -1365 -293 -2844
574 1814 1036 1629 -1363 -295 -2843
575 1812 1034 1629 -1361 -296 -2844
576 1815 1038 1624 -1361 -297 -2843
577 1811 1036 1624 -1365 -298 -2847
578 1814 1038 1626 -1365 -296 -2845
579 1813 1036 1629 -1364 -292 -2842
580 1815 1038 1629 -1366 -294 -2845
581 1812 1035 1626 -1360 -296 -2846
582 1814 1038 1627 -1362 -297 -2846
583 1813 1034 1628 -1361 -297 -2842
584 1813 1036 1629 -1365 -295 -2844
585 1812 1035 1630 -1366 -296 -2845
586 1813 1034 1629 -1366 -296 -2845
587 1813 1034 1628 -1362 -299 -2844
588 1818 1039 1629 -1362 -296 -2844
589 1815 1036 1628 -1361 -296 -2842
590 1814 1034 1627 -1364 -294 -2848
591 1811 1036 1627 -1363 -295 -2844
592 1813 1033 1628 -1368 -293 -2843
593 1813 1036 1628 -1362 -293 -2840
594 1814 1041 1631 -1368 -294 -2841
595 1814 1038 1629 -1365 -295 -2845
596 1810 1034 1625 -1362 -296 -2844
597 1814 1034 1628 -1361 -295 -2842
598 1813 1038 1627 -1360 -295 -2844
599 1817 1037 1627 -1363 -296 -2842
600 1814 1037 1628 -1365 -296 -2846
601 1815 1034 1628 -1363 -293 -2845
602 1816 1038 1625 -1365 -293 -2840
603 1816 1039 1629 -1361 -294 -2842
604 1811 1039 1631 -1362 -295 -2845
605 1816 1038 1626 -1362 -298 -2846
606 1815 1036 1627 -1366 -294 -2848
607 1815 1036 1627 -1365 -297 -2843
608 1815 1039 1627 -1366 -296 -2843
609 1814 1038 1628 -1364 -295 -2840
610 1816 1039 1628 -1362 -296 -2843
611 1814 1036 1628 -1362 -296 -2847
612 1815 1039 1631 -1360 -294 -2846
613 1816 1040 1632 -1363 -293 -2840
614 1814 1038 1631 -1367 -292 -2840
615 1821 1037 1628 -1367 -296 -2842
616 1816 1037 1628 -1362 -291 -2841
617 1813 1039 1626 -1361 -296 -2843
618 1814 1038 1632 -1362 -296 -2844
619 1811 1039 1628 -1363 -295 -2845
620 1816 1036 1626 -1365 -295 -2846
621 1815 1033 1626 -1365 -295 -2845
622 1815 1036 1628 -1367 -291 -2840
623 1814 1036 1628 -1366 -293 -2842
624 1814 1036 1631 -1364 -297 -2845
625 1814 1033 1628 -1362 -298 -2847
626 1813 1035 1626 -1366 -297 -2847
627 1813 1031 1628 -1365 -294 -2841
628 1814 1036 1626 -1364 -293 -2844
629 1814 1039 1628 -1364 -296 -2845
630 1812 1036 1628 -1365 -294 -2844
631 1814 1035 1626 -1365 -294 -2843
632 1814 1035 1628 -1363 -296 -2848
633 1812 1038 1625 -1362 -297 -2844
634 1814 1039 1629 -1365 -296 -2842
635 1814 1037 1631 -1362 -296 -2843
636 1813 1036 1629 -1364 -294 -2843
637 1816 1039 1627 -1367 -291 -2842
638 1817 1038 1628 -1364 -298 -2842
639 1814 1037 1628 -1358 -297 -2844
640 1812 1034 1628 -1364 -298 -2847
641 1811 1036 1627 -1362 -297 -2844
642 1812 1038 1625 -1365 -297 -2843
643 1816 1034 1628 -1367 -292 -2843
644 1816 1036 1629 -1367 -293 -2844
645 1817 1038 1628 -1365 -295 -2842
646 1814 1037 1628 -1361 -298 -2844
647 1815 1035 1626 -1362 -298 -2844
648 1812 1035 1626 -1361 -294 -2845
649 1813 1037 1627 -1361 -296 -2841
650 1811 1037 1625 -1364 -295 -2845
651 1815 1034 1624 -1369 -291 -2844
652 1815 1037 1628 -1364 -296 -2843
653 1813 1036 1624 -1365 -296 -2842
654 1814 1035 1630 -1360 -299 -2842
655 1815 1035 1627 -1364 -297 -2847
656 1811 1039 1627 -1363 -294 -2845
657 1816 1036 1629 -1364 -292 -2844
658 1815 1035 1629 -1365 -295 -2843
659 1815 1036 1629 -1366 -296 -2844
660 1812 1034 1628 -1364 -298 -2845
661 1814 1034 1630 -1363 -296 -2847
662 1812 1038 1628 -1360 -295 -2844
663 1816 1037 1629 -1364 -292 -2844
664 1816 1038 1628 -1363 -294 -2843
665 1816 1035 1628 -1364 -296 -2843
666 1816 1039 1629 -1363 -291 -2842
667 1818 1038 1628 -1363 -294 -2842
668 1818 1037 1629 -1359 -292 -2845
669 1812 1036 1628 -1360 -296 -2846
670 1813 1035 1626 -1362 -298 -2842
671 1815 1033 1625 -1361 -295 -2843
672 1813 1041 1628 -1367 -294 -2841
673 1814 1033 1626 -1369 -298 -2845
674 1818 1036 1628 -1366 -296 -2841
675 1817 1036 1630 -1362 -294 -2843
676 1812 1039 1626 -1359 -294 -2842
677 1816 1037 1627 -1362 -292 -2842
678 1814 1037 1630 -1366 -296 -2845
679 1813 1037 1627 -1364 -295 -2847
680 1817 1036 1629 -1367 -293 -2843
681 1817 1036 1627 -1364 -295 -2844
682 1816 1037 1630 -1364 -294 -2842
683 1812 1038 1630 -1364 -295 -2844
684 1812 1036 1626 -1360 -296 -2846
685 1813 1036 1627 -1365 -297 -2843
686 1817 1036 1628 -1365 -296 -2844
687 1814 1038 1629 -1369 -293 -2843
688 1816 1038 1629 -1363 -296 -2845
689 1814 1035 1627 -1362 -297 -2845
690 1811 1036 1625 -1363 -295 -2846
691 1814 1036 1630 -1360 -294 -2842
692 1811 1038 1627 -1361 -295 -2844
693 1817 1032 1629 -1365 -294 -2841
694 1815 1037 1625 -1364 -294 -2847
695 1812 1037 1627 -1364 -293 -2844
696 1815 1035 1626 -1363 -295 -2843
697 1815 1039 1631 -1361 -298 -2844
698 1814 1036 1629 -1361 -298 -2849
699 1812 1036 1626 -1361 -297 -2844
700 1813 1035 1632 -1362 -296 -2844
701 1816 1036 1628 -1365 -293 -2845
702 1816 1036 1629 -1367 -293 -2841
703 1813 1036 1628 -1365 -297 -2844
704 1816 1037 1627 -1366 -297 -2844
705 1816 1039 1628 -1362 -296 -2842
706 1813 1039 1628 -1361 -298 -2846
707 1811 1036 1630 -1361 -296 -2845
708 1814 1037 1627 -1364 -295 -2845
709 1818 1035 1628 -1365 -291 -2845
710 1815 1037 1626 -1365 -294 -2845
711 1817 1038 1630 -1363 -296 -2843
712 1816 1042 1629 -1361 -297 -2843
713 1813 1034 1629 -1360 -296 -2846
714 1814 1038 1626 -1361 -298 -2845
715 1814 1033 1626 -1362 -296 -2843
716 1817 1038 1628 -1366 -292 -2843
717 1814 1035 1626 -1364 -293 -2840
718 1813 1036 1630 -1363 -294 -2844
719 1813 1034 1624 -1364 -298 -2844
720 1812 1036 1629 -1359 -294 -2844
721 1810 1034 1628 -1361 -296 -2843
722 1816 1036 1629 -1366 -297 -2845
723 1817 1038 1632 -1368 -294 -2842
724 1815 1033 1626 -1367 -292 -2842
725 1813 1036 1627 -1362 -294 -2843
726 1812 1037 1629 -1362 -295 -2844
727 1814 1039 1629 -1360 -297 -2848
728 1813 1035 1628 -1361 -300 -2847
729 1812 1036 1628 -1363 -297 -2846
730 1815 1036 1626 -1366 -296 -2842
731 1814 1035 1627 -1369 -296 -2841
732 1813 1034 1630 -1366 -297 -2841
733 1811 1035 1626 -1362 -297 -2843
734 1814 1036 1626 -1358 -297 -2845
735 1814 1037 1629 -1362 -296 -2845
736 1814 1038 1629 -1363 -298 -2843
737 1815 1038 1627 -1366 -294 -2842
738 1814 1033 1626 -1365 -297 -2845
739 1818 1037 1626 -1365 -294 -2845
740 1814 1033 1625 -1366 -294 -2842
741 1815 1037 1628 -1362 -296 -2844
742 1813 1036 1627 -1362 -297 -2845
743 1813 1036 1628 -1362 -296 -2846
744 1815 1034 1627 -1365 -295 -2845
745 1813 1036 1626 -1367 -297 -2841
746 1813 1036 1628 -1369 -293 -2842
747 1818 1034 1628 -1363 -294 -2844
748 1813 1037 1628 -1361 -296 -2844
749 1815 1038 1626 -1362 -296 -2844
750 1814 1036 1626 -1361 -298 -2845
751 1814 1037 1630 -1364 -296 -2844
752 1815 1039 1628 -1361 -298 -2842
753 1815 1035 1630 -1364 -295 -2844
754 1814 1035 1628 -1363 -296 -2842
755 1815 1038 1629 -1358 -298 -2843
756 1811 1036 1628 -1361 -296 -2845
757 1812 1037 1625 -1359 -292 -2842
758 1814 1036 1628 -1364 -295 -2842
759 1814 1034 1626 -1365 -298 -2843
760 1816 1036 1625 -1366 -295 -2841
761 1815 1035 1627 -1368 -295 -2844
762 1813 1036 1628 -1364 -298 -2844
763 1813 1037 1626 -1362 -296 -2842
764 1811 1037 1624 -1361 -296 -2846
765 1815 1036 1627 -1364 -299 -2846
766 1815 1038 1628 -1369 -296 -2843
767 1813 1035 1628 -1366 -296 -2843
768 1816 1033 1630 -1363 -292 -2841
769 1813 1036 1629 -1364 -295 -2842
770 1814 1035 1626 -1359 -297 -2845
771 1812 1036 1629 -1363 -295 -2844
772 1810 1038 1626 -1364 -294 -2845
773 1813 1036 1626 -1366 -297 -2846
774 1815 1035 1629 -1368 -295 -2843
775 1816 1037 1628 -1365 -295 -2842
776 1814 1036 1628 -1365 -295 -2841
777 1816 1037 1628 -1363 -295 -2844
778 1814 1038 1629 -1364 -294 -2842
779 1813 1037 1627 -1362 -294 -2844
780 1815 1035 1628 -1364 -295 -2843
781 1813 1038 1626 -1362 -295 -2843
782 1813 1038 1626 -1366 -292 -2840
783 1814 1038 1626 -1360 -296 -2843
784 1815 1034 1627 -1362 -293 -2846
785 1813 1036 1627 -1361 -297 -2844
786 1813 1036 1628 -1361 -295 -2845
787 1813 1036 1629 -1363 -295 -2841
788 1814 1035 1626 -1367 -292 -2846
789 1815 1038 1628 -1367 -294 -2842
790 1818 1038 1627 -1362 -293 -2845
791 1815 1039 1627 -1361 -294 -2844
792 1814 1036 1631 -1359 -294 -2845
793 1813 1039 1626 -1363 -294 -2843
794 1811 1037 1629 -1359 -296 -2844
795 1816 1035 1626 -1364 -297 -2844
796 1814 1034 1628 -1365 -298 -2844
797 1815 1038 1628 -1368 -297 -2845
798 1815 1035 1626 -1365 -294 -2842
799 1813 1038 1628 -1362 -294 -2846
800 1813 1037 1630 -1364 -296 -2845
801 1811 1037 1626 -1365 -296 -2845
802 1811 1037 1628 -1363 -297 -2842
803 1813 1037 1628 -1365 -293 -2842
804 1815 1032 1628 -1366 -294 -2844
805 1812 1037 1630 -1363 -295 -2841
806 1814 1037 1626 -1360 -295 -2843
807 1814 1039 1628 -1356 -297 -2843
808 1813 1039 1631 -1364 -295 -2842
809 1814 1036 1628 -1361 -298 -2844
810 1817 1039 1629 -1363 -292 -2845
811 1816 1036 1628 -1367 -293 -2843
812 1816 1035 1626 -1364 -294 -2842
813 1815 1038 1626 -1361 -301 -2847
814 1812 1035 1627 -1364 -299 -2844
815 1813 1038 1626 -1363 -298 -2847
816 1815 1032 1626 -1365 -297 -2842
817 1814 1035 1627 -1366 -294 -2843
818 1817 1032 1627 -1368 -297 -2843
819 1815 1036 1626 -1368 -292 -2844
820 1816 1034 1628 -1365 -293 -2842
821 1815 1036 1627 -1363 -294 -2844
822 1812 1036 1627 -1363 -295 -2844
823 1814 1034 1624 -1366 -296 -2843
824 1813 1036 1626 -1367 -294 -2844
825 1812 1037 1630 -1366 -297 -2843
826 1815 1035 1626 -1362 -293 -2842
827 1815 1036 1628 -1362 -299 -2848
828 1812 1037 1624 -1363 -297 -2845
829 1812 1035 1626 -1365 -294 -2845
830 1810 1035 1626 -1365 -296 -2847
831 1816 1037 1627 -1362 -297 -2843
832 1816 1038 1628 -1364 -296 -2845
833 1814 1034 1628 -1366 -296 -2844
834 1815 1035 1627 -1362 -294 -2844
835 1816 1037 1626 -1363 -296 -2843
836 1815 1036 1627 -1366 -298 -2845
837 1815 1036 1628 -1365 -301 -2847
838 1814 1035 1628 -1365 -296 -2844
839 1815 1037 1628 -1362 -292 -2846
840 1815 1035 1627 -1364 -294 -2841
841 1812 1035 1630 -1361 -294 -2847
842 1815 1035 1629 -1364 -296 -2846
843 1814 1037 1628 -1365 -297 -2845
844 1812 1036 1626 -1364 -294 -2845
845 1813 1036 1628 -1364 -296 -2846
846 1814 1035 1625 -1366 -294 -2842
847 1812 1033 1628 -1366 -294 -2842
848 1812 1035 1627 -1365 -296 -2844
849 1813 1036 1628 -1364 -298 -2847
850 1810 1040 1629 -1360 -297 -2845
851 1811 1035 1625 -1360 -297 -2843
852 1811 1037 1628 -1360 -298 -2846
853 1813 1035 1626 -1359 -296 -2843
854 1812 1037 1626 -1363 -299 -2844
855 1817 1037 1627 -1365 -295 -2843
856 1816 1039 1627 -1366 -294 -2845
857 1815 1037 1627 -1360 -296 -2843
858 1816 1036 1627 -1359 -295 -2845
859 1813 1037 1627 -1361 -297 -2844
860 1816 1035 1626 -1364 -293 -2843
861 1819 1037 1629 -1364 -296 -2844
862 1816 1037 1630 -1366 -293 -2842
863 1819 1034 1626 -1369 -292 -2843
864 1810 1037 1627 -1364 -292 -2843
865 1812 1036 1629 -1361 -293 -2844
866 1813 1037 1631 -1366 -294 -2842
867 1814 1035 1629 -1362 -292 -2844
868 1814 1037 1627 -1362 -293 -2844
869 1813 1037 1628 -1365 -297 -2841
870 1816 1036 1627 -1364 -295 -2842
871 1814 1036 1628 -1366 -295 -2844
872 1814 1035 1627 -1362 -295 -2846
873 1811 1037 1626 -1363 -297 -2843
874 1813 1035 1624 -1361 -297 -2844
875 1815 1039 1626 -1363 -294 -2843
876 1814 1038 1627 -1367 -297 -2843
877 1813 1033 1625 -1364 -296 -2845
878 1814 1036 1626 -1362 -295 -2844
879 1812 1033 1628 -1361 -299 -2844
880 1809 1037 1625 -1363 -298 -2848
881 1815 1036 1628 -1362 -297 -2847
882 1814 1035 1625 -1360 -294 -2845
883 1816 1036 1628 -1367 -294 -2843
884 1813 1037 1625 -1364 -296 -2845
885 1817 1039 1628 -1364 -296 -2844
886 1812 1036 1629 -1360 -297 -2846
887 1813 1035 1626 -1362 -297 -2849
888 1813 1036 1628 -1363 -296 -2842
889 1812 1039 1629 -1367 -294 -2845
890 1815 1032 1627 -1367 -296 -2845
891 1816 1038 1626 -1367 -295 -2845
892 1814 1037 1627 -1366 -295 -2845
893 1816 1035 1628 -1364 -296 -2846
894 1813 1035 1628 -1363 -296 -2844
895 1812 1036 1628 -1365 -299 -2845
896 1814 1035 1627 -1363 -296 -2844
897 1813 1036 1627 -1362 -295 -2846
898 1814 1038 1629 -1362 -296 -2843
899 1815 1039 1629 -1363 -297 -2844
900 1811 1037 1630 -1364 -296 -2842
901 1817 1037 1627 -1364 -294 -2846
902 1816 1037 1628 -1365 -296 -2847
903 1813 1038 1628 -1366 -295 -2844
904 1811 1036 1627 -1364 -293 -2844
905 1813 1038 1627 -1364 -295 -2845
906 1813 1036 1627 -1367 -295 -2846
907 1815 1039 1624 -1363 -294 -2845
908 1814 1036 1627 -1360 -296 -2844
909 1814 1035 1628 -1362 -298 -2845
910 1814 1040 1628 -1362 -296 -2841
911 1814 1034 1628 -1366 -296 -2843
912 1820 1034 1626 -1366 -296 -2846
913 1814 1035 1625 -1368 -292 -2842
914 1815 1035 1627 -1364 -300 -2843
915 1812 1038 1625 -1363 -290 -2842
916 1813 1037 1627 -1362 -299 -2847
917 1812 1034 1629 -1363 -297 -2845
918 1813 1035 1630 -1368 -292 -2843
919 1815 1036 1625 -1365 -294 -2843
920 1816 1037 1627 -1365 -297 -2842
921 1816 1037 1629 -1366 -296 -2845
922 1812 1034 1627 -1365 -296 -2846
923 1814 1034 1625 -1363 -293 -2844
924 1810 1037 1630 -1363 -299 -2842
925 1813 1038 1627 -1364 -292 -2847
926 1813 1035 1629 -1364 -295 -2845
927 1815 1035 1629 -1362 -297 -2846
928 1814 1037 1625 -1365 -298 -2845
929 1812 1035 1626 -1364 -297 -2845
930 1813 1035 1628 -1363 -295 -2846
931 1814 1034 1628 -1363 -298 -2845
932 1813 1034 1628 -1364 -291 -2843
933 1811 1039 1629 -1367 -293 -2843
934 1817 1038 1628 -1364 -295 -2840
935 1811 1037 1627 -1360 -294 -2840
936 1815 1035 1629 -1362 -294 -2844
937 1813 1036 1626 -1360 -294 -2843
938 1812 1034 1625 -1366 -299 -2844
939 1813 1036 1626 -1366 -295 -2844
940 1815 1037 1626 -1366 -295 -2841
941 1815 1034 1626 -1365 -296 -2843
942 1814 1039 1631 -1363 -296 -2842
943 1811 1038 1628 -1364 -298 -2846
944 1813 1035 1626 -1364 -297 -2845
945 1812 1034 1628 -1366 -295 -2846
946 1816 1035 1628 -1365 -294 -2842
947 1814 1034 1627 -1368 -294 -2844
948 1813 1035 1625 -1363 -294 -2845
949 1813 1037 1626 -1362 -297 -2845
950 1814 1037 1630 -1362 -292 -2845
951 1813 1037 1628 -1360 -298 -2847
952 1814 1036 1627 -1359 -296 -2844
953 1815 1037 1626 -1358 -297 -2846
954 1816 1038 1629 -1361 -297 -2843
955 1814 1041 1628 -1366 -296 -2846
956 1811 1037 1626 -1365 -297 -2845
957 1817 1036 1625 -1364 -296 -2844
958 1816 1037 1629 -1364 -297 -2844
959 1816 1036 1627 -1366 -298 -2843
960 1814 1034 1628 -1367 -296 -2844
961 1817 1037 1628 -1363 -293 -2845
962 1812 1034 1628 -1367 -294 -2844
963 1815 1037 1625 -1368 -298 -2844
964 1812 1036 1625 -1365 -297 -2842
965 1812 1036 1624 -1362 -298 -2847
966 1813 1032 1626 -1364 -295 -2844
967 1814 1034 1625 -1368 -294 -2845
968 1814 1036 1627 -1368 -297 -2845
969 1815 1039 1629 -1364 -295 -2844
970 1814 1036 1627 -1362 -299 -2844
971 1810 1035 1626 -1361 -293 -2842
972 1810 1034 1626 -1362 -295 -2845
973 1814 1036 1628 -1363 -299 -2844
974 1813 1037 1626 -1364 -297 -2846
975 1814 1036 1627 -1361 -296 -2847
976 1813 1036 1628 -1361 -298 -2845
977 1813 1036 1632 -1366 -298 -2846
978 1812 1036 1627 -1364 -296 -2843
979 1817 1036 1627 -1368 -296 -2843
980 1813 1036 1625 -1363 -292 -2845
981 1815 1037 1628 -1364 -297 -2842
982 1815 1039 1625 -1361 -294 -2843
983 1816 1035 1626 -1359 -297 -2845
984 1816 1037 1628 -1363 -293 -2845
985 1815 1033 1626 -1367 -293 -2844
986 1815 1033 1628 -1367 -295 -2846
987 1816 1035 1625 -1364 -291 -2844
988 1815 1036 1629 -1365 -295 -2846
989 1815 1037 1625 -1364 -297 -2846
990 1813 1035 1626 -1364 -298 -2847
991 1814 1033 1629 -1365 -298 -2844
992 1812 1037 1629 -1366 -297 -2842
993 1814 1038 1625 -1363 -296 -2844
994 1817 1038 1629 -1361 -297 -2843
995 1814 1035 1628 -1364 -300 -2847
996 1812 1034 1625 -1363 -294 -2846
997 1813 1039 1627 -1363 -296 -2841
998 1816 1037 1629 -1366 -296 -2846
999 1811 1035 1626 -1363 -294 -2843
0 -924 6349 1515 4428 -3286 -8787
1 -921 6343 1511 4424 -3289 -8788
2 -920 6341 1514 4424 -3287 -8791
3 -918 6346 1514 4421 -3286 -8786
4 -920 6345 1513 4425 -3286 -8785
5 -919 6344 1515 4422 -3283 -8787
6 -916 6342 1514 4422 -3285 -8789
7 -916 6344 1512 4422 -3285 -8787
8 -917 6346 1515 4424 -3282 -8785
9 -919 6344 1513 4421 -3284 -8785
10 -916 6345 1514 4420 -3282 -8787
11 -920 6345 1512 4414 -3283 -8790
12 -916 6342 1511 4419 -3281 -8787
13 -916 6346 1513 4414 -3283 -8786
14 -916 6342 1513 4420 -3284 -8788
15 -917 6345 1511 4417 -3282 -8787
16 -915 6343 1513 4410 -3280 -8791
17 -912 6342 1508 4413 -3279 -8790
18 -913 6347 1515 4414 -3277 -8787
19 -916 6344 1513 4414 -3285 -8787
20 -913 6342 1513 4419 -3277 -8789
21 -916 6341 1511 4410 -3280 -8787
22 -913 6344 1511 4412 -3280 -8786
23 -913 6343 1511 4408 -3272 -8790
24 -911 6342 1512 4409 -3273 -8784
25 -909 6341 1509 4410 -3273 -8786
26 -914 6340 1513 4410 -3275 -8787
27 -913 6342 1510 4409 -3276 -8789
28 -908 6345 1515 4407 -3275 -8788
29 -909 6342 1515 4408 -3274 -8788
30 -908 6342 1508 4407 -3272 -8788
31 -908 6340 1510 4404 -3272 -8789
32 -910 6341 1511 4405 -3271 -8786
33 -904 6342 1514 4405 -3268 -8785
34 -906 6343 1512 4403 -3269 -8789
35 -906 6340 1511 4403 -3270 -8790
36 -910 6340 1509 4401 -3273 -8792
37 -907 6341 1511 4399 -3269 -8790
38 -906 6341 1513 4403 -3266 -8788
39 -906 6342 1510 4399 -3267 -8792
40 -905 6339 1510 4401 -3268 -8790
41 -902 6342 1511 4402 -3267 -8786
42 -904 6344 1512 4402 -3263 -8787
43 -902 6345 1515 4400 -3267 -8786
44 -901 6339 1508 4398 -3264 -8789
45 -900 6340 1508 4391 -3262 -8791
46 -900 6340 1508 4395 -3265 -8788
47 -903 6340 1507 4395 -3264 -8788
48 -901 6340 1509 4399 -3263 -8786
49 -905 6340 1510 4394 -3264 -8787
50 -902 6337 1511 4392 -3264 -8791
51 -902 6338 1510 4394 -3261 -8790
52 -902 6338 1511 4393 -3262 -8787
53 -901 6337 1511 4388 -3264 -8791
54 -899 6341 1510 4392 -3259 -8787
55 -899 6340 1509 4391 -3263 -8789
56 -898 6337 1508 4389 -3258 -8790
57 -895 6341 1512 4393 -3259 -8788
58 -898 6339 1510 4388 -3260 -8786
59 -897 6338 1508 4388 -3257 -8790
60 -896 6340 1508 4386 -3259 -8790
61 -895 6336 1510 4387 -3260 -8790
62 -896 6338 1509 4388 -3255 -8792
63 -898 6338 1509 4384 -3258 -8789
64 -895 6341 1506 4386 -3255 -8790
65 -897 6337 1505 4382 -3257 -8791
66 -893 6337 1506 4382 -3257 -8790
67 -892 6339 1509 4384 -3253 -8790
68 -892 6339 1510 4383 -3255 -8787
69 -894 6339 1508 4384 -3254 -8790
70 -893 6339 1508 4383 -3253 -8790
71 -892 6336 1507 4380 -3256 -8794
72 -893 6338 1509 4381 -3251 -8790
73 -892 6338 1506 4378 -3251 -8790
74 -893 6337 1509 4380 -3250 -8790
75 -889 6338 1506 4379 -3249 -8790
76 -891 6335 1509 4378 -3252 -8791
77 -892 6336 1507 4378 -3248 -8787
78 -892 6337 1511 4377 -3247 -8787
79 -890 6338 1509 4375 -3252 -8792
80 -892 6336 1509 4373 -3251 -8790
81 -887 6336 1505 4373 -3250 -8792
82 -889 6335 1509 4373 -3247 -8789
83 -886 6339 1510 4377 -3248 -8790
84 -888 6338 1508 4375 -3248 -8790
85 -888 6334 1507 4372 -3250 -8792
86 -885 6336 1507 4372 -3247 -8789
87 -884 6335 1506 4370 -3243 -8787
88 -889 6334 1509 4370 -3245 -8789
89 -886 6335 1508 4370 -3243 -8793
90 -883 6333 1506 4371 -3243 -8791
91 -885 6336 1505 4371 -3242 -8793
92 -886 6336 1506 4368 -3243 -8788
93 -886 6336 1505 4366 -3244 -8790
94 -885 6334 1505 4368 -3243 -8788
95 -882 6335 1506 4369 -3246 -8792
96 -884 6332 1505 4367 -3243 -8790
97 -886 6337 1507 4365 -3238 -8786
98 -884 6335 1506 4367 -3239 -8789
99 -882 6336 1505 4364 -3240 -8788
100 -881 6335 1508 4364 -3238 -8790
101 -882 6332 1505 4365 -3240 -8792
102 -880 6337 1509 4362 -3240 -8791
103 -882 6336 1507 4363 -3237 -8790
104 -877 6338 1511 4362 -3240 -8789
105 -881 6331 1507 4365 -3241 -8789
106 -882 6333 1507 4358 -3239 -8788
107 -878 6337 1506 4359 -3237 -8788
108 -881 6337 1507 4362 -3238 -8791
109 -879 6336 1505 4360 -3238 -8792
110 -880 6334 1508 4360 -3237 -8791
111 -878 6334 1506 4359 -3236 -8790
112 -880 6336 1507 4358 -3236 -8788
113 -881 6332 1508 4356 -3236 -8790
114 -876 6336 1506 4359 -3236 -8792
115 -878 6335 1506 4357 -3232 -8788
116 -879 6333 1508 4356 -3235 -8793
117 -882 6340 1508 4355 -3236 -8788
118 -875 6333 1504 4353 -3234 -8791
119 -877 6335 1504 4356 -3232 -8789
120 -875 6335 1506 4354 -3237 -8787
121 -875 6339 1505 4359 -3229 -8786
122 -880 6337 1508 4354 -3231 -8788
123 -876 6335 1507 4354 -3232 -8792
124 -873 6333 1509 4349 -3233 -8790
125 -873 6334 1505 4351 -3232 -8789
126 -876 6333 1510 4350 -3234 -8790
127 -877 6335 1508 4354 -3230 -8788
128 -873 6336 1509 4353 -3233 -8787
129 -874 6332 1503 4353 -3233 -8789
130 -874 6333 1507 4348 -3233 -8789
131 -875 6335 1504 4351 -3232 -8785
132 -873 6334 1506 4349 -3232 -8788
133 -872 6333 1504 4350 -3231 -8787
134 -871 6335 1508 4348 -3234 -8788
135 -873 6332 1506 4349 -3234 -8790
136 -872 6336 1508 4349 -3230 -8786
137 -871 6335 1506 4348 -3227 -8788
138 -872 6332 1505 4349 -3228 -8790
139 -871 6333 1505 4347 -3228 -8788
140 -872 6337 1506 4346 -3227 -8788
141 -869 6338 1504 4347 -3231 -8788
142 -869 6335 1507 4351 -3230 -8791
143 -871 6334 1508 4349 -3229 -8791
144 -870 6337 1504 4344 -3226 -8788
145 -869 6338 1506 4345 -3228 -8786
146 -867 6336 1508 4343 -3229 -8783
147 -866 6332 1506 4344 -3224 -8787
148 -869 6334 1506 4343 -3228 -8788
149 -870 6336 1505 4342 -3228 -8786
150 -869 6338 1507 4346 -3226 -8787
151 -867 6336 1510 4344 -3228 -8788
152 -868 6341 1504 4344 -3228 -8787
153 -870 6336 1510 4343 -3230 -8788
154 -868 6335 1507 4337 -3228 -8788
155 -869 6336 1506 4344 -3225 -8786
156 -867 6338 1508 4346 -3228 -8786
157 -868 6335 1505 4340 -3224 -8788
158 -869 6334 1506 4340 -3225 -8787
159 -867 6335 1509 4340 -3228 -8785
160 -864 6340 1508 4340 -3226 -8787
161 -868 6338 1508 4336 -3224 -8786
162 -867 6337 1507 4340 -3225 -8788
163 -865 6338 1506 4340 -3226 -8787
164 -865 6337 1507 4342 -3229 -8784
165 -867 6341 1511 4339 -3224 -8783
166 -864 6338 1507 4339 -3224 -8785
167 -863 6339 1508 4336 -3222 -8784
168 -866 6335 1509 4338 -3222 -8783
169 -862 6338 1508 4334 -3225 -8782
170 -861 6339 1506 4341 -3225 -8785
171 -863 6340 1509 4341 -3223 -8782
172 -865 6336 1509 4337 -3223 -8785
173 -864 6339 1507 4337 -3222 -8781
174 -867 6337 1508 4337 -3222 -8785
175 -864 6339 1506 4335 -3223 -8780
176 -863 6338 1508 4337 -3224 -8783
177 -865 6338 1507 4336 -3221 -8784
178 -865 6338 1508 4335 -3227 -8785
179 -865 6339 1510 4335 -3222 -8781
180 -864 6341 1507 4337 -3226 -8781
181 -859 6341 1506 4335 -3221 -8785
182 -862 6341 1508 4335 -3220 -8784
183 -864 6342 1506 4336 -3221 -8783
184 -862 6343 1510 4331 -3221 -8783
185 -860 6344 1512 4332 -3219 -8780
186 -861 6341 1512 4333 -3220 -8781
187 -864 6340 1510 4335 -3221 -8781
188 -862 6341 1510 4332 -3218 -8779
189 -861 6344 1512 4332 -3222 -8781
190 -860 6345 1513 4333 -3223 -8780
191 -856 6339 1510 4331 -3219 -8779
192 -858 6340 1511 4333 -3221 -8782
193 -858 6341 1508 4333 -3220 -8778
194 -859 6342 1510 4333 -3219 -8779
195 -859 6342 1509 4329 -3221 -8782
196 -860 6342 1511 4331 -3221 -8781
197 -860 6344 1510 4332 -3218 -8779
198 -860 6344 1515 4328 -3219 -8775
199 -862 6345 1514 4331 -3220 -8778
200 -854 6342 1511 4332 -3219 -8778
201 -856 6342 1510 4332 -3221 -8781
202 -860 6342 1512 4330 -3219 -8782
203 -858 6344 1511 4329 -3221 -8778
204 -859 6345 1512 4331 -3220 -8778
205 -857 6341 1512 4329 -3214 -8775
206 -858 6341 1510 4327 -3221 -8780
207 -856 6341 1510 4329 -3218 -8779
208 -857 6343 1510 4328 -3219 -8777
209 -854 6349 1515 4327 -3219 -8773
210 -856 6345 1512 4330 -3214 -8776
211 -854 6344 1515 4326 -3220 -8781
212 -857 6341 1510 4326 -3217 -8777
213 -852 6345 1510 4325 -3220 -8777
214 -858 6343 1513 4327 -3218 -8776
215 -855 6343 1513 4328 -3220 -8781
216 -855 6346 1514 4328 -3216 -8777
217 -853 6343 1512 4326 -3217 -8779
218 -855 6346 1516 4324 -3214 -8775
219 -854 6346 1515 4326 -3219 -8774
220 -853 6347 1513 4326 -3217 -8773
221 -854 6344 1513 4320 -3217 -8775
222 -851 6346 1513 4323 -3213 -8772
223 -852 6346 1513 4320 -3217 -8772
224 -853 6348 1514 4325 -3220 -8775
225 -853 6349 1512 4324 -3216 -8776
226 -854 6344 1511 4322 -3213 -8779
227 -852 6345 1513 4320 -3214 -8773
228 -849 6346 1515 4322 -3210 -8772
229 -848 6352 1514 4323 -3212 -8769
230 -850 6348 1516 4323 -3213 -8773
231 -851 6347 1517 4324 -3216 -8776
232 -850 6347 1516 4322 -3212 -8772
233 -853 6347 1515 4319 -3210 -8771
234 -849 6348 1517 4317 -3212 -8770
235 -849 6349 1516 4321 -3212 -8768
236 -850 6349 1515 4320 -3214 -8770
237 -850 6347 1513 4321 -3211 -8773
238 -849 6352 1514 4321 -3211 -8772
239 -848 6352 1517 4317 -3212 -8773
240 -850 6350 1519 4318 -3212 -8771
241 -850 6348 1514 4318 -3212 -8770
242 -845 6348 1514 4316 -3212 -8771
243 -846 6350 1516 4314 -3213 -8768
244 -849 6350 1516 4317 -3210 -8769
245 -846 6352 1515 4315 -3212 -8768
246 -850 6349 1512 4317 -3213 -8772
247 -848 6351 1517 4314 -3209 -8769
248 -846 6349 1515 4317 -3209 -8766
249 -846 6348 1516 4315 -3214 -8771
250 -848 6353 1518 4316 -3211 -8769
251 -847 6348 1514 4314 -3212 -8770
252 -848 6351 1514 4314 -3210 -8769
253 -848 6349 1514 4313 -3210 -8768
254 -847 6350 1515 4313 -3209 -8770
255 -848 6350 1515 4309 -3208 -8770
256 -845 6351 1512 4312 -3208 -8770
257 -845 6349 1512 4312 -3210 -8770
258 -844 6352 1516 4311 -3208 -8767
259 -843 6352 1516 4313 -3211 -8769
260 -845 6352 1515 4313 -3207 -8771
261 -844 6348 1512 4311 -3207 -8772
262 -843 6348 1514 4306 -3209 -8767
263 -842 6347 1516 4308 -3207 -8768
264 -842 6351 1516 4309 -3209 -8770
265 -842 6348 1515 4312 -3207 -8770
266 -844 6349 1516 4311 -3206 -8769
267 -843 6352 1515 4310 -3207 -8767
268 -843 6353 1516 4310 -3206 -8768
269 -842 6354 1517 4307 -3205 -8771
270 -839 6348 1512 4306 -3206 -8770
271 -840 6350 1515 4306 -3202 -8766
272 -842 6351 1514 4306 -3201 -8765
273 -841 6354 1517 4310 -3204 -8763
274 -840 6351 1518 4305 -3205 -8766
275 -843 6349 1514 4302 -3204 -8772
276 -839 6346 1513 4304 -3203 -8764
277 -838 6352 1516 4304 -3204 -8764
278 -834 6355 1520 4304 -3203 -8767
279 -841 6350 1518 4301 -3202 -8766
280 -837 6350 1514 4304 -3201 -8770
281 -837 6351 1516 4304 -3200 -8767
282 -836 6355 1520 4298 -3199 -8768
283 -841 6355 1518 4297 -3203 -8765
284 -842 6349 1515 4300 -3202 -8766
285 -836 6351 1515 4303 -3202 -8767
286 -838 6348 1516 4300 -3201 -8767
287 -837 6351 1518 4299 -3197 -8768
288 -838 6354 1517 4300 -3199 -8765
289 -839 6354 1520 4297 -3199 -8768
290 -836 6350 1518 4299 -3199 -8767
291 -835 6348 1515 4298 -3201 -8764
292 -835 6349 1516 4297 -3197 -8768
293 -835 6352 1517 4295 -3197 -8762
294 -839 6349 1516 4298 -3201 -8765
295 -838 6349 1516 4298 -3196 -8769
296 -835 6348 1515 4296 -3199 -8770
297 -835 6352 1514 4293 -3195 -8769
298 -829 6354 1517 4295 -3195 -8763
299 -834 6347 1518 4295 -3197 -8770
300 -833 6347 1513 4292 -3196 -8765
301 -833 6348 1514 4293 -3199 -8770
302 -834 6352 1516 4292 -3195 -8768
303 -833 6349 1519 4291 -3196 -8766
304 -831 6351 1515 4290 -3193 -8767
305 -832 6346 1515 4285 -3194 -8770
306 -832 6346 1515 4289 -3192 -8767
307 -832 6352 1514 4290 -3193 -8767
308 -832 6351 1517 4292 -3189 -8766
309 -829 6348 1516 4287 -3193 -8770
310 -830 6349 1515 4286 -3191 -8769
311 -830 6346 1512 4285 -3190 -8768
312 -832 6347 1514 4284 -3192 -8764
313 -829 6348 1514 4286 -3191 -8767
314 -826 6351 1514 4286 -3192 -8770
315 -831 6346 1512 4287 -3192 -8772
316 -827 6350 1513 4284 -3187 -8766
317 -827 6351 1514 4286 -3189 -8766
318 -829 6349 1515 4281 -3193 -8770
319 -828 6347 1511 4284 -3186 -8769
320 -823 6349 1513 4281 -3189 -8773
321 -828 6349 1512 4280 -3186 -8768
322 -826 6348 1515 4279 -3188 -8763
323 -825 6347 1516 4281 -3188 -8769
324 -824 6347 1515 4276 -3186 -8767
325 -828 6346 1512 4278 -3188 -8768
326 -826 6346 1512 4280 -3185 -8768
327 -821 6350 1516 4277 -3186 -8768
328 -826 6347 1511 4276 -3186 -8769
329 -824 6346 1511 4274 -3184 -8771
330 -823 6346 1510 4272 -3184 -8770
331 -825 6343 1512 4275 -3185 -8767
332 -821 6346 1512 4272 -3182 -8766
333 -825 6347 1516 4276 -3186 -8769
334 -824 6344 1511 4273 -3181 -8769
335 -820 6344 1509 4274 -3181 -8769
336 -818 6346 1511 4272 -3183 -8768
337 -824 6345 1514 4274 -3183 -8767
338 -821 6344 1513 4274 -3181 -8772
339 -821 6344 1515 4274 -3179 -8774
340 -819 6344 1511 4271 -3178 -8770
341 -818 6343 1515 4269 -3177 -8770
342 -818 6346 1515 4267 -3179 -8770
343 -817 6342 1514 4269 -3178 -8771
344 -820 6344 1507 4270 -3174 -8771
345 -818 6345 1511 4268 -3178 -8770
346 -818 6342 1511 4270 -3175 -8770
347 -820 6342 1512 4268 -3177 -8773
348 -819 6342 1511 4270 -3176 -8773
349 -818 6341 1512 4268 -3176 -8773
350 -819 6340 1512 4266 -3175 -8773
351 -817 6338 1513 4264 -3175 -8771
352 -816 6345 1513 4262 -3173 -8772
353 -816 6342 1512 4264 -3173 -8773
354 -817 6340 1509 4265 -3176 -8771
355 -814 6342 1511 4264 -3176 -8771
356 -816 6342 1510 4262 -3171 -8775
357 -814 6342 1510 4259 -3173 -8774
358 -816 6341 1508 4263 -3173 -8775
359 -815 6338 1507 4261 -3172 -8775
360 -814 6339 1506 4259 -3173 -8774
361 -813 6343 1508 4259 -3169 -8771
362 -814 6345 1513 4260 -3171 -8771
363 -813 6340 1509 4259 -3170 -8777
364 -811 6334 1505 4256 -3171 -8777
365 -811 6339 1507 4253 -3170 -8772
366 -814 6341 1513 4257 -3171 -8770
367 -811 6339 1510 4260 -3171 -8773
368 -810 6341 1510 4256 -3169 -8776
369 -810 6337 1506 4255 -3167 -8778
370 -811 6338 1509 4257 -3166 -8774
371 -811 6339 1510 4256 -3166 -8776
372 -808 6338 1508 4255 -3165 -8772
373 -810 6336 1509 4252 -3168 -8778
374 -810 6335 1507 4254 -3164 -8777
375 -809 6338 1510 4254 -3167 -8774
376 -811 6336 1511 4256 -3165 -8771
377 -810 6336 1506 4251 -3164 -8774
378 -808 6337 1508 4254 -3163 -8776
379 -807 6336 1505 4249 -3164 -8778
380 -806 6338 1508 4250 -3159 -8773
381 -810 6339 1510 4251 -3164 -8776
382 -808 6339 1509 4250 -3161 -8774
383 -809 6337 1507 4252 -3162 -8781
384 -808 6335 1505 4250 -3161 -8777
385 -805 6337 1508 4249 -3160 -8780
386 -808 6336 1509 4246 -3160 -8777
387 -805 6336 1507 4250 -3160 -8777
388 -805 6333 1505 4252 -3161 -8777
389 -804 6333 1504 4245 -3160 -8780
390 -806 6334 1504 4248 -3159 -8777
391 -807 6336 1508 4248 -3160 -8777
392 -804 6332 1508 4247 -3158 -8778
393 -802 6332 1504 4248 -3157 -8780
394 -806 6330 1505 4246 -3157 -8780
395 -801 6335 1511 4245 -3158 -8777
396 -802 6336 1506 4246 -3156 -8775
397 -804 6333 1505 4246 -3158 -8780
398 -802 6334 1504 4247 -3158 -8780
399 -806 6332 1504 4243 -3155 -8778
400 -798 6333 1505 4244 -3154 -8777
401 -802 6333 1507 4244 -3155 -8778
402 -801 6332 1504 4245 -3155 -8779
403 -802 6328 1505 4241 -3159 -8779
404 -803 6331 1501 4243 -3157 -8781
405 -803 6334 1506 4244 -3152 -8779
406 -801 6334 1505 4242 -3155 -8779
407 -801 6331 1505 4239 -3152 -8778
408 -801 6332 1504 4238 -3152 -8784
409 -798 6332 1499 4242 -3153 -8780
410 -802 6333 1504 4242 -3152 -8782
411 -804 6332 1506 4242 -3148 -8778
412 -801 6332 1506 4240 -3152 -8783
413 -800 6328 1499 4239 -3157 -8781
414 -801 6329 1500 4240 -3153 -8781
415 -802 6330 1502 4238 -3154 -8782
416 -803 6332 1504 4240 -3150 -8778
417 -803 6329 1505 4239 -3154 -8783
418 -799 6331 1501 4239 -3149 -8784
419 -798 6326 1497 4236 -3149 -8783
420 -802 6328 1503 4239 -3148 -8779
421 -800 6331 1506 4237 -3152 -8782
422 -798 6329 1504 4238 -3151 -8786
423 -798 6327 1499 4237 -3149 -8783
424 -799 6327 1498 4233 -3150 -8783
425 -800 6330 1503 4239 -3149 -8783
426 -799 6330 1503 4235 -3150 -8783
427 -799 6327 1499 4235 -3150 -8786
428 -800 6328 1496 4236 -3151 -8785
429 -800 6326 1502 4234 -3148 -8781
430 -799 6328 1502 4236 -3149 -8783
431 -799 6326 1502 4237 -3149 -8785
432 -799 6326 1501 4236 -3151 -8785
433 -799 6324 1500 4235 -3149 -8785
434 -797 6328 1502 4234 -3145 -8785
435 -800 6329 1501 4235 -3146 -8780
436 -796 6330 1502 4236 -3146 -8784
437 -797 6327 1502 4232 -3148 -8783
438 -799 6328 1500 4234 -3146 -8784
439 -797 6328 1502 4233 -3146 -8784
440 -796 6327 1502 4230 -3147 -8785
441 -797 6329 1503 4231 -3149 -8783
442 -796 6324 1500 4236 -3150 -8784
443 -799 6326 1498 4237 -3145 -8785
444 -798 6327 1503 4230 -3147 -8783
445 -797 6326 1500 4229 -3148 -8784
446 -801 6324 1498 4229 -3150 -8783
447 -796 6324 1502 4231 -3148 -8786
448 -801 6320 1499 4230 -3148 -8788
449 -798 6326 1501 4234 -3147 -8784
450 -797 6327 1503 4232 -3149 -8785
451 -798 6324 1501 4234 -3148 -8784
452 -796 6324 1502 4229 -3147 -8786
453 -796 6324 1499 4229 -3145 -8784
454 -794 6323 1497 4229 -3147 -8784
455 -796 6325 1501 4233 -3150 -8783
456 -800 6324 1500 4235 -3149 -8788
457 -797 6322 1499 4232 -3149 -8786
458 -796 6324 1500 4232 -3148 -8786
459 -798 6322 1505 4229 -3149 -8786
460 -797 6326 1497 4230 -3146 -8786
461 -798 6322 1499 4232 -3149 -8788
462 -799 6322 1499 4232 -3149 -8788
463 -799 6324 1498 4232 -3146 -8786
464 -800 6325 1498 4234 -3146 -8785
465 -799 6321 1498 4231 -3150 -8789
466 -797 6322 1500 4234 -3151 -8787
467 -800 6322 1496 4231 -3144 -8786
468 -795 6323 1498 4230 -3146 -8782
469 -797 6324 1502 4228 -3147 -8784
470 -798 6326 1500 4232 -3148 -8786
471 -800 6326 1499 4231 -3152 -8787
472 -798 6325 1499 4233 -3150 -8788
473 -800 6320 1497 4230 -3148 -8784
474 -799 6321 1498 4230 -3145 -8784
475 -798 6325 1497 4234 -3146 -8788
476 -799 6325 1502 4234 -3146 -8785
477 -796 6326 1501 4234 -3149 -8787
478 -798 6325 1498 4237 -3148 -8785
479 -803 6321 1499 4232 -3151 -8785
480 -801 6323 1499 4232 -3148 -8787
481 -796 6324 1499 4236 -3148 -8788
482 -801 6324 1496 4236 -3152 -8788
483 -800 6322 1498 4234 -3152 -8788
484 -799 6323 1498 4234 -3151 -8788
485 -799 6326 1498 4237 -3154 -8787
486 -799 6322 1500 4236 -3151 -8789
487 -800 6325 1501 4231 -3149 -8787
488 -798 6325 1498 4232 -3149 -8784
489 -800 6324 1501 4236 -3153 -8784
490 -802 6327 1499 4238 -3153 -8784
491 -798 6323 1500 4235 -3151 -8787
492 -802 6325 1496 4237 -3152 -8788
493 -802 6325 1500 4236 -3152 -8785
494 -800 6327 1501 4234 -3149 -8785
495 -803 6324 1502 4235 -3154 -8787
496 -801 6326 1498 4236 -3154 -8785
497 -799 6323 1499 4237 -3152 -8783
498 -801 6322 1498 4238 -3151 -8786
499 -800 6325 1501 4237 -3152 -8786
500 -801 6329 1500 4237 -3150 -8785
501 -801 6325 1498 4240 -3152 -8786
502 -805 6326 1500 4238 -3149 -8786
503 -800 6326 1501 4239 -3155 -8785
504 -803 6329 1500 4240 -3150 -8786
505 -807 6326 1501 4238 -3156 -8788
506 -803 6325 1499 4243 -3154 -8789
507 -801 6325 1496 4241 -3152 -8786
508 -807 6326 1502 4239 -3158 -8786
509 -803 6328 1502 4241 -3157 -8787
510 -805 6331 1499 4241 -3154 -8787
511 -807 6324 1499 4240 -3156 -8786
512 -804 6325 1500 4242 -3153 -8785
513 -806 6326 1502 4243 -3158 -8784
514 -805 6327 1499 4246 -3157 -8785
515 -806 6329 1499 4240 -3153 -8787
516 -807 6329 1499 4242 -3150 -8783
517 -802 6327 1500 4241 -3156 -8786
518 -805 6326 1499 4244 -3161 -8785
519 -808 6329 1500 4247 -3158 -8786
520 -805 6329 1500 4250 -3158 -8782
521 -805 6328 1501 4244 -3157 -8787
522 -807 6328 1501 4246 -3157 -8786
523 -806 6326 1503 4246 -3156 -8784
524 -803 6331 1502 4245 -3157 -8784
525 -807 6329 1501 4250 -3164 -8785
526 -807 6328 1501 4250 -3161 -8784
527 -808 6327 1500 4249 -3159 -8787
528 -806 6330 1499 4250 -3158 -8781
529 -807 6326 1501 4248 -3159 -8782
530 -807 6328 1504 4249 -3160 -8782
531 -810 6327 1502 4250 -3162 -8784
532 -807 6328 1503 4250 -3160 -8783
533 -811 6330 1501 4251 -3161 -8782
534 -805 6331 1505 4248 -3162 -8780
535 -808 6330 1504 4252 -3163 -8784
536 -810 6328 1501 4254 -3164 -8785
537 -810 6331 1499 4252 -3162 -8784
538 -810 6333 1503 4257 -3160 -8783
539 -808 6334 1506 4250 -3161 -8782
540 -811 6328 1502 4255 -3165 -8784
541 -807 6331 1504 4251 -3164 -8784
542 -810 6331 1504 4255 -3164 -8781
543 -808 6331 1504 4254 -3163 -8782
544 -812 6333 1504 4254 -3165 -8783
545 -812 6329 1504 4253 -3164 -8782
546 -811 6329 1502 4255 -3164 -8784
547 -812 6330 1504 4254 -3165 -8781
548 -810 6329 1505 4258 -3165 -8784
549 -812 6331 1504 4259 -3163 -8778
550 -813 6333 1503 4257 -3168 -8783
551 -812 6333 1504 4257 -3164 -8783
552 -813 6331 1506 4258 -3167 -8783
553 -813 6333 1504 4258 -3166 -8780
554 -814 6333 1506 4259 -3168 -8780
555 -816 6333 1504 4258 -3169 -8780
556 -813 6332 1504 4258 -3169 -8779
557 -816 6333 1505 4262 -3168 -8778
558 -819 6332 1507 4258 -3170 -8777
559 -815 6332 1508 4258 -3166 -8781
560 -818 6333 1500 4260 -3169 -8781
561 -817 6333 1503 4260 -3168 -8783
562 -813 6334 1504 4262 -3170 -8780
563 -818 6332 1506 4263 -3169 -8780
564 -815 6335 1503 4263 -3168 -8781
565 -818 6333 1503 4263 -3172 -8779
566 -817 6331 1503 4263 -3173 -8780
567 -815 6331 1503 4264 -3174 -8778
568 -821 6335 1504 4264 -3175 -8779
569 -820 6335 1507 4264 -3173 -8780
570 -818 6332 1504 4262 -3174 -8780
571 -820 6333 1505 4263 -3172 -8781
572 -821 6336 1505 4266 -3172 -8777
573 -821 6334 1503 4267 -3173 -8779
574 -819 6334 1505 4264 -3174 -8780
575 -820 6331 1506 4265 -3176 -8781
576 -821 6331 1506 4265 -3175 -8780
577 -820 6333 1503 4268 -3176 -8778
578 -820 6335 1504 4271 -3176 -8777
579 -821 6335 1507 4271 -3173 -8780
580 -823 6335 1507 4271 -3176 -8785
581 -819 6334 1506 4270 -3177 -8783
582 -823 6335 1508 4271 -3178 -8778
583 -822 6334 1505 4270 -3178 -8779
584 -822 6335 1509 4271 -3178 -8778
585 -823 6335 1505 4272 -3176 -8781
586 -819 6336 1504 4270 -3179 -8780
587 -818 6335 1509 4272 -3178 -8777
588 -825 6337 1506 4273 -3179 -8776
589 -820 6335 1506 4273 -3179 -8780
590 -826 6335 1510 4273 -3180 -8780
591 -825 6337 1507 4272 -3179 -8780
592 -822 6335 1504 4271 -3178 -8780
593 -824 6337 1508 4272 -3179 -8779
594 -826 6336 1508 4278 -3181 -8781
595 -827 6334 1505 4278 -3182 -8780
596 -827 6333 1506 4276 -3182 -8782
597 -827 6336 1505 4272 -3181 -8779
598 -824 6337 1504 4275 -3180 -8779
599 -824 6339 1510 4278 -3183 -8779
600 -826 6335 1506 4280 -3181 -8778
601 -822 6338 1508 4280 -3187 -8779
602 -825 6336 1510 4281 -3183 -8776
603 -825 6340 1507 4277 -3182 -8777
604 -825 6337 1507 4276 -3184 -8777
605 -827 6336 1508 4281 -3181 -8778
606 -826 6338 1510 4279 -3185 -8779
607 -828 6339 1508 4284 -3187 -8776
608 -827 6342 1508 4283 -3187 -8780
609 -826 6340 1508 4280 -3184 -8778
610 -828 6335 1506 4279 -3183 -8778
611 -827 6335 1506 4281 -3184 -8777
612 -827 6340 1510 4283 -3186 -8778
613 -830 6339 1509 4280 -3185 -8779
614 -828 6337 1510 4282 -3185 -8780
615 -828 6339 1507 4283 -3188 -8782
616 -829 6337 1509 4286 -3186 -8777
617 -828 6338 1507 4288 -3186 -8778
618 -827 6341 1509 4285 -3185 -8775
619 -832 6338 1510 4287 -3188 -8776
620 -826 6336 1508 4284 -3183 -8778
621 -827 6338 1507 4286 -3186 -8777
622 -831 6342 1508 4287 -3189 -8777
623 -834 6344 1511 4288 -3190 -8776
624 -832 6340 1507 4286 -3188 -8781
625 -832 6337 1510 4287 -3187 -8783
626 -833 6337 1506 4286 -3191 -8780
627 -831 6338 1507 4287 -3189 -8779
628 -834 6337 1508 4289 -3190 -8778
629 -831 6337 1507 4291 -3189 -8780
630 -832 6335 1507 4290 -3190 -8778
631 -834 6336 1508 4289 -3187 -8779
632 -835 6339 1511 4287 -3190 -8777
633 -832 6340 1509 4289 -3189 -8778
634 -832 6338 1509 4289 -3190 -8777
635 -832 6335 1506 4291 -3189 -8781
636 -834 6336 1507 4295 -3190 -8783
637 -837 6336 1508 4292 -3193 -8780
638 -836 6337 1511 4293 -3190 -8782
639 -838 6337 1507 4290 -3192 -8782
640 -835 6336 1506 4291 -3191 -8782
641 -833 6336 1508 4291 -3190 -8777
642 -834 6341 1508 4293 -3194 -8781
643 -836 6341 1510 4291 -3192 -8779
644 -837 6336 1508 4295 -3192 -8779
645 -836 6334 1505 4293 -3194 -8781
646 -837 6336 1506 4291 -3194 -8780
647 -835 6336 1509 4294 -3191 -8778
648 -836 6336 1509 4295 -3196 -8782
649 -836 6338 1505 4293 -3195 -8782
650 -837 6332 1507 4295 -3196 -8784
651 -838 6334 1505 4292 -3196 -8780
652 -836 6336 1506 4295 -3195 -8781
653 -837 6338 1509 4293 -3193 -8781
654 -838 6334 1507 4296 -3196 -8782
655 -836 6336 1503 4294 -3193 -8786
656 -838 6337 1507 4293 -3197 -8782
657 -839 6334 1508 4295 -3198 -8780
658 -838 6333 1509 4296 -3201 -8783
659 -841 6334 1509 4301 -3195 -8785
660 -839 6335 1503 4300 -3195 -8783
661 -837 6335 1507 4299 -3197 -8784
662 -837 6333 1508 4298 -3195 -8782
663 -841 6334 1506 4296 -3199 -8786
664 -839 6332 1505 4296 -3199 -8788
665 -843 6332 1506 4300 -3197 -8784
666 -843 6331 1500 4298 -3199 -8782
667 -841 6335 1507 4298 -3198 -8783
668 -838 6334 1507 4300 -3198 -8782
669 -840 6333 1505 4298 -3198 -8787
670 -841 6333 1507 4299 -3197 -8784
671 -840 6335 1507 4300 -3197 -8784
672 -840 6335 1507 4301 -3198 -8783
673 -840 6336 1503 4300 -3200 -8783
674 -842 6330 1505 4301 -3198 -8786
675 -843 6331 1504 4299 -3198 -8786
676 -840 6333 1506 4302 -3198 -8787
677 -842 6334 1504 4301 -3196 -8788
678 -845 6334 1506 4302 -3201 -8787
679 -842 6331 1503 4302 -3202 -8788
680 -844 6332 1503 4302 -3199 -8785
681 -844 6331 1502 4297 -3198 -8783
682 -842 6334 1502 4302 -3196 -8788
683 -845 6331 1505 4302 -3201 -8789
684 -843 6329 1502 4306 -3199 -8785
685 -843 6333 1504 4305 -3200 -8785
686 -846 6336 1504 4303 -3198 -8791
687 -844 6330 1506 4303 -3200 -8788
688 -846 6329 1505 4306 -3200 -8790
689 -845 6330 1502 4302 -3203 -8787
690 -847 6332 1501 4302 -3200 -8791
691 -845 6331 1503 4302 -3203 -8790
692 -843 6330 1504 4308 -3197 -8786
693 -846 6331 1504 4307 -3201 -8787
694 -843 6330 1502 4307 -3199 -8786
695 -847 6329 1506 4306 -3200 -8789
696 -848 6333 1504 4308 -3201 -8786
697 -846 6331 1503 4304 -3196 -8788
698 -844 6329 1505 4307 -3200 -8787
699 -842 6329 1503 4308 -3200 -8792
700 -847 6325 1501 4308 -3200 -8791
701 -848 6328 1503 4308 -3200 -8789
702 -848 6328 1503 4309 -3198 -8787
703 -848 6328 1505 4308 -3199 -8789
704 -844 6327 1503 4306 -3203 -8792
705 -846 6328 1501 4307 -3200 -8789
706 -849 6330 1504 4306 -3200 -8789
707 -845 6328 1505 4310 -3199 -8789
708 -849 6328 1502 4308 -3202 -8789
709 -847 6326 1501 4310 -3200 -8791
710 -848 6326 1503 4311 -3201 -8792
711 -846 6328 1498 4310 -3201 -8794
712 -851 6330 1502 4314 -3201 -8792
713 -848 6326 1499 4310 -3204 -8794
714 -853 6325 1499 4311 -3202 -8794
715 -849 6326 1501 4308 -3200 -8791
716 -848 6324 1501 4314 -3203 -8793
717 -846 6327 1501 4312 -3204 -8791
718 -848 6328 1500 4313 -3203 -8792
719 -851 6327 1500 4313 -3203 -8794
720 -849 6322 1500 4312 -3202 -8796
721 -850 6322 1500 4312 -3203 -8792
722 -850 6328 1502 4311 -3201 -8794
723 -853 6324 1500 4309 -3206 -8795
724 -850 6326 1498 4311 -3203 -8798
725 -850 6323 1500 4312 -3202 -8796
726 -851 6324 1497 4312 -3203 -8795
727 -852 6323 1501 4312 -3205 -8797
728 -851 6323 1502 4313 -3206 -8798
729 -850 6321 1498 4309 -3204 -8797
730 -851 6328 1498 4314 -3205 -8797
731 -853 6324 1498 4315 -3205 -8796
732 -852 6324 1499 4317 -3207 -8797
733 -854 6321 1498 4315 -3204 -8796
734 -857 6324 1499 4316 -3207 -8796
735 -852 6323 1498 4317 -3206 -8798
736 -855 6325 1496 4319 -3207 -8798
737 -852 6323 1499 4316 -3203 -8797
738 -855 6321 1497 4317 -3207 -8796
739 -857 6319 1496 4318 -3206 -8799
740 -857 6319 1496 4316 -3208 -8800
741 -857 6319 1495 4319 -3206 -8796
742 -857 6321 1500 4319 -3207 -8800
743 -858 6320 1497 4316 -3208 -8798
744 -854 6317 1496 4317 -3206 -8799
745 -858 6316 1498 4320 -3208 -8799
746 -857 6319 1499 4319 -3207 -8801
747 -857 6319 1497 4318 -3210 -8801
748 -855 6319 1496 4320 -3210 -8799
749 -856 6320 1496 4323 -3210 -8800
750 -856 6321 1495 4320 -3211 -8799
751 -857 6320 1495 4322 -3208 -8800
752 -859 6321 1498 4323 -3208 -8802
753 -858 6320 1497 4322 -3208 -8800
754 -858 6318 1497 4323 -3209 -8803
755 -857 6316 1496 4324 -3208 -8805
756 -858 6320 1494 4324 -3209 -8802
757 -858 6323 1497 4326 -3209 -8802
758 -859 6319 1493 4326 -3212 -8805
759 -858 6317 1497 4324 -3209 -8802
760 -857 6318 1494 4327 -3209 -8801
761 -861 6320 1495 4326 -3211 -8801
762 -864 6318 1494 4326 -3214 -8805
763 -862 6316 1494 4323 -3213 -8802
764 -862 6315 1493 4325 -3211 -8800
765 -859 6317 1491 4325 -3209 -8805
766 -860 6317 1498 4326 -3215 -8805
767 -862 6316 1495 4331 -3213 -8801
768 -862 6318 1495 4329 -3214 -8805
769 -864 6317 1494 4328 -3211 -8806
770 -862 6317 1494 4329 -3216 -8806
771 -861 6318 1495 4330 -3214 -8806
772 -862 6316 1495 4332 -3210 -8803
773 -865 6315 1494 4333 -3216 -8805
774 -864 6317 1494 4331 -3215 -8807
775 -865 6318 1495 4331 -3215 -8803
776 -864 6314 1493 4331 -3216 -8808
777 -864 6315 1495 4333 -3213 -8809
778 -865 6317 1493 4335 -3213 -8804
779 -865 6316 1496 4333 -3216 -8804
780 -864 6318 1494 4334 -3217 -8805
781 -867 6316 1496 4334 -3218 -8806
782 -867 6318 1498 4335 -3217 -8806
783 -869 6315 1493 4336 -3218 -8807
784 -869 6317 1494 4336 -3217 -8809
785 -867 6316 1494 4335 -3217 -8804
786 -866 6315 1493 4334 -3220 -8807
787 -865 6317 1494 4337 -3217 -8805
788 -868 6314 1494 4336 -3217 -8803
789 -872 6316 1493 4340 -3217 -8807
790 -869 6316 1494 4338 -3218 -8808
791 -866 6316 1496 4337 -3221 -8805
792 -867 6315 1496 4339 -3221 -8806
793 -868 6315 1494 4343 -3217 -8807
794 -871 6315 1496 4343 -3220 -8806
795 -869 6319 1494 4345 -3223 -8810
796 -873 6316 1496 4342 -3221 -8808
797 -871 6315 1494 4342 -3222 -8811
798 -870 6316 1493 4338 -3223 -8808
799 -873 6315 1493 4340 -3222 -8807
800 -875 6312 1496 4345 -3224 -8809
801 -871 6313 1493 4345 -3228 -8806
802 -875 6316 1495 4344 -3224 -8808
803 -874 6313 1494 4345 -3223 -8805
804 -873 6317 1495 4344 -3223 -8808
805 -874 6315 1491 4348 -3224 -8807
806 -876 6315 1495 4348 -3226 -8811
807 -873 6315 1495 4347 -3225 -8812
808 -876 6316 1494 4347 -3227 -8805
809 -874 6315 1496 4349 -3225 -8805
810 -874 6316 1496 4348 -3227 -8806
811 -874 6316 1499 4353 -3225 -8805
812 -875 6317 1494 4352 -3226 -8808
813 -879 6317 1493 4351 -3228 -8807
814 -879 6315 1494 4354 -3227 -8806
815 -880 6315 1495 4353 -3228 -8808
816 -880 6316 1493 4352 -3226 -8808
817 -877 6313 1492 4351 -3232 -8808
818 -880 6315 1495 4357 -3230 -8808
819 -883 6313 1494 4354 -3232 -8808
820 -879 6316 1494 4356 -3230 -8809
821 -878 6316 1495 4353 -3231 -8808
822 -884 6314 1498 4356 -3231 -8810
823 -883 6316 1494 4359 -3230 -8807
824 -881 6314 1494 4359 -3234 -8808
825 -881 6317 1497 4359 -3237 -8806
826 -883 6319 1497 4359 -3233 -8810
827 -881 6316 1495 4360 -3234 -8810
828 -882 6316 1494 4360 -3235 -8808
829 -882 6316 1496 4360 -3234 -8805
830 -883 6316 1495 4357 -3234 -8805
831 -886 6316 1496 4360 -3239 -8807
832 -886 6315 1495 4366 -3238 -8809
833 -886 6314 1495 4363 -3240 -8809
834 -887 6318 1494 4366 -3238 -8805
835 -888 6318 1497 4365 -3238 -8807
836 -886 6319 1493 4365 -3240 -8807
837 -887 6315 1496 4368 -3241 -8810
838 -892 6315 1497 4368 -3239 -8808
839 -888 6317 1495 4366 -3240 -8804
840 -889 6319 1498 4366 -3239 -8805
841 -888 6317 1498 4365 -3242 -8807
842 -885 6316 1495 4367 -3240 -8809
843 -887 6314 1494 4371 -3239 -8804
844 -892 6320 1499 4372 -3241 -8806
845 -894 6319 1498 4371 -3244 -8806
846 -889 6318 1495 4372 -3242 -8808
847 -890 6318 1493 4372 -3243 -8809
848 -891 6317 1493 4374 -3243 -8807
849 -896 6322 1494 4373 -3246 -8807
850 -894 6320 1497 4376 -3246 -8804
851 -893 6319 1496 4375 -3247 -8806
852 -894 6320 1495 4376 -3243 -8807
853 -894 6318 1495 4378 -3247 -8806
854 -893 6319 1499 4379 -3247 -8802
855 -895 6319 1494 4381 -3250 -8804
856 -896 6321 1496 4381 -3248 -8808
857 -895 6319 1498 4380 -3251 -8805
858 -896 6320 1499 4381 -3249 -8804
859 -892 6321 1498 4382 -3250 -8805
860 -897 6322 1498 4383 -3251 -8803
861 -895 6319 1497 4385 -3256 -8805
862 -896 6322 1495 4383 -3254 -8807
863 -897 6319 1495 4382 -3252 -8805
864 -898 6323 1497 4383 -3254 -8805
865 -898 6323 1498 4388 -3256 -8803
866 -899 6324 1501 4387 -3254 -8806
867 -900 6321 1495 4388 -3256 -8808
868 -903 6320 1498 4388 -3256 -8806
869 -900 6324 1501 4387 -3260 -8804
870 -900 6325 1500 4388 -3257 -8804
871 -902 6323 1500 4387 -3256 -8807
872 -901 6320 1499 4392 -3258 -8804
873 -905 6323 1499 4391 -3260 -8802
874 -906 6323 1502 4394 -3257 -8805
875 -906 6325 1501 4392 -3260 -8806
876 -905 6321 1501 4393 -3261 -8808
877 -902 6324 1500 4394 -3259 -8803
878 -902 6323 1499 4397 -3260 -8803
879 -905 6325 1502 4398 -3263 -8802
880 -904 6324 1501 4396 -3266 -8806
881 -904 6325 1501 4395 -3262 -8805
882 -902 6324 1500 4397 -3264 -8803
883 -906 6323 1500 4401 -3264 -8800
884 -906 6328 1504 4401 -3262 -8797
885 -907 6326 1502 4398 -3264 -8805
886 -908 6323 1501 4401 -3265 -8805
887 -907 6324 1501 4402 -3266 -8802
888 -909 6326 1503 4403 -3263 -8801
889 -905 6328 1503 4406 -3267 -8802
890 -911 6328 1505 4404 -3270 -8803
891 -911 6327 1500 4406 -3265 -8802
892 -910 6328 1501 4406 -3266 -8803
893 -913 6324 1500 4406 -3267 -8799
894 -912 6328 1504 4408 -3267 -8799
895 -913 6332 1505 4411 -3269 -8799
896 -913 6328 1503 4408 -3271 -8801
897 -912 6329 1504 4408 -3268 -8803
898 -910 6327 1504 4408 -3270 -8800
899 -914 6332 1503 4409 -3268 -8801
900 -914 6328 1506 4409 -3273 -8800
901 -913 6328 1504 4411 -3272 -8805
902 -910 6328 1502 4409 -3271 -8804
903 -914 6329 1502 4407 -3271 -8798
904 -914 6329 1504 4411 -3275 -8801
905 -916 6329 1503 4412 -3276 -8801
906 -917 6330 1504 4413 -3278 -8803
907 -916 6328 1502 4408 -3276 -8802
908 -918 6329 1503 4416 -3279 -8802
909 -919 6333 1507 4417 -3279 -8800
910 -921 6329 1506 4419 -3279 -8802
911 -922 6331 1504 4416 -3278 -8800
912 -922 6328 1505 4417 -3280 -8802
913 -920 6332 1503 4418 -3279 -8798
914 -916 6333 1510 4418 -3281 -8799
915 -922 6331 1507 4422 -3282 -8802
916 -918 6331 1507 4421 -3283 -8802
917 -919 6332 1504 4419 -3280 -8801
918 -920 6330 1504 4420 -3280 -8799
919 -920 6334 1504 4420 -3283 -8798
920 -921 6334 1506 4419 -3281 -8801
921 -920 6331 1505 4422 -3285 -8798
922 -920 6334 1505 4421 -3283 -8798
923 -921 6332 1502 4424 -3285 -8796
924 -918 6334 1507 4420 -3283 -8796
925 -921 6334 1507 4424 -3283 -8799
926 -921 6333 1509 4421 -3284 -8800
927 -926 6332 1506 4428 -3284 -8799
928 -922 6337 1508 4427 -3285 -8797
929 -926 6336 1507 4424 -3289 -8798
930 -924 6334 1507 4428 -3286 -8800
931 -925 6333 1507 4427 -3287 -8800
932 -926 6335 1503 4426 -3287 -8800
933 -924 6335 1506 4429 -3285 -8797
934 -925 6337 1508 4431 -3283 -8792
935 -927 6334 1511 4430 -3287 -8797
936 -927 6334 1505 4428 -3290 -8799
937 -927 6334 1504 4431 -3285 -8797
938 -928 6336 1505 4430 -3291 -8799
939 -928 6334 1508 4432 -3288 -8798
940 -929 6334 1507 4430 -3289 -8796
941 -927 6338 1509 4430 -3289 -8798
942 -928 6335 1508 4432 -3291 -8795
943 -931 6337 1508 4432 -3291 -8792
944 -925 6337 1511 4433 -3290 -8794
945 -929 6334 1513 4435 -3292 -8795
946 -928 6339 1506 4434 -3292 -8796
947 -927 6336 1506 4432 -3293 -8797
948 -928 6337 1506 4436 -3292 -8794
949 -929 6337 1509 4439 -3294 -8796
950 -931 6338 1507 4436 -3294 -8799
951 -930 6339 1506 4437 -3296 -8796
952 -932 6337 1507 4435 -3294 -8793
953 -932 6339 1512 4435 -3292 -8796
954 -931 6336 1508 4438 -3294 -8792
955 -930 6339 1509 4437 -3296 -8795
956 -932 6335 1507 4440 -3295 -8795
957 -934 6336 1507 4441 -3295 -8796
958 -935 6338 1510 4440 -3298 -8798
959 -933 6338 1510 4439 -3296 -8793
960 -933 6337 1511 4438 -3298 -8796
961 -935 6335 1505 4440 -3293 -8795
962 -932 6334 1510 4438 -3293 -8794
963 -932 6339 1512 4442 -3297 -8792
964 -934 6339 1514 4440 -3298 -8795
965 -935 6338 1511 4443 -3301 -8797
966 -931 6333 1510 4442 -3298 -8797
967 -933 6336 1508 4436 -3298 -8794
968 -933 6340 1509 4445 -3298 -8796
969 -934 6337 1511 4447 -3298 -8795
970 -934 6340 1510 4445 -3301 -8797
971 -935 6338 1507 4442 -3296 -8793
972 -932 6340 1510 4444 -3298 -8792
973 -934 6341 1512 4441 -3300 -8798
974 -934 6341 1509 4446 -3298 -8795
975 -932 6337 1509 4445 -3300 -8794
976 -932 6340 1508 4447 -3299 -8794
977 -938 6339 1512 4444 -3296 -8794
978 -936 6341 1509 4443 -3299 -8798
979 -937 6336 1509 4445 -3301 -8793
980 -936 6341 1509 4446 -3299 -8795
981 -936 6338 1508 4444 -3301 -8792
982 -940 6339 1510 4447 -3300 -8796
983 -938 6337 1511 4446 -3300 -8797
984 -938 6338 1509 4448 -3300 -8794
985 -938 6342 1511 4444 -3301 -8795
986 -937 6338 1511 4446 -3301 -8794
987 -938 6340 1509 4447 -3298 -8792
988 -937 6341 1512 4447 -3298 -8791
989 -936 6338 1510 4449 -3299 -8795
990 -935 6338 1514 4447 -3305 -8796
991 -940 6339 1511 4452 -3301 -8795
992 -935 6341 1508 4451 -3303 -8797
993 -938 6340 1508 4450 -3303 -8795
994 -939 6341 1508 4454 -3301 -8795
995 -938 6338 1508 4448 -3303 -8797
996 -934 6340 1508 4447 -3303 -8794
997 -936 6340 1511 4450 -3305 -8793
998 -937 6340 1509 4449 -3301 -8794
999 -937 6339 1510 4449 -3303 -8797
