0 2027 1280 1257 -1612 -250 -2851
1 2030 1280 1254 -1610 -251 -2850
2 2026 1280 1256 -1610 -255 -2852
3 2029 1278 1257 -1610 -250 -2848
4 2025 1281 1258 -1611 -253 -2849
5 2027 1281 1256 -1610 -251 -2850
6 2024 1282 1258 -1610 -250 -2853
7 2026 1279 1258 -1611 -249 -2850
8 2025 1282 1256 -1610 -250 -2849
9 2030 1281 1259 -1611 -252 -2853
10 2028 1281 1257 -1609 -251 -2851
11 2027 1280 1254 -1611 -255 -2853
12 2027 1282 1256 -1613 -255 -2852
13 2026 1280 1252 -1610 -252 -2850
14 2026 1282 1254 -1611 -254 -2853
15 2027 1282 1257 -1612 -254 -2853
16 2029 1282 1254 -1612 -254 -2851
17 2031 1282 1254 -1609 -251 -2849
18 2027 1282 1257 -1609 -253 -2850
19 2030 1286 1257 -1609 -250 -2851
20 2027 1281 1255 -1609 -254 -2852
21 2030 1281 1257 -1610 -253 -2852
22 2029 1282 1254 -1608 -253 -2851
23 2026 1280 1254 -1611 -251 -2852
24 2026 1284 1259 -1614 -252 -2854
25 2025 1282 1256 -1609 -254 -2850
26 2027 1280 1256 -1609 -251 -2853
27 2029 1276 1255 -1610 -253 -2852
28 2027 1280 1255 -1611 -253 -2850
29 2027 1281 1256 -1611 -252 -2852
30 2028 1279 1255 -1612 -252 -2853
31 2027 1280 1256 -1612 -252 -2850
32 2028 1278 1254 -1611 -254 -2847
33 2028 1281 1257 -1608 -254 -2849
34 2028 1283 1256 -1609 -252 -2850
35 2026 1279 1256 -1612 -250 -2851
36 2029 1279 1257 -1609 -249 -2851
37 2026 1280 1256 -1608 -250 -2851
38 2027 1280 1255 -1610 -252 -2850
39 2030 1284 1258 -1610 -254 -2849
40 2028 1281 1255 -1612 -252 -2852
41 2028 1279 1255 -1609 -254 -2852
42 2029 1282 1256 -1614 -251 -2850
43 2027 1280 1258 -1612 -250 -2848
44 2027 1280 1258 -1611 -248 -2850
45 2026 1281 1259 -1612 -253 -2849
46 2029 1282 1253 -1613 -253 -2853
47 2027 1279 1256 -1612 -259 -2851
48 2029 1281 1259 -1612 -251 -2849
49 2028 1279 1257 -1609 -250 -2852
50 2026 1280 1255 -1610 -248 -2849
51 2024 1279 1255 -1610 -253 -2853
52 2028 1280 1256 -1610 -254 -2849
53 2031 1283 1256 -1612 -255 -2852
54 2032 1283 1260 -1612 -252 -2851
55 2031 1280 1258 -1610 -252 -2850
56 2028 1281 1255 -1609 -248 -2851
57 2027 1280 1258 -1610 -249 -2851
58 2026 1282 1255 -1614 -250 -2848
59 2029 1282 1257 -1608 -253 -2852
60 2025 1279 1257 -1607 -255 -2852
61 2027 1282 1252 -1610 -255 -2850
62 2027 1282 1257 -1607 -249 -2850
63 2024 1283 1258 -1610 -251 -2851
64 2026 1279 1257 -1611 -253 -2852
65 2028 1282 1253 -1611 -254 -2852
66 2026 1277 1258 -1611 -251 -2851
67 2025 1280 1256 -1613 -252 -2852
68 2027 1281 1257 -1614 -251 -2850
69 2029 1280 1255 -1608 -253 -2851
70 2026 1279 1257 -1604 -249 -2850
71 2028 1282 1261 -1610 -251 -2853
72 2028 1280 1259 -1604 -248 -2852
73 2025 1282 1256 -1610 -252 -2853
74 2029 1280 1259 -1611 -251 -2850
75 2026 1279 1256 -1611 -252 -2851
76 2027 1278 1258 -1612 -253 -2851
77 2026 1281 1255 -1612 -251 -2850
78 2026 1282 1258 -1611 -250 -2851
79 2027 1277 1253 -1612 -252 -2851
80 2028 1279 1256 -1610 -252 -2849
81 2027 1279 1256 -1611 -254 -2852
82 2029 1282 1258 -1610 -254 -2853
83 2030 1280 1256 -1609 -253 -2854
84 2028 1279 1252 -1612 -251 -2853
85 2027 1280 1258 -1609 -250 -2849
86 2026 1282 1254 -1613 -252 -2850
87 2028 1280 1256 -1612 -253 -2849
88 2026 1278 1254 -1609 -254 -2851
89 2027 1281 1255 -1609 -254 -2849
90 2029 1280 1253 -1611 -255 -2853
91 2028 1279 1252 -1610 -252 -2850
92 2028 1277 1256 -1611 -252 -2850
93 2028 1280 1257 -1610 -254 -2852
94 2025 1281 1256 -1613 -250 -2850
95 2030 1279 1256 -1609 -255 -2851
96 2028 1280 1257 -1611 -250 -2850
97 2026 1281 1258 -1610 -248 -2847
98 2027 1284 1257 -1610 -249 -2848
99 2031 1280 1255 -1609 -247 -2846
100 2027 1282 1256 -1608 -251 -2850
101 2033 1283 1258 -1608 -252 -2851
102 2027 1281 1258 -1610 -250 -2851
103 2028 1282 1257 -1608 -249 -2849
104 2030 1280 1261 -1606 -249 -2850
105 2031 1283 1259 -1608 -250 -2850
106 2029 1286 1259 -1608 -248 -2849
107 2029 1281 1258 -1609 -245 -2850
108 2028 1281 1252 -1610 -251 -2850
109 2031 1282 1258 -1609 -251 -2848
110 2029 1282 1256 -1606 -250 -2850
111 2029 1281 1259 -1606 -252 -2850
112 2028 1286 1257 -1608 -251 -2849
113 2030 1282 1258 -1609 -255 -2854
114 2030 1278 1253 -1611 -252 -2853
115 2030 1280 1258 -1610 -251 -2847
116 2030 1281 1258 -1611 -250 -2848
117 2026 1281 1259 -1610 -249 -2848
118 2029 1280 1258 -1609 -252 -2853
119 2027 1283 1256 -1614 -250 -2853
120 2029 1281 1256 -1609 -249 -2851
121 2029 1283 1257 -1610 -253 -2849
122 2029 1281 1257 -1609 -252 -2849
123 2029 1282 1258 -1610 -250 -2853
124 2027 1283 1254 -1611 -250 -2851
125 2024 1280 1254 -1611 -250 -2853
126 2029 1284 1259 -1607 -251 -2850
127 2028 1280 1260 -1610 -253 -2851
128 2030 1280 1257 -1608 -252 -2851
129 2029 1280 1257 -1611 -253 -2851
130 2028 1280 1257 -1610 -250 -2850
131 2027 1282 1258 -1610 -255 -2853
132 2027 1284 1257 -1609 -254 -2848
133 2030 1281 1256 -1610 -254 -2851
134 2028 1281 1255 -1610 -253 -2850
135 2029 1282 1258 -1607 -251 -2850
136 2027 1283 1257 -1610 -250 -2852
137 2026 1282 1255 -1611 -250 -2850
138 2029 1280 1258 -1610 -250 -2849
139 2027 1282 1258 -1612 -251 -2849
140 2029 1281 1259 -1608 -249 -2850
141 2027 1278 1258 -1610 -252 -2852
142 2029 1279 1255 -1610 -255 -2850
143 2030 1278 1256 -1612 -250 -2850
144 2028 1281 1258 -1609 -255 -2852
145 2028 1280 1257 -1611 -254 -2853
146 2027 1280 1257 -1608 -246 -2853
147 2026 1277 1256 -1611 -249 -2855
148 2029 1280 1253 -1610 -250 -2853
149 2031 1283 1259 -1608 -255 -2851
150 2029 1284 1256 -1609 -254 -2849
151 2031 1283 1259 -1609 -252 -2852
152 2031 1280 1254 -1609 -250 -2850
153 2028 1286 1256 -1608 -245 -2850
154 2031 1284 1263 -1610 -251 -2849
155 2033 1283 1258 -1606 -253 -2851
156 2032 1283 1256 -1609 -254 -2854
157 2030 1282 1255 -1610 -252 -2853
158 2029 1284 1256 -1610 -250 -2849
159 2028 1279 1256 -1610 -248 -2848
160 2031 1284 1261 -1609 -254 -2851
161 2029 1282 1257 -1610 -248 -2853
162 2027 1279 1257 -1608 -246 -2849
163 2029 1283 1259 -1606 -250 -2848
164 2028 1283 1256 -1605 -248 -2848
165 2030 1283 1262 -1607 -251 -2849
166 2032 1283 1257 -1609 -251 -2848
167 2029 1282 1258 -1610 -249 -2849
168 2029 1279 1256 -1611 -247 -2850
169 2027 1281 1257 -1611 -250 -2852
170 2030 1283 1255 -1607 -249 -2852
171 2028 1282 1257 -1608 -251 -2853
172 2030 1283 1256 -1610 -253 -2850
173 2029 1284 1260 -1609 -252 -2852
174 2029 1281 1256 -1611 -247 -2853
175 2030 1280 1255 -1609 -250 -2854
176 2028 1280 1254 -1611 -252 -2852
177 2028 1284 1257 -1608 -251 -2850
178 2025 1281 1258 -1610 -251 -2848
179 2031 1281 1258 -1612 -248 -2849
180 2025 1281 1256 -1614 -250 -2854
181 2027 1279 1255 -1611 -252 -2852
182 2026 1281 1260 -1608 -250 -2849
183 2028 1281 1256 -1606 -252 -2850
184 2027 1280 1257 -1609 -252 -2853
185 2028 1283 1258 -1609 -252 -2853
186 2029 1281 1255 -1608 -252 -2849
187 2029 1283 1258 -1612 -250 -2850
188 2030 1280 1260 -1608 -247 -2847
189 2029 1281 1256 -1609 -246 -2848
190 2027 1279 1258 -1611 -251 -2852
191 2028 1280 1257 -1610 -250 -2851
192 2028 1279 1258 -1612 -254 -2852
193 2027 1280 1255 -1612 -253 -2851
194 2029 1283 1257 -1610 -252 -2849
195 2029 1282 1255 -1610 -250 -2851
196 2028 1285 1255 -1611 -253 -2851
197 2029 1282 1261 -1604 -249 -2849
198 2029 1280 1257 -1608 -251 -2850
199 2029 1281 1256 -1609 -255 -2852
200 2029 1282 1259 -1608 -250 -2850
201 2025 1282 1257 -1612 -248 -2851
202 2027 1282 1257 -1611 -252 -2852
203 2031 1283 1257 -1609 -249 -2849
204 2029 1281 1255 -1611 -250 -2850
205 2029 1282 1255 -1612 -252 -2851
206 2028 1282 1257 -1609 -252 -2850
207 2028 1280 1259 -1609 -250 -2848
208 2027 1281 1256 -1611 -250 -2850
209 2029 1282 1257 -1610 -250 -2852
210 2028 1282 1256 -1610 -249 -2849
211 2027 1282 1257 -1614 -249 -2852
212 2027 1280 1257 -1612 -250 -2849
213 2030 1281 1257 -1609 -251 -2851
214 2032 1281 1256 -1610 -252 -2851
215 2031 1283 1255 -1608 -254 -2853
216 2031 1282 1255 -1609 -251 -2849
217 2028 1282 1257 -1609 -250 -2850
218 2027 1283 1259 -1609 -249 -2847
219 2027 1284 1260 -1613 -250 -2852
220 2029 1279 1256 -1610 -252 -2852
221 2030 1283 1257 -1608 -255 -2851
222 2030 1281 1258 -1609 -254 -2849
223 2031 1283 1258 -1609 -252 -2851
224 2028 1283 1256 -1609 -250 -2850
225 2028 1278 1256 -1611 -251 -2852
226 2026 1281 1257 -1609 -251 -2850
227 2026 1280 1255 -1612 -252 -2851
228 2026 1281 1257 -1612 -253 -2849
229 2028 1280 1257 -1613 -250 -2851
230 2025 1281 1256 -1611 -250 -2851
231 2026 1282 1256 -1610 -252 -2851
232 2027 1283 1256 -1612 -252 -2852
233 2028 1279 1255 -1610 -249 -2850
234 2029 1284 1256 -1610 -252 -2851
235 2027 1282 1254 -1610 -253 -2852
236 2028 1280 1252 -1606 -251 -2849
237 2028 1283 1255 -1609 -253 -2846
238 2030 1280 1258 -1608 -252 -2851
239 2026 1279 1256 -1608 -250 -2851
240 2028 1285 1256 -1607 -251 -2851
241 2028 1278 1255 -1612 -251 -2850
242 2030 1283 1257 -1609 -252 -2851
243 2028 1280 1256 -1606 -252 -2851
244 2031 1282 1256 -1609 -250 -2852
245 2029 1282 1257 -1608 -250 -2848
246 2027 1281 1257 -1608 -253 -2851
247 2029 1283 1260 -1609 -251 -2848
248 2028 1281 1259 -1609 -251 -2851
249 2028 1281 1258 -1613 -253 -2849
250 2030 1278 1258 -1613 -252 -2852
251 2028 1281 1257 -1614 -249 -2851
252 2030 1281 1256 -1612 -252 -2852
253 2026 1281 1256 -1611 -254 -2852
254 2027 1281 1255 -1610 -252 -2851
255 2028 1281 1258 -1612 -253 -2850
256 2028 1279 1253 -1612 -253 -2851
257 2026 1280 1253 -1612 -253 -2848
258 2028 1284 1256 -1610 -254 -2852
259 2027 1281 1258 -1607 -252 -2851
260 2028 1284 1259 -1609 -254 -2848
261 2025 1282 1257 -1613 -251 -2851
262 2027 1283 1259 -1611 -251 -2848
263 2030 1282 1255 -1608 -252 -2852
264 2029 1282 1257 -1605 -254 -2850
265 2029 1285 1258 -1609 -252 -2849
266 2028 1285 1254 -1610 -253 -2852
267 2026 1279 1254 -1612 -253 -2850
268 2026 1279 1257 -1612 -251 -2851
269 2025 1282 1255 -1611 -250 -2853
270 2028 1281 1258 -1609 -246 -2851
271 2028 1280 1258 -1609 -249 -2852
272 2027 1284 1256 -1612 -251 -2850
273 2027 1280 1258 -1613 -250 -2849
274 2028 1279 1259 -1613 -248 -2848
275 2027 1281 1258 -1612 -254 -2849
276 2027 1281 1254 -1611 -251 -2848
277 2027 1281 1253 -1612 -251 -2853
278 2028 1281 1254 -1608 -252 -2851
279 2027 1282 1255 -1609 -254 -2849
280 2028 1282 1255 -1613 -251 -2851
281 2027 1281 1256 -1611 -251 -2853
282 2030 1284 1256 -1608 -251 -2852
283 2027 1283 1258 -1607 -251 -2848
284 2031 1279 1257 -1608 -252 -2850
285 2029 1279 1255 -1610 -252 -2849
286 2028 1282 1256 -1607 -253 -2851
287 2029 1280 1258 -1611 -252 -2849
288 2028 1282 1255 -1610 -251 -2849
289 2030 1281 1257 -1612 -252 -2851
290 2026 1280 1255 -1609 -254 -2851
291 2027 1280 1253 -1610 -250 -2854
292 2028 1282 1258 -1614 -251 -2850
293 2027 1282 1255 -1611 -249 -2850
294 2027 1281 1259 -1611 -251 -2853
295 2027 1279 1255 -1610 -249 -2852
296 2027 1279 1256 -1612 -252 -2851
297 2026 1285 1258 -1608 -252 -2851
298 2026 1282 1258 -1611 -250 -2852
299 2028 1281 1256 -1608 -256 -2849
300 2029 1279 1256 -1610 -254 -2853
301 2029 1280 1254 -1610 -252 -2850
302 2032 1282 1255 -1612 -254 -2850
303 2027 1281 1259 -1615 -255 -2849
304 2027 1281 1255 -1611 -253 -2850
305 2030 1280 1254 -1611 -249 -2853
306 2026 1280 1257 -1610 -252 -2849
307 2023 1281 1257 -1613 -254 -2849
308 2027 1283 1258 -1610 -249 -2850
309 2029 1282 1254 -1610 -249 -2854
310 2026 1278 1257 -1611 -246 -2852
311 2026 1278 1254 -1612 -251 -2849
312 2030 1280 1256 -1612 -249 -2850
313 2026 1283 1256 -1610 -253 -2852
314 2029 1278 1256 -1610 -256 -2851
315 2027 1279 1253 -1609 -253 -2850
316 2027 1280 1256 -1611 -254 -2852
317 2028 1280 1259 -1612 -253 -2853
318 2027 1281 1256 -1611 -251 -2850
319 2028 1281 1257 -1613 -254 -2848
320 2025 1279 1254 -1611 -252 -2851
321 2026 1279 1255 -1614 -250 -2853
322 2025 1281 1255 -1612 -253 -2851
323 2026 1282 1257 -1609 -253 -2850
324 2026 1280 1256 -1610 -255 -2854
325 2025 1276 1254 -1612 -255 -2852
326 2027 1282 1254 -1613 -255 -2852
327 2024 1278 1257 -1615 -252 -2853
328 2023 1280 1253 -1611 -254 -2852
329 2024 1278 1257 -1611 -257 -2853
330 2023 1279 1253 -1614 -256 -2854
331 2028 1280 1254 -1610 -251 -2852
332 2026 1285 1257 -1609 -253 -2851
333 2027 1279 1258 -1613 -254 -2852
334 2029 1279 1255 -1612 -250 -2852
335 2030 1276 1255 -1610 -251 -2852
336 2029 1281 1255 -1609 -254 -2850
337 2029 1284 1257 -1611 -255 -2853
338 2026 1283 1254 -1614 -253 -2853
339 2027 1279 1253 -1612 -251 -2852
340 2027 1277 1255 -1611 -252 -2853
341 2024 1280 1257 -1614 -249 -2851
342 2025 1283 1258 -1610 -254 -2851
343 2029 1281 1257 -1611 -254 -2853
344 2027 1279 1255 -1611 -253 -2853
345 2027 1280 1252 -1610 -254 -2854
346 2026 1281 1257 -1610 -253 -2849
347 2026 1280 1259 -1612 -254 -2852
348 2025 1281 1258 -1613 -253 -2852
349 2023 1277 1253 -1613 -252 -2853
350 2027 1279 1256 -1611 -254 -2851
351 2027 1283 1253 -1609 -254 -2852
352 2028 1280 1256 -1609 -254 -2850
353 2027 1283 1256 -1611 -254 -2849
354 2027 1279 1255 -1611 -248 -2851
355 2030 1279 1253 -1612 -250 -2852
356 2026 1282 1256 -1611 -256 -2850
357 2027 1280 1258 -1611 -255 -2850
358 2031 1279 1256 -1609 -254 -2854
359 2028 1280 1254 -1612 -255 -2852
360 2029 1281 1256 -1615 -251 -2850
361 2027 1282 1259 -1614 -252 -2851
362 2023 1280 1257 -1613 -253 -2851
363 2026 1281 1256 -1610 -252 -2852
364 2026 1279 1254 -1610 -255 -2853
365 2029 1281 1252 -1611 -251 -2852
366 2025 1280 1254 -1612 -252 -2851
367 2027 1280 1255 -1610 -254 -2851
368 2026 1279 1255 -1612 -252 -2855
369 2025 1280 1254 -1610 -255 -2851
370 2027 1281 1255 -1613 -253 -2852
371 2027 1279 1256 -1611 -251 -2852
372 2026 1280 1254 -1609 -256 -2852
373 2025 1280 1254 -1612 -251 -2855
374 2027 1281 1256 -1610 -254 -2852
375 2028 1280 1255 -1607 -256 -2852
376 2027 1283 1258 -1611 -256 -2852
377 2026 1279 1254 -1612 -254 -2851
378 2026 1280 1255 -1612 -253 -2852
379 2025 1281 1257 -1612 -255 -2853
380 2025 1283 1256 -1613 -253 -2853
381 2025 1282 1258 -1612 -247 -2850
382 2028 1279 1254 -1610 -255 -2852
383 2023 1278 1256 -1610 -252 -2853
384 2028 1281 1254 -1609 -255 -2850
385 2028 1281 1255 -1613 -251 -2855
386 2027 1281 1254 -1611 -251 -2855
387 2026 1280 1256 -1613 -253 -2851
388 2027 1277 1256 -1611 -252 -2854
389 2028 1278 1254 -1613 -253 -2853
390 2028 1280 1254 -1612 -256 -2852
391 2030 1284 1259 -1613 -252 -2851
392 2027 1280 1256 -1612 -251 -2850
393 2026 1283 1256 -1609 -256 -2853
394 2026 1281 1256 -1613 -254 -2852
395 2026 1277 1256 -1612 -253 -2850
396 2028 1279 1255 -1610 -253 -2849
397 2027 1284 1258 -1609 -252 -2854
398 2028 1279 1255 -1613 -252 -2854
399 2027 1283 1254 -1614 -253 -2853
400 2028 1281 1259 -1610 -255 -2850
401 2027 1282 1259 -1610 -254 -2852
402 2028 1279 1258 -1610 -252 -2850
403 2027 1281 1257 -1611 -248 -2852
404 2027 1281 1256 -1609 -250 -2852
405 2028 1280 1255 -1612 -248 -2853
406 2027 1282 1259 -1615 -252 -2851
407 2027 1279 1256 -1612 -255 -2851
408 2030 1280 1256 -1611 -253 -2850
409 2025 1279 1253 -1614 -255 -2852
410 2026 1280 1256 -1609 -252 -2852
411 2024 1282 1256 -1613 -253 -2850
412 2028 1281 1256 -1610 -251 -2854
413 2027 1280 1255 -1612 -253 -2852
414 2027 1281 1255 -1610 -254 -2852
415 2030 1280 1255 -1612 -252 -2851
416 2027 1279 1256 -1606 -257 -2851
417 2030 1282 1251 -1608 -253 -2856
418 2029 1281 1259 -1608 -254 -2850
419 2026 1281 1256 -1610 -253 -2852
420 2026 1279 1253 -1615 -254 -2852
421 2025 1279 1259 -1610 -254 -2854
422 2024 1279 1255 -1610 -254 -2855
423 2026 1281 1255 -1609 -255 -2851
424 2027 1283 1253 -1612 -251 -2852
425 2028 1280 1259 -1615 -251 -2851
426 2026 1279 1258 -1612 -254 -2853
427 2026 1282 1255 -1613 -253 -2850
428 2026 1282 1255 -1607 -254 -2849
429 2031 1283 1255 -1612 -256 -2852
430 2026 1280 1256 -1610 -252 -2850
431 2026 1279 1255 -1611 -256 -2850
432 2028 1279 1257 -1608 -253 -2853
433 2023 1281 1254 -1612 -252 -2847
434 2027 1279 1256 -1613 -248 -2854
435 2027 1281 1257 -1613 -252 -2850
436 2026 1279 1254 -1611 -253 -2853
437 2028 1282 1259 -1610 -256 -2854
438 2027 1280 1253 -1610 -256 -2852
439 2030 1279 1254 -1610 -255 -2851
440 2027 1279 1255 -1613 -252 -2853
441 2024 1280 1255 -1612 -253 -2853
442 2026 1278 1258 -1610 -253 -2850
443 2025 1279 1255 -1612 -252 -2852
444 2029 1281 1253 -1610 -254 -2850
445 2026 1280 1258 -1609 -253 -2853
446 2026 1278 1255 -1612 -255 -2852
447 2026 1278 1256 -1611 -253 -2853
448 2027 1281 1252 -1611 -255 -2850
449 2026 1280 1254 -1609 -252 -2853
450 2026 1278 1258 -1613 -251 -2853
451 2025 1280 1254 -1609 -253 -2850
452 2027 1279 1253 -1609 -251 -2852
453 2028 1281 1258 -1610 -251 -2851
454 2028 1282 1257 -1610 -253 -2852
455 2028 1281 1257 -1612 -249 -2850
456 2027 1280 1257 -1612 -250 -2855
457 2027 1279 1256 -1609 -251 -2853
458 2025 1281 1255 -1614 -257 -2851
459 2027 1279 1255 -1612 -255 -2849
460 2030 1280 1255 -1610 -258 -2855
461 2029 1282 1256 -1608 -253 -2852
462 2026 1281 1256 -1610 -255 -2850
463 2026 1279 1256 -1612 -254 -2850
464 2026 1280 1256 -1610 -254 -2850
465 2027 1281 1255 -1614 -255 -2850
466 2028 1281 1254 -1612 -254 -2851
467 2025 1280 1255 -1612 -253 -2855
468 2030 1284 1254 -1608 -252 -2848
469 2031 1278 1255 -1613 -252 -2853
470 2028 1280 1256 -1617 -253 -2851
471 2026 1278 1256 -1614 -252 -2852
472 2026 1280 1256 -1610 -251 -2853
473 2028 1279 1254 -1612 -252 -2853
474 2026 1277 1256 -1611 -250 -2850
475 2027 1282 1261 -1610 -251 -2851
476 2029 1278 1258 -1614 -248 -2851
477 2027 1280 1256 -1610 -250 -2853
478 2026 1280 1253 -1613 -252 -2852
479 2027 1279 1255 -1612 -253 -2850
480 2028 1282 1254 -1611 -253 -2850
481 2027 1278 1252 -1611 -255 -2854
482 2027 1279 1253 -1609 -253 -2850
483 2030 1278 1252 -1614 -253 -2851
484 2028 1279 1256 -1614 -253 -2851
485 2028 1286 1257 -1610 -253 -2852
486 2026 1280 1258 -1610 -254 -2854
487 2026 1282 1257 -1612 -252 -2849
488 2026 1279 1253 -1614 -255 -2853
489 2026 1278 1256 -1613 -254 -2850
490 2028 1282 1256 -1610 -252 -2848
491 2027 1278 1254 -1608 -254 -2850
492 2027 1276 1254 -1610 -253 -2852
493 2026 1280 1253 -1609 -252 -2854
494 2024 1281 1259 -1615 -253 -2850
495 2027 1279 1255 -1612 -252 -2852
496 2025 1282 1255 -1611 -252 -2851
497 2026 1277 1255 -1611 -254 -2855
498 2028 1278 1255 -1614 -252 -2852
499 2026 1280 1255 -1611 -251 -2851
500 2026 1279 1256 -1611 -252 -2851
501 2026 1278 1252 -1611 -254 -2853
502 2027 1278 1253 -1610 -252 -2853
503 2028 1281 1256 -1611 -254 -2852
504 2027 1283 1254 -1612 -255 -2851
505 2030 1279 1256 -1613 -254 -2852
506 2025 1280 1255 -1608 -253 -2851
507 2026 1278 1254 -1610 -252 -2853
508 2031 1284 1259 -1610 -253 -2852
509 2025 1281 1256 -1609 -251 -2849
510 2029 1278 1257 -1613 -253 -2853
511 2028 1280 1256 -1610 -251 -2854
512 2027 1278 1257 -1613 -252 -2855
513 2024 1277 1255 -1613 -255 -2855
514 2025 1280 1258 -1609 -253 -2852
515 2029 1283 1258 -1609 -254 -2851
516 2028 1284 1255 -1611 -253 -2851
517 2025 1279 1251 -1613 -252 -2852
518 2025 1278 1254 -1614 -252 -2854
519 2025 1282 1254 -1612 -250 -2851
520 2025 1281 1257 -1610 -253 -2854
521 2028 1280 1256 -1612 -255 -2853
522 2025 1280 1257 -1614 -251 -2851
523 2026 1279 1254 -1611 -252 -2852
524 2027 1282 1259 -1610 -254 -2852
525 2027 1281 1255 -1609 -253 -2853
526 2024 1279 1254 -1614 -253 -2854
527 2023 1276 1249 -1608 -256 -2852
528 2024 1275 1252 -1609 -250 -2850
529 2025 1283 1256 -1608 -250 -2850
530 2025 1280 1256 -1613 -253 -2853
531 2029 1281 1255 -1614 -252 -2853
532 2026 1280 1256 -1611 -251 -2852
533 2026 1279 1257 -1612 -253 -2852
534 2026 1280 1255 -1612 -256 -2853
535 2031 1281 1256 -1611 -252 -2850
536 2027 1279 1259 -1609 -254 -2853
537 2024 1277 1253 -1611 -253 -2854
538 2026 1283 1254 -1615 -254 -2854
539 2028 1283 1255 -1612 -255 -2854
540 2027 1283 1256 -1610 -252 -2852
541 2024 1279 1256 -1612 -251 -2851
542 2029 1280 1255 -1612 -253 -2852
543 2028 1280 1254 -1612 -253 -2849
544 2026 1282 1256 -1611 -253 -2851
545 2023 1281 1257 -1613 -252 -2853
546 2026 1280 1256 -1612 -253 -2854
547 2028 1279 1257 -1611 -256 -2853
548 2027 1278 1256 -1612 -252 -2851
549 2026 1281 1255 -1610 -252 -2852
550 2026 1282 1256 -1610 -252 -2851
551 2029 1279 1254 -1611 -253 -2850
552 2029 1279 1256 -1609 -256 -2850
553 2026 1285 1255 -1609 -251 -2849
554 2029 1282 1258 -1610 -254 -2850
555 2028 1282 1256 -1612 -252 -2855
556 2025 1280 1256 -1613 -253 -2853
557 2027 1278 1253 -1608 -249 -2852
558 2028 1280 1256 -1610 -253 -2852
559 2029 1282 1255 -1609 -250 -2848
560 2025 1279 1255 -1608 -254 -2853
561 2029 1280 1255 -1610 -252 -2854
562 2028 1278 1256 -1609 -252 -2853
563 2028 1280 1253 -1610 -251 -2854
564 2023 1285 1259 -1613 -252 -2852
565 2025 1282 1255 -1611 -254 -2851
566 2028 1278 1255 -1613 -252 -2850
567 2025 1279 1254 -1609 -252 -2852
568 2026 1280 1254 -1609 -251 -2850
569 2027 1282 1254 -1613 -254 -2852
570 2025 1279 1256 -1607 -253 -2850
571 2028 1280 1255 -1611 -253 -2849
572 2028 1279 1256 -1611 -255 -2851
573 2027 1279 1255 -1610 -250 -2849
574 2028 1282 1259 -1611 -250 -2851
575 2029 1278 1256 -1614 -251 -2853
576 2027 1280 1253 -1613 -253 -2851
577 2022 1280 1254 -1613 -250 -2849
578 2024 1280 1256 -1612 -252 -2850
579 2026 1283 1256 -1613 -255 -2851
580 2027 1280 1256 -1613 -251 -2851
581 2026 1279 1256 -1610 -253 -2853
582 2027 1282 1255 -1609 -253 -2851
583 2028 1280 1256 -1608 -252 -2850
584 2027 1280 1252 -1611 -254 -2849
585 2029 1280 1257 -1609 -253 -2853
586 2027 1281 1257 -1609 -251 -2850
587 2026 1280 1254 -1609 -251 -2852
588 2022 1278 1256 -1613 -251 -2851
589 2025 1280 1254 -1610 -252 -2852
590 2027 1280 1256 -1609 -249 -2853
591 2031 1280 1257 -1606 -254 -2852
592 2028 1280 1257 -1610 -253 -2848
593 2027 1285 1255 -1612 -254 -2853
594 2026 1281 1256 -1613 -250 -2852
595 2028 1279 1254 -1609 -248 -2851
596 2031 1281 1259 -1610 -253 -2852
597 2026 1280 1253 -1610 -251 -2853
598 2028 1278 1256 -1612 -252 -2852
599 2030 1282 1258 -1612 -252 -2853
600 2030 1277 1256 -1608 -254 -2850
601 2027 1280 1254 -1610 -254 -2852
602 2026 1282 1258 -1610 -252 -2851
603 2025 1280 1254 -1607 -252 -2853
604 2028 1280 1254 -1611 -251 -2853
605 2028 1281 1256 -1607 -251 -2851
606 2028 1279 1260 -1610 -253 -2851
607 2026 1282 1260 -1614 -252 -2851
608 2025 1279 1256 -1616 -251 -2853
609 2024 1281 1255 -1614 -252 -2849
610 2025 1278 1256 -1614 -254 -2854
611 2024 1276 1255 -1610 -252 -2853
612 2028 1279 1254 -1611 -253 -2854
613 2027 1281 1256 -1612 -253 -2852
614 2028 1282 1254 -1612 -253 -2853
615 2026 1277 1254 -1609 -254 -2853
616 2026 1276 1253 -1612 -251 -2850
617 2030 1280 1257 -1612 -253 -2851
618 2028 1277 1254 -1612 -254 -2852
619 2026 1281 1253 -1609 -251 -2856
620 2029 1278 1253 -1611 -253 -2852
621 2029 1280 1254 -1613 -254 -2854
622 2025 1279 1254 -1613 -253 -2854
623 2027 1278 1254 -1611 -248 -2855
624 2028 1278 1256 -1612 -253 -2854
625 2026 1278 1252 -1611 -252 -2850
626 2026 1279 1255 -1612 -256 -2852
627 2026 1279 1257 -1613 -253 -2851
628 2029 1278 1255 -1613 -253 -2851
629 2025 1279 1257 -1614 -253 -2854
630 2024 1280 1253 -1613 -250 -2854
631 2023 1277 1256 -1612 -250 -2851
632 2028 1279 1257 -1612 -254 -2851
633 2030 1279 1253 -1610 -253 -2852
634 2027 1278 1252 -1613 -252 -2852
635 2027 1280 1254 -1613 -255 -2853
636 2029 1281 1257 -1611 -253 -2852
637 2024 1280 1256 -1615 -250 -2852
638 2026 1281 1257 -1611 -251 -2849
639 2026 1280 1254 -1611 -253 -2853
640 2027 1283 1254 -1613 -258 -2852
641 2026 1281 1255 -1611 -254 -2852
642 2027 1279 1255 -1613 -257 -2855
643 2026 1278 1253 -1612 -257 -2852
644 2025 1278 1254 -1612 -252 -2854
645 2025 1279 1253 -1610 -253 -2853
646 2027 1280 1256 -1610 -250 -2851
647 2029 1280 1254 -1613 -253 -2853
648 2028 1282 1255 -1612 -256 -2852
649 2025 1278 1251 -1613 -250 -2855
650 2027 1280 1254 -1612 -251 -2853
651 2024 1280 1256 -1611 -252 -2851
652 2026 1278 1256 -1609 -254 -2848
653 2025 1280 1255 -1613 -251 -2856
654 2029 1282 1251 -1612 -254 -2853
655 2027 1278 1253 -1611 -251 -2852
656 2028 1280 1255 -1610 -252 -2849
657 2029 1281 1257 -1612 -252 -2849
658 2026 1279 1253 -1610 -252 -2851
659 2031 1283 1256 -1610 -249 -2849
660 2029 1280 1256 -1609 -251 -2853
661 2023 1279 1257 -1612 -252 -2853
662 2026 1280 1256 -1610 -256 -2851
663 2031 1282 1255 -1608 -256 -2854
664 2028 1277 1255 -1610 -253 -2855
665 2027 1279 1250 -1610 -252 -2851
666 2025 1279 1254 -1613 -251 -2851
667 2025 1283 1254 -1613 -249 -2851
668 2027 1279 1256 -1610 -253 -2849
669 2031 1281 1256 -1610 -255 -2851
670 2028 1279 1252 -1609 -252 -2852
671 2026 1281 1255 -1611 -251 -2850
672 2024 1280 1254 -1612 -254 -2851
673 2029 1280 1255 -1613 -252 -2854
674 2026 1278 1253 -1611 -253 -2851
675 2027 1281 1258 -1613 -252 -2852
676 2023 1280 1256 -1609 -251 -2851
677 2028 1283 1256 -1611 -251 -2852
678 2028 1281 1256 -1613 -251 -2851
679 2025 1280 1255 -1612 -249 -2850
680 2025 1277 1255 -1614 -253 -2850
681 2028 1277 1256 -1609 -253 -2851
682 2025 1280 1257 -1610 -254 -2851
683 2028 1279 1257 -1610 -257 -2853
684 2032 1285 1256 -1611 -256 -2852
685 2027 1277 1254 -1612 -254 -2852
686 2027 1280 1254 -1607 -250 -2851
687 2027 1282 1256 -1612 -253 -2848
688 2029 1280 1255 -1610 -253 -2853
689 2026 1283 1255 -1613 -254 -2854
690 2028 1277 1254 -1609 -256 -2853
691 2026 1282 1256 -1612 -251 -2853
692 2027 1281 1257 -1611 -256 -2853
693 2026 1279 1256 -1614 -252 -2851
694 2029 1279 1255 -1609 -251 -2850
695 2024 1281 1255 -1613 -254 -2852
696 2030 1279 1253 -1613 -250 -2850
697 2028 1284 1255 -1608 -252 -2849
698 2028 1282 1257 -1609 -249 -2852
699 2027 1281 1255 -1612 -249 -2848
700 2028 1283 1257 -1610 -251 -2853
701 2028 1278 1256 -1614 -251 -2851
702 2026 1278 1256 -1610 -252 -2851
703 2026 1280 1255 -1612 -251 -2851
704 2028 1281 1257 -1608 -253 -2849
705 2029 1280 1252 -1610 -256 -2851
706 2031 1281 1257 -1611 -252 -2851
707 2027 1281 1255 -1607 -252 -2851
708 2024 1282 1256 -1613 -252 -2850
709 2030 1280 1257 -1612 -253 -2852
710 2026 1281 1256 -1608 -251 -2853
711 2032 1281 1257 -1608 -254 -2852
712 2028 1279 1255 -1611 -258 -2856
713 2029 1278 1252 -1611 -257 -2854
714 2025 1282 1252 -1610 -252 -2850
715 2029 1280 1252 -1610 -252 -2854
716 2026 1281 1252 -1611 -254 -2853
717 2026 1278 1255 -1616 -252 -2849
718 2025 1280 1255 -1614 -254 -2851
719 2025 1280 1254 -1614 -251 -2853
720 2027 1280 1255 -1610 -253 -2851
721 2030 1281 1258 -1611 -253 -2851
722 2028 1276 1255 -1613 -252 -2852
723 2028 1279 1256 -1611 -252 -2852
724 2027 1279 1255 -1613 -252 -2852
725 2028 1279 1254 -1614 -251 -2853
726 2025 1283 1254 -1608 -251 -2853
727 2029 1282 1257 -1609 -251 -2850
728 2027 1281 1255 -1611 -254 -2851
729 2028 1282 1255 -1611 -250 -2847
730 2029 1278 1256 -1612 -250 -2852
731 2026 1279 1254 -1613 -249 -2851
732 2026 1284 1258 -1610 -255 -2852
733 2029 1280 1256 -1611 -255 -2851
734 2029 1280 1253 -1611 -252 -2852
735 2030 1282 1256 -1609 -252 -2852
736 2028 1283 1254 -1610 -255 -2850
737 2028 1280 1258 -1612 -252 -2852
738 2025 1281 1257 -1611 -249 -2850
739 2025 1279 1255 -1610 -245 -2849
740 2027 1280 1258 -1609 -249 -2852
741 2027 1278 1258 -1608 -252 -2851
742 2027 1282 1258 -1610 -257 -2851
743 2028 1277 1255 -1611 -254 -2850
744 2027 1279 1254 -1609 -253 -2850
745 2026 1280 1254 -1609 -253 -2850
746 2025 1280 1254 -1609 -252 -2851
747 2025 1282 1253 -1610 -251 -2855
748 2029 1281 1255 -1610 -253 -2852
749 2030 1283 1256 -1613 -253 -2850
750 2028 1282 1256 -1611 -252 -2850
751 2027 1283 1255 -1613 -252 -2852
752 2027 1280 1256 -1609 -250 -2848
753 2028 1283 1255 -1610 -253 -2850
754 2026 1281 1256 -1613 -253 -2851
755 2026 1278 1255 -1609 -255 -2852
756 2027 1278 1253 -1613 -254 -2853
757 2028 1282 1254 -1608 -253 -2852
758 2026 1279 1258 -1609 -250 -2851
759 2026 1279 1253 -1613 -252 -2854
760 2026 1279 1256 -1613 -252 -2849
761 2028 1279 1256 -1611 -249 -2850
762 2026 1282 1257 -1613 -249 -2851
763 2026 1279 1254 -1608 -252 -2852
764 2028 1279 1254 -1610 -257 -2852
765 2030 1279 1253 -1612 -254 -2854
766 2028 1280 1254 -1607 -252 -2851
767 2026 1278 1253 -1611 -255 -2852
768 2027 1281 1258 -1612 -254 -2852
769 2027 1277 1256 -1612 -249 -2852
770 2028 1279 1256 -1614 -252 -2851
771 2025 1281 1256 -1611 -256 -2852
772 2027 1279 1256 -1613 -253 -2852
773 2029 1281 1257 -1613 -252 -2850
774 2025 1279 1256 -1611 -252 -2852
775 2026 1278 1252 -1614 -251 -2851
776 2026 1278 1255 -1611 -253 -2851
777 2028 1279 1254 -1610 -255 -2851
778 2025 1280 1255 -1609 -250 -2852
779 2026 1281 1254 -1612 -251 -2851
780 2028 1281 1257 -1611 -253 -2852
781 2025 1281 1255 -1612 -252 -2850
782 2027 1283 1254 -1613 -249 -2851
783 2027 1282 1257 -1608 -251 -2850
784 2029 1284 1256 -1608 -255 -2851
785 2029 1282 1255 -1610 -253 -2851
786 2031 1277 1256 -1608 -253 -2852
787 2027 1283 1256 -1611 -253 -2852
788 2028 1281 1250 -1612 -252 -2850
789 2025 1280 1254 -1612 -253 -2850
790 2026 1279 1256 -1613 -252 -2851
791 2027 1278 1254 -1610 -251 -2851
792 2026 1283 1258 -1612 -256 -2855
793 2026 1278 1255 -1610 -252 -2855
794 2025 1278 1255 -1612 -254 -2852
795 2026 1280 1255 -1611 -252 -2852
796 2027 1280 1254 -1610 -252 -2851
797 2025 1281 1257 -1610 -255 -2850
798 2029 1283 1255 -1610 -253 -2850
799 2028 1280 1256 -1612 -249 -2849
800 2029 1280 1256 -1611 -250 -2849
801 2027 1278 1255 -1611 -252 -2852
802 2027 1281 1258 -1611 -250 -2851
803 2026 1283 1255 -1610 -251 -2848
804 2028 1280 1255 -1611 -251 -2850
805 2028 1282 1255 -1608 -253 -2849
806 2027 1281 1256 -1608 -254 -2853
807 2031 1280 1253 -1610 -253 -2852
808 2027 1282 1254 -1611 -253 -2852
809 2028 1279 1254 -1612 -249 -2850
810 2025 1277 1257 -1612 -249 -2849
811 2028 1283 1257 -1612 -250 -2850
812 2023 1279 1253 -1610 -249 -2852
813 2025 1278 1255 -1613 -249 -2851
814 2027 1279 1255 -1611 -253 -2851
815 2030 1282 1257 -1612 -253 -2850
816 2024 1282 1255 -1610 -252 -2852
817 2027 1281 1258 -1609 -253 -2852
818 2027 1280 1256 -1609 -252 -2850
819 2029 1283 1257 -1610 -253 -2849
820 2027 1281 1256 -1610 -251 -2853
821 2026 1280 1255 -1613 -252 -2852
822 2026 1278 1256 -1609 -250 -2854
823 2027 1282 1256 -1613 -253 -2854
824 2026 1280 1255 -1608 -253 -2850
825 2028 1280 1258 -1609 -255 -2850
826 2026 1280 1255 -1613 -252 -2853
827 2025 1280 1254 -1613 -253 -2851
828 2030 1278 1253 -1612 -252 -2850
829 2028 1280 1254 -1611 -255 -2851
830 2030 1282 1252 -1612 -253 -2850
831 2027 1278 1255 -1614 -251 -2855
832 2025 1281 1254 -1611 -250 -2851
833 2025 1279 1255 -1609 -253 -2850
834 2026 1280 1257 -1611 -251 -2852
835 2024 1282 1256 -1609 -250 -2852
836 2025 1280 1257 -1608 -249 -2850
837 2029 1283 1255 -1612 -252 -2851
838 2029 1280 1255 -1609 -254 -2851
839 2030 1284 1258 -1612 -254 -2852
840 2027 1279 1255 -1612 -253 -2851
841 2025 1283 1253 -1609 -248 -2853
842 2024 1280 1255 -1610 -253 -2850
843 2027 1282 1253 -1609 -251 -2851
844 2030 1285 1259 -1608 -251 -2848
845 2032 1285 1256 -1611 -253 -2849
846 2030 1282 1257 -1611 -250 -2850
847 2027 1281 1256 -1611 -247 -2851
848 2028 1281 1255 -1611 -252 -2852
849 2027 1281 1255 -1608 -253 -2851
850 2028 1278 1255 -1615 -254 -2854
851 2027 1279 1254 -1613 -255 -2852
852 2025 1278 1253 -1612 -249 -2854
853 2024 1278 1256 -1613 -252 -2852
854 2025 1279 1257 -1614 -251 -2851
855 2026 1280 1258 -1612 -247 -2851
856 2024 1280 1256 -1613 -255 -2850
857 2024 1278 1255 -1612 -253 -2853
858 2028 1281 1255 -1611 -253 -2852
859 2024 1281 1256 -1610 -255 -2851
860 2028 1281 1254 -1611 -253 -2855
861 2028 1279 1256 -1611 -256 -2852
862 2025 1278 1255 -1614 -254 -2853
863 2027 1282 1254 -1610 -252 -2852
864 2027 1283 1253 -1611 -252 -2852
865 2028 1277 1257 -1607 -257 -2852
866 2029 1280 1255 -1609 -251 -2846
867 2028 1281 1254 -1610 -255 -2849
868 2027 1280 1254 -1613 -254 -2854
869 2028 1280 1255 -1612 -252 -2850
870 2028 1280 1256 -1612 -250 -2850
871 2026 1282 1255 -1611 -252 -2853
872 2027 1275 1254 -1613 -250 -2852
873 2028 1279 1255 -1610 -252 -2851
874 2025 1276 1255 -1614 -249 -2851
875 2024 1279 1256 -1616 -247 -2851
876 2024 1278 1255 -1613 -245 -2852
877 2022 1280 1256 -1616 -247 -2851
878 2024 1280 1256 -1610 -248 -2851
879 2029 1281 1255 -1608 -253 -2849
880 2028 1280 1255 -1612 -253 -2849
881 2029 1281 1254 -1608 -253 -2850
882 2027 1280 1254 -1612 -253 -2853
883 2027 1279 1253 -1612 -256 -2853
884 2030 1280 1256 -1610 -254 -2850
885 2027 1279 1254 -1611 -255 -2849
886 2030 1282 1254 -1612 -252 -2854
887 2028 1282 1257 -1606 -253 -2854
888 2031 1283 1260 -1611 -256 -2851
889 2026 1279 1253 -1612 -253 -2848
890 2027 1281 1257 -1611 -254 -2852
891 2026 1278 1254 -1608 -254 -2852
892 2027 1278 1254 -1614 -256 -2852
893 2028 1282 1254 -1612 -252 -2852
894 2026 1279 1252 -1613 -253 -2850
895 2024 1281 1253 -1613 -250 -2853
896 2026 1279 1256 -1613 -251 -2852
897 2023 1277 1255 -1614 -252 -2855
898 2021 1279 1256 -1614 -252 -2849
899 2025 1278 1253 -1613 -252 -2849
900 2025 1282 1255 -1611 -253 -2849
901 2026 1279 1254 -1612 -255 -2850
902 2025 1279 1256 -1608 -253 -2852
903 2026 1279 1254 -1611 -255 -2856
904 2028 1279 1252 -1608 -254 -2852
905 2030 1281 1253 -1612 -254 -2852
906 2028 1280 1256 -1609 -255 -2852
907 2027 1279 1252 -1613 -250 -2852
908 2027 1282 1257 -1611 -252 -2848
909 2027 1279 1256 -1614 -250 -2853
910 2026 1278 1254 -1611 -251 -2850
911 2026 1280 1251 -1613 -253 -2853
912 2027 1281 1254 -1609 -253 -2855
913 2023 1279 1254 -1614 -256 -2854
914 2027 1280 1254 -1611 -254 -2853
915 2025 1277 1253 -1614 -254 -2852
916 2029 1278 1257 -1612 -255 -2852
917 2024 1278 1256 -1612 -252 -2854
918 2026 1280 1253 -1612 -254 -2851
919 2026 1279 1254 -1612 -252 -2852
920 2024 1279 1255 -1614 -255 -2851
921 2024 1281 1254 -1613 -254 -2852
922 2028 1281 1254 -1609 -253 -2855
923 2030 1282 1254 -1612 -256 -2854
924 2026 1279 1252 -1609 -254 -2853
925 2028 1279 1251 -1610 -254 -2855
926 2027 1279 1252 -1613 -255 -2853
927 2027 1276 1249 -1611 -255 -2853
928 2026 1282 1252 -1611 -253 -2855
929 2025 1279 1255 -1611 -253 -2856
930 2025 1278 1254 -1611 -253 -2852
931 2026 1283 1257 -1612 -251 -2851
932 2024 1282 1258 -1612 -254 -2853
933 2023 1279 1254 -1612 -251 -2851
934 2027 1279 1256 -1608 -250 -2851
935 2026 1280 1255 -1616 -252 -2851
936 2024 1279 1254 -1613 -253 -2852
937 2024 1279 1251 -1612 -255 -2854
938 2023 1278 1253 -1615 -254 -2851
939 2024 1281 1256 -1614 -250 -2855
940 2025 1279 1253 -1613 -254 -2852
941 2025 1279 1253 -1612 -253 -2852
942 2026 1276 1254 -1613 -254 -2852
943 2024 1280 1256 -1611 -255 -2853
944 2028 1283 1256 -1610 -253 -2853
945 2028 1280 1255 -1612 -256 -2853
946 2028 1281 1253 -1608 -256 -2853
947 2029 1278 1254 -1609 -257 -2854
948 2027 1282 1254 -1609 -254 -2856
949 2028 1280 1252 -1607 -256 -2851
950 2028 1281 1253 -1612 -251 -2852
951 2025 1278 1257 -1616 -253 -2853
952 2026 1279 1256 -1613 -251 -2851
953 2024 1278 1255 -1614 -252 -2849
954 2022 1280 1254 -1615 -250 -2850
955 2023 1275 1254 -1617 -252 -2854
956 2024 1277 1255 -1618 -254 -2852
957 2025 1277 1252 -1614 -252 -2854
958 2024 1278 1253 -1613 -255 -2856
959 2025 1279 1250 -1612 -254 -2852
960 2027 1281 1254 -1613 -255 -2852
961 2024 1276 1256 -1614 -250 -2856
962 2022 1276 1255 -1615 -251 -2855
963 2023 1279 1256 -1612 -253 -2855
964 2022 1280 1259 -1612 -252 -2855
965 2026 1281 1257 -1612 -257 -2854
966 2029 1281 1254 -1608 -259 -2854
967 2029 1281 1254 -1610 -258 -2855
968 2028 1280 1252 -1610 -258 -2852
969 2032 1280 1248 -1610 -260 -2854
970 2032 1280 1250 -1611 -259 -2852
971 2028 1282 1254 -1612 -257 -2853
972 2028 1277 1255 -1612 -251 -2852
973 2026 1279 1253 -1614 -250 -2852
974 2024 1280 1254 -1615 -250 -2850
975 2026 1276 1256 -1615 -248 -2852
976 2029 1279 1252 -1615 -252 -2852
977 2027 1277 1252 -1614 -254 -2854
978 2026 1278 1253 -1614 -254 -2853
979 2027 1277 1252 -1617 -253 -2851
980 2025 1277 1256 -1614 -254 -2853
981 2026 1278 1255 -1612 -254 -2854
982 2022 1279 1256 -1613 -253 -2850
983 2021 1278 1257 -1616 -252 -2857
984 2017 1278 1258 -1613 -246 -2854
985 2020 1278 1258 -1613 -252 -2855
986 2022 1281 1255 -1610 -258 -2854
987 2028 1280 1254 -1610 -260 -2856
988 2027 1280 1254 -1608 -259 -2853
989 2027 1282 1251 -1608 -257 -2855
990 2030 1279 1249 -1610 -256 -2854
991 2030 1280 1251 -1610 -258 -2850
992 2032 1280 1252 -1607 -258 -2850
993 2030 1279 1256 -1611 -256 -2851
994 2027 1280 1257 -1613 -254 -2847
995 2029 1282 1255 -1616 -252 -2850
996 2027 1278 1254 -1615 -251 -2848
997 2028 1280 1253 -1613 -253 -2849
998 2025 1281 1252 -1610 -257 -2850
999 2027 1276 1254 -1612 -252 -2851
0 5278 6513 -4100 1376 -6428 -3540
1 5279 6513 -4098 1377 -6429 -3541
2 5276 6516 -4098 1374 -6429 -3543
3 5280 6513 -4099 1377 -6428 -3542
4 5281 6511 -4098 1378 -6430 -3539
5 5279 6514 -4098 1376 -6427 -3540
6 5281 6513 -4098 1374 -6432 -3542
7 5282 6511 -4102 1376 -6433 -3545
8 5280 6510 -4102 1378 -6433 -3543
9 5279 6510 -4102 1378 -6430 -3542
10 5280 6514 -4099 1374 -6434 -3541
11 5279 6512 -4100 1374 -6433 -3542
12 5280 6510 -4100 1377 -6432 -3544
13 5281 6509 -4104 1377 -6433 -3545
14 5280 6512 -4101 1378 -6434 -3545
15 5278 6512 -4102 1380 -6437 -3542
16 5281 6513 -4101 1376 -6438 -3543
17 5279 6513 -4100 1380 -6436 -3546
18 5279 6512 -4102 1378 -6433 -3547
19 5278 6508 -4103 1379 -6437 -3544
20 5281 6510 -4104 1379 -6440 -3546
21 5281 6512 -4104 1379 -6436 -3547
22 5288 6512 -4103 1380 -6438 -3546
23 5283 6509 -4104 1377 -6440 -3544
24 5278 6508 -4104 1379 -6439 -3548
25 5284 6513 -4103 1380 -6441 -3544
26 5283 6509 -4101 1380 -6441 -3545
27 5287 6512 -4103 1384 -6441 -3547
28 5282 6510 -4106 1380 -6439 -3546
29 5286 6512 -4105 1379 -6440 -3547
30 5280 6512 -4101 1381 -6441 -3546
31 5282 6511 -4103 1380 -6447 -3547
32 5283 6508 -4104 1378 -6443 -3549
33 5282 6510 -4106 1379 -6438 -3550
34 5283 6508 -4103 1381 -6442 -3547
35 5284 6511 -4103 1381 -6442 -3543
36 5284 6510 -4102 1384 -6444 -3548
37 5284 6507 -4105 1383 -6446 -3549
38 5287 6507 -4106 1381 -6448 -3549
39 5283 6510 -4104 1383 -6446 -3549
40 5285 6512 -4106 1384 -6446 -3549
41 5284 6510 -4103 1381 -6447 -3548
42 5281 6508 -4104 1382 -6447 -3550
43 5285 6507 -4108 1385 -6448 -3553
44 5285 6512 -4107 1382 -6446 -3546
45 5283 6509 -4105 1384 -6446 -3549
46 5287 6512 -4103 1388 -6445 -3548
47 5287 6509 -4105 1385 -6450 -3553
48 5284 6504 -4105 1384 -6448 -3550
49 5287 6507 -4104 1385 -6451 -3552
50 5285 6508 -4105 1385 -6448 -3550
51 5285 6509 -4101 1385 -6451 -3551
52 5284 6507 -4103 1385 -6451 -3552
53 5289 6508 -4107 1387 -6447 -3550
54 5284 6507 -4106 1383 -6453 -3551
55 5285 6506 -4105 1385 -6455 -3551
56 5286 6508 -4104 1388 -6451 -3549
57 5288 6506 -4104 1384 -6451 -3552
58 5288 6512 -4104 1385 -6457 -3553
59 5286 6508 -4108 1388 -6452 -3551
60 5285 6511 -4105 1389 -6454 -3549
61 5288 6510 -4108 1391 -6452 -3550
62 5287 6509 -4103 1386 -6455 -3551
63 5284 6508 -4108 1388 -6454 -3551
64 5287 6508 -4105 1388 -6457 -3550
65 5287 6511 -4107 1391 -6454 -3552
66 5290 6510 -4101 1389 -6458 -3556
67 5287 6506 -4108 1386 -6456 -3551
68 5288 6508 -4108 1388 -6457 -3550
69 5290 6509 -4106 1387 -6461 -3551
70 5292 6507 -4107 1386 -6458 -3552
71 5290 6507 -4106 1384 -6456 -3553
72 5289 6507 -4107 1387 -6459 -3553
73 5287 6507 -4106 1388 -6460 -3552
74 5290 6508 -4108 1388 -6459 -3552
75 5291 6508 -4107 1392 -6462 -3554
76 5290 6509 -4107 1387 -6461 -3550
77 5292 6506 -4110 1386 -6459 -3551
78 5288 6508 -4105 1390 -6460 -3554
79 5289 6508 -4106 1388 -6462 -3552
80 5291 6509 -4106 1389 -6462 -3554
81 5294 6505 -4108 1387 -6463 -3553
82 5292 6508 -4109 1391 -6465 -3554
83 5291 6506 -4111 1389 -6460 -3553
84 5290 6508 -4107 1387 -6465 -3554
85 5287 6509 -4103 1390 -6464 -3555
86 5291 6508 -4107 1391 -6462 -3553
87 5290 6509 -4107 1388 -6464 -3555
88 5292 6507 -4108 1394 -6468 -3556
89 5293 6510 -4106 1393 -6467 -3555
90 5295 6511 -4107 1391 -6467 -3556
91 5293 6510 -4106 1393 -6466 -3552
92 5291 6509 -4107 1391 -6464 -3554
93 5293 6505 -4107 1389 -6465 -3556
94 5290 6508 -4108 1389 -6468 -3553
95 5293 6508 -4108 1389 -6469 -3554
96 5294 6508 -4108 1391 -6466 -3559
97 5291 6509 -4106 1392 -6469 -3554
98 5293 6508 -4104 1387 -6471 -3557
99 5294 6506 -4108 1392 -6471 -3555
100 5293 6507 -4108 1391 -6469 -3554
101 5293 6508 -4109 1390 -6471 -3558
102 5295 6508 -4110 1391 -6469 -3557
103 5293 6508 -4109 1392 -6474 -3556
104 5294 6511 -4107 1392 -6471 -3554
105 5292 6507 -4106 1393 -6471 -3555
106 5292 6509 -4106 1391 -6471 -3553
107 5293 6508 -4109 1389 -6471 -3555
108 5293 6505 -4109 1392 -6475 -3556
109 5298 6505 -4108 1393 -6471 -3552
110 5296 6507 -4107 1395 -6475 -3556
111 5294 6506 -4105 1397 -6476 -3552
112 5296 6505 -4109 1394 -6474 -3555
113 5293 6507 -4108 1390 -6475 -3554
114 5293 6506 -4106 1392 -6478 -3553
115 5296 6508 -4105 1392 -6476 -3555
116 5297 6508 -4105 1394 -6478 -3556
117 5297 6508 -4108 1392 -6481 -3554
118 5295 6505 -4106 1394 -6480 -3555
119 5294 6506 -4110 1392 -6482 -3555
120 5292 6505 -4109 1393 -6481 -3553
121 5294 6507 -4106 1394 -6479 -3553
122 5292 6506 -4107 1394 -6477 -3557
123 5294 6504 -4108 1394 -6480 -3554
124 5296 6508 -4106 1391 -6483 -3558
125 5296 6507 -4106 1393 -6477 -3552
126 5299 6512 -4110 1399 -6481 -3555
127 5295 6508 -4103 1394 -6480 -3556
128 5297 6506 -4106 1394 -6480 -3559
129 5295 6509 -4105 1394 -6481 -3554
130 5298 6514 -4105 1395 -6482 -3553
131 5296 6508 -4103 1398 -6481 -3554
132 5298 6510 -4106 1398 -6484 -3556
133 5297 6508 -4109 1396 -6481 -3554
134 5296 6507 -4107 1394 -6481 -3552
135 5296 6506 -4104 1394 -6481 -3553
136 5295 6508 -4104 1394 -6484 -3553
137 5296 6510 -4105 1394 -6482 -3554
138 5298 6508 -4105 1397 -6485 -3554
139 5296 6509 -4108 1398 -6486 -3557
140 5298 6512 -4106 1398 -6486 -3548
141 5298 6512 -4105 1395 -6485 -3552
142 5297 6508 -4107 1397 -6486 -3554
143 5295 6511 -4104 1395 -6484 -3553
144 5299 6509 -4106 1399 -6486 -3553
145 5299 6512 -4103 1397 -6488 -3553
146 5300 6513 -4107 1396 -6487 -3553
147 5300 6508 -4107 1398 -6486 -3552
148 5301 6511 -4109 1396 -6487 -3555
149 5299 6510 -4105 1397 -6488 -3552
150 5300 6508 -4109 1398 -6488 -3549
151 5296 6513 -4106 1392 -6491 -3554
152 5300 6512 -4104 1397 -6489 -3554
153 5300 6506 -4106 1397 -6490 -3555
154 5296 6509 -4105 1399 -6490 -3554
155 5300 6516 -4101 1401 -6493 -3549
156 5300 6513 -4104 1395 -6489 -3550
157 5299 6509 -4107 1398 -6494 -3556
158 5300 6511 -4108 1398 -6492 -3553
159 5298 6509 -4106 1398 -6489 -3548
160 5301 6511 -4103 1400 -6494 -3551
161 5303 6512 -4104 1397 -6497 -3554
162 5303 6511 -4106 1398 -6495 -3553
163 5300 6512 -4108 1398 -6491 -3550
164 5302 6514 -4102 1397 -6491 -3552
165 5298 6511 -4100 1398 -6491 -3551
166 5300 6513 -4102 1399 -6492 -3552
167 5304 6513 -4104 1399 -6496 -3556
168 5303 6508 -4108 1400 -6499 -3555
169 5303 6512 -4106 1397 -6497 -3550
170 5304 6513 -4104 1398 -6495 -3549
171 5302 6512 -4103 1397 -6496 -3552
172 5304 6510 -4105 1399 -6495 -3552
173 5300 6509 -4102 1401 -6494 -3550
174 5305 6514 -4103 1400 -6496 -3548
175 5308 6516 -4100 1400 -6497 -3547
176 5303 6513 -4102 1398 -6496 -3549
177 5305 6513 -4106 1396 -6495 -3551
178 5304 6510 -4100 1400 -6500 -3553
179 5302 6513 -4101 1397 -6500 -3547
180 5306 6514 -4100 1401 -6498 -3550
181 5306 6511 -4104 1399 -6497 -3550
182 5305 6510 -4106 1400 -6502 -3552
183 5306 6511 -4106 1399 -6501 -3549
184 5306 6512 -4101 1400 -6499 -3544
185 5302 6516 -4102 1398 -6500 -3548
186 5303 6512 -4103 1398 -6500 -3549
187 5305 6514 -4101 1399 -6501 -3550
188 5306 6512 -4101 1402 -6504 -3547
189 5310 6514 -4100 1402 -6507 -3549
190 5307 6513 -4101 1401 -6505 -3545
191 5310 6514 -4102 1404 -6504 -3550
192 5305 6513 -4106 1405 -6502 -3546
193 5308 6515 -4102 1401 -6499 -3549
194 5308 6513 -4101 1402 -6503 -3547
195 5306 6515 -4097 1399 -6504 -3547
196 5308 6515 -4099 1401 -6508 -3548
197 5309 6515 -4101 1402 -6508 -3544
198 5307 6515 -4102 1402 -6507 -3545
199 5308 6516 -4101 1402 -6508 -3547
200 5307 6516 -4100 1402 -6507 -3544
201 5310 6515 -4099 1400 -6510 -3548
202 5304 6517 -4102 1401 -6507 -3546
203 5308 6516 -4101 1399 -6510 -3545
204 5307 6515 -4099 1406 -6508 -3546
205 5310 6519 -4097 1400 -6507 -3545
206 5306 6516 -4097 1404 -6509 -3548
207 5308 6516 -4099 1400 -6508 -3541
208 5308 6515 -4101 1402 -6504 -3544
209 5309 6519 -4096 1407 -6508 -3540
210 5312 6519 -4097 1404 -6512 -3544
211 5312 6518 -4098 1407 -6512 -3543
212 5310 6519 -4099 1405 -6511 -3545
213 5311 6517 -4102 1402 -6509 -3545
214 5308 6518 -4099 1401 -6513 -3544
215 5309 6519 -4098 1403 -6512 -3545
216 5311 6518 -4096 1402 -6512 -3544
217 5312 6517 -4099 1402 -6516 -3548
218 5311 6516 -4099 1403 -6514 -3547
219 5308 6517 -4099 1407 -6515 -3542
220 5311 6519 -4098 1405 -6518 -3542
221 5312 6521 -4097 1402 -6518 -3543
222 5313 6518 -4098 1403 -6518 -3544
223 5310 6518 -4100 1404 -6520 -3543
224 5311 6520 -4097 1404 -6517 -3542
225 5311 6518 -4095 1403 -6517 -3543
226 5310 6518 -4096 1407 -6519 -3544
227 5312 6517 -4099 1405 -6517 -3543
228 5316 6516 -4096 1408 -6521 -3545
229 5311 6523 -4096 1403 -6518 -3541
230 5314 6519 -4098 1406 -6517 -3543
231 5313 6518 -4099 1408 -6521 -3544
232 5314 6518 -4098 1405 -6522 -3545
233 5314 6520 -4096 1408 -6519 -3540
234 5316 6521 -4095 1403 -6522 -3541
235 5315 6520 -4096 1404 -6519 -3544
236 5313 6520 -4096 1404 -6522 -3542
237 5312 6519 -4094 1406 -6520 -3537
238 5313 6521 -4097 1408 -6525 -3542
239 5316 6523 -4095 1405 -6527 -3540
240 5316 6523 -4095 1410 -6524 -3540
241 5315 6518 -4097 1404 -6527 -3543
242 5316 6521 -4100 1406 -6529 -3544
243 5315 6519 -4098 1405 -6526 -3539
244 5316 6525 -4092 1405 -6524 -3538
245 5317 6522 -4095 1406 -6528 -3540
246 5317 6521 -4093 1406 -6527 -3538
247 5319 6523 -4094 1406 -6528 -3540
248 5316 6523 -4093 1407 -6528 -3538
249 5319 6522 -4094 1405 -6531 -3538
250 5319 6522 -4092 1408 -6532 -3539
251 5318 6522 -4096 1409 -6530 -3540
252 5317 6524 -4093 1409 -6532 -3539
253 5318 6522 -4092 1407 -6531 -3541
254 5318 6522 -4095 1408 -6532 -3541
255 5320 6524 -4092 1408 -6533 -3539
256 5316 6523 -4093 1404 -6531 -3538
257 5318 6521 -4092 1408 -6529 -3537
258 5319 6524 -4094 1409 -6532 -3537
259 5318 6524 -4091 1408 -6533 -3536
260 5322 6526 -4092 1410 -6537 -3536
261 5321 6523 -4093 1408 -6537 -3538
262 5319 6523 -4092 1411 -6536 -3538
263 5321 6525 -4095 1408 -6534 -3535
264 5322 6524 -4092 1406 -6534 -3537
265 5321 6526 -4089 1408 -6535 -3533
266 5321 6526 -4093 1409 -6534 -3536
267 5321 6525 -4092 1410 -6539 -3535
268 5323 6523 -4093 1411 -6540 -3537
269 5324 6526 -4094 1409 -6538 -3533
270 5321 6523 -4094 1410 -6541 -3537
271 5324 6525 -4094 1410 -6541 -3537
272 5321 6528 -4093 1411 -6541 -3537
273 5324 6527 -4090 1412 -6538 -3534
274 5324 6526 -4093 1412 -6542 -3536
275 5323 6525 -4092 1412 -6543 -3535
276 5323 6525 -4092 1408 -6541 -3534
277 5322 6527 -4089 1413 -6540 -3535
278 5323 6527 -4088 1414 -6542 -3533
279 5321 6526 -4091 1411 -6543 -3534
280 5323 6522 -4093 1413 -6548 -3534
281 5325 6522 -4091 1415 -6547 -3530
282 5324 6527 -4091 1413 -6549 -3533
283 5326 6529 -4089 1412 -6544 -3535
284 5325 6527 -4091 1412 -6545 -3532
285 5328 6528 -4087 1412 -6544 -3533
286 5323 6525 -4090 1410 -6547 -3534
287 5326 6530 -4087 1412 -6548 -3533
288 5324 6530 -4090 1413 -6547 -3535
289 5325 6527 -4087 1419 -6550 -3535
290 5329 6528 -4089 1416 -6552 -3531
291 5328 6530 -4089 1417 -6552 -3531
292 5327 6531 -4088 1413 -6552 -3534
293 5327 6527 -4092 1413 -6549 -3533
294 5328 6528 -4090 1413 -6552 -3532
295 5326 6530 -4089 1413 -6549 -3532
296 5330 6532 -4086 1418 -6552 -3530
297 5330 6526 -4087 1414 -6554 -3533
298 5331 6531 -4087 1413 -6551 -3530
299 5328 6530 -4090 1413 -6553 -3530
300 5328 6531 -4087 1415 -6554 -3530
301 5330 6531 -4084 1417 -6554 -3533
302 5334 6530 -4086 1415 -6558 -3530
303 5332 6531 -4088 1416 -6559 -3531
304 5334 6532 -4090 1416 -6555 -3529
305 5329 6529 -4088 1416 -6559 -3531
306 5328 6530 -4087 1414 -6560 -3528
307 5326 6531 -4086 1415 -6555 -3530
308 5328 6531 -4084 1418 -6559 -3531
309 5333 6531 -4087 1414 -6560 -3530
310 5331 6530 -4086 1415 -6562 -3529
311 5334 6533 -4087 1416 -6562 -3529
312 5331 6530 -4084 1415 -6564 -3528
313 5330 6530 -4089 1416 -6563 -3530
314 5334 6532 -4085 1418 -6562 -3531
315 5331 6529 -4083 1415 -6560 -3530
316 5332 6533 -4085 1417 -6562 -3530
317 5332 6535 -4085 1416 -6561 -3527
318 5333 6531 -4085 1418 -6564 -3530
319 5333 6530 -4086 1416 -6566 -3530
320 5334 6530 -4087 1416 -6566 -3530
321 5331 6530 -4086 1415 -6566 -3527
322 5333 6533 -4086 1417 -6569 -3528
323 5331 6532 -4085 1418 -6566 -3528
324 5334 6532 -4086 1417 -6568 -3529
325 5332 6534 -4084 1419 -6568 -3530
326 5335 6534 -4083 1417 -6570 -3527
327 5334 6535 -4083 1422 -6570 -3526
328 5334 6533 -4083 1416 -6570 -3525
329 5334 6534 -4085 1418 -6565 -3526
330 5335 6533 -4082 1415 -6571 -3524
331 5338 6536 -4085 1419 -6573 -3526
332 5337 6535 -4083 1420 -6574 -3526
333 5337 6533 -4085 1419 -6573 -3527
334 5342 6538 -4083 1421 -6571 -3524
335 5334 6532 -4084 1418 -6573 -3524
336 5337 6536 -4082 1420 -6571 -3524
337 5335 6538 -4084 1419 -6570 -3523
338 5339 6536 -4079 1420 -6572 -3524
339 5338 6536 -4081 1422 -6574 -3524
340 5337 6535 -4081 1419 -6576 -3524
341 5340 6535 -4082 1423 -6579 -3523
342 5340 6535 -4084 1417 -6575 -3525
343 5339 6536 -4083 1418 -6577 -3525
344 5337 6532 -4083 1419 -6580 -3527
345 5338 6534 -4083 1420 -6575 -3525
346 5337 6538 -4083 1422 -6578 -3525
347 5339 6536 -4084 1418 -6578 -3522
348 5338 6535 -4081 1422 -6580 -3519
349 5341 6537 -4081 1423 -6582 -3522
350 5340 6534 -4080 1424 -6581 -3521
351 5338 6538 -4082 1419 -6582 -3524
352 5339 6536 -4082 1421 -6580 -3523
353 5342 6539 -4079 1422 -6579 -3522
354 5339 6539 -4084 1422 -6581 -3523
355 5340 6538 -4080 1424 -6583 -3521
356 5342 6536 -4081 1421 -6581 -3523
357 5344 6541 -4081 1422 -6583 -3520
358 5340 6542 -4078 1423 -6579 -3519
359 5342 6542 -4078 1423 -6579 -3521
360 5344 6541 -4079 1424 -6585 -3520
361 5342 6540 -4078 1423 -6582 -3519
362 5344 6540 -4080 1424 -6585 -3519
363 5343 6540 -4078 1423 -6588 -3521
364 5343 6539 -4078 1423 -6585 -3520
365 5340 6541 -4080 1422 -6585 -3522
366 5342 6540 -4078 1422 -6583 -3519
367 5340 6542 -4076 1423 -6585 -3519
368 5344 6540 -4078 1421 -6589 -3520
369 5344 6541 -4076 1423 -6587 -3519
370 5342 6539 -4080 1423 -6589 -3517
371 5344 6540 -4079 1423 -6588 -3515
372 5345 6541 -4076 1423 -6588 -3517
373 5344 6541 -4077 1424 -6586 -3518
374 5344 6542 -4079 1423 -6592 -3516
375 5344 6540 -4076 1422 -6592 -3516
376 5345 6542 -4078 1423 -6589 -3516
377 5345 6540 -4076 1421 -6592 -3518
378 5342 6545 -4076 1426 -6591 -3520
379 5343 6541 -4077 1425 -6592 -3516
380 5343 6539 -4078 1425 -6591 -3515
381 5345 6544 -4076 1424 -6592 -3518
382 5346 6543 -4074 1425 -6589 -3516
383 5345 6545 -4074 1423 -6594 -3516
384 5348 6544 -4077 1422 -6595 -3517
385 5343 6544 -4077 1425 -6596 -3516
386 5349 6541 -4078 1427 -6592 -3514
387 5341 6545 -4075 1426 -6594 -3512
388 5344 6545 -4077 1424 -6594 -3516
389 5347 6546 -4076 1423 -6593 -3514
390 5348 6542 -4075 1424 -6594 -3515
391 5346 6543 -4077 1425 -6595 -3516
392 5345 6544 -4073 1425 -6597 -3514
393 5347 6545 -4076 1425 -6595 -3513
394 5347 6545 -4073 1424 -6594 -3513
395 5348 6544 -4077 1422 -6592 -3513
396 5347 6543 -4075 1422 -6596 -3511
397 5349 6542 -4074 1426 -6596 -3514
398 5349 6546 -4074 1426 -6598 -3511
399 5350 6547 -4072 1428 -6598 -3514
400 5349 6544 -4076 1425 -6598 -3512
401 5348 6545 -4071 1425 -6598 -3512
402 5350 6547 -4070 1427 -6596 -3511
403 5349 6548 -4071 1426 -6597 -3512
404 5352 6546 -4070 1426 -6600 -3512
405 5348 6545 -4074 1426 -6601 -3513
406 5350 6550 -4074 1424 -6596 -3510
407 5347 6548 -4073 1426 -6598 -3507
408 5349 6549 -4072 1425 -6600 -3511
409 5349 6549 -4074 1425 -6596 -3510
410 5351 6547 -4073 1424 -6602 -3510
411 5348 6547 -4074 1426 -6601 -3508
412 5350 6547 -4071 1425 -6599 -3509
413 5349 6547 -4071 1426 -6599 -3509
414 5347 6546 -4073 1422 -6602 -3508
415 5349 6547 -4074 1423 -6600 -3509
416 5353 6548 -4071 1426 -6604 -3505
417 5350 6548 -4068 1425 -6598 -3507
418 5349 6550 -4071 1424 -6597 -3506
419 5348 6549 -4071 1425 -6601 -3508
420 5350 6549 -4069 1426 -6599 -3503
421 5349 6548 -4070 1425 -6605 -3504
422 5352 6551 -4070 1424 -6605 -3508
423 5352 6551 -4072 1423 -6604 -3506
424 5350 6551 -4068 1423 -6600 -3505
425 5351 6549 -4072 1422 -6601 -3507
426 5349 6552 -4074 1421 -6603 -3505
427 5351 6549 -4067 1424 -6604 -3503
428 5351 6554 -4068 1426 -6600 -3504
429 5349 6551 -4069 1424 -6601 -3504
430 5352 6550 -4069 1420 -6603 -3502
431 5354 6549 -4070 1424 -6604 -3505
432 5352 6554 -4069 1424 -6603 -3502
433 5353 6551 -4068 1424 -6605 -3506
434 5351 6552 -4070 1423 -6606 -3505
435 5349 6550 -4070 1423 -6603 -3505
436 5354 6553 -4066 1424 -6605 -3504
437 5351 6552 -4066 1422 -6602 -3502
438 5348 6554 -4066 1424 -6600 -3502
439 5351 6554 -4067 1423 -6604 -3500
440 5355 6554 -4065 1424 -6605 -3502
441 5354 6554 -4066 1423 -6604 -3500
442 5354 6556 -4064 1424 -6601 -3500
443 5353 6553 -4068 1425 -6600 -3499
444 5350 6554 -4064 1425 -6602 -3499
445 5354 6554 -4065 1426 -6602 -3497
446 5355 6557 -4063 1425 -6603 -3498
447 5357 6558 -4066 1424 -6603 -3497
448 5352 6556 -4062 1420 -6603 -3495
449 5356 6556 -4064 1421 -6598 -3496
450 5353 6557 -4064 1424 -6600 -3495
451 5355 6556 -4061 1426 -6604 -3496
452 5352 6557 -4063 1425 -6607 -3497
453 5357 6559 -4062 1424 -6607 -3495
454 5352 6559 -4066 1424 -6605 -3498
455 5354 6561 -4066 1424 -6604 -3496
456 5353 6556 -4063 1423 -6601 -3492
457 5355 6559 -4060 1424 -6602 -3493
458 5355 6562 -4059 1424 -6603 -3496
459 5353 6559 -4060 1423 -6606 -3494
460 5353 6560 -4063 1423 -6602 -3493
461 5355 6557 -4061 1422 -6601 -3495
462 5354 6562 -4061 1426 -6603 -3491
463 5354 6558 -4058 1426 -6604 -3488
464 5358 6561 -4061 1428 -6598 -3489
465 5357 6561 -4061 1425 -6600 -3491
466 5356 6561 -4061 1426 -6602 -3491
467 5355 6562 -4059 1424 -6600 -3492
468 5356 6561 -4054 1424 -6602 -3489
469 5353 6562 -4056 1421 -6599 -3491
470 5357 6560 -4060 1422 -6600 -3494
471 5359 6562 -4060 1424 -6603 -3493
472 5357 6562 -4059 1426 -6599 -3490
473 5353 6563 -4055 1424 -6602 -3491
474 5354 6563 -4057 1424 -6605 -3489
475 5356 6560 -4058 1427 -6602 -3488
476 5356 6564 -4055 1423 -6604 -3488
477 5357 6562 -4057 1421 -6601 -3486
478 5352 6565 -4059 1424 -6601 -3488
479 5355 6564 -4058 1422 -6594 -3487
480 5356 6562 -4058 1423 -6600 -3484
481 5357 6563 -4056 1422 -6603 -3486
482 5357 6564 -4057 1421 -6600 -3488
483 5357 6568 -4056 1422 -6601 -3487
484 5356 6565 -4057 1421 -6599 -3487
485 5355 6562 -4055 1422 -6601 -3485
486 5356 6565 -4057 1422 -6599 -3482
487 5354 6562 -4054 1424 -6603 -3483
488 5359 6565 -4054 1423 -6601 -3482
489 5358 6562 -4056 1423 -6601 -3482
490 5352 6567 -4054 1420 -6599 -3485
491 5354 6567 -4054 1419 -6597 -3481
492 5353 6567 -4052 1421 -6598 -3483
493 5357 6566 -4053 1422 -6600 -3485
494 5356 6567 -4054 1419 -6600 -3482
495 5354 6566 -4055 1421 -6601 -3480
496 5356 6566 -4055 1420 -6598 -3482
497 5355 6566 -4052 1419 -6598 -3480
498 5356 6566 -4054 1420 -6598 -3481
499 5358 6566 -4055 1418 -6602 -3481
500 5353 6565 -4051 1421 -6598 -3481
501 5353 6569 -4051 1418 -6599 -3478
502 5355 6569 -4051 1419 -6601 -3480
503 5354 6568 -4053 1421 -6600 -3479
504 5354 6568 -4052 1420 -6599 -3478
505 5354 6570 -4050 1421 -6600 -3479
506 5358 6569 -4052 1419 -6598 -3479
507 5356 6569 -4050 1419 -6598 -3476
508 5358 6571 -4050 1418 -6598 -3477
509 5356 6571 -4050 1418 -6597 -3475
510 5354 6569 -4048 1419 -6596 -3476
511 5356 6571 -4049 1418 -6596 -3474
512 5356 6567 -4050 1417 -6594 -3474
513 5356 6572 -4051 1415 -6598 -3476
514 5354 6568 -4051 1419 -6596 -3474
515 5355 6572 -4050 1418 -6596 -3475
516 5355 6569 -4048 1418 -6597 -3475
517 5354 6573 -4049 1419 -6596 -3477
518 5357 6572 -4049 1417 -6596 -3473
519 5356 6574 -4049 1418 -6597 -3473
520 5358 6575 -4048 1419 -6594 -3473
521 5357 6572 -4048 1420 -6594 -3474
522 5354 6570 -4044 1414 -6594 -3471
523 5354 6572 -4045 1420 -6596 -3471
524 5356 6577 -4048 1415 -6596 -3470
525 5356 6576 -4047 1417 -6596 -3471
526 5357 6576 -4045 1415 -6595 -3471
527 5354 6574 -4046 1419 -6596 -3470
528 5355 6575 -4046 1417 -6593 -3470
529 5355 6576 -4044 1418 -6596 -3470
530 5358 6574 -4044 1416 -6596 -3467
531 5355 6578 -4043 1418 -6593 -3467
532 5358 6575 -4041 1417 -6591 -3467
533 5354 6575 -4045 1414 -6588 -3467
534 5355 6576 -4041 1416 -6590 -3468
535 5355 6576 -4040 1417 -6593 -3466
536 5356 6575 -4044 1417 -6593 -3468
537 5357 6576 -4048 1415 -6591 -3470
538 5358 6575 -4044 1416 -6592 -3466
539 5353 6578 -4043 1417 -6590 -3467
540 5352 6575 -4045 1414 -6592 -3467
541 5356 6576 -4046 1415 -6592 -3466
542 5355 6580 -4046 1416 -6595 -3467
543 5355 6575 -4044 1413 -6595 -3464
544 5355 6581 -4042 1416 -6590 -3466
545 5353 6578 -4043 1415 -6592 -3466
546 5356 6576 -4040 1414 -6592 -3463
547 5356 6576 -4040 1416 -6590 -3461
548 5357 6578 -4042 1412 -6591 -3461
549 5356 6577 -4043 1413 -6591 -3460
550 5352 6581 -4042 1414 -6589 -3464
551 5353 6582 -4040 1412 -6592 -3463
552 5354 6578 -4042 1412 -6593 -3461
553 5352 6582 -4043 1416 -6591 -3462
554 5355 6579 -4040 1414 -6592 -3461
555 5355 6579 -4041 1415 -6585 -3463
556 5354 6579 -4040 1414 -6589 -3460
557 5354 6581 -4039 1413 -6586 -3462
558 5356 6576 -4042 1412 -6591 -3461
559 5357 6578 -4041 1409 -6592 -3460
560 5353 6577 -4041 1411 -6590 -3458
561 5353 6582 -4043 1411 -6585 -3460
562 5354 6584 -4041 1408 -6586 -3459
563 5351 6582 -4040 1411 -6588 -3459
564 5352 6582 -4041 1412 -6589 -3460
565 5353 6582 -4040 1414 -6589 -3457
566 5357 6581 -4040 1413 -6590 -3456
567 5357 6582 -4039 1412 -6587 -3456
568 5351 6583 -4037 1409 -6583 -3458
569 5354 6583 -4036 1411 -6586 -3457
570 5355 6584 -4039 1412 -6587 -3456
571 5356 6585 -4036 1412 -6587 -3458
572 5354 6582 -4036 1411 -6586 -3456
573 5358 6584 -4037 1412 -6584 -3456
574 5354 6583 -4037 1411 -6585 -3456
575 5354 6583 -4037 1410 -6583 -3456
576 5353 6583 -4036 1408 -6583 -3457
577 5356 6584 -4036 1410 -6583 -3456
578 5356 6583 -4035 1412 -6583 -3454
579 5352 6585 -4035 1411 -6584 -3454
580 5354 6584 -4034 1411 -6584 -3454
581 5350 6584 -4035 1409 -6585 -3455
582 5354 6583 -4035 1408 -6582 -3452
583 5352 6585 -4037 1410 -6582 -3451
584 5351 6585 -4034 1409 -6584 -3452
585 5356 6584 -4035 1410 -6585 -3453
586 5354 6584 -4038 1408 -6582 -3452
587 5354 6586 -4036 1407 -6586 -3454
588 5353 6584 -4034 1408 -6580 -3451
589 5353 6586 -4033 1408 -6583 -3452
590 5353 6586 -4034 1408 -6577 -3451
591 5356 6588 -4034 1409 -6581 -3450
592 5354 6588 -4033 1410 -6579 -3448
593 5355 6588 -4032 1407 -6579 -3448
594 5355 6587 -4034 1408 -6582 -3450
595 5355 6584 -4034 1410 -6582 -3448
596 5353 6586 -4033 1410 -6580 -3452
597 5352 6584 -4034 1404 -6581 -3451
598 5354 6586 -4036 1406 -6579 -3450
599 5356 6586 -4032 1403 -6580 -3447
600 5354 6587 -4034 1406 -6581 -3448
601 5353 6585 -4034 1410 -6579 -3449
602 5351 6588 -4031 1409 -6577 -3446
603 5360 6589 -4028 1406 -6579 -3446
604 5353 6587 -4032 1405 -6578 -3446
605 5353 6588 -4032 1407 -6574 -3444
606 5354 6589 -4032 1409 -6577 -3446
607 5355 6590 -4030 1410 -6582 -3447
608 5352 6590 -4030 1407 -6576 -3449
609 5353 6588 -4032 1408 -6579 -3447
610 5351 6588 -4029 1408 -6578 -3444
611 5354 6588 -4030 1406 -6574 -3444
612 5354 6590 -4031 1404 -6573 -3445
613 5352 6589 -4028 1408 -6574 -3442
614 5352 6592 -4028 1409 -6574 -3444
615 5355 6590 -4029 1409 -6576 -3442
616 5356 6590 -4031 1409 -6575 -3442
617 5356 6589 -4032 1406 -6574 -3444
618 5354 6590 -4030 1407 -6574 -3443
619 5353 6589 -4026 1405 -6575 -3443
620 5354 6589 -4028 1406 -6572 -3441
621 5352 6590 -4031 1408 -6576 -3441
622 5354 6591 -4027 1405 -6573 -3440
623 5354 6590 -4030 1405 -6573 -3441
624 5357 6590 -4028 1405 -6571 -3442
625 5354 6592 -4029 1406 -6573 -3442
626 5351 6592 -4029 1409 -6571 -3443
627 5352 6592 -4030 1408 -6573 -3443
628 5352 6590 -4029 1409 -6570 -3439
629 5353 6589 -4027 1407 -6574 -3441
630 5355 6592 -4030 1404 -6573 -3444
631 5349 6591 -4032 1404 -6574 -3442
632 5353 6591 -4029 1404 -6573 -3441
633 5349 6589 -4029 1405 -6574 -3443
634 5353 6590 -4028 1403 -6569 -3443
635 5352 6594 -4030 1404 -6573 -3443
636 5352 6591 -4027 1407 -6571 -3439
637 5353 6594 -4030 1406 -6572 -3443
638 5352 6589 -4029 1403 -6573 -3442
639 5353 6594 -4029 1405 -6574 -3440
640 5354 6593 -4028 1404 -6569 -3436
641 5351 6593 -4028 1403 -6569 -3442
642 5352 6589 -4024 1400 -6566 -3440
643 5351 6591 -4029 1404 -6570 -3437
644 5348 6589 -4027 1406 -6570 -3440
645 5353 6594 -4026 1401 -6570 -3438
646 5350 6594 -4028 1406 -6570 -3439
647 5353 6593 -4029 1404 -6571 -3440
648 5355 6592 -4029 1403 -6565 -3437
649 5353 6596 -4024 1404 -6568 -3437
650 5352 6591 -4025 1403 -6569 -3436
651 5351 6596 -4027 1404 -6567 -3438
652 5353 6594 -4029 1407 -6570 -3436
653 5352 6594 -4027 1403 -6564 -3436
654 5354 6593 -4026 1402 -6568 -3435
655 5353 6594 -4025 1402 -6567 -3438
656 5346 6593 -4028 1403 -6567 -3437
657 5352 6592 -4028 1401 -6563 -3439
658 5353 6593 -4026 1404 -6566 -3435
659 5352 6594 -4024 1405 -6568 -3436
660 5350 6594 -4024 1405 -6571 -3436
661 5354 6597 -4028 1401 -6570 -3438
662 5351 6591 -4027 1401 -6568 -3441
663 5348 6591 -4028 1398 -6564 -3439
664 5347 6593 -4026 1398 -6567 -3440
665 5349 6592 -4027 1401 -6564 -3435
666 5349 6591 -4026 1401 -6568 -3438
667 5351 6592 -4028 1403 -6567 -3439
668 5351 6594 -4026 1402 -6567 -3438
669 5350 6591 -4027 1399 -6567 -3437
670 5350 6592 -4029 1402 -6564 -3435
671 5349 6593 -4028 1401 -6567 -3439
672 5349 6590 -4024 1400 -6566 -3438
673 5350 6594 -4025 1400 -6562 -3438
674 5350 6594 -4025 1400 -6562 -3439
675 5352 6594 -4026 1404 -6562 -3436
676 5351 6594 -4023 1403 -6563 -3437
677 5347 6593 -4026 1398 -6559 -3438
678 5349 6596 -4026 1399 -6563 -3438
679 5351 6594 -4026 1403 -6564 -3436
680 5348 6594 -4024 1400 -6563 -3437
681 5349 6593 -4028 1401 -6564 -3435
682 5351 6592 -4026 1399 -6562 -3438
683 5351 6593 -4027 1400 -6563 -3438
684 5349 6592 -4028 1399 -6558 -3435
685 5347 6593 -4025 1400 -6558 -3435
686 5346 6594 -4027 1398 -6558 -3432
687 5347 6596 -4024 1399 -6562 -3436
688 5350 6592 -4026 1400 -6562 -3437
689 5349 6595 -4027 1401 -6559 -3437
690 5345 6594 -4028 1400 -6559 -3435
691 5346 6593 -4026 1397 -6558 -3435
692 5349 6592 -4028 1398 -6556 -3435
693 5346 6592 -4026 1396 -6558 -3436
694 5348 6593 -4025 1396 -6559 -3439
695 5349 6594 -4028 1399 -6560 -3435
696 5346 6596 -4027 1399 -6558 -3437
697 5350 6594 -4027 1396 -6559 -3438
698 5347 6592 -4027 1397 -6558 -3437
699 5347 6593 -4024 1396 -6556 -3438
700 5346 6594 -4025 1399 -6553 -3438
701 5346 6590 -4022 1396 -6558 -3436
702 5346 6590 -4026 1398 -6555 -3438
703 5346 6591 -4026 1397 -6557 -3435
704 5346 6593 -4028 1398 -6559 -3435
705 5345 6594 -4027 1400 -6553 -3433
706 5343 6592 -4025 1397 -6553 -3436
707 5346 6592 -4025 1397 -6554 -3436
708 5343 6592 -4027 1397 -6554 -3435
709 5344 6595 -4027 1398 -6553 -3432
710 5348 6591 -4024 1396 -6553 -3435
711 5345 6592 -4027 1398 -6554 -3435
712 5345 6592 -4028 1401 -6549 -3434
713 5343 6595 -4022 1397 -6550 -3435
714 5344 6592 -4027 1394 -6550 -3435
715 5343 6594 -4025 1396 -6549 -3436
716 5347 6591 -4027 1397 -6549 -3434
717 5345 6591 -4027 1395 -6549 -3435
718 5343 6593 -4026 1395 -6550 -3436
719 5345 6592 -4026 1397 -6549 -3434
720 5345 6594 -4025 1395 -6546 -3436
721 5342 6592 -4023 1395 -6546 -3434
722 5342 6593 -4026 1400 -6546 -3433
723 5344 6591 -4022 1397 -6546 -3434
724 5348 6598 -4024 1394 -6545 -3436
725 5345 6593 -4024 1395 -6545 -3434
726 5345 6593 -4024 1396 -6546 -3433
727 5346 6594 -4021 1398 -6545 -3434
728 5344 6595 -4025 1395 -6544 -3433
729 5347 6595 -4025 1396 -6542 -3432
730 5344 6596 -4024 1397 -6543 -3430
731 5345 6597 -4025 1395 -6545 -3434
732 5342 6594 -4027 1394 -6544 -3438
733 5342 6594 -4023 1396 -6542 -3432
734 5344 6592 -4023 1392 -6544 -3434
735 5341 6592 -4025 1395 -6540 -3436
736 5343 6596 -4024 1393 -6542 -3437
737 5341 6592 -4027 1393 -6546 -3436
738 5340 6592 -4027 1393 -6542 -3435
739 5342 6592 -4026 1393 -6542 -3435
740 5345 6592 -4028 1395 -6537 -3437
741 5341 6592 -4028 1392 -6539 -3434
742 5340 6594 -4029 1393 -6541 -3436
743 5339 6588 -4026 1393 -6540 -3437
744 5341 6595 -4027 1393 -6539 -3437
745 5340 6590 -4025 1389 -6539 -3431
746 5337 6593 -4026 1394 -6536 -3433
747 5340 6592 -4024 1392 -6539 -3437
748 5339 6591 -4027 1391 -6534 -3433
749 5339 6594 -4028 1389 -6537 -3434
750 5340 6591 -4026 1391 -6535 -3436
751 5339 6593 -4024 1393 -6536 -3435
752 5340 6594 -4024 1393 -6537 -3435
753 5340 6593 -4023 1392 -6534 -3434
754 5340 6594 -4025 1387 -6534 -3434
755 5337 6589 -4023 1392 -6532 -3433
756 5335 6592 -4028 1386 -6531 -3436
757 5337 6595 -4025 1390 -6534 -3438
758 5340 6591 -4023 1391 -6532 -3432
759 5339 6591 -4026 1391 -6533 -3432
760 5338 6593 -4027 1392 -6532 -3434
761 5336 6593 -4026 1390 -6527 -3434
762 5337 6590 -4025 1393 -6529 -3434
763 5338 6590 -4025 1388 -6531 -3434
764 5338 6594 -4027 1387 -6531 -3436
765 5336 6591 -4024 1390 -6527 -3437
766 5335 6593 -4025 1388 -6528 -3434
767 5338 6595 -4025 1390 -6527 -3436
768 5337 6593 -4027 1389 -6528 -3434
769 5338 6592 -4028 1387 -6528 -3436
770 5337 6593 -4025 1386 -6526 -3436
771 5335 6596 -4026 1388 -6523 -3437
772 5336 6593 -4029 1388 -6526 -3437
773 5337 6593 -4029 1388 -6524 -3433
774 5336 6590 -4027 1387 -6525 -3434
775 5334 6591 -4025 1386 -6525 -3437
776 5335 6588 -4028 1387 -6523 -3434
777 5334 6594 -4029 1388 -6519 -3437
778 5334 6591 -4028 1385 -6524 -3433
779 5335 6590 -4028 1385 -6521 -3435
780 5334 6589 -4029 1388 -6528 -3434
781 5334 6591 -4029 1387 -6521 -3436
782 5333 6591 -4028 1386 -6517 -3437
783 5330 6590 -4029 1384 -6518 -3433
784 5331 6591 -4027 1386 -6517 -3434
785 5332 6592 -4028 1386 -6516 -3431
786 5331 6590 -4027 1387 -6517 -3436
787 5332 6592 -4026 1388 -6517 -3437
788 5332 6589 -4028 1383 -6516 -3434
789 5332 6590 -4028 1385 -6515 -3434
790 5332 6592 -4028 1384 -6514 -3437
791 5330 6590 -4029 1387 -6515 -3437
792 5331 6590 -4027 1386 -6514 -3437
793 5332 6591 -4028 1382 -6514 -3434
794 5332 6590 -4029 1383 -6507 -3433
795 5327 6589 -4029 1387 -6510 -3431
796 5332 6592 -4026 1384 -6513 -3435
797 5331 6590 -4029 1387 -6508 -3433
798 5329 6592 -4030 1384 -6508 -3431
799 5330 6593 -4027 1383 -6507 -3434
800 5328 6590 -4028 1385 -6505 -3432
801 5329 6590 -4025 1384 -6503 -3433
802 5330 6592 -4027 1382 -6506 -3432
803 5331 6589 -4026 1382 -6508 -3434
804 5332 6592 -4027 1387 -6504 -3432
805 5328 6588 -4023 1384 -6505 -3433
806 5329 6590 -4023 1380 -6502 -3432
807 5330 6594 -4025 1384 -6504 -3434
808 5331 6590 -4027 1381 -6503 -3434
809 5330 6592 -4026 1379 -6500 -3435
810 5331 6591 -4024 1385 -6502 -3436
811 5329 6590 -4028 1382 -6504 -3437
812 5328 6590 -4025 1380 -6501 -3435
813 5329 6588 -4028 1380 -6500 -3435
814 5327 6589 -4029 1380 -6498 -3435
815 5324 6590 -4029 1376 -6499 -3435
816 5324 6589 -4030 1381 -6497 -3435
817 5324 6589 -4028 1379 -6501 -3432
818 5326 6589 -4029 1378 -6499 -3436
819 5326 6589 -4029 1381 -6498 -3437
820 5323 6588 -4031 1378 -6496 -3433
821 5324 6586 -4028 1380 -6498 -3434
822 5323 6589 -4030 1379 -6497 -3434
823 5323 6587 -4030 1379 -6491 -3432
824 5327 6590 -4027 1380 -6494 -3434
825 5324 6589 -4030 1375 -6491 -3437
826 5321 6589 -4030 1377 -6492 -3436
827 5324 6588 -4031 1376 -6493 -3436
828 5322 6589 -4028 1377 -6495 -3436
829 5323 6587 -4030 1376 -6491 -3436
830 5323 6587 -4029 1377 -6488 -3435
831 5322 6588 -4031 1376 -6489 -3439
832 5321 6588 -4029 1380 -6491 -3433
833 5323 6588 -4029 1379 -6487 -3432
834 5324 6588 -4025 1380 -6488 -3437
835 5320 6587 -4028 1377 -6488 -3435
836 5321 6588 -4029 1375 -6480 -3433
837 5321 6587 -4026 1375 -6483 -3434
838 5318 6586 -4026 1375 -6488 -3433
839 5320 6585 -4030 1375 -6487 -3435
840 5324 6587 -4032 1374 -6486 -3440
841 5319 6589 -4026 1376 -6484 -3434
842 5318 6584 -4029 1372 -6485 -3439
843 5317 6586 -4031 1375 -6478 -3432
844 5316 6591 -4030 1372 -6479 -3431
845 5317 6589 -4028 1372 -6477 -3436
846 5320 6589 -4029 1375 -6480 -3438
847 5318 6586 -4032 1377 -6480 -3436
848 5318 6585 -4030 1374 -6480 -3434
849 5318 6584 -4033 1374 -6476 -3437
850 5314 6584 -4028 1374 -6476 -3438
851 5319 6588 -4032 1371 -6477 -3436
852 5316 6587 -4030 1371 -6478 -3437
853 5316 6588 -4029 1373 -6478 -3437
854 5316 6585 -4031 1375 -6474 -3439
855 5317 6586 -4028 1373 -6473 -3435
856 5317 6586 -4028 1375 -6473 -3440
857 5313 6588 -4030 1372 -6474 -3432
858 5315 6588 -4031 1372 -6473 -3436
859 5316 6588 -4030 1370 -6471 -3438
860 5312 6586 -4028 1371 -6474 -3437
861 5316 6586 -4032 1370 -6472 -3435
862 5313 6589 -4032 1371 -6475 -3438
863 5313 6585 -4034 1371 -6471 -3439
864 5316 6583 -4035 1371 -6471 -3438
865 5316 6589 -4028 1369 -6469 -3436
866 5313 6584 -4031 1368 -6467 -3437
867 5310 6587 -4028 1369 -6465 -3438
868 5312 6586 -4033 1370 -6464 -3436
869 5313 6589 -4028 1373 -6468 -3439
870 5313 6586 -4030 1370 -6470 -3438
871 5314 6589 -4032 1370 -6471 -3436
872 5314 6587 -4033 1367 -6465 -3437
873 5310 6585 -4030 1368 -6465 -3438
874 5312 6588 -4032 1372 -6466 -3436
875 5311 6584 -4033 1366 -6463 -3437
876 5313 6585 -4031 1371 -6465 -3437
877 5312 6588 -4028 1370 -6464 -3438
878 5313 6585 -4031 1368 -6466 -3437
879 5312 6590 -4034 1365 -6463 -3436
880 5311 6588 -4034 1369 -6460 -3436
881 5313 6585 -4030 1368 -6460 -3440
882 5311 6584 -4031 1366 -6462 -3435
883 5314 6585 -4032 1371 -6461 -3438
884 5312 6584 -4031 1372 -6456 -3437
885 5312 6589 -4029 1368 -6457 -3437
886 5310 6585 -4031 1367 -6455 -3435
887 5309 6584 -4034 1369 -6455 -3436
888 5308 6584 -4033 1367 -6453 -3435
889 5310 6585 -4030 1370 -6455 -3435
890 5309 6584 -4034 1369 -6452 -3436
891 5310 6586 -4032 1366 -6455 -3439
892 5314 6587 -4036 1368 -6452 -3437
893 5309 6583 -4031 1369 -6454 -3436
894 5306 6584 -4031 1366 -6453 -3438
895 5306 6583 -4032 1367 -6454 -3438
896 5306 6584 -4033 1367 -6450 -3441
897 5308 6580 -4034 1368 -6450 -3439
898 5307 6585 -4031 1365 -6451 -3438
899 5308 6587 -4033 1366 -6454 -3437
900 5307 6584 -4033 1367 -6450 -3439
901 5305 6581 -4034 1364 -6452 -3444
902 5306 6583 -4035 1368 -6450 -3440
903 5305 6586 -4032 1367 -6452 -3435
904 5306 6581 -4036 1363 -6450 -3435
905 5305 6582 -4034 1365 -6449 -3442
906 5304 6581 -4038 1364 -6450 -3444
907 5305 6582 -4035 1366 -6449 -3441
908 5305 6582 -4032 1363 -6445 -3440
909 5303 6580 -4032 1360 -6446 -3439
910 5304 6585 -4036 1361 -6444 -3441
911 5302 6580 -4036 1366 -6441 -3440
912 5305 6582 -4032 1365 -6446 -3441
913 5307 6584 -4037 1365 -6446 -3440
914 5304 6581 -4036 1365 -6447 -3441
915 5302 6584 -4036 1365 -6442 -3442
916 5301 6580 -4035 1361 -6443 -3442
917 5304 6579 -4035 1360 -6439 -3440
918 5299 6582 -4035 1363 -6442 -3439
919 5303 6582 -4038 1364 -6442 -3443
920 5304 6580 -4036 1364 -6446 -3443
921 5304 6580 -4036 1364 -6443 -3443
922 5303 6584 -4037 1363 -6443 -3443
923 5300 6583 -4036 1361 -6439 -3444
924 5300 6579 -4035 1361 -6438 -3442
925 5300 6578 -4036 1362 -6442 -3445
926 5298 6579 -4036 1361 -6441 -3445
927 5302 6577 -4036 1360 -6443 -3444
928 5301 6579 -4037 1362 -6441 -3443
929 5298 6579 -4037 1361 -6437 -3442
930 5300 6581 -4035 1361 -6436 -3444
931 5300 6579 -4037 1361 -6438 -3442
932 5302 6579 -4035 1361 -6438 -3443
933 5300 6580 -4037 1360 -6440 -3444
934 5307 6578 -4037 1364 -6436 -3444
935 5299 6577 -4040 1360 -6436 -3448
936 5299 6579 -4037 1360 -6435 -3443
937 5300 6576 -4037 1360 -6436 -3441
938 5299 6578 -4039 1359 -6436 -3444
939 5299 6578 -4035 1361 -6434 -3446
940 5298 6580 -4036 1361 -6434 -3444
941 5299 6578 -4040 1362 -6436 -3446
942 5299 6580 -4036 1361 -6434 -3444
943 5296 6576 -4039 1362 -6432 -3443
944 5301 6578 -4038 1358 -6433 -3444
945 5295 6578 -4036 1356 -6431 -3449
946 5297 6573 -4037 1358 -6432 -3446
947 5299 6576 -4037 1358 -6430 -3448
948 5301 6575 -4038 1363 -6432 -3448
949 5295 6578 -4039 1361 -6430 -3447
950 5300 6575 -4038 1360 -6432 -3445
951 5295 6576 -4039 1359 -6431 -3446
952 5300 6573 -4044 1359 -6428 -3450
953 5297 6575 -4042 1358 -6430 -3445
954 5297 6577 -4042 1357 -6429 -3448
955 5295 6576 -4038 1359 -6430 -3448
956 5298 6573 -4041 1359 -6431 -3449
957 5296 6578 -4042 1362 -6428 -3449
958 5295 6575 -4039 1359 -6425 -3451
959 5297 6576 -4038 1359 -6428 -3448
960 5294 6573 -4040 1360 -6427 -3451
961 5294 6573 -4045 1358 -6429 -3452
962 5294 6572 -4043 1360 -6428 -3453
963 5298 6575 -4040 1360 -6432 -3451
964 5294 6575 -4043 1358 -6430 -3451
965 5299 6574 -4044 1360 -6429 -3451
966 5295 6572 -4044 1359 -6424 -3452
967 5294 6572 -4043 1357 -6424 -3447
968 5295 6570 -4042 1359 -6425 -3450
969 5293 6574 -4043 1360 -6427 -3452
970 5293 6575 -4042 1356 -6429 -3454
971 5297 6572 -4048 1358 -6427 -3455
972 5297 6572 -4043 1359 -6424 -3450
973 5294 6572 -4042 1358 -6427 -3452
974 5293 6573 -4041 1361 -6426 -3456
975 5296 6570 -4043 1359 -6426 -3453
976 5296 6570 -4044 1359 -6424 -3456
977 5293 6571 -4043 1357 -6426 -3454
978 5293 6573 -4046 1357 -6425 -3454
979 5296 6572 -4043 1359 -6425 -3456
980 5293 6569 -4045 1359 -6425 -3458
981 5292 6570 -4044 1361 -6423 -3455
982 5292 6570 -4044 1359 -6420 -3457
983 5291 6571 -4046 1357 -6422 -3454
984 5290 6569 -4046 1359 -6422 -3456
985 5292 6567 -4048 1359 -6427 -3459
986 5294 6569 -4048 1363 -6422 -3460
987 5297 6571 -4043 1358 -6421 -3457
988 5295 6570 -4044 1358 -6421 -3456
989 5291 6567 -4047 1358 -6419 -3458
990 5291 6564 -4047 1355 -6421 -3460
991 5290 6567 -4049 1359 -6421 -3457
992 5294 6568 -4046 1360 -6424 -3458
993 5293 6572 -4048 1358 -6423 -3462
994 5297 6569 -4049 1361 -6420 -3459
995 5290 6568 -4051 1360 -6418 -3461
996 5292 6567 -4047 1359 -6419 -3458
997 5289 6564 -4048 1356 -6420 -3459
998 5290 6566 -4047 1361 -6423 -3458
999 5290 6564 -4047 1363 -6421 -3460
