196 128
1 1 223 153
100.924192 129.336480 2.075908 -0.512652
 0 74 24 10 98 47 0 0 30 3 1 2 82 57 11 25 36 5 1 2
 2 97 60 28 92 33 0 0 0 60 30 15 2 114 56 15 24 4 7 3
 55 29 20 19 85 17 7 16 114 27 0 1 2 52 51 52 32 2 6 11
 2 94 114 44 11 17 6 1 0 39 114 52 11 8 8 6 5 13 114 114
 92 4 25 46 0 1 36 114 12 1 50 114 2 8 11 5 43 2 11 28
 1 24 59 35 0 0 47 75 1 10 54 39 0 0 64 100 0 0 4 11
 0 0 20 49 0 0 0 4
1 1 216 283
94.312894 258.831434 1.913154 -0.765058
 43 85 5 1 0 14 75 18 21 34 8 25 50 26 5 3 0 0 0 20
 63 76 1 0 14 1 0 12 19 32 4 5 14 5 0 1 69 120 121 17
 72 6 0 0 38 67 26 29 7 0 0 0 5 123 33 7 5 2 0 0
 8 123 14 2 30 12 1 7 123 63 7 19 123 10 0 5 99 36 6 11
 59 2 0 0 0 123 32 12 0 0 0 0 26 123 7 0 27 6 9 17
 123 32 2 12 115 23 0 16 105 25 0 2 86 20 0 0 3 22 4 3
 0 0 0 0 54 104 0 0
2 2 108 147
93.411628 270.876013 5.009168 -2.988476
 2 5 93 70 3 2 1 3 18 2 21 69 21 21 9 23 16 3 7 18
 34 75 35 103 38 5 6 10 0 1 8 113 4 2 71 37 6 27 25 15
 32 8 80 63 3 1 7 38 113 20 18 24 7 5 7 69 34 7 15 41
 15 7 4 42 6 8 113 32 5 36 62 78 13 5 46 21 7 10 113 113
 104 44 31 16 20 12 42 39 28 30 75 79 33 6 4 5 0 0 0 0
 5 63 113 75 0 0 0 46 75 13 74 88 1 11 36 90 108 9 9 3
 10 10 73 31 2 0 0 30
0 1 506 663
131.203301 307.623742 0.978858 2.235900
 34 126 23 3 0 0 0 0 15 96 68 101 30 2 2 2 26 4 27 63
 21 4 9 126 49 0 1 3 1 0 0 126 5 58 10 0 0 12 16 10
 43 106 71 7 4 9 29 14 126 49 7 2 2 1 7 126 39 4 5 40
 1 0 0 83 36 48 3 0 0 5 14 21 61 36 2 0 0 27 66 62
 126 17 1 5 1 2 10 116 36 6 6 70 16 0 0 5 16 38 0 0
 0 27 38 23 85 35 1 0 0 0 14 126 80 0 0 25 6 0 1 114
 4 0 3 62 21 0 0 2
1 2 222 196
100.022414 172.360370 2.705838 -2.075961
 5 9 69 111 2 3 12 17 18 111 53 19 6 30 11 3 2 39 3 0
 31 92 0 0 16 42 0 0 11 19 0 0 1 1 24 65 9 17 96 111
 26 100 16 50 94 58 51 18 106 111 7 4 30 49 1 8 9 10 0 0
 38 78 0 0 1 0 87 111 10 3 26 58 26 5 28 111 56 7 31 80
 111 46 39 20 12 11 3 78 9 42 28 4 39 79 0 1 11 10 15 36
 26 41 26 44 11 16 25 30 41 16 44 51 12 33 67 72 23 0 1 20
 69 77 16 11 14 13 0 18
0 3 426 237
91.216260 94.623881 1.555423 1.008923
 1 0 4 60 102 2 2 9 0 17 73 52 24 5 12 3 10 121 64 0
 1 9 5 0 50 121 2 0 5 28 4 1 6 1 1 105 121 1 0 2
 46 4 1 14 35 25 34 41 36 40 4 2 51 81 19 10 121 86 0 0
 8 6 0 12 14 4 2 118 33 7 7 1 91 44 14 20 11 4 5 9
 26 7 9 32 71 19 8 66 121 1 0 0 10 3 2 121 2 0 0 5
 6 35 116 16 10 11 5 2 0 16 121 33 8 2 4 5 1 0 59 121
 24 1 5 5 9 4 4 121
0 3 498 452
126.998417 201.970670 1.493209 -2.816879
 0 11 121 6 2 12 11 1 0 11 121 3 0 5 6 5 0 22 121 3
 0 5 6 3 0 25 121 3 0 1 5 3 7 2 13 7 27 109 65 24
 24 5 27 3 14 60 69 86 10 8 32 3 15 85 89 48 11 14 23 3
 22 35 63 54 16 15 20 115 46 16 3 4 121 33 9 36 35 16 7 23
 42 16 2 8 121 50 11 12 22 37 22 62 44 10 5 10 30 12 51 121
 1 0 0 2 121 36 17 37 5 1 0 5 26 7 29 121 62 17 0 0
 10 11 61 103 8 2 0 0
1 3 220 119
98.433702 95.261057 3.135864 -0.537176
 23 1 25 45 5 0 8 73 8 87 113 32 1 0 19 33 10 103 25 8
 113 55 7 10 2 19 10 7 112 42 20 43 22 3 9 54 58 43 20 8
 30 64 38 27 14 56 40 6 113 111 11 3 27 44 20 29 28 3 4 9
 31 97 92 95 5 31 21 1 13 50 26 1 14 36 20 0 2 113 82 13
 113 31 4 8 2 25 43 64 32 15 16 107 30 14 14 8 0 8 10 1
 20 113 0 0 2 85 23 0 6 36 5 2 19 62 74 20 0 2 10 22
 6 3 34 86 15 0 0 2
0 2 449 631
102.678427 291.517220 1.271488 -2.291816
 6 2 66 59 0 0 0 29 3 13 73 116 5 0 0 1 19 113 54 17
 0 0 0 0 4 92 50 0 0 0 0 0 5 3 59 46 9 11 19 11
 10 20 26 70 103 7 2 5 113 94 24 15 12 4 1 8 18 61 34 5
 16 12 1 2 1 0 0 0 22 116 116 9 11 1 0 6 116 102 26 17
 116 25 3 3 14 12 24 43 18 20 4 7 24 17 4 5 1 2 1 20
 79 107 30 0 5 0 0 8 101 102 80 49 11 2 0 0 1 23 116 58
 4 1 0 0 1 45 116 18
2 2 100 159
78.889939 293.231805 5.526861 1.145370
 8 29 32 63 17 13 8 7 22 83 31 1 3 5 86 58 5 28 9 0
 0 0 105 57 1 0 0 0 0 0 42 37 2 28 37 20 8 83 20 0
 28 140 123 5 16 75 5 4 140 140 34 0 0 3 5 24 18 1 0 0
 0 0 39 40 19 14 20 4 5 79 21 6 71 17 4 2 43 140 16 21
 140 43 2 1 10 22 6 41 48 8 10 13 0 0 10 18 8 1 0 1
 40 64 9 11 33 9 1 29 107 21 4 21 140 113 4 16 37 3 0 1
 41 31 11 30 7 0 0 0
1 3 215 179
92.512501 154.685441 2.981773 -0.102452
 1 16 109 45 0 0 23 6 6 8 109 84 10 0 17 3 20 26 109 25
 7 5 10 21 38 60 87 24 18 7 3 3 47 53 88 23 3 3 1 3
 48 34 26 54 84 7 0 4 90 102 19 20 32 11 5 26 88 47 7 20
 74 21 2 3 69 8 3 0 2 56 48 84 47 5 0 8 78 109 31 51
 109 31 2 3 15 41 36 63 27 30 3 3 31 108 55 26 10 4 41 4
 0 35 55 62 7 4 65 10 9 101 46 35 19 4 56 4 1 29 81 74
 7 2 65 17 1 28 38 29
0 3 429 370
92.509374 160.987060 1.653700 1.143907
 0 0 46 117 3 2 9 4 15 14 89 20 0 5 11 13 33 4 26 21
 1 24 45 79 36 41 1 1 7 72 28 6 56 1 5 14 5 22 42 60
 55 1 0 0 1 117 60 35 117 22 1 1 7 39 27 85 24 9 2 10
 67 117 18 11 117 6 0 0 6 43 33 50 55 2 6 27 21 117 30 23
 104 51 74 39 9 26 14 16 8 16 91 117 37 18 2 1 18 2 2 31
 32 40 75 28 11 1 43 117 29 7 3 9 1 2 80 79 3 2 21 38
 0 0 39 32 0 0 75 70
0 1 427 534
91.493827 242.973633 1.003638 0.084162
 122 15 3 0 0 1 3 42 9 29 22 2 30 83 10 6 11 3 2 0
 31 122 86 12 121 19 0 0 0 17 76 40 122 82 1 0 1 12 3 6
 21 33 17 2 14 62 11 5 83 23 4 0 2 34 79 40 24 3 0 0
 0 66 122 27 122 95 0 0 0 3 17 31 88 36 0 0 2 71 67 17
 77 4 2 2 2 18 69 66 27 6 52 22 5 25 13 10 55 41 7 16
 18 14 50 31 83 122 8 3 0 2 13 5 16 37 2 13 43 9 31 9
 0 0 66 96 90 2 0 0
1 2 189 248
67.166476 223.807934 2.556424 -0.133559
 14 48 115 36 1 9 12 2 3 89 115 20 0 16 21 0 18 97 16 0
 13 55 10 0 0 0 1 1 21 23 0 0 10 33 40 8 8 30 115 66
 31 57 34 5 77 115 65 13 115 115 4 1 31 17 5 28 11 3 0 7
 70 12 0 0 20 115 73 4 10 10 21 27 46 64 22 6 59 103 92 36
 77 2 1 43 22 16 72 99 5 0 0 45 49 0 0 2 73 35 6 1
 0 1 60 85 66 28 4 37 9 2 50 56 4 1 5 98 10 1 9 4
 1 0 1 40 17 1 2 3
0 3 519 664
137.524785 308.199980 1.606250 3.070837
 1 0 4 4 0 3 84 74 1 1 9 17 3 13 79 26 1 1 19 27
 6 20 41 29 25 10 17 17 2 9 35 18 0 2 13 57 31 20 61 10
 20 21 39 72 9 10 7 4 101 34 10 3 2 21 70 95 14 10 7 11
 79 86 115 55 4 21 41 107 64 8 5 5 54 9 20 40 10 2 20 34
 115 90 44 2 0 0 24 64 11 29 74 57 90 24 55 39 16 7 3 4
 13 23 88 63 7 0 0 0 2 9 115 115 20 11 8 0 0 0 115 115
 0 4 14 6 1 1 115 60
0 3 464 525
109.850262 238.644213 1.463689 1.407042
 105 35 13 9 6 16 21 63 32 28 43 46 20 10 61 70 2 3 43 45
 29 29 42 4 0 0 4 9 97 115 57 3 31 50 21 0 0 114 27 2
 15 52 115 59 7 39 11 1 115 31 77 35 6 4 7 57 18 2 13 63
 73 35 54 38 1 1 0 0 0 89 46 0 12 2 8 4 12 115 44 4
 115 80 34 11 8 62 11 21 21 28 54 103 115 8 4 11 12 2 0 0
 0 5 3 1 0 0 0 0 9 90 9 0 2 12 15 4 4 115 46 0
 12 11 30 31 8 82 29 2
1 1 208 120
86.248346 95.737299 2.096327 1.164298
 0 7 44 68 29 1 10 13 8 118 71 9 0 12 20 2 19 49 1 0
 13 114 22 1 0 0 0 0 23 67 3 0 12 4 11 100 71 8 13 10
 65 109 22 5 23 38 18 11 118 100 0 0 46 38 1 13 4 0 0 0
 111 61 1 0 42 16 7 39 8 16 38 14 56 9 5 12 38 18 32 118
 118 4 0 4 64 9 7 118 3 0 0 4 117 33 26 1 2 1 4 10
 2 54 118 18 8 13 40 7 0 2 87 118 6 4 53 32 39 16 13 84
 0 10 42 11 21 23 42 2
0 3 491 732
123.557677 341.831999 1.630026 2.241711
 8 8 61 55 18 10 2 20 0 67 72 13 17 43 9 0 33 11 15 9
 32 66 11 53 55 1 1 78 24 0 1 52 2 42 29 31 23 66 18 2
 13 68 50 4 11 114 18 4 114 39 22 21 21 8 8 47 21 2 1 114
 114 0 0 17 59 92 19 8 19 25 4 13 64 27 10 25 7 101 66 20
 61 5 51 109 26 20 48 38 12 5 13 114 112 0 0 0 32 2 0 8
 15 8 17 78 37 5 25 114 49 2 3 21 1 0 114 114 19 1 1 0
 17 10 36 69 4 0 0 0
0 1 515 567
135.503974 259.286620 0.971778 -2.921663
 15 0 0 2 19 8 10 35 6 1 1 4 4 23 58 31 34 11 1 0
 0 3 22 134 20 10 0 6 6 5 27 96 11 0 0 0 3 42 86 52
 16 5 1 20 22 32 45 36 134 23 1 8 4 4 13 79 32 7 2 92
 34 2 6 28 6 57 61 0 0 43 63 4 3 12 44 4 9 79 99 15
 59 6 44 41 2 5 50 79 12 3 40 120 57 0 0 3 0 111 134 0
 0 0 0 0 0 64 134 7 0 3 9 0 2 8 134 107 0 0 5 2
 17 27 116 66 3 0 0 1
0 3 589 361
172.288892 156.693301 1.754416 -1.773349
 123 79 0 1 13 11 0 1 25 21 4 14 65 33 1 1 28 26 3 3
 91 41 1 1 85 22 0 0 38 33 8 13 123 123 2 5 10 0 0 0
 48 39 6 45 108 11 2 3 123 28 3 7 24 46 12 18 28 10 6 12
 20 60 35 31 123 123 8 11 17 1 0 0 99 38 0 3 31 53 29 18
 94 6 0 5 34 14 17 52 15 20 14 40 105 17 3 5 123 114 1 3
 38 6 0 0 123 81 1 7 12 8 3 2 16 43 25 20 24 6 2 3
 12 17 4 1 44 37 33 18
0 2 512 587
134.102748 269.606956 1.211588 0.054196
 0 2 3 0 0 30 125 5 8 4 2 0 0 19 97 64 30 3 1 0
 0 0 87 125 3 1 3 2 0 0 125 87 0 5 39 9 16 86 125 0
 42 3 4 6 73 114 55 20 125 29 7 11 7 4 14 85 19 8 76 91
 12 0 37 25 4 20 92 49 11 2 0 0 32 19 24 12 63 40 8 16
 125 10 1 8 35 11 5 54 15 3 15 60 125 1 0 2 19 8 10 21
 7 3 3 2 49 26 10 5 1 4 3 6 97 43 5 4 31 1 1 15
 9 3 0 4 125 2 0 0
0 3 470 501
113.102088 226.686855 1.528196 -2.823802
 0 0 43 43 1 9 17 5 24 10 48 32 1 12 11 18 24 15 17 7
 10 32 48 37 0 18 25 6 40 41 9 0 31 6 3 6 17 36 55 56
 32 39 12 19 122 64 24 7 131 104 8 9 57 11 6 11 6 4 12 39
 131 16 1 0 38 23 8 33 28 3 1 12 57 6 5 93 131 4 0 5
 131 11 1 12 80 0 0 25 10 1 2 38 131 0 0 1 4 15 60 100
 11 0 0 2 74 19 8 131 37 0 0 3 131 39 14 32 47 0 0 13
 3 0 3 54 131 0 0 4
1 2 211 112
89.146354 88.351463 2.596055 2.160019
 0 10 17 1 0 29 87 4 3 30 23 5 0 12 100 12 1 51 40 1
 3 22 19 1 0 69 57 1 3 4 0 0 1 44 120 19 24 21 21 5
 10 46 120 50 4 11 33 4 59 73 48 6 25 48 8 3 2 26 31 8
 66 31 0 0 3 8 25 8 82 120 26 18 40 17 35 22 31 22 42 68
 120 26 5 10 53 11 8 120 4 0 1 19 120 14 0 3 28 56 8 3
 13 107 100 5 4 1 5 32 7 45 120 84 13 0 5 120 40 1 26 99
 0 0 0 51 62 4 0 0
1 2 205 194
82.707156 170.351306 2.610368 0.052702
 0 4 18 1 0 0 62 9 0 5 18 1 0 0 81 16 1 8 6 3
 3 1 81 30 0 0 18 60 8 1 23 33 6 37 123 12 2 2 22 23
 10 51 123 32 13 9 26 9 83 118 59 27 45 2 17 8 12 4 14 123
 123 2 6 14 50 70 18 11 10 6 21 50 50 22 23 41 110 32 20 14
 123 24 5 7 84 6 0 31 73 1 0 7 123 10 0 16 48 44 5 4
 7 6 5 45 39 23 6 21 85 39 6 10 123 92 34 23 40 7 3 8
 61 10 16 45 109 4 5 6
0 2 510 712
132.860520 331.754430 1.328850 -1.281759
 31 80 20 16 50 4 22 17 8 47 68 12 1 27 86 13 27 47 21 10
 11 3 45 73 8 5 2 63 114 1 2 18 1 69 24 11 78 49 22 0
 24 114 103 3 0 6 23 8 114 72 19 13 39 0 1 24 28 3 1 61
 114 0 0 7 0 12 44 26 31 55 42 0 35 47 25 0 0 17 91 60
 114 27 1 22 81 3 10 114 28 1 0 49 114 1 0 6 0 11 36 12
 17 58 39 0 47 83 30 0 0 19 29 11 86 74 6 32 73 0 1 14
 11 0 0 29 113 1 0 7
1 1 302 223
179.933849 199.256921 2.017048 -0.169857
 38 80 42 0 4 2 53 35 14 16 12 29 98 52 42 8 3 1 73 37
 19 27 107 53 0 0 46 18 0 0 115 78 68 49 23 7 1 1 19 49
 31 29 53 92 33 36 13 8 115 49 19 14 5 15 70 90 46 10 20 1
 0 0 108 86 8 18 17 4 0 3 39 73 8 7 29 27 12 55 83 39
 115 36 79 25 1 7 32 62 27 23 115 45 0 0 0 1 1 10 105 6
 0 0 7 15 0 9 115 26 1 3 5 3 0 2 77 71 8 2 2 1
 0 0 83 39 3 2 4 0
1 1 303 174
181.219223 150.251599 1.893891 1.407352
 123 50 0 0 0 0 0 1 72 37 39 23 27 6 0 0 3 2 20 21
 123 110 11 3 46 2 0 0 53 67 31 62 123 54 4 3 1 0 0 4
 59 54 105 114 36 7 0 2 86 59 66 32 30 41 19 10 10 1 7 9
 32 49 43 39 123 10 0 1 2 2 0 26 80 11 5 22 57 94 21 25
 123 26 9 21 30 22 16 64 18 15 30 74 70 4 0 4 99 3 0 0
 0 0 1 38 67 11 8 41 54 19 4 5 27 90 49 42 44 6 3 6
 27 20 7 16 60 23 6 18
0 1 457 520
106.506002 235.975737 1.029307 0.742054
 11 4 0 0 5 4 59 96 12 7 3 16 56 87 44 25 2 0 0 4
 42 100 72 100 1 0 8 28 14 3 33 113 5 7 2 4 47 33 5 9
 18 13 13 95 40 4 0 1 112 4 2 19 26 12 15 86 10 0 4 48
 113 52 11 28 0 2 15 71 73 29 0 0 27 28 15 113 56 2 0 0
 113 113 13 8 7 7 1 14 17 18 18 17 76 113 9 4 0 4 69 101
 7 0 15 4 6 19 13 82 12 15 58 6 42 113 38 3 0 9 33 4
 1 37 109 54 9 6 8 0
0 2 487 478
121.496652 215.236030 1.306136 -2.997617
 0 19 50 19 0 0 0 0 1 1 12 131 9 0 0 0 20 1 23 98
 0 0 15 67 6 0 24 11 4 53 97 53 0 74 64 23 15 26 2 0
 28 23 27 131 44 0 0 1 131 36 5 19 2 0 2 62 53 47 6 12
 31 31 26 37 0 21 28 18 131 60 1 0 53 27 47 43 40 0 0 7
 131 42 4 4 4 1 1 52 22 32 17 92 26 2 1 9 2 2 12 13
 131 30 0 0 21 54 48 12 23 1 0 1 75 131 82 13 1 1 0 4
 3 16 85 131 10 1 0 1
1 2 205 141
83.020053 116.599404 2.649780 0.404685
 2 4 0 0 0 60 36 23 1 3 7 1 0 6 73 66 1 4 3 0
 0 55 78 5 2 7 0 0 0 18 35 2 53 12 1 35 21 45 30 18
 17 44 85 125 24 6 19 25 117 101 39 9 2 54 47 9 8 6 13 16
 4 50 112 4 42 5 31 125 34 3 2 13 66 24 23 125 37 3 4 18
 125 41 15 68 13 3 3 32 25 50 64 125 33 5 7 1 0 1 8 64
 65 36 75 12 57 28 8 10 7 56 53 8 107 44 30 95 16 2 3 6
 15 16 8 102 40 16 13 4
0 3 415 538
85.431121 245.066502 1.448974 -2.135166
 120 20 1 0 0 0 5 68 18 32 27 28 5 21 37 17 25 44 21 13
 3 23 49 27 3 11 17 5 2 39 78 17 91 35 36 40 1 1 2 33
 13 40 120 120 0 0 0 0 77 120 81 29 0 0 0 5 6 53 67 28
 2 0 0 1 14 63 120 76 0 2 4 0 89 27 85 120 1 3 2 4
 120 69 27 15 1 0 0 33 9 11 27 120 9 1 0 3 0 3 13 5
 0 14 57 1 37 24 3 6 1 41 37 1 56 114 76 16 0 3 12 2
 0 5 61 114 6 1 12 5
1 2 269 354
147.421370 329.611262 2.475701 -0.681929
 33 3 2 27 10 0 3 54 33 7 21 88 1 0 4 30 36 11 12 56
 1 0 5 47 11 0 0 2 0 0 32 88 28 2 7 62 15 0 4 41
 16 22 60 148 16 0 0 3 148 79 35 14 0 0 0 29 77 1 0 7
 6 0 3 41 3 2 10 148 36 0 1 4 63 26 30 148 45 0 0 3
 148 62 7 5 0 0 0 29 76 9 0 15 14 0 0 7 0 0 15 148
 43 1 0 0 46 36 27 52 23 9 1 2 148 109 2 0 0 0 0 2
 67 24 0 3 8 0 1 4
0 2 507 630
131.421043 291.178737 1.348505 0.300934
 2 3 2 0 0 10 93 36 0 2 10 5 0 0 79 72 0 7 10 0
 0 14 75 23 0 0 0 0 0 8 26 22 7 123 56 22 4 3 27 11
 9 42 96 123 27 1 22 13 108 117 75 19 1 9 16 12 16 5 13 3
 0 11 54 20 19 123 45 33 13 1 5 15 64 42 43 123 45 0 0 4
 123 72 72 42 3 0 1 20 24 17 123 71 0 0 9 11 7 3 1 9
 51 24 71 67 49 7 2 27 81 11 6 22 72 33 48 52 12 9 3 17
 84 10 54 38 2 4 13 79
1 3 219 135
97.006055 111.416547 2.936770 2.774718
 0 0 2 9 0 0 57 55 4 6 7 10 3 1 68 89 8 16 9 20
 60 11 13 64 0 26 28 47 69 8 1 0 2 15 120 45 2 0 37 37
 11 48 120 120 11 2 16 13 49 120 53 52 75 13 2 6 1 21 8 42
 120 40 2 1 11 4 84 53 12 32 24 16 57 15 70 68 6 56 17 14
 120 44 8 6 14 38 5 34 8 3 4 5 37 120 36 5 117 19 5 3
 2 42 26 30 39 3 0 0 12 120 45 20 120 29 5 8 7 18 23 43
 7 6 36 46 16 19 9 1
1 2 330 29
207.861902 5.029388 2.829470 0.344998
 123 0 0 2 0 0 0 123 80 1 1 98 55 0 0 39 32 1 1 73
 59 0 0 48 30 3 0 0 0 0 10 72 123 51 35 23 0 0 0 99
 24 10 36 123 23 0 0 9 123 9 3 33 14 0 0 48 62 8 6 1
 0 0 1 45 94 123 81 9 0 0 0 0 50 35 94 67 0 0 0 1
 123 36 13 5 0 0 0 8 21 26 71 14 0 0 0 1 13 75 67 0
 1 7 5 3 113 83 56 2 0 0 0 14 80 70 25 0 0 0 1 4
 2 18 33 9 2 0 0 0
0 2 439 547
97.286145 249.657682 1.421908 2.932723
 0 0 1 4 10 2 0 0 1 0 1 101 69 0 1 3 27 22 6 65
 33 12 50 39 27 48 83 27 10 37 22 8 1 2 1 43 26 1 0 0
 39 7 1 114 119 1 4 13 119 19 1 11 11 36 74 97 20 4 3 6
 12 119 96 18 6 5 1 95 57 0 0 0 69 7 1 77 46 4 42 114
 119 18 4 6 9 5 47 119 17 6 34 43 39 56 9 5 12 6 3 66
 64 0 1 16 119 22 3 12 13 2 10 113 32 32 63 22 19 10 14 39
 0 13 66 47 48 7 2 1
1 1 206 232
84.270260 208.479664 2.013784 -2.009383
 11 28 24 12 1 30 39 2 4 3 8 13 1 28 97 1 0 4 9 4
 0 54 60 0 0 0 0 0 0 33 41 0 101 117 48 43 9 0 2 1
 30 40 98 121 1 4 11 1 111 85 61 34 0 16 18 5 15 8 33 52
 2 33 52 2 28 69 65 36 18 7 6 4 72 20 90 121 1 1 3 45
 121 34 30 99 1 0 0 36 27 20 61 121 3 0 0 19 10 4 7 11
 20 20 14 23 33 3 4 17 15 6 26 121 28 5 12 121 26 1 5 46
 34 0 3 62 2 0 0 121
1 1 259 274
137.169930 250.388332 1.905446 -2.863427
 43 100 30 0 0 0 5 33 36 48 27 6 0 0 0 11 10 45 29 1
 0 0 0 1 8 7 6 11 33 26 4 3 44 9 29 27 2 0 31 104
 34 39 77 134 16 0 0 23 115 134 44 14 0 0 0 3 36 27 1 0
 0 10 6 5 17 50 134 40 0 0 4 16 73 20 80 134 11 0 11 55
 134 33 4 6 0 0 1 70 69 13 0 0 0 0 0 14 35 24 48 0
 0 0 21 134 35 5 6 0 0 0 101 134 69 0 0 0 1 3 28 113
 45 4 1 0 0 0 0 13
1 1 197 240
74.952061 215.678006 1.940334 -1.662161
 36 62 91 6 0 1 20 23 97 52 15 1 4 33 4 25 2 3 7 2
 9 106 9 1 0 6 2 0 0 34 5 0 34 3 1 10 7 4 116 104
 59 19 80 116 18 4 15 56 71 72 75 22 2 39 7 6 11 3 4 3
 0 86 37 3 58 31 11 116 43 2 22 17 52 20 17 116 69 1 3 4
 116 80 72 28 0 0 1 17 24 27 116 63 0 12 7 3 24 18 13 115
 34 1 2 4 15 14 5 56 37 12 21 6 21 46 112 21 8 4 9 10
 57 17 76 29 0 0 2 59
1 3 210 306
87.561658 282.142782 3.138090 2.344652
 62 47 2 8 17 2 0 0 28 17 2 11 122 17 0 0 26 75 12 7
 40 1 0 10 26 39 21 5 4 10 5 20 81 19 3 14 15 5 5 45
 37 11 5 91 122 4 1 7 122 10 3 25 36 0 0 70 55 1 0 0
 4 28 17 119 28 2 5 40 25 10 21 79 18 7 9 122 122 8 2 9
 122 44 4 16 19 0 0 19 122 12 0 0 2 8 2 29 1 0 20 118
 51 5 14 11 11 4 7 118 50 9 38 33 122 21 3 6 0 0 14 122
 86 5 0 0 0 1 0 41
1 2 276 130
153.573402 106.060463 2.331609 1.604354
 13 0 0 0 1 10 47 15 0 0 4 23 20 52 53 1 4 8 11 12
 6 48 55 2 1 0 0 0 0 111 70 2 57 2 0 6 20 1 2 6
 9 11 24 153 162 5 1 1 143 69 43 53 18 1 5 20 27 2 0 0
 0 31 41 18 42 9 1 5 40 3 4 3 34 5 2 43 162 0 0 0
 162 13 2 11 58 1 3 38 60 0 0 0 1 44 19 25 5 4 25 36
 46 21 5 1 30 1 14 41 162 1 0 3 162 0 0 0 43 1 0 36
 62 0 0 0 2 38 4 15
1 2 214 224
91.958937 199.572268 2.389539 -2.572250
 0 0 0 0 0 6 59 14 0 0 2 3 1 9 84 24 0 1 4 1
 2 76 50 0 0 0 1 0 0 44 56 2 4 52 38 31 9 1 50 20
 6 34 41 122 62 5 37 13 78 78 49 33 7 29 26 7 12 2 7 36
 17 27 75 10 35 120 49 97 28 0 0 1 55 66 22 122 122 0 0 3
 122 28 7 36 29 0 1 31 32 1 7 122 105 2 2 10 68 20 7 28
 9 4 5 31 72 16 4 27 96 10 0 15 122 36 20 63 22 0 0 13
 26 2 5 122 59 0 0 36
0 1 511 759
133.254014 355.529391 0.919279 -1.431478
 23 32 7 0 1 16 32 13 2 0 5 9 13 83 24 1 4 1 8 4
 3 19 34 33 4 0 0 42 37 2 9 34 123 60 9 6 15 4 2 24
 19 16 21 93 90 26 4 3 89 43 17 18 18 6 17 23 8 1 0 78
 123 3 8 8 123 66 32 9 22 6 1 38 26 11 27 51 123 43 3 13
 123 15 1 18 44 7 1 38 9 2 0 86 123 0 0 1 20 123 123 6
 1 0 3 6 65 38 84 35 14 0 0 65 56 1 0 15 71 7 5 87
 3 0 0 55 123 1 0 3
2 2 123 143
124.055673 261.902445 5.347818 2.604772
 0 5 127 30 3 6 2 0 0 6 127 48 7 8 3 0 24 75 62 15
 7 9 17 19 7 15 3 55 27 0 9 18 5 12 92 14 16 6 21 18
 17 21 127 105 52 13 6 4 127 104 70 27 5 2 2 13 42 10 2 48
 77 1 0 1 1 0 0 10 100 32 72 28 28 5 5 27 108 72 85 26
 127 41 6 10 12 20 38 54 36 15 3 33 71 20 7 4 2 1 9 104
 75 6 5 3 44 22 5 48 46 9 10 9 50 105 13 35 27 6 5 10
 18 76 30 35 21 9 4 6
0 2 498 759
126.845707 355.297714 1.267781 -1.486724
 0 0 11 44 1 0 0 0 1 2 44 26 0 0 0 1 4 5 47 7
 0 9 16 8 0 0 40 15 3 23 10 2 10 6 12 45 14 0 1 4
 13 32 76 116 30 1 1 3 116 114 47 15 12 12 14 15 22 12 7 31
 43 39 16 8 72 29 3 47 86 1 0 2 44 22 25 116 116 5 2 14
 116 116 56 15 23 3 0 27 51 26 34 37 81 13 0 13 108 9 0 8
 82 57 5 30 3 16 27 32 113 116 27 0 33 116 98 5 2 12 48 27
 97 42 45 10 10 2 4 85
1 2 173 230
50.582850 206.466404 2.373208 0.397428
 12 1 0 0 0 0 3 25 8 3 7 1 0 1 39 58 0 11 9 0
 0 47 58 7 0 10 15 0 3 34 3 0 5 1 1 4 11 2 44 72
 13 22 67 116 51 2 9 40 88 117 66 21 8 38 11 9 13 4 0 0
 48 86 1 2 2 79 115 45 33 2 14 18 37 31 28 117 117 7 2 4
 117 117 46 14 13 5 1 25 24 48 54 3 37 63 2 4 22 103 63 37
 4 1 1 10 41 66 15 18 53 42 49 10 19 94 60 0 8 71 97 4
 15 117 94 1 10 26 5 0
1 2 223 179
101.061263 154.583180 2.629398 -2.647134
 34 100 28 3 2 36 28 1 3 12 36 12 2 89 66 0 0 17 16 0
 0 93 34 0 0 38 35 0 0 26 6 0 113 67 23 24 31 5 0 25
 15 77 113 74 66 14 4 0 76 113 45 3 3 72 27 3 9 5 9 7
 2 113 53 1 38 9 23 34 53 37 16 53 41 14 33 90 86 13 3 30
 113 56 36 59 5 1 2 48 41 52 94 88 3 22 8 1 10 13 50 39
 47 47 15 9 27 1 5 30 40 15 25 92 33 4 17 113 29 5 7 41
 78 35 27 63 5 2 1 2
1 1 266 385
143.666159 360.680558 2.073393 -2.245392
 7 0 0 1 1 3 37 55 6 3 31 15 1 0 21 65 2 21 45 5
 0 0 14 17 4 9 2 0 0 2 7 2 1 0 0 20 49 5 26 50
 10 17 89 133 104 2 2 4 133 122 94 33 5 0 0 5 57 15 0 0
 0 0 3 14 0 0 0 41 87 12 6 5 40 5 7 54 133 123 6 9
 133 48 7 9 22 26 4 27 114 20 0 0 0 0 5 21 0 12 20 25
 17 12 13 1 8 5 7 7 60 133 10 3 117 73 0 0 13 123 8 7
 81 101 0 0 0 1 0 1
1 2 189 248
67.166476 223.807934 2.556424 -2.893577
 4 0 0 0 0 0 12 51 2 2 6 2 0 0 39 63 1 6 16 20
 15 2 46 64 2 16 69 44 40 1 7 30 33 0 0 4 7 0 0 58
 15 20 62 118 57 0 8 48 64 97 93 52 52 29 8 13 6 12 79 49
 85 117 3 2 74 6 0 3 32 5 0 14 40 11 7 64 118 68 2 6
 118 114 53 12 20 30 7 17 16 28 82 20 62 118 4 4 30 32 1 0
 6 5 0 0 10 37 4 0 49 118 30 0 9 42 33 0 7 99 118 1
 20 26 71 6 22 53 31 2
1 3 305 377
182.969182 352.623950 2.878298 -1.677048
 4 0 0 0 2 6 65 51 0 4 20 10 3 4 68 22 1 18 15 1
 4 26 51 8 0 0 0 0 52 98 7 0 25 0 0 6 38 16 4 23
 8 29 78 110 133 20 1 1 121 134 65 17 11 7 1 4 21 6 0 0
 74 71 1 2 53 0 0 0 40 31 2 12 23 6 4 15 134 134 5 9
 134 32 4 4 30 28 7 48 55 1 0 0 49 59 3 14 66 0 0 0
 14 17 2 10 12 0 0 0 134 125 4 5 134 16 0 0 38 34 5 24
 66 3 0 0 41 27 0 6
2 1 112 158
102.564541 291.136956 3.616669 -1.110993
 93 12 48 114 8 1 0 43 90 8 12 49 1 0 9 114 11 3 47 79
 0 0 4 38 14 3 34 8 0 0 3 76 114 13 2 8 28 32 5 76
 89 19 15 86 58 3 0 29 114 38 16 37 8 0 0 26 93 1 0 0
 0 0 0 98 114 16 0 2 57 33 2 20 84 15 2 17 73 84 4 13
 114 29 1 4 15 31 5 20 114 46 3 2 0 0 0 20 63 21 0 1
 27 38 30 6 75 60 3 0 10 64 10 4 33 41 6 7 20 75 10 3
 55 112 8 13 3 0 0 0
1 2 246 210
123.806166 185.799481 2.368332 -1.632968
 29 106 44 1 9 16 2 22 32 130 107 4 1 1 3 32 18 64 54 17
 29 24 1 8 130 20 3 4 5 7 0 29 14 11 6 0 33 51 13 19
 121 73 12 0 0 1 16 130 42 41 26 4 0 0 49 130 104 11 3 1
 0 0 3 112 34 7 0 0 87 22 0 3 130 43 0 0 0 0 2 38
 97 27 9 4 2 0 14 47 25 85 39 5 2 0 1 13 21 5 0 2
 107 12 0 0 130 39 0 0 2 0 0 0 97 19 3 11 20 0 0 0
 25 39 25 24 34 0 0 0
0 2 494 540
125.132461 245.942986 1.324304 2.147437
 0 84 39 0 0 23 16 0 1 48 46 1 0 25 22 0 3 50 34 3
 0 5 10 1 1 21 1 0 1 1 0 0 44 135 86 0 0 3 4 21
 132 131 14 2 2 31 48 26 15 17 3 11 25 66 48 8 25 21 0 0
 3 4 1 7 135 121 10 0 0 1 5 135 135 68 52 14 1 1 1 98
 18 8 40 53 24 10 1 23 14 0 0 2 3 1 1 42 123 135 14 3
 0 0 0 8 104 135 34 1 0 0 0 9 48 11 8 1 0 0 0 52
 2 0 0 0 1 1 1 21
0 1 440 604
97.828527 277.955718 0.987690 -0.808426
 40 18 4 7 0 3 28 31 138 98 3 0 0 0 2 58 34 120 39 0
 0 4 29 21 1 20 20 29 96 47 20 0 81 22 13 31 2 0 0 4
 138 43 1 0 0 0 7 83 43 49 13 0 0 0 53 79 7 13 9 26
 114 23 9 26 118 13 8 15 4 3 3 43 138 36 0 0 0 0 1 59
 87 29 1 5 4 0 15 34 1 1 2 59 138 3 3 7 68 12 0 0
 1 9 14 51 138 66 0 0 0 0 0 44 86 15 0 7 14 10 1 20
 0 0 0 31 98 38 3 0
0 3 416 528
85.840905 240.203337 1.530872 -2.098634
 15 21 61 87 1 0 0 5 46 110 91 62 0 0 0 2 22 79 70 9
 0 3 4 3 1 22 29 87 56 4 5 2 20 15 120 122 1 3 2 0
 122 71 41 38 0 0 0 35 52 30 41 111 4 1 1 15 0 21 67 122
 12 0 1 0 15 5 9 10 1 49 51 1 103 122 54 5 0 16 24 5
 9 38 122 122 4 1 16 5 0 3 13 111 16 4 52 14 0 0 2 1
 0 33 44 1 2 8 6 0 0 28 83 4 0 3 12 5 0 0 84 22
 0 0 0 1 0 4 60 16
1 1 201 236
79.182691 211.768275 1.939846 -1.662654
 82 18 27 28 3 2 19 66 22 37 70 23 5 52 5 2 8 8 1 0
 0 103 25 1 0 2 2 0 0 36 22 0 13 6 23 121 63 3 18 18
 121 81 63 58 4 1 0 16 69 27 86 48 1 35 22 10 7 25 40 11
 3 75 23 0 16 9 4 121 64 5 11 3 97 95 113 25 7 3 4 6
 49 43 121 96 0 0 0 29 121 54 49 12 0 7 2 52 5 7 11 26
 23 9 15 10 3 4 27 10 26 13 52 44 48 6 32 13 1 0 41 121
 61 9 77 65 0 0 0 53
0 2 525 541
140.490183 246.676503 1.252642 -2.501322
 22 33 48 44 6 11 21 18 12 57 18 1 7 46 3 1 28 50 2 0
 0 11 5 4 6 22 11 10 8 1 1 3 46 88 140 140 5 0 0 5
 140 140 33 4 2 16 10 16 50 7 1 6 7 33 24 21 27 2 0 1
 14 24 10 24 117 13 14 78 11 0 0 140 140 23 5 24 1 0 0 140
 64 17 14 55 7 4 1 12 62 18 1 0 1 10 2 9 83 0 0 3
 2 0 4 140 55 0 3 43 8 0 0 112 44 2 2 21 0 0 0 66
 20 11 0 0 0 4 3 20
0 3 419 555
87.348372 253.273544 1.732731 2.386783
 10 6 1 4 111 13 0 5 119 64 5 3 22 4 1 52 29 14 13 73
 65 19 0 9 0 3 85 69 33 21 2 0 7 27 8 8 108 16 0 1
 119 82 6 4 38 9 2 25 40 21 14 64 52 90 8 13 0 0 40 45
 53 119 6 0 7 64 15 10 44 6 0 0 70 119 45 8 51 16 0 5
 15 76 119 58 8 8 0 2 1 11 116 63 51 72 3 0 49 26 0 0
 4 6 1 13 8 13 21 5 47 98 4 6 0 14 119 20 19 57 15 2
 0 6 103 28 1 1 24 13
0 3 514 727
135.170775 339.514081 1.500349 1.603452
 55 4 0 0 21 16 6 30 128 22 0 5 41 17 0 0 6 1 5 25
 89 88 42 1 11 15 19 5 1 43 85 5 37 1 0 0 80 32 14 9
 128 13 0 6 25 19 3 10 20 2 29 69 35 76 46 10 2 2 96 46
 12 37 69 8 33 0 0 5 128 11 1 0 128 19 3 25 44 5 0 5
 16 5 28 128 101 36 31 4 0 1 93 46 5 24 103 3 31 0 0 22
 106 0 0 0 128 3 0 9 34 13 1 21 11 2 25 49 89 45 23 8
 4 37 87 13 2 11 64 6
0 3 480 439
117.791767 195.336426 1.709057 -0.518010
 0 0 2 76 40 0 0 0 29 3 9 69 24 0 4 28 36 5 19 10
 6 73 69 59 86 0 6 8 8 59 11 47 0 0 4 39 28 0 0 0
 104 34 1 14 70 2 0 13 132 53 0 0 3 116 39 45 89 5 0 0
 4 132 57 28 0 0 1 4 11 14 29 21 82 3 0 1 35 57 41 50
 132 69 18 0 0 15 11 65 19 76 36 5 7 123 29 5 0 0 0 0
 0 13 71 94 36 3 0 0 16 113 60 27 126 52 8 1 4 20 29 41
 6 41 38 35 37 21 23 6
2 3 98 148
74.224115 272.500685 6.162417 2.109494
 56 82 21 4 6 4 14 19 5 55 66 27 35 32 4 0 7 26 9 52
 101 34 1 0 10 54 3 2 11 10 12 4 10 24 21 27 50 3 5 5
 125 55 36 23 23 27 20 33 15 8 3 21 37 135 40 12 18 52 1 0
 0 49 17 3 11 9 3 35 94 12 19 15 135 46 3 15 25 9 20 113
 65 2 0 0 0 135 53 34 5 1 0 0 0 135 97 18 14 1 11 28
 27 6 42 135 40 0 0 0 4 9 97 135 11 0 0 0 0 60 37 31
 1 0 0 0 0 59 60 13
0 3 440 539
97.959903 245.356999 1.626521 2.822652
 0 0 1 49 41 0 0 0 27 37 11 65 54 1 7 12 31 65 114 14
 4 11 23 20 10 29 43 32 68 14 7 0 4 1 0 57 106 1 0 1
 81 13 3 31 41 21 71 85 30 23 33 11 8 114 114 31 38 26 13 55
 90 34 23 12 15 2 0 75 88 1 3 24 114 14 1 10 16 5 15 114
 47 4 4 44 41 97 47 21 0 0 3 39 114 114 10 1 63 5 1 35
 44 0 1 36 101 21 18 14 7 3 4 95 3 8 52 94 49 2 0 8
 0 19 34 21 41 46 1 1
0 3 475 448
115.430554 199.962345 1.469086 -0.428762
 0 1 15 46 5 0 0 0 0 4 71 40 0 1 10 11 1 9 75 20
 2 6 9 2 11 0 25 34 0 0 9 42 13 1 2 62 31 0 0 5
 94 7 5 18 4 23 57 108 17 2 6 4 33 135 59 27 135 0 2 3
 6 21 9 113 21 7 0 15 59 1 0 2 135 44 0 2 6 12 10 43
 89 4 0 0 23 135 38 31 135 5 0 0 4 105 28 51 12 0 0 1
 24 38 20 20 135 18 2 0 2 3 5 90 78 75 19 0 3 82 9 15
 23 20 5 3 13 125 21 7
2 2 118 193
114.812361 362.804853 5.369333 -0.517839
 0 1 93 32 14 5 1 0 1 25 56 8 26 69 4 0 0 2 0 0
 41 129 4 0 3 3 0 0 19 127 20 2 8 16 129 62 4 21 5 3
 129 129 122 14 2 8 3 17 55 12 0 0 26 128 5 7 0 0 0 0
 26 129 22 5 8 2 11 8 10 129 104 39 129 26 3 1 0 2 58 129
 73 41 16 3 26 38 1 6 3 3 5 3 44 64 8 8 1 1 2 10
 11 40 57 13 18 10 4 1 0 1 45 44 13 24 37 6 3 6 31 11
 4 6 9 3 35 18 7 6
0 3 506 621
131.104565 286.437485 1.529173 1.306442
 35 29 31 10 0 0 37 37 120 62 2 0 28 42 4 8 7 1 0 0
 56 120 40 2 0 0 0 0 0 19 110 7 34 27 77 21 2 18 20 16
 120 61 19 3 4 12 5 23 30 12 9 0 18 120 28 8 0 0 0 0
 0 72 71 0 24 8 25 43 27 96 28 12 120 119 104 4 0 2 4 30
 73 120 78 1 2 39 9 30 13 5 0 0 14 94 20 2 1 2 33 64
 13 12 37 17 40 46 31 5 0 1 17 120 70 52 6 0 2 7 27 120
 9 2 0 0 19 44 8 10
0 3 440 539
97.959903 245.356999 1.626521 0.775033
 1 2 7 11 2 14 112 79 67 5 4 5 0 14 74 116 22 0 0 0
 10 35 52 67 1 0 0 0 36 91 58 44 18 9 14 46 83 50 27 27
 116 49 24 22 8 12 11 40 43 23 84 53 2 17 42 26 2 18 75 41
 16 39 25 14 12 23 27 53 77 54 12 4 80 98 58 36 19 14 31 13
 9 43 116 115 1 1 46 15 1 31 115 52 1 1 53 10 0 4 11 16
 4 6 93 12 1 6 4 4 2 5 116 21 0 1 3 3 0 1 115 45
 0 0 0 5 2 3 93 11
1 1 209 227
86.688726 203.279228 1.897839 0.298783
 28 16 0 0 84 59 11 6 89 57 2 9 55 15 2 4 19 4 5 16
 117 35 1 12 56 4 3 2 1 13 40 72 26 4 0 0 132 63 1 3
 132 22 0 0 32 42 10 18 49 0 0 0 41 132 32 28 132 1 0 0
 0 26 28 72 11 1 0 1 132 87 7 4 132 13 0 0 24 34 18 56
 82 2 4 9 5 132 55 27 42 1 16 25 1 25 48 62 0 12 20 3
 30 58 29 4 44 2 20 10 2 22 57 80 25 2 36 77 1 4 1 13
 0 0 43 43 0 1 1 1
0 2 538 609
147.065773 280.593378 1.204375 1.052974
 21 85 24 35 39 1 2 15 16 70 21 75 26 4 5 25 4 2 20 119
 33 12 0 1 36 14 11 21 0 0 4 45 27 69 11 12 89 85 1 0
 119 107 8 8 17 33 8 7 18 3 0 7 49 119 29 11 33 32 14 2
 1 21 73 28 19 1 0 0 119 119 3 7 119 11 0 0 20 24 4 38
 62 7 0 2 55 52 28 40 36 16 6 4 2 31 119 85 3 2 3 21
 119 44 1 3 80 104 24 17 23 8 2 19 29 73 17 23 35 0 0 3
 26 71 90 33 4 2 3 7
1 2 236 241
113.931487 216.533927 2.610438 0.140166
 0 36 97 16 0 0 1 0 11 6 44 79 0 0 0 6 27 1 36 32
 6 47 42 42 5 0 33 17 5 36 39 93 0 32 43 2 11 41 52 29
 85 18 46 29 2 42 44 21 122 17 2 2 41 73 27 55 86 11 2 2
 39 63 31 120 5 4 2 3 32 87 111 117 43 1 0 2 80 122 90 59
 122 32 4 3 22 40 23 53 43 36 15 8 36 44 16 25 7 27 41 20
 17 9 32 29 2 3 9 15 52 21 66 75 19 11 2 1 1 2 106 74
 1 3 2 2 4 2 55 56
1 1 201 236
79.182691 211.768275 1.939846 0.157757
 15 14 19 9 23 21 10 8 9 88 19 15 20 5 17 8 34 128 7 2
 7 4 14 4 18 53 4 11 85 64 19 1 26 7 11 9 113 44 2 8
 124 9 6 3 3 20 83 107 62 58 0 0 0 70 128 60 105 33 7 12
 1 25 38 49 46 5 0 0 26 128 40 14 128 26 0 0 0 42 44 69
 72 10 5 47 9 40 82 29 9 1 26 91 2 3 16 20 92 15 0 3
 0 74 44 14 41 2 10 26 1 41 70 60 20 3 12 106 12 0 0 10
 0 0 6 39 3 0 0 6
1 1 165 368
42.776239 344.484609 2.165261 -1.342582
 3 0 14 66 18 0 0 8 0 13 101 109 2 0 5 3 4 108 94 5
 0 2 5 0 10 55 10 10 13 0 0 0 10 1 5 112 112 27 1 3
 74 19 36 74 19 20 48 74 40 73 27 17 44 71 46 16 89 80 3 6
 20 2 0 6 6 0 0 8 70 112 11 3 59 53 40 15 13 112 60 15
 33 13 42 64 37 15 60 78 76 5 0 2 18 5 10 84 0 0 0 0
 7 78 22 3 0 0 1 0 2 107 112 3 1 0 1 1 2 12 112 79
 4 0 0 4 48 10 27 36
1 2 179 224
57.366686 200.082023 2.430101 -3.004361
 8 14 76 24 39 121 5 2 2 4 8 14 32 121 25 8 31 10 20 16
 14 22 28 101 22 1 4 10 3 1 56 121 18 28 105 14 20 70 58 1
 121 36 15 4 10 75 90 35 32 0 1 11 4 53 121 121 21 0 0 58
 21 0 11 83 17 7 0 0 121 121 53 13 121 13 3 8 23 23 29 79
 33 6 22 99 12 8 29 10 0 0 11 68 11 0 2 1 2 38 20 1
 22 56 35 7 15 1 15 36 17 16 50 51 2 0 3 50 36 1 0 2
 0 0 4 10 2 2 0 0
0 2 461 590
108.526089 270.986803 1.245828 -0.804230
 59 87 4 2 7 3 1 3 104 126 0 0 4 6 0 2 10 15 0 1
 31 107 14 4 0 0 0 0 45 126 6 0 39 35 1 1 35 37 2 6
 126 116 1 0 0 0 1 23 78 37 11 0 8 28 8 24 0 1 1 0
 83 126 3 0 18 3 2 3 32 91 10 10 126 126 27 4 3 3 3 16
 69 126 30 1 1 0 0 1 12 15 18 23 42 52 1 1 0 0 2 9
 102 75 0 0 20 95 26 18 35 15 1 0 62 126 20 0 0 0 0 0
 21 45 38 20 3 1 1 4
0 2 430 549
93.113262 250.372988 1.215479 1.989544
 53 106 25 0 8 21 2 24 40 118 51 2 3 1 17 25 13 16 7 18
 49 47 18 4 1 0 8 35 32 41 16 4 18 32 13 1 55 107 3 7
 118 118 21 0 3 7 2 35 75 32 30 57 19 19 8 11 0 0 3 102
 110 51 24 0 6 3 0 0 87 96 1 2 74 118 42 2 25 35 1 6
 94 118 58 22 3 2 11 15 10 2 1 27 29 47 74 12 0 5 11 1
 28 60 0 0 24 26 6 1 47 114 1 1 118 118 17 1 4 10 1 4
 13 39 42 41 27 1 2 3
0 3 479 469
117.333293 210.677896 1.571514 -0.735983
 0 0 2 49 22 4 0 0 0 10 6 33 26 12 11 9 14 112 26 1
 3 2 27 21 21 122 51 0 0 1 5 14 15 1 21 78 4 1 0 7
 84 1 2 24 1 5 70 122 14 1 0 0 3 116 122 56 59 22 2 0
 0 37 15 32 43 3 5 10 4 96 54 16 122 41 0 1 0 16 18 51
 59 14 0 0 9 122 48 20 37 5 0 1 25 122 30 6 57 25 0 0
 0 120 79 14 104 45 0 0 0 88 89 18 53 76 47 26 11 19 19 9
 17 2 24 57 57 27 3 11
0 3 514 744
135.218726 347.978989 1.480786 1.575781
 22 1 0 2 101 12 1 0 126 20 2 16 33 4 0 2 14 4 17 102
 81 28 22 3 0 0 59 36 5 16 84 4 31 1 0 20 126 0 0 0
 126 7 0 8 40 14 2 19 19 3 23 56 112 58 23 10 3 37 112 22
 6 10 68 8 39 3 0 43 123 0 0 0 126 25 4 25 33 1 0 3
 17 6 10 75 126 59 37 5 12 26 47 19 24 85 47 6 50 4 3 83
 56 0 0 3 126 5 1 7 13 5 0 17 36 1 0 4 30 29 22 19
 10 0 0 0 78 81 26 14
1 2 220 111
97.656114 86.663937 2.309546 -2.609406
 22 7 109 123 8 1 2 5 65 57 75 118 8 0 0 3 32 28 9 45
 106 4 0 1 19 0 0 13 54 2 0 19 14 6 63 123 31 21 4 5
 123 27 27 19 9 8 3 49 56 4 0 25 123 16 1 18 61 0 0 9
 36 2 0 54 11 17 29 19 36 48 21 7 123 72 7 8 8 5 10 39
 54 24 1 17 123 21 2 13 75 0 0 0 21 8 3 85 1 4 17 3
 6 103 123 12 48 6 9 22 2 4 82 89 31 4 5 40 29 1 1 24
 64 0 0 0 3 0 0 63
1 1 220 171
98.165464 147.337331 2.017070 -0.334725
 25 28 32 43 26 0 0 0 101 48 4 14 44 16 3 3 11 22 11 27
 124 29 1 3 43 55 48 2 2 0 0 43 31 22 20 14 11 45 8 3
 131 43 3 3 18 35 4 19 29 5 0 3 106 131 8 13 45 69 30 0
 9 27 16 34 31 1 0 0 9 131 45 18 131 12 0 0 1 43 32 72
 71 2 4 3 32 131 53 27 1 7 12 4 5 72 131 56 35 0 12 13
 2 76 49 25 37 3 42 16 1 28 68 73 23 3 89 61 2 16 10 16
 0 0 96 34 0 7 29 5
0 2 499 722
127.639739 336.950377 1.283933 -2.980029
 10 36 47 28 51 7 1 2 56 116 29 17 10 3 5 2 5 10 47 64
 40 7 8 1 6 35 92 41 9 0 9 0 43 5 1 52 116 3 1 7
 116 36 6 11 19 5 1 21 23 5 6 80 116 22 1 6 52 10 6 45
 47 0 0 7 30 1 0 60 97 19 11 31 116 50 26 20 5 2 45 47
 6 11 25 116 55 16 98 7 31 0 0 19 12 5 81 77 2 11 12 5
 25 42 55 73 4 2 67 14 0 2 109 84 0 2 96 4 1 6 116 9
 1 11 64 0 0 1 101 41
1 2 215 201
93.111187 176.869456 2.672719 0.058137
 6 23 71 16 22 14 17 11 110 74 43 15 31 3 1 8 36 9 4 61
 128 3 1 13 37 1 6 21 19 33 37 45 24 26 14 35 73 17 11 13
 128 27 4 13 61 5 0 27 94 7 4 20 128 11 0 10 128 5 0 0
 43 50 7 29 25 16 1 5 62 69 16 23 80 119 44 17 31 39 37 11
 54 27 43 75 86 5 50 31 128 19 5 7 17 11 10 34 7 4 41 3
 4 51 29 32 2 8 41 2 2 51 116 23 4 2 49 5 1 1 111 49
 21 1 41 35 0 0 19 34
0 2 537 596
146.398422 274.008264 1.259880 0.130824
 26 10 7 7 10 15 20 9 124 44 6 8 26 2 0 2 19 5 0 18
 124 3 0 0 30 38 20 7 27 1 0 1 11 0 0 3 93 77 40 5
 124 18 8 3 44 21 1 17 24 6 15 14 124 68 13 3 5 9 9 2
 16 30 94 18 2 0 0 4 67 124 12 1 41 31 74 32 50 90 3 4
 4 39 124 53 22 22 14 2 6 124 55 1 0 9 46 11 0 0 0 0
 7 110 9 0 0 0 4 8 37 124 39 0 0 9 27 8 6 98 124 1
 8 71 15 0 0 35 87 4
0 3 518 652
136.981678 301.861467 1.621554 0.011697
 42 67 47 33 0 0 8 10 2 3 111 60 0 1 12 14 0 0 111 102
 8 10 13 0 0 2 111 101 5 1 2 0 53 85 86 80 3 2 1 2
 111 29 89 61 2 13 46 67 8 4 47 62 111 88 71 17 0 1 29 42
 78 12 7 6 58 15 6 11 13 38 33 36 111 94 99 28 15 24 14 16
 9 35 111 109 78 23 6 4 2 4 3 12 44 24 31 30 38 37 19 17
 16 13 8 15 2 9 37 28 36 16 19 11 7 23 41 17 1 2 22 25
 2 10 38 11 1 2 10 12
0 3 420 652
88.082663 302.026975 1.766659 -2.116878
 60 23 7 7 12 21 12 29 120 71 1 0 1 2 2 21 17 10 0 2
 113 57 3 6 5 5 10 7 52 31 5 19 46 32 13 23 67 21 1 4
 120 107 12 2 0 0 0 25 49 20 38 64 61 47 4 17 1 1 15 45
 71 52 15 9 30 8 3 4 89 56 2 5 120 119 102 7 1 1 0 7
 69 57 120 67 4 0 6 36 16 8 5 22 13 55 78 45 0 3 9 33
 120 11 0 0 7 46 70 8 4 0 0 0 108 120 19 0 0 0 0 8
 34 90 26 15 5 10 5 9
0 2 516 716
136.109031 333.936755 1.268908 1.721497
 70 2 0 3 24 3 1 21 135 5 0 5 14 9 2 14 29 2 5 47
 74 99 11 7 0 3 34 13 8 36 51 0 49 0 0 0 71 10 1 33
 135 4 0 6 38 3 0 15 34 2 9 78 135 51 6 2 0 5 66 24
 15 39 36 0 36 0 0 3 113 9 3 16 135 2 0 2 29 7 2 29
 26 1 1 7 94 91 38 8 0 2 7 2 5 65 127 17 38 0 0 13
 104 1 0 7 135 3 2 18 12 3 2 35 16 2 35 128 29 28 13 6
 1 13 135 30 3 7 16 7
0 3 530 621
142.848761 286.746052 1.703071 3.037998
 4 3 9 11 6 25 112 41 22 18 12 2 1 5 112 112 12 20 36 7
 4 78 81 45 3 10 76 12 3 52 74 21 22 6 10 28 32 43 37 20
 112 18 9 12 14 16 42 109 12 4 25 76 103 56 45 28 24 37 58 44
 16 22 33 10 29 30 28 34 84 37 9 7 112 108 38 69 36 9 3 16
 38 17 31 112 80 15 16 18 48 13 4 9 36 48 35 15 7 8 9 9
 40 59 35 47 50 27 8 15 20 51 33 49 46 6 6 24 7 39 112 37
 30 4 0 3 38 25 68 25
1 1 234 256
112.009932 231.750065 1.877287 0.201185
 32 0 1 0 82 106 41 42 41 0 3 0 25 31 51 119 10 4 2 2
 7 9 119 119 8 16 7 4 18 67 27 42 116 4 0 0 119 50 5 14
 119 22 4 3 47 24 11 112 20 18 23 47 99 20 14 29 5 44 68 27
 23 18 12 19 96 28 10 10 75 85 4 6 83 79 44 14 43 47 15 17
 8 27 50 62 46 3 24 62 2 4 5 5 8 1 49 107 13 33 21 12
 13 5 39 19 1 3 5 7 18 6 67 75 1 2 2 1 0 0 45 88
 1 3 5 2 0 0 6 31
0 3 521 560
138.391314 256.152956 1.493743 -0.359432
 9 1 12 52 77 24 18 23 21 0 0 1 20 20 74 130 1 0 30 31
 14 4 88 130 0 2 32 73 17 23 42 10 83 15 1 4 52 63 5 21
 130 18 0 2 19 18 8 98 12 0 13 57 130 47 3 12 1 5 17 93
 29 3 10 3 34 2 0 0 25 130 86 35 130 11 1 6 18 10 39 87
 13 2 1 23 130 83 51 3 0 0 0 9 17 28 130 34 1 0 1 8
 6 39 42 6 3 0 10 4 1 7 37 29 0 1 10 2 2 25 46 7
 0 0 0 0 0 6 78 21
1 1 228 150
106.435822 126.113686 1.960761 -1.560124
 23 79 46 0 0 0 37 77 29 120 38 2 23 5 21 85 3 10 3 9
 132 25 2 5 11 2 0 2 36 3 0 0 14 57 51 9 9 48 32 4
 132 132 31 3 11 3 2 12 51 16 1 16 132 5 0 0 8 3 0 5
 56 0 0 0 26 4 41 61 13 19 7 47 132 8 2 4 12 2 6 130
 51 1 0 17 132 1 1 11 4 2 0 7 54 0 0 0 93 43 6 6
 5 1 2 71 59 69 10 2 20 4 12 132 3 5 3 10 132 20 3 10
 2 0 0 2 39 4 0 0
0 3 402 488
78.887350 220.113737 1.656672 2.340837
 20 11 0 0 7 5 0 0 101 60 0 0 4 15 4 2 16 9 17 28
 12 121 78 1 0 0 13 46 51 125 51 0 15 2 0 0 17 3 0 2
 125 18 2 6 11 2 0 14 27 6 51 125 91 36 6 2 0 0 77 125
 40 23 46 4 14 2 0 2 22 1 0 2 125 14 0 1 8 7 2 17
 34 2 15 30 66 125 67 5 0 10 27 16 11 52 125 32 20 2 0 2
 11 0 0 9 106 2 3 13 12 1 0 43 15 3 77 125 48 12 6 3
 11 91 125 40 4 3 15 4
1 2 212 130
89.719411 106.047083 2.810178 2.781522
 1 21 37 67 24 2 36 31 20 102 31 40 48 6 7 16 2 27 12 65
 121 13 4 1 8 104 26 5 5 10 7 2 15 28 98 119 15 11 9 6
 121 85 17 35 28 22 5 33 21 7 4 16 111 121 20 9 11 18 13 17
 12 27 48 36 22 5 7 7 20 121 32 12 121 53 7 5 7 15 7 32
 33 18 54 29 23 113 30 4 0 0 52 26 2 36 109 31 36 6 7 6
 19 121 35 11 65 8 8 18 16 40 62 74 10 2 30 54 61 1 1 7
 0 0 53 31 9 0 0 0
0 2 521 682
138.250396 317.220866 1.283591 1.728942
 68 32 0 1 38 9 1 15 41 1 0 2 52 38 6 23 1 3 9 9
 80 57 6 2 20 36 20 1 0 2 5 19 127 21 0 2 44 3 0 18
 127 5 0 4 41 47 26 47 11 1 4 26 70 127 73 13 9 25 17 8
 5 43 74 22 126 19 1 14 60 4 1 39 127 37 7 37 48 7 4 13
 21 10 20 127 120 48 18 5 3 24 84 49 10 19 49 7 94 42 3 22
 23 0 0 0 127 8 0 13 47 9 0 6 15 7 9 30 127 41 24 9
 3 22 37 5 3 13 112 13
0 3 517 706
136.353664 328.991687 1.449592 1.713507
 101 57 6 6 1 0 0 1 121 14 3 8 29 10 0 5 8 4 9 22
 105 38 18 4 11 27 29 3 2 4 58 23 133 17 2 0 1 1 0 25
 133 8 1 1 18 27 5 26 22 2 9 21 119 133 13 9 9 28 39 6
 8 35 45 10 74 0 0 0 20 12 11 76 133 5 0 10 34 8 1 12
 33 3 11 100 133 58 7 2 4 22 66 27 13 30 29 4 25 0 0 0
 60 20 17 20 133 0 0 0 30 11 1 23 22 0 2 6 81 105 39 6
 2 3 10 4 6 79 111 4
0 3 490 704
122.860052 328.149785 1.782840 -1.521798
 72 20 0 0 4 41 15 13 130 56 0 0 48 29 2 4 18 39 37 11
 88 36 28 18 12 48 72 6 0 1 35 23 41 0 0 0 45 126 60 22
 130 10 0 1 47 41 4 20 24 13 22 16 130 124 21 3 33 43 48 4
 2 11 38 29 16 0 25 50 90 37 10 8 130 21 0 5 39 18 4 27
 35 7 8 36 130 101 13 3 15 32 35 13 11 25 40 8 3 0 14 13
 3 1 32 58 76 4 0 0 6 5 28 102 25 2 4 29 122 82 6 17
 7 4 39 28 24 32 22 7
1 2 215 201
93.111187 176.869456 2.672719 -3.119191
 0 0 19 33 19 1 41 37 0 1 105 54 3 2 48 7 2 53 116 24
 1 7 40 2 4 48 31 38 9 5 35 4 14 10 12 36 128 25 5 8
 87 5 51 34 49 29 45 72 31 39 35 11 78 122 45 16 59 66 15 23
 25 18 2 6 38 53 7 21 128 11 0 0 128 21 0 7 96 8 4 18
 62 7 0 18 128 29 5 11 76 19 11 13 24 25 14 33 17 40 38 44
 44 2 3 15 128 6 1 14 36 7 3 54 36 3 1 5 108 78 40 16
 20 13 14 10 6 22 78 18
1 1 219 187
97.190251 163.458535 1.847447 -2.876280
 10 109 104 3 2 13 3 0 32 109 26 25 3 7 24 2 0 8 102 81
 9 13 33 0 0 45 101 4 0 21 29 0 56 34 6 5 79 77 4 6
 109 84 15 19 17 14 0 10 5 8 59 71 79 102 0 1 21 84 90 9
 25 30 0 0 50 0 0 41 109 7 1 42 99 20 34 18 8 29 16 48
 1 3 78 98 43 59 1 0 57 3 8 44 36 17 0 11 83 8 1 22
 35 0 1 47 45 22 31 9 10 68 36 48 0 0 15 34 72 109 7 3
 30 0 2 9 11 13 5 75
0 3 615 376
185.376344 163.960141 1.656583 -1.565154
 46 15 34 93 33 5 3 7 59 129 59 32 13 0 1 4 11 15 5 33
 89 0 0 0 0 0 6 16 16 0 0 0 44 14 9 71 139 1 0 3
 139 60 12 22 45 1 0 8 57 4 1 37 133 1 0 2 0 0 29 35
 15 0 0 0 43 10 0 5 139 87 15 18 139 8 0 5 41 26 18 77
 47 5 1 50 139 1 0 5 0 0 9 44 27 0 0 0 36 3 5 27
 41 80 21 29 57 37 10 13 27 25 25 79 10 4 1 45 139 5 1 8
 0 0 18 47 14 0 0 0
2 1 133 96
143.775303 168.382796 3.801365 1.497302
 25 11 0 0 74 59 6 8 126 20 0 0 8 8 4 28 17 0 1 12
 123 36 4 9 1 0 2 7 78 32 7 10 16 2 0 3 126 67 6 6
 126 15 0 1 17 11 3 34 34 0 0 0 126 48 5 17 0 0 0 0
 103 47 13 23 9 2 0 3 126 35 2 7 126 15 0 1 13 10 3 38
 54 1 0 0 77 103 20 14 0 0 0 2 117 55 19 14 6 2 0 0
 126 54 3 5 126 30 0 0 6 4 2 21 70 6 0 14 48 48 11 7
 0 0 0 54 119 31 5 0
0 3 597 375
176.424052 163.718397 1.464850 1.575105
 8 16 21 60 35 16 5 5 39 100 24 24 23 1 3 19 13 13 9 70
 126 5 1 8 66 24 7 9 32 6 1 35 15 16 13 54 126 4 0 1
 126 100 15 17 31 5 0 3 47 8 1 10 96 57 11 31 78 1 0 0
 35 20 8 91 22 1 0 6 126 24 3 9 126 3 0 2 34 9 4 53
 72 10 1 14 93 14 1 10 112 35 1 3 36 8 1 11 4 0 0 0
 62 88 37 19 63 0 0 1 24 16 33 120 21 15 6 42 124 5 1 12
 85 68 6 9 21 1 0 7
1 1 199 189
76.856411 165.180173 2.220108 1.510683
 18 27 39 14 7 37 34 33 130 76 7 3 20 15 2 3 30 7 0 0
 109 20 0 0 12 0 0 0 10 7 1 6 41 10 20 22 79 77 30 66
 130 16 2 5 46 39 4 44 55 3 0 0 114 51 0 6 7 0 0 0
 16 11 2 5 12 27 130 48 19 4 65 8 130 106 27 14 13 5 31 60
 69 24 0 0 124 43 0 15 1 0 0 0 31 12 0 1 0 0 39 10
 0 2 130 11 40 12 65 5 1 1 130 124 20 13 25 3 78 48 4 36
 0 0 0 0 24 39 2 0
1 1 188 215
66.167649 190.789431 2.250648 2.713623
 6 52 26 12 20 106 45 1 34 12 41 43 34 33 6 94 108 2 1 21
 10 0 0 125 17 2 6 82 18 0 0 12 19 54 79 53 32 28 9 6
 125 10 13 27 25 12 3 125 66 2 0 37 74 3 1 119 0 0 0 36
 40 2 0 0 20 6 8 15 35 34 76 16 125 31 1 1 9 3 44 103
 70 10 0 11 117 11 1 18 0 0 0 2 31 16 5 0 23 77 22 7
 1 16 107 32 38 37 2 15 18 4 108 118 8 0 0 51 65 2 4 14
 0 0 0 9 15 2 0 0
1 2 175 238
52.624897 213.594853 2.450101 1.597203
 59 12 15 11 7 5 11 76 41 25 120 42 5 2 8 19 46 74 88 7
 1 8 18 29 22 10 0 3 33 32 6 6 13 1 5 16 118 49 27 91
 110 7 26 19 50 9 49 120 56 14 8 29 5 1 112 120 16 1 0 61
 47 1 2 21 14 3 85 107 100 12 4 21 120 25 3 27 41 2 3 59
 63 12 6 103 27 0 11 18 1 0 3 63 8 0 0 0 4 0 37 26
 7 22 111 63 68 0 4 28 8 0 27 120 12 0 0 48 44 1 0 10
 1 0 0 3 5 3 0 0
0 3 530 621
142.848761 286.746052 1.703071 -0.827698
 8 3 43 105 80 26 0 2 9 27 52 25 45 50 27 8 42 76 26 6
 6 27 35 26 8 21 24 21 27 32 25 15 21 15 32 78 32 63 5 3
 115 26 10 11 12 72 62 64 20 45 19 11 62 115 48 15 30 28 36 47
 20 16 5 13 11 42 50 32 17 46 6 4 115 115 33 26 11 11 4 32
 16 31 33 74 107 58 7 8 4 2 16 115 74 18 7 10 2 13 11 7
 6 94 47 12 40 12 53 52 10 9 20 57 9 7 102 74 28 8 15 37
 0 0 3 52 56 21 113 68
0 2 452 510
103.879178 231.227283 1.380075 -0.444427
 0 0 0 54 30 0 0 0 49 19 2 40 31 0 5 24 128 61 0 0
 14 12 8 34 17 11 6 5 39 67 67 19 15 1 14 88 11 0 0 7
 101 3 1 20 6 0 46 128 89 27 3 1 7 22 89 113 22 61 55 8
 6 18 43 10 44 4 7 15 3 95 51 9 128 47 1 1 0 12 7 41
 51 17 7 6 18 33 37 18 0 9 34 13 43 81 13 0 19 14 0 0
 23 128 33 10 120 127 0 0 17 98 2 2 54 128 12 3 1 7 32 11
 1 6 14 33 63 48 20 2
1 3 233 297
111.432317 273.120933 3.219066 2.852768
 0 0 0 68 48 5 33 15 1 0 4 109 59 36 43 16 37 2 26 32
 15 91 39 36 115 3 4 1 0 1 2 105 6 0 0 64 109 2 1 2
 88 4 0 11 43 37 38 56 58 1 0 4 93 115 35 50 115 2 0 3
 3 4 3 82 19 4 18 104 25 0 0 7 115 15 2 30 36 2 0 34
 65 22 2 67 115 10 0 6 115 64 5 12 6 0 0 6 27 2 9 22
 12 5 28 52 54 3 13 94 25 0 3 50 27 18 6 99 47 0 1 12
 71 67 8 4 0 0 1 10
0 1 482 483
118.970999 217.505310 0.916567 0.005965
 1 2 0 0 8 117 37 1 5 1 0 0 6 21 42 9 126 57 0 0
 0 4 22 11 126 95 0 0 9 5 0 0 0 0 0 8 126 126 8 1
 20 2 0 1 22 34 59 45 87 19 0 0 0 47 65 24 126 126 0 0
 0 2 2 4 1 1 0 26 126 25 0 0 104 18 0 5 40 11 6 20
 47 5 0 0 0 78 38 21 56 126 6 0 0 36 9 2 0 0 0 8
 126 58 2 1 69 1 0 0 28 23 7 69 47 0 0 0 0 35 33 69
 1 10 1 0 0 74 64 2
0 2 385 456
70.666014 203.861672 1.401720 0.878839
 0 6 38 6 14 69 32 4 7 1 27 20 5 14 15 40 85 28 3 2
 3 24 21 12 137 63 5 34 31 1 0 0 9 1 1 42 137 84 19 11
 90 8 1 8 39 26 14 88 74 11 1 13 85 56 15 20 137 23 0 4
 31 30 4 10 9 9 7 137 79 0 0 1 83 92 25 37 17 1 0 10
 61 26 21 94 65 4 0 1 137 26 1 3 3 15 8 16 5 1 0 50
 34 1 4 43 12 17 5 5 3 23 72 94 45 6 4 15 31 67 23 5
 137 20 0 1 1 2 0 1
0 3 395 621
75.639770 286.469445 1.702967 2.652256
 0 5 91 96 32 5 0 0 39 24 19 8 19 21 13 30 145 2 0 0
 0 0 2 89 66 0 0 0 0 0 4 57 6 10 42 30 4 0 0 7
 93 73 14 0 0 0 7 56 145 33 0 0 0 0 2 62 99 0 0 0
 0 0 0 23 17 0 0 2 4 25 63 71 41 1 0 0 0 0 58 145
 122 3 0 0 0 0 37 145 52 0 0 0 0 0 0 36 1 0 0 0
 0 44 145 69 3 0 0 0 0 0 83 145 1 0 0 0 0 0 33 94
 1 0 0 0 0 0 2 20
1 1 158 367
36.191337 342.667936 1.866527 2.413080
 24 5 26 43 9 10 40 48 17 96 31 4 25 59 41 8 128 130 1 1
 3 2 0 0 50 38 2 0 0 0 0 0 60 79 44 18 21 24 11 23
 32 30 46 130 74 32 16 17 130 63 2 15 9 1 3 36 90 23 12 6
 0 0 0 2 0 17 21 5 10 90 130 1 7 4 20 37 4 14 130 129
 111 7 1 6 0 0 49 130 33 11 26 44 0 0 0 11 0 0 0 0
 0 19 88 3 0 0 5 4 0 5 88 53 1 0 14 50 0 0 11 40
 3 1 17 70 0 0 0 3
3 1 48 69
68.919311 252.525755 8.278114 -0.148945
 1 3 128 58 0 0 0 0 4 19 128 69 4 0 0 0 100 122 128 10
 0 0 0 0 67 33 18 2 0 0 1 3 21 35 94 30 3 0 0 5
 34 18 20 38 50 1 4 9 128 57 27 24 4 0 2 11 49 76 128 58
 0 0 0 0 87 19 22 19 4 0 6 81 51 3 3 10 24 9 40 86
 62 17 23 54 40 33 40 52 6 19 63 87 14 6 24 35 26 4 24 11
 0 0 12 71 80 1 3 8 14 4 6 128 13 5 7 54 98 29 10 18
 31 11 6 7 6 5 23 49
0 3 504 546
129.938354 249.029254 1.564661 3.043086
 31 6 4 63 92 0 0 12 57 73 32 54 80 0 0 0 117 95 4 4
 3 0 0 0 36 15 1 2 2 0 0 0 16 14 107 119 33 0 0 4
 94 20 16 39 48 1 17 30 119 38 0 0 2 1 4 24 51 15 0 0
 3 2 0 1 108 23 90 55 0 0 5 70 119 9 5 1 0 0 72 119
 80 4 1 1 5 8 47 119 21 10 0 1 14 18 4 10 103 1 0 0
 0 0 9 119 119 4 0 0 0 0 8 118 17 19 10 5 3 1 14 28
 4 0 3 7 10 4 5 7
1 2 230 305
108.312551 281.358925 2.681394 2.853778
 0 0 0 65 67 2 3 1 23 0 0 37 115 6 3 14 73 0 0 3
 27 46 58 71 26 0 0 0 81 112 24 29 0 0 16 110 38 0 0 0
 59 9 4 78 73 0 0 5 115 24 1 18 58 10 1 20 46 7 1 38
 115 30 2 11 1 2 39 115 32 3 2 1 83 10 21 47 3 0 2 79
 115 7 1 73 63 0 0 87 32 19 3 92 115 0 0 0 3 2 4 13
 38 16 48 42 62 7 13 20 14 9 60 101 26 5 36 115 43 0 0 23
 17 8 5 65 27 0 5 22
0 1 518 578
137.083848 265.040132 1.080069 1.491780
 9 41 37 44 42 7 2 1 57 74 66 18 1 5 11 8 92 39 27 12
 5 9 19 36 45 7 0 0 130 49 0 8 7 3 13 22 55 14 7 3
 53 79 65 2 0 1 9 13 130 75 37 5 3 1 5 24 55 8 9 59
 130 5 0 5 1 4 11 16 37 26 57 12 12 13 19 10 1 0 97 71
 92 28 86 72 3 0 10 53 10 8 81 130 84 7 6 4 8 24 35 19
 5 4 43 36 8 22 8 18 6 14 80 52 0 0 32 61 15 36 130 15
 1 0 21 22 2 16 130 66
0 3 506 595
130.927852 273.436295 1.676889 -1.180462
 3 20 11 14 31 33 1 0 128 57 12 5 2 0 0 22 81 7 4 84
 52 1 0 18 3 8 8 73 40 32 16 1 25 9 6 114 65 6 0 0
 128 39 7 14 15 1 0 46 59 13 14 68 128 46 7 17 0 29 54 28
 20 43 30 0 36 20 17 103 12 0 0 3 128 128 40 5 4 0 7 24
 18 118 99 7 36 51 26 5 0 22 42 4 3 79 82 0 63 3 3 30
 8 0 0 52 86 14 4 3 13 10 42 128 6 40 31 15 26 17 36 13
 5 22 68 14 1 2 6 6
1 2 202 207
79.731768 183.171125 2.623897 3.070790
 40 115 8 4 50 16 1 1 60 17 1 4 121 43 1 6 121 27 0 1
 76 26 16 24 38 8 0 0 121 31 3 7 43 121 17 9 35 35 0 0
 61 53 30 57 121 9 0 6 121 38 0 3 77 22 1 15 24 8 0 0
 113 70 45 18 11 31 31 20 45 45 6 14 21 11 34 33 17 2 29 121
 117 5 17 18 5 15 9 121 6 1 42 25 7 45 48 11 45 6 18 11
 8 2 8 84 14 0 0 23 11 0 28 121 1 0 16 62 4 0 4 22
 0 0 27 24 1 0 0 0
0 1 534 565
144.865135 258.418174 1.057737 -2.025885
 106 85 13 5 0 0 1 13 136 124 0 0 24 4 0 0 60 51 0 0
 26 7 0 0 54 48 0 0 0 0 0 0 72 48 18 4 10 14 9 15
 136 100 1 0 9 7 1 10 73 33 0 0 52 28 1 3 96 67 0 0
 1 0 0 0 34 3 1 1 8 58 136 50 136 10 0 0 7 12 61 80
 73 14 0 4 102 11 0 4 106 54 0 0 7 0 0 0 4 3 60 13
 6 44 133 44 44 13 26 18 14 42 59 37 33 9 0 0 69 23 0 7
 74 22 0 0 10 4 0 0
0 2 451 596
103.670406 274.084749 1.241567 -0.313126
 5 0 0 3 21 31 12 20 71 1 0 1 0 2 10 138 66 0 0 2
 0 0 16 138 7 5 2 56 21 2 21 13 37 12 3 14 36 12 2 7
 138 19 0 0 0 0 1 90 61 2 0 38 28 3 1 68 0 0 2 138
 64 1 0 1 46 5 1 12 67 7 3 27 138 26 0 0 0 0 0 92
 69 14 0 9 66 43 5 26 0 0 0 40 138 51 0 0 42 15 3 6
 27 13 8 49 138 41 0 0 0 0 1 132 24 15 2 4 47 18 7 34
 0 0 0 7 138 42 1 0
0 1 433 682
94.368748 316.939632 1.011867 -1.819639
 12 10 2 0 0 3 69 34 122 3 0 0 0 0 14 110 122 34 2 0
 0 1 5 47 3 8 5 16 11 6 7 6 92 79 6 0 0 0 5 12
 122 18 0 0 0 0 6 122 70 37 5 0 2 4 26 87 2 13 17 68
 35 4 3 1 122 13 0 0 0 0 0 56 122 75 6 0 0 0 4 60
 24 113 39 8 5 4 10 14 0 8 11 113 93 4 1 0 95 0 0 0
 0 0 1 122 62 9 1 0 0 8 38 105 13 30 8 7 14 7 34 20
 1 4 4 64 120 5 2 1
0 2 439 522
97.739554 237.128351 1.268725 -0.249412
 1 7 1 12 71 3 0 0 71 121 3 3 16 0 1 13 87 121 0 0
 0 4 21 15 30 23 1 1 3 3 28 37 8 0 0 35 64 0 0 6
 100 19 0 3 15 2 16 121 72 110 31 15 30 7 22 69 8 121 79 9
 8 1 3 5 28 5 4 62 12 0 10 19 121 24 1 2 6 2 10 59
 50 11 12 22 120 70 28 16 16 93 47 11 22 29 49 28 32 0 0 8
 0 1 62 121 90 8 0 0 3 14 85 79 50 40 8 0 7 54 57 13
 1 5 9 14 24 46 106 17
0 3 403 547
79.648307 249.381867 1.475081 -2.277290
 15 6 26 95 22 0 0 0 136 20 12 14 1 0 0 51 92 53 8 8
 1 5 25 67 8 31 28 40 7 13 35 14 29 3 0 8 65 20 0 5
 136 48 6 2 6 3 1 38 71 47 40 126 4 1 2 16 27 65 84 136
 0 0 0 0 8 5 0 0 47 30 0 0 89 136 66 4 9 16 3 2
 12 56 136 136 2 2 4 1 102 53 31 128 1 2 2 1 0 0 0 0
 5 27 4 0 0 11 11 0 1 40 45 2 0 4 25 14 1 10 79 9
 19 28 2 5 1 27 50 2
1 1 206 213
83.868306 189.304751 2.140493 -2.589904
 22 37 6 52 92 0 0 0 121 12 3 17 36 0 0 19 66 2 0 70
 64 2 3 13 3 10 18 94 54 0 4 18 47 12 2 20 101 11 1 15
 121 14 5 22 34 2 0 24 51 7 6 121 95 0 0 9 56 0 0 48
 34 0 6 111 23 23 22 39 70 10 3 7 71 72 48 41 22 3 9 4
 35 10 29 121 31 0 4 63 89 0 0 30 9 0 0 121 0 7 10 12
 2 3 103 30 0 8 11 6 1 2 121 8 17 2 6 6 0 0 89 121
 21 0 0 38 51 10 2 65
0 3 475 448
115.430554 199.962345 1.469086 -2.837384
 9 9 46 134 4 0 0 2 134 48 29 98 8 0 0 1 117 18 9 52
 62 21 0 1 4 11 37 101 40 13 0 0 18 8 96 133 0 3 7 5
 134 43 26 43 0 0 0 25 80 24 39 134 38 0 0 2 9 7 67 134
 12 0 0 9 11 4 5 4 4 54 33 4 83 92 70 28 3 15 5 8
 7 17 60 134 39 0 8 13 4 0 2 25 10 0 8 61 0 0 0 0
 5 62 12 0 0 5 14 2 2 56 54 1 0 0 10 9 0 4 72 25
 0 0 0 0 0 1 31 25
0 3 494 691
124.889444 321.599792 1.429407 2.066373
 2 13 26 45 16 23 21 1 118 57 6 0 0 5 16 65 118 10 0 4
 40 11 2 67 0 0 1 20 48 19 11 3 11 54 15 4 7 27 49 8
 118 39 1 2 0 7 49 118 107 8 27 81 21 5 0 52 0 1 82 39
 18 17 12 1 26 46 13 1 4 33 32 25 118 54 2 13 11 1 8 97
 27 8 25 118 77 0 0 10 2 13 118 59 5 0 1 2 74 51 14 0
 0 13 9 24 118 10 1 41 43 2 3 81 16 2 3 118 118 1 0 9
 38 5 9 20 5 3 28 59
0 2 529 638
142.602603 295.172504 1.255119 0.141087
 8 6 3 10 78 35 24 30 87 31 8 13 37 7 4 23 62 18 28 72
 24 21 5 16 118 22 15 10 1 8 22 81 11 0 2 45 118 34 20 17
 118 13 2 6 48 22 23 95 47 12 4 10 41 118 36 32 103 94 104 18
 11 12 2 10 12 2 20 111 111 11 15 4 118 85 31 8 18 6 27 28
 13 31 67 77 53 35 20 5 3 11 32 27 31 10 33 11 0 15 82 11
 7 12 27 6 6 30 64 13 0 1 50 28 0 4 110 39 2 9 39 3
 2 29 75 6 1 4 41 15
0 3 555 485
155.392873 218.264662 1.599523 -1.456634
 5 0 0 18 127 0 0 1 127 1 0 5 29 0 0 16 53 5 24 24
 2 0 0 5 32 21 18 5 1 0 0 7 11 0 0 13 127 2 0 1
 127 3 1 12 36 0 0 11 41 15 35 105 57 0 0 1 127 56 26 14
 2 0 0 3 20 1 0 46 127 0 0 0 127 4 1 17 46 1 0 10
 52 5 0 53 127 3 0 2 127 5 0 4 5 0 0 20 25 0 0 25
 127 1 0 5 127 0 0 4 42 2 0 24 41 0 0 6 127 13 0 12
 127 0 0 0 3 1 0 31
1 1 219 321
97.085778 297.000423 1.829964 2.031568
 0 0 0 37 98 25 1 0 19 14 19 37 19 13 15 32 102 68 10 3
 0 2 11 104 8 13 10 41 65 77 24 19 0 0 8 10 41 117 9 0
 45 0 1 1 12 96 39 41 118 33 6 2 1 3 12 113 20 11 12 74
 101 64 21 22 0 1 42 35 23 11 1 1 31 7 21 6 12 38 29 74
 72 44 23 9 8 35 77 74 4 15 40 118 99 37 3 0 4 2 10 11
 11 3 16 56 31 2 3 4 1 0 20 118 12 0 13 80 24 46 44 72
 0 0 9 98 118 68 3 0
0 2 498 699
127.045061 325.394541 1.286103 2.245536
 3 20 8 45 74 15 3 4 9 68 8 2 3 65 36 2 57 32 1 0
 0 49 74 68 115 9 3 5 11 0 6 73 0 21 25 25 60 81 5 0
 23 108 10 0 1 63 27 10 115 67 2 6 1 6 35 86 31 4 27 94
 10 0 5 50 2 78 38 8 8 35 2 0 68 58 5 0 0 36 53 66
 94 7 1 35 30 4 28 115 8 2 12 115 56 0 0 4 13 14 2 1
 37 98 9 12 115 25 1 6 3 5 2 93 50 2 2 115 51 1 2 34
 18 1 4 115 38 0 0 18
1 1 229 120
106.986729 95.809706 1.924809 -0.166631
 0 13 4 1 47 121 16 0 37 7 19 2 27 69 10 61 121 3 2 0
 2 5 3 121 19 0 0 2 88 111 12 33 25 68 3 1 36 71 0 0
 74 4 0 0 26 121 33 48 121 37 4 8 2 3 7 84 14 8 33 47
 30 42 10 7 67 95 0 0 0 10 2 1 34 49 11 0 1 69 85 32
 72 11 27 54 7 3 41 78 5 2 38 121 31 0 0 1 11 70 5 0
 1 1 0 0 7 109 94 2 0 0 4 3 1 10 121 69 0 0 2 4
 1 1 20 65 5 0 0 0
2 1 111 173
100.730816 321.979429 3.915327 -2.328308
 5 1 4 5 85 92 4 8 90 28 1 0 1 4 3 100 80 35 0 0
 1 3 14 84 34 4 1 0 0 29 29 8 12 0 0 0 124 124 3 12
 124 3 0 0 11 13 4 124 60 11 0 19 50 7 13 79 56 51 0 4
 4 5 5 2 9 0 0 0 124 124 2 3 124 51 0 2 21 54 4 15
 63 39 2 22 83 9 0 2 17 74 15 3 10 2 0 0 0 0 0 0
 47 124 4 1 65 41 1 0 61 124 2 3 46 70 11 4 34 22 0 0
 0 15 24 8 22 29 4 0
0 3 503 439
129.335777 195.333346 1.534245 0.181323
 0 0 0 11 88 39 16 2 11 0 0 3 49 31 43 115 70 30 0 0
 3 8 26 115 31 17 0 0 115 49 6 31 14 0 0 13 115 30 1 6
 115 21 4 6 32 23 14 101 63 46 18 29 30 60 15 25 46 52 36 33
 70 18 1 2 6 0 0 0 42 115 18 1 66 71 40 13 9 88 38 6
 6 34 75 103 18 11 68 9 2 40 78 42 5 2 76 12 0 0 0 0
 0 59 24 2 0 1 2 0 0 99 113 2 0 0 2 2 1 9 115 29
 0 0 0 0 0 0 115 16
1 3 230 342
108.270359 317.677853 2.939544 0.634926
 3 4 0 0 2 34 51 17 49 71 0 0 5 26 2 1 57 33 0 0
 74 114 3 4 2 37 6 4 110 108 0 0 0 0 0 0 6 99 23 0
 63 7 0 0 26 87 3 5 125 16 0 9 75 39 3 9 3 2 1 25
 125 80 0 0 0 3 4 0 21 72 18 0 33 4 1 0 86 77 5 11
 105 19 18 94 63 3 0 15 0 0 1 125 125 1 0 0 0 66 68 3
 13 11 5 0 3 17 33 6 68 64 0 0 5 11 30 93 52 66 3 0
 0 0 1 83 93 44 4 0
1 2 205 157
83.303497 132.623645 2.697831 2.881635
 3 72 33 44 95 5 1 0 24 71 48 57 39 0 1 4 87 7 6 9
 14 69 28 37 11 2 9 6 20 89 20 7 12 11 2 5 93 46 33 25
 49 24 20 10 5 78 81 30 123 24 3 2 9 56 25 51 29 3 3 3
 51 123 33 15 17 4 3 2 24 26 106 109 16 0 17 16 2 101 123 106
 86 6 32 48 3 30 93 83 12 4 81 54 8 43 16 4 0 0 64 32
 0 1 45 28 1 0 77 75 2 5 10 12 0 0 57 77 4 6 5 0
 0 0 25 41 1 3 5 0
1 2 222 165
100.121268 140.973828 2.398722 -0.479162
 1 38 94 33 16 7 3 3 50 69 33 33 9 3 1 0 53 36 3 3
 74 74 7 5 44 37 10 1 21 56 6 7 20 4 4 2 33 43 39 38
 82 29 6 3 2 95 72 24 113 28 0 0 3 89 37 52 10 8 3 3
 4 113 113 32 107 4 3 8 20 8 21 64 75 1 4 9 1 93 113 68
 101 6 38 35 1 22 68 92 12 2 72 87 2 22 34 8 24 1 13 15
 0 0 51 104 28 2 52 92 1 4 9 31 0 0 76 86 0 2 5 4
 0 0 35 42 0 0 6 21
0 3 415 538
85.431121 245.066502 1.448974 -0.036584
 0 0 16 72 4 2 5 0 53 4 10 40 5 3 4 19 115 4 0 1
 1 14 54 111 4 1 1 0 6 118 54 10 14 0 2 18 5 28 104 69
 79 6 2 3 0 118 108 20 118 24 0 0 0 8 17 36 25 2 0 1
 9 65 52 14 118 27 0 0 1 16 26 52 17 3 0 0 3 118 102 31
 107 5 0 0 0 19 114 100 38 9 13 48 20 10 24 18 118 71 0 0
 0 0 2 12 47 11 0 0 0 2 31 57 17 1 9 32 11 9 46 48
 1 0 13 92 67 8 6 2
0 3 555 485
155.392873 218.264662 1.599523 1.394373
 30 18 1 2 116 26 0 1 87 53 0 1 56 15 0 0 60 14 0 0
 113 38 0 1 117 31 0 0 1 0 0 0 19 8 0 0 117 70 0 1
 117 44 0 0 39 21 0 4 56 8 0 0 117 71 0 4 117 49 0 0
 5 4 0 1 6 0 0 0 117 101 11 5 117 1 0 0 23 32 23 66
 33 5 0 0 117 69 2 11 117 63 0 0 26 8 0 0 2 0 0 0
 54 70 17 4 8 0 0 0 9 20 36 56 3 0 0 0 117 51 2 9
 89 26 0 0 42 17 0 0
1 2 188 239
66.106549 214.743987 2.802162 0.854370
 21 33 69 26 5 11 8 9 56 82 26 64 21 12 4 7 87 47 13 61
 16 12 2 57 41 32 4 4 47 6 0 38 28 18 15 25 19 13 19 18
 115 20 6 6 11 60 31 37 44 98 5 18 53 115 23 10 72 115 8 3
 30 14 0 3 14 3 2 6 10 78 89 107 115 16 4 28 26 65 40 65
 32 9 3 115 109 61 27 43 115 21 0 19 22 3 6 99 3 4 50 8
 3 32 24 40 8 14 53 4 14 45 29 41 1 5 32 12 25 62 73 46
 8 0 14 42 3 0 16 63
1 1 197 240
74.952061 215.678006 1.940334 0.780706
 7 23 10 36 22 3 6 16 84 32 11 19 5 12 10 6 123 36 1 6
 3 37 22 18 4 5 2 34 41 123 21 2 27 1 0 6 16 28 49 123
 65 7 0 0 23 123 65 42 123 43 4 27 27 18 8 39 7 4 9 123
 95 27 5 4 50 0 9 3 6 28 34 123 12 1 20 7 28 123 61 45
 52 6 22 2 22 47 45 120 1 1 8 9 61 123 66 20 4 3 67 22
 0 1 7 14 0 3 100 15 2 5 5 2 1 15 104 3 1 2 5 5
 0 16 64 3 2 12 13 2
1 2 211 112
89.146354 88.351463 2.596055 -2.476537
 5 5 9 110 99 4 34 51 14 6 87 119 32 16 2 8 119 17 39 25
 13 5 1 57 25 3 0 42 75 1 0 13 9 41 6 44 119 83 3 0
 28 22 31 22 51 77 40 16 119 34 5 12 28 4 11 57 23 4 0 18
 110 7 3 28 8 119 39 0 24 85 9 0 4 13 57 9 9 119 119 23
 49 5 26 45 8 4 60 72 30 1 3 24 22 1 2 59 0 50 57 3
 0 0 0 0 2 25 119 10 0 3 3 1 30 8 62 25 0 0 1 37
 45 1 2 4 0 0 0 77
3 1 57 93
105.058249 346.004722 8.697219 1.211403
 35 62 7 7 9 27 18 12 6 7 7 47 35 63 15 2 129 69 9 23
 10 7 3 12 44 21 32 44 7 0 1 3 52 75 10 16 13 18 42 24
 20 16 23 129 86 43 15 8 129 68 22 51 9 6 11 32 55 22 27 35
 23 5 1 0 4 1 2 10 38 53 57 14 9 2 10 20 43 112 129 26
 102 11 54 58 4 22 82 86 19 17 129 53 0 0 0 4 3 12 67 54
 13 0 0 1 9 16 53 73 28 10 10 4 0 3 79 129 21 7 11 2
 68 64 62 33 1 3 8 15
0 3 480 497
117.986563 224.499500 1.747616 0.312491
 42 3 7 8 12 40 10 10 138 0 0 6 50 1 1 43 86 0 0 24
 138 10 2 37 104 1 0 2 15 10 9 113 33 0 0 8 51 38 42 37
 138 23 3 2 47 19 14 56 92 17 6 15 138 121 14 17 118 74 47 22
 18 13 7 21 8 0 0 3 17 24 58 80 85 86 32 6 4 35 55 13
 8 30 52 60 51 36 48 25 4 26 26 10 12 5 72 60 0 0 0 0
 0 10 42 48 0 2 1 0 0 24 96 9 0 1 2 1 0 0 78 38
 0 0 0 0 0 0 32 28
1 2 214 224
91.958937 199.572268 2.389539 0.162461
 64 0 0 3 31 51 33 69 57 40 0 0 67 75 11 6 50 21 1 2
 59 82 26 15 110 0 0 0 6 28 41 74 120 1 0 0 53 45 4 40
 76 11 0 0 120 120 8 12 120 16 0 1 4 68 66 46 58 1 6 18
 2 46 85 57 120 9 13 9 19 9 5 44 18 6 29 9 71 120 48 24
 104 5 27 36 2 17 41 76 7 1 31 95 2 4 8 2 11 2 60 46
 0 0 5 20 0 24 104 19 0 3 4 1 0 13 75 31 0 0 3 3
 0 0 17 45 0 0 0 1
1 1 206 232
84.270260 208.479664 2.013784 0.173300
 39 39 2 4 57 36 20 13 24 11 20 13 87 26 2 12 44 23 7 4
 4 19 79 64 57 94 1 0 2 25 62 26 109 61 1 2 42 41 7 6
 74 4 0 1 56 121 30 24 121 20 0 1 0 29 58 78 33 3 4 26
 4 43 102 36 121 45 0 0 34 39 9 13 99 13 0 3 1 121 90 27
 106 9 9 30 2 35 66 84 17 3 11 109 12 2 1 4 73 6 2 1
 15 47 50 58 74 8 14 64 2 10 10 27 1 0 39 86 1 5 8 4
 2 1 10 36 2 0 0 2
0 3 588 428
172.166273 189.818415 1.601735 1.319693
 45 14 1 0 36 25 3 16 87 21 0 0 69 46 0 1 116 23 0 0
 83 57 0 1 9 3 0 0 129 129 5 4 29 21 2 1 29 24 9 25
 62 13 0 0 94 88 8 9 129 24 0 0 36 47 5 25 6 0 0 2
 129 129 5 4 24 13 2 1 16 38 12 24 29 7 0 0 15 69 86 46
 74 3 7 2 17 24 45 103 4 0 3 4 129 111 1 6 9 21 14 30
 30 15 4 5 35 72 15 21 3 3 16 10 7 20 75 61 10 2 9 8
 10 18 30 8 110 53 0 0
0 3 605 412
180.420752 181.763567 1.752138 -1.548315
 67 51 33 56 60 0 0 1 54 38 16 38 34 16 2 5 93 56 5 13
 29 2 1 7 3 3 1 35 103 0 0 0 112 19 1 30 111 0 0 3
 97 33 25 86 54 13 1 5 112 99 19 19 37 2 0 8 9 5 0 11
 112 2 0 0 112 9 0 10 105 12 0 9 86 9 4 26 105 40 13 29
 112 24 3 6 37 8 7 87 12 1 0 6 112 3 0 4 112 11 1 17
 72 8 2 13 77 9 14 28 14 40 21 26 46 47 22 14 24 4 9 49
 2 3 2 13 93 1 0 1
0 3 445 530
100.312645 240.909490 1.527438 0.756765
 0 4 12 0 1 75 90 34 1 1 9 7 1 12 114 101 58 1 2 3
 0 12 87 114 27 0 0 0 5 18 27 73 13 2 1 10 18 66 77 46
 9 8 19 65 72 35 63 61 114 41 22 23 6 9 21 55 50 7 23 19
 1 17 46 35 61 77 18 24 13 11 3 11 19 19 19 45 114 108 7 8
 114 93 39 23 21 23 7 14 25 40 114 111 1 1 6 3 12 48 17 7
 1 11 62 5 1 16 34 49 24 9 66 8 3 26 15 14 10 5 112 18
 0 7 19 18 0 1 83 35
1 1 308 298
186.051327 273.658897 1.901664 1.334581
 1 0 0 1 46 93 13 1 27 32 28 35 70 42 31 31 125 81 15 3
 0 0 0 7 32 2 0 0 1 9 2 7 6 0 0 0 76 48 2 3
 45 17 7 19 128 116 6 7 128 43 3 2 8 10 5 26 61 0 0 0
 0 2 3 23 17 1 0 0 16 42 6 4 9 0 1 5 78 128 36 18
 128 52 29 13 11 34 34 80 64 41 4 0 0 0 1 17 32 1 0 0
 1 8 6 8 0 0 1 22 128 62 5 1 43 101 67 62 116 23 2 1
 128 111 7 0 0 0 0 0
1 2 276 130
153.573402 106.060463 2.331609 -1.673024
 0 20 6 7 130 10 0 0 81 14 0 2 152 30 0 0 152 28 0 0
 7 2 14 29 26 30 18 2 8 5 9 14 0 38 19 15 96 5 0 0
 73 10 2 9 152 58 2 7 152 41 0 0 18 9 1 18 30 3 2 2
 44 16 0 1 0 20 46 17 31 2 0 0 20 1 5 15 149 87 36 42
 152 8 3 0 6 14 23 122 24 2 6 7 43 8 0 3 0 79 87 2
 1 0 0 0 3 29 69 4 7 11 9 9 19 42 68 0 0 0 4 20
 1 8 75 12 5 0 0 0
1 2 272 260
150.221487 236.438194 2.486146 1.536878
 1 0 0 7 74 91 57 18 77 8 0 0 153 50 19 11 153 31 0 0
 14 1 0 0 21 1 0 0 2 3 1 2 4 1 7 36 67 11 3 0
 70 11 0 5 153 37 2 6 153 45 0 1 27 5 1 17 40 4 4 1
 1 0 0 1 16 0 1 2 22 10 1 5 20 0 0 0 131 135 76 40
 153 6 5 7 8 21 51 129 23 3 47 46 0 0 0 2 12 0 0 0
 0 2 1 23 6 0 0 0 9 25 53 31 4 0 6 33 39 10 28 18
 0 0 52 123 34 17 1 0
1 3 305 377
182.969182 352.623950 2.878298 1.691780
 94 14 1 8 10 0 0 0 14 7 3 86 135 0 0 0 135 43 5 25
 42 0 0 4 75 18 2 22 30 0 0 0 94 37 2 17 24 0 0 0
 22 11 7 131 135 18 3 5 135 47 7 27 34 5 4 24 81 17 2 25
 34 0 0 0 107 28 1 2 20 6 0 0 9 3 1 11 121 130 64 20
 135 7 1 2 9 26 68 124 45 8 3 34 22 0 0 6 45 85 20 0
 0 0 0 0 0 17 71 3 1 17 15 1 8 17 58 5 0 3 17 14
 4 6 35 47 5 0 0 1
0 3 518 652
136.981678 301.861467 1.621554 1.783871
 34 26 16 8 6 7 16 19 8 13 22 56 27 42 49 13 65 37 5 10
 6 15 63 54 59 26 0 0 2 2 103 84 39 19 17 9 34 13 5 20
 112 23 16 20 7 27 113 100 97 34 2 17 38 99 113 31 113 39 0 1
 13 11 12 21 36 9 4 5 21 11 9 27 107 113 86 26 7 4 10 34
 76 58 83 95 60 22 9 12 113 29 2 13 13 2 0 28 13 4 2 5
 20 15 4 12 3 27 53 17 42 20 1 1 82 66 59 8 1 0 0 7
 113 64 2 9 7 0 0 3
1 2 250 281
127.860911 257.148276 2.372941 2.621756
 24 33 64 22 0 0 0 7 20 30 22 55 63 0 0 1 40 107 36 29
 30 0 0 1 44 63 1 0 0 0 0 3 31 12 40 34 6 8 3 34
 25 16 70 143 25 0 0 6 143 45 24 56 14 0 0 29 111 10 0 0
 0 0 1 36 1 4 55 122 75 12 7 0 47 6 61 142 4 11 13 8
 143 15 7 8 0 0 0 22 125 1 0 0 0 0 2 23 1 0 0 31
 40 25 77 27 27 0 0 1 5 111 70 17 143 2 0 0 0 9 6 44
 102 3 0 1 3 0 0 6
0 2 451 539
103.438586 245.710102 1.383130 -0.726932
 18 22 35 11 29 37 4 24 16 4 12 44 122 122 2 1 122 44 0 4
 16 20 1 3 27 15 2 0 0 0 0 1 6 54 122 28 20 13 2 6
 14 23 122 122 70 43 8 8 122 20 3 31 22 11 2 17 54 6 0 0
 0 0 1 14 14 18 27 10 33 80 100 64 17 10 17 16 34 97 104 105
 122 19 0 5 27 55 11 14 64 14 0 0 0 0 0 4 20 47 45 5
 2 13 50 25 4 7 70 109 51 20 29 24 101 3 5 35 38 10 0 34
 46 5 0 0 0 0 0 11
0 3 464 525
109.850262 238.644213 1.463689 -0.862739
 17 20 19 10 13 52 90 64 8 4 11 21 33 67 111 98 120 25 0 10
 30 43 15 7 66 22 0 0 0 0 0 1 62 62 40 10 3 14 35 52
 6 9 89 120 47 30 20 21 120 13 13 67 30 9 1 24 85 5 0 0
 0 0 0 17 35 30 5 4 5 48 39 35 6 1 10 32 37 120 73 8
 120 33 1 6 20 62 10 13 74 27 1 3 1 0 0 2 33 120 52 0
 0 4 13 11 4 41 75 84 64 54 26 8 109 14 5 48 59 24 0 4
 83 7 0 0 2 1 0 5
1 1 216 283
94.312894 258.831434 1.913154 -3.005159
 56 2 4 43 16 0 0 24 123 0 0 0 0 0 0 58 70 3 4 25
 3 0 0 22 0 0 7 123 11 0 2 3 123 3 3 3 0 0 1 21
 123 11 6 7 0 0 0 17 48 12 32 123 1 0 1 9 15 0 6 117
 7 0 28 114 64 0 0 0 0 0 25 70 123 20 25 31 1 0 1 29
 39 7 25 92 1 0 11 123 41 4 19 19 2 0 29 123 3 0 0 1
 10 10 97 43 27 24 12 52 47 6 10 19 123 106 14 14 2 0 4 76
 12 20 41 83 48 0 4 29
1 2 216 364
93.749835 340.313459 2.705991 0.942737
 5 0 0 45 140 13 0 3 78 32 9 20 63 9 2 9 140 67 0 0
 0 0 0 4 34 32 6 0 0 0 0 0 1 0 3 140 115 2 0 0
 55 54 24 40 35 10 2 8 140 138 2 0 0 0 0 12 54 40 9 0
 0 0 0 1 0 0 23 104 42 4 0 0 50 30 31 15 18 15 3 17
 140 91 1 0 0 0 0 41 65 29 1 0 0 0 0 3 0 0 5 15
 63 27 0 0 11 43 19 5 11 23 8 2 139 140 1 0 0 2 4 11
 95 59 0 0 1 0 0 4
0 1 447 619
101.485672 285.562628 0.961388 2.353555
 1 0 10 39 7 3 13 12 23 6 3 3 0 0 16 58 142 8 0 0
 0 0 4 92 71 1 6 11 3 3 2 40 2 1 14 19 13 19 38 22
 38 38 43 25 6 2 8 28 142 74 9 1 0 0 2 49 62 13 18 39
 12 26 13 18 3 24 142 37 7 2 2 3 85 51 52 31 5 0 0 7
 142 95 5 0 0 0 2 52 60 47 35 2 4 51 38 28 7 16 32 3
 1 12 104 29 48 36 8 0 0 0 69 78 107 142 18 0 0 2 44 42
 8 95 142 7 2 9 9 0
2 2 105 175
88.519215 325.669820 5.298145 1.331701
 13 3 2 0 20 56 7 11 36 3 0 7 60 64 6 26 145 6 0 2
 12 13 4 81 37 2 7 3 0 0 12 21 4 1 6 19 55 18 6 24
 53 13 6 106 108 5 3 21 145 54 4 16 13 0 0 13 34 13 23 30
 2 0 0 0 1 3 64 136 34 0 1 4 113 13 52 145 27 0 0 22
 145 23 4 8 1 0 0 52 25 11 7 29 28 0 0 0 0 0 7 44
 110 51 20 0 145 7 12 26 14 21 33 60 145 11 4 0 0 0 0 52
 5 10 16 8 12 1 0 0
0 1 564 652
159.890410 301.911615 1.090801 -2.407081
 80 29 3 0 0 0 0 9 103 87 20 0 0 0 0 15 130 110 3 0
 0 0 0 4 60 30 0 0 0 0 0 1 44 9 0 3 0 0 3 81
 83 45 45 27 1 0 0 41 130 130 26 1 0 0 0 4 130 22 0 0
 0 0 0 2 2 0 0 49 17 0 3 97 78 10 15 88 15 0 0 20
 130 33 5 1 0 0 0 18 130 56 0 0 0 0 0 1 0 0 0 66
 32 3 0 10 70 14 0 18 8 0 0 13 130 118 3 0 0 0 0 7
 33 130 11 0 0 0 0 0
0 2 481 730
118.411363 341.074472 1.391477 -1.260610
 12 0 0 0 33 15 2 9 12 1 0 0 9 6 21 101 108 5 2 0
 0 0 17 132 40 1 6 11 62 35 3 49 23 0 0 0 24 29 5 24
 132 4 0 0 7 8 16 132 32 5 56 48 36 13 23 132 5 59 116 28
 22 26 3 14 26 1 0 0 35 27 3 18 132 47 0 0 9 9 1 31
 86 12 9 22 125 103 4 11 1 44 38 9 33 52 55 6 10 0 0 0
 33 48 15 13 132 3 0 0 7 6 1 57 86 5 1 26 128 10 1 14
 25 39 10 9 27 15 52 23
1 2 289 200
167.020556 176.112726 2.350945 -1.538011
 30 10 3 21 64 7 3 25 179 71 4 15 24 1 0 4 92 31 15 52
 40 0 0 0 27 34 21 10 2 0 0 0 43 39 9 22 96 8 0 5
 179 13 0 4 46 5 0 25 130 9 0 15 89 1 0 5 47 12 7 7
 7 4 9 15 94 27 3 19 65 5 0 9 179 27 0 8 33 3 0 14
 127 9 0 11 66 20 2 11 50 14 21 18 4 2 7 18 53 4 0 1
 31 18 2 23 179 13 0 1 11 9 1 31 83 9 4 15 24 21 3 7
 14 9 11 32 40 6 1 5
2 2 98 171
73.620167 317.900778 5.039248 1.353689
 13 13 7 1 40 83 4 8 147 70 10 1 20 32 4 69 113 12 0 0
 0 0 26 66 0 0 1 0 0 0 53 12 22 1 0 18 69 34 5 28
 147 12 1 13 41 21 4 84 143 10 12 7 0 0 5 41 0 0 37 9
 0 0 7 2 18 6 16 141 76 2 3 18 147 51 5 39 23 0 0 17
 115 31 19 33 4 0 0 2 0 0 67 56 6 0 0 0 62 8 49 128
 10 0 0 13 147 11 4 9 1 0 0 72 58 15 6 19 20 0 0 5
 0 0 6 33 42 9 5 0
1 2 288 230
166.451687 205.703115 2.350087 -1.563934
 48 19 4 23 43 5 0 1 154 40 5 11 20 2 0 3 124 11 0 5
 46 2 0 0 152 16 0 1 6 0 0 0 65 2 0 9 67 11 1 16
 154 8 0 4 32 4 0 13 154 8 0 4 61 6 0 3 154 36 6 2
 6 0 0 0 34 15 2 10 79 8 1 8 154 17 0 3 32 3 0 4
 123 9 0 1 39 18 23 15 58 47 37 4 6 6 9 9 40 17 1 3
 46 6 1 3 154 7 0 0 17 5 2 23 100 6 16 13 1 7 31 18
 3 5 18 10 13 16 13 6
0 3 257 807
6.419063 379.543464 1.464223 1.594395
 0 0 0 8 26 0 0 0 81 6 0 5 10 0 0 0 151 13 0 1
 22 1 0 5 15 1 0 2 151 7 0 1 0 1 1 15 29 0 0 0
 113 9 1 8 12 0 0 1 151 2 0 0 24 8 0 28 21 0 0 0
 151 34 0 7 0 1 45 52 6 0 0 0 97 61 47 21 3 0 0 0
 151 113 15 11 19 2 0 8 18 11 14 59 151 10 0 1 0 0 33 37
 8 24 14 0 30 68 43 11 1 10 25 8 78 151 55 10 0 0 2 6
 1 24 71 91 19 0 0 0
0 1 446 611
101.120479 281.307550 0.961248 2.211374
 62 62 2 0 0 0 3 4 143 72 5 0 0 0 0 18 61 13 1 7
 22 4 0 21 0 0 0 18 143 34 0 0 59 14 2 1 0 0 8 54
 143 29 1 1 0 0 1 63 65 5 13 43 14 10 4 23 0 0 17 46
 141 51 0 0 37 36 33 15 4 1 5 27 143 115 10 2 0 0 1 23
 61 20 14 47 20 46 37 16 0 0 18 52 67 84 29 0 37 27 36 26
 8 0 0 0 143 115 7 0 0 0 0 11 69 69 73 2 1 26 37 18
 0 0 48 51 45 79 31 0
0 3 497 713
126.272514 332.655770 1.643353 1.891056
 34 0 3 31 65 43 3 17 6 25 25 11 23 41 26 7 114 56 5 3
 8 2 11 55 24 8 5 63 87 1 0 8 27 0 7 52 102 42 10 9
 19 40 47 19 15 60 33 6 121 66 6 14 25 5 6 43 32 9 2 90
 121 1 0 6 9 6 40 36 35 55 31 8 19 13 49 14 17 121 71 12
 121 12 3 23 66 24 11 47 20 17 3 95 121 0 0 1 1 8 60 58
 22 28 28 0 17 39 117 14 6 36 28 4 108 62 12 12 75 5 5 14
 7 9 1 27 121 10 0 0
0 3 445 671
100.400518 311.382916 1.599582 0.898449
 0 0 1 58 25 9 28 9 93 84 9 24 10 5 16 12 135 114 5 7
 14 11 1 2 1 5 3 19 135 69 0 0 0 0 0 27 35 33 38 0
 55 36 13 41 15 15 28 13 135 102 8 7 3 5 8 21 14 5 3 24
 135 90 16 7 0 0 0 15 56 59 6 0 43 7 7 27 19 37 36 22
 135 10 1 0 1 3 10 65 45 0 0 0 135 80 12 15 0 0 0 8
 79 30 1 0 47 5 6 20 30 16 4 20 135 5 1 1 0 0 1 72
 34 1 0 31 108 26 2 10
0 3 402 499
79.011218 225.601333 1.742106 2.272375
 7 1 0 0 5 3 0 1 63 20 0 0 16 5 0 2 129 40 9 37
 27 7 3 4 2 2 60 129 67 36 18 0 16 18 0 0 8 2 1 3
 67 13 0 1 32 4 0 3 129 30 1 9 35 47 9 10 7 1 20 51
 70 129 129 10 38 55 0 2 11 3 0 0 66 5 0 2 27 2 0 24
 129 11 11 51 31 6 2 46 8 13 129 129 60 24 23 2 75 16 1 7
 8 2 0 5 62 17 0 0 8 8 0 4 112 54 0 12 60 38 0 5
 3 8 10 49 129 129 4 0
1 1 201 250
79.115246 225.709775 1.808746 2.246912
 14 2 0 0 3 4 0 2 71 26 0 0 8 5 0 0 131 50 8 42
 26 11 4 0 1 2 17 131 85 50 21 0 27 32 0 0 5 2 0 1
 72 13 0 0 22 5 0 3 131 25 1 10 24 43 9 12 7 3 21 56
 58 131 130 10 39 61 1 3 11 8 1 0 76 11 0 1 12 2 0 17
 131 12 8 49 36 6 1 26 6 15 102 131 97 28 8 1 74 20 3 17
 11 2 0 2 65 18 0 0 0 2 1 4 104 66 0 5 41 30 0 2
 4 10 5 27 125 131 10 0
1 1 218 298
95.676116 273.724385 2.045130 -0.850106
 0 0 0 98 108 5 0 0 21 2 0 12 103 37 14 37 128 24 1 0
 2 6 15 128 14 13 14 38 67 39 14 21 0 0 0 94 64 7 0 0
 56 9 3 32 35 14 5 11 128 19 1 1 7 2 3 34 30 2 0 5
 128 27 2 6 0 0 0 5 34 110 13 0 42 6 0 5 14 74 20 10
 128 83 0 0 6 5 2 12 39 19 0 3 100 76 2 1 14 1 0 0
 0 112 38 5 2 3 0 0 7 128 24 0 105 87 0 0 8 41 2 2
 72 72 1 0 10 47 3 2
1 2 186 222
64.134883 198.059891 2.549573 2.645814
 9 86 52 11 22 31 10 4 18 35 40 41 37 57 18 12 122 1 5 10
 15 10 2 122 28 0 0 31 40 0 0 45 17 18 6 19 32 28 51 24
 71 19 27 29 31 22 37 28 122 25 2 3 20 2 9 84 16 1 0 6
 86 16 1 6 3 5 19 66 22 85 122 5 37 59 14 10 8 29 122 98
 82 25 1 13 32 3 68 122 5 0 0 26 72 5 1 4 0 7 46 98
 7 15 56 50 46 122 15 9 2 58 51 21 65 103 5 13 36 7 6 19
 0 0 0 14 46 12 0 0
0 3 439 657
97.476075 304.416318 1.695245 1.271138
 14 4 1 1 7 16 81 39 25 101 21 0 0 9 51 23 38 51 60 33
 7 3 55 94 1 0 2 28 55 73 129 23 0 0 11 47 10 15 89 9
 38 22 26 66 10 20 49 17 129 79 7 8 3 2 20 77 21 8 3 74
 129 34 31 15 0 0 6 44 30 44 10 0 47 9 18 38 10 39 27 23
 129 26 6 5 3 2 5 49 29 8 7 55 129 24 0 2 0 0 3 30
 47 26 0 0 51 8 16 23 9 24 13 45 129 10 5 6 8 12 9 94
 4 2 6 86 129 21 3 2
1 2 205 179
82.540060 155.070385 2.512259 1.690705
 1 7 40 22 8 86 71 2 34 26 10 2 0 28 93 26 119 66 1 2
 10 4 11 61 19 6 0 10 97 4 0 7 2 43 111 23 3 26 29 15
 27 84 93 6 1 23 43 23 119 65 17 8 21 5 6 41 19 3 0 21
 114 1 0 5 11 10 12 6 8 70 70 80 40 14 12 11 48 91 72 90
 119 14 1 3 38 21 5 74 15 1 0 5 102 6 1 5 9 38 87 14
 3 9 46 18 45 38 93 33 27 14 32 25 119 17 4 3 38 6 5 56
 4 0 0 0 81 9 1 3
0 2 501 687
128.511398 319.276709 1.275627 2.216316
 6 4 64 95 28 15 1 5 5 32 39 16 17 53 18 4 53 20 0 0
 0 11 48 117 47 1 0 14 9 0 8 117 5 19 18 39 29 58 36 3
 34 77 22 2 1 80 55 14 117 64 0 0 2 2 20 107 49 2 0 21
 81 9 7 37 6 101 17 7 12 40 13 1 59 92 7 0 0 52 85 57
 117 10 7 27 3 2 40 117 21 4 50 52 36 13 1 10 4 34 9 0
 2 64 28 5 117 52 1 0 1 11 30 87 72 12 7 98 31 0 1 33
 0 12 66 92 10 0 0 0
1 3 256 335
133.925740 310.651990 3.235589 1.832051
 131 13 10 44 2 0 0 17 93 11 3 1 0 3 20 55 79 8 2 1
 2 5 22 131 12 0 0 1 45 55 8 26 131 11 3 1 0 0 0 47
 99 66 32 3 7 13 5 33 131 118 20 9 5 2 3 25 16 9 4 53
 66 6 0 2 131 8 0 0 0 9 8 46 102 8 3 5 48 37 6 22
 131 27 5 13 14 6 1 24 14 4 10 75 48 3 0 1 118 2 0 0
 6 52 24 57 75 2 0 2 57 22 2 21 131 25 9 43 17 2 0 4
 10 11 24 89 10 0 12 12
1 1 206 213
83.868306 189.304751 2.140493 -0.035970
 0 1 11 82 35 1 13 14 2 0 45 125 4 1 12 10 46 23 15 46
 1 6 24 25 16 21 4 2 29 46 32 15 18 7 2 39 125 10 0 2
 91 2 4 26 37 22 41 71 30 46 1 0 39 125 43 20 43 92 3 1
 33 40 6 2 38 1 0 0 125 36 0 1 125 23 0 0 53 19 3 13
 73 9 0 0 89 125 6 9 77 67 0 0 37 77 5 3 19 11 18 31
 125 14 0 0 125 39 0 7 49 5 0 2 90 28 3 3 40 63 0 1
 23 9 1 1 31 102 31 17
0 3 545 600
150.462336 275.913164 1.729010 -1.753843
 8 46 69 30 24 25 21 6 19 10 5 58 81 56 13 11 135 6 1 11
 15 18 9 113 91 4 2 1 0 0 0 32 42 54 38 18 21 5 14 26
 65 33 7 76 130 36 6 13 135 39 1 10 13 5 1 22 99 7 1 0
 0 0 0 3 8 1 28 32 5 5 85 77 27 2 25 30 75 87 31 78
 135 4 0 0 7 16 13 135 63 0 0 0 2 0 0 24 13 4 42 61
 7 1 7 18 47 5 22 15 2 1 21 130 84 1 0 0 0 0 4 113
 10 0 0 5 3 0 0 12
1 1 255 181
132.703286 156.719126 1.980890 -1.567959
 132 11 2 9 10 0 0 0 5 2 2 73 77 1 1 4 132 17 0 13
 17 1 3 46 102 47 2 4 11 0 0 6 132 18 2 20 23 0 0 0
 30 25 13 106 112 0 0 2 132 43 6 9 3 0 0 73 65 24 5 8
 6 0 0 36 132 13 2 36 41 0 0 0 72 9 2 92 132 0 0 10
 132 39 2 3 3 0 0 27 35 15 18 11 9 0 0 4 97 16 0 15
 42 9 1 0 40 4 0 24 69 26 39 36 132 48 1 0 0 0 8 63
 18 25 17 4 4 0 0 2
1 1 285 159
162.699947 134.701062 2.209466 -1.466421
 3 17 21 36 35 14 9 9 36 12 5 19 123 5 5 12 151 9 1 7
 22 0 0 13 56 25 20 29 4 0 0 1 52 30 21 56 56 0 0 5
 88 23 7 49 111 0 0 4 151 10 2 10 28 0 0 12 104 10 3 21
 44 0 0 4 83 19 1 23 74 0 0 3 115 7 0 33 123 0 0 7
 151 10 0 15 24 0 0 14 123 8 2 24 38 0 0 4 77 5 1 9
 58 1 0 6 76 2 0 7 55 20 14 30 151 8 0 11 13 3 3 35
 98 7 2 16 16 2 1 12
1 1 307 332
184.753695 308.448989 2.011127 -1.624979
 13 0 0 0 42 68 2 1 20 6 7 17 58 132 70 47 100 34 7 4
 0 2 19 97 8 2 0 0 8 16 10 9 24 1 0 14 49 12 0 3
 18 25 29 137 138 32 7 6 138 125 28 25 10 3 2 17 36 13 0 3
 16 1 0 0 8 1 2 14 67 5 0 3 21 10 7 50 138 77 9 17
 138 68 8 11 14 14 7 48 46 14 1 5 14 0 0 0 0 0 3 11
 45 3 0 0 13 14 9 59 138 13 0 0 138 93 11 17 31 2 0 2
 60 14 0 2 9 1 0 0
1 1 268 234
145.641234 210.132934 2.061587 1.577955
 83 11 1 6 50 32 2 10 149 33 3 4 18 18 2 36 66 12 1 5
 7 1 0 1 0 0 0 3 105 47 0 0 94 9 6 35 107 3 0 20
 149 67 13 24 44 1 0 6 118 10 0 0 4 3 0 6 1 0 0 0
 81 43 0 1 98 18 0 6 149 10 0 9 149 3 0 2 69 5 0 32
 132 0 0 0 7 4 0 9 2 0 0 0 43 21 0 1 51 1 0 0
 103 28 7 40 149 17 0 0 50 8 0 11 100 6 0 0 5 1 0 1
 2 0 0 0 13 8 0 1
1 1 284 177
162.097687 152.621084 1.996418 -1.460730
 44 19 5 45 74 5 0 6 60 15 1 13 46 11 2 8 161 15 0 5
 12 3 1 17 66 10 5 31 18 1 0 2 93 18 2 32 105 2 0 2
 97 34 9 94 45 0 0 0 161 43 5 22 8 1 0 9 67 5 2 23
 18 14 11 21 39 2 0 4 82 31 20 38 95 10 0 52 129 3 3 15
 161 12 1 8 10 0 1 26 64 7 6 4 1 11 16 23 4 26 22 22
 31 11 12 13 70 5 2 20 146 3 2 10 161 11 2 7 8 0 0 15
 47 28 24 35 4 0 0 0
1 1 283 209
160.998046 184.941530 2.069798 -1.493314
 57 8 0 15 131 0 0 5 71 10 1 6 73 14 1 16 150 4 0 1
 16 5 1 54 61 5 16 21 2 7 15 13 43 1 0 14 104 23 8 49
 64 17 4 47 84 8 1 32 150 54 5 16 12 1 0 16 60 15 14 57
 41 0 0 1 24 27 10 40 63 18 5 12 72 16 1 17 150 6 0 11
 150 10 0 8 28 1 0 29 61 3 0 27 72 1 0 3 66 28 5 41
 73 0 0 2 90 12 3 15 103 4 0 6 150 4 1 4 22 1 0 22
 40 1 0 11 62 2 0 3
0 3 554 455
155.039006 203.372862 1.738372 1.575000
 16 4 1 14 124 11 0 0 108 13 1 3 47 11 1 5 75 3 0 0
 102 23 1 5 124 10 0 0 0 0 0 4 14 3 0 2 124 14 0 0
 124 29 0 2 49 11 0 3 59 8 2 8 74 50 10 22 124 21 0 0
 1 0 2 21 12 0 0 3 124 8 0 5 124 4 0 6 52 4 0 37
 49 21 10 53 93 7 1 5 124 38 4 3 1 0 0 6 13 4 0 9
 124 3 0 1 117 23 0 4 54 1 0 6 59 4 0 7 124 3 0 3
 124 3 0 0 3 0 0 8
1 1 284 169
162.326250 145.285390 2.216287 -1.493481
 40 8 0 21 128 5 0 3 78 26 4 57 39 0 0 2 157 34 4 21
 12 1 1 6 51 2 0 8 9 12 13 22 13 2 2 8 95 40 18 24
 61 7 0 21 139 10 10 24 157 18 1 8 27 0 0 8 65 20 17 16
 2 3 6 9 13 36 40 69 38 6 4 4 57 27 11 34 143 2 2 6
 157 15 2 10 28 0 0 12 85 28 17 39 22 0 0 1 54 15 4 27
 63 0 0 4 79 13 2 31 95 0 0 2 157 14 1 7 24 0 0 2
 92 4 0 9 43 0 0 2
1 1 282 228
160.111241 204.086326 2.186769 -1.563595
 58 5 0 12 121 1 0 1 84 7 0 8 93 17 1 4 144 11 0 2
 26 4 1 6 69 4 0 5 58 2 0 0 50 2 0 3 118 30 9 22
 86 4 1 25 116 7 1 16 144 9 1 5 30 3 0 8 80 5 0 3
 73 8 0 3 29 24 2 25 115 15 2 5 68 22 1 6 125 18 0 4
 144 19 0 1 28 5 1 5 58 5 0 3 36 20 24 15 38 11 0 7
 142 4 0 1 66 16 1 3 67 14 1 8 144 10 0 1 17 6 2 26
 52 6 14 20 3 5 16 8
1 1 283 204
161.245987 180.243058 1.927491 -1.563611
 52 1 0 4 65 12 4 38 47 17 4 32 67 10 1 16 155 65 4 10
 6 1 0 6 45 14 7 38 39 0 0 0 25 21 7 20 50 26 8 21
 54 17 1 18 155 14 0 6 155 29 0 5 23 2 0 5 71 6 0 20
 78 1 0 0 55 51 10 51 79 0 0 0 76 25 3 7 140 18 0 4
 155 16 1 2 26 4 0 13 68 4 0 8 82 7 0 1 77 13 0 11
 95 9 0 9 78 10 3 15 95 4 0 4 155 22 1 4 19 2 1 3
 53 5 0 8 45 15 1 3
0 3 507 449
131.338559 200.330561 1.470391 -1.331479
 11 73 51 18 3 8 64 30 26 6 22 92 59 64 18 4 130 19 2 8
 7 7 1 4 56 3 0 0 1 0 0 0 1 3 75 46 9 14 107 25
 23 4 17 92 130 77 23 3 130 18 0 12 21 8 1 8 76 3 0 2
 1 0 0 2 18 38 71 34 2 5 24 50 19 5 19 49 87 120 31 23
 130 24 0 5 22 24 3 16 72 9 0 0 0 0 1 6 17 100 77 3
 0 4 21 14 9 15 98 70 36 14 11 41 125 3 1 12 13 3 0 122
 37 0 0 0 0 0 6 30
0 2 472 521
114.180527 236.377244 1.257454 -0.689321
 3 23 67 18 15 52 10 2 21 6 99 123 26 37 3 10 123 4 11 27
 6 1 0 82 35 1 0 0 0 0 0 30 2 2 0 3 15 93 80 17
 38 1 1 8 94 123 25 13 123 23 0 0 9 11 2 29 31 8 2 3
 0 0 0 4 8 123 100 49 18 15 30 16 32 4 34 123 123 46 6 7
 123 9 0 8 17 3 0 44 33 3 0 4 6 1 0 5 19 95 81 32
 5 25 45 36 77 7 41 85 13 26 7 32 123 1 0 1 0 0 0 61
 10 0 0 0 2 3 0 4
0 3 503 462
129.330258 206.961705 1.519782 -1.256254
 11 17 0 0 0 37 116 17 12 16 0 7 42 102 85 6 119 67 0 2
 16 14 0 2 61 7 0 0 0 0 0 5 28 131 55 12 1 3 24 21
 14 15 51 131 92 38 12 4 131 13 4 34 28 5 0 19 83 0 0 0
 0 0 0 12 9 30 36 14 4 15 131 36 21 5 19 72 87 109 41 6
 131 6 1 11 16 14 1 15 78 1 0 1 1 0 0 4 4 12 93 35
 4 5 25 15 20 3 21 77 84 50 12 9 131 5 0 9 13 7 1 24
 47 1 0 2 0 0 0 4
0 1 492 720
124.193403 336.141131 0.964505 1.759112
 0 4 14 0 0 54 41 0 83 42 11 0 0 24 7 5 134 28 0 4
 20 0 0 5 7 1 0 28 134 0 0 0 0 2 4 2 9 98 84 18
 83 4 0 2 33 129 30 15 134 17 0 0 32 3 1 11 10 0 0 13
 134 3 0 0 1 24 134 26 13 11 7 6 46 15 52 54 57 28 1 6
 134 34 1 1 31 4 0 17 10 3 0 3 134 27 0 1 0 10 86 2
 0 15 30 0 15 58 60 9 0 7 9 1 76 134 2 0 7 1 1 5
 12 33 1 3 101 65 0 0
1 1 204 185
81.928691 160.908602 1.981397 1.445756
 2 46 88 15 1 3 15 9 43 65 61 34 3 10 14 6 121 104 3 1
 33 5 0 2 2 1 0 0 76 20 0 0 35 11 11 1 2 31 39 121
 62 15 6 3 41 121 53 42 121 43 0 0 21 19 1 11 17 1 0 0
 79 38 0 0 77 27 42 13 12 29 13 65 39 17 54 57 107 67 8 23
 121 60 6 5 19 18 2 25 29 10 0 0 74 50 0 1 3 16 99 15
 1 0 53 16 6 15 96 42 4 0 95 19 121 79 11 3 2 1 37 74
 42 13 0 0 58 28 1 17
1 2 276 313
153.919495 289.011236 2.478797 -1.864117
 0 0 0 2 68 84 4 0 77 1 0 1 52 71 11 38 164 6 0 0
 0 0 0 129 65 1 0 0 2 3 2 41 1 5 8 17 39 48 17 3
 80 15 0 3 87 113 12 15 164 54 0 0 3 4 2 26 92 15 4 5
 2 0 0 3 18 23 23 9 8 27 45 36 38 4 10 15 50 142 34 27
 164 14 0 1 4 15 10 88 71 12 10 6 0 0 0 4 6 26 43 9
 16 11 8 7 32 16 28 32 28 20 10 15 164 31 1 4 4 4 2 28
 43 8 2 6 1 0 0 1
1 3 204 331
82.348307 307.187613 3.204192 1.197463
 7 12 4 2 34 99 31 2 31 35 18 5 44 74 8 10 146 70 2 0
 0 1 1 39 49 3 0 0 0 0 16 33 49 31 3 2 28 49 10 11
 45 0 0 0 98 146 16 17 146 2 0 0 7 6 3 42 91 6 2 2
 0 0 3 14 95 7 0 3 30 6 2 12 44 9 1 27 146 24 1 5
 146 50 1 4 17 2 0 10 79 18 3 3 0 0 0 1 43 0 0 7
 39 4 2 51 18 9 1 47 146 3 0 4 146 92 1 6 14 0 0 0
 66 48 4 3 0 0 0 0
1 1 226 293
103.979921 269.115704 2.110210 -0.497242
 0 0 0 7 53 65 1 1 21 1 2 14 26 32 3 20 127 1 0 3
 3 1 1 111 24 0 0 47 78 3 1 23 3 0 0 0 52 127 4 5
 45 7 0 0 61 90 3 12 127 23 0 2 16 7 1 42 19 0 0 34
 127 41 1 6 6 0 0 0 71 98 1 4 30 8 1 5 127 93 1 8
 127 65 2 3 13 9 1 28 27 13 1 3 127 63 1 4 4 0 0 0
 72 15 0 1 6 11 3 14 127 27 0 0 102 127 10 9 24 1 0 0
 19 47 23 31 60 7 0 0
1 1 309 284
186.943207 259.666875 1.937392 -1.625896
 0 0 0 24 95 11 0 0 49 5 1 13 133 53 23 30 135 31 1 0
 1 1 5 35 14 9 1 10 25 0 0 0 0 1 0 20 83 12 0 0
 13 25 43 121 118 40 15 10 135 135 44 19 3 0 3 13 29 30 3 8
 27 0 0 0 1 3 0 25 109 0 0 0 38 8 8 69 135 13 3 14
 135 39 7 8 20 3 2 46 60 17 2 4 19 0 0 1 3 1 0 7
 69 13 0 0 10 0 0 4 106 87 69 35 102 1 0 0 3 7 38 118
 23 8 0 2 9 0 0 6
1 2 306 344
183.898672 320.341298 2.285269 -1.820455
 3 0 0 2 79 61 0 0 37 61 17 28 106 28 1 1 126 98 3 0
 1 2 0 1 10 2 0 0 18 36 1 1 18 14 0 0 81 61 0 0
 47 19 2 4 126 126 9 8 126 62 0 0 6 11 8 35 38 3 0 0
 7 33 9 11 82 53 0 0 16 38 2 2 9 0 0 5 70 126 50 17
 126 56 15 13 16 31 37 72 46 38 0 0 5 11 5 10 126 45 0 0
 1 3 0 5 11 1 0 13 126 41 3 0 63 66 21 33 97 28 2 5
 89 65 1 0 4 0 0 1
1 1 309 284
186.943207 259.666875 1.937392 1.338530
 1 0 0 14 35 8 0 0 9 21 58 110 101 2 0 0 127 99 47 13
 4 0 0 0 50 8 0 0 5 6 0 2 10 1 0 0 66 33 3 2
 33 11 3 19 135 76 8 7 135 46 2 4 24 9 7 36 103 6 0 0
 1 4 0 5 31 4 0 0 22 34 3 3 5 0 0 4 112 135 49 19
 117 45 24 15 19 31 45 89 92 40 3 0 0 0 0 5 49 4 0 0
 1 7 2 4 0 0 0 9 122 64 4 1 72 44 24 31 110 28 2 2
 135 32 2 0 0 0 0 7
