0 1256 570 813 -722 -249 -1528
1 1263 572 814 -719 -249 -1532
2 1261 571 813 -719 -248 -1532
3 1261 566 813 -720 -248 -1530
4 1263 567 812 -720 -249 -1527
5 1261 573 814 -718 -247 -1528
6 1261 570 813 -719 -246 -1528
7 1261 569 811 -716 -247 -1532
8 1258 571 814 -719 -250 -1536
9 1256 567 811 -723 -250 -1535
10 1254 568 810 -721 -251 -1531
11 1257 566 816 -719 -250 -1534
12 1258 569 811 -720 -251 -1533
13 1258 569 810 -721 -249 -1529
14 1255 568 813 -719 -250 -1532
15 1260 567 815 -719 -250 -1529
16 1261 568 811 -719 -249 -1533
17 1259 568 812 -722 -249 -1530
18 1257 572 812 -718 -251 -1532
19 1259 568 812 -720 -249 -1531
20 1256 569 811 -722 -248 -1530
21 1257 571 810 -722 -248 -1531
22 1257 571 812 -717 -251 -1533
23 1256 567 811 -718 -248 -1535
24 1257 570 812 -721 -249 -1532
25 1255 569 812 -721 -253 -1531
26 1261 568 812 -719 -248 -1531
27 1261 569 812 -719 -250 -1533
28 1263 571 809 -722 -250 -1530
29 1260 567 813 -720 -249 -1529
30 1259 569 812 -720 -250 -1531
31 1261 573 811 -718 -250 -1527
32 1259 570 814 -720 -250 -1528
33 1255 566 811 -720 -250 -1531
34 1258 570 813 -720 -251 -1533
35 1256 567 812 -719 -251 -1534
36 1256 566 811 -720 -249 -1533
37 1255 569 808 -721 -249 -1533
38 1257 568 811 -724 -251 -1533
39 1255 570 811 -720 -251 -1535
40 1260 567 811 -722 -251 -1535
41 1260 567 809 -720 -252 -1531
42 1255 565 810 -722 -248 -1530
43 1260 568 813 -722 -254 -1534
44 1256 566 811 -722 -253 -1531
45 1257 566 810 -717 -247 -1534
46 1262 571 812 -716 -248 -1530
47 1259 569 813 -721 -250 -1530
48 1256 569 811 -720 -248 -1533
49 1259 571 813 -720 -250 -1533
50 1257 569 811 -722 -251 -1534
51 1258 567 812 -722 -251 -1531
52 1256 570 810 -723 -248 -1531
53 1258 572 812 -722 -249 -1535
54 1258 568 811 -721 -249 -1530
55 1259 573 813 -722 -247 -1530
56 1256 568 809 -720 -249 -1533
57 1261 570 811 -719 -249 -1531
58 1255 572 814 -719 -250 -1532
59 1256 567 812 -718 -247 -1531
60 1259 570 815 -720 -245 -1532
61 1260 571 811 -720 -249 -1531
62 1257 569 816 -718 -250 -1535
63 1258 569 813 -721 -248 -1530
64 1258 568 812 -718 -247 -1530
65 1261 571 812 -717 -246 -1531
66 1261 573 814 -718 -247 -1531
67 1256 573 814 -719 -246 -1528
68 1261 571 815 -720 -247 -1532
69 1258 569 815 -719 -249 -1529
70 1259 568 812 -722 -252 -1533
71 1256 568 808 -724 -250 -1533
72 1256 569 808 -721 -250 -1535
73 1257 567 810 -723 -248 -1533
74 1256 566 811 -720 -248 -1531
75 1260 569 810 -719 -250 -1532
76 1259 569 811 -720 -250 -1531
77 1257 568 811 -722 -248 -1533
78 1257 568 812 -719 -251 -1527
79 1257 571 812 -719 -250 -1531
80 1258 568 811 -718 -247 -1532
81 1258 570 813 -721 -250 -1531
82 1259 570 813 -720 -249 -1531
83 1257 569 808 -722 -248 -1532
84 1261 569 810 -722 -252 -1530
85 1257 568 812 -718 -251 -1532
86 1260 568 810 -722 -248 -1529
87 1259 571 812 -718 -249 -1531
88 1257 568 812 -719 -248 -1531
89 1262 571 811 -718 -248 -1531
90 1259 572 813 -720 -246 -1529
91 1255 568 813 -719 -249 -1531
92 1259 571 809 -719 -248 -1529
93 1259 571 812 -720 -249 -1531
94 1254 569 810 -719 -252 -1534
95 1255 571 812 -721 -250 -1533
96 1258 569 811 -724 -249 -1531
97 1256 565 811 -720 -249 -1530
98 1257 568 813 -721 -249 -1532
99 1256 569 811 -716 -249 -1534
100 1260 572 812 -717 -249 -1533
101 1260 569 812 -718 -248 -1530
102 1258 573 816 -721 -248 -1531
103 1254 570 813 -723 -251 -1533
104 1255 569 811 -721 -248 -1533
105 1257 570 811 -722 -247 -1530
106 1257 568 815 -722 -250 -1532
107 1258 570 815 -718 -249 -1525
108 1261 569 813 -720 -247 -1533
109 1258 568 812 -718 -249 -1531
110 1255 568 814 -719 -250 -1532
111 1257 571 814 -720 -252 -1530
112 1259 572 812 -719 -248 -1530
113 1258 570 814 -719 -248 -1530
114 1257 571 811 -718 -250 -1528
115 1258 570 813 -723 -247 -1532
116 1258 571 810 -721 -249 -1533
117 1258 567 813 -718 -244 -1527
118 1258 571 813 -720 -251 -1531
119 1256 568 814 -722 -249 -1530
120 1259 570 812 -718 -247 -1530
121 1260 569 814 -719 -249 -1533
122 1259 568 815 -720 -250 -1530
123 1257 566 810 -719 -251 -1531
124 1259 571 809 -722 -248 -1532
125 1260 569 811 -721 -249 -1529
126 1256 565 811 -721 -249 -1535
127 1257 566 812 -725 -250 -1534
128 1255 568 811 -722 -249 -1529
129 1255 570 812 -716 -248 -1531
130 1259 571 815 -719 -246 -1531
131 1263 572 816 -721 -248 -1529
132 1258 568 813 -720 -249 -1532
133 1260 570 814 -718 -249 -1530
134 1258 569 814 -720 -250 -1532
135 1258 569 813 -720 -248 -1532
136 1256 570 813 -723 -250 -1530
137 1260 566 812 -719 -247 -1531
138 1259 571 815 -720 -249 -1532
139 1257 570 812 -720 -248 -1530
140 1259 569 814 -721 -251 -1530
141 1257 570 810 -722 -248 -1533
142 1257 571 809 -721 -253 -1535
143 1255 568 813 -720 -250 -1534
144 1255 568 813 -716 -248 -1531
145 1257 569 812 -718 -248 -1534
146 1257 570 814 -718 -246 -1533
147 1258 569 814 -722 -249 -1533
148 1256 571 811 -718 -251 -1531
149 1260 570 814 -720 -249 -1526
150 1254 571 813 -721 -253 -1529
151 1258 572 814 -719 -251 -1529
152 1258 569 810 -722 -249 -1532
153 1259 567 813 -720 -251 -1530
154 1256 569 812 -717 -248 -1528
155 1262 571 812 -721 -251 -1531
156 1257 568 810 -720 -248 -1532
157 1256 572 812 -721 -250 -1532
158 1255 566 812 -719 -252 -1532
159 1258 567 808 -722 -252 -1534
160 1254 566 806 -725 -252 -1531
161 1257 568 809 -724 -252 -1533
162 1259 565 807 -722 -247 -1529
163 1259 570 809 -720 -250 -1532
164 1257 570 811 -719 -250 -1533
165 1259 571 812 -721 -248 -1528
166 1256 569 812 -721 -248 -1527
167 1259 569 813 -717 -248 -1531
168 1261 571 814 -719 -252 -1531
169 1260 570 813 -719 -249 -1533
170 1259 568 811 -721 -251 -1528
171 1258 566 810 -721 -250 -1532
172 1257 569 808 -721 -252 -1533
173 1257 569 811 -722 -247 -1531
174 1259 568 809 -723 -248 -1532
175 1256 571 809 -720 -251 -1530
176 1258 569 812 -721 -250 -1529
177 1259 571 813 -718 -247 -1530
178 1258 572 814 -721 -247 -1530
179 1260 570 811 -716 -248 -1529
180 1259 568 813 -718 -247 -1533
181 1258 571 815 -718 -248 -1530
182 1262 572 814 -720 -247 -1534
183 1258 569 809 -719 -250 -1533
184 1256 570 814 -719 -250 -1531
185 1257 570 813 -717 -250 -1529
186 1258 571 812 -719 -249 -1533
187 1257 569 812 -718 -249 -1532
188 1256 567 813 -722 -250 -1530
189 1258 568 812 -722 -250 -1534
190 1259 571 812 -718 -248 -1532
191 1259 571 813 -718 -249 -1530
192 1258 567 813 -723 -247 -1533
193 1257 567 811 -722 -248 -1530
194 1259 567 811 -721 -250 -1534
195 1256 568 808 -717 -248 -1527
196 1260 570 812 -717 -251 -1534
197 1254 567 813 -720 -249 -1528
198 1258 572 813 -718 -249 -1531
199 1258 569 813 -722 -249 -1532
200 1257 571 813 -718 -250 -1534
201 1259 569 813 -720 -250 -1530
202 1258 571 813 -722 -251 -1533
203 1259 570 812 -718 -250 -1532
204 1259 567 811 -721 -248 -1530
205 1258 567 814 -720 -249 -1533
206 1260 568 813 -720 -253 -1531
207 1257 568 814 -721 -251 -1529
208 1258 567 810 -723 -252 -1532
209 1255 566 808 -728 -254 -1535
210 1257 568 810 -723 -249 -1535
211 1257 570 811 -723 -252 -1533
212 1255 566 807 -722 -251 -1532
213 1255 567 810 -721 -251 -1535
214 1262 570 812 -719 -249 -1529
215 1260 571 814 -718 -246 -1530
216 1260 567 812 -722 -251 -1533
217 1259 568 811 -718 -248 -1531
218 1261 571 812 -718 -247 -1526
219 1260 569 812 -718 -251 -1528
220 1260 570 813 -719 -250 -1534
221 1258 568 813 -719 -250 -1533
222 1256 565 813 -722 -253 -1534
223 1258 569 810 -723 -251 -1534
224 1259 567 814 -720 -252 -1531
225 1255 567 813 -720 -247 -1532
226 1259 569 813 -716 -248 -1528
227 1257 572 810 -720 -250 -1536
228 1258 571 813 -721 -253 -1535
229 1253 565 810 -722 -248 -1533
230 1261 572 813 -722 -248 -1533
231 1256 569 812 -720 -253 -1534
232 1256 567 812 -721 -252 -1536
233 1254 568 813 -722 -251 -1534
234 1256 568 810 -723 -254 -1536
235 1258 565 810 -721 -254 -1538
236 1259 566 811 -722 -251 -1534
237 1258 566 811 -721 -248 -1533
238 1256 566 813 -720 -249 -1535
239 1261 569 814 -721 -249 -1533
240 1258 570 809 -724 -250 -1532
241 1255 565 809 -720 -253 -1534
242 1257 566 807 -723 -252 -1532
243 1258 570 811 -720 -250 -1532
244 1259 570 810 -721 -250 -1533
245 1257 565 814 -722 -250 -1533
246 1258 568 810 -720 -250 -1531
247 1257 568 813 -719 -250 -1530
248 1258 570 811 -720 -253 -1534
249 1256 569 810 -720 -251 -1532
250 1258 568 807 -721 -249 -1533
251 1257 571 812 -722 -251 -1532
252 1258 566 810 -723 -250 -1533
253 1255 567 808 -721 -252 -1534
254 1257 568 809 -722 -250 -1533
255 1256 568 808 -722 -249 -1533
256 1257 567 811 -721 -250 -1533
257 1255 565 810 -723 -248 -1534
258 1256 568 813 -722 -251 -1534
259 1256 565 808 -720 -251 -1534
260 1255 566 808 -722 -250 -1534
261 1259 568 809 -719 -251 -1534
262 1260 570 808 -720 -249 -1530
263 1257 570 815 -720 -247 -1532
264 1259 571 813 -722 -250 -1529
265 1259 570 812 -721 -250 -1531
266 1256 568 809 -721 -248 -1532
267 1258 568 814 -718 -253 -1528
268 1259 568 813 -717 -248 -1531
269 1257 568 814 -719 -249 -1532
270 1257 565 813 -721 -252 -1534
271 1259 567 810 -722 -253 -1536
272 1253 567 808 -720 -248 -1533
273 1255 569 812 -715 -245 -1533
274 1255 571 813 -719 -246 -1533
275 1257 567 811 -719 -250 -1531
276 1257 567 814 -720 -249 -1531
277 1259 569 811 -718 -249 -1530
278 1259 571 814 -717 -249 -1530
279 1258 569 815 -717 -249 -1532
280 1258 569 813 -719 -249 -1531
281 1258 570 811 -719 -247 -1529
282 1258 569 813 -721 -249 -1530
283 1259 569 812 -724 -249 -1533
284 1259 570 812 -715 -247 -1529
285 1260 570 815 -715 -249 -1530
286 1261 571 815 -720 -248 -1530
287 1259 569 814 -717 -246 -1531
288 1262 570 813 -720 -249 -1530
289 1259 570 813 -722 -252 -1529
290 1259 569 811 -720 -248 -1533
291 1262 568 813 -723 -251 -1531
292 1260 570 812 -721 -248 -1532
293 1259 569 813 -718 -246 -1530
294 1260 572 814 -717 -247 -1530
295 1259 569 814 -724 -250 -1530
296 1258 572 813 -719 -247 -1530
297 1257 570 810 -714 -248 -1529
298 1262 571 815 -718 -245 -1532
299 1261 572 814 -718 -248 -1529
300 1260 572 817 -718 -245 -1526
301 1259 573 816 -721 -248 -1530
302 1261 572 812 -722 -250 -1529
303 1257 569 811 -717 -248 -1530
304 1263 571 814 -720 -251 -1532
305 1258 570 814 -719 -250 -1530
306 1262 571 815 -722 -248 -1528
307 1253 565 810 -721 -247 -1532
308 1257 568 812 -724 -249 -1534
309 1260 570 811 -718 -248 -1532
310 1254 571 812 -719 -251 -1532
311 1257 568 812 -721 -248 -1530
312 1258 575 813 -716 -247 -1529
313 1261 572 816 -717 -248 -1530
314 1258 571 814 -716 -245 -1528
315 1258 573 814 -720 -248 -1531
316 1258 572 815 -715 -247 -1530
317 1258 573 813 -716 -249 -1529
318 1258 570 814 -718 -245 -1529
319 1258 572 813 -716 -249 -1532
320 1260 571 815 -715 -248 -1529
321 1257 571 814 -721 -247 -1531
322 1260 571 814 -721 -249 -1531
323 1258 569 813 -720 -249 -1528
324 1258 568 815 -715 -248 -1527
325 1261 570 812 -718 -248 -1532
326 1261 569 812 -719 -249 -1529
327 1262 570 815 -718 -248 -1528
328 1261 571 812 -719 -253 -1530
329 1259 570 813 -723 -248 -1525
330 1261 570 812 -719 -250 -1528
331 1259 571 812 -721 -252 -1528
332 1255 571 810 -719 -250 -1533
333 1260 568 814 -720 -249 -1529
334 1258 570 813 -721 -249 -1529
335 1260 567 812 -721 -252 -1536
336 1257 569 811 -721 -248 -1530
337 1259 570 810 -721 -249 -1529
338 1258 572 812 -720 -249 -1528
339 1259 569 812 -720 -251 -1533
340 1256 570 810 -719 -250 -1531
341 1260 570 811 -720 -250 -1533
342 1255 570 812 -717 -248 -1531
343 1257 571 813 -721 -248 -1529
344 1255 568 813 -717 -248 -1530
345 1261 571 811 -717 -249 -1529
346 1260 572 811 -719 -248 -1530
347 1260 569 812 -718 -249 -1532
348 1258 572 810 -718 -248 -1533
349 1258 571 815 -718 -248 -1530
350 1257 570 814 -718 -247 -1533
351 1259 570 812 -721 -252 -1531
352 1262 568 813 -720 -249 -1529
353 1262 571 814 -720 -249 -1529
354 1260 568 811 -718 -247 -1529
355 1258 573 813 -720 -246 -1530
356 1260 570 811 -720 -250 -1532
357 1260 569 812 -716 -248 -1531
358 1258 571 814 -720 -244 -1532
359 1260 573 816 -717 -248 -1530
360 1255 572 812 -719 -249 -1529
361 1257 571 814 -720 -248 -1533
362 1257 570 813 -718 -246 -1532
363 1257 570 813 -718 -246 -1530
364 1258 569 815 -717 -249 -1530
365 1259 573 815 -721 -246 -1530
366 1258 569 811 -718 -248 -1531
367 1255 571 811 -720 -249 -1531
368 1258 570 813 -716 -248 -1528
369 1262 572 815 -721 -248 -1530
370 1259 571 812 -719 -247 -1531
371 1262 571 815 -721 -250 -1527
372 1261 570 815 -720 -247 -1529
373 1258 569 809 -722 -247 -1530
374 1258 572 812 -720 -249 -1534
375 1258 570 812 -721 -248 -1530
376 1263 568 807 -720 -248 -1527
377 1260 569 811 -719 -249 -1532
378 1260 570 813 -721 -249 -1530
379 1256 569 812 -721 -251 -1533
380 1256 568 807 -719 -249 -1531
381 1258 570 813 -717 -248 -1532
382 1261 570 814 -719 -248 -1528
383 1258 571 814 -719 -248 -1532
384 1261 570 813 -719 -246 -1528
385 1258 570 813 -719 -248 -1532
386 1261 570 813 -717 -249 -1529
387 1261 572 814 -717 -247 -1529
388 1261 571 815 -720 -247 -1531
389 1259 569 813 -719 -246 -1528
390 1259 569 816 -718 -248 -1526
391 1258 572 817 -717 -247 -1530
392 1258 570 815 -720 -248 -1533
393 1257 568 814 -717 -250 -1530
394 1258 568 815 -718 -247 -1529
395 1258 569 812 -718 -250 -1535
396 1256 569 812 -717 -247 -1532
397 1259 571 811 -720 -250 -1531
398 1259 571 812 -720 -248 -1531
399 1258 566 810 -718 -250 -1532
400 1258 568 814 -720 -249 -1534
401 1258 568 810 -719 -247 -1531
402 1258 572 814 -720 -249 -1531
403 1259 571 813 -721 -250 -1532
404 1256 569 812 -723 -248 -1531
405 1256 569 809 -720 -254 -1532
406 1256 568 812 -721 -247 -1533
407 1257 570 810 -719 -252 -1529
408 1256 569 813 -719 -249 -1531
409 1256 567 810 -721 -252 -1531
410 1256 569 814 -721 -248 -1530
411 1262 575 812 -717 -248 -1530
412 1260 568 814 -718 -249 -1530
413 1259 571 812 -718 -248 -1532
414 1258 571 813 -719 -247 -1532
415 1261 572 812 -722 -248 -1531
416 1257 570 811 -721 -249 -1532
417 1261 574 814 -722 -252 -1532
418 1260 566 813 -720 -248 -1531
419 1260 570 811 -719 -249 -1528
420 1260 567 812 -718 -247 -1533
421 1259 567 812 -720 -251 -1536
422 1257 569 810 -722 -249 -1531
423 1261 572 811 -721 -249 -1530
424 1261 574 815 -719 -250 -1528
425 1261 569 813 -715 -247 -1527
426 1261 574 815 -718 -248 -1531
427 1258 572 813 -718 -249 -1530
428 1256 571 812 -716 -250 -1530
429 1259 570 813 -717 -248 -1527
430 1260 571 814 -718 -246 -1526
431 1258 570 813 -719 -249 -1531
432 1258 569 812 -719 -248 -1531
433 1260 569 811 -718 -247 -1532
434 1256 573 812 -720 -248 -1530
435 1257 571 813 -721 -249 -1526
436 1258 569 812 -720 -250 -1531
437 1261 572 813 -721 -246 -1532
438 1262 571 811 -719 -245 -1526
439 1258 572 815 -720 -250 -1530
440 1260 568 814 -719 -249 -1531
441 1258 567 813 -719 -247 -1527
442 1260 569 810 -717 -246 -1533
443 1257 570 813 -720 -248 -1532
444 1257 571 813 -723 -250 -1531
445 1260 570 811 -719 -248 -1529
446 1258 573 813 -718 -247 -1531
447 1259 573 812 -717 -247 -1530
448 1261 571 814 -718 -243 -1531
449 1259 572 816 -716 -246 -1529
450 1258 573 815 -718 -245 -1529
451 1263 573 817 -719 -245 -1526
452 1261 572 814 -717 -246 -1530
453 1261 571 814 -715 -248 -1528
454 1262 569 816 -716 -245 -1524
455 1261 574 813 -718 -248 -1531
456 1263 574 814 -717 -246 -1529
457 1262 573 814 -720 -248 -1530
458 1258 569 814 -719 -247 -1529
459 1260 573 813 -719 -244 -1527
460 1260 571 816 -716 -249 -1529
461 1260 569 816 -718 -247 -1529
462 1261 570 815 -722 -247 -1530
463 1257 571 813 -720 -250 -1528
464 1260 571 814 -719 -245 -1529
465 1263 571 813 -719 -247 -1529
466 1262 572 811 -718 -247 -1530
467 1259 571 812 -720 -246 -1530
468 1260 568 813 -722 -250 -1533
469 1258 568 809 -720 -248 -1531
470 1257 569 812 -719 -248 -1532
471 1258 569 814 -720 -250 -1530
472 1257 569 813 -718 -249 -1527
473 1259 569 815 -716 -244 -1528
474 1261 576 813 -716 -248 -1530
475 1261 576 814 -715 -249 -1528
476 1260 574 816 -717 -248 -1530
477 1261 572 816 -718 -246 -1530
478 1260 570 817 -717 -245 -1531
479 1261 572 811 -719 -249 -1525
480 1259 570 811 -717 -245 -1529
481 1258 568 813 -716 -246 -1531
482 1261 572 813 -718 -250 -1528
483 1257 570 813 -716 -241 -1530
484 1262 571 812 -719 -248 -1525
485 1259 570 814 -716 -248 -1529
486 1261 573 816 -719 -249 -1530
487 1258 570 814 -717 -245 -1530
488 1257 570 815 -717 -248 -1527
489 1257 572 815 -716 -246 -1530
490 1259 571 813 -720 -245 -1529
491 1259 568 814 -720 -248 -1533
492 1259 574 813 -718 -249 -1531
493 1258 571 812 -716 -248 -1533
494 1260 570 812 -715 -246 -1526
495 1259 569 815 -719 -249 -1532
496 1260 572 811 -719 -248 -1526
497 1259 573 815 -718 -247 -1529
498 1259 570 814 -720 -249 -1531
499 1261 570 811 -720 -248 -1529
500 1260 572 816 -718 -250 -1533
501 1261 570 814 -720 -245 -1531
502 1258 570 814 -716 -247 -1527
503 1260 571 816 -721 -246 -1529
504 1259 570 812 -721 -249 -1530
505 1260 570 813 -717 -247 -1528
506 1261 569 812 -720 -247 -1529
507 1260 569 812 -715 -248 -1524
508 1262 574 814 -718 -248 -1533
509 1259 567 811 -720 -251 -1529
510 1259 570 809 -721 -249 -1530
511 1259 570 815 -717 -248 -1532
512 1258 570 814 -717 -246 -1530
513 1259 570 812 -718 -250 -1530
514 1261 571 813 -719 -248 -1531
515 1259 571 811 -720 -249 -1530
516 1258 570 814 -718 -248 -1530
517 1261 566 816 -721 -248 -1529
518 1256 567 812 -723 -253 -1530
519 1260 566 813 -723 -251 -1533
520 1256 566 813 -720 -251 -1531
521 1258 570 812 -721 -252 -1530
522 1256 569 812 -719 -247 -1529
523 1255 571 813 -720 -249 -1532
524 1256 569 812 -719 -248 -1529
525 1260 572 811 -720 -246 -1533
526 1259 570 816 -723 -249 -1530
527 1258 568 811 -720 -247 -1532
528 1257 572 811 -721 -248 -1533
529 1260 569 814 -717 -244 -1531
530 1262 572 812 -717 -248 -1529
531 1259 572 813 -717 -247 -1533
532 1258 569 811 -719 -246 -1530
533 1259 574 813 -720 -248 -1529
534 1257 571 813 -718 -248 -1528
535 1257 572 816 -715 -244 -1530
536 1259 571 813 -717 -247 -1530
537 1261 567 814 -721 -248 -1531
538 1255 569 813 -720 -249 -1532
539 1256 570 813 -719 -246 -1532
540 1259 570 809 -721 -249 -1530
541 1261 568 811 -721 -248 -1532
542 1261 569 812 -720 -248 -1530
543 1259 568 812 -714 -248 -1531
544 1261 572 817 -717 -248 -1529
545 1259 570 810 -716 -251 -1532
546 1260 570 814 -721 -248 -1530
547 1256 570 813 -721 -252 -1529
548 1260 571 812 -720 -248 -1532
549 1256 569 811 -718 -248 -1528
550 1260 571 813 -717 -250 -1530
551 1260 572 812 -718 -248 -1531
552 1259 569 814 -719 -246 -1529
553 1259 569 811 -717 -248 -1528
554 1257 568 815 -718 -249 -1531
555 1261 571 815 -718 -248 -1527
556 1258 570 812 -718 -245 -1529
557 1260 571 815 -718 -247 -1531
558 1262 570 814 -721 -249 -1531
559 1257 568 810 -720 -252 -1532
560 1258 568 812 -718 -247 -1530
561 1260 571 814 -716 -248 -1531
562 1259 572 813 -719 -248 -1530
563 1259 570 812 -717 -248 -1530
564 1263 570 816 -719 -245 -1529
565 1261 571 813 -716 -248 -1532
566 1259 571 815 -717 -248 -1527
567 1262 570 815 -718 -249 -1530
568 1262 571 815 -719 -246 -1525
569 1264 567 813 -716 -248 -1529
570 1259 573 813 -720 -245 -1530
571 1259 571 813 -718 -246 -1528
572 1260 572 815 -717 -248 -1532
573 1260 573 816 -717 -247 -1530
574 1258 569 812 -717 -246 -1529
575 1261 566 811 -717 -249 -1532
576 1260 571 813 -718 -248 -1531
577 1262 570 814 -720 -245 -1530
578 1258 571 813 -720 -248 -1532
579 1259 570 815 -716 -247 -1527
580 1260 569 812 -718 -248 -1530
581 1257 570 818 -720 -247 -1529
582 1261 567 815 -721 -248 -1531
583 1261 569 812 -718 -245 -1527
584 1258 570 816 -720 -245 -1532
585 1256 571 813 -717 -246 -1529
586 1260 571 814 -714 -248 -1527
587 1262 572 817 -720 -243 -1531
588 1262 568 811 -719 -243 -1528
589 1263 573 813 -715 -244 -1529
590 1260 572 815 -716 -246 -1525
591 1261 574 816 -718 -244 -1531
592 1260 571 811 -720 -247 -1532
593 1258 571 815 -715 -245 -1528
594 1260 572 812 -720 -247 -1531
595 1260 570 815 -718 -246 -1528
596 1258 568 818 -719 -248 -1531
597 1256 571 816 -720 -249 -1529
598 1254 570 811 -719 -248 -1532
599 1260 570 810 -719 -248 -1529
600 1262 571 815 -719 -248 -1530
601 1260 569 813 -718 -249 -1530
602 1260 571 812 -719 -249 -1532
603 1260 567 812 -719 -249 -1529
604 1263 572 811 -719 -248 -1532
605 1261 570 814 -722 -247 -1529
606 1261 571 814 -719 -250 -1532
607 1261 568 813 -720 -247 -1530
608 1261 570 814 -717 -247 -1529
609 1259 571 814 -715 -245 -1529
610 1261 570 813 -719 -249 -1528
611 1259 573 812 -719 -248 -1533
612 1258 570 810 -720 -251 -1532
613 1258 570 813 -722 -250 -1530
614 1257 570 814 -722 -248 -1530
615 1257 569 813 -720 -246 -1530
616 1258 572 811 -720 -251 -1530
617 1259 570 812 -721 -249 -1529
618 1258 568 807 -718 -246 -1530
619 1259 569 817 -718 -244 -1530
620 1259 571 816 -717 -246 -1530
621 1261 569 813 -719 -246 -1531
622 1258 573 817 -715 -246 -1527
623 1258 570 814 -718 -246 -1529
624 1260 570 812 -721 -246 -1533
625 1261 568 814 -721 -246 -1534
626 1256 571 814 -718 -248 -1533
627 1257 567 812 -721 -248 -1533
628 1259 571 815 -720 -246 -1534
629 1260 569 813 -721 -248 -1531
630 1257 569 813 -719 -248 -1532
631 1261 566 813 -719 -248 -1530
632 1261 569 813 -716 -247 -1531
633 1255 570 815 -719 -248 -1532
634 1258 567 811 -716 -249 -1532
635 1260 568 811 -722 -247 -1532
636 1255 569 813 -721 -250 -1534
637 1256 572 812 -722 -250 -1532
638 1259 567 813 -722 -251 -1533
639 1258 567 810 -723 -250 -1534
640 1258 570 810 -721 -250 -1531
641 1260 569 814 -718 -248 -1529
642 1257 567 814 -721 -249 -1533
643 1260 568 812 -717 -249 -1529
644 1260 570 812 -720 -249 -1531
645 1261 569 812 -718 -246 -1531
646 1256 567 814 -722 -248 -1533
647 1257 567 812 -723 -251 -1531
648 1257 569 812 -722 -251 -1530
649 1257 571 811 -721 -251 -1532
650 1256 569 811 -721 -254 -1531
651 1259 568 810 -719 -254 -1533
652 1258 568 810 -723 -252 -1532
653 1260 567 812 -721 -247 -1529
654 1259 568 813 -720 -247 -1530
655 1259 567 812 -722 -249 -1534
656 1261 568 813 -719 -250 -1533
657 1257 570 812 -718 -249 -1530
658 1259 572 811 -722 -248 -1532
659 1259 568 810 -721 -250 -1533
660 1260 570 813 -722 -251 -1528
661 1258 570 814 -718 -249 -1530
662 1256 567 809 -725 -249 -1531
663 1256 565 811 -720 -250 -1533
664 1259 569 810 -718 -249 -1529
665 1259 571 812 -721 -249 -1531
666 1255 571 815 -719 -250 -1530
667 1256 569 812 -718 -250 -1533
668 1261 569 813 -717 -248 -1531
669 1255 570 815 -723 -249 -1533
670 1258 570 811 -722 -249 -1532
671 1256 568 816 -720 -251 -1533
672 1257 567 813 -719 -247 -1533
673 1258 568 811 -721 -249 -1532
674 1257 569 812 -722 -251 -1531
675 1259 570 811 -721 -250 -1528
676 1258 571 812 -720 -247 -1531
677 1257 566 812 -721 -250 -1533
678 1256 568 815 -719 -250 -1531
679 1257 570 816 -719 -249 -1532
680 1259 571 813 -717 -251 -1532
681 1258 569 811 -719 -248 -1530
682 1259 571 816 -718 -248 -1528
683 1258 571 814 -718 -248 -1529
684 1255 569 813 -718 -248 -1530
685 1262 568 812 -719 -250 -1528
686 1262 572 812 -717 -248 -1529
687 1263 571 814 -721 -251 -1533
688 1260 570 813 -717 -248 -1531
689 1257 565 814 -719 -249 -1532
690 1258 569 812 -720 -247 -1529
691 1259 573 813 -722 -249 -1531
692 1257 567 811 -721 -249 -1534
693 1258 573 817 -721 -251 -1531
694 1257 571 812 -720 -249 -1530
695 1258 569 814 -719 -249 -1530
696 1259 571 813 -718 -247 -1530
697 1259 570 813 -719 -248 -1531
698 1263 570 809 -717 -249 -1527
699 1264 574 814 -717 -247 -1527
700 1260 569 812 -719 -248 -1528
701 1257 569 812 -720 -249 -1529
702 1258 569 814 -720 -250 -1530
703 1259 571 813 -720 -249 -1532
704 1259 569 813 -719 -245 -1531
705 1256 568 814 -719 -246 -1533
706 1257 570 812 -717 -248 -1531
707 1258 569 814 -721 -247 -1530
708 1258 572 812 -719 -248 -1530
709 1257 568 810 -718 -249 -1530
710 1258 573 811 -718 -248 -1529
711 1258 571 814 -720 -249 -1533
712 1259 568 809 -719 -246 -1529
713 1258 571 816 -716 -248 -1530
714 1258 570 815 -720 -248 -1530
715 1257 570 813 -722 -251 -1531
716 1259 569 810 -719 -248 -1532
717 1259 570 811 -719 -247 -1528
718 1257 568 809 -718 -250 -1532
719 1259 571 813 -721 -249 -1534
720 1257 569 808 -721 -251 -1534
721 1260 566 808 -720 -249 -1533
722 1256 568 811 -719 -248 -1530
723 1258 570 814 -719 -248 -1532
724 1258 571 815 -720 -251 -1532
725 1258 569 811 -719 -251 -1532
726 1257 569 810 -720 -249 -1530
727 1257 567 813 -720 -251 -1531
728 1255 568 813 -719 -250 -1532
729 1255 573 817 -722 -247 -1532
730 1255 569 809 -720 -250 -1534
731 1259 570 810 -722 -249 -1531
732 1258 570 813 -719 -248 -1532
733 1259 569 811 -718 -250 -1530
734 1259 569 813 -716 -248 -1532
735 1262 570 813 -721 -250 -1531
736 1260 568 810 -720 -250 -1530
737 1260 566 814 -722 -250 -1529
738 1258 570 813 -722 -250 -1532
739 1256 569 813 -721 -249 -1530
740 1260 570 813 -718 -249 -1529
741 1260 569 812 -722 -249 -1531
742 1257 566 811 -721 -247 -1530
743 1258 571 813 -719 -247 -1530
744 1260 573 813 -721 -250 -1529
745 1259 571 813 -720 -249 -1532
746 1259 571 816 -718 -249 -1529
747 1259 568 810 -721 -249 -1532
748 1257 568 813 -722 -253 -1533
749 1259 571 811 -717 -251 -1535
750 1257 571 809 -721 -249 -1532
751 1256 566 810 -723 -249 -1533
752 1256 569 810 -720 -250 -1531
753 1258 570 810 -720 -249 -1534
754 1258 567 813 -716 -247 -1530
755 1258 571 813 -720 -246 -1533
756 1259 572 813 -718 -249 -1531
757 1258 567 811 -719 -247 -1531
758 1256 568 814 -718 -249 -1533
759 1255 568 811 -722 -249 -1536
760 1258 569 812 -719 -247 -1531
761 1258 569 812 -720 -250 -1534
762 1256 569 811 -720 -251 -1530
763 1257 571 810 -721 -251 -1532
764 1257 570 811 -722 -252 -1536
765 1258 565 812 -722 -251 -1532
766 1254 569 810 -726 -250 -1534
767 1255 565 810 -721 -250 -1533
768 1257 566 811 -722 -252 -1534
769 1258 569 811 -723 -251 -1532
770 1256 567 808 -720 -248 -1533
771 1261 570 812 -722 -249 -1528
772 1258 572 812 -721 -248 -1531
773 1258 568 811 -720 -248 -1537
774 1261 567 815 -723 -251 -1533
775 1256 569 813 -720 -248 -1531
776 1260 570 811 -717 -246 -1528
777 1256 569 813 -719 -248 -1527
778 1256 569 816 -720 -246 -1532
779 1258 569 811 -719 -247 -1527
780 1259 571 813 -719 -251 -1530
781 1260 570 810 -722 -248 -1531
782 1260 569 809 -718 -247 -1530
783 1262 568 813 -717 -250 -1529
784 1260 571 812 -722 -249 -1529
785 1260 569 809 -718 -250 -1531
786 1260 572 815 -725 -249 -1533
787 1255 565 808 -723 -252 -1532
788 1257 569 811 -721 -251 -1532
789 1257 570 810 -723 -249 -1534
790 1255 568 812 -720 -247 -1529
791 1258 565 812 -722 -249 -1533
792 1255 572 809 -719 -250 -1532
793 1258 573 808 -719 -248 -1531
794 1257 569 810 -718 -248 -1531
795 1260 569 811 -720 -248 -1532
796 1258 566 809 -721 -253 -1532
797 1257 568 811 -721 -250 -1533
798 1257 571 810 -719 -250 -1535
799 1257 567 812 -718 -251 -1535
800 1258 570 811 -719 -247 -1531
801 1259 568 811 -720 -246 -1531
802 1261 571 810 -717 -248 -1529
803 1259 570 815 -719 -248 -1531
804 1260 570 815 -718 -250 -1535
805 1256 566 812 -718 -247 -1533
806 1255 569 811 -719 -251 -1531
807 1259 569 812 -718 -249 -1533
808 1260 570 810 -719 -250 -1530
809 1255 568 813 -719 -250 -1533
810 1259 570 815 -718 -247 -1530
811 1259 567 812 -722 -248 -1532
812 1255 570 812 -718 -247 -1531
813 1260 572 814 -720 -248 -1530
814 1257 565 813 -719 -248 -1531
815 1257 569 812 -720 -249 -1532
816 1258 568 809 -721 -248 -1534
817 1258 567 810 -722 -252 -1535
818 1255 566 810 -719 -250 -1530
819 1259 567 810 -723 -254 -1530
820 1257 571 809 -722 -250 -1534
821 1256 571 810 -719 -250 -1531
822 1258 570 812 -722 -252 -1533
823 1257 567 807 -720 -250 -1530
824 1261 570 812 -722 -249 -1532
825 1260 570 810 -724 -254 -1530
826 1258 569 810 -721 -250 -1532
827 1258 567 812 -718 -250 -1530
828 1258 575 816 -720 -249 -1531
829 1259 569 811 -719 -248 -1532
830 1260 570 813 -720 -249 -1531
831 1264 570 812 -719 -248 -1533
832 1259 570 813 -718 -248 -1531
833 1256 570 811 -721 -246 -1532
834 1261 569 814 -716 -250 -1529
835 1256 565 813 -721 -248 -1533
836 1260 571 813 -721 -249 -1533
837 1256 569 811 -719 -251 -1533
838 1259 570 812 -718 -248 -1531
839 1258 569 813 -717 -249 -1534
840 1256 569 811 -721 -252 -1534
841 1257 572 812 -720 -249 -1532
842 1255 566 813 -718 -249 -1533
843 1262 568 815 -718 -250 -1531
844 1258 571 814 -719 -246 -1534
845 1257 570 810 -722 -251 -1532
846 1257 568 812 -719 -250 -1532
847 1254 567 813 -720 -249 -1533
848 1259 570 814 -720 -249 -1535
849 1255 568 809 -718 -247 -1532
850 1257 570 813 -720 -249 -1530
851 1258 569 811 -720 -249 -1535
852 1257 568 810 -718 -250 -1533
853 1254 568 809 -721 -252 -1535
854 1259 567 809 -720 -250 -1530
855 1260 569 811 -724 -251 -1533
856 1256 565 811 -722 -250 -1533
857 1258 569 811 -722 -252 -1531
858 1259 571 807 -724 -251 -1533
859 1257 567 808 -723 -253 -1532
860 1255 566 811 -720 -249 -1535
861 1259 567 810 -720 -249 -1532
862 1258 570 811 -720 -250 -1530
863 1256 569 813 -718 -250 -1532
864 1254 565 813 -721 -251 -1534
865 1255 568 812 -720 -253 -1529
866 1255 566 809 -721 -252 -1530
867 1258 568 812 -724 -252 -1532
868 1260 567 809 -720 -248 -1532
869 1259 568 810 -722 -251 -1532
870 1259 568 811 -719 -250 -1530
871 1258 568 808 -721 -249 -1531
872 1259 568 811 -721 -250 -1529
873 1257 568 811 -724 -252 -1535
874 1255 569 809 -724 -251 -1533
875 1255 568 809 -724 -252 -1533
876 1255 566 807 -721 -252 -1531
877 1257 568 813 -718 -252 -1531
878 1258 567 810 -720 -248 -1537
879 1258 570 813 -720 -252 -1532
880 1259 568 811 -721 -249 -1534
881 1258 568 813 -722 -252 -1532
882 1260 568 811 -718 -248 -1532
883 1259 570 811 -718 -248 -1530
884 1258 570 815 -717 -249 -1531
885 1257 568 814 -719 -251 -1533
886 1257 569 810 -722 -249 -1532
887 1253 570 812 -720 -250 -1533
888 1255 568 811 -721 -250 -1533
889 1255 567 811 -722 -249 -1534
890 1255 567 808 -719 -248 -1536
891 1252 571 811 -719 -248 -1533
892 1253 567 813 -722 -247 -1533
893 1255 569 810 -723 -249 -1537
894 1257 567 811 -721 -249 -1533
895 1253 570 811 -721 -251 -1534
896 1254 568 810 -723 -252 -1533
897 1255 567 810 -720 -251 -1534
898 1256 568 809 -719 -249 -1535
899 1257 568 809 -722 -253 -1535
900 1259 570 811 -724 -248 -1533
901 1256 568 810 -721 -248 -1532
902 1255 567 809 -721 -249 -1533
903 1256 567 811 -719 -252 -1532
904 1260 569 813 -720 -251 -1532
905 1259 572 807 -722 -251 -1529
906 1257 567 810 -721 -248 -1528
907 1261 568 810 -722 -253 -1531
908 1259 570 811 -722 -250 -1531
909 1259 569 810 -720 -247 -1530
910 1259 570 809 -721 -249 -1531
911 1256 569 812 -721 -249 -1533
912 1259 570 810 -723 -249 -1528
913 1260 568 815 -721 -251 -1530
914 1262 568 814 -722 -253 -1533
915 1257 569 811 -720 -251 -1532
916 1256 565 811 -722 -252 -1534
917 1258 566 808 -722 -249 -1533
918 1259 569 812 -720 -250 -1531
919 1257 568 811 -722 -253 -1532
920 1258 571 810 -722 -249 -1530
921 1260 569 813 -722 -250 -1534
922 1260 568 810 -722 -250 -1532
923 1257 569 811 -724 -250 -1532
924 1256 568 812 -719 -249 -1530
925 1258 574 813 -718 -252 -1533
926 1255 568 815 -717 -251 -1535
927 1253 568 814 -719 -249 -1533
928 1256 571 811 -722 -248 -1532
929 1257 572 813 -719 -248 -1530
930 1257 570 812 -717 -247 -1531
931 1254 570 814 -719 -247 -1531
932 1255 569 813 -719 -250 -1534
933 1255 571 812 -718 -247 -1531
934 1256 568 813 -721 -248 -1531
935 1259 569 812 -721 -250 -1532
936 1256 571 812 -718 -249 -1532
937 1258 570 814 -719 -247 -1531
938 1259 568 813 -719 -248 -1531
939 1257 569 813 -719 -248 -1533
940 1258 571 812 -718 -248 -1530
941 1257 570 813 -720 -251 -1531
942 1255 570 812 -717 -248 -1530
943 1257 572 813 -721 -251 -1532
944 1258 568 811 -719 -251 -1529
945 1258 568 812 -722 -250 -1534
946 1256 565 807 -725 -253 -1531
947 1260 569 811 -723 -251 -1532
948 1260 570 808 -722 -250 -1530
949 1259 569 813 -722 -251 -1531
950 1257 568 812 -719 -249 -1531
951 1256 569 811 -719 -249 -1528
952 1259 569 811 -721 -248 -1529
953 1259 570 813 -720 -249 -1530
954 1258 571 811 -723 -254 -1533
955 1258 570 812 -724 -252 -1532
956 1255 567 810 -721 -251 -1530
957 1260 568 811 -721 -249 -1532
958 1258 565 807 -721 -253 -1534
959 1259 567 808 -722 -250 -1531
960 1260 568 811 -723 -249 -1533
961 1253 566 808 -721 -251 -1537
962 1256 566 808 -725 -251 -1533
963 1257 568 811 -720 -253 -1534
964 1257 568 810 -721 -253 -1536
965 1255 572 810 -723 -248 -1534
966 1256 569 809 -720 -249 -1533
967 1253 569 811 -721 -251 -1533
968 1256 569 813 -721 -250 -1533
969 1254 566 812 -721 -250 -1536
970 1255 567 811 -719 -249 -1536
971 1256 570 812 -718 -248 -1532
972 1258 571 812 -721 -251 -1532
973 1255 564 811 -717 -250 -1535
974 1258 568 808 -722 -248 -1535
975 1256 565 808 -722 -249 -1534
976 1257 566 811 -723 -248 -1536
977 1257 568 813 -720 -250 -1534
978 1258 569 810 -717 -248 -1530
979 1250 568 810 -718 -247 -1536
980 1254 569 811 -719 -246 -1536
981 1258 569 813 -722 -251 -1535
982 1256 567 810 -720 -251 -1533
983 1256 565 807 -723 -250 -1537
984 1254 566 809 -722 -253 -1537
985 1259 568 808 -720 -251 -1533
986 1258 568 810 -726 -252 -1535
987 1255 565 807 -722 -251 -1533
988 1254 569 809 -720 -250 -1533
989 1256 566 812 -720 -251 -1530
990 1257 568 814 -720 -249 -1531
991 1259 566 812 -721 -250 -1534
992 1254 569 810 -719 -247 -1530
993 1256 571 814 -721 -250 -1528
994 1261 570 809 -724 -251 -1530
995 1263 570 811 -722 -250 -1528
996 1262 569 808 -725 -249 -1529
997 1262 564 810 -721 -251 -1528
998 1261 572 811 -722 -252 -1533
999 1259 567 808 -723 -249 -1532
0 -5344 330 5457 2452 2762 -7533
1 -5344 328 5454 2453 2760 -7533
2 -5345 328 5458 2452 2759 -7532
3 -5342 325 5457 2450 2758 -7536
4 -5346 326 5456 2450 2756 -7538
5 -5343 325 5456 2450 2757 -7539
6 -5345 321 5453 2450 2758 -7534
7 -5341 325 5454 2453 2758 -7537
8 -5340 324 5454 2452 2762 -7539
9 -5340 324 5454 2450 2759 -7536
10 -5342 321 5453 2453 2761 -7539
11 -5340 323 5451 2447 2757 -7538
12 -5341 322 5452 2450 2756 -7538
13 -5339 319 5453 2451 2758 -7539
14 -5340 322 5453 2451 2758 -7539
15 -5340 320 5451 2449 2762 -7538
16 -5339 319 5453 2449 2758 -7541
17 -5340 318 5448 2447 2757 -7538
18 -5337 320 5447 2451 2758 -7539
19 -5335 315 5448 2443 2758 -7540
20 -5331 318 5448 2447 2756 -7542
21 -5334 314 5448 2445 2758 -7541
22 -5335 317 5446 2444 2756 -7543
23 -5333 315 5449 2445 2755 -7541
24 -5334 313 5446 2445 2754 -7545
25 -5327 316 5448 2444 2757 -7540
26 -5330 311 5442 2444 2755 -7544
27 -5331 314 5445 2444 2754 -7546
28 -5336 311 5441 2441 2752 -7547
29 -5329 313 5441 2444 2751 -7546
30 -5331 308 5439 2444 2754 -7545
31 -5328 312 5441 2443 2754 -7546
32 -5327 310 5439 2442 2757 -7546
33 -5328 309 5440 2441 2755 -7543
34 -5325 311 5442 2443 2755 -7544
35 -5324 311 5438 2439 2750 -7548
36 -5322 308 5440 2439 2755 -7546
37 -5324 305 5438 2441 2753 -7545
38 -5325 309 5438 2437 2751 -7545
39 -5323 309 5436 2437 2752 -7545
40 -5319 306 5441 2439 2754 -7545
41 -5320 307 5441 2440 2752 -7545
42 -5319 306 5439 2438 2748 -7548
43 -5321 305 5437 2439 2754 -7548
44 -5322 304 5436 2437 2751 -7548
45 -5319 306 5434 2437 2752 -7547
46 -5318 304 5435 2436 2755 -7546
47 -5318 305 5437 2438 2753 -7548
48 -5317 301 5434 2432 2747 -7548
49 -5316 303 5433 2435 2748 -7552
50 -5318 301 5434 2435 2751 -7550
51 -5319 300 5432 2433 2746 -7550
52 -5318 301 5432 2436 2748 -7554
53 -5312 302 5432 2434 2746 -7551
54 -5315 300 5434 2437 2750 -7550
55 -5313 302 5434 2435 2749 -7552
56 -5313 299 5429 2432 2749 -7554
57 -5317 296 5431 2429 2749 -7555
58 -5312 296 5430 2430 2749 -7553
59 -5315 294 5430 2431 2747 -7553
60 -5313 295 5430 2434 2749 -7551
61 -5309 298 5429 2434 2748 -7555
62 -5309 296 5431 2434 2749 -7554
63 -5309 299 5429 2433 2746 -7555
64 -5309 297 5430 2429 2745 -7556
65 -5307 292 5426 2430 2744 -7557
66 -5307 293 5427 2430 2745 -7558
67 -5307 292 5424 2428 2747 -7558
68 -5308 293 5429 2431 2746 -7560
69 -5303 291 5425 2432 2744 -7559
70 -5309 295 5426 2429 2749 -7557
71 -5308 294 5428 2428 2745 -7557
72 -5307 293 5425 2429 2743 -7560
73 -5306 289 5426 2428 2746 -7558
74 -5306 290 5425 2427 2742 -7560
75 -5305 290 5425 2428 2747 -7561
76 -5303 291 5424 2430 2745 -7560
77 -5302 288 5423 2431 2744 -7562
78 -5300 289 5424 2425 2744 -7562
79 -5305 288 5426 2429 2743 -7563
80 -5301 290 5420 2427 2745 -7560
81 -5298 287 5421 2426 2743 -7559
82 -5299 286 5422 2428 2745 -7560
83 -5299 290 5427 2426 2746 -7562
84 -5300 285 5423 2425 2744 -7561
85 -5299 287 5421 2425 2742 -7562
86 -5297 287 5421 2429 2746 -7560
87 -5295 287 5423 2428 2742 -7564
88 -5296 287 5422 2425 2742 -7560
89 -5298 289 5421 2423 2743 -7565
90 -5297 285 5423 2426 2741 -7564
91 -5297 280 5420 2427 2742 -7564
92 -5298 284 5423 2425 2741 -7565
93 -5295 287 5419 2425 2744 -7566
94 -5295 285 5422 2428 2743 -7565
95 -5295 281 5421 2425 2744 -7567
96 -5295 285 5425 2425 2744 -7567
97 -5292 283 5422 2425 2743 -7568
98 -5293 285 5421 2427 2747 -7566
99 -5291 281 5423 2423 2745 -7566
100 -5291 279 5424 2424 2744 -7569
101 -5292 280 5419 2422 2744 -7568
102 -5292 281 5422 2423 2741 -7568
103 -5290 283 5421 2424 2744 -7571
104 -5291 284 5421 2422 2742 -7569
105 -5287 278 5417 2423 2742 -7565
106 -5291 279 5419 2421 2742 -7568
107 -5288 278 5416 2423 2742 -7569
108 -5290 280 5415 2422 2742 -7570
109 -5284 281 5420 2421 2742 -7570
110 -5288 278 5416 2421 2738 -7568
111 -5286 274 5417 2422 2740 -7571
112 -5290 277 5418 2423 2741 -7567
113 -5283 281 5415 2423 2741 -7568
114 -5283 277 5420 2421 2740 -7573
115 -5285 276 5412 2420 2738 -7570
116 -5285 274 5413 2422 2738 -7577
117 -5287 273 5414 2415 2736 -7574
118 -5285 274 5411 2420 2742 -7575
119 -5282 276 5416 2420 2741 -7574
120 -5284 271 5415 2419 2739 -7573
121 -5284 273 5411 2419 2741 -7573
122 -5283 275 5412 2417 2738 -7574
123 -5280 269 5411 2418 2741 -7575
124 -5283 271 5410 2417 2740 -7577
125 -5281 269 5410 2421 2739 -7571
126 -5277 272 5412 2419 2743 -7576
127 -5282 271 5412 2420 2738 -7576
128 -5279 272 5411 2418 2743 -7574
129 -5279 270 5412 2421 2739 -7574
130 -5276 269 5411 2419 2742 -7574
131 -5278 267 5410 2417 2737 -7577
132 -5278 271 5409 2418 2741 -7579
133 -5276 270 5411 2418 2740 -7577
134 -5275 269 5410 2416 2741 -7576
135 -5278 269 5410 2416 2739 -7576
136 -5278 265 5409 2418 2740 -7577
137 -5275 267 5409 2417 2738 -7579
138 -5278 268 5409 2416 2740 -7580
139 -5277 266 5409 2417 2741 -7577
140 -5278 264 5411 2419 2738 -7577
141 -5274 268 5411 2418 2741 -7577
142 -5272 266 5409 2417 2740 -7579
143 -5273 268 5409 2416 2742 -7576
144 -5272 267 5408 2416 2740 -7581
145 -5275 261 5408 2412 2739 -7582
146 -5272 263 5408 2415 2738 -7582
147 -5272 265 5406 2414 2736 -7581
148 -5269 262 5406 2415 2738 -7582
149 -5271 265 5407 2414 2740 -7583
150 -5272 259 5407 2411 2737 -7583
151 -5268 261 5407 2414 2737 -7583
152 -5269 260 5401 2415 2738 -7582
153 -5269 259 5403 2412 2737 -7582
154 -5266 257 5402 2410 2736 -7581
155 -5271 257 5403 2409 2736 -7583
156 -5270 258 5403 2411 2736 -7583
157 -5268 258 5403 2413 2738 -7583
158 -5266 257 5401 2413 2736 -7584
159 -5266 257 5400 2413 2733 -7586
160 -5266 257 5404 2410 2741 -7586
161 -5263 257 5401 2416 2739 -7585
162 -5263 256 5401 2408 2732 -7588
163 -5268 253 5397 2409 2734 -7588
164 -5267 252 5397 2407 2733 -7587
165 -5264 255 5397 2409 2734 -7590
166 -5265 253 5396 2407 2732 -7586
167 -5264 252 5398 2408 2734 -7590
168 -5266 251 5393 2410 2734 -7587
169 -5263 253 5397 2406 2735 -7590
170 -5265 249 5397 2407 2731 -7588
171 -5261 252 5398 2408 2734 -7587
172 -5260 248 5395 2404 2734 -7592
173 -5260 248 5395 2408 2735 -7587
174 -5260 251 5396 2413 2737 -7587
175 -5262 248 5397 2409 2734 -7591
176 -5260 248 5398 2407 2729 -7594
177 -5262 247 5392 2406 2734 -7590
178 -5263 245 5393 2408 2735 -7592
179 -5258 248 5394 2407 2732 -7594
180 -5259 247 5393 2407 2736 -7592
181 -5259 245 5393 2408 2731 -7594
182 -5256 249 5393 2406 2734 -7592
183 -5256 248 5389 2408 2733 -7595
184 -5260 243 5393 2404 2735 -7592
185 -5255 247 5391 2407 2734 -7596
186 -5255 241 5390 2408 2735 -7595
187 -5260 241 5389 2405 2735 -7593
188 -5257 243 5391 2406 2733 -7594
189 -5258 241 5389 2403 2730 -7598
190 -5254 240 5386 2404 2730 -7594
191 -5259 240 5385 2400 2732 -7597
192 -5255 238 5385 2400 2729 -7601
193 -5253 237 5380 2398 2731 -7597
194 -5251 237 5384 2403 2729 -7599
195 -5254 236 5381 2403 2731 -7597
196 -5250 240 5387 2401 2727 -7597
197 -5254 239 5382 2399 2729 -7599
198 -5253 235 5381 2400 2728 -7598
199 -5250 237 5383 2399 2729 -7597
200 -5248 238 5382 2397 2729 -7599
201 -5247 236 5382 2401 2733 -7597
202 -5244 236 5379 2404 2731 -7596
203 -5247 238 5380 2398 2729 -7599
204 -5249 236 5377 2399 2730 -7601
205 -5248 233 5376 2398 2724 -7600
206 -5250 232 5378 2401 2729 -7597
207 -5243 233 5377 2401 2729 -7599
208 -5248 234 5378 2397 2729 -7598
209 -5249 230 5375 2396 2727 -7601
210 -5243 233 5376 2396 2725 -7600
211 -5243 232 5378 2402 2727 -7602
212 -5243 230 5373 2398 2730 -7602
213 -5242 231 5375 2396 2730 -7601
214 -5245 230 5373 2395 2730 -7602
215 -5242 228 5377 2399 2732 -7600
216 -5241 231 5377 2399 2729 -7604
217 -5244 228 5375 2397 2728 -7602
218 -5241 227 5374 2398 2729 -7604
219 -5244 229 5376 2398 2727 -7603
220 -5238 226 5375 2401 2730 -7602
221 -5244 227 5377 2401 2730 -7605
222 -5241 225 5375 2399 2731 -7608
223 -5242 228 5378 2397 2728 -7608
224 -5242 226 5374 2397 2728 -7609
225 -5241 225 5371 2398 2729 -7609
226 -5241 224 5372 2397 2723 -7612
227 -5243 218 5372 2394 2727 -7611
228 -5243 220 5371 2394 2728 -7613
229 -5243 222 5370 2396 2727 -7613
230 -5239 219 5372 2395 2727 -7609
231 -5239 221 5372 2397 2727 -7612
232 -5242 223 5371 2397 2727 -7612
233 -5236 222 5370 2397 2727 -7612
234 -5241 221 5373 2397 2728 -7613
235 -5241 218 5373 2396 2728 -7613
236 -5238 219 5372 2395 2729 -7613
237 -5239 219 5365 2396 2726 -7616
238 -5239 218 5366 2395 2729 -7614
239 -5235 216 5369 2390 2726 -7614
240 -5237 215 5369 2395 2725 -7613
241 -5234 215 5366 2393 2725 -7613
242 -5238 214 5368 2392 2725 -7612
243 -5235 215 5366 2395 2728 -7618
244 -5236 216 5365 2396 2727 -7612
245 -5236 216 5366 2391 2729 -7618
246 -5239 214 5365 2391 2725 -7618
247 -5233 212 5364 2393 2727 -7619
248 -5232 217 5365 2390 2725 -7619
249 -5233 211 5366 2394 2726 -7618
250 -5233 215 5368 2391 2726 -7621
251 -5236 209 5362 2391 2729 -7617
252 -5236 211 5368 2392 2725 -7621
253 -5233 214 5362 2392 2727 -7619
254 -5234 210 5364 2394 2725 -7621
255 -5232 210 5364 2396 2729 -7620
256 -5231 209 5363 2391 2724 -7619
257 -5232 207 5362 2391 2725 -7623
258 -5233 207 5366 2391 2724 -7624
259 -5235 208 5365 2392 2723 -7625
260 -5237 208 5363 2389 2723 -7627
261 -5232 207 5362 2390 2726 -7627
262 -5234 206 5359 2391 2723 -7628
263 -5235 206 5363 2389 2726 -7628
264 -5234 204 5362 2389 2724 -7624
265 -5230 205 5363 2389 2726 -7629
266 -5231 205 5361 2392 2726 -7629
267 -5230 205 5361 2388 2723 -7625
268 -5227 204 5360 2390 2723 -7627
269 -5230 204 5359 2391 2724 -7630
270 -5227 207 5362 2385 2724 -7628
271 -5230 201 5360 2390 2727 -7625
272 -5227 202 5358 2387 2723 -7628
273 -5225 201 5361 2391 2724 -7628
274 -5229 204 5360 2393 2727 -7627
275 -5224 210 5361 2387 2724 -7626
276 -5228 202 5358 2384 2722 -7626
277 -5225 200 5357 2388 2724 -7628
278 -5227 201 5357 2383 2725 -7631
279 -5225 197 5352 2387 2725 -7629
280 -5221 202 5357 2389 2721 -7626
281 -5223 204 5357 2390 2725 -7625
282 -5222 200 5355 2385 2725 -7631
283 -5222 202 5354 2386 2722 -7628
284 -5223 202 5358 2387 2724 -7627
285 -5222 200 5356 2383 2722 -7629
286 -5221 197 5354 2384 2722 -7630
287 -5219 200 5355 2384 2724 -7629
288 -5221 199 5355 2383 2719 -7629
289 -5221 198 5351 2383 2720 -7630
290 -5219 194 5350 2384 2722 -7628
291 -5219 198 5352 2381 2721 -7632
292 -5220 197 5352 2384 2725 -7630
293 -5219 199 5356 2385 2723 -7630
294 -5216 199 5358 2389 2720 -7628
295 -5215 199 5355 2384 2720 -7630
296 -5218 199 5354 2386 2723 -7627
297 -5216 198 5353 2382 2720 -7628
298 -5214 195 5351 2382 2720 -7631
299 -5215 196 5354 2383 2718 -7629
300 -5215 196 5353 2383 2719 -7627
301 -5212 196 5350 2381 2719 -7633
302 -5214 197 5350 2378 2723 -7630
303 -5216 197 5352 2382 2717 -7630
304 -5215 197 5352 2383 2723 -7630
305 -5211 196 5351 2381 2720 -7628
306 -5210 196 5353 2381 2718 -7629
307 -5214 196 5353 2381 2721 -7629
308 -5210 193 5351 2378 2721 -7627
309 -5211 192 5350 2381 2718 -7631
310 -5210 194 5349 2380 2715 -7633
311 -5210 194 5348 2380 2718 -7632
312 -5212 196 5348 2379 2718 -7632
313 -5208 192 5349 2379 2715 -7631
314 -5211 190 5351 2378 2716 -7637
315 -5211 192 5347 2381 2715 -7630
316 -5208 194 5353 2381 2716 -7628
317 -5205 194 5349 2378 2718 -7629
318 -5207 194 5348 2379 2718 -7631
319 -5206 193 5348 2381 2719 -7630
320 -5208 192 5348 2376 2716 -7631
321 -5206 200 5349 2374 2713 -7632
322 -5205 191 5348 2376 2716 -7632
323 -5208 195 5349 2374 2713 -7632
324 -5207 191 5346 2375 2716 -7631
325 -5204 192 5348 2375 2715 -7629
326 -5204 192 5345 2376 2715 -7629
327 -5204 194 5346 2374 2714 -7631
328 -5205 190 5345 2376 2715 -7632
329 -5205 192 5349 2374 2714 -7634
330 -5206 190 5347 2374 2715 -7632
331 -5202 191 5345 2373 2715 -7629
332 -5204 192 5345 2372 2712 -7634
333 -5202 193 5348 2376 2712 -7634
334 -5204 190 5349 2375 2714 -7635
335 -5203 192 5347 2376 2713 -7631
336 -5204 192 5348 2373 2711 -7632
337 -5205 190 5346 2375 2713 -7629
338 -5201 194 5349 2375 2713 -7635
339 -5204 194 5352 2379 2712 -7630
340 -5201 194 5354 2376 2714 -7632
341 -5202 193 5352 2377 2713 -7631
342 -5200 196 5352 2377 2713 -7632
343 -5200 194 5350 2376 2719 -7631
344 -5201 195 5351 2375 2714 -7631
345 -5198 196 5355 2378 2716 -7628
346 -5202 196 5351 2380 2714 -7631
347 -5200 194 5353 2376 2716 -7632
348 -5201 194 5354 2373 2714 -7634
349 -5201 192 5351 2374 2716 -7629
350 -5199 194 5353 2373 2714 -7632
351 -5197 193 5352 2374 2715 -7632
352 -5199 194 5352 2375 2713 -7631
353 -5198 195 5350 2376 2710 -7631
354 -5196 195 5352 2376 2718 -7630
355 -5197 194 5354 2375 2713 -7631
356 -5197 196 5355 2372 2713 -7631
357 -5198 196 5355 2377 2713 -7630
358 -5197 196 5354 2375 2714 -7632
359 -5196 198 5354 2374 2713 -7631
360 -5199 197 5353 2375 2713 -7627
361 -5196 196 5353 2373 2712 -7629
362 -5198 195 5350 2375 2716 -7626
363 -5193 198 5356 2374 2711 -7626
364 -5192 198 5355 2376 2714 -7626
365 -5193 200 5355 2372 2707 -7626
366 -5192 200 5352 2371 2710 -7626
367 -5192 198 5351 2372 2712 -7626
368 -5193 198 5351 2374 2713 -7624
369 -5190 197 5356 2372 2714 -7622
370 -5192 202 5355 2376 2711 -7626
371 -5189 200 5353 2372 2710 -7620
372 -5192 203 5357 2370 2707 -7622
373 -5192 199 5355 2370 2710 -7623
374 -5190 199 5352 2373 2711 -7626
375 -5188 199 5355 2372 2708 -7624
376 -5191 200 5350 2374 2709 -7622
377 -5189 200 5357 2373 2710 -7626
378 -5191 198 5356 2374 2710 -7623
379 -5189 198 5357 2373 2709 -7623
380 -5191 200 5357 2370 2710 -7621
381 -5191 204 5356 2374 2709 -7621
382 -5188 202 5355 2373 2710 -7623
383 -5190 202 5360 2371 2711 -7620
384 -5190 205 5360 2370 2711 -7620
385 -5191 204 5358 2373 2710 -7621
386 -5190 203 5358 2374 2710 -7619
387 -5191 205 5361 2372 2709 -7620
388 -5190 203 5362 2372 2711 -7623
389 -5189 204 5358 2372 2708 -7622
390 -5187 202 5359 2369 2708 -7619
391 -5191 204 5363 2375 2710 -7618
392 -5190 204 5360 2375 2711 -7620
393 -5189 207 5361 2371 2711 -7624
394 -5193 206 5364 2373 2710 -7622
395 -5190 210 5365 2370 2707 -7621
396 -5190 206 5360 2370 2707 -7621
397 -5190 203 5361 2368 2709 -7621
398 -5194 207 5361 2369 2707 -7621
399 -5189 210 5363 2372 2709 -7620
400 -5192 206 5363 2370 2707 -7619
401 -5188 209 5362 2369 2707 -7618
402 -5189 209 5362 2369 2709 -7615
403 -5188 210 5361 2371 2707 -7620
404 -5189 208 5362 2370 2707 -7623
405 -5192 211 5365 2368 2708 -7614
406 -5192 209 5365 2370 2707 -7618
407 -5187 213 5366 2371 2707 -7615
408 -5190 210 5363 2368 2706 -7615
409 -5188 212 5364 2372 2710 -7615
410 -5194 211 5364 2370 2709 -7613
411 -5191 211 5368 2372 2708 -7613
412 -5190 210 5365 2373 2707 -7614
413 -5187 212 5367 2371 2706 -7613
414 -5186 215 5366 2371 2709 -7614
415 -5188 215 5368 2374 2707 -7609
416 -5187 214 5368 2371 2709 -7616
417 -5190 215 5367 2371 2707 -7613
418 -5189 214 5367 2371 2705 -7612
419 -5192 214 5370 2373 2707 -7612
420 -5189 220 5373 2373 2706 -7612
421 -5186 221 5374 2375 2712 -7610
422 -5188 221 5370 2374 2709 -7609
423 -5189 222 5375 2372 2711 -7609
424 -5188 220 5375 2373 2708 -7611
425 -5192 219 5371 2372 2707 -7610
426 -5193 223 5372 2374 2705 -7609
427 -5192 219 5373 2375 2709 -7605
428 -5191 219 5378 2373 2709 -7608
429 -5190 219 5375 2374 2711 -7608
430 -5192 221 5374 2373 2709 -7610
431 -5191 223 5379 2372 2707 -7609
432 -5195 222 5379 2376 2711 -7602
433 -5192 225 5377 2374 2707 -7610
434 -5193 222 5376 2371 2709 -7608
435 -5195 225 5377 2373 2713 -7609
436 -5194 224 5376 2377 2709 -7607
437 -5194 225 5378 2371 2708 -7605
438 -5194 226 5380 2375 2710 -7604
439 -5192 221 5378 2375 2712 -7605
440 -5193 229 5383 2377 2712 -7606
441 -5194 227 5378 2377 2709 -7602
442 -5193 227 5381 2376 2707 -7603
443 -5194 229 5383 2376 2711 -7601
444 -5192 231 5381 2374 2710 -7600
445 -5193 230 5381 2377 2709 -7601
446 -5191 228 5381 2374 2710 -7599
447 -5192 228 5380 2380 2710 -7602
448 -5191 231 5380 2376 2710 -7603
449 -5194 232 5381 2375 2710 -7599
450 -5192 230 5380 2377 2709 -7597
451 -5192 232 5382 2374 2709 -7600
452 -5195 231 5380 2372 2707 -7603
453 -5194 229 5380 2373 2710 -7599
454 -5196 231 5382 2373 2711 -7596
455 -5190 235 5383 2377 2708 -7597
456 -5195 232 5383 2376 2710 -7598
457 -5196 236 5384 2377 2707 -7593
458 -5194 236 5387 2376 2711 -7592
459 -5195 235 5386 2378 2710 -7595
460 -5197 234 5385 2374 2708 -7594
461 -5193 235 5389 2376 2706 -7596
462 -5196 235 5383 2378 2709 -7596
463 -5197 236 5385 2374 2708 -7594
464 -5194 236 5385 2379 2710 -7594
465 -5196 237 5387 2377 2708 -7591
466 -5195 238 5387 2378 2708 -7593
467 -5200 236 5389 2383 2710 -7591
468 -5197 241 5391 2382 2710 -7589
469 -5199 240 5391 2379 2712 -7590
470 -5200 242 5389 2381 2709 -7591
471 -5199 243 5390 2384 2712 -7588
472 -5198 244 5391 2381 2712 -7593
473 -5200 244 5390 2382 2710 -7591
474 -5199 242 5391 2380 2711 -7591
475 -5201 243 5394 2380 2712 -7591
476 -5203 244 5390 2379 2710 -7589
477 -5203 242 5393 2378 2711 -7591
478 -5204 245 5390 2382 2711 -7586
479 -5202 244 5393 2380 2711 -7591
480 -5205 245 5395 2384 2712 -7586
481 -5203 246 5394 2380 2712 -7590
482 -5207 246 5393 2382 2712 -7588
483 -5208 248 5392 2383 2712 -7588
484 -5206 245 5395 2386 2712 -7590
485 -5207 246 5394 2380 2713 -7587
486 -5206 246 5396 2382 2715 -7587
487 -5204 250 5393 2384 2714 -7581
488 -5207 250 5395 2383 2711 -7585
489 -5208 250 5396 2385 2707 -7585
490 -5205 249 5397 2385 2715 -7584
491 -5207 251 5395 2382 2714 -7584
492 -5209 255 5397 2382 2714 -7581
493 -5208 254 5399 2387 2714 -7583
494 -5206 253 5401 2387 2713 -7578
495 -5208 253 5399 2386 2715 -7581
496 -5207 256 5400 2388 2713 -7580
497 -5206 256 5400 2384 2716 -7579
498 -5203 254 5402 2384 2712 -7580
499 -5205 254 5400 2385 2712 -7582
500 -5213 253 5398 2383 2710 -7584
501 -5211 254 5400 2386 2709 -7582
502 -5210 257 5398 2386 2715 -7581
503 -5212 254 5403 2384 2717 -7579
504 -5216 257 5403 2385 2714 -7580
505 -5214 257 5402 2386 2714 -7581
506 -5213 256 5404 2389 2715 -7581
507 -5213 260 5403 2387 2714 -7580
508 -5216 259 5403 2388 2715 -7579
509 -5216 259 5406 2391 2716 -7577
510 -5215 261 5405 2391 2717 -7578
511 -5215 261 5408 2393 2719 -7576
512 -5215 264 5407 2396 2718 -7576
513 -5217 263 5408 2391 2717 -7576
514 -5217 261 5410 2392 2717 -7575
515 -5217 263 5408 2392 2718 -7577
516 -5220 264 5407 2387 2718 -7576
517 -5222 263 5407 2393 2721 -7575
518 -5218 268 5410 2390 2718 -7577
519 -5219 266 5410 2392 2717 -7574
520 -5219 267 5411 2392 2717 -7574
521 -5221 266 5411 2392 2719 -7575
522 -5220 268 5410 2392 2719 -7570
523 -5220 266 5412 2394 2718 -7572
524 -5222 263 5408 2391 2719 -7574
525 -5223 267 5413 2391 2719 -7577
526 -5226 268 5410 2391 2718 -7574
527 -5226 267 5412 2397 2719 -7573
528 -5224 269 5414 2394 2716 -7571
529 -5226 271 5409 2395 2720 -7569
530 -5224 272 5418 2393 2718 -7574
531 -5227 268 5410 2392 2717 -7575
532 -5226 270 5412 2394 2721 -7570
533 -5223 270 5413 2395 2719 -7572
534 -5224 272 5413 2396 2719 -7570
535 -5224 275 5415 2392 2719 -7572
536 -5229 271 5415 2394 2719 -7565
537 -5229 275 5419 2395 2717 -7571
538 -5230 271 5415 2395 2719 -7567
539 -5228 274 5416 2393 2720 -7564
540 -5226 274 5417 2396 2721 -7568
541 -5226 274 5416 2394 2719 -7566
542 -5228 273 5411 2396 2715 -7564
543 -5226 277 5414 2395 2722 -7562
544 -5231 275 5418 2395 2720 -7568
545 -5233 273 5412 2394 2722 -7567
546 -5229 276 5417 2394 2718 -7566
547 -5233 274 5418 2393 2717 -7564
548 -5230 275 5415 2394 2720 -7564
549 -5233 276 5416 2394 2721 -7568
550 -5235 276 5417 2398 2718 -7566
551 -5233 278 5419 2395 2720 -7565
552 -5238 278 5417 2397 2722 -7566
553 -5232 278 5419 2402 2723 -7563
554 -5233 280 5422 2398 2724 -7561
555 -5233 283 5419 2400 2721 -7563
556 -5234 280 5418 2398 2722 -7563
557 -5238 282 5416 2399 2725 -7562
558 -5237 280 5421 2399 2722 -7561
559 -5236 284 5424 2402 2725 -7564
560 -5238 284 5423 2401 2721 -7560
561 -5241 281 5420 2401 2724 -7563
562 -5241 283 5425 2402 2723 -7561
563 -5243 281 5425 2401 2724 -7558
564 -5241 283 5423 2403 2722 -7560
565 -5243 286 5428 2401 2723 -7559
566 -5239 283 5424 2402 2724 -7559
567 -5241 287 5427 2403 2726 -7558
568 -5243 290 5427 2407 2727 -7557
569 -5244 289 5426 2403 2724 -7556
570 -5242 288 5426 2405 2724 -7559
571 -5244 289 5427 2404 2725 -7558
572 -5243 289 5427 2407 2727 -7555
573 -5243 288 5427 2406 2725 -7555
574 -5246 289 5426 2407 2725 -7555
575 -5244 292 5429 2406 2729 -7556
576 -5244 289 5429 2403 2726 -7555
577 -5246 291 5431 2405 2728 -7556
578 -5244 291 5429 2407 2727 -7552
579 -5246 289 5434 2408 2726 -7553
580 -5246 294 5429 2409 2728 -7552
581 -5246 296 5430 2409 2730 -7551
582 -5248 292 5434 2407 2726 -7555
583 -5247 294 5432 2406 2727 -7551
584 -5250 294 5430 2407 2727 -7555
585 -5247 291 5434 2405 2728 -7550
586 -5251 292 5432 2408 2727 -7553
587 -5253 292 5430 2407 2726 -7554
588 -5252 293 5433 2407 2728 -7554
589 -5249 296 5431 2408 2728 -7552
590 -5251 294 5431 2410 2728 -7553
591 -5249 296 5434 2409 2728 -7551
592 -5250 299 5433 2407 2728 -7553
593 -5253 297 5434 2411 2725 -7552
594 -5254 296 5435 2411 2729 -7552
595 -5254 299 5435 2408 2727 -7551
596 -5256 300 5433 2408 2727 -7548
597 -5254 297 5435 2409 2729 -7551
598 -5259 297 5436 2410 2727 -7551
599 -5256 303 5437 2412 2729 -7550
600 -5253 301 5438 2410 2728 -7551
601 -5258 302 5438 2408 2724 -7550
602 -5256 301 5438 2413 2735 -7548
603 -5256 301 5441 2415 2729 -7546
604 -5256 300 5439 2412 2729 -7548
605 -5256 303 5437 2412 2729 -7548
606 -5260 305 5440 2412 2733 -7546
607 -5260 304 5441 2413 2727 -7542
608 -5256 304 5440 2412 2731 -7545
609 -5259 303 5439 2412 2729 -7544
610 -5255 307 5442 2413 2730 -7542
611 -5260 310 5443 2412 2730 -7542
612 -5264 309 5443 2411 2731 -7542
613 -5261 308 5442 2413 2732 -7539
614 -5258 309 5445 2414 2732 -7541
615 -5262 310 5441 2417 2733 -7539
616 -5258 310 5445 2414 2730 -7542
617 -5259 309 5445 2413 2733 -7541
618 -5259 313 5443 2413 2734 -7540
619 -5261 312 5446 2413 2734 -7537
620 -5259 310 5444 2418 2732 -7539
621 -5260 308 5445 2414 2728 -7538
622 -5262 311 5442 2411 2727 -7541
623 -5266 312 5443 2414 2728 -7538
624 -5265 306 5444 2411 2730 -7541
625 -5268 312 5445 2413 2728 -7535
626 -5263 312 5447 2413 2731 -7534
627 -5264 313 5447 2416 2729 -7538
628 -5260 316 5447 2416 2730 -7537
629 -5264 315 5449 2412 2729 -7538
630 -5264 319 5449 2420 2731 -7532
631 -5264 315 5452 2415 2732 -7532
632 -5265 319 5450 2415 2733 -7533
633 -5265 320 5451 2413 2733 -7535
634 -5264 321 5450 2418 2730 -7531
635 -5265 320 5452 2416 2735 -7533
636 -5268 318 5451 2416 2731 -7532
637 -5270 318 5454 2414 2731 -7534
638 -5270 321 5453 2417 2730 -7532
639 -5265 320 5455 2421 2734 -7533
640 -5268 322 5453 2417 2730 -7532
641 -5268 321 5458 2416 2729 -7531
642 -5270 324 5454 2417 2734 -7533
643 -5268 327 5458 2420 2735 -7530
644 -5271 325 5456 2420 2732 -7528
645 -5271 326 5459 2418 2733 -7528
646 -5272 325 5455 2422 2732 -7529
647 -5268 327 5462 2418 2732 -7526
648 -5272 327 5463 2419 2736 -7524
649 -5272 329 5456 2421 2731 -7525
650 -5268 333 5461 2421 2731 -7528
651 -5271 327 5458 2419 2735 -7527
652 -5275 328 5459 2421 2735 -7525
653 -5271 333 5462 2420 2734 -7523
654 -5273 328 5458 2422 2732 -7527
655 -5272 328 5459 2420 2734 -7528
656 -5277 329 5460 2419 2732 -7527
657 -5276 329 5463 2420 2734 -7520
658 -5274 331 5461 2419 2730 -7525
659 -5278 330 5460 2422 2733 -7523
660 -5275 332 5461 2422 2736 -7521
661 -5274 334 5464 2422 2732 -7523
662 -5276 335 5460 2423 2732 -7523
663 -5275 333 5464 2422 2735 -7518
664 -5279 334 5464 2424 2733 -7521
665 -5277 335 5466 2422 2736 -7518
666 -5278 336 5464 2423 2732 -7520
667 -5278 333 5466 2421 2733 -7520
668 -5277 339 5464 2423 2729 -7519
669 -5280 337 5464 2422 2735 -7516
670 -5277 338 5466 2421 2732 -7515
671 -5279 338 5466 2425 2738 -7516
672 -5278 339 5469 2424 2733 -7516
673 -5277 343 5471 2426 2734 -7516
674 -5279 344 5470 2424 2735 -7513
675 -5278 344 5472 2424 2733 -7512
676 -5274 341 5471 2425 2734 -7516
677 -5280 343 5472 2426 2735 -7514
678 -5280 344 5472 2422 2734 -7514
679 -5280 347 5471 2423 2732 -7513
680 -5280 345 5473 2422 2734 -7513
681 -5280 347 5471 2423 2735 -7511
682 -5280 349 5476 2426 2734 -7509
683 -5284 348 5475 2425 2732 -7511
684 -5284 348 5474 2425 2736 -7513
685 -5279 349 5472 2425 2736 -7510
686 -5286 348 5474 2426 2735 -7507
687 -5284 348 5474 2430 2735 -7509
688 -5283 349 5479 2429 2734 -7505
689 -5282 353 5480 2426 2738 -7505
690 -5281 353 5480 2424 2734 -7507
691 -5287 351 5477 2426 2733 -7508
692 -5284 354 5480 2428 2733 -7506
693 -5282 352 5480 2426 2734 -7507
694 -5286 354 5480 2428 2734 -7507
695 -5285 355 5482 2428 2735 -7505
696 -5287 356 5483 2426 2734 -7504
697 -5286 356 5482 2427 2733 -7509
698 -5288 357 5480 2428 2734 -7504
699 -5285 361 5482 2428 2735 -7500
700 -5286 358 5482 2428 2735 -7502
701 -5286 358 5484 2428 2734 -7502
702 -5285 359 5487 2428 2734 -7502
703 -5287 359 5484 2429 2738 -7499
704 -5286 360 5485 2426 2737 -7499
705 -5287 364 5487 2430 2737 -7499
706 -5288 362 5488 2429 2735 -7496
707 -5289 363 5490 2432 2737 -7497
708 -5287 366 5487 2431 2735 -7497
709 -5288 370 5488 2433 2735 -7493
710 -5286 370 5494 2433 2738 -7492
711 -5289 368 5490 2433 2737 -7492
712 -5285 369 5492 2433 2739 -7492
713 -5288 371 5492 2433 2742 -7493
714 -5291 370 5491 2434 2738 -7492
715 -5289 369 5492 2433 2739 -7489
716 -5289 374 5497 2435 2736 -7489
717 -5290 372 5494 2435 2737 -7493
718 -5291 372 5494 2430 2739 -7489
719 -5298 373 5494 2433 2740 -7490
720 -5292 373 5495 2437 2739 -7488
721 -5290 375 5495 2433 2738 -7488
722 -5291 373 5496 2435 2738 -7489
723 -5295 377 5495 2435 2735 -7485
724 -5296 376 5496 2435 2740 -7489
725 -5297 375 5498 2435 2736 -7487
726 -5299 377 5499 2437 2736 -7488
727 -5296 378 5500 2436 2741 -7488
728 -5300 379 5497 2436 2739 -7488
729 -5300 376 5500 2436 2741 -7488
730 -5297 382 5498 2437 2742 -7484
731 -5297 384 5503 2438 2740 -7482
732 -5304 384 5504 2437 2742 -7484
733 -5298 384 5504 2437 2740 -7482
734 -5302 384 5507 2439 2741 -7482
735 -5300 384 5504 2438 2739 -7482
736 -5301 383 5503 2436 2739 -7481
737 -5300 384 5506 2438 2739 -7483
738 -5302 385 5507 2439 2740 -7482
739 -5301 383 5505 2436 2741 -7483
740 -5307 382 5506 2438 2739 -7482
741 -5303 387 5502 2441 2741 -7479
742 -5300 388 5507 2441 2743 -7478
743 -5301 391 5509 2438 2741 -7478
744 -5305 391 5509 2441 2742 -7476
745 -5306 389 5511 2443 2742 -7477
746 -5307 395 5511 2442 2744 -7475
747 -5307 395 5511 2446 2744 -7477
748 -5306 392 5513 2443 2739 -7478
749 -5308 393 5510 2440 2742 -7478
750 -5309 393 5509 2441 2739 -7475
751 -5308 396 5514 2445 2743 -7473
752 -5307 397 5513 2443 2746 -7471
753 -5308 398 5516 2445 2747 -7473
754 -5306 398 5518 2445 2746 -7474
755 -5310 399 5520 2446 2743 -7471
756 -5310 401 5516 2448 2747 -7470
757 -5308 399 5520 2445 2747 -7472
758 -5311 399 5520 2442 2741 -7469
759 -5310 400 5518 2446 2743 -7467
760 -5314 401 5517 2446 2745 -7469
761 -5313 400 5519 2446 2746 -7469
762 -5310 404 5521 2447 2742 -7469
763 -5313 403 5518 2447 2745 -7470
764 -5317 402 5516 2446 2743 -7470
765 -5313 403 5521 2448 2741 -7469
766 -5316 404 5521 2446 2745 -7464
767 -5317 409 5522 2450 2748 -7465
768 -5317 406 5524 2449 2745 -7463
769 -5315 408 5527 2450 2747 -7466
770 -5318 411 5524 2450 2744 -7466
771 -5317 408 5522 2451 2747 -7468
772 -5318 407 5523 2449 2747 -7462
773 -5319 412 5523 2453 2748 -7462
774 -5316 410 5525 2449 2748 -7460
775 -5319 412 5527 2453 2747 -7463
776 -5323 412 5528 2451 2747 -7458
777 -5319 412 5527 2451 2745 -7460
778 -5319 412 5525 2451 2747 -7457
779 -5321 415 5526 2454 2750 -7458
780 -5321 416 5529 2450 2747 -7459
781 -5322 413 5525 2453 2748 -7457
782 -5322 416 5531 2447 2746 -7460
783 -5330 414 5526 2451 2746 -7459
784 -5324 416 5525 2450 2746 -7458
785 -5327 413 5526 2451 2748 -7458
786 -5326 417 5529 2453 2746 -7454
787 -5328 418 5530 2451 2746 -7455
788 -5329 415 5530 2452 2747 -7457
789 -5329 416 5530 2455 2747 -7453
790 -5329 417 5530 2453 2750 -7455
791 -5330 418 5531 2457 2748 -7455
792 -5330 421 5533 2457 2751 -7456
793 -5333 421 5533 2457 2750 -7456
794 -5329 418 5535 2455 2753 -7455
795 -5333 423 5533 2457 2751 -7457
796 -5335 420 5531 2456 2749 -7452
797 -5334 423 5531 2455 2749 -7451
798 -5333 425 5534 2457 2750 -7452
799 -5336 424 5533 2457 2749 -7452
800 -5335 425 5538 2458 2753 -7451
801 -5335 422 5535 2457 2750 -7454
802 -5336 424 5536 2459 2750 -7450
803 -5335 427 5534 2456 2751 -7450
804 -5336 427 5536 2459 2753 -7448
805 -5340 427 5537 2461 2754 -7451
806 -5338 427 5535 2459 2750 -7449
807 -5339 430 5538 2459 2754 -7451
808 -5338 429 5536 2461 2751 -7450
809 -5340 427 5540 2463 2751 -7449
810 -5340 427 5544 2463 2755 -7449
811 -5343 429 5540 2464 2758 -7443
812 -5342 428 5541 2461 2751 -7449
813 -5347 428 5537 2459 2750 -7447
814 -5348 429 5537 2463 2754 -7449
815 -5346 431 5540 2464 2755 -7449
816 -5349 430 5540 2467 2753 -7449
817 -5347 434 5544 2467 2757 -7445
818 -5346 435 5540 2462 2758 -7449
819 -5348 431 5541 2464 2758 -7443
820 -5349 431 5546 2469 2758 -7448
821 -5349 436 5544 2464 2757 -7449
822 -5355 433 5541 2465 2756 -7448
823 -5350 436 5543 2465 2757 -7445
824 -5352 434 5545 2465 2757 -7445
825 -5355 432 5542 2466 2756 -7443
826 -5349 436 5543 2466 2756 -7444
827 -5352 435 5543 2469 2758 -7445
828 -5355 438 5547 2466 2756 -7446
829 -5358 434 5547 2467 2756 -7445
830 -5357 435 5549 2469 2760 -7444
831 -5359 439 5543 2468 2759 -7442
832 -5355 436 5547 2469 2758 -7446
833 -5359 438 5546 2470 2760 -7444
834 -5360 438 5546 2469 2758 -7444
835 -5360 439 5549 2465 2758 -7443
836 -5359 439 5549 2470 2762 -7443
837 -5362 437 5549 2470 2761 -7441
838 -5363 442 5550 2472 2761 -7441
839 -5362 439 5550 2472 2758 -7442
840 -5363 443 5548 2474 2763 -7438
841 -5363 441 5551 2474 2762 -7439
842 -5364 443 5547 2472 2761 -7443
843 -5366 441 5549 2470 2764 -7443
844 -5362 441 5549 2470 2761 -7440
845 -5362 439 5548 2473 2762 -7441
846 -5367 438 5546 2470 2763 -7438
847 -5366 439 5551 2474 2764 -7442
848 -5365 440 5552 2470 2762 -7439
849 -5366 445 5549 2473 2760 -7441
850 -5367 444 5548 2477 2763 -7440
851 -5369 441 5552 2473 2762 -7439
852 -5369 445 5549 2475 2765 -7441
853 -5371 442 5552 2475 2764 -7441
854 -5370 441 5549 2474 2762 -7439
855 -5371 443 5549 2470 2761 -7439
856 -5373 443 5549 2474 2763 -7441
857 -5374 443 5549 2476 2762 -7443
858 -5371 443 5551 2474 2762 -7438
859 -5375 443 5550 2476 2764 -7440
860 -5373 443 5549 2475 2764 -7437
861 -5375 445 5552 2478 2762 -7438
862 -5374 444 5553 2474 2764 -7436
863 -5374 447 5552 2475 2764 -7441
864 -5375 443 5551 2478 2765 -7436
865 -5376 446 5552 2474 2765 -7436
866 -5377 447 5551 2477 2765 -7437
867 -5377 444 5552 2474 2763 -7441
868 -5379 443 5549 2477 2763 -7439
869 -5377 444 5549 2477 2763 -7439
870 -5377 443 5547 2476 2765 -7439
871 -5377 446 5551 2477 2765 -7437
872 -5382 447 5550 2481 2767 -7438
873 -5381 447 5551 2477 2766 -7437
874 -5379 447 5552 2476 2765 -7438
875 -5382 447 5551 2482 2763 -7437
876 -5381 450 5551 2477 2768 -7437
877 -5380 447 5551 2480 2767 -7437
878 -5385 448 5554 2481 2770 -7435
879 -5384 447 5555 2478 2766 -7438
880 -5384 448 5552 2481 2769 -7437
881 -5383 448 5552 2482 2768 -7439
882 -5381 449 5555 2481 2770 -7432
883 -5382 447 5554 2480 2767 -7436
884 -5385 447 5553 2480 2767 -7437
885 -5386 448 5555 2482 2770 -7437
886 -5387 446 5555 2480 2768 -7433
887 -5386 449 5555 2480 2770 -7434
888 -5386 445 5550 2482 2769 -7439
889 -5391 448 5555 2482 2768 -7438
890 -5388 450 5553 2480 2769 -7440
891 -5387 446 5552 2484 2768 -7439
892 -5392 447 5553 2478 2765 -7438
893 -5391 449 5554 2480 2768 -7438
894 -5392 447 5552 2479 2767 -7438
895 -5394 444 5550 2483 2768 -7438
896 -5391 446 5554 2479 2768 -7438
897 -5395 445 5549 2483 2768 -7439
898 -5397 445 5551 2482 2765 -7438
899 -5393 445 5551 2483 2769 -7437
900 -5391 446 5552 2483 2768 -7442
901 -5397 445 5550 2483 2768 -7440
902 -5396 445 5551 2484 2771 -7439
903 -5392 444 5553 2484 2772 -7436
904 -5397 446 5551 2484 2770 -7438
905 -5394 447 5550 2481 2768 -7436
906 -5392 449 5551 2482 2770 -7442
907 -5398 445 5552 2483 2771 -7438
908 -5396 447 5551 2485 2772 -7437
909 -5396 449 5553 2484 2775 -7438
910 -5393 449 5553 2484 2775 -7436
911 -5394 446 5552 2487 2771 -7439
912 -5396 449 5556 2486 2775 -7435
913 -5394 449 5553 2486 2772 -7438
914 -5395 449 5554 2487 2772 -7437
915 -5397 446 5553 2484 2774 -7439
916 -5397 448 5554 2485 2772 -7438
917 -5401 447 5549 2486 2771 -7442
918 -5400 444 5550 2486 2773 -7439
919 -5400 448 5553 2484 2770 -7442
920 -5400 447 5550 2489 2770 -7437
921 -5398 446 5553 2486 2772 -7441
922 -5398 450 5552 2487 2770 -7437
923 -5402 447 5551 2487 2774 -7436
924 -5400 450 5555 2486 2773 -7440
925 -5400 449 5552 2486 2773 -7439
926 -5402 443 5550 2487 2770 -7442
927 -5401 445 5553 2485 2774 -7440
928 -5397 449 5551 2487 2776 -7439
929 -5400 444 5554 2485 2774 -7441
930 -5401 448 5551 2484 2775 -7439
931 -5402 445 5551 2488 2772 -7443
932 -5401 446 5552 2487 2775 -7437
933 -5402 446 5555 2485 2773 -7439
934 -5401 444 5553 2487 2774 -7440
935 -5399 449 5554 2489 2777 -7440
936 -5399 451 5555 2486 2776 -7437
937 -5401 446 5548 2486 2774 -7439
938 -5399 446 5552 2486 2774 -7441
939 -5397 449 5551 2484 2772 -7439
940 -5401 446 5550 2484 2774 -7439
941 -5398 445 5551 2487 2775 -7438
942 -5397 447 5551 2487 2774 -7439
943 -5400 443 5547 2483 2774 -7439
944 -5401 444 5551 2486 2770 -7440
945 -5399 447 5551 2488 2776 -7436
946 -5399 447 5552 2485 2775 -7437
947 -5402 446 5550 2487 2773 -7437
948 -5397 442 5549 2487 2773 -7435
949 -5398 450 5549 2484 2775 -7436
950 -5398 449 5551 2486 2774 -7433
951 -5400 446 5550 2488 2771 -7441
952 -5400 445 5548 2483 2771 -7438
953 -5397 445 5547 2487 2773 -7438
954 -5400 445 5549 2486 2773 -7437
955 -5395 448 5548 2486 2771 -7440
956 -5399 445 5547 2485 2772 -7441
957 -5400 444 5547 2482 2773 -7437
958 -5401 445 5550 2485 2770 -7442
959 -5400 443 5547 2486 2773 -7442
960 -5402 442 5548 2485 2772 -7441
961 -5402 442 5544 2486 2775 -7441
962 -5399 443 5549 2486 2771 -7443
963 -5399 445 5548 2485 2775 -7442
964 -5398 445 5549 2486 2774 -7440
965 -5401 444 5547 2483 2774 -7444
966 -5399 441 5544 2485 2770 -7444
967 -5401 441 5547 2486 2772 -7443
968 -5402 443 5546 2486 2773 -7444
969 -5398 442 5547 2485 2773 -7442
970 -5398 443 5552 2484 2772 -7443
971 -5399 443 5550 2484 2773 -7442
972 -5397 443 5545 2483 2773 -7443
973 -5398 439 5546 2485 2775 -7444
974 -5399 443 5549 2488 2772 -7442
975 -5397 444 5550 2485 2773 -7444
976 -5397 442 5547 2485 2774 -7445
977 -5399 440 5546 2485 2776 -7443
978 -5397 439 5548 2483 2776 -7444
979 -5398 443 5545 2487 2774 -7442
980 -5397 443 5546 2483 2773 -7443
981 -5394 442 5548 2481 2774 -7443
982 -5397 440 5547 2485 2773 -7442
983 -5399 438 5546 2481 2771 -7446
984 -5397 439 5547 2485 2773 -7444
985 -5394 439 5547 2481 2768 -7445
986 -5398 439 5543 2484 2773 -7448
987 -5395 439 5545 2486 2772 -7444
988 -5394 440 5545 2482 2768 -7447
989 -5397 434 5543 2482 2771 -7445
990 -5398 437 5544 2482 2770 -7448
991 -5398 438 5543 2484 2771 -7447
992 -5391 441 5543 2480 2772 -7447
993 -5394 437 5541 2481 2768 -7445
994 -5395 439 5545 2480 2770 -7446
995 -5394 438 5543 2483 2772 -7445
996 -5396 436 5542 2484 2769 -7447
997 -5394 437 5544 2486 2772 -7442
998 -5390 442 5547 2485 2770 -7446
999 -5392 440 5547 2478 2771 -7444
