0 175 252 368 19 162 292
1 174 250 367 19 161 298
2 174 250 369 18 162 297
3 176 250 369 19 165 294
4 178 253 369 20 164 298
5 176 251 369 22 163 295
6 177 251 369 23 164 299
7 178 254 375 18 166 298
8 175 253 368 18 163 296
9 176 254 368 21 165 300
10 177 250 371 21 166 300
11 178 253 369 23 164 296
12 178 252 369 18 165 301
13 176 252 368 20 163 296
14 173 252 370 19 166 300
15 176 252 366 23 163 300
16 178 254 370 21 165 298
17 177 249 369 21 165 300
18 178 251 368 20 162 299
19 178 254 371 20 165 298
20 179 254 367 18 166 299
21 180 255 368 20 165 294
22 177 249 367 20 166 299
23 178 255 368 20 167 300
24 176 254 365 19 162 298
25 175 251 368 22 168 296
26 177 254 372 25 167 298
27 177 255 370 23 167 296
28 177 254 370 21 166 301
29 180 250 371 19 165 299
30 178 254 372 20 170 299
31 175 249 367 22 167 296
32 179 251 371 22 167 298
33 172 250 367 19 163 298
34 176 251 365 21 165 298
35 178 254 372 19 167 297
36 181 253 369 22 167 298
37 179 252 370 22 166 299
38 181 256 369 21 165 298
39 178 254 369 20 164 294
40 182 257 366 21 163 297
41 178 253 373 20 164 298
42 176 255 371 21 164 299
43 177 251 367 19 163 297
44 177 253 370 22 165 300
45 178 255 368 22 166 296
46 176 250 368 21 163 301
47 179 254 371 20 164 297
48 176 253 368 19 165 301
49 177 256 368 23 166 299
50 176 252 369 20 164 297
51 178 251 369 22 164 296
52 178 253 368 18 167 297
53 178 251 369 19 163 299
54 178 252 368 20 165 299
55 178 253 366 20 162 298
56 175 251 367 20 160 296
57 175 252 367 19 165 298
58 175 250 368 20 162 296
59 177 253 370 18 164 297
60 174 248 368 18 165 297
61 175 251 368 15 163 298
62 175 250 365 19 165 298
63 175 253 370 22 162 297
64 177 252 368 19 164 296
65 179 251 368 18 167 296
66 176 250 369 21 163 299
67 178 253 367 21 166 296
68 176 254 368 20 163 297
69 174 253 371 20 166 297
70 176 253 370 19 163 298
71 178 255 369 22 164 298
72 179 255 369 20 166 297
73 179 255 372 22 166 299
74 179 254 368 24 165 300
75 175 250 370 20 165 300
76 178 253 371 21 162 299
77 176 253 369 17 166 298
78 176 253 369 21 165 300
79 176 253 371 23 166 298
80 177 251 370 19 162 298
81 179 252 370 21 169 299
82 182 253 368 22 168 300
83 177 251 372 20 164 297
84 179 254 369 18 162 296
85 174 251 369 18 158 298
86 174 250 365 18 161 296
87 179 256 370 23 165 298
88 175 254 369 16 164 298
89 175 251 367 18 164 296
90 175 251 367 22 161 296
91 176 252 367 24 168 301
92 176 253 370 22 164 298
93 179 254 370 21 165 296
94 179 252 370 19 167 301
95 177 252 371 21 164 299
96 179 254 370 21 165 297
97 180 253 369 21 165 299
98 179 253 372 23 163 299
99 177 255 374 19 165 296
100 175 255 370 18 164 298
101 178 253 368 19 164 300
102 177 255 372 19 163 295
103 178 253 368 20 165 297
104 178 252 369 21 168 300
105 177 250 370 18 162 295
106 177 253 370 21 166 300
107 175 249 367 17 162 297
108 177 250 365 22 162 298
109 175 252 369 18 162 294
110 178 251 368 19 165 296
111 176 251 370 23 167 296
112 178 254 370 21 162 297
113 176 251 368 19 161 294
114 176 252 370 20 164 298
115 176 255 367 19 162 297
116 177 252 370 23 164 300
117 176 251 366 19 164 301
118 175 253 367 21 163 297
119 176 252 369 22 164 298
120 178 253 368 19 162 299
121 177 252 367 19 164 296
122 178 251 366 22 163 299
123 179 251 369 19 164 297
124 174 252 369 21 167 297
125 178 252 371 18 165 300
126 178 255 370 17 163 296
127 171 248 363 16 162 295
128 175 250 370 19 162 295
129 176 250 371 19 164 296
130 173 251 368 20 169 296
131 177 253 368 19 162 295
132 172 252 369 20 163 297
133 176 250 369 22 163 297
134 176 250 369 21 162 296
135 176 255 369 19 166 296
136 178 253 367 22 167 300
137 177 253 370 20 164 300
138 176 251 365 20 164 298
139 177 253 368 22 165 297
140 176 255 368 19 165 302
141 177 253 371 24 163 297
142 175 254 368 20 159 297
143 172 250 366 17 160 295
144 175 252 368 18 166 296
145 177 252 368 18 163 298
146 175 253 368 19 163 298
147 178 252 367 20 164 297
148 176 251 367 19 162 296
149 174 250 366 20 164 300
150 178 248 367 18 164 295
151 175 251 367 14 163 296
152 173 249 367 18 165 296
153 178 251 371 22 165 296
154 176 250 368 20 159 294
155 176 249 367 19 161 295
156 174 253 365 21 164 296
157 176 250 366 22 165 295
158 174 252 369 18 164 297
159 173 251 367 18 162 296
160 174 251 366 20 162 298
161 175 253 368 18 162 296
162 176 250 367 21 165 299
163 174 251 372 23 166 296
164 177 254 369 18 162 297
165 176 250 366 18 164 297
166 176 249 368 18 163 298
167 177 256 367 23 165 299
168 180 253 370 19 165 299
169 176 256 374 20 164 300
170 175 253 371 19 161 294
171 179 251 369 17 163 296
172 177 250 366 17 162 297
173 175 249 364 16 159 295
174 171 249 365 20 164 298
175 173 251 366 17 164 296
176 177 248 366 18 165 294
177 173 250 365 20 160 296
178 174 252 367 20 164 295
179 176 249 369 19 162 297
180 178 251 369 22 162 296
181 176 251 370 20 160 294
182 173 250 367 18 163 295
183 176 252 366 20 162 294
184 173 252 367 19 162 295
185 176 255 368 20 164 296
186 174 254 370 22 162 299
187 182 253 372 21 165 299
188 177 253 369 22 165 301
189 178 254 369 20 165 298
190 178 249 368 19 165 299
191 177 254 371 17 162 297
192 176 251 368 19 161 299
193 181 255 369 20 164 298
194 177 255 371 18 161 296
195 173 250 368 20 164 297
196 176 250 368 20 163 296
197 174 250 368 20 167 294
198 178 248 367 22 164 298
199 178 252 375 22 164 296
200 174 251 368 20 165 298
201 175 254 369 21 162 297
202 179 252 372 22 165 297
203 177 250 370 19 163 296
204 173 253 366 22 167 300
205 177 255 372 21 167 302
206 178 255 371 19 162 300
207 177 251 366 20 165 298
208 175 252 369 18 164 298
209 177 254 370 22 167 300
210 178 253 368 22 168 299
211 179 254 369 21 163 298
212 178 254 370 20 167 300
213 176 253 371 18 165 299
214 179 251 368 19 167 298
215 180 254 371 21 162 299
216 175 255 368 22 163 295
217 178 251 370 21 167 300
218 176 252 369 19 161 296
219 176 251 369 21 163 297
220 175 252 373 20 162 298
221 173 251 368 19 165 297
222 176 250 368 20 163 299
223 175 252 370 21 163 297
224 173 251 369 22 166 296
225 176 254 370 21 163 296
226 178 252 368 20 165 298
227 178 252 366 19 164 297
228 179 255 371 17 163 297
229 178 252 366 20 166 298
230 175 250 370 18 165 295
231 180 254 367 21 164 298
232 175 253 369 21 164 298
233 178 254 370 23 167 300
234 180 253 369 20 166 297
235 178 254 367 18 162 299
236 176 248 365 18 163 296
237 176 253 367 20 160 293
238 176 251 365 16 164 297
239 177 251 369 21 162 297
240 177 248 371 18 160 297
241 173 253 365 20 165 297
242 176 254 370 18 165 295
243 175 251 368 20 164 296
244 177 251 365 19 162 296
245 178 253 368 20 163 297
246 178 252 369 21 164 299
247 179 255 369 19 164 297
248 178 253 372 22 163 297
249 174 252 366 19 165 297
250 176 250 369 22 164 300
251 179 256 369 18 166 297
252 178 250 367 18 163 296
253 179 250 369 18 162 298
254 178 250 365 16 165 297
255 176 253 367 22 163 299
256 177 251 370 17 163 294
257 173 248 366 18 161 294
258 172 253 370 20 165 297
259 176 252 370 18 162 296
260 178 252 371 20 162 297
261 176 253 368 20 166 300
262 176 250 368 19 161 295
263 174 250 368 20 163 298
264 174 250 368 19 166 295
265 174 251 368 22 165 294
266 174 252 370 21 163 298
267 176 251 366 16 162 296
268 179 251 372 21 163 296
269 176 253 366 22 166 301
270 180 251 368 22 165 294
271 176 256 370 21 165 298
272 177 254 367 15 161 297
273 178 250 368 19 161 294
274 175 249 370 19 162 297
275 176 250 367 17 159 293
276 176 253 368 19 162 295
277 177 251 367 17 162 296
278 178 251 369 17 161 296
279 174 248 366 18 162 293
280 171 248 367 18 161 294
281 172 250 368 16 162 295
282 175 249 366 17 158 292
283 172 249 364 15 160 293
284 174 250 366 17 160 296
285 173 252 367 15 160 291
286 174 248 366 22 163 296
287 177 252 369 19 162 295
288 174 249 368 19 161 298
289 175 249 366 19 165 294
290 175 249 366 18 162 295
291 175 251 369 16 163 295
292 175 249 367 16 162 296
293 177 250 367 15 161 295
294 173 249 367 15 161 295
295 176 249 366 18 158 298
296 177 251 365 21 164 294
297 174 251 366 16 163 295
298 177 250 367 15 162 295
299 174 250 364 19 163 297
300 175 250 368 18 165 299
301 178 248 366 18 161 296
302 176 252 368 16 161 299
303 175 255 369 18 164 292
304 175 252 368 15 162 295
305 176 250 370 19 161 293
306 174 252 367 20 162 296
307 175 253 369 19 161 296
308 173 253 368 20 162 298
309 175 251 369 21 162 296
310 179 251 368 19 165 297
311 177 251 369 20 164 296
312 172 254 368 19 163 294
313 174 248 369 19 163 297
314 178 253 365 20 165 295
315 177 252 368 22 165 299
316 179 254 367 23 164 297
317 178 251 370 17 165 298
318 178 248 367 19 166 299
319 175 252 369 21 164 296
320 173 256 367 17 164 297
321 175 247 367 17 162 294
322 172 247 366 18 162 295
323 175 250 367 18 163 296
324 174 252 367 18 162 296
325 173 252 369 19 162 294
326 175 250 363 23 161 298
327 179 254 368 20 165 295
328 176 253 370 18 162 296
329 176 250 367 18 164 298
330 175 253 367 20 160 295
331 173 250 365 20 160 295
332 173 249 368 20 162 294
333 174 251 371 22 162 299
334 177 250 368 15 163 299
335 176 249 367 18 163 298
336 177 253 370 19 161 299
337 177 253 368 16 165 298
338 174 250 368 16 162 296
339 177 251 369 18 164 298
340 177 249 367 18 164 298
341 175 248 366 19 166 296
342 174 251 367 18 166 297
343 177 253 365 18 162 302
344 175 250 366 18 166 299
345 178 250 366 21 165 297
346 176 252 368 19 163 298
347 176 251 370 20 161 296
348 175 251 367 17 162 297
349 175 251 366 19 162 295
350 174 253 368 21 165 298
351 172 252 369 21 162 293
352 176 255 369 19 164 298
353 176 250 368 18 162 299
354 176 251 367 17 159 292
355 173 249 367 16 165 295
356 173 248 367 19 162 293
357 172 249 369 18 166 299
358 176 255 369 20 163 294
359 174 252 369 15 162 296
360 174 250 369 19 163 297
361 175 254 369 19 165 299
362 178 253 369 17 163 299
363 179 254 368 19 164 298
364 176 251 369 17 163 295
365 176 248 367 16 160 291
366 174 252 367 18 164 297
367 179 248 366 17 158 294
368 176 252 366 19 163 295
369 175 248 366 19 157 296
370 171 249 367 18 161 297
371 177 251 369 22 164 296
372 177 256 370 19 162 297
373 177 253 368 21 164 295
374 177 251 371 17 162 296
375 179 251 369 19 163 296
376 173 252 369 21 162 296
377 174 251 367 21 164 298
378 174 250 369 16 163 294
379 174 250 365 18 163 296
380 173 252 370 21 163 296
381 177 253 370 17 163 295
382 176 251 369 21 165 298
383 177 254 370 16 161 298
384 175 253 368 19 165 302
385 176 253 370 18 166 300
386 177 255 372 18 163 299
387 178 254 369 19 165 296
388 176 251 368 19 165 300
389 177 251 368 17 163 298
390 177 253 368 18 165 297
391 178 252 370 19 163 296
392 174 253 368 19 163 295
393 176 253 366 21 162 297
394 176 252 368 22 159 296
395 174 251 369 22 165 294
396 176 252 370 21 164 296
397 174 253 366 18 163 295
398 179 254 373 20 165 298
399 178 251 371 21 161 299
400 180 256 366 21 165 298
401 181 254 372 21 165 297
402 174 257 368 19 165 296
403 179 253 370 24 162 302
404 177 254 370 18 162 298
405 178 254 369 17 162 297
406 178 250 368 18 163 300
407 176 250 370 20 164 299
408 177 254 368 17 163 297
409 178 253 368 17 166 299
410 175 250 368 19 161 296
411 177 254 368 18 164 297
412 179 251 370 20 168 297
413 178 252 366 22 164 297
414 177 252 366 21 165 296
415 177 254 369 20 164 295
416 175 252 369 21 163 296
417 175 254 370 20 164 296
418 175 252 374 21 164 296
419 178 253 370 23 165 300
420 179 252 371 19 162 297
421 177 253 369 20 164 300
422 179 250 371 18 162 297
423 179 251 371 19 165 298
424 180 255 370 21 166 300
425 177 251 373 22 163 297
426 178 255 368 20 165 295
427 177 252 368 21 164 298
428 178 251 372 17 164 297
429 176 255 367 21 164 298
430 178 253 368 19 163 296
431 180 252 368 17 159 295
432 177 251 368 23 162 296
433 175 253 368 19 162 298
434 175 250 369 19 163 295
435 177 252 367 20 164 297
436 175 255 370 16 161 296
437 174 252 369 21 161 293
438 176 251 369 20 166 300
439 177 253 371 23 164 299
440 179 251 370 20 168 298
441 181 252 372 20 166 299
442 179 251 370 23 163 299
443 174 252 372 22 168 302
444 178 254 368 25 167 297
445 177 256 369 20 164 300
446 179 256 366 22 167 300
447 180 255 371 22 165 298
448 178 252 369 20 163 302
449 176 252 367 22 165 301
450 181 253 369 21 165 299
451 180 256 371 20 165 299
452 177 253 370 21 165 295
453 179 255 372 21 165 296
454 179 252 369 18 164 300
455 177 254 368 19 164 301
456 177 252 371 23 164 298
457 178 254 370 19 164 299
458 176 254 369 20 163 293
459 173 252 369 19 165 295
460 176 252 370 19 165 297
461 176 250 369 20 166 298
462 177 250 368 21 166 295
463 178 254 368 20 166 299
464 182 254 370 21 165 301
465 176 253 370 22 165 295
466 177 254 370 21 165 300
467 178 255 373 23 165 299
468 179 256 370 22 163 296
469 181 254 373 21 163 298
470 173 251 369 21 165 297
471 177 252 369 22 162 297
472 176 251 367 20 164 298
473 178 254 368 17 161 297
474 178 250 368 19 160 296
475 174 249 367 20 162 295
476 178 250 367 19 162 295
477 176 251 370 18 163 298
478 174 253 368 19 163 296
479 176 254 371 19 163 297
480 175 250 366 17 160 295
481 177 253 366 17 164 293
482 177 252 367 23 162 296
483 177 253 370 20 165 298
484 179 251 367 20 161 296
485 176 253 369 20 163 296
486 178 255 369 19 163 296
487 178 253 367 17 163 296
488 175 250 368 21 162 297
489 176 255 365 18 161 298
490 177 255 368 20 166 298
491 177 254 370 18 162 294
492 178 251 368 19 165 298
493 175 254 368 17 164 297
494 175 252 366 18 162 299
495 175 251 368 17 159 295
496 175 250 365 18 164 294
497 174 251 369 18 162 295
498 176 253 368 19 165 297
499 173 251 368 18 163 296
500 171 252 368 20 163 292
501 174 252 365 20 164 297
502 177 255 368 18 163 295
503 174 251 365 19 166 295
504 174 251 369 19 163 298
505 177 255 370 21 164 296
506 176 251 373 18 162 296
507 177 255 369 18 163 293
508 175 252 366 20 160 295
509 176 252 366 19 162 298
510 174 250 368 19 160 294
511 176 254 369 19 162 297
512 176 251 367 19 162 294
513 174 251 368 21 164 297
514 178 250 368 17 162 298
515 175 252 368 20 164 298
516 176 251 369 18 162 297
517 178 249 367 18 166 294
518 176 249 366 18 163 292
519 174 251 367 16 162 294
520 175 249 365 16 161 293
521 174 250 367 18 162 294
522 174 249 366 14 160 293
523 174 251 370 18 162 294
524 176 251 366 19 165 296
525 176 252 366 18 162 294
526 176 250 367 20 164 293
527 173 253 370 21 157 294
528 174 249 369 19 162 299
529 178 250 370 18 166 296
530 172 252 366 23 165 299
531 172 252 366 17 163 296
532 174 253 365 21 164 298
533 177 254 366 20 165 297
534 177 251 370 17 165 297
535 175 254 368 19 163 296
536 176 253 367 19 163 297
537 176 254 369 18 166 294
538 176 251 370 15 162 295
539 173 249 366 17 161 292
540 174 247 366 17 159 294
541 172 249 364 18 158 291
542 175 251 365 15 162 293
543 173 249 364 17 159 291
544 172 251 364 17 159 292
545 176 250 369 19 162 298
546 174 250 366 18 163 295
547 175 251 368 16 161 295
548 178 254 369 17 164 296
549 178 253 368 21 164 297
550 173 256 372 22 162 297
551 176 250 370 16 164 295
552 175 253 367 18 164 295
553 177 255 369 19 165 295
554 176 253 367 17 162 295
555 177 251 369 18 166 298
556 177 254 372 19 164 299
557 178 254 371 17 162 298
558 175 252 367 16 160 295
559 173 250 366 20 158 295
560 175 253 367 17 162 297
561 174 249 367 15 161 295
562 173 249 368 18 161 297
563 174 248 365 17 162 293
564 175 250 368 20 160 290
565 176 255 366 19 163 295
566 175 253 369 18 162 294
567 177 253 370 15 161 292
568 173 250 367 18 161 295
569 175 253 365 17 163 297
570 176 254 368 19 166 297
571 178 252 367 22 167 301
572 176 254 369 17 164 295
573 180 253 369 20 163 297
574 178 252 367 18 165 297
575 179 255 368 22 164 298
576 177 251 369 21 162 298
577 178 256 372 19 164 299
578 176 251 367 19 166 298
579 179 251 369 20 165 296
580 177 257 369 18 161 297
581 173 250 369 16 160 295
582 171 249 365 17 158 293
583 175 252 365 15 161 296
584 176 250 365 19 162 293
585 175 252 368 19 163 294
586 178 251 367 19 162 295
587 176 252 364 16 162 294
588 175 253 369 19 162 297
589 173 251 366 20 164 295
590 174 251 370 20 161 293
591 176 253 365 18 160 294
592 177 254 367 20 164 296
593 174 252 370 20 162 298
594 174 249 365 21 163 296
595 176 252 371 21 163 294
596 176 249 367 19 164 298
597 175 252 369 16 164 297
598 172 254 368 20 165 298
599 175 252 370 19 162 296
600 176 247 367 19 162 299
601 174 250 368 18 160 294
602 175 250 367 17 163 301
603 175 252 368 17 165 296
604 178 254 368 19 164 296
605 179 254 370 19 165 298
606 176 253 367 18 165 299
607 175 255 370 22 164 300
608 178 252 368 18 164 295
609 175 253 370 20 164 295
610 172 253 367 20 162 295
611 175 251 367 19 164 295
612 175 254 367 20 164 295
613 177 254 369 21 161 295
614 178 250 368 21 162 298
615 177 254 368 18 163 296
616 175 253 367 18 161 294
617 173 252 367 19 166 298
618 177 252 370 21 163 292
619 174 249 367 21 166 299
620 176 254 370 21 166 297
621 175 254 371 19 164 296
622 180 251 370 16 164 300
623 176 251 367 19 160 298
624 177 250 368 17 165 298
625 178 255 367 17 162 296
626 173 251 366 18 161 292
627 174 248 364 18 160 294
628 173 252 366 18 162 292
629 178 254 367 17 162 293
630 175 251 369 16 162 294
631 173 250 367 19 162 296
632 176 251 368 19 162 291
633 174 253 369 21 163 293
634 176 255 370 21 166 295
635 175 254 370 22 163 299
636 178 253 370 20 165 294
637 173 252 370 19 162 297
638 178 252 368 18 164 296
639 175 252 368 21 163 299
640 176 248 369 19 167 299
641 177 252 369 19 167 297
642 176 251 368 18 168 300
643 176 250 369 18 169 298
644 174 249 369 21 164 297
645 177 253 367 19 162 299
646 177 250 369 19 160 295
647 176 252 366 19 163 295
648 180 255 367 20 162 297
649 177 255 370 18 163 298
650 175 250 366 18 163 296
651 175 251 366 17 163 293
652 174 255 371 17 163 297
653 172 252 368 18 163 294
654 177 255 371 19 165 297
655 176 252 369 22 163 294
656 176 252 369 23 164 294
657 178 255 373 16 161 298
658 175 249 368 17 161 296
659 172 250 369 16 162 291
660 174 251 367 17 158 294
661 176 251 366 18 164 296
662 178 250 368 18 162 294
663 175 252 370 19 164 297
664 175 253 373 19 161 294
665 178 250 367 20 163 297
666 178 249 368 20 160 295
667 177 249 367 18 164 300
668 178 252 369 18 165 297
669 176 252 367 18 164 298
670 174 252 368 20 164 295
671 176 252 367 18 164 295
672 180 253 368 18 163 297
673 176 253 369 20 162 297
674 177 252 369 18 162 294
675 174 250 368 18 163 295
676 174 250 367 20 162 296
677 178 254 370 19 162 295
678 175 251 366 20 161 291
679 172 251 368 18 162 292
680 176 255 369 17 162 296
681 177 251 367 18 161 298
682 175 251 366 20 160 295
683 176 250 370 16 164 298
684 176 253 367 22 162 297
685 175 252 369 19 166 296
686 175 254 369 16 166 296
687 175 254 366 17 164 296
688 176 252 370 19 163 297
689 176 252 370 19 162 296
690 175 255 372 20 164 298
691 175 252 369 21 163 298
692 179 251 368 17 165 299
693 179 253 372 21 163 296
694 178 258 371 20 166 300
695 178 252 367 20 162 299
696 178 253 370 18 163 294
697 175 254 367 21 165 299
698 178 252 368 20 162 300
699 175 252 369 22 161 298
700 173 253 369 16 163 295
701 177 249 367 19 162 300
702 176 254 370 20 165 296
703 176 251 370 22 163 297
704 178 251 368 18 163 298
705 177 256 369 17 162 298
706 175 252 370 23 164 297
707 174 253 369 19 163 297
708 177 254 367 21 165 302
709 176 254 369 19 161 298
710 177 251 370 17 163 299
711 177 253 369 18 166 300
712 176 254 372 20 165 295
713 179 252 368 20 167 300
714 176 254 372 21 165 297
715 173 252 370 18 162 296
716 174 250 367 18 163 294
717 176 248 366 15 162 296
718 175 251 364 16 161 295
719 175 250 367 19 162 298
720 174 252 368 19 162 295
721 176 252 367 20 164 296
722 179 252 369 23 167 299
723 176 253 370 18 161 296
724 177 251 368 21 165 298
725 175 251 369 18 165 295
726 179 251 370 18 159 296
727 173 249 371 20 162 298
728 178 251 365 20 165 295
729 178 253 374 18 164 299
730 179 253 371 15 164 300
731 177 253 367 21 167 297
732 179 259 371 19 163 295
733 176 252 369 18 165 295
734 177 251 368 15 165 297
735 178 252 369 19 164 299
736 178 254 369 17 163 298
737 177 255 369 23 163 296
738 178 253 368 21 164 297
739 177 256 369 19 163 298
740 179 253 367 18 162 292
741 177 253 368 19 162 297
742 174 250 369 21 162 298
743 177 256 368 23 164 295
744 174 253 365 19 163 297
745 175 253 368 18 162 296
746 176 251 367 17 164 296
747 173 249 369 19 160 297
748 174 250 369 20 161 296
749 174 254 369 17 160 295
750 174 251 368 19 161 293
751 174 250 367 16 161 295
752 175 251 369 16 162 296
753 176 253 369 17 163 296
754 177 251 367 22 168 299
755 181 254 372 19 165 296
756 175 254 369 23 163 301
757 180 253 368 18 163 299
758 177 254 368 16 160 294
759 174 248 366 15 160 295
760 177 251 369 22 160 295
761 175 253 370 21 163 296
762 175 253 372 21 164 297
763 174 254 369 21 162 295
764 177 251 368 20 162 296
765 174 252 367 19 161 296
766 175 251 368 19 165 297
767 176 252 367 18 163 294
768 177 249 370 19 163 297
769 177 251 369 19 165 293
770 176 251 368 20 165 295
771 177 253 369 19 163 299
772 177 254 370 16 163 296
773 177 255 369 19 162 295
774 175 250 367 20 161 296
775 178 251 370 18 163 300
776 178 251 368 19 163 295
777 175 250 368 17 160 298
778 175 251 366 19 164 299
779 176 254 369 18 164 297
780 180 252 368 21 167 300
781 174 254 368 17 164 297
782 172 251 368 18 161 295
783 171 249 366 18 160 297
784 173 250 368 19 162 292
785 174 254 368 19 164 293
786 179 257 370 18 163 294
787 177 250 368 19 166 298
788 175 254 371 19 161 299
789 178 254 366 15 161 294
790 175 248 366 19 164 296
791 174 254 370 18 163 297
792 176 251 366 19 163 296
793 179 254 369 21 166 300
794 178 254 369 19 165 298
795 180 254 369 23 167 300
796 180 253 367 16 163 298
797 177 254 369 19 166 298
798 174 255 371 18 166 299
799 178 252 370 20 166 300
800 177 253 368 19 162 297
801 173 252 366 19 166 295
802 176 254 368 14 159 294
803 175 249 370 17 162 293
804 174 251 367 19 166 297
805 178 254 372 22 164 297
806 179 254 369 21 163 300
807 178 253 368 18 164 296
808 177 253 369 17 161 297
809 175 253 369 21 163 298
810 173 250 370 18 164 296
811 175 252 368 19 167 293
812 177 254 369 21 165 298
813 177 257 371 20 165 297
814 178 253 368 17 161 297
815 178 250 367 16 162 294
816 173 251 369 17 162 298
817 177 251 368 16 163 297
818 176 254 365 19 165 298
819 180 254 371 19 165 298
820 178 253 368 19 164 295
821 177 253 365 22 161 296
822 175 253 370 16 160 297
823 176 250 368 16 160 295
824 174 248 365 15 162 295
825 173 249 367 19 166 296
826 173 249 365 16 159 293
827 172 248 365 18 160 293
828 175 250 366 16 159 293
829 172 247 364 19 159 297
830 176 251 370 21 162 299
831 176 252 367 17 163 298
832 178 249 364 17 162 295
833 172 252 366 16 163 294
834 175 250 365 15 163 296
835 171 250 368 16 160 293
836 173 248 365 16 157 292
837 173 248 364 18 158 296
838 171 249 365 16 158 292
839 171 249 363 16 161 293
840 176 252 365 19 163 299
841 177 250 364 15 164 296
842 177 250 368 16 161 295
843 174 249 367 18 163 295
844 175 250 366 15 159 297
845 177 249 366 13 158 295
846 173 251 365 15 163 294
847 174 246 364 14 159 294
848 168 247 364 14 160 296
849 173 250 367 17 163 292
850 173 248 366 18 161 290
851 172 247 364 19 163 295
852 174 251 366 20 162 294
853 174 251 367 16 163 296
854 176 251 369 19 160 292
855 173 251 367 18 163 297
856 170 250 368 17 160 297
857 175 249 367 18 163 293
858 179 254 368 18 161 297
859 176 253 370 17 166 296
860 178 252 370 20 165 301
861 177 254 373 17 164 296
862 180 253 368 18 166 298
863 178 251 370 17 163 299
864 179 254 370 18 164 295
865 174 252 368 15 162 294
866 175 253 368 17 162 294
867 174 252 368 21 166 295
868 175 251 368 18 164 295
869 178 253 366 20 164 294
870 176 250 370 17 161 295
871 176 250 366 18 161 296
872 178 250 366 21 162 295
873 175 253 372 17 163 297
874 179 253 368 21 164 299
875 178 252 370 19 163 300
876 177 254 371 21 163 296
877 175 251 371 18 165 298
878 177 255 370 19 165 296
879 175 251 367 18 162 294
880 177 251 367 18 162 297
881 175 252 366 18 163 296
882 176 248 367 18 162 295
883 177 253 369 16 160 292
884 177 252 367 17 160 298
885 175 250 367 17 162 298
886 174 250 368 18 162 295
887 177 252 364 18 164 295
888 175 251 371 20 163 299
889 173 252 367 20 165 297
890 176 251 367 16 164 294
891 180 252 372 22 163 296
892 171 251 369 17 163 295
893 174 255 371 19 163 297
894 177 253 370 20 164 297
895 174 254 368 18 162 298
896 176 251 370 20 162 297
897 176 253 369 17 162 297
898 174 252 366 18 164 295
899 176 254 366 18 162 299
900 178 252 368 19 163 294
901 177 251 367 18 163 295
902 178 255 368 19 162 300
903 176 253 371 19 163 295
904 174 250 371 20 158 295
905 176 254 366 14 160 293
906 175 251 366 18 164 295
907 176 253 369 18 164 300
908 178 255 369 22 167 297
909 176 254 369 18 162 298
910 178 249 368 17 161 295
911 173 248 370 16 162 293
912 175 251 366 19 160 297
913 176 252 367 20 161 293
914 175 253 366 20 162 295
915 174 250 368 20 161 295
916 172 253 369 19 165 300
917 173 254 367 22 163 297
918 176 251 368 20 163 296
919 178 253 371 22 163 298
920 179 252 371 19 165 300
921 178 252 371 20 166 298
922 174 253 369 18 163 297
923 174 250 369 20 165 297
924 174 252 368 17 164 297
925 179 253 368 17 164 300
926 174 251 367 17 163 297
927 177 253 366 21 166 295
928 176 253 369 18 162 298
929 180 251 370 17 164 298
930 177 255 369 20 167 298
931 181 254 369 20 165 299
932 174 254 371 21 163 297
933 176 254 368 19 165 296
934 176 251 368 17 162 295
935 176 253 368 17 163 294
936 175 251 367 17 163 295
937 174 251 369 19 162 297
938 177 251 368 21 161 298
939 178 253 367 19 165 295
940 174 254 368 21 163 299
941 173 250 369 18 165 298
942 178 254 369 20 167 295
943 176 253 369 15 163 294
944 178 254 369 16 161 296
945 178 248 364 21 163 296
946 177 251 369 16 163 297
947 174 250 370 15 162 296
948 174 250 366 16 163 297
949 176 252 367 17 163 297
950 178 251 371 18 165 300
951 176 251 367 17 161 295
952 176 255 370 14 160 297
953 174 252 367 19 162 296
954 178 249 366 16 163 297
955 174 255 370 18 163 296
956 175 252 371 18 164 295
957 175 252 368 20 165 297
958 178 254 369 17 163 295
959 173 250 365 21 161 295
960 176 251 369 22 167 297
961 181 253 372 19 166 298
962 176 253 372 18 164 295
963 176 254 369 22 162 298
964 176 254 367 22 161 296
965 175 250 368 21 160 299
966 177 253 371 18 161 297
967 177 255 370 17 166 299
968 177 252 367 19 163 295
969 176 253 369 21 164 297
970 177 253 371 16 161 295
971 175 249 369 17 163 296
972 176 251 365 16 162 298
973 176 250 367 17 160 296
974 176 249 365 15 163 293
975 176 253 365 17 160 298
976 176 250 368 18 161 296
977 176 251 367 17 162 297
978 174 250 366 18 162 293
979 174 250 368 18 164 295
980 176 250 368 21 161 296
981 177 253 367 21 161 296
982 175 251 371 19 162 297
983 178 253 371 20 162 295
984 177 253 372 19 165 299
985 176 254 371 20 163 297
986 175 250 371 21 162 297
987 178 252 370 20 165 296
988 175 254 369 18 163 295
989 177 253 366 18 164 294
990 176 250 370 20 165 298
991 175 255 370 19 164 296
992 180 255 368 17 163 294
993 177 252 370 18 165 299
994 178 254 368 14 161 297
995 175 251 370 17 161 294
996 175 253 369 17 163 298
997 173 247 368 16 163 296
998 178 251 366 20 165 294
999 174 253 371 19 161 294
